游民||1|1||||||||2|2|2|2|2|2|2|2|2|2|2|2|2|2|2|2|2|2|2|2|2|2|2|||||
见习剑士||11|1|0|0||||||4|3|3|0|3|3|3|4|4|3|4|3|0|4|3|4|4|4|4|4|4|4|4|||||
剑士||12|1|5000|10000||||||6|3|3|0|3|3|3|6|6|3|6|3|0|6|3|6|6|6|6|6|6|6|6|||||
王宫剑士||13|1|10000|50000||||||8|3|3|0|3|3|3|8|8|3|8|3|0|8|3|8|8|8|8|8|8|8|8|||||
剑术师范||14|1|20000|100000||||||10|3|3|0|3|3|3|10|10|3|10|3|0|10|3|10|10|10|10|10|10|10|10|||||
剑术大师||15|1|40000|160000||||||11|4|4|0|4|4|4|11|11|4|11|4|0|11|4|10|10|10|10|10|10|10|10|||||
武士||16|1|1000000|10000000||||||11|3|3|0|3|3|3|11|11|3|11|3|0|11|3|10|10|10|10|10|10|10|10|||||
剑圣||17|1|1000000|10000000||||||11|3|3|0|3|3|3|11|11|3|11|3|0|11|3|10|10|10|10|10|10|10|10|||||
见习战斧斗士||21|1|0|0||||||3|4|3|0|3|3|3|4|4|3|4|3|0|4|3|4|4|4|4|4|4|4|4|||||
战斧斗士||22|1|5000|10000||||||3|6|3|0|3|3|3|6|6|3|6|3|0|6|3|6|6|6|6|6|6|6|6|||||
王宫战斧斗士||23|1|10000|50000||||||3|8|3|0|3|3|3|8|8|3|8|3|0|8|3|8|8|8|8|8|8|8|8|||||
战斧师范||24|1|20000|100000||||||3|10|3|0|3|3|3|10|10|3|10|3|0|10|3|10|10|10|10|10|10|10|10|||||
战斧大师||25|1|40000|160000||||||4|11|4|0|4|4|4|11|11|4|11|4|0|11|4|10|10|10|10|10|10|10|10|||||
狂战士||26|1|1000000|10000000||||||3|11|3|0|3|3|3|11|11|3|11|3|0|11|3|10|10|10|10|10|10|10|10|||||
破坏王||27|1|1000000|10000000||||||3|11|3|0|3|3|3|11|11|3|11|3|0|11|3|10|10|10|10|10|10|10|10|||||
见习骑士||31|1|0|0||||||3|3|4|0|3|3|3|4|4|3|4|3|0|4|3|4|4|4|4|4|4|4|4|||||
骑士||32|1|5000|10000||||||3|3|6|0|3|3|3|6|6|3|6|3|0|6|3|6|6|6|6|6|6|6|6|||||
王宫骑士||33|1|10000|50000||||||3|3|8|0|3|3|3|8|8|3|8|3|0|8|3|8|8|8|8|8|8|8|8|||||
近卫骑士||34|1|20000|100000||||||3|3|10|0|3|3|3|10|10|3|10|3|0|10|3|10|10|10|10|10|10|10|10|||||
铁血骑士||35|1|40000|160000||||||4|4|11|0|4|4|4|11|11|4|11|4|0|11|4|10|10|10|10|10|10|10|10|||||
黑骑士||36|1|20000|10000000||||||5|5|11|0|5|5|5|11|11|5|11|5|0|11|5|10|10|10|10|10|10|10|10|||||
圣骑士||37|1|20000|10000000||||||5|5|11|0|5|5|5|11|11|5|11|5|0|11|5|10|10|10|10|10|10|10|10|||||
见习弓箭手||41|1|0|0||||||3|3|3|0|4|3|3|3|3|4|3|4|0|3|4|4|4|4|4|4|4|4|4|||||
弓箭手||42|1|5000|10000||||||3|3|3|0|6|4|4|3|3|6|3|6|0|3|6|6|6|6|6|6|6|6|6|||||
王宫弓箭手||43|1|10000|50000||||||4|4|4|0|8|5|5|4|4|8|4|8|0|4|8|8|8|8|8|8|8|8|8|||||
弓术师范||44|1|20000|100000||||||4|4|4|0|10|6|6|4|4|10|4|10|0|4|10|10|10|10|10|10|10|10|10|||||
游侠||45|1|40000|160000||||||4|4|4|0|11|7|7|4|4|11|4|11|0|4|11|10|10|10|10|10|10|10|10|||||
神射手||46|1|20000|10000000||||||5|5|5|0|11|7|7|5|5|11|5|11|0|5|11|10|10|10|10|10|10|10|10|||||
森林守护者||47|1|20000|10000000||||||5|5|5|0|11|7|7|5|5|11|5|11|0|5|11|10|10|10|10|10|10|10|10|||||
见习士兵||51|1|0|0||||||3|3|3|0|3|3|3|3|3|3|3|3|0|3|3|4|4|4|4|4|4|4|4|||||
士兵||52|1|5000|10000||||||4|4|4|0|4|4|4|4|4|4|4|4|0|4|4|6|6|6|6|6|6|6|6|||||
王宫士兵||53|1|10000|50000||||||5|5|5|0|5|5|5|5|5|5|5|5|0|5|5|8|8|8|8|8|8|8|8|||||
士兵长||54|1|20000|100000||||||6|6|6|0|6|6|6|6|6|6|6|6|0|6|6|10|10|10|10|10|10|10|10|||||
重战士||55|1|40000|160000||||||7|7|7|0|7|7|7|7|7|7|7|7|0|7|7|10|10|10|10|10|10|10|10|||||
装甲兵||56|1|20000|10000000||||||7|7|7|0|7|7|7|7|7|7|7|7|0|7|7|10|10|10|10|10|10|10|10|||||
蹂躏兵||57|1|20000|10000000||||||7|7|7|0|7|7|7|7|7|7|7|7|0|7|7|10|10|10|10|10|10|10|10|||||
见习传教士||61|1|0|0||||||0|0|0|4|0|0|3|0|0|4|0|3|4|0|4|4|4|4|4|4|4|4|4|||||
传教士||62|1|5000|10000|61|62|63|68||0|0|0|6|0|0|3|0|0|6|0|3|6|0|6|6|6|6|6|6|6|6|6|4|4|4|4|
牧师||63|1|10000|50000|61|62|63|68||0|0|0|8|0|0|4|0|0|8|0|4|8|0|8|8|8|8|8|8|8|8|8|6|6|6|6|
主教||64|1|20000|100000|61|62|63|68||0|0|0|10|0|0|4|0|0|10|0|4|10|0|10|10|10|10|10|10|10|10|10|8|8|8|8|
大主教||65|1|40000|160000|61|62|63|68||0|0|0|11|0|0|5|0|0|11|0|5|11|0|11|10|10|10|10|10|10|10|10|10|10|10|10|
李贝留斯的仆人||66|1|20000|10000000|61|62|63|68||0|0|0|11|0|0|5|0|0|11|0|5|11|0|11|10|10|10|10|10|10|10|10|10|10|10|10|
阿尔杰斯的使徒||67|1|20000|10000000|61|62|63|68||0|0|0|11|0|0|5|0|0|11|0|5|11|0|11|10|10|10|10|10|10|10|10|10|10|10|10|
见习魔术师||71|1|0|0||||||0|0|0|4|0|3|0|0|0|4|0|3|4|0|4|4|4|4|4|4|4|4|4|||||
魔术师||72|1|5000|10000||||||0|0|0|6|0|3|0|0|0|6|0|3|6|0|6|6|6|6|6|6|6|6|6|4|4|4|4|
王宫魔法师||73|1|10000|50000||||||0|0|0|8|0|4|0|0|0|8|0|4|8|0|8|8|8|8|8|8|8|8|8|6|6|6|6|
魔导士||74|1|20000|100000||||||0|0|0|10|0|4|0|0|0|10|0|4|10|0|10|10|10|10|10|10|10|10|10|8|8|8|8|
大魔导师||75|1|40000|160000||||||0|0|0|11|0|5|0|0|0|11|0|5|11|0|11|10|10|10|10|10|10|10|10|10|10|10|10|
狂魔导师||76|1|20000|10000000||||||0|0|0|11|0|5|0|0|0|11|0|5|11|0|11|10|10|10|10|10|10|10|10|10|10|10|10|
法王||77|1|20000|10000000||||||0|0|0|11|0|5|0|0|0|11|0|5|11|0|11|10|10|10|10|10|10|10|10|10|10|10|10|
见习咒术师||81|1|0|0||||||0|0|0|4|0|3|0|0|0|4|0|3|4|0|4|4|4|4|4|4|4|4|4|||||
咒术师||82|1|5000|10000||||||0|0|0|6|0|3|0|0|0|6|0|3|6|0|6|6|6|6|6|6|6|6|6|||||
王宫咒术师||83|1|10000|50000||||||0|0|0|8|0|4|0|0|0|8|0|4|8|0|8|8|8|8|8|8|8|8|8|||||
降头师||84|1|20000|100000||||||0|0|0|10|0|4|0|0|0|10|0|4|10|0|10|10|10|10|10|10|10|10|10|||||
咒术大师||85|1|40000|160000||||||0|0|0|11|0|5|0|0|0|11|0|5|11|0|11|10|10|10|10|10|10|10|10|||||
右月咒缚者||86|1|20000|10000000||||||0|0|0|11|0|5|0|0|0|11|0|5|11|0|11|10|10|10|10|10|10|10|10|||||
左月咒缚者||87|1|20000|10000000||||||0|0|0|11|0|5|0|0|0|11|0|5|11|0|11|10|10|10|10|10|10|10|10|||||
见习封印师||91|1|0|0||||||3|3|3|3|3|3|3|3|0|4|0|4|0|0|4|4|4|4|4|4|4|4|4|||||
封印师||92|1|5000|10000|69|||||3|3|3|4|3|3|3|3|0|6|0|6|0|0|6|6|6|6|6|6|6|6|6|4||||
王宫封印师||93|1|10000|50000|69|||||3|3|3|5|4|4|4|4|0|8|0|8|0|0|8|8|8|8|8|8|8|8|8|6||||
封印术师范||94|1|20000|100000|69|||||4|4|4|6|4|4|4|4|0|10|0|10|0|0|10|10|10|10|10|10|10|10|10|8||||
封印大师||95|1|40000|160000|69|||||5|5|5|7|5|5|5|5|0|11|0|11|0|0|11|10|10|10|10|10|10|10|10|10||||
黑暗召唤师||96|1|20000|10000000|69|||||5|5|5|7|5|5|5|5|0|11|0|11|0|0|11|10|10|10|10|10|10|10|10|10||||
恶魔召唤师||97|1|20000|10000000|69|||||5|5|5|7|5|5|5|5|0|11|0|11|0|0|11|10|10|10|10|10|10|10|10|10||||
见习饲养师||101|1|0|0||||||3|3|3|3|3|3|4|3|0|4|0|4|0|0|4|4|4|4|4|4|4|4|4|||||
饲养师||102|1|5000|10000|70|||||3|3|3|3|3|3|6|3|0|6|0|6|0|0|6|6|6|6|6|6|6|6|6|4||||
王宫饲养师||103|1|10000|50000|70|||||4|4|4|4|4|4|8|4|0|8|0|8|0|0|8|8|8|8|8|8|8|8|8|6||||
高级饲养师||104|1|20000|100000|70|||||4|4|4|4|4|4|10|4|0|10|0|10|0|0|10|10|10|10|10|10|10|10|10|8||||
饲养大师||105|1|40000|160000|70|||||5|5|5|5|5|5|11|5|0|11|0|11|0|0|11|10|10|10|10|10|10|10|10|10||||
顶尖饲养师||106|1|20000|10000000|70|||||5|5|5|5|5|5|11|5|0|11|0|11|0|0|11|10|10|10|10|10|10|10|10|10||||
星之饲养师||107|1|20000|10000000|70|||||5|5|5|5|5|5|11|5|0|11|0|11|0|0|11|10|10|10|10|10|10|10|10|10||||
见习驯兽师||111|1|0|0||||||3|3|3|3|3|4|3|3|0|4|0|4|0|0|4|4|4|4|4|4|4|4|4|||||
驯兽师||112|1|5000|10000|71|||||3|3|3|3|3|6|3|3|0|6|0|6|0|0|6|6|6|6|6|6|6|6|6|4||||
王宫驯兽师||113|1|10000|50000|71|||||4|4|4|4|4|8|4|4|0|8|0|8|0|0|8|8|8|8|8|8|8|8|8|6||||
驯兽师范||114|1|20000|100000|71|||||4|4|4|4|4|10|4|4|0|10|0|10|0|0|10|10|10|10|10|10|10|10|10|8||||
驯兽大师||115|1|40000|160000|71|||||5|5|5|5|5|11|5|5|0|11|0|11|0|0|11|10|10|10|10|10|10|10|10|10||||
伟大驯兽师||116|1|20000|10000000|71|||||5|5|5|5|5|11|5|5|0|11|0|11|0|0|11|10|10|10|10|10|10|10|10|10||||
黑暗驯兽师||117|1|20000|10000000|71|||||5|5|5|5|5|11|5|5|0|11|0|11|0|0|11|10|10|10|10|10|10|10|10|10||||
见习盗贼||121|1|0|0||||||3|3|3|3|3|4|3|3|0|4|0|4|0|0|4|4|4|4|4|4|4|4|4|||||
盗贼||122|1|5000|10000|72|||||3|3|3|3|3|6|4|3|0|6|0|6|0|0|6|6|6|6|6|6|6|6|6|4||||
小偷||123|1|10000|50000|72|||||4|4|4|4|4|8|5|4|0|8|0|8|0|0|8|8|8|8|8|8|8|8|8|6||||
诈欺师||124|1|20000|100000|72|||||4|4|4|4|4|10|6|4|0|10|0|10|0|0|10|10|10|10|10|10|10|10|10|8||||
神偷||125|1|40000|160000|72|||||5|5|5|5|5|11|7|5|0|11|0|11|0|0|11|10|10|10|10|10|10|10|10|10||||
怪盗||126|1|20000|10000000|72|||||5|5|5|5|5|11|7|6|0|11|0|11|0|0|11|10|10|10|10|10|10|10|10|10||||
盗贼王||127|1|20000|10000000|72|||||5|5|5|5|5|11|7|6|0|11|0|11|0|0|11|10|10|10|10|10|10|10|10|10||||
见习巫师||131|1|0|0||||||0|0|0|4|0|0|3|0|0|4|0|3|4|0|4|4|4|4|4|4|4|4|4|||||
巫师||132|1|5000|10000|64|67|65|66||0|0|0|6|0|0|3|0|0|6|0|3|6|0|6|6|6|6|6|6|6|6|6|4|4|4|4|
王宫巫师||133|1|10000|50000|64|67|65|66||0|0|0|8|0|0|4|0|0|8|0|4|8|0|8|8|8|8|8|8|8|8|8|6|6|6|6|
巫术大师||134|1|20000|100000|64|67|65|66||0|0|0|10|0|0|4|0|0|10|0|4|10|0|10|10|10|10|10|10|10|10|10|8|8|8|8|
巫王||135|1|40000|160000|64|67|65|66||0|0|0|11|0|0|5|0|0|11|0|5|11|0|11|10|10|10|10|10|10|10|10|10|10|10|10|
阿斯提亚神官||136|1|20000|10000000|64|67|65|66||0|0|0|11|0|0|5|0|0|11|0|5|11|0|11|10|10|10|10|10|10|10|10|10|10|10|10|
哈贝鲁先知||137|1|20000|10000000|64|67|65|66||0|0|0|11|0|0|5|0|0|11|0|5|11|0|11|10|10|10|10|10|10|10|10|10|10|10|10|
见习格斗士||141|1|0|0||||||0|0|0|0|0|0|0|0|0|4|0|4|0|0|4|4|4|4|4|4|4|4|4|||||
格斗士||142|1|5000|10000|94|||||0|0|0|0|0|0|0|0|0|6|0|6|0|0|6|6|6|6|6|6|6|6|6|4||||
格斗专家||143|1|10000|50000|94|||||0|0|0|0|0|0|0|0|0|8|0|8|0|0|8|8|8|8|8|8|8|8|8|6||||
格斗家师范||144|1|20000|100000|94|||||0|0|0|0|0|0|0|0|0|10|0|10|0|0|10|10|10|10|10|10|10|10|10|8||||
格斗王||145|1|40000|160000|94|||||0|0|0|0|0|0|0|0|0|11|0|11|0|0|11|10|10|10|10|10|10|10|10|10||||
铁拳王||146|1|20000|10000000|94|||||0|0|0|0|0|0|0|0|0|11|0|11|0|0|11|10|10|10|10|10|10|10|10|10||||
拳圣||147|1|20000|10000000|94|||||0|0|0|0|0|0|0|0|0|11|0|11|0|0|11|10|10|10|10|10|10|10|10|10||||
初级忍者||151|1|0|0||||||2|2|2|0|2|4|4|0|0|0|0|0|0|0|0|4|4|4|4|4|4|4|4|||||
中级忍者||152|1|5000|10000|96|||||4|4|4|0|4|6|6|0|0|0|0|0|0|0|0|6|6|6|6|6|6|6|6|4||||
上级忍者||153|1|10000|50000|96|||||6|6|6|0|6|8|8|0|0|0|0|0|0|0|0|8|8|8|8|8|8|8|8|6||||
影||154|1|20000|100000|96|||||8|8|8|0|8|10|10|0|0|0|0|0|0|0|0|10|10|10|10|10|10|10|10|8||||
阴||155|1|40000|160000|96|||||10|10|10|0|10|11|11|0|1|1|0|1|0|1|1|10|10|10|10|10|10|10|10|10||||
闇||156|1|20000|10000000|96|||||10|10|10|0|10|11|11|0|1|1|0|1|0|1|1|10|10|10|10|10|10|10|10|10||||
隐||157|1|20000|10000000|96|||||10|10|10|0|10|11|11|0|1|1|0|1|0|1|1|10|10|10|10|10|10|10|10|10||||
见习舞者||161|1|0|0||||||3|3|3|3|3|3|4|3|0|4|0|4|0|0|4|4|4|4|4|4|4|4|4|||||
串场艺人||162|1|5000|10000|98|||||3|3|3|3|3|4|6|3|0|6|0|6|0|0|6|6|6|6|6|6|6|6|6|4||||
舞者||163|1|10000|50000|98|||||4|4|4|4|4|5|8|4|0|8|0|8|0|0|8|8|8|8|8|8|8|8|8|6||||
超级巨星||164|1|20000|100000|98|||||4|4|4|4|4|6|10|4|0|10|0|10|0|0|10|10|10|10|10|10|10|10|10|8||||
国际巨星||165|1|40000|160000|98|||||5|5|5|5|5|7|11|5|0|11|0|11|0|0|11|10|10|10|10|10|10|10|10|10||||
星之舞者||166|1|20000|10000000|98|||||5|5|5|5|5|7|11|5|0|11|0|11|0|0|11|10|10|10|10|10|10|10|10|10||||
月之舞者||167|1|20000|10000000|98|||||5|5|5|5|5|7|11|5|0|11|0|11|0|0|11|10|10|10|10|10|10|10|10|10||||
铸剑学徒||201|2|0|0||||||4|2|2|2|2|2|2|2|2|2|2|2|2|2|2|4|4|4|4|4|4|4|4|||||
铸剑工||202|2|5000|4000|200|||||6|2|2|2|2|2|2|2|2|2|2|2|2|2|2|6|6|6|6|6|6|6|6|4||||
资深铸剑师傅||203|2|10000|14000|200|||||8|3|3|3|3|3|3|3|3|3|3|3|3|3|3|8|8|8|8|8|8|8|8|6||||
御用铸剑师||204|2|20000|29000|200|||||10|3|3|3|3|3|3|3|3|3|3|3|3|3|3|10|10|10|10|10|10|10|10|8||||
铸剑名师||205|2|40000|47000|200|||||11|4|4|4|4|4|4|4|4|4|4|4|4|4|4|10|10|10|10|10|10|10|10|10||||
铸剑巨匠||206|2|20000|10000000|200|||||11|5|5|5|5|5|5|5|5|5|5|5|5|5|5|10|10|10|10|10|10|10|10|10||||
铸剑神匠||207|2|20000|10000000|200|||||11|5|5|5|5|5|5|5|5|5|5|5|5|5|5|10|10|10|10|10|10|10|10|10||||
造斧学徒||211|2|0|0||||||2|4|2|2|2|2|2|2|2|2|2|2|2|2|2|4|4|4|4|4|4|4|4|||||
造斧工||212|2|5000|4000|201|||||2|6|2|2|2|2|2|2|2|2|2|2|2|2|2|6|6|6|6|6|6|6|6|4||||
资深造斧师傅||213|2|10000|14000|201|||||3|8|3|3|3|3|3|3|3|3|3|3|3|3|3|8|8|8|8|8|8|8|8|6||||
御用造斧师||214|2|20000|29000|201|||||3|10|3|3|3|3|3|3|3|3|3|3|3|3|3|10|10|10|10|10|10|10|10|8||||
造斧名师||215|2|40000|47000|201|||||4|11|4|4|4|4|4|4|4|4|4|4|4|4|4|10|10|10|10|10|10|10|10|10||||
造斧巨匠||216|2|20000|10000000|201|||||5|11|5|5|5|5|5|5|5|5|5|5|5|5|5|10|10|10|10|10|10|10|10|10||||
造斧神匠||217|2|20000|10000000|201|||||5|11|5|5|5|5|5|5|5|5|5|5|5|5|5|10|10|10|10|10|10|10|10|10||||
造枪学徒||221|2|0|0||||||2|2|4|2|2|2|2|2|2|2|2|2|2|2|2|4|4|4|4|4|4|4|4|||||
造枪工||222|2|5000|4000|202|||||2|2|6|2|2|2|2|2|2|2|2|2|2|2|2|6|6|6|6|6|6|6|6|4||||
资深造枪师傅||223|2|10000|14000|202|||||3|3|8|3|3|3|3|3|3|3|3|3|3|3|3|8|8|8|8|8|8|8|8|6||||
御用造枪师||224|2|20000|29000|202|||||3|3|10|3|3|3|3|3|3|3|3|3|3|3|3|10|10|10|10|10|10|10|10|8||||
造枪名师||225|2|40000|47000|202|||||4|4|11|4|4|4|4|4|4|4|4|4|4|4|4|10|10|10|10|10|10|10|10|10||||
造枪巨匠||226|2|20000|10000000|202|||||5|5|11|5|5|5|5|5|5|5|5|5|5|5|5|10|10|10|10|10|10|10|10|10||||
造枪神匠||227|2|20000|10000000|202|||||5|5|11|5|5|5|5|5|5|5|5|5|5|5|5|10|10|10|10|10|10|10|10|10||||
造弓学徒||231|2|0|0||||||2|2|2|2|4|2|2|2|2|2|2|2|2|2|2|4|4|4|4|4|4|4|4|||||
造弓工||232|2|5000|4000|203|||||2|2|2|2|6|2|2|2|2|2|2|2|2|2|2|6|6|6|6|6|6|6|6|4||||
资深造弓师傅||233|2|10000|14000|203|||||3|3|3|3|8|3|3|3|3|3|3|3|3|3|3|8|8|8|8|8|8|8|8|6||||
御用造弓师||234|2|20000|29000|203|||||3|3|3|3|10|3|3|3|3|3|3|3|3|3|3|10|10|10|10|10|10|10|10|8||||
造弓名师||235|2|40000|47000|203|||||4|4|4|4|11|4|4|4|4|4|4|4|4|4|4|10|10|10|10|10|10|10|10|10||||
造弓巨匠||236|2|20000|10000000|203|||||5|5|5|5|11|5|5|5|5|5|5|5|5|5|5|10|10|10|10|10|10|10|10|10||||
造弓神匠||237|2|20000|1000000|203|||||5|5|5|5|11|5|5|5|5|5|5|5|5|5|5|10|10|10|10|10|10|10|10|10||||
造杖学徒||241|2|0|0||||||2|2|2|4|2|2|2|2|2|2|2|2|2|2|2|4|4|4|4|4|4|4|4|||||
造杖工||242|2|5000|4000|204|||||2|2|2|6|2|2|2|2|2|2|2|2|2|2|2|6|6|6|6|6|6|6|6|4||||
资深造杖师傅||243|2|10000|14000|204|||||3|3|3|8|3|3|3|3|3|3|3|3|3|3|3|8|8|8|8|8|8|8|8|6||||
御用造杖师||244|2|20000|29000|204|||||3|3|3|10|3|3|3|3|3|3|3|3|3|3|3|10|10|10|10|10|10|10|10|8||||
造杖名师||245|2|40000|47000|204|||||4|4|4|11|4|4|4|4|4|4|4|4|4|4|4|10|10|10|10|10|10|10|10|10||||
造杖巨匠||246|2|20000|1000000|204|||||5|5|5|11|5|5|5|5|5|5|5|5|5|5|5|10|10|10|10|10|10|10|10|10||||
造杖神匠||247|2|20000|1000000|204|||||5|5|5|11|5|5|5|5|5|5|5|5|5|5|5|10|10|10|10|10|10|10|10|10||||
投掷武器学徒||251|2|0|0||||||2|2|2|2|2|2|4|2|2|2|2|2|2|2|2|4|4|4|4|4|4|4|4|||||
投掷武器工||252|2|5000|4000|205|||||2|2|2|2|2|2|6|2|2|2|2|2|2|2|2|6|6|6|6|6|6|6|6|4||||
资深投掷武器师傅||253|2|10000|14000|205|||||3|3|3|3|3|3|8|3|3|3|3|3|3|3|3|8|8|8|8|8|8|8|8|6||||
御用投掷武器师傅||254|2|20000|29000|205|||||3|3|3|3|3|3|10|3|3|3|3|3|3|3|3|10|10|10|10|10|10|10|10|8||||
投掷武器名师||255|2|40000|47000|205|||||4|4|4|4|4|4|11|4|4|4|4|4|4|4|4|10|10|10|10|10|10|10|10|10||||
投掷武器巨匠||256|2|20000|1000000|205|||||5|5|5|5|5|5|11|5|5|5|5|5|5|5|5|10|10|10|10|10|10|10|10|10||||
投掷武器神匠||257|2|20000|1000000|205|||||5|5|5|5|5|5|11|5|5|5|5|5|5|5|5|10|10|10|10|10|10|10|10|10||||
小刀学徒||261|2|0|0||||||2|2|2|2|2|4|2|2|2|2|2|2|2|2|2|4|4|4|4|4|4|4|4|||||
小刀工||262|2|5000|4000|206|||||2|2|2|2|2|6|2|2|2|2|2|2|2|2|2|6|6|6|6|6|6|6|6|4||||
资深小刀师傅||263|2|10000|14000|206|||||3|3|3|3|3|8|3|3|3|3|3|3|3|3|3|8|8|8|8|8|8|8|8|6||||
御用小刀师傅||264|2|20000|29000|206|||||3|3|3|3|3|10|3|3|3|3|3|3|3|3|3|10|10|10|10|10|10|10|10|8||||
小刀名师||265|2|40000|47000|206|||||4|4|4|4|4|11|4|4|4|4|4|4|4|4|4|10|10|10|10|10|10|10|10|10||||
小刀巨匠||266|2|20000|1000000|206|||||5|5|5|5|5|11|5|5|5|5|5|5|5|5|5|10|10|10|10|10|10|10|10|10||||
小刀神匠||267|2|20000|1000000|206|||||5|5|5|5|5|11|5|5|5|5|5|5|5|5|5|10|10|10|10|10|10|10|10|10||||
头盔学徒||271|2|0|0||||||2|2|2|2|2|2|2|2|4|2|2|2|2|2|2|4|4|4|4|4|4|4|4|||||
头盔工||272|2|5000|4000|207|||||2|2|2|2|2|2|2|2|6|2|2|2|2|2|2|6|6|6|6|6|6|6|6|4||||
资深头盔师傅||273|2|10000|14000|207|||||3|3|3|3|3|3|3|3|8|3|3|3|3|3|3|8|8|8|8|8|8|8|8|6||||
御用头盔师傅||274|2|20000|29000|207|||||3|3|3|3|3|3|3|3|10|3|3|3|3|3|3|10|10|10|10|10|10|10|10|8||||
头盔名师||275|2|40000|47000|207|||||4|4|4|4|4|4|4|4|11|4|4|4|4|4|4|10|10|10|10|10|10|10|10|10||||
头盔巨匠||276|2|20000|1000000|207|||||5|5|5|5|5|5|5|5|11|5|5|5|5|5|5|10|10|10|10|10|10|10|10|10||||
头盔神匠||277|2|20000|1000000|207|||||5|5|5|5|5|5|5|5|11|5|5|5|5|5|5|10|10|10|10|10|10|10|10|10||||
帽子学徒||281|2|0|0||||||2|2|2|2|2|2|2|2|2|4|2|2|2|2|2|4|4|4|4|4|4|4|4|||||
帽子工||282|2|5000|4000|208|||||2|2|2|2|2|2|2|2|2|6|2|2|2|2|2|6|6|6|6|6|6|6|6|4||||
资深帽子师傅||283|2|10000|14000|208|||||3|3|3|3|3|3|3|3|3|8|3|3|3|3|3|8|8|8|8|8|8|8|8|6||||
御用帽子师傅||284|2|20000|29000|208|||||3|3|3|3|3|3|3|3|3|10|3|3|3|3|3|10|10|10|10|10|10|10|10|8||||
帽子名师||285|2|40000|47000|208|||||4|4|4|4|4|4|4|4|4|11|4|4|4|4|4|10|10|10|10|10|10|10|10|10||||
帽子巨匠||286|2|20000|1000000|208|||||5|5|5|5|5|5|5|5|5|11|5|5|5|5|5|10|10|10|10|10|10|10|10|10||||
帽子神匠||287|2|20000|1000000|208|||||5|5|5|5|5|5|5|5|5|11|5|5|5|5|5|10|10|10|10|10|10|10|10|10||||
铠甲学徒||291|2|0|0||||||2|2|2|2|2|2|2|2|2|2|4|2|2|2|2|4|4|4|4|4|4|4|4|||||
铠甲工||292|2|5000|4000|209|||||2|2|2|2|2|2|2|2|2|2|6|2|2|2|2|6|6|6|6|6|6|6|6|4||||
资深铠甲师傅||293|2|10000|14000|209|||||3|3|3|3|3|3|3|3|3|3|8|3|3|3|3|8|8|8|8|8|8|8|8|6||||
御用铠甲师傅||294|2|20000|29000|209|||||3|3|3|3|3|3|3|3|3|3|10|3|3|3|3|10|10|10|10|10|10|10|10|8||||
铠甲名师||295|2|40000|47000|209|||||4|4|4|4|4|4|4|4|4|4|11|4|4|4|4|10|10|10|10|10|10|10|10|10||||
铠甲巨匠||296|2|40000|1000000|209|||||4|4|4|4|4|4|4|4|4|4|11|4|4|4|4|10|10|10|10|10|10|10|10|10||||
铠甲神匠||297|2|20000|1000000|209|||||5|5|5|5|5|5|5|5|5|5|11|5|5|5|5|10|10|10|10|10|10|10|10|10||||
裁缝学徒||301|2|0|0||||||2|2|2|2|2|2|2|2|2|2|2|4|2|2|2|4|4|4|4|4|4|4|4|||||
裁缝工||302|2|5000|4000|210|||||2|2|2|2|2|2|2|2|2|2|2|6|2|2|2|6|6|6|6|6|6|6|6|4||||
资深裁缝师傅||303|2|10000|14000|210|||||3|3|3|3|3|3|3|3|3|3|3|8|3|3|3|8|8|8|8|8|8|8|8|6||||
御用裁缝师||304|2|20000|29000|210|||||3|3|3|3|3|3|3|3|3|3|3|10|3|3|3|10|10|10|10|10|10|10|10|8||||
裁缝名师||305|2|40000|47000|210|||||4|4|4|4|4|4|4|4|4|4|4|11|4|4|4|10|10|10|10|10|10|10|10|10||||
裁缝巨匠||306|2|20000|1000000|210|||||5|5|5|5|5|5|5|5|5|5|5|11|5|5|5|10|10|10|10|10|10|10|10|10||||
裁缝神匠||307|2|20000|1000000|210|||||5|5|5|5|5|5|5|5|5|5|5|11|5|5|5|10|10|10|10|10|10|10|10|10||||
长袍学徒||311|2|0|0||||||2|2|2|2|2|2|2|2|2|2|2|2|4|2|2|4|4|4|4|4|4|4|4|||||
长袍工||312|2|5000|4000|211|||||2|2|2|2|2|2|2|2|2|2|2|2|6|2|2|6|6|6|6|6|6|6|6|4||||
资深长袍师傅||313|2|10000|14000|211|||||3|3|3|3|3|3|3|3|3|3|3|3|8|3|3|8|8|8|8|8|8|8|8|6||||
御用长袍师傅||314|2|20000|29000|211|||||3|3|3|3|3|3|3|3|3|3|3|3|10|3|3|10|10|10|10|10|10|10|10|8||||
长袍名师||315|2|40000|47000|211|||||4|4|4|4|4|4|4|4|4|4|4|4|11|4|4|10|10|10|10|10|10|10|10|10||||
长袍巨匠||316|2|20000|1000000|211|||||5|5|5|5|5|5|5|5|5|5|5|5|11|5|5|10|10|10|10|10|10|10|10|10||||
长袍神匠||317|2|20000|1000000|211|||||5|5|5|5|5|5|5|5|5|5|5|5|11|5|5|10|10|10|10|10|10|10|10|10||||
制靴学徒||321|2|0|0||||||2|2|2|2|2|2|2|2|2|2|2|2|2|4|2|4|4|4|4|4|4|4|4|||||
制靴工||322|2|5000|4000|212|||||2|2|2|2|2|2|2|2|2|2|2|2|2|6|2|6|6|6|6|6|6|6|6|4||||
资深制靴师傅||323|2|10000|14000|212|||||3|3|3|3|3|3|3|3|3|3|3|3|3|8|3|8|8|8|8|8|8|8|8|6||||
御用制靴师||324|2|20000|29000|212|||||3|3|3|3|3|3|3|3|3|3|3|3|3|10|3|10|10|10|10|10|10|10|10|8||||
制靴名师||325|2|40000|47000|212|||||4|4|4|4|4|4|4|4|4|4|4|4|4|11|4|10|10|10|10|10|10|10|10|10||||
制靴巨匠||326|2|20000|1000000|212|||||5|5|5|5|5|5|5|5|5|5|5|5|5|11|5|10|10|10|10|10|10|10|10|10||||
制靴神匠||327|2|20000|1000000|212|||||5|5|5|5|5|5|5|5|5|5|5|5|5|11|5|10|10|10|10|10|10|10|10|10||||
制鞋学徒||331|2|0|0||||||2|2|2|2|2|2|2|2|2|2|2|2|2|2|4|4|4|4|4|4|4|4|4|||||
制鞋工||332|2|5000|4000|213|||||2|2|2|2|2|2|2|2|2|2|2|2|2|2|6|6|6|6|6|6|6|6|6|4||||
资深制鞋师傅||333|2|10000|14000|213|||||3|3|3|3|3|3|3|3|3|3|3|3|3|3|8|8|8|8|8|8|8|8|8|6||||
御用制鞋师||334|2|20000|29000|213|||||3|3|3|3|3|3|3|3|3|3|3|3|3|3|10|10|10|10|10|10|10|10|10|8||||
制鞋名师||335|2|40000|47000|213|||||4|4|4|4|4|4|4|4|4|4|4|4|4|4|11|10|10|10|10|10|10|10|10|10||||
制鞋巨匠||336|2|20000|1000000|213|||||5|5|5|5|5|5|5|5|5|5|5|5|5|5|11|10|10|10|10|10|10|10|10|10||||
制鞋神匠||337|2|20000|1000000|213|||||5|5|5|5|5|5|5|5|5|5|5|5|5|5|11|10|10|10|10|10|10|10|10|10||||
造盾学徒||341|2|0|0||||||2|2|2|2|2|2|2|4|2|2|2|2|2|2|2|4|4|4|4|4|4|4|4|||||
造盾工||342|2|5000|4000|214|||||2|2|2|2|2|2|2|6|2|2|2|2|2|2|2|6|6|6|6|6|6|6|6|4||||
资深造盾师傅||343|2|10000|14000|214|||||3|3|3|3|3|3|3|8|3|3|3|3|3|3|3|8|8|8|8|8|8|8|8|6||||
御用造盾师||344|2|20000|29000|214|||||3|3|3|3|3|3|3|10|3|3|3|3|3|3|3|10|10|10|10|10|10|10|10|8||||
造盾名师||345|2|40000|47000|214|||||4|4|4|4|4|4|4|11|4|4|4|4|4|4|4|10|10|10|10|10|10|10|10|10||||
造盾巨匠||346|2|20000|1000000|214|||||5|5|5|5|5|5|5|11|5|5|5|5|5|5|5|10|10|10|10|10|10|10|10|10||||
造盾神匠||347|2|20000|1000000|214|||||5|5|5|5|5|5|5|11|5|5|5|5|5|5|5|10|10|10|10|10|10|10|10|10||||
料理学徒||351|2|0|0||||||2|2|2|2|2|2|2|2|2|2|2|2|2|2|2|4|4|4|4|4|4|4|4|||||
厨师||352|2|5000|4000|215|||||2|2|2|2|2|2|2|2|2|2|2|2|2|2|2|6|6|6|6|6|6|6|6|4||||
资深大厨师||353|2|10000|14000|215|||||3|3|3|3|3|3|3|3|3|3|3|3|3|3|3|8|8|8|8|8|8|8|8|6||||
御用厨师||354|2|20000|29000|215|||||3|3|3|3|3|3|3|3|3|3|3|3|3|3|3|10|10|10|10|10|10|10|10|8||||
料理铁人||355|2|40000|47000|215|||||4|4|4|4|4|4|4|4|4|4|4|4|4|4|4|10|10|10|10|10|10|10|10|10||||
料理王||356|2|20000|1000000|215|||||5|5|5|5|5|5|5|5|5|5|5|5|5|5|5|10|10|10|10|10|10|10|10|10||||
食神||357|2|20000|1000000|215|||||5|5|5|5|5|5|5|5|5|5|5|5|5|5|5|10|10|10|10|10|10|10|10|10||||
实习药剂师||361|2|0|0||||||2|2|2|2|2|2|2|2|2|2|2|2|2|2|2|4|4|4|4|4|4|4|4|||||
药剂师||362|2|5000|4000|216|||||2|2|2|2|2|2|2|2|2|2|2|2|2|2|2|6|6|6|6|6|6|6|6|4||||
资深药剂大师||363|2|10000|14000|216|||||3|3|3|3|3|3|3|3|3|3|3|3|3|3|3|8|8|8|8|8|8|8|8|6||||
御用药剂师||364|2|20000|29000|216|||||3|3|3|3|3|3|3|3|3|3|3|3|3|3|3|10|10|10|10|10|10|10|10|8||||
炼金术士||365|2|40000|47000|216|||||4|4|4|4|4|4|4|4|4|4|4|4|4|4|4|10|10|10|10|10|10|10|10|10||||
药圣||366|2|20000|1000000|216|||||5|5|5|5|5|5|5|5|5|5|5|5|5|5|5|10|10|10|10|10|10|10|10|10||||
药仙||367|2|20000|1000000|216|||||5|5|5|5|5|5|5|5|5|5|5|5|5|5|5|10|10|10|10|10|10|10|10|10||||
武器修理学徒||371|2|0|0||||||2|2|2|2|2|2|2|2|2|2|2|2|2|2|2|4|4|4|4|4|4|4|4|||||
武器修理工||372|2|5000|6000|217|||||2|2|2|2|2|2|2|2|2|2|2|2|2|2|2|6|6|6|6|6|6|6|6|4||||
资深武器修理师傅||373|2|10000|19000|217|||||3|3|3|3|3|3|3|3|3|3|3|3|3|3|3|8|8|8|8|8|8|8|8|6||||
御用武器修理师||374|2|20000|37000|217|||||3|3|3|3|3|3|3|3|3|3|3|3|3|3|3|10|10|10|10|10|10|10|10|8||||
武器修理专家||375|2|40000|57000|217|||||4|4|4|4|4|4|4|4|4|4|4|4|4|4|4|10|10|10|10|10|10|10|10|10||||
武器修理达人||376|2|20000|1000000|217|||||5|5|5|5|5|5|5|5|5|5|5|5|5|5|5|10|10|10|10|10|10|10|10|10||||
武器修理王||377|2|20000|1000000|217|||||5|5|5|5|5|5|5|5|5|5|5|5|5|5|5|10|10|10|10|10|10|10|10|10||||
防具修理学徒||381|2|0|0||||||2|2|2|2|2|2|2|2|2|2|2|2|2|2|2|4|4|4|4|4|4|4|4|||||
防具修理工||382|2|5000|6000|218|||||2|2|2|2|2|2|2|2|2|2|2|2|2|2|2|6|6|6|6|6|6|6|6|4||||
资深防具修理师傅||383|2|10000|19000|218|||||3|3|3|3|3|3|3|3|3|3|3|3|3|3|3|8|8|8|8|8|8|8|8|6||||
御用防具修理师||384|2|20000|37000|218|||||3|3|3|3|3|3|3|3|3|3|3|3|3|3|3|10|10|10|10|10|10|10|10|8||||
防具修理专家||385|2|40000|57000|218|||||4|4|4|4|4|4|4|4|4|4|4|4|4|4|4|10|10|10|10|10|10|10|10|10||||
防具修理达人||386|2|20000|1000000|218|||||5|5|5|5|5|5|5|5|5|5|5|5|5|5|5|10|10|10|10|10|10|10|10|10||||
防具修理王||387|2|20000|1000000|218|||||5|5|5|5|5|5|5|5|5|5|5|5|5|5|5|10|10|10|10|10|10|10|10|10||||
鉴定学徒||391|2|0|0||||||2|2|2|2|2|2|2|2|2|2|2|2|2|2|2|4|4|4|4|4|4|4|4|||||
鉴定士||392|2|5000|6000|219|||||2|2|2|2|2|2|2|2|2|2|2|2|2|2|2|6|6|6|6|6|6|6|6|4||||
资深鉴定师傅||393|2|10000|19000|219|||||3|3|3|3|3|3|3|3|3|3|3|3|3|3|3|8|8|8|8|8|8|8|8|6||||
御用鉴定师||394|2|20000|37000|219|||||3|3|3|3|3|3|3|3|3|3|3|3|3|3|3|10|10|10|10|10|10|10|10|8||||
鉴定专家||395|2|40000|57000|219|||||4|4|4|4|4|4|4|4|4|4|4|4|4|4|4|10|10|10|10|10|10|10|10|10||||
鉴定达人||396|2|20000|1000000|219|||||5|5|5|5|5|5|5|5|5|5|5|5|5|5|5|10|10|10|10|10|10|10|10|10||||
鉴定王||397|2|20000|1000000|219|||||5|5|5|5|5|5|5|5|5|5|5|5|5|5|5|10|10|10|10|10|10|10|10|10||||
刻印学徒||401|2|0|0||||||2|2|2|2|2|2|2|2|2|2|2|2|2|2|2|4|4|4|4|4|4|4|4|||||
刻印工||402|2|5000|6000|220|||||2|2|2|2|2|2|2|2|2|2|2|2|2|2|2|6|6|6|6|6|6|6|6|4||||
刻印师||403|2|10000|19000|220|||||3|3|3|3|3|3|3|3|3|3|3|3|3|3|3|8|8|8|8|8|8|8|8|6||||
御用刻印师||404|2|20000|37000|220|||||3|3|3|3|3|3|3|3|3|3|3|3|3|3|3|10|10|10|10|10|10|10|10|8||||
铜之刻印师||405|2|20000|57000|220|||||3|3|3|3|3|3|3|3|3|3|3|3|3|3|3|10|10|10|10|10|10|10|10|10||||
银之刻印师||406|2|20000|1000000|220|||||3|3|3|3|3|3|3|3|3|3|3|3|3|3|3|10|10|10|10|10|10|10|10|10||||
金之刻印王||407|2|20000|1000000|220|||||3|3|3|3|3|3|3|3|3|3|3|3|3|3|3|10|10|10|10|10|10|10|10|10||||
实习侦探||411|2|0|0||||||2|2|2|2|2|2|2|2|2|2|2|2|2|2|2|4|4|4|4|4|4|4|4|||||
侦探||412|2|5000|6000|221|||||2|2|2|2|2|2|2|2|2|2|2|2|2|2|2|6|6|6|6|6|6|6|6|4||||
名侦探||413|2|10000|19000|221|||||3|3|3|3|3|3|3|3|3|3|3|3|3|3|3|8|8|8|8|8|8|8|8|6||||
大侦探||414|2|20000|37000|221|||||3|3|3|3|3|3|3|3|3|3|3|3|3|3|3|10|10|10|10|10|10|10|10|8||||
超级侦探||415|2|40000|57000|221|||||4|4|4|4|4|4|4|4|4|4|4|4|4|4|4|10|10|10|10|10|10|10|10|10||||
推理专家||416|2|20000|1000000|221|||||5|5|5|5|5|5|5|5|5|5|5|5|5|5|5|10|10|10|10|10|10|10|10|10||||
神探||417|2|20000|1000000|221|||||5|5|5|5|5|5|5|5|5|5|5|5|5|5|5|10|10|10|10|10|10|10|10|10||||
道童||421|2|0|0||||||2|2|2|2|2|2|2|2|2|2|2|2|2|2|2|4|4|4|4|4|4|4|4|||||
道士||422|2|5000|6000|222|||||2|2|2|2|2|2|2|2|2|2|2|2|2|2|2|6|6|6|6|6|6|6|6|4||||
半仙||423|2|10000|19000|222|||||3|3|3|3|3|3|3|3|3|3|3|3|3|3|3|8|8|8|8|8|8|8|8|6||||
仙人||424|2|20000|37000|222|||||3|3|3|3|3|3|3|3|3|3|3|3|3|3|3|10|10|10|10|10|10|10|10|8||||
歌仙||425|2|40000|57000|222|||||4|4|4|4|4|4|4|4|4|4|4|4|4|4|4|10|10|10|10|10|10|10|10|10||||
华仙||426|2|20000|1000000|222|||||5|5|5|5|5|5|5|5|5|5|5|5|5|5|5|10|10|10|10|10|10|10|10|10||||
神仙||427|2|20000|1000000|222|||||5|5|5|5|5|5|5|5|5|5|5|5|5|5|5|10|10|10|10|10|10|10|10|10||||
实习护士||431|2|0|0||||||2|2|2|2|2|3|4|0|0|4|0|4|2|0|4|4|4|4|4|4|4|4|4|||||
护士||432|2|5000|6000|223|||||2|2|2|2|2|4|6|1|0|6|0|6|2|0|6|6|6|6|6|6|6|6|6|4||||
资深护士||433|2|10000|19000|223|||||3|3|3|3|3|5|8|2|0|8|0|8|3|0|8|8|8|8|8|8|8|8|8|6||||
护士长||434|2|20000|37000|223|||||3|3|3|3|3|6|10|3|0|10|0|10|3|0|10|10|10|10|10|10|10|10|10|8||||
护理专家||435|2|40000|57000|223|||||5|5|5|5|5|7|11|5|0|11|0|11|5|0|11|10|10|10|10|10|10|10|10|10||||
超级护理师||436|2|20000|1000000|223|||||5|5|5|5|5|7|11|5|0|11|0|11|5|0|11|10|10|10|10|10|10|10|10|10||||
白衣天使||437|2|20000|1000000|223|||||5|5|5|5|5|7|11|5|0|11|0|11|5|0|11|10|10|10|10|10|10|10|10|10||||
实习医师||441|2|0|0||||||2|2|2|2|2|4|3|0|0|4|0|4|2|0|4|4|4|4|4|4|4|4|4|||||
医师||442|2|5000|6000|224|||||2|2|2|2|2|6|4|1|0|6|0|6|2|0|6|6|6|6|6|6|6|6|6|4||||
资深医师||443|2|10000|19000|224|||||3|3|3|3|3|8|5|2|0|8|0|8|3|0|8|8|8|8|8|8|8|8|8|6||||
御医||444|2|20000|37000|224|||||3|3|3|3|3|10|6|3|0|10|0|10|3|0|10|10|10|10|10|10|10|10|10|8||||
神医||445|2|40000|57000|224|||||5|5|5|5|5|11|7|5|0|11|0|11|5|0|11|10|10|10|10|10|10|10|10|10||||
医圣||446|2|20000|1000000|224|||||5|5|5|5|5|11|7|5|0|11|0|11|5|0|11|10|10|10|10|10|10|10|10|10||||
医仙||447|2|20000|1000000|224|||||5|5|5|5|5|11|7|5|0|11|0|11|5|0|11|10|10|10|10|10|10|10|10|10||||
见习樵夫||451|2|0|0||||||2|2|2|2|2|2|2|2|2|2|2|2|2|2|2|4|4|4|4|4|4|4|4|||||
樵夫||452|2|5000|3000|225|||||2|2|2|2|2|2|2|2|2|2|2|2|2|2|2|6|6|6|6|6|6|6|6|4||||
资深樵夫||453|2|10000|12000|225|||||3|3|3|3|3|3|3|3|3|3|3|3|3|3|3|8|8|8|8|8|8|8|8|6||||
御用樵夫||454|2|20000|25000|225|||||3|3|3|3|3|3|3|3|3|3|3|3|3|3|3|10|10|10|10|10|10|10|10|8||||
超级樵夫||455|2|40000|43000|225|||||4|4|4|4|4|4|4|4|4|4|4|4|4|4|4|10|10|10|10|10|10|10|10|10||||
伐木专家||456|2|20000|1000000|225|||||5|5|5|5|5|5|5|5|5|5|5|5|5|5|5|10|10|10|10|10|10|10|10|10||||
伐木王||457|2|20000|1000000|225|||||5|5|5|5|5|5|5|5|5|5|5|5|5|5|5|10|10|10|10|10|10|10|10|10||||
见习猎人||461|2|0|0||||||2|2|2|2|2|2|2|2|2|2|2|2|2|2|2|4|4|4|4|4|4|4|4|||||
猎人||462|2|5000|3000|226|||||2|2|2|2|2|2|2|2|2|2|2|2|2|2|2|6|6|6|6|6|6|6|6|4||||
资深猎人||463|2|10000|12000|226|||||3|3|3|3|3|3|3|3|3|3|3|3|3|3|3|8|8|8|8|8|8|8|8|6||||
御用猎人||464|2|20000|25000|226|||||3|3|3|3|3|3|3|3|3|3|3|3|3|3|3|10|10|10|10|10|10|10|10|8||||
超级猎人||465|2|40000|43000|226|||||4|4|4|4|4|4|4|4|4|4|4|4|4|4|4|10|10|10|10|10|10|10|10|10||||
狩猎专家||466|2|20000|1000000|226|||||5|5|5|5|5|5|5|5|5|5|5|5|5|5|5|10|10|10|10|10|10|10|10|10||||
神猎者||467|2|20000|1000000|226|||||5|5|5|5|5|5|5|5|5|5|5|5|5|5|5|10|10|10|10|10|10|10|10|10||||
见习矿工||471|2|0|0||||||2|2|2|2|2|2|2|2|2|2|2|2|2|2|2|4|4|4|4|4|4|4|4|||||
矿工||472|2|5000|3000|227|||||2|2|2|2|2|2|2|2|2|2|2|2|2|2|2|6|6|6|6|6|6|6|6|4||||
资深矿工||473|2|10000|12000|227|||||3|3|3|3|3|3|3|3|3|3|3|3|3|3|3|8|8|8|8|8|8|8|8|6||||
御用矿工||474|2|20000|25000|227|||||3|3|3|3|3|3|3|3|3|3|3|3|3|3|3|10|10|10|10|10|10|10|10|8||||
超级矿工||475|2|40000|43000|227|||||4|4|4|4|4|4|4|4|4|4|4|4|4|4|4|10|10|10|10|10|10|10|10|10||||
挖掘专家||476|2|20000|10000000|227|||||5|5|5|5|5|5|5|5|5|5|5|5|5|5|5|10|10|10|10|10|10|10|10|10||||
挖掘之神||477|2|20000|10000000|227|||||5|5|5|5|5|5|5|5|5|5|5|5|5|5|5|10|10|10|10|10|10|10|10|10||||
超级职||481|1|0|0||||||11|11|11|11|11|11|11|11|11|11|11|11|11|11|11|10|10|10|10|10|10|10|10|||||
爆弹术学徒||1001|1|0|0||||||1|1|1|1|2|2|2|1|1|2|1|2|2|1|2|4|4|4|4|4|4|4|4|||||
爆弹师||1002|1|5000|12000|2001|||||2|2|2|2|3|4|4|2|2|3|2|3|3|2|3|6|6|6|6|6|6|6|6|4||||
资深爆弹师||1003|1|10000|55000|2001|||||3|3|3|3|4|5|5|3|3|4|3|4|4|3|4|8|8|8|8|8|8|8|8|6||||
皇家爆弹师||1004|1|20000|110000|2001|||||4|4|4|4|5|6|6|4|4|5|4|5|5|4|5|10|10|10|10|10|10|10|10|8||||
赫密斯传承者||1005|1|40000|190000|2001|||||4|4|4|4|5|6|6|4|4|5|4|5|5|4|5|10|10|10|10|10|10|10|10|10||||
赫密斯神再世||1006|1|1000000|1000000|2001|||||4|4|4|4|5|6|6|4|4|5|4|5|5|4|5|10|10|10|10|10|10|10|10|10||||
水星守护神||1007|1|1000000|1000000|2001|||||4|4|4|4|5|6|6|4|4|5|4|5|5|4|5|10|10|10|10|10|10|10|10|10||||
见习纺织工||1011|2|0|0||||||2|2|2|2|2|2|2|2|2|2|2|2|2|2|2|4|4|4|4|4|4|4|4|||||
纺织工||1012|2|5000|3000|2000|||||2|2|2|2|2|2|2|2|2|2|2|2|2|2|2|6|6|6|6|6|6|6|6|4||||
资深纺织工||1013|2|10000|12000|2000|||||3|3|3|3|3|3|3|3|3|3|3|3|3|3|3|8|8|8|8|8|8|8|8|6||||
御用纺织工||1014|2|20000|25000|2000|||||3|3|3|3|3|3|3|3|3|3|3|3|3|3|3|10|10|10|10|10|10|10|10|8||||
织布专家||1015|2|40000|43000|2000|||||4|4|4|4|4|4|4|4|4|4|4|4|4|4|4|10|10|10|10|10|10|10|10|10||||
织布巧手||1016|2|20000|1000000|2000|||||5|5|5|5|5|5|5|5|5|5|5|5|5|5|5|10|10|10|10|10|10|10|10|10||||
天星织者||1017|2|20000|1000000|2000|||||5|5|5|5|5|5|5|5|5|5|5|5|5|5|5|10|10|10|10|10|10|10|10|10||||