79|0|0|1200|4|CG0050975|-22|-66|CG0050976|-22|-66|CG0050977|-22|-67|CG0050976|-22|-66
79|0|1|1000|6|CG0050980|-17|-66|CG0050981|-20|-67|CG0050982|-22|-64|CG0050983|-19|-66|CG0050984|-19|-67|CG0050985|-23|-64
79|0|2|400|1|CG0188372|-32|-70
79|0|3|600|6|CG0051290|-18|-62|CG0051291|-20|-66|CG0051292|-22|-64|CG0051293|-18|-62|CG0051294|-18|-66|CG0051295|-21|-64
79|0|4|100|1|CG0196344|-27|-55
79|0|5|1500|36|CG0050946|-31|-67|CG0050946|-31|-67|CG0050946|-31|-67|CG0050946|-31|-67|CG0050947|-30|-80|CG0050947|-30|-80|CG0050947|-30|-80|CG0050947|-30|-80|CG0050948|-27|-67|CG0050948|-27|-67|CG0050948|-27|-67|CG0050948|-27|-67|CG0050949|-24|-67|CG0050949|-24|-67|CG0050949|-24|-67|CG0050949|-24|-67|CG0050950|-20|-67|CG0050950|-20|-67|CG0050950|-20|-67|CG0050950|-20|-67|CG0050950|-20|-67|CG0050950|-20|-67|CG0050951|-31|-66|CG0050951|-31|-66|CG0050951|-31|-66|CG0050951|-31|-66|CG0050951|-31|-66|CG0050951|-31|-66|CG0050952|-22|-65|CG0050952|-22|-65|CG0050952|-22|-65|CG0050952|-22|-65|CG0050953|-27|-66|CG0050953|-27|-66|CG0050953|-27|-66|CG0050953|-27|-66
79|0|6|1800|17|CG0050967|-25|-67|CG0050967|-25|-67|CG0050968|-26|-63|CG0050968|-26|-63|CG0050969|-27|-59|CG0050969|-27|-59|CG0050969|-27|-59|CG0050969|-27|-59|CG0050969|-27|-59|CG0050970|-28|-65|CG0050971|-23|-59|CG0050971|-23|-59|CG0050971|-23|-59|CG0050971|-23|-59|CG0050971|-23|-59|CG0050971|-23|-59|CG0050971|-23|-59
79|0|7|1500|16|CG0051332|-22|-66|CG0051332|-22|-66|CG0051334|-24|-63|CG0051334|-24|-63|CG0051335|-22|-59|CG0051335|-22|-59|CG0051335|-22|-59|CG0051336|-28|-66|CG0051337|-40|-73|CG0051338|-45|-63|CG0051339|-52|-61|CG0051339|-52|-61|CG0051340|-55|-64|CG0051341|-57|-61|CG0051341|-57|-61|CG0051333|-48|-69
79|0|8|1000|2|CG0050962|-21|-64|CG0050963|-19|-54
79|0|9|1000|1|CG0050964|-20|-66
79|0|10|1500|6|CG0050956|-23|-64|CG0050957|-31|-71|CG0050958|-45|-41|CG0050959|-47|-42|CG0050960|-50|-37|CG0050961|-49|-36
79|1|0|1200|4|CG0051017|-20|-67|CG0051018|-20|-67|CG0051019|-20|-67|CG0051018|-20|-67
79|1|1|1000|6|CG0051022|-20|-65|CG0051023|-21|-67|CG0051024|-23|-63|CG0051025|-21|-65|CG0051026|-20|-67|CG0051027|-20|-63
79|1|2|400|1|CG0188417|-17|-71
79|1|3|600|6|CG0051361|-18|-61|CG0051362|-18|-65|CG0051363|-18|-63|CG0051364|-18|-61|CG0051365|-19|-65|CG0051366|-19|-63
79|1|4|100|1|CG0196384|-26|-58
79|1|5|1500|36|CG0050988|-24|-66|CG0050988|-24|-66|CG0050988|-24|-66|CG0050988|-24|-66|CG0050989|-16|-71|CG0050989|-16|-71|CG0050989|-16|-71|CG0050989|-16|-71|CG0050990|-14|-67|CG0050990|-14|-67|CG0050990|-14|-67|CG0050990|-14|-67|CG0050991|-14|-67|CG0050991|-14|-67|CG0050991|-14|-67|CG0050991|-14|-67|CG0050992|-14|-67|CG0050992|-14|-67|CG0050992|-14|-67|CG0050992|-14|-67|CG0050992|-14|-67|CG0050992|-14|-67|CG0050993|-18|-65|CG0050993|-18|-65|CG0050993|-18|-65|CG0050993|-18|-65|CG0050993|-18|-65|CG0050993|-18|-65|CG0050994|-23|-65|CG0050994|-23|-65|CG0050994|-23|-65|CG0050994|-23|-65|CG0050995|-24|-66|CG0050995|-24|-66|CG0050995|-24|-66|CG0050995|-24|-66
79|1|6|1800|17|CG0051009|-19|-68|CG0051009|-19|-68|CG0051010|-18|-63|CG0051010|-18|-63|CG0051011|-19|-61|CG0051011|-19|-61|CG0051011|-19|-61|CG0051011|-19|-61|CG0051011|-19|-61|CG0051012|-30|-66|CG0051013|-35|-58|CG0051013|-35|-58|CG0051013|-35|-58|CG0051013|-35|-58|CG0051013|-35|-58|CG0051013|-35|-58|CG0051013|-35|-58
79|1|7|1500|16|CG0051403|-16|-66|CG0051403|-16|-66|CG0051405|-13|-56|CG0051405|-13|-56|CG0051406|-12|-59|CG0051406|-12|-59|CG0051406|-12|-59|CG0051407|-12|-66|CG0051408|-26|-76|CG0051409|-30|-70|CG0051410|-30|-69|CG0051410|-30|-69|CG0051411|-28|-73|CG0051412|-30|-70|CG0051412|-30|-70|CG0051404|-27|-76
79|1|8|1000|2|CG0051004|-20|-65|CG0051005|-31|-50
79|1|9|1000|1|CG0051006|-25|-67
79|1|10|1500|6|CG0050998|-24|-62|CG0050999|-24|-74|CG0051000|-25|-48|CG0051001|-27|-46|CG0051002|-32|-44|CG0051003|-30|-43
79|2|0|1200|4|CG0051059|-24|-67|CG0051060|-24|-67|CG0051061|-24|-66|CG0051060|-24|-67
79|2|1|1000|6|CG0051064|-28|-66|CG0051065|-24|-68|CG0051066|-23|-64|CG0051067|-26|-66|CG0051068|-29|-68|CG0051069|-30|-64
79|2|2|400|1|CG0188462|-33|-62
79|2|3|600|6|CG0051432|-18|-62|CG0051433|-20|-66|CG0051434|-24|-64|CG0051435|-19|-62|CG0051436|-19|-66|CG0051437|-19|-64
79|2|4|100|1|CG0196424|-14|-57
79|2|5|1500|36|CG0051030|-14|-66|CG0051030|-14|-66|CG0051030|-14|-66|CG0051030|-14|-66|CG0051031|-15|-67|CG0051031|-15|-67|CG0051031|-15|-67|CG0051031|-15|-67|CG0051032|-15|-67|CG0051032|-15|-67|CG0051032|-15|-67|CG0051032|-15|-67|CG0051033|-16|-67|CG0051033|-16|-67|CG0051033|-16|-67|CG0051033|-16|-67|CG0051034|-17|-66|CG0051034|-17|-66|CG0051034|-17|-66|CG0051034|-17|-66|CG0051034|-17|-66|CG0051034|-17|-66|CG0051035|-19|-66|CG0051035|-19|-66|CG0051035|-19|-66|CG0051035|-19|-66|CG0051035|-19|-66|CG0051035|-19|-66|CG0051036|-18|-65|CG0051036|-18|-65|CG0051036|-18|-65|CG0051036|-18|-65|CG0051037|-16|-66|CG0051037|-16|-66|CG0051037|-16|-66|CG0051037|-16|-66
79|2|6|1800|17|CG0051051|-14|-67|CG0051051|-14|-67|CG0051052|-15|-61|CG0051052|-15|-61|CG0051053|-14|-59|CG0051053|-14|-59|CG0051053|-14|-59|CG0051053|-14|-59|CG0051053|-14|-59|CG0051054|-17|-65|CG0051055|-29|-59|CG0051055|-29|-59|CG0051055|-29|-59|CG0051055|-29|-59|CG0051055|-29|-59|CG0051055|-29|-59|CG0051055|-29|-59
79|2|7|1500|16|CG0051474|-14|-65|CG0051474|-14|-65|CG0051476|-21|-57|CG0051476|-21|-57|CG0051477|-23|-56|CG0051477|-23|-56|CG0051477|-23|-56|CG0051478|-12|-64|CG0051479|-5|-72|CG0051480|-5|-63|CG0051481|2|-69|CG0051481|2|-69|CG0051482|4|-73|CG0051483|7|-66|CG0051483|7|-66|CG0051475|0|-69
79|2|8|1000|2|CG0051046|-22|-64|CG0051047|-31|-55
79|2|9|1000|1|CG0051048|-16|-66
79|2|10|1500|6|CG0051040|-25|-64|CG0051041|-16|-71|CG0051042|-21|-41|CG0051043|-18|-39|CG0051044|-21|-37|CG0051045|-21|-36
79|3|0|1200|4|CG0051101|-19|-67|CG0051102|-18|-67|CG0051103|-16|-66|CG0051102|-18|-67
79|3|1|1000|6|CG0051106|-21|-67|CG0051107|-18|-69|CG0051108|-23|-65|CG0051109|-18|-67|CG0051110|-22|-69|CG0051111|-25|-65
79|3|2|400|1|CG0188507|-36|-53
79|3|3|600|6|CG0051503|-21|-64|CG0051504|-20|-68|CG0051505|-23|-66|CG0051506|-17|-64|CG0051507|-19|-68|CG0051508|-23|-66
79|3|4|100|1|CG0196464|-10|-51
79|3|5|1500|36|CG0051072|-22|-67|CG0051072|-22|-67|CG0051072|-22|-67|CG0051072|-22|-67|CG0051073|-18|-67|CG0051073|-18|-67|CG0051073|-18|-67|CG0051073|-18|-67|CG0051074|-15|-67|CG0051074|-15|-67|CG0051074|-15|-67|CG0051074|-15|-67|CG0051075|-17|-67|CG0051075|-17|-67|CG0051075|-17|-67|CG0051075|-17|-67|CG0051076|-17|-67|CG0051076|-17|-67|CG0051076|-17|-67|CG0051076|-17|-67|CG0051076|-17|-67|CG0051076|-17|-67|CG0051077|-30|-67|CG0051077|-30|-67|CG0051077|-30|-67|CG0051077|-30|-67|CG0051077|-30|-67|CG0051077|-30|-67|CG0051078|-24|-67|CG0051078|-24|-67|CG0051078|-24|-67|CG0051078|-24|-67|CG0051079|-20|-67|CG0051079|-20|-67|CG0051079|-20|-67|CG0051079|-20|-67
79|3|6|1800|17|CG0051093|-14|-65|CG0051093|-14|-65|CG0051094|-15|-56|CG0051094|-15|-56|CG0051095|-14|-54|CG0051095|-14|-54|CG0051095|-14|-54|CG0051095|-14|-54|CG0051095|-14|-54|CG0051096|-10|-64|CG0051097|-25|-63|CG0051097|-25|-63|CG0051097|-25|-63|CG0051097|-25|-63|CG0051097|-25|-63|CG0051097|-25|-63|CG0051097|-25|-63
79|3|7|1500|16|CG0051545|-12|-65|CG0051545|-12|-65|CG0051547|-30|-62|CG0051547|-30|-62|CG0051548|-35|-59|CG0051548|-35|-59|CG0051548|-35|-59|CG0051549|-25|-63|CG0051550|-12|-61|CG0051551|-13|-57|CG0051552|-1|-59|CG0051552|-1|-59|CG0051553|7|-62|CG0051554|7|-54|CG0051554|7|-54|CG0051546|-3|-51
79|3|8|1000|2|CG0051088|-17|-59|CG0051089|-37|-62
79|3|9|1000|1|CG0051090|-14|-63
79|3|10|1500|6|CG0051082|-21|-66|CG0051083|-13|-62|CG0051084|-21|-31|CG0051085|-18|-32|CG0051086|-22|-22|CG0051087|-21|-21
79|4|0|1200|4|CG0051143|-19|-67|CG0051144|-19|-67|CG0051145|-19|-67|CG0051144|-19|-67
79|4|1|1000|6|CG0051148|-22|-69|CG0051149|-22|-71|CG0051150|-22|-67|CG0051151|-22|-69|CG0051152|-22|-71|CG0051153|-22|-67
79|4|2|400|1|CG0188552|-25|-51
79|4|3|600|6|CG0051574|-21|-66|CG0051575|-19|-70|CG0051576|-19|-69|CG0051577|-17|-66|CG0051578|-19|-70|CG0051579|-23|-69
79|4|4|100|1|CG0196504|-21|-46
79|4|5|1500|36|CG0051114|-20|-67|CG0051114|-20|-67|CG0051114|-20|-67|CG0051114|-20|-67|CG0051115|-20|-66|CG0051115|-20|-66|CG0051115|-20|-66|CG0051115|-20|-66|CG0051116|-17|-66|CG0051116|-17|-66|CG0051116|-17|-66|CG0051116|-17|-66|CG0051117|-16|-66|CG0051117|-16|-66|CG0051117|-16|-66|CG0051117|-16|-66|CG0051118|-17|-67|CG0051118|-17|-67|CG0051118|-17|-67|CG0051118|-17|-67|CG0051118|-17|-67|CG0051118|-17|-67|CG0051119|-28|-67|CG0051119|-28|-67|CG0051119|-28|-67|CG0051119|-28|-67|CG0051119|-28|-67|CG0051119|-28|-67|CG0051120|-31|-68|CG0051120|-31|-68|CG0051120|-31|-68|CG0051120|-31|-68|CG0051121|-27|-67|CG0051121|-27|-67|CG0051121|-27|-67|CG0051121|-27|-67
79|4|6|1800|17|CG0051135|-16|-62|CG0051135|-16|-62|CG0051136|-15|-50|CG0051136|-15|-50|CG0051137|-14|-47|CG0051137|-14|-47|CG0051137|-14|-47|CG0051137|-14|-47|CG0051137|-14|-47|CG0051138|-17|-64|CG0051139|-30|-68|CG0051139|-30|-68|CG0051139|-30|-68|CG0051139|-30|-68|CG0051139|-30|-68|CG0051139|-30|-68|CG0051139|-30|-68
79|4|7|1500|16|CG0051616|-20|-66|CG0051616|-20|-66|CG0051618|-29|-68|CG0051618|-29|-68|CG0051619|-29|-65|CG0051619|-29|-65|CG0051619|-29|-65|CG0051620|-31|-65|CG0051621|-17|-50|CG0051622|-15|-44|CG0051623|-8|-40|CG0051623|-8|-40|CG0051624|-2|-44|CG0051625|-2|-36|CG0051625|-2|-36|CG0051617|-9|-32
79|4|8|1000|2|CG0051130|-17|-54|CG0051131|-35|-70
79|4|9|1000|1|CG0051132|-16|-59
79|4|10|1500|6|CG0051124|-20|-69|CG0051125|-14|-54|CG0051126|-20|-23|CG0051127|-19|-26|CG0051128|-21|-20|CG0051129|-20|-18
79|5|0|1200|4|CG0051185|-20|-67|CG0051186|-20|-67|CG0051187|-20|-67|CG0051186|-20|-67
79|5|1|1000|6|CG0051190|-20|-69|CG0051191|-20|-71|CG0051192|-20|-68|CG0051193|-20|-69|CG0051194|-20|-71|CG0051195|-20|-68
79|5|2|400|1|CG0188597|-19|-60
79|5|3|600|6|CG0051645|-18|-67|CG0051646|-18|-71|CG0051647|-18|-69|CG0051648|-18|-67|CG0051649|-18|-71|CG0051650|-18|-69
79|5|4|100|1|CG0196544|-24|-45
79|5|5|1500|36|CG0051156|-16|-67|CG0051156|-16|-67|CG0051156|-16|-67|CG0051156|-16|-67|CG0051157|-30|-66|CG0051157|-30|-66|CG0051157|-30|-66|CG0051157|-30|-66|CG0051158|-20|-66|CG0051158|-20|-66|CG0051158|-20|-66|CG0051158|-20|-66|CG0051159|-23|-66|CG0051159|-23|-66|CG0051159|-23|-66|CG0051159|-23|-66|CG0051160|-20|-67|CG0051160|-20|-67|CG0051160|-20|-67|CG0051160|-20|-67|CG0051160|-20|-67|CG0051160|-20|-67|CG0051161|-16|-68|CG0051161|-16|-68|CG0051161|-16|-68|CG0051161|-16|-68|CG0051161|-16|-68|CG0051161|-16|-68|CG0051162|-21|-69|CG0051162|-21|-69|CG0051162|-21|-69|CG0051162|-21|-69|CG0051163|-21|-68|CG0051163|-21|-68|CG0051163|-21|-68|CG0051163|-21|-68
79|5|6|1800|17|CG0051177|-19|-61|CG0051177|-19|-61|CG0051178|-19|-47|CG0051178|-19|-47|CG0051179|-19|-44|CG0051179|-19|-44|CG0051179|-19|-44|CG0051179|-19|-44|CG0051179|-19|-44|CG0051180|-27|-63|CG0051181|-35|-69|CG0051181|-35|-69|CG0051181|-35|-69|CG0051181|-35|-69|CG0051181|-35|-69|CG0051181|-35|-69|CG0051181|-35|-69
79|5|7|1500|16|CG0051687|-21|-66|CG0051687|-21|-66|CG0051689|-18|-71|CG0051689|-18|-71|CG0051690|-17|-68|CG0051690|-17|-68|CG0051690|-17|-68|CG0051691|-22|-67|CG0051692|-20|-46|CG0051693|-16|-33|CG0051694|-16|-41|CG0051694|-16|-41|CG0051695|-16|-45|CG0051696|-16|-37|CG0051696|-16|-37|CG0051688|-22|-25
79|5|8|1000|2|CG0051172|-19|-53|CG0051173|-33|-73
79|5|9|1000|1|CG0051174|-15|-57
79|5|10|1500|6|CG0051166|-21|-70|CG0051167|-22|-50|CG0051168|-21|-22|CG0051169|-22|-25|CG0051170|-22|-20|CG0051171|-21|-18
79|6|0|1200|4|CG0051227|-19|-67|CG0051228|-19|-67|CG0051229|-18|-67|CG0051228|-19|-67
79|6|1|1000|6|CG0051232|-19|-69|CG0051233|-15|-71|CG0051234|-23|-67|CG0051235|-16|-69|CG0051236|-21|-71|CG0051237|-21|-67
79|6|2|400|1|CG0188642|-38|-63
79|6|3|600|6|CG0051716|-18|-66|CG0051717|-17|-70|CG0051718|-21|-68|CG0051719|-19|-66|CG0051720|-20|-70|CG0051721|-22|-68
79|6|4|100|1|CG0196584|-20|-48
79|6|5|1500|36|CG0051198|-17|-67|CG0051198|-17|-67|CG0051198|-17|-67|CG0051198|-17|-67|CG0051199|-31|-69|CG0051199|-31|-69|CG0051199|-31|-69|CG0051199|-31|-69|CG0051200|-35|-66|CG0051200|-35|-66|CG0051200|-35|-66|CG0051200|-35|-66|CG0051201|-35|-66|CG0051201|-35|-66|CG0051201|-35|-66|CG0051201|-35|-66|CG0051202|-29|-66|CG0051202|-29|-66|CG0051202|-29|-66|CG0051202|-29|-66|CG0051202|-29|-66|CG0051202|-29|-66|CG0051203|-24|-67|CG0051203|-24|-67|CG0051203|-24|-67|CG0051203|-24|-67|CG0051203|-24|-67|CG0051203|-24|-67|CG0051204|-21|-68|CG0051204|-21|-68|CG0051204|-21|-68|CG0051204|-21|-68|CG0051205|-18|-67|CG0051205|-18|-67|CG0051205|-18|-67|CG0051205|-18|-67
79|6|6|1800|17|CG0051219|-25|-62|CG0051219|-25|-62|CG0051220|-25|-49|CG0051220|-25|-49|CG0051221|-26|-46|CG0051221|-26|-46|CG0051221|-26|-46|CG0051221|-26|-46|CG0051221|-26|-46|CG0051222|-28|-64|CG0051223|-22|-67|CG0051223|-22|-67|CG0051223|-22|-67|CG0051223|-22|-67|CG0051223|-22|-67|CG0051223|-22|-67|CG0051223|-22|-67
79|6|7|1500|16|CG0051758|-14|-66|CG0051758|-14|-66|CG0051760|-20|-70|CG0051760|-20|-70|CG0051761|-32|-68|CG0051761|-32|-68|CG0051761|-32|-68|CG0051762|-27|-68|CG0051763|-42|-52|CG0051764|-50|-35|CG0051765|-58|-44|CG0051765|-58|-44|CG0051766|-60|-49|CG0051767|-62|-41|CG0051767|-62|-41|CG0051759|-51|-31
79|6|8|1000|2|CG0051214|-23|-56|CG0051215|-21|-70
79|6|9|1000|1|CG0051216|-21|-58
79|6|10|1500|6|CG0051208|-19|-69|CG0051209|-29|-54|CG0051210|-48|-23|CG0051211|-48|-22|CG0051212|-48|-22|CG0051213|-47|-18
79|7|0|1200|4|CG0051269|-18|-66|CG0051270|-19|-66|CG0051271|-20|-66|CG0051270|-19|-66
79|7|1|1000|6|CG0051274|-12|-67|CG0051275|-13|-69|CG0051276|-24|-65|CG0051277|-12|-67|CG0051278|-13|-69|CG0051279|-25|-65
79|7|2|400|1|CG0188687|-44|-60
79|7|3|600|6|CG0051787|-11|-64|CG0051788|-13|-68|CG0051789|-21|-66|CG0051790|-12|-64|CG0051791|-13|-68|CG0051792|-22|-66
79|7|4|100|1|CG0196624|-25|-51
79|7|5|1500|36|CG0051240|-23|-67|CG0051240|-23|-67|CG0051240|-23|-67|CG0051240|-23|-67|CG0051241|-27|-78|CG0051241|-27|-78|CG0051241|-27|-78|CG0051241|-27|-78|CG0051242|-32|-67|CG0051242|-32|-67|CG0051242|-32|-67|CG0051242|-32|-67|CG0051243|-34|-67|CG0051243|-34|-67|CG0051243|-34|-67|CG0051243|-34|-67|CG0051244|-32|-67|CG0051244|-32|-67|CG0051244|-32|-67|CG0051244|-32|-67|CG0051244|-32|-67|CG0051244|-32|-67|CG0051245|-32|-67|CG0051245|-32|-67|CG0051245|-32|-67|CG0051245|-32|-67|CG0051245|-32|-67|CG0051245|-32|-67|CG0051246|-22|-67|CG0051246|-22|-67|CG0051246|-22|-67|CG0051246|-22|-67|CG0051247|-21|-67|CG0051247|-21|-67|CG0051247|-21|-67|CG0051247|-21|-67
79|7|6|1800|17|CG0051261|-21|-65|CG0051261|-21|-65|CG0051262|-28|-56|CG0051262|-28|-56|CG0051263|-30|-53|CG0051263|-30|-53|CG0051263|-30|-53|CG0051263|-30|-53|CG0051263|-30|-53|CG0051264|-16|-65|CG0051265|-14|-64|CG0051265|-14|-64|CG0051265|-14|-64|CG0051265|-14|-64|CG0051265|-14|-64|CG0051265|-14|-64|CG0051265|-14|-64
79|7|7|1500|16|CG0051829|-22|-66|CG0051829|-22|-66|CG0051831|-28|-65|CG0051831|-28|-65|CG0051832|-35|-64|CG0051832|-35|-64|CG0051832|-35|-64|CG0051833|-37|-68|CG0051834|-43|-63|CG0051835|-62|-45|CG0051836|-72|-47|CG0051836|-72|-47|CG0051837|-76|-54|CG0051838|-78|-46|CG0051838|-78|-46|CG0051830|-64|-51
79|7|8|1000|2|CG0051256|-25|-59|CG0051257|-21|-62
79|7|9|1000|1|CG0051258|-23|-63
79|7|10|1500|6|CG0051250|-15|-66|CG0051251|-36|-62|CG0051252|-60|-31|CG0051253|-61|-29|CG0051254|-61|-24|CG0051255|-61|-23
