83|0|0|1600|4|CG0052653|-19|-71|CG0052654|-19|-71|CG0052655|-20|-71|CG0052654|-19|-71
83|0|1|1000|6|CG0052658|-16|-76|CG0052659|-20|-78|CG0052660|-22|-74|CG0052661|-19|-76|CG0052662|-15|-78|CG0052663|-23|-74
83|0|2|400|1|CG0188372|-32|-70
83|0|3|600|6|CG0052626|-18|-77|CG0052627|-20|-81|CG0052628|-22|-79|CG0052629|-18|-77|CG0052630|-18|-81|CG0052631|-21|-79
83|0|4|100|1|CG0196344|-27|-55
83|0|5|1500|32|CG0052618|-21|-67|CG0052618|-21|-67|CG0052618|-21|-67|CG0052618|-21|-67|CG0052619|-16|-77|CG0052619|-16|-77|CG0052619|-16|-77|CG0052619|-16|-77|CG0052620|-17|-77|CG0052620|-17|-77|CG0052620|-17|-77|CG0052620|-17|-77|CG0052620|-17|-77|CG0052620|-17|-77|CG0052621|-33|-84|CG0052621|-33|-84|CG0052622|-51|-77|CG0052622|-51|-77|CG0052623|-59|-70|CG0052623|-59|-70|CG0052623|-59|-70|CG0052623|-59|-70|CG0052623|-59|-70|CG0052623|-59|-70|CG0052624|-53|-73|CG0052624|-53|-73|CG0052624|-53|-73|CG0052624|-53|-73|CG0052625|-30|-70|CG0052625|-30|-70|CG0052625|-30|-70|CG0052625|-30|-70
83|0|6|1800|17|CG0052645|-25|-75|CG0052645|-25|-75|CG0052646|-26|-69|CG0052646|-26|-69|CG0052647|-27|-67|CG0052647|-27|-67|CG0052647|-27|-67|CG0052647|-27|-67|CG0052647|-27|-67|CG0052648|-28|-88|CG0052649|-23|-60|CG0052649|-23|-60|CG0052649|-23|-60|CG0052649|-23|-60|CG0052649|-23|-60|CG0052649|-23|-60|CG0052649|-23|-60
83|0|7|1500|16|CG0051332|-22|-66|CG0051332|-22|-66|CG0051334|-24|-63|CG0051334|-24|-63|CG0051335|-22|-59|CG0051335|-22|-59|CG0051335|-22|-59|CG0051336|-28|-66|CG0051337|-40|-73|CG0051338|-45|-63|CG0051339|-52|-61|CG0051339|-52|-61|CG0051340|-55|-64|CG0051341|-57|-61|CG0051341|-57|-61|CG0051333|-48|-69
83|0|8|1000|2|CG0052640|-26|-64|CG0052641|-19|-80
83|0|9|1000|1|CG0052642|-20|-74
83|0|10|1500|6|CG0052634|-22|-64|CG0052635|-28|-71|CG0052636|-45|-41|CG0052637|-45|-53|CG0052638|-45|-47|CG0052639|-45|-45
83|1|0|1600|4|CG0052701|-20|-72|CG0052702|-20|-71|CG0052703|-20|-70|CG0052702|-20|-71
83|1|1|1000|6|CG0052706|-20|-76|CG0052707|-20|-77|CG0052708|-20|-74|CG0052709|-20|-76|CG0052710|-20|-77|CG0052711|-20|-74
83|1|2|400|1|CG0188417|-17|-71
83|1|3|600|6|CG0052674|-18|-76|CG0052675|-18|-80|CG0052676|-18|-78|CG0052677|-18|-76|CG0052678|-19|-80|CG0052679|-19|-78
83|1|4|100|1|CG0196384|-26|-58
83|1|5|1500|32|CG0052666|-15|-66|CG0052666|-15|-66|CG0052666|-15|-66|CG0052666|-15|-66|CG0052667|-13|-70|CG0052667|-13|-70|CG0052667|-13|-70|CG0052667|-13|-70|CG0052668|-13|-70|CG0052668|-13|-70|CG0052668|-13|-70|CG0052668|-13|-70|CG0052668|-13|-70|CG0052668|-13|-70|CG0052669|-24|-83|CG0052669|-24|-83|CG0052670|-33|-82|CG0052670|-33|-82|CG0052671|-20|-74|CG0052671|-20|-74|CG0052671|-20|-74|CG0052671|-20|-74|CG0052671|-20|-74|CG0052671|-20|-74|CG0052672|-30|-76|CG0052672|-30|-76|CG0052672|-30|-76|CG0052672|-30|-76|CG0052673|-21|-72|CG0052673|-21|-72|CG0052673|-21|-72|CG0052673|-21|-72
83|1|6|1800|17|CG0052693|-19|-68|CG0052693|-19|-68|CG0052694|-18|-63|CG0052694|-18|-63|CG0052695|-19|-61|CG0052695|-19|-61|CG0052695|-19|-61|CG0052695|-19|-61|CG0052695|-19|-61|CG0052696|-26|-82|CG0052697|-35|-58|CG0052697|-35|-58|CG0052697|-35|-58|CG0052697|-35|-58|CG0052697|-35|-58|CG0052697|-35|-58|CG0052697|-35|-58
83|1|7|1500|16|CG0051403|-16|-66|CG0051403|-16|-66|CG0051405|-13|-56|CG0051405|-13|-56|CG0051406|-12|-59|CG0051406|-12|-59|CG0051406|-12|-59|CG0051407|-12|-66|CG0051408|-26|-76|CG0051409|-30|-70|CG0051410|-30|-69|CG0051410|-30|-69|CG0051411|-28|-73|CG0051412|-30|-70|CG0051412|-30|-70|CG0051404|-27|-76
83|1|8|1000|2|CG0052688|-19|-65|CG0052689|-31|-78
83|1|9|1000|1|CG0052690|-15|-67
83|1|10|1500|6|CG0052682|-22|-63|CG0052683|-22|-74|CG0052684|-22|-48|CG0052685|-22|-46|CG0052686|-21|-44|CG0052687|-21|-43
83|2|0|1600|4|CG0052749|-15|-67|CG0052750|-14|-67|CG0052751|-14|-66|CG0052750|-14|-67
83|2|1|1000|6|CG0052754|-18|-66|CG0052755|-19|-68|CG0052756|-23|-64|CG0052757|-19|-66|CG0052758|-18|-68|CG0052759|-20|-64
83|2|2|400|1|CG0188462|-33|-62
83|2|3|600|6|CG0052722|-18|-67|CG0052723|-20|-71|CG0052724|-24|-69|CG0052725|-19|-67|CG0052726|-19|-71|CG0052727|-19|-69
83|2|4|100|1|CG0196424|-14|-57
83|2|5|1500|32|CG0052714|-18|-66|CG0052714|-18|-66|CG0052714|-18|-66|CG0052714|-18|-66|CG0052715|-19|-61|CG0052715|-19|-61|CG0052715|-19|-61|CG0052715|-19|-61|CG0052716|-27|-71|CG0052716|-27|-71|CG0052716|-27|-71|CG0052716|-27|-71|CG0052716|-27|-71|CG0052716|-27|-71|CG0052717|-13|-72|CG0052717|-13|-72|CG0052718|-11|-78|CG0052718|-11|-78|CG0052719|-9|-71|CG0052719|-9|-71|CG0052719|-9|-71|CG0052719|-9|-71|CG0052719|-9|-71|CG0052719|-9|-71|CG0052720|-7|-69|CG0052720|-7|-69|CG0052720|-7|-69|CG0052720|-7|-69|CG0052721|-9|-70|CG0052721|-9|-70|CG0052721|-9|-70|CG0052721|-9|-70
83|2|6|1800|17|CG0052741|-14|-67|CG0052741|-14|-67|CG0052742|-15|-61|CG0052742|-15|-61|CG0052743|-14|-59|CG0052743|-14|-59|CG0052743|-14|-59|CG0052743|-14|-59|CG0052743|-14|-59|CG0052744|-15|-68|CG0052745|-29|-59|CG0052745|-29|-59|CG0052745|-29|-59|CG0052745|-29|-59|CG0052745|-29|-59|CG0052745|-29|-59|CG0052745|-29|-59
83|2|7|1500|16|CG0051474|-14|-65|CG0051474|-14|-65|CG0051476|-21|-57|CG0051476|-21|-57|CG0051477|-23|-56|CG0051477|-23|-56|CG0051477|-23|-56|CG0051478|-12|-64|CG0051479|-5|-72|CG0051480|-5|-63|CG0051481|2|-69|CG0051481|2|-69|CG0051482|4|-73|CG0051483|7|-66|CG0051483|7|-66|CG0051475|0|-69
83|2|8|1000|2|CG0052736|-17|-64|CG0052737|-31|-67
83|2|9|1000|1|CG0052738|-15|-66
83|2|10|1500|6|CG0052730|-19|-64|CG0052731|-15|-71|CG0052732|-20|-41|CG0052733|-18|-39|CG0052734|-20|-37|CG0052735|-21|-37
83|3|0|1600|4|CG0052797|-15|-67|CG0052798|-17|-67|CG0052799|-18|-66|CG0052798|-17|-67
83|3|1|1000|6|CG0052802|-19|-67|CG0052803|-18|-69|CG0052804|-23|-65|CG0052805|-18|-67|CG0052806|-19|-69|CG0052807|-23|-65
83|3|2|400|1|CG0188507|-36|-53
83|3|3|600|6|CG0052770|-21|-64|CG0052771|-20|-68|CG0052772|-23|-66|CG0052773|-17|-64|CG0052774|-19|-68|CG0052775|-23|-66
83|3|4|100|1|CG0196464|-10|-51
83|3|5|1500|32|CG0052762|-31|-66|CG0052762|-31|-66|CG0052762|-31|-66|CG0052762|-31|-66|CG0052763|-38|-64|CG0052763|-38|-64|CG0052763|-38|-64|CG0052763|-38|-64|CG0052764|-46|-76|CG0052764|-46|-76|CG0052764|-46|-76|CG0052764|-46|-76|CG0052764|-46|-76|CG0052764|-46|-76|CG0052765|-34|-65|CG0052765|-34|-65|CG0052766|-4|-66|CG0052766|-4|-66|CG0052767|-4|-62|CG0052767|-4|-62|CG0052767|-4|-62|CG0052767|-4|-62|CG0052767|-4|-62|CG0052767|-4|-62|CG0052768|-2|-51|CG0052768|-2|-51|CG0052768|-2|-51|CG0052768|-2|-51|CG0052769|-19|-65|CG0052769|-19|-65|CG0052769|-19|-65|CG0052769|-19|-65
83|3|6|1800|17|CG0052789|-19|-65|CG0052789|-19|-65|CG0052790|-19|-56|CG0052790|-19|-56|CG0052791|-14|-54|CG0052791|-14|-54|CG0052791|-14|-54|CG0052791|-14|-54|CG0052791|-14|-54|CG0052792|-10|-64|CG0052793|-48|-63|CG0052793|-48|-63|CG0052793|-48|-63|CG0052793|-48|-63|CG0052793|-48|-63|CG0052793|-48|-63|CG0052793|-48|-63
83|3|7|1500|16|CG0051545|-12|-65|CG0051545|-12|-65|CG0051547|-30|-62|CG0051547|-30|-62|CG0051548|-35|-59|CG0051548|-35|-59|CG0051548|-35|-59|CG0051549|-25|-63|CG0051550|-12|-61|CG0051551|-13|-57|CG0051552|-1|-59|CG0051552|-1|-59|CG0051553|7|-62|CG0051554|7|-54|CG0051554|7|-54|CG0051546|-3|-51
83|3|8|1000|2|CG0052784|-23|-59|CG0052785|-37|-62
83|3|9|1000|1|CG0052786|-18|-69
83|3|10|1500|6|CG0052778|-23|-66|CG0052779|-13|-63|CG0052780|-20|-32|CG0052781|-17|-28|CG0052782|-21|-21|CG0052783|-20|-21
83|4|0|1600|4|CG0052845|-22|-67|CG0052846|-22|-67|CG0052847|-22|-67|CG0052846|-22|-67
83|4|1|1000|6|CG0052850|-23|-69|CG0052851|-23|-71|CG0052852|-23|-67|CG0052853|-23|-69|CG0052854|-23|-71|CG0052855|-23|-67
83|4|2|400|1|CG0188552|-25|-51
83|4|3|600|6|CG0052818|-21|-66|CG0052819|-18|-70|CG0052820|-18|-69|CG0052821|-18|-66|CG0052822|-19|-70|CG0052823|-23|-69
83|4|4|100|1|CG0196504|-21|-46
83|4|5|1500|32|CG0052810|-26|-67|CG0052810|-26|-67|CG0052810|-26|-67|CG0052810|-26|-67|CG0052811|-41|-68|CG0052811|-41|-68|CG0052811|-41|-68|CG0052811|-41|-68|CG0052812|-38|-84|CG0052812|-38|-84|CG0052812|-38|-84|CG0052812|-38|-84|CG0052812|-38|-84|CG0052812|-38|-84|CG0052813|-38|-65|CG0052813|-38|-65|CG0052814|-3|-53|CG0052814|-3|-53|CG0052815|0|-47|CG0052815|0|-47|CG0052815|0|-47|CG0052815|0|-47|CG0052815|0|-47|CG0052815|0|-47|CG0052816|1|-33|CG0052816|1|-33|CG0052816|1|-33|CG0052816|1|-33|CG0052817|-25|-59|CG0052817|-25|-59|CG0052817|-25|-59|CG0052817|-25|-59
83|4|6|1800|17|CG0052837|-26|-62|CG0052837|-26|-62|CG0052838|-24|-50|CG0052838|-24|-50|CG0052839|-18|-47|CG0052839|-18|-47|CG0052839|-18|-47|CG0052839|-18|-47|CG0052839|-18|-47|CG0052840|-15|-64|CG0052841|-53|-72|CG0052841|-53|-72|CG0052841|-53|-72|CG0052841|-53|-72|CG0052841|-53|-72|CG0052841|-53|-72|CG0052841|-53|-72
83|4|7|1500|16|CG0051616|-20|-66|CG0051616|-20|-66|CG0051618|-29|-68|CG0051618|-29|-68|CG0051619|-29|-65|CG0051619|-29|-65|CG0051619|-29|-65|CG0051620|-31|-65|CG0051621|-17|-50|CG0051622|-15|-44|CG0051623|-8|-40|CG0051623|-8|-40|CG0051624|-2|-44|CG0051625|-2|-36|CG0051625|-2|-36|CG0051617|-9|-32
83|4|8|1000|2|CG0052832|-27|-54|CG0052833|-48|-70
83|4|9|1000|1|CG0052834|-23|-77
83|4|10|1500|6|CG0052826|-26|-69|CG0052827|-14|-54|CG0052828|-20|-24|CG0052829|-18|-26|CG0052830|-20|-20|CG0052831|-19|-18
83|5|0|1600|4|CG0052893|-19|-67|CG0052894|-21|-67|CG0052895|-24|-67|CG0052894|-21|-67
83|5|1|1000|6|CG0052898|-22|-69|CG0052899|-22|-71|CG0052900|-22|-68|CG0052901|-22|-69|CG0052902|-22|-71|CG0052903|-22|-68
83|5|2|400|1|CG0188597|-19|-60
83|5|3|600|6|CG0052866|-19|-67|CG0052867|-19|-71|CG0052868|-19|-69|CG0052869|-19|-67|CG0052870|-19|-71|CG0052871|-19|-69
83|5|4|100|1|CG0196544|-24|-45
83|5|5|1500|32|CG0052858|-35|-67|CG0052858|-35|-67|CG0052858|-35|-67|CG0052858|-35|-67|CG0052859|-25|-70|CG0052859|-25|-70|CG0052859|-25|-70|CG0052859|-25|-70|CG0052860|-14|-89|CG0052860|-14|-89|CG0052860|-14|-89|CG0052860|-14|-89|CG0052860|-14|-89|CG0052860|-14|-89|CG0052861|-22|-64|CG0052861|-22|-64|CG0052862|-19|-48|CG0052862|-19|-48|CG0052863|-30|-36|CG0052863|-30|-36|CG0052863|-30|-36|CG0052863|-30|-36|CG0052863|-30|-36|CG0052863|-30|-36|CG0052864|-23|-34|CG0052864|-23|-34|CG0052864|-23|-34|CG0052864|-23|-34|CG0052865|-20|-56|CG0052865|-20|-56|CG0052865|-20|-56|CG0052865|-20|-56
83|5|6|1800|17|CG0052885|-20|-61|CG0052885|-20|-61|CG0052886|-19|-47|CG0052886|-19|-47|CG0052887|-23|-44|CG0052887|-23|-44|CG0052887|-23|-44|CG0052887|-23|-44|CG0052887|-23|-44|CG0052888|-33|-63|CG0052889|-35|-88|CG0052889|-35|-88|CG0052889|-35|-88|CG0052889|-35|-88|CG0052889|-35|-88|CG0052889|-35|-88|CG0052889|-35|-88
83|5|7|1500|16|CG0051687|-21|-66|CG0051687|-21|-66|CG0051689|-18|-71|CG0051689|-18|-71|CG0051690|-17|-68|CG0051690|-17|-68|CG0051690|-17|-68|CG0051691|-22|-67|CG0051692|-20|-46|CG0051693|-16|-33|CG0051694|-16|-41|CG0051694|-16|-41|CG0051695|-16|-45|CG0051696|-16|-37|CG0051696|-16|-37|CG0051688|-22|-25
83|5|8|1000|2|CG0052880|-18|-52|CG0052881|-35|-73
83|5|9|1000|1|CG0052882|-16|-84
83|5|10|1500|6|CG0052874|-27|-70|CG0052875|-46|-50|CG0052876|-57|-23|CG0052877|-53|-25|CG0052878|-56|-20|CG0052879|-55|-18
83|6|0|1600|4|CG0052941|-42|-67|CG0052942|-44|-67|CG0052943|-45|-67|CG0052942|-44|-67
83|6|1|1000|6|CG0052946|-37|-69|CG0052947|-37|-71|CG0052948|-37|-67|CG0052949|-37|-69|CG0052950|-37|-71|CG0052951|-37|-67
83|6|2|400|1|CG0188642|-38|-63
83|6|3|600|6|CG0052914|-34|-66|CG0052915|-35|-70|CG0052916|-34|-68|CG0052917|-34|-66|CG0052918|-35|-70|CG0052919|-34|-68
83|6|4|100|1|CG0196584|-20|-48
83|6|5|1500|32|CG0052906|-47|-67|CG0052906|-47|-67|CG0052906|-47|-67|CG0052906|-47|-67|CG0052907|-22|-72|CG0052907|-22|-72|CG0052907|-22|-72|CG0052907|-22|-72|CG0052908|-20|-89|CG0052908|-20|-89|CG0052908|-20|-89|CG0052908|-20|-89|CG0052908|-20|-89|CG0052908|-20|-89|CG0052909|-38|-65|CG0052909|-38|-65|CG0052910|-67|-56|CG0052910|-67|-56|CG0052911|-64|-37|CG0052911|-64|-37|CG0052911|-64|-37|CG0052911|-64|-37|CG0052911|-64|-37|CG0052911|-64|-37|CG0052912|-54|-48|CG0052912|-54|-48|CG0052912|-54|-48|CG0052912|-54|-48|CG0052913|-51|-58|CG0052913|-51|-58|CG0052913|-51|-58|CG0052913|-51|-58
83|6|6|1800|17|CG0052933|-49|-62|CG0052933|-49|-62|CG0052934|-49|-49|CG0052934|-49|-49|CG0052935|-54|-46|CG0052935|-54|-46|CG0052935|-54|-46|CG0052935|-54|-46|CG0052935|-54|-46|CG0052936|-45|-69|CG0052937|-34|-91|CG0052937|-34|-91|CG0052937|-34|-91|CG0052937|-34|-91|CG0052937|-34|-91|CG0052937|-34|-91|CG0052937|-34|-91
83|6|7|1500|16|CG0051758|-14|-66|CG0051758|-14|-66|CG0051760|-20|-70|CG0051760|-20|-70|CG0051761|-32|-68|CG0051761|-32|-68|CG0051761|-32|-68|CG0051762|-27|-68|CG0051763|-42|-52|CG0051764|-50|-35|CG0051765|-58|-44|CG0051765|-58|-44|CG0051766|-60|-49|CG0051767|-62|-41|CG0051767|-62|-41|CG0051759|-51|-31
83|6|8|1000|2|CG0052928|-45|-54|CG0052929|-29|-70
83|6|9|1000|1|CG0052930|-33|-86
83|6|10|1500|6|CG0052922|-52|-69|CG0052923|-57|-54|CG0052924|-75|-28|CG0052925|-79|-22|CG0052926|-79|-22|CG0052927|-78|-19
83|7|0|1600|4|CG0052989|-42|-66|CG0052990|-41|-66|CG0052991|-39|-66|CG0052990|-41|-66
83|7|1|1000|6|CG0052994|-33|-68|CG0052995|-34|-70|CG0052996|-33|-66|CG0052997|-33|-68|CG0052998|-34|-70|CG0052999|-33|-66
83|7|2|400|1|CG0188687|-44|-60
83|7|3|600|6|CG0052962|-32|-69|CG0052963|-32|-73|CG0052964|-32|-71|CG0052965|-32|-69|CG0052966|-32|-73|CG0052967|-32|-71
83|7|4|100|1|CG0196624|-25|-51
83|7|5|1500|32|CG0052954|-32|-67|CG0052954|-32|-67|CG0052954|-32|-67|CG0052954|-32|-67|CG0052955|-20|-77|CG0052955|-20|-77|CG0052955|-20|-77|CG0052955|-20|-77|CG0052956|-23|-85|CG0052956|-23|-85|CG0052956|-23|-85|CG0052956|-23|-85|CG0052956|-23|-85|CG0052956|-23|-85|CG0052957|-36|-74|CG0052957|-36|-74|CG0052958|-83|-66|CG0052958|-83|-66|CG0052959|-86|-58|CG0052959|-86|-58|CG0052959|-86|-58|CG0052959|-86|-58|CG0052959|-86|-58|CG0052959|-86|-58|CG0052960|-76|-63|CG0052960|-76|-63|CG0052960|-76|-63|CG0052960|-76|-63|CG0052961|-52|-64|CG0052961|-52|-64|CG0052961|-52|-64|CG0052961|-52|-64
83|7|6|1800|17|CG0052981|-53|-65|CG0052981|-53|-65|CG0052982|-53|-56|CG0052982|-53|-56|CG0052983|-53|-53|CG0052983|-53|-53|CG0052983|-53|-53|CG0052983|-53|-53|CG0052983|-53|-53|CG0052984|-29|-85|CG0052985|-15|-80|CG0052985|-15|-80|CG0052985|-15|-80|CG0052985|-15|-80|CG0052985|-15|-80|CG0052985|-15|-80|CG0052985|-15|-80
83|7|7|1500|16|CG0051829|-22|-66|CG0051829|-22|-66|CG0051831|-28|-65|CG0051831|-28|-65|CG0051832|-35|-64|CG0051832|-35|-64|CG0051832|-35|-64|CG0051833|-37|-68|CG0051834|-43|-63|CG0051835|-62|-45|CG0051836|-72|-47|CG0051836|-72|-47|CG0051837|-76|-54|CG0051838|-78|-46|CG0051838|-78|-46|CG0051830|-64|-51
83|7|8|1000|2|CG0052976|-49|-59|CG0052977|-21|-76
83|7|9|1000|1|CG0052978|-36|-82
83|7|10|1500|6|CG0052970|-47|-66|CG0052971|-36|-62|CG0052972|-60|-33|CG0052973|-60|-39|CG0052974|-60|-35|CG0052975|-60|-33
