15|0|0|1000|4|CG0025765|-18|-70|CG0025766|-18|-69|CG0025767|-18|-69|CG0025766|-18|-69
15|0|1|1000|6|CG0025770|-15|-70|CG0025771|-21|-71|CG0025772|-17|-70|CG0025773|-17|-71|CG0025774|-11|-73|CG0025775|-22|-70
15|0|2|1000|10|CG0026128|-15|-68|CG0026128|-15|-68|CG0026129|-20|-68|CG0026129|-20|-68|CG0026130|-26|-86|CG0026130|-26|-86|CG0026130|-26|-86|CG0026130|-26|-86|CG0026129|-20|-68|CG0026128|-15|-68
15|0|3|400|6|CG0025737|-29|-66|CG0025738|-29|-68|CG0025739|-29|-68|CG0025740|-29|-66|CG0025741|-29|-69|CG0025742|-29|-68
15|0|4|300|3|CG0025743|-25|-68|CG0025744|-27|-68|CG0025745|-29|-67
15|0|5|1200|26|CG0025730|-20|-67|CG0025730|-20|-67|CG0025730|-20|-67|CG0025730|-20|-67|CG0025731|-20|-67|CG0025731|-20|-67|CG0025731|-20|-67|CG0025731|-20|-67|CG0025732|-32|-69|CG0025732|-32|-69|CG0025732|-32|-69|CG0025732|-32|-69|CG0025733|-54|-78|CG0025733|-54|-78|CG0025734|-60|-65|CG0025734|-60|-65|CG0025734|-60|-65|CG0025734|-60|-65|CG0025735|-40|-66|CG0025735|-40|-66|CG0025735|-40|-66|CG0025735|-40|-66|CG0025736|-22|-71|CG0025736|-22|-71|CG0025736|-22|-71|CG0025736|-22|-71
15|0|6|1000|5|CG0025759|-21|-69|CG0025760|-21|-69|CG0025761|-19|-67|CG0025761|-19|-67|CG0025761|-19|-67
15|0|7|800|7|CG0025259|-16|-67|CG0025259|-16|-67|CG0025260|-19|-74|CG0025260|-19|-74|CG0025262|-35|-68|CG0025263|-33|-52|CG0025263|-33|-52
15|0|8|1000|2|CG0025754|-21|-70|CG0025755|-24|-66
15|0|9|1000|1|CG0025756|-31|-53
15|0|10|1000|6|CG0025748|-25|-71|CG0025749|-39|-76|CG0025750|-34|-67|CG0025751|-51|-40|CG0025752|-41|-38|CG0025753|-50|-35
15|1|0|1000|4|CG0025813|-13|-69|CG0025814|-13|-68|CG0025815|-13|-68|CG0025814|-13|-68
15|1|1|1000|6|CG0025818|-16|-69|CG0025819|-16|-71|CG0025820|-13|-68|CG0025821|-12|-69|CG0025822|-16|-71|CG0025823|-17|-68
15|1|2|1000|10|CG0026177|-19|-69|CG0026177|-19|-69|CG0026178|-18|-68|CG0026178|-18|-68|CG0026179|-16|-91|CG0026179|-16|-91|CG0026179|-16|-91|CG0026179|-16|-91|CG0026178|-18|-68|CG0026177|-19|-69
15|1|3|400|6|CG0025785|-24|-68|CG0025786|-24|-70|CG0025787|-24|-69|CG0025788|-24|-68|CG0025789|-24|-70|CG0025790|-24|-69
15|1|4|300|3|CG0025791|-25|-68|CG0025792|-25|-69|CG0025793|-25|-69
15|1|5|1200|26|CG0025778|-14|-66|CG0025778|-14|-66|CG0025778|-14|-66|CG0025778|-14|-66|CG0025779|-14|-67|CG0025779|-14|-67|CG0025779|-14|-67|CG0025779|-14|-67|CG0025780|-24|-68|CG0025780|-24|-68|CG0025780|-24|-68|CG0025780|-24|-68|CG0025781|-25|-86|CG0025781|-25|-86|CG0025782|-26|-76|CG0025782|-26|-76|CG0025782|-26|-76|CG0025782|-26|-76|CG0025783|-18|-72|CG0025783|-18|-72|CG0025783|-18|-72|CG0025783|-18|-72|CG0025784|-21|-70|CG0025784|-21|-70|CG0025784|-21|-70|CG0025784|-21|-70
15|1|6|1000|5|CG0025807|-13|-67|CG0025808|-14|-68|CG0025809|-18|-69|CG0025809|-18|-69|CG0025809|-18|-69
15|1|7|800|7|CG0025324|-15|-65|CG0025324|-15|-65|CG0025325|-20|-74|CG0025325|-20|-74|CG0025327|-27|-67|CG0025328|-23|-54|CG0025328|-23|-54
15|1|8|1000|2|CG0025802|-14|-69|CG0025803|-28|-60
15|1|9|1000|1|CG0025804|-19|-52
15|1|10|1000|6|CG0025796|-25|-73|CG0025797|-29|-69|CG0025798|-32|-71|CG0025799|-29|-42|CG0025800|-25|-43|CG0025801|-38|-40
15|2|0|1000|4|CG0025861|-16|-70|CG0025862|-16|-69|CG0025863|-16|-69|CG0025862|-16|-69
15|2|1|1000|6|CG0025866|-20|-71|CG0025867|-22|-73|CG0025868|-22|-70|CG0025869|-19|-70|CG0025870|-18|-71|CG0025871|-24|-70
15|2|2|1000|10|CG0026226|-18|-71|CG0026226|-18|-71|CG0026227|-20|-71|CG0026227|-20|-71|CG0026228|-21|-88|CG0026228|-21|-88|CG0026228|-21|-88|CG0026228|-21|-88|CG0026227|-20|-71|CG0026226|-18|-71
15|2|3|400|6|CG0025833|-24|-67|CG0025834|-20|-69|CG0025835|-21|-68|CG0025836|-20|-67|CG0025837|-22|-69|CG0025838|-30|-68
15|2|4|300|3|CG0025839|-18|-65|CG0025840|-16|-65|CG0025841|-14|-64
15|2|5|1200|26|CG0025826|-16|-66|CG0025826|-16|-66|CG0025826|-16|-66|CG0025826|-16|-66|CG0025827|-24|-67|CG0025827|-24|-67|CG0025827|-24|-67|CG0025827|-24|-67|CG0025828|-23|-70|CG0025828|-23|-70|CG0025828|-23|-70|CG0025828|-23|-70|CG0025829|-6|-79|CG0025829|-6|-79|CG0025830|-2|-74|CG0025830|-2|-74|CG0025830|-2|-74|CG0025830|-2|-74|CG0025831|-7|-68|CG0025831|-7|-68|CG0025831|-7|-68|CG0025831|-7|-68|CG0025832|-16|-72|CG0025832|-16|-72|CG0025832|-16|-72|CG0025832|-16|-72
15|2|6|1000|5|CG0025855|-15|-68|CG0025856|-19|-69|CG0025857|-26|-73|CG0025857|-26|-73|CG0025857|-26|-73
15|2|7|800|7|CG0025389|-14|-67|CG0025389|-14|-67|CG0025390|-22|-74|CG0025390|-22|-74|CG0025392|-9|-68|CG0025393|-17|-53|CG0025393|-17|-53
15|2|8|1000|2|CG0025850|-11|-68|CG0025851|-36|-52
15|2|9|1000|1|CG0025852|-11|-48
15|2|10|1000|6|CG0025844|-20|-65|CG0025845|-31|-72|CG0025846|-24|-75|CG0025847|-22|-46|CG0025848|-27|-43|CG0025849|-31|-35
15|3|0|1000|4|CG0025909|-13|-69|CG0025910|-13|-69|CG0025911|-14|-68|CG0025910|-13|-69
15|3|1|1000|6|CG0025914|-18|-73|CG0025915|-17|-75|CG0025916|-23|-71|CG0025917|-17|-71|CG0025918|-16|-73|CG0025919|-23|-71
15|3|2|1000|10|CG0026275|-20|-71|CG0026275|-20|-71|CG0026276|-18|-72|CG0026276|-18|-72|CG0026277|-17|-80|CG0026277|-17|-80|CG0026277|-17|-80|CG0026277|-17|-80|CG0026276|-18|-72|CG0026275|-20|-71
15|3|3|400|6|CG0025881|-26|-59|CG0025882|-23|-61|CG0025883|-32|-61|CG0025884|-25|-59|CG0025885|-23|-61|CG0025886|-34|-60
15|3|4|300|3|CG0025887|-18|-57|CG0025888|-17|-56|CG0025889|-15|-54
15|3|5|1200|26|CG0025874|-19|-66|CG0025874|-19|-66|CG0025874|-19|-66|CG0025874|-19|-66|CG0025875|-20|-67|CG0025875|-20|-67|CG0025875|-20|-67|CG0025875|-20|-67|CG0025876|-20|-73|CG0025876|-20|-73|CG0025876|-20|-73|CG0025876|-20|-73|CG0025877|3|-63|CG0025877|3|-63|CG0025878|-2|-56|CG0025878|-2|-56|CG0025878|-2|-56|CG0025878|-2|-56|CG0025879|-2|-56|CG0025879|-2|-56|CG0025879|-2|-56|CG0025879|-2|-56|CG0025880|-10|-71|CG0025880|-10|-71|CG0025880|-10|-71|CG0025880|-10|-71
15|3|6|1000|5|CG0025903|-13|-67|CG0025904|-15|-70|CG0025905|-22|-72|CG0025905|-22|-72|CG0025905|-22|-72
15|3|7|800|7|CG0025454|-12|-65|CG0025454|-12|-65|CG0025455|-16|-78|CG0025455|-16|-78|CG0025457|-7|-63|CG0025458|-8|-46|CG0025458|-8|-46
15|3|8|1000|2|CG0025898|-11|-67|CG0025899|-38|-64
15|3|9|1000|1|CG0025900|-9|-43
15|3|10|1000|6|CG0025892|-30|-65|CG0025893|-22|-67|CG0025894|-35|-79|CG0025895|-18|-41|CG0025896|-25|-36|CG0025897|-33|-23
15|4|0|1000|4|CG0025957|-20|-67|CG0025958|-20|-67|CG0025959|-21|-66|CG0025958|-20|-67
15|4|1|1000|6|CG0025962|-19|-71|CG0025963|-18|-73|CG0025964|-20|-70|CG0025965|-21|-70|CG0025966|-21|-71|CG0025967|-22|-70
15|4|2|1000|10|CG0026324|-26|-68|CG0026324|-26|-68|CG0026325|-19|-70|CG0026325|-19|-70|CG0026326|-19|-71|CG0026326|-19|-71|CG0026326|-19|-71|CG0026326|-19|-71|CG0026325|-19|-70|CG0026324|-26|-68
15|4|3|400|6|CG0025929|-30|-51|CG0025930|-30|-53|CG0025931|-30|-52|CG0025932|-30|-51|CG0025933|-30|-52|CG0025934|-30|-52
15|4|4|300|3|CG0025935|-37|-49|CG0025936|-35|-47|CG0025937|-33|-44
15|4|5|1200|26|CG0025922|-25|-66|CG0025922|-25|-66|CG0025922|-25|-66|CG0025922|-25|-66|CG0025923|-22|-67|CG0025923|-22|-67|CG0025923|-22|-67|CG0025923|-22|-67|CG0025924|-17|-73|CG0025924|-17|-73|CG0025924|-17|-73|CG0025924|-17|-73|CG0025925|5|-44|CG0025925|5|-44|CG0025926|-2|-36|CG0025926|-2|-36|CG0025926|-2|-36|CG0025926|-2|-36|CG0025927|1|-43|CG0025927|1|-43|CG0025927|1|-43|CG0025927|1|-43|CG0025928|-15|-67|CG0025928|-15|-67|CG0025928|-15|-67|CG0025928|-15|-67
15|4|6|1000|5|CG0025951|-20|-65|CG0025952|-19|-69|CG0025953|-22|-72|CG0025953|-22|-72|CG0025953|-22|-72
15|4|7|800|7|CG0025519|-14|-62|CG0025519|-14|-62|CG0025520|-24|-78|CG0025520|-24|-78|CG0025522|-9|-57|CG0025523|-17|-34|CG0025523|-17|-34
15|4|8|1000|2|CG0025946|-11|-65|CG0025947|-34|-74
15|4|9|1000|1|CG0025948|-11|-40
15|4|10|1000|6|CG0025940|-29|-74|CG0025941|-26|-54|CG0025942|-35|-76|CG0025943|-13|-43|CG0025944|-20|-41|CG0025945|-30|-28
15|5|0|1000|4|CG0026005|-21|-65|CG0026006|-21|-64|CG0026007|-21|-63|CG0026006|-21|-64
15|5|1|1000|6|CG0026010|-13|-68|CG0026011|-12|-70|CG0026012|-14|-67|CG0026013|-15|-68|CG0026014|-16|-70|CG0026015|-14|-67
15|5|2|1000|10|CG0026373|-18|-68|CG0026373|-18|-68|CG0026374|-26|-68|CG0026374|-26|-68|CG0026375|-12|-68|CG0026375|-12|-68|CG0026375|-12|-68|CG0026375|-12|-68|CG0026374|-26|-68|CG0026373|-18|-68
15|5|3|400|6|CG0025977|-48|-46|CG0025978|-48|-47|CG0025979|-48|-47|CG0025980|-48|-46|CG0025981|-48|-47|CG0025982|-48|-46
15|5|4|300|3|CG0025983|-49|-46|CG0025984|-49|-43|CG0025985|-49|-41
15|5|5|1200|26|CG0025970|-32|-65|CG0025970|-32|-65|CG0025970|-32|-65|CG0025970|-32|-65|CG0025971|-22|-66|CG0025971|-22|-66|CG0025971|-22|-66|CG0025971|-22|-66|CG0025972|-13|-70|CG0025972|-13|-70|CG0025972|-13|-70|CG0025972|-13|-70|CG0025973|-10|-32|CG0025973|-10|-32|CG0025974|-10|-30|CG0025974|-10|-30|CG0025974|-10|-30|CG0025974|-10|-30|CG0025975|-18|-35|CG0025975|-18|-35|CG0025975|-18|-35|CG0025975|-18|-35|CG0025976|-15|-64|CG0025976|-15|-64|CG0025976|-15|-64|CG0025976|-15|-64
15|5|6|1000|5|CG0025999|-17|-64|CG0026000|-18|-66|CG0026001|-22|-72|CG0026001|-22|-72|CG0026001|-22|-72
15|5|7|800|7|CG0025584|-16|-60|CG0025584|-16|-60|CG0025585|-20|-76|CG0025585|-20|-76|CG0025587|-25|-51|CG0025588|-23|-29|CG0025588|-23|-29
15|5|8|1000|2|CG0025994|-15|-61|CG0025995|-31|-75
15|5|9|1000|1|CG0025996|-19|-40
15|5|10|1000|6|CG0025988|-24|-78|CG0025989|-35|-59|CG0025990|-20|-65|CG0025991|-19|-41|CG0025992|-27|-40|CG0025993|-25|-30
15|6|0|1000|4|CG0026053|-32|-69|CG0026054|-31|-68|CG0026055|-31|-67|CG0026054|-31|-68
15|6|1|1000|6|CG0026058|-24|-70|CG0026059|-22|-71|CG0026060|-23|-70|CG0026061|-24|-71|CG0026062|-25|-73|CG0026063|-25|-70
15|6|2|1000|10|CG0026422|-20|-71|CG0026422|-20|-71|CG0026423|-21|-71|CG0026423|-21|-71|CG0026424|-21|-71|CG0026424|-21|-71|CG0026424|-21|-71|CG0026424|-21|-71|CG0026423|-21|-71|CG0026422|-20|-71
15|6|3|400|6|CG0026025|-39|-51|CG0026026|-40|-53|CG0026027|-39|-52|CG0026028|-39|-51|CG0026029|-40|-52|CG0026030|-40|-52
15|6|4|300|3|CG0026031|-33|-53|CG0026032|-35|-51|CG0026033|-37|-49
15|6|5|1200|26|CG0026018|-24|-69|CG0026018|-24|-69|CG0026018|-24|-69|CG0026018|-24|-69|CG0026019|-16|-70|CG0026019|-16|-70|CG0026019|-16|-70|CG0026019|-16|-70|CG0026020|-15|-71|CG0026020|-15|-71|CG0026020|-15|-71|CG0026020|-15|-71|CG0026021|-66|-42|CG0026021|-66|-42|CG0026022|-54|-30|CG0026022|-54|-30|CG0026022|-54|-30|CG0026022|-54|-30|CG0026023|-45|-38|CG0026023|-45|-38|CG0026023|-45|-38|CG0026023|-45|-38|CG0026024|-34|-67|CG0026024|-34|-67|CG0026024|-34|-67|CG0026024|-34|-67
15|6|6|1000|5|CG0026047|-29|-68|CG0026048|-25|-70|CG0026049|-17|-71|CG0026049|-17|-71|CG0026049|-17|-71
15|6|7|800|7|CG0025649|-16|-62|CG0025649|-16|-62|CG0025650|-17|-78|CG0025650|-17|-78|CG0025652|-32|-57|CG0025653|-35|-34|CG0025653|-35|-34
15|6|8|1000|2|CG0026042|-29|-65|CG0026043|-26|-74
15|6|9|1000|1|CG0026044|-32|-45
15|6|10|1000|6|CG0026036|-32|-78|CG0026037|-36|-70|CG0026038|-33|-54|CG0026039|-39|-41|CG0026040|-39|-42|CG0026041|-39|-28
15|7|0|1000|4|CG0026101|-26|-71|CG0026102|-25|-70|CG0026103|-24|-69|CG0026102|-25|-70
15|7|1|1000|6|CG0026106|-23|-72|CG0026107|-22|-72|CG0026108|-23|-71|CG0026109|-23|-72|CG0026110|-24|-75|CG0026111|-25|-71
15|7|2|1000|10|CG0026471|-21|-70|CG0026471|-21|-70|CG0026472|-27|-70|CG0026472|-27|-70|CG0026473|-32|-76|CG0026473|-32|-76|CG0026473|-32|-76|CG0026473|-32|-76|CG0026472|-27|-70|CG0026471|-21|-70
15|7|3|400|6|CG0026073|-36|-59|CG0026074|-36|-61|CG0026075|-36|-61|CG0026076|-36|-59|CG0026077|-36|-61|CG0026078|-36|-60
15|7|4|300|3|CG0026079|-34|-61|CG0026080|-37|-60|CG0026081|-40|-59
15|7|5|1200|26|CG0026066|-22|-70|CG0026066|-22|-70|CG0026066|-22|-70|CG0026066|-22|-70|CG0026067|-24|-71|CG0026067|-24|-71|CG0026067|-24|-71|CG0026067|-24|-71|CG0026068|-23|-71|CG0026068|-23|-71|CG0026068|-23|-71|CG0026068|-23|-71|CG0026069|-84|-60|CG0026069|-84|-60|CG0026070|-76|-44|CG0026070|-76|-44|CG0026070|-76|-44|CG0026070|-76|-44|CG0026071|-58|-53|CG0026071|-58|-53|CG0026071|-58|-53|CG0026071|-58|-53|CG0026072|-36|-70|CG0026072|-36|-70|CG0026072|-36|-70|CG0026072|-36|-70
15|7|6|1000|5|CG0026095|-25|-70|CG0026096|-20|-71|CG0026097|-16|-67|CG0026097|-16|-67|CG0026097|-16|-67
15|7|7|800|7|CG0025714|-17|-65|CG0025714|-17|-65|CG0025715|-15|-78|CG0025715|-15|-78|CG0025717|-33|-63|CG0025718|-39|-46|CG0025718|-39|-46
15|7|8|1000|2|CG0026090|-28|-67|CG0026091|-24|-66
15|7|9|1000|1|CG0026092|-35|-50
15|7|10|1000|6|CG0026084|-34|-76|CG0026085|-26|-75|CG0026086|-36|-56|CG0026087|-45|-42|CG0026088|-45|-41|CG0026089|-44|-21
