57|0|0|1200|4|CG0042347|-16|-83|CG0042348|-16|-83|CG0042349|-16|-83|CG0042348|-16|-83
57|0|1|1000|6|CG0042352|-20|-83|CG0042353|-16|-85|CG0042354|-23|-83|CG0042355|-15|-83|CG0042356|-19|-85|CG0042357|-23|-84
57|0|2|400|1|CG0188372|-32|-70
57|0|3|500|6|CG0042322|-27|-86|CG0042323|-23|-84|CG0042324|-26|-83|CG0042325|-25|-86|CG0042326|-29|-84|CG0042327|-27|-83
57|0|4|250|2|CG0044120|-28|-75|CG0044121|-32|-75
57|0|5|1200|25|CG0042314|-26|-93|CG0042314|-26|-93|CG0042314|-26|-93|CG0042314|-26|-93|CG0042315|-34|-83|CG0042315|-34|-83|CG0042316|-42|-86|CG0042316|-42|-86|CG0042317|-48|-87|CG0042317|-48|-87|CG0042318|-65|-83|CG0042318|-65|-83|CG0042319|-65|-82|CG0042319|-65|-82|CG0042319|-65|-82|CG0042319|-65|-82|CG0042319|-65|-82|CG0042320|-39|-87|CG0042320|-39|-87|CG0042320|-39|-87|CG0042320|-39|-87|CG0042321|-22|-81|CG0042321|-22|-81|CG0042321|-22|-81|CG0042321|-22|-81
57|0|6|1000|7|CG0042341|-33|-83|CG0042341|-33|-83|CG0042342|-46|-82|CG0042343|-22|-85|CG0042343|-22|-85|CG0042343|-22|-85|CG0042343|-22|-85
57|0|7|1200|13|CG0041805|-21|-83|CG0041806|-16|-80|CG0041806|-16|-80|CG0041807|-9|-79|CG0041807|-9|-79|CG0041808|-17|-81|CG0041808|-17|-81|CG0041809|-43|-88|CG0041810|-45|-86|CG0041811|-50|-86|CG0041811|-50|-86|CG0041811|-50|-86|CG0041812|-32|-87
57|0|8|1000|2|CG0042336|-32|-78|CG0042337|-25|-60
57|0|9|1000|1|CG0042338|-36|-75
57|0|10|1200|9|CG0042330|-16|-83|CG0042330|-16|-83|CG0042331|-24|-86|CG0042331|-24|-86|CG0042332|-35|-77|CG0042332|-35|-77|CG0042333|-46|-74|CG0042334|-58|-64|CG0042335|-65|-54
57|1|0|1200|4|CG0042393|-21|-80|CG0042394|-20|-81|CG0042395|-19|-81|CG0042394|-20|-81
57|1|1|1000|6|CG0042398|-20|-81|CG0042399|-20|-82|CG0042400|-19|-80|CG0042401|-20|-81|CG0042402|-20|-83|CG0042403|-20|-82
57|1|2|400|1|CG0188417|-17|-71
57|1|3|500|6|CG0042368|-25|-86|CG0042369|-25|-84|CG0042370|-25|-83|CG0042371|-25|-85|CG0042372|-20|-84|CG0042373|-19|-83
57|1|4|250|2|CG0044190|-17|-70|CG0044191|-17|-72
57|1|5|1200|25|CG0042360|-17|-89|CG0042360|-17|-89|CG0042360|-17|-89|CG0042360|-17|-89|CG0042361|-24|-82|CG0042361|-24|-82|CG0042362|-30|-87|CG0042362|-30|-87|CG0042363|-27|-92|CG0042363|-27|-92|CG0042364|-25|-89|CG0042364|-25|-89|CG0042365|-25|-88|CG0042365|-25|-88|CG0042365|-25|-88|CG0042365|-25|-88|CG0042365|-25|-88|CG0042366|-22|-86|CG0042366|-22|-86|CG0042366|-22|-86|CG0042366|-22|-86|CG0042367|-17|-75|CG0042367|-17|-75|CG0042367|-17|-75|CG0042367|-17|-75
57|1|6|1000|7|CG0042387|-24|-80|CG0042387|-24|-80|CG0042388|-25|-80|CG0042389|-20|-92|CG0042389|-20|-92|CG0042389|-20|-92|CG0042389|-20|-92
57|1|7|1200|13|CG0041875|-22|-79|CG0041876|-20|-74|CG0041876|-20|-74|CG0041877|-19|-74|CG0041877|-19|-74|CG0041878|-15|-74|CG0041878|-15|-74|CG0041879|-21|-88|CG0041880|-33|-92|CG0041881|-30|-93|CG0041881|-30|-93|CG0041881|-30|-93|CG0041882|-23|-88
57|1|8|1000|2|CG0042382|-26|-79|CG0042383|-31|-54
57|1|9|1000|1|CG0042384|-24|-75
57|1|10|1200|9|CG0042376|-20|-81|CG0042376|-20|-81|CG0042377|-19|-85|CG0042377|-19|-85|CG0042378|-18|-79|CG0042378|-18|-79|CG0042379|-18|-79|CG0042380|-19|-70|CG0042381|-20|-64
57|2|0|1200|4|CG0042439|-23|-77|CG0042440|-22|-78|CG0042441|-22|-78|CG0042440|-22|-78
57|2|1|1000|6|CG0042444|-22|-78|CG0042445|-22|-79|CG0042446|-21|-77|CG0042447|-22|-78|CG0042448|-22|-80|CG0042449|-22|-79
57|2|2|400|1|CG0188462|-33|-62
57|2|3|500|6|CG0042414|-18|-81|CG0042415|-17|-79|CG0042416|-24|-78|CG0042417|-13|-80|CG0042418|-26|-79|CG0042419|-28|-78
57|2|4|250|2|CG0044260|-19|-71|CG0044261|-14|-73
57|2|5|1200|25|CG0042406|-21|-86|CG0042406|-21|-86|CG0042406|-21|-86|CG0042406|-21|-86|CG0042407|-39|-79|CG0042407|-39|-79|CG0042408|-27|-84|CG0042408|-27|-84|CG0042409|-5|-85|CG0042409|-5|-85|CG0042410|-11|-80|CG0042410|-11|-80|CG0042411|-12|-79|CG0042411|-12|-79|CG0042411|-12|-79|CG0042411|-12|-79|CG0042411|-12|-79|CG0042412|-3|-78|CG0042412|-3|-78|CG0042412|-3|-78|CG0042412|-3|-78|CG0042413|-22|-72|CG0042413|-22|-72|CG0042413|-22|-72|CG0042413|-22|-72
57|2|6|1000|7|CG0042433|-23|-77|CG0042433|-23|-77|CG0042434|-23|-77|CG0042435|-23|-97|CG0042435|-23|-97|CG0042435|-23|-97|CG0042435|-23|-97
57|2|7|1200|13|CG0041945|-22|-80|CG0041946|-26|-76|CG0041946|-26|-76|CG0041947|-27|-76|CG0041947|-27|-76|CG0041948|-35|-74|CG0041948|-35|-74|CG0041949|-8|-83|CG0041950|-15|-87|CG0041951|-13|-89|CG0041951|-13|-89|CG0041951|-13|-89|CG0041952|-13|-83
57|2|8|1000|2|CG0042428|-16|-78|CG0042429|-44|-61
57|2|9|1000|1|CG0042430|-11|-73
57|2|10|1200|9|CG0042422|-22|-78|CG0042422|-22|-78|CG0042423|-15|-81|CG0042423|-15|-81|CG0042424|-16|-72|CG0042424|-16|-72|CG0042425|-15|-69|CG0042426|-16|-62|CG0042427|-15|-54
57|3|0|1200|4|CG0042485|-20|-80|CG0042486|-21|-80|CG0042487|-21|-79|CG0042486|-21|-80
57|3|1|1000|6|CG0042490|-21|-80|CG0042491|-20|-81|CG0042492|-22|-79|CG0042493|-20|-80|CG0042494|-21|-82|CG0042495|-23|-81
57|3|2|400|1|CG0188507|-36|-53
57|3|3|500|6|CG0042460|-17|-79|CG0042461|-28|-78|CG0042462|-35|-77|CG0042463|-16|-79|CG0042464|-28|-78|CG0042465|-30|-76
57|3|4|250|2|CG0044330|-21|-71|CG0044331|-15|-70
57|3|5|1200|25|CG0042452|-31|-86|CG0042452|-31|-86|CG0042452|-31|-86|CG0042452|-31|-86|CG0042453|-36|-82|CG0042453|-36|-82|CG0042454|-38|-81|CG0042454|-38|-81|CG0042455|-9|-76|CG0042455|-9|-76|CG0042456|-2|-65|CG0042456|-2|-65|CG0042457|-3|-64|CG0042457|-3|-64|CG0042457|-3|-64|CG0042457|-3|-64|CG0042457|-3|-64|CG0042458|2|-72|CG0042458|2|-72|CG0042458|2|-72|CG0042458|2|-72|CG0042459|-25|-76|CG0042459|-25|-76|CG0042459|-25|-76|CG0042459|-25|-76
57|3|6|1000|7|CG0042479|-22|-80|CG0042479|-22|-80|CG0042480|-22|-79|CG0042481|-21|-96|CG0042481|-21|-96|CG0042481|-21|-96|CG0042481|-21|-96
57|3|7|1200|13|CG0042015|-20|-80|CG0042016|-34|-80|CG0042016|-34|-80|CG0042017|-40|-79|CG0042017|-40|-79|CG0042018|-39|-78|CG0042018|-39|-78|CG0042019|-16|-79|CG0042020|-10|-80|CG0042021|-8|-78|CG0042021|-8|-78|CG0042021|-8|-78|CG0042022|-9|-81
57|3|8|1000|2|CG0042474|-15|-76|CG0042475|-52|-67
57|3|9|1000|1|CG0042476|-16|-70
57|3|10|1200|9|CG0042468|-20|-80|CG0042468|-20|-80|CG0042469|-12|-79|CG0042469|-12|-79|CG0042470|-9|-63|CG0042470|-9|-63|CG0042471|-9|-55|CG0042472|-10|-43|CG0042473|-9|-26
57|4|0|1200|4|CG0042531|-23|-80|CG0042532|-24|-80|CG0042533|-24|-80|CG0042532|-24|-80
57|4|1|1000|6|CG0042536|-26|-80|CG0042537|-24|-81|CG0042538|-23|-79|CG0042539|-25|-80|CG0042540|-26|-82|CG0042541|-27|-81
57|4|2|400|1|CG0188552|-25|-51
57|4|3|500|6|CG0042506|-40|-74|CG0042507|-40|-73|CG0042508|-40|-71|CG0042509|-40|-74|CG0042510|-40|-73|CG0042511|-40|-72
57|4|4|250|2|CG0044400|-32|-72|CG0044401|-28|-69
57|4|5|1200|25|CG0042498|-36|-89|CG0042498|-36|-89|CG0042498|-36|-89|CG0042498|-36|-89|CG0042499|-29|-91|CG0042499|-29|-91|CG0042500|-28|-83|CG0042500|-28|-83|CG0042501|-21|-63|CG0042501|-21|-63|CG0042502|5|-48|CG0042502|5|-48|CG0042503|5|-48|CG0042503|5|-48|CG0042503|5|-48|CG0042503|5|-48|CG0042503|5|-48|CG0042504|-8|-65|CG0042504|-8|-65|CG0042504|-8|-65|CG0042504|-8|-65|CG0042505|-25|-77|CG0042505|-25|-77|CG0042505|-25|-77|CG0042505|-25|-77
57|4|6|1000|7|CG0042525|-21|-80|CG0042525|-21|-80|CG0042526|-21|-80|CG0042527|-21|-89|CG0042527|-21|-89|CG0042527|-21|-89|CG0042527|-21|-89
57|4|7|1200|13|CG0042085|-20|-79|CG0042086|-29|-81|CG0042086|-29|-81|CG0042087|-34|-81|CG0042087|-34|-81|CG0042088|-30|-80|CG0042088|-30|-80|CG0042089|-18|-72|CG0042090|-15|-69|CG0042091|-16|-66|CG0042091|-16|-66|CG0042091|-16|-66|CG0042092|-12|-76
57|4|8|1000|2|CG0042520|-15|-75|CG0042521|-44|-78
57|4|9|1000|1|CG0042522|-17|-70
57|4|10|1200|9|CG0042514|-26|-80|CG0042514|-26|-80|CG0042515|-18|-77|CG0042515|-18|-77|CG0042516|-15|-54|CG0042516|-15|-54|CG0042517|-15|-39|CG0042518|-16|-20|CG0042519|-15|-15
57|5|0|1200|4|CG0042577|-24|-81|CG0042578|-19|-80|CG0042579|-21|-80|CG0042578|-19|-80
57|5|1|1000|6|CG0042582|-20|-80|CG0042583|-20|-82|CG0042584|-20|-80|CG0042585|-20|-80|CG0042586|-19|-82|CG0042587|-19|-81
57|5|2|400|1|CG0188597|-19|-60
57|5|3|500|6|CG0042552|-58|-75|CG0042553|-57|-73|CG0042554|-57|-72|CG0042555|-57|-75|CG0042556|-57|-73|CG0042557|-58|-72
57|5|4|250|2|CG0044470|-27|-73|CG0044471|-27|-70
57|5|5|1200|25|CG0042544|-26|-92|CG0042544|-26|-92|CG0042544|-26|-92|CG0042544|-26|-92|CG0042545|-27|-91|CG0042545|-27|-91|CG0042546|-23|-89|CG0042546|-23|-89|CG0042547|-23|-69|CG0042547|-23|-69|CG0042548|-22|-42|CG0042548|-22|-42|CG0042549|-23|-41|CG0042549|-23|-41|CG0042549|-23|-41|CG0042549|-23|-41|CG0042549|-23|-41|CG0042550|-27|-66|CG0042550|-27|-66|CG0042550|-27|-66|CG0042550|-27|-66|CG0042551|-29|-79|CG0042551|-29|-79|CG0042551|-29|-79|CG0042551|-29|-79
57|5|6|1000|7|CG0042571|-25|-80|CG0042571|-25|-80|CG0042572|-24|-80|CG0042573|-22|-82|CG0042573|-22|-82|CG0042573|-22|-82|CG0042573|-22|-82
57|5|7|1200|13|CG0042155|-17|-80|CG0042156|-18|-83|CG0042156|-18|-83|CG0042157|-35|-84|CG0042157|-35|-84|CG0042158|-25|-83|CG0042158|-25|-83|CG0042159|-25|-72|CG0042160|-13|-63|CG0042161|-15|-57|CG0042161|-15|-57|CG0042161|-15|-57|CG0042162|-17|-74
57|5|8|1000|2|CG0042566|-23|-72|CG0042567|-29|-86
57|5|9|1000|1|CG0042568|-23|-68
57|5|10|1200|9|CG0042560|-20|-80|CG0042560|-20|-80|CG0042561|-20|-74|CG0042561|-20|-74|CG0042562|-24|-49|CG0042562|-24|-49|CG0042563|-32|-31|CG0042564|-57|-11|CG0042565|-59|-11
57|6|0|1200|4|CG0042623|-36|-80|CG0042624|-35|-80|CG0042625|-33|-81|CG0042624|-35|-80
57|6|1|1000|6|CG0042628|-32|-80|CG0042629|-35|-82|CG0042630|-36|-80|CG0042631|-35|-80|CG0042632|-32|-82|CG0042633|-31|-81
57|6|2|400|1|CG0188642|-38|-63
57|6|3|500|6|CG0042598|-43|-77|CG0042599|-42|-75|CG0042600|-42|-73|CG0042601|-42|-76|CG0042602|-42|-75|CG0042603|-42|-74
57|6|4|250|2|CG0044540|-21|-74|CG0044541|-26|-71
57|6|5|1200|25|CG0042590|-17|-95|CG0042590|-17|-95|CG0042590|-17|-95|CG0042590|-17|-95|CG0042591|-20|-81|CG0042591|-20|-81|CG0042592|-29|-85|CG0042592|-29|-85|CG0042593|-49|-75|CG0042593|-49|-75|CG0042594|-64|-50|CG0042594|-64|-50|CG0042595|-64|-49|CG0042595|-64|-49|CG0042595|-64|-49|CG0042595|-64|-49|CG0042595|-64|-49|CG0042596|-51|-71|CG0042596|-51|-71|CG0042596|-51|-71|CG0042596|-51|-71|CG0042597|-42|-82|CG0042597|-42|-82|CG0042597|-42|-82|CG0042597|-42|-82
57|6|6|1000|7|CG0042617|-19|-81|CG0042617|-19|-81|CG0042618|-31|-81|CG0042619|-31|-81|CG0042619|-31|-81|CG0042619|-31|-81|CG0042619|-31|-81
57|6|7|1200|13|CG0042225|-15|-81|CG0042226|-20|-85|CG0042226|-20|-85|CG0042227|-30|-86|CG0042227|-30|-86|CG0042228|-31|-86|CG0042228|-31|-86|CG0042229|-30|-75|CG0042230|-43|-65|CG0042231|-41|-61|CG0042231|-41|-61|CG0042231|-41|-61|CG0042232|-25|-76
57|6|8|1000|2|CG0042612|-42|-75|CG0042613|-27|-84
57|6|9|1000|1|CG0042614|-29|-71
57|6|10|1200|9|CG0042606|-34|-80|CG0042606|-34|-80|CG0042607|-43|-78|CG0042607|-43|-78|CG0042608|-58|-54|CG0042608|-58|-54|CG0042609|-73|-39|CG0042610|-75|-18|CG0042611|-78|-15
57|7|0|1200|4|CG0042669|-26|-82|CG0042670|-30|-82|CG0042671|-33|-83|CG0042670|-30|-82
57|7|1|1000|6|CG0042674|-32|-82|CG0042675|-35|-84|CG0042676|-37|-82|CG0042677|-35|-82|CG0042678|-32|-84|CG0042679|-31|-83
57|7|2|400|1|CG0188687|-44|-60
57|7|3|500|6|CG0042644|-27|-81|CG0042645|-27|-79|CG0042646|-29|-78|CG0042647|-26|-81|CG0042648|-27|-79|CG0042649|-29|-78
57|7|4|250|2|CG0044610|-32|-76|CG0044611|-37|-75
57|7|5|1200|25|CG0042636|-27|-95|CG0042636|-27|-95|CG0042636|-27|-95|CG0042636|-27|-95|CG0042637|-26|-81|CG0042637|-26|-81|CG0042638|-32|-80|CG0042638|-32|-80|CG0042639|-51|-77|CG0042639|-51|-77|CG0042640|-91|-67|CG0042640|-91|-67|CG0042641|-91|-66|CG0042641|-91|-66|CG0042641|-91|-66|CG0042641|-91|-66|CG0042641|-91|-66|CG0042642|-62|-80|CG0042642|-62|-80|CG0042642|-62|-80|CG0042642|-62|-80|CG0042643|-31|-83|CG0042643|-31|-83|CG0042643|-31|-83|CG0042643|-31|-83
57|7|6|1000|7|CG0042663|-24|-83|CG0042663|-24|-83|CG0042664|-42|-83|CG0042665|-24|-83|CG0042665|-24|-83|CG0042665|-24|-83|CG0042665|-24|-83
57|7|7|1200|13|CG0042295|-17|-83|CG0042296|-23|-83|CG0042296|-23|-83|CG0042297|-21|-84|CG0042297|-21|-84|CG0042298|-28|-86|CG0042298|-28|-86|CG0042299|-41|-81|CG0042300|-61|-73|CG0042301|-58|-72|CG0042301|-58|-72|CG0042301|-58|-72|CG0042302|-33|-80
57|7|8|1000|2|CG0042658|-43|-77|CG0042659|-28|-71
57|7|9|1000|1|CG0042660|-29|-72
57|7|10|1200|9|CG0042652|-34|-82|CG0042652|-34|-82|CG0042653|-45|-84|CG0042653|-45|-84|CG0042654|-58|-66|CG0042654|-58|-66|CG0042655|-69|-58|CG0042656|-82|-43|CG0042657|-88|-31
