60|0|0|1200|4|CG0043451|-16|-83|CG0043452|-16|-83|CG0043453|-16|-83|CG0043452|-16|-83
60|0|1|1000|6|CG0043456|-20|-83|CG0043457|-16|-85|CG0043458|-23|-83|CG0043459|-15|-83|CG0043460|-19|-85|CG0043461|-23|-84
60|0|2|400|1|CG0188372|-32|-70
60|0|3|500|6|CG0043426|-27|-86|CG0043427|-23|-84|CG0043428|-26|-83|CG0043429|-25|-85|CG0043430|-29|-84|CG0043431|-27|-83
60|0|4|250|2|CG0044120|-28|-75|CG0044121|-32|-75
60|0|5|1000|28|CG0043418|-21|-81|CG0043418|-21|-81|CG0043418|-21|-81|CG0043418|-21|-81|CG0043419|-23|-83|CG0043419|-23|-83|CG0043419|-23|-83|CG0043419|-23|-83|CG0043420|-27|-86|CG0043420|-27|-86|CG0043420|-27|-86|CG0043420|-27|-86|CG0043421|-41|-95|CG0043421|-41|-95|CG0043422|-59|-83|CG0043422|-59|-83|CG0043423|-59|-82|CG0043423|-59|-82|CG0043423|-59|-82|CG0043423|-59|-82|CG0043423|-59|-82|CG0043423|-59|-82|CG0043424|-27|-87|CG0043424|-27|-87|CG0043424|-27|-87|CG0043424|-27|-87|CG0043425|-22|-80|CG0043425|-22|-80
60|0|6|1000|7|CG0043445|-21|-83|CG0043445|-21|-83|CG0043446|-40|-82|CG0043447|-16|-98|CG0043447|-16|-98|CG0043447|-16|-98|CG0043447|-16|-98
60|0|7|1200|12|CG0044157|-21|-83|CG0044158|-16|-80|CG0044158|-16|-80|CG0044159|-9|-79|CG0044159|-9|-79|CG0044160|-17|-81|CG0044160|-17|-81|CG0044161|-43|-88|CG0044162|-45|-86|CG0044163|-50|-86|CG0044163|-50|-86|CG0044164|-32|-87
60|0|8|1000|2|CG0043440|-32|-78|CG0043441|-25|-56
60|0|9|1000|1|CG0043442|-34|-75
60|0|10|1200|9|CG0043434|-16|-83|CG0043434|-16|-83|CG0043435|-24|-86|CG0043435|-24|-86|CG0043436|-35|-77|CG0043436|-35|-77|CG0043437|-46|-74|CG0043438|-58|-64|CG0043439|-65|-54
60|1|0|1200|4|CG0043497|-20|-80|CG0043498|-20|-81|CG0043499|-19|-81|CG0043498|-20|-81
60|1|1|1000|6|CG0043502|-20|-81|CG0043503|-20|-82|CG0043504|-19|-80|CG0043505|-20|-81|CG0043506|-20|-83|CG0043507|-20|-82
60|1|2|400|1|CG0188417|-17|-71
60|1|3|500|6|CG0043472|-25|-86|CG0043473|-25|-84|CG0043474|-25|-83|CG0043475|-25|-85|CG0043476|-20|-84|CG0043477|-19|-83
60|1|4|250|2|CG0044190|-17|-70|CG0044191|-17|-72
60|1|5|1000|28|CG0043464|-17|-75|CG0043464|-17|-75|CG0043464|-17|-75|CG0043464|-17|-75|CG0043465|-22|-82|CG0043465|-22|-82|CG0043465|-22|-82|CG0043465|-22|-82|CG0043466|-24|-87|CG0043466|-24|-87|CG0043466|-24|-87|CG0043466|-24|-87|CG0043467|-21|-92|CG0043467|-21|-92|CG0043468|-15|-89|CG0043468|-15|-89|CG0043469|-15|-88|CG0043469|-15|-88|CG0043469|-15|-88|CG0043469|-15|-88|CG0043469|-15|-88|CG0043469|-15|-88|CG0043470|-15|-86|CG0043470|-15|-86|CG0043470|-15|-86|CG0043470|-15|-86|CG0043471|-17|-75|CG0043471|-17|-75
60|1|6|1000|7|CG0043491|-20|-80|CG0043491|-20|-80|CG0043492|-19|-80|CG0043493|-19|-98|CG0043493|-19|-98|CG0043493|-19|-98|CG0043493|-19|-98
60|1|7|1200|12|CG0044227|-22|-79|CG0044228|-20|-74|CG0044228|-20|-74|CG0044229|-19|-74|CG0044229|-19|-74|CG0044230|-15|-74|CG0044230|-15|-74|CG0044231|-21|-88|CG0044232|-33|-92|CG0044233|-30|-93|CG0044233|-30|-93|CG0044234|-23|-88
60|1|8|1000|2|CG0043486|-26|-79|CG0043487|-31|-51
60|1|9|1000|1|CG0043488|-21|-75
60|1|10|1200|9|CG0043480|-20|-81|CG0043480|-20|-81|CG0043481|-19|-85|CG0043481|-19|-85|CG0043482|-18|-79|CG0043482|-18|-79|CG0043483|-19|-79|CG0043484|-20|-70|CG0043485|-21|-64
60|2|0|1200|4|CG0043543|-23|-77|CG0043544|-22|-78|CG0043545|-22|-77|CG0043544|-22|-78
60|2|1|1000|6|CG0043548|-22|-78|CG0043549|-21|-79|CG0043550|-21|-77|CG0043551|-22|-78|CG0043552|-22|-80|CG0043553|-22|-79
60|2|2|400|1|CG0188462|-33|-62
60|2|3|500|6|CG0043518|-18|-81|CG0043519|-17|-79|CG0043520|-24|-78|CG0043521|-14|-80|CG0043522|-26|-79|CG0043523|-28|-78
60|2|4|250|2|CG0044260|-19|-71|CG0044261|-14|-73
60|2|5|1000|28|CG0043510|-24|-74|CG0043510|-24|-74|CG0043510|-24|-74|CG0043510|-24|-74|CG0043511|-23|-79|CG0043511|-23|-79|CG0043511|-23|-79|CG0043511|-23|-79|CG0043512|-16|-84|CG0043512|-16|-84|CG0043512|-16|-84|CG0043512|-16|-84|CG0043513|-5|-85|CG0043513|-5|-85|CG0043514|-11|-80|CG0043514|-11|-80|CG0043515|-12|-79|CG0043515|-12|-79|CG0043515|-12|-79|CG0043515|-12|-79|CG0043515|-12|-79|CG0043515|-12|-79|CG0043516|-3|-78|CG0043516|-3|-78|CG0043516|-3|-78|CG0043516|-3|-78|CG0043517|-22|-72|CG0043517|-22|-72
60|2|6|1000|7|CG0043537|-23|-77|CG0043537|-23|-77|CG0043538|-23|-77|CG0043539|-23|-95|CG0043539|-23|-95|CG0043539|-23|-95|CG0043539|-23|-95
60|2|7|1200|12|CG0044297|-21|-80|CG0044298|-26|-76|CG0044298|-26|-76|CG0044299|-27|-76|CG0044299|-27|-76|CG0044300|-35|-74|CG0044300|-35|-74|CG0044301|-8|-83|CG0044302|-15|-87|CG0044303|-13|-89|CG0044303|-13|-89|CG0044304|-13|-83
60|2|8|1000|2|CG0043532|-16|-78|CG0043533|-43|-61
60|2|9|1000|1|CG0043534|-11|-73
60|2|10|1200|9|CG0043526|-22|-78|CG0043526|-22|-78|CG0043527|-15|-81|CG0043527|-15|-81|CG0043528|-16|-72|CG0043528|-16|-72|CG0043529|-16|-69|CG0043530|-16|-62|CG0043531|-15|-53
60|3|0|1200|4|CG0043589|-34|-80|CG0043590|-32|-80|CG0043591|-29|-79|CG0043590|-32|-80
60|3|1|1000|6|CG0043594|-36|-80|CG0043595|-34|-81|CG0043596|-34|-79|CG0043597|-36|-80|CG0043598|-37|-82|CG0043599|-38|-81
60|3|2|400|1|CG0188507|-36|-53
60|3|3|500|6|CG0043564|-23|-79|CG0043565|-28|-78|CG0043566|-35|-77|CG0043567|-23|-79|CG0043568|-28|-78|CG0043569|-30|-76
60|3|4|250|2|CG0044330|-21|-71|CG0044331|-15|-70
60|3|5|1000|28|CG0043556|-54|-76|CG0043556|-54|-76|CG0043556|-54|-76|CG0043556|-54|-76|CG0043557|-47|-79|CG0043557|-47|-79|CG0043557|-47|-79|CG0043557|-47|-79|CG0043558|-33|-80|CG0043558|-33|-80|CG0043558|-33|-80|CG0043558|-33|-80|CG0043559|2|-76|CG0043559|2|-76|CG0043560|-2|-65|CG0043560|-2|-65|CG0043561|-2|-64|CG0043561|-2|-64|CG0043561|-2|-64|CG0043561|-2|-64|CG0043561|-2|-64|CG0043561|-2|-64|CG0043562|-2|-72|CG0043562|-2|-72|CG0043562|-2|-72|CG0043562|-2|-72|CG0043563|-34|-76|CG0043563|-34|-76
60|3|6|1000|7|CG0043583|-22|-80|CG0043583|-22|-80|CG0043584|-22|-79|CG0043585|-21|-89|CG0043585|-21|-89|CG0043585|-21|-89|CG0043585|-21|-89
60|3|7|1200|12|CG0044367|-20|-80|CG0044368|-34|-80|CG0044368|-34|-80|CG0044369|-40|-79|CG0044369|-40|-79|CG0044370|-39|-77|CG0044370|-39|-77|CG0044371|-16|-79|CG0044372|-10|-80|CG0044373|-8|-78|CG0044373|-8|-78|CG0044374|-9|-81
60|3|8|1000|2|CG0043578|-22|-76|CG0043579|-52|-67
60|3|9|1000|1|CG0043580|-16|-70
60|3|10|1200|9|CG0043572|-35|-80|CG0043572|-35|-80|CG0043573|-23|-79|CG0043573|-23|-79|CG0043574|-9|-63|CG0043574|-9|-63|CG0043575|-10|-55|CG0043576|-10|-43|CG0043577|-9|-26
60|4|0|1200|4|CG0043635|-31|-80|CG0043636|-33|-80|CG0043637|-35|-79|CG0043636|-33|-80
60|4|1|1000|6|CG0043640|-36|-80|CG0043641|-35|-81|CG0043642|-34|-79|CG0043643|-36|-80|CG0043644|-36|-82|CG0043645|-37|-81
60|4|2|400|1|CG0188552|-25|-51
60|4|3|500|6|CG0043610|-34|-74|CG0043611|-34|-73|CG0043612|-33|-71|CG0043613|-34|-74|CG0043614|-34|-73|CG0043615|-34|-72
60|4|4|250|2|CG0044400|-32|-72|CG0044401|-28|-69
60|4|5|1000|28|CG0043602|-52|-76|CG0043602|-52|-76|CG0043602|-52|-76|CG0043602|-52|-76|CG0043603|-44|-77|CG0043603|-44|-77|CG0043603|-44|-77|CG0043603|-44|-77|CG0043604|-40|-75|CG0043604|-40|-75|CG0043604|-40|-75|CG0043604|-40|-75|CG0043605|-17|-63|CG0043605|-17|-63|CG0043606|5|-48|CG0043606|5|-48|CG0043607|5|-47|CG0043607|5|-47|CG0043607|5|-47|CG0043607|5|-47|CG0043607|5|-47|CG0043607|5|-47|CG0043608|-18|-65|CG0043608|-18|-65|CG0043608|-18|-65|CG0043608|-18|-65|CG0043609|-30|-77|CG0043609|-30|-77
60|4|6|1000|7|CG0043629|-31|-80|CG0043629|-31|-80|CG0043630|-20|-80|CG0043631|-21|-86|CG0043631|-21|-86|CG0043631|-21|-86|CG0043631|-21|-86
60|4|7|1200|12|CG0044437|-20|-79|CG0044438|-29|-81|CG0044438|-29|-81|CG0044439|-34|-81|CG0044439|-34|-81|CG0044440|-30|-80|CG0044440|-30|-80|CG0044441|-18|-72|CG0044442|-15|-69|CG0044443|-16|-66|CG0044443|-16|-66|CG0044444|-12|-76
60|4|8|1000|2|CG0043624|-29|-75|CG0043625|-44|-78
60|4|9|1000|1|CG0043626|-17|-70
60|4|10|1200|9|CG0043618|-37|-80|CG0043618|-37|-80|CG0043619|-29|-77|CG0043619|-29|-77|CG0043620|-15|-53|CG0043620|-15|-53|CG0043621|-15|-38|CG0043622|-15|-20|CG0043623|-15|-15
60|5|0|1200|4|CG0043681|-23|-81|CG0043682|-20|-80|CG0043683|-22|-80|CG0043682|-20|-80
60|5|1|1000|6|CG0043686|-20|-80|CG0043687|-19|-82|CG0043688|-19|-80|CG0043689|-20|-80|CG0043690|-19|-82|CG0043691|-19|-81
60|5|2|400|1|CG0188597|-19|-60
60|5|3|500|6|CG0043656|-41|-74|CG0043657|-41|-73|CG0043658|-41|-72|CG0043659|-41|-74|CG0043660|-41|-73|CG0043661|-41|-72
60|5|4|250|2|CG0044470|-27|-73|CG0044471|-27|-70
60|5|5|1000|28|CG0043648|-26|-86|CG0043648|-26|-86|CG0043648|-26|-86|CG0043648|-26|-86|CG0043649|-23|-86|CG0043649|-23|-86|CG0043649|-23|-86|CG0043649|-23|-86|CG0043650|-25|-81|CG0043650|-25|-81|CG0043650|-25|-81|CG0043650|-25|-81|CG0043651|-34|-70|CG0043651|-34|-70|CG0043652|-22|-42|CG0043652|-22|-42|CG0043653|-23|-41|CG0043653|-23|-41|CG0043653|-23|-41|CG0043653|-23|-41|CG0043653|-23|-41|CG0043653|-23|-41|CG0043654|-27|-66|CG0043654|-27|-66|CG0043654|-27|-66|CG0043654|-27|-66|CG0043655|-40|-79|CG0043655|-40|-79
60|5|6|1000|7|CG0043675|-37|-80|CG0043675|-37|-80|CG0043676|-29|-80|CG0043677|-21|-86|CG0043677|-21|-86|CG0043677|-21|-86|CG0043677|-21|-86
60|5|7|1200|12|CG0044507|-17|-80|CG0044508|-18|-83|CG0044508|-18|-83|CG0044509|-35|-83|CG0044509|-35|-83|CG0044510|-25|-82|CG0044510|-25|-82|CG0044511|-25|-72|CG0044512|-13|-62|CG0044513|-15|-57|CG0044513|-15|-57|CG0044514|-17|-74
60|5|8|1000|2|CG0043670|-28|-72|CG0043671|-36|-86
60|5|9|1000|1|CG0043672|-32|-68
60|5|10|1200|9|CG0043664|-20|-80|CG0043664|-20|-80|CG0043665|-20|-74|CG0043665|-20|-74|CG0043666|-29|-49|CG0043666|-29|-49|CG0043667|-39|-31|CG0043668|-41|-11|CG0043669|-42|-11
60|6|0|1200|4|CG0043727|-29|-80|CG0043728|-29|-80|CG0043729|-28|-81|CG0043728|-29|-80
60|6|1|1000|6|CG0043732|-25|-80|CG0043733|-26|-82|CG0043734|-27|-80|CG0043735|-25|-80|CG0043736|-24|-82|CG0043737|-24|-81
60|6|2|400|1|CG0188642|-38|-63
60|6|3|500|6|CG0043702|-29|-76|CG0043703|-29|-75|CG0043704|-29|-73|CG0043705|-29|-76|CG0043706|-29|-75|CG0043707|-29|-74
60|6|4|250|2|CG0044540|-21|-74|CG0044541|-26|-71
60|6|5|1000|28|CG0043694|-24|-88|CG0043694|-24|-88|CG0043694|-24|-88|CG0043694|-24|-88|CG0043695|-24|-87|CG0043695|-24|-87|CG0043695|-24|-87|CG0043695|-24|-87|CG0043696|-30|-86|CG0043696|-30|-86|CG0043696|-30|-86|CG0043696|-30|-86|CG0043697|-52|-84|CG0043697|-52|-84|CG0043698|-61|-50|CG0043698|-61|-50|CG0043699|-60|-49|CG0043699|-60|-49|CG0043699|-60|-49|CG0043699|-60|-49|CG0043699|-60|-49|CG0043699|-60|-49|CG0043700|-54|-71|CG0043700|-54|-71|CG0043700|-54|-71|CG0043700|-54|-71|CG0043701|-41|-82|CG0043701|-41|-82
60|6|6|1000|7|CG0043721|-24|-81|CG0043721|-24|-81|CG0043722|-32|-81|CG0043723|-35|-89|CG0043723|-35|-89|CG0043723|-35|-89|CG0043723|-35|-89
60|6|7|1200|12|CG0044577|-15|-81|CG0044578|-20|-85|CG0044578|-20|-85|CG0044579|-30|-86|CG0044579|-30|-86|CG0044580|-31|-86|CG0044580|-31|-86|CG0044581|-30|-75|CG0044582|-43|-65|CG0044583|-41|-61|CG0044583|-41|-61|CG0044584|-25|-75
60|6|8|1000|2|CG0043716|-46|-75|CG0043717|-26|-83
60|6|9|1000|1|CG0043718|-34|-71
60|6|10|1200|9|CG0043710|-29|-80|CG0043710|-29|-80|CG0043711|-38|-78|CG0043711|-38|-78|CG0043712|-57|-54|CG0043712|-57|-54|CG0043713|-75|-39|CG0043714|-77|-18|CG0043715|-83|-15
60|7|0|1200|4|CG0043773|-19|-82|CG0043774|-22|-82|CG0043775|-25|-83|CG0043774|-22|-82
60|7|1|1000|6|CG0043778|-19|-82|CG0043779|-21|-84|CG0043780|-24|-82|CG0043781|-19|-82|CG0043782|-17|-84|CG0043783|-23|-83
60|7|2|400|1|CG0188687|-44|-60
60|7|3|500|6|CG0043748|-27|-81|CG0043749|-27|-79|CG0043750|-29|-78|CG0043751|-26|-81|CG0043752|-27|-79|CG0043753|-29|-78
60|7|4|250|2|CG0044610|-32|-76|CG0044611|-37|-75
60|7|5|1000|28|CG0043740|-22|-83|CG0043740|-22|-83|CG0043740|-22|-83|CG0043740|-22|-83|CG0043741|-23|-81|CG0043741|-23|-81|CG0043741|-23|-81|CG0043741|-23|-81|CG0043742|-34|-82|CG0043742|-34|-82|CG0043742|-34|-82|CG0043742|-34|-82|CG0043743|-59|-93|CG0043743|-59|-93|CG0043744|-84|-67|CG0043744|-84|-67|CG0043745|-84|-66|CG0043745|-84|-66|CG0043745|-84|-66|CG0043745|-84|-66|CG0043745|-84|-66|CG0043745|-84|-66|CG0043746|-55|-80|CG0043746|-55|-80|CG0043746|-55|-80|CG0043746|-55|-80|CG0043747|-23|-83|CG0043747|-23|-83
60|7|6|1000|7|CG0043767|-20|-83|CG0043767|-20|-83|CG0043768|-50|-83|CG0043769|-35|-94|CG0043769|-35|-94|CG0043769|-35|-94|CG0043769|-35|-94
60|7|7|1200|12|CG0044647|-17|-83|CG0044648|-23|-83|CG0044648|-23|-83|CG0044649|-21|-84|CG0044649|-21|-84|CG0044650|-28|-85|CG0044650|-28|-85|CG0044651|-41|-81|CG0044652|-61|-73|CG0044653|-58|-72|CG0044653|-58|-72|CG0044654|-33|-80
60|7|8|1000|2|CG0043762|-39|-77|CG0043763|-28|-71
60|7|9|1000|1|CG0043764|-29|-72
60|7|10|1200|9|CG0043756|-26|-82|CG0043756|-26|-82|CG0043757|-37|-83|CG0043757|-37|-83|CG0043758|-54|-66|CG0043758|-54|-66|CG0043759|-72|-57|CG0043760|-82|-43|CG0043761|-88|-27
