53|0|0|1200|4|CG0040731|-16|-83|CG0040732|-16|-83|CG0040733|-22|-83|CG0040732|-16|-83
53|0|1|1000|6|CG0040736|-21|-83|CG0040737|-23|-85|CG0040738|-24|-83|CG0040739|-23|-83|CG0040740|-22|-85|CG0040741|-23|-84
53|0|2|400|1|CG0188372|-32|-70
53|0|3|500|6|CG0040706|-27|-86|CG0040707|-23|-84|CG0040708|-26|-83|CG0040709|-25|-85|CG0040710|-29|-84|CG0040711|-27|-83
53|0|4|250|2|CG0041768|-28|-75|CG0041769|-32|-75
53|0|5|1000|26|CG0040698|-25|-78|CG0040698|-25|-78|CG0040698|-25|-78|CG0040698|-25|-78|CG0040699|-32|-83|CG0040699|-32|-83|CG0040700|-40|-86|CG0040700|-40|-86|CG0040701|-42|-88|CG0040701|-42|-88|CG0040702|-76|-89|CG0040702|-76|-89|CG0040703|-79|-89|CG0040703|-79|-89|CG0040703|-79|-89|CG0040703|-79|-89|CG0040703|-79|-89|CG0040703|-79|-89|CG0040704|-52|-88|CG0040704|-52|-88|CG0040704|-52|-88|CG0040704|-52|-88|CG0040705|-24|-79|CG0040705|-24|-79|CG0040705|-24|-79|CG0040705|-24|-79
53|0|6|1000|7|CG0040725|-43|-83|CG0040725|-43|-83|CG0040726|-53|-82|CG0040727|-22|-118|CG0040727|-22|-118|CG0040727|-22|-118|CG0040727|-22|-118
53|0|7|1200|13|CG0039453|-21|-83|CG0039454|-16|-80|CG0039454|-16|-80|CG0039455|-9|-79|CG0039455|-9|-79|CG0039456|-17|-81|CG0039456|-17|-81|CG0039457|-43|-88|CG0039458|-45|-86|CG0039459|-50|-86|CG0039459|-50|-86|CG0039459|-50|-86|CG0039460|-32|-87
53|0|8|1000|2|CG0040720|-32|-84|CG0040721|-25|-69
53|0|9|1000|1|CG0040722|-53|-75
53|0|10|1200|9|CG0040714|-21|-83|CG0040714|-21|-83|CG0040715|-29|-86|CG0040715|-29|-86|CG0040716|-35|-77|CG0040716|-35|-77|CG0040717|-46|-74|CG0040718|-58|-64|CG0040719|-65|-54
53|1|0|1200|4|CG0040777|-21|-80|CG0040778|-20|-81|CG0040779|-19|-81|CG0040778|-20|-81
53|1|1|1000|6|CG0040782|-20|-81|CG0040783|-20|-82|CG0040784|-19|-80|CG0040785|-20|-81|CG0040786|-20|-83|CG0040787|-20|-82
53|1|2|400|1|CG0188417|-17|-71
53|1|3|500|6|CG0040752|-25|-86|CG0040753|-25|-84|CG0040754|-25|-83|CG0040755|-25|-85|CG0040756|-21|-84|CG0040757|-21|-83
53|1|4|250|2|CG0041838|-17|-70|CG0041839|-17|-72
53|1|5|1000|26|CG0040744|-43|-74|CG0040744|-43|-74|CG0040744|-43|-74|CG0040744|-43|-74|CG0040745|-28|-82|CG0040745|-28|-82|CG0040746|-25|-87|CG0040746|-25|-87|CG0040747|-26|-89|CG0040747|-26|-89|CG0040748|-25|-96|CG0040748|-25|-96|CG0040749|-24|-98|CG0040749|-24|-98|CG0040749|-24|-98|CG0040749|-24|-98|CG0040749|-24|-98|CG0040749|-24|-98|CG0040750|-18|-89|CG0040750|-18|-89|CG0040750|-18|-89|CG0040750|-18|-89|CG0040751|-21|-75|CG0040751|-21|-75|CG0040751|-21|-75|CG0040751|-21|-75
53|1|6|1000|7|CG0040771|-33|-80|CG0040771|-33|-80|CG0040772|-19|-94|CG0040773|-19|-120|CG0040773|-19|-120|CG0040773|-19|-120|CG0040773|-19|-120
53|1|7|1200|13|CG0039523|-22|-79|CG0039524|-20|-74|CG0039524|-20|-74|CG0039525|-19|-74|CG0039525|-19|-74|CG0039526|-15|-74|CG0039526|-15|-74|CG0039527|-21|-88|CG0039528|-33|-92|CG0039529|-30|-93|CG0039529|-30|-93|CG0039529|-30|-93|CG0039530|-23|-88
53|1|8|1000|2|CG0040766|-26|-87|CG0040767|-31|-63
53|1|9|1000|1|CG0040768|-42|-77
53|1|10|1200|9|CG0040760|-20|-81|CG0040760|-20|-81|CG0040761|-19|-85|CG0040761|-19|-85|CG0040762|-18|-79|CG0040762|-18|-79|CG0040763|-19|-79|CG0040764|-20|-70|CG0040765|-21|-64
53|2|0|1200|4|CG0040823|-32|-77|CG0040824|-25|-78|CG0040825|-22|-78|CG0040824|-25|-78
53|2|1|1000|6|CG0040828|-27|-78|CG0040829|-25|-79|CG0040830|-24|-77|CG0040831|-26|-78|CG0040832|-27|-80|CG0040833|-28|-79
53|2|2|400|1|CG0188462|-33|-62
53|2|3|500|6|CG0040798|-32|-81|CG0040799|-32|-79|CG0040800|-32|-78|CG0040801|-33|-80|CG0040802|-32|-79|CG0040803|-33|-78
53|2|4|250|2|CG0041908|-19|-72|CG0041909|-14|-73
53|2|5|1000|26|CG0040790|-38|-76|CG0040790|-38|-76|CG0040790|-38|-76|CG0040790|-38|-76|CG0040791|-46|-79|CG0040791|-46|-79|CG0040792|-37|-84|CG0040792|-37|-84|CG0040793|-31|-85|CG0040793|-31|-85|CG0040794|-4|-88|CG0040794|-4|-88|CG0040795|-1|-90|CG0040795|-1|-90|CG0040795|-1|-90|CG0040795|-1|-90|CG0040795|-1|-90|CG0040795|-1|-90|CG0040796|-6|-81|CG0040796|-6|-81|CG0040796|-6|-81|CG0040796|-6|-81|CG0040797|-29|-73|CG0040797|-29|-73|CG0040797|-29|-73|CG0040797|-29|-73
53|2|6|1000|7|CG0040817|-23|-77|CG0040817|-23|-77|CG0040818|-23|-92|CG0040819|-23|-115|CG0040819|-23|-115|CG0040819|-23|-115|CG0040819|-23|-115
53|2|7|1200|13|CG0039593|-22|-80|CG0039594|-26|-76|CG0039594|-26|-76|CG0039595|-27|-76|CG0039595|-27|-76|CG0039596|-35|-74|CG0039596|-35|-74|CG0039597|-8|-83|CG0039598|-15|-87|CG0039599|-13|-89|CG0039599|-13|-89|CG0039599|-13|-89|CG0039600|-13|-83
53|2|8|1000|2|CG0040812|-16|-78|CG0040813|-43|-61
53|2|9|1000|1|CG0040814|-11|-86
53|2|10|1200|9|CG0040806|-26|-78|CG0040806|-26|-78|CG0040807|-17|-81|CG0040807|-17|-81|CG0040808|-16|-72|CG0040808|-16|-72|CG0040809|-16|-69|CG0040810|-16|-62|CG0040811|-15|-54
53|3|0|1200|4|CG0040869|-49|-80|CG0040870|-47|-80|CG0040871|-45|-79|CG0040870|-47|-80
53|3|1|1000|6|CG0040874|-54|-80|CG0040875|-51|-81|CG0040876|-49|-79|CG0040877|-52|-80|CG0040878|-54|-82|CG0040879|-56|-81
53|3|2|400|1|CG0188507|-36|-53
53|3|3|500|6|CG0040844|-26|-79|CG0040845|-28|-78|CG0040846|-35|-77|CG0040847|-26|-79|CG0040848|-28|-78|CG0040849|-30|-76
53|3|4|250|2|CG0041978|-21|-71|CG0041979|-15|-70
53|3|5|1000|26|CG0040836|-52|-78|CG0040836|-52|-78|CG0040836|-52|-78|CG0040836|-52|-78|CG0040837|-38|-79|CG0040837|-38|-79|CG0040838|-34|-81|CG0040838|-34|-81|CG0040839|-34|-80|CG0040839|-34|-80|CG0040840|4|-75|CG0040840|4|-75|CG0040841|7|-76|CG0040841|7|-76|CG0040841|7|-76|CG0040841|7|-76|CG0040841|7|-76|CG0040841|7|-76|CG0040842|-18|-75|CG0040842|-18|-75|CG0040842|-18|-75|CG0040842|-18|-75|CG0040843|-43|-77|CG0040843|-43|-77|CG0040843|-43|-77|CG0040843|-43|-77
53|3|6|1000|7|CG0040863|-22|-80|CG0040863|-22|-80|CG0040864|-22|-79|CG0040865|-21|-105|CG0040865|-21|-105|CG0040865|-21|-105|CG0040865|-21|-105
53|3|7|1200|13|CG0039663|-20|-80|CG0039664|-34|-80|CG0039664|-34|-80|CG0039665|-40|-79|CG0039665|-40|-79|CG0039666|-39|-77|CG0039666|-39|-77|CG0039667|-16|-79|CG0039668|-10|-80|CG0039669|-8|-78|CG0039669|-8|-78|CG0039669|-8|-78|CG0039670|-9|-81
53|3|8|1000|2|CG0040858|-17|-76|CG0040859|-63|-67
53|3|9|1000|1|CG0040860|-16|-82
53|3|10|1200|9|CG0040852|-52|-80|CG0040852|-52|-80|CG0040853|-40|-79|CG0040853|-40|-79|CG0040854|-22|-63|CG0040854|-22|-63|CG0040855|-10|-55|CG0040856|-10|-43|CG0040857|-9|-26
53|4|0|1200|4|CG0040915|-38|-80|CG0040916|-43|-80|CG0040917|-46|-80|CG0040916|-43|-80
53|4|1|1000|6|CG0040920|-49|-80|CG0040921|-47|-81|CG0040922|-46|-79|CG0040923|-48|-80|CG0040924|-49|-82|CG0040925|-50|-81
53|4|2|400|1|CG0188552|-25|-51
53|4|3|500|6|CG0040890|-45|-74|CG0040891|-45|-73|CG0040892|-44|-71|CG0040893|-45|-74|CG0040894|-45|-73|CG0040895|-45|-72
53|4|4|250|2|CG0042048|-32|-72|CG0042049|-28|-69
53|4|5|1000|26|CG0040882|-60|-77|CG0040882|-60|-77|CG0040882|-60|-77|CG0040882|-60|-77|CG0040883|-46|-77|CG0040883|-46|-77|CG0040884|-26|-75|CG0040884|-26|-75|CG0040885|-19|-73|CG0040885|-19|-73|CG0040886|8|-62|CG0040886|8|-62|CG0040887|10|-60|CG0040887|10|-60|CG0040887|10|-60|CG0040887|10|-60|CG0040887|10|-60|CG0040887|10|-60|CG0040888|-31|-67|CG0040888|-31|-67|CG0040888|-31|-67|CG0040888|-31|-67|CG0040889|-37|-77|CG0040889|-37|-77|CG0040889|-37|-77|CG0040889|-37|-77
53|4|6|1000|7|CG0040909|-48|-80|CG0040909|-48|-80|CG0040910|-29|-80|CG0040911|-21|-96|CG0040911|-21|-96|CG0040911|-21|-96|CG0040911|-21|-96
53|4|7|1200|13|CG0039733|-20|-79|CG0039734|-29|-81|CG0039734|-29|-81|CG0039735|-34|-81|CG0039735|-34|-81|CG0039736|-30|-80|CG0039736|-30|-80|CG0039737|-18|-72|CG0039738|-15|-69|CG0039739|-16|-66|CG0039739|-16|-66|CG0039739|-16|-66|CG0039740|-12|-76
53|4|8|1000|2|CG0040904|-29|-75|CG0040905|-59|-78
53|4|9|1000|1|CG0040906|-22|-70
53|4|10|1200|9|CG0040898|-48|-80|CG0040898|-48|-80|CG0040899|-40|-77|CG0040899|-40|-77|CG0040900|-21|-53|CG0040900|-21|-53|CG0040901|-19|-38|CG0040902|-16|-20|CG0040903|-21|-15
53|5|0|1200|4|CG0040961|-26|-81|CG0040962|-21|-80|CG0040963|-23|-80|CG0040962|-21|-80
53|5|1|1000|6|CG0040966|-20|-80|CG0040967|-20|-82|CG0040968|-19|-80|CG0040969|-20|-80|CG0040970|-19|-82|CG0040971|-19|-81
53|5|2|400|1|CG0188597|-19|-60
53|5|3|500|6|CG0040936|-68|-75|CG0040937|-67|-73|CG0040938|-68|-72|CG0040939|-67|-75|CG0040940|-67|-73|CG0040941|-67|-72
53|5|4|250|2|CG0042118|-27|-73|CG0042119|-27|-70
53|5|5|1000|26|CG0040928|-35|-78|CG0040928|-35|-78|CG0040928|-35|-78|CG0040928|-35|-78|CG0040929|-60|-78|CG0040929|-60|-78|CG0040930|-59|-74|CG0040930|-59|-74|CG0040931|-52|-70|CG0040931|-52|-70|CG0040932|-16|-54|CG0040932|-16|-54|CG0040933|-14|-52|CG0040933|-14|-52|CG0040933|-14|-52|CG0040933|-14|-52|CG0040933|-14|-52|CG0040933|-14|-52|CG0040934|-27|-67|CG0040934|-27|-67|CG0040934|-27|-67|CG0040934|-27|-67|CG0040935|-32|-79|CG0040935|-32|-79|CG0040935|-32|-79|CG0040935|-32|-79
53|5|6|1000|7|CG0040955|-53|-80|CG0040955|-53|-80|CG0040956|-37|-80|CG0040957|-21|-94|CG0040957|-21|-94|CG0040957|-21|-94|CG0040957|-21|-94
53|5|7|1200|13|CG0039803|-17|-80|CG0039804|-18|-83|CG0039804|-18|-83|CG0039805|-35|-84|CG0039805|-35|-84|CG0039806|-25|-83|CG0039806|-25|-83|CG0039807|-25|-72|CG0039808|-13|-62|CG0039809|-15|-57|CG0039809|-15|-57|CG0039809|-15|-57|CG0039810|-17|-74
53|5|8|1000|2|CG0040950|-25|-72|CG0040951|-32|-86
53|5|9|1000|1|CG0040952|-42|-68
53|5|10|1200|9|CG0040944|-23|-80|CG0040944|-23|-80|CG0040945|-23|-74|CG0040945|-23|-74|CG0040946|-30|-49|CG0040946|-30|-49|CG0040947|-35|-31|CG0040948|-41|-11|CG0040949|-44|-11
53|6|0|1200|4|CG0041007|-43|-80|CG0041008|-42|-80|CG0041009|-39|-81|CG0041008|-42|-80
53|6|1|1000|6|CG0041012|-39|-80|CG0041013|-42|-82|CG0041014|-44|-80|CG0041015|-42|-80|CG0041016|-39|-82|CG0041017|-38|-81
53|6|2|400|1|CG0188642|-38|-63
53|6|3|500|6|CG0040982|-50|-77|CG0040983|-51|-75|CG0040984|-51|-73|CG0040985|-51|-76|CG0040986|-51|-75|CG0040987|-51|-74
53|6|4|250|2|CG0042188|-21|-74|CG0042189|-26|-71
53|6|5|1000|26|CG0040974|-18|-81|CG0040974|-18|-81|CG0040974|-18|-81|CG0040974|-18|-81|CG0040975|-40|-78|CG0040975|-40|-78|CG0040976|-59|-75|CG0040976|-59|-75|CG0040977|-66|-72|CG0040977|-66|-72|CG0040978|-92|-61|CG0040978|-92|-61|CG0040979|-97|-59|CG0040979|-97|-59|CG0040979|-97|-59|CG0040979|-97|-59|CG0040979|-97|-59|CG0040979|-97|-59|CG0040980|-56|-71|CG0040980|-56|-71|CG0040980|-56|-71|CG0040980|-56|-71|CG0040981|-49|-81|CG0040981|-49|-81|CG0040981|-49|-81|CG0040981|-49|-81
53|6|6|1000|7|CG0041001|-29|-81|CG0041001|-29|-81|CG0041002|-31|-81|CG0041003|-27|-100|CG0041003|-27|-100|CG0041003|-27|-100|CG0041003|-27|-100
53|6|7|1200|13|CG0039873|-15|-81|CG0039874|-20|-85|CG0039874|-20|-85|CG0039875|-30|-86|CG0039875|-30|-86|CG0039876|-31|-86|CG0039876|-31|-86|CG0039877|-30|-75|CG0039878|-43|-65|CG0039879|-41|-61|CG0039879|-41|-61|CG0039879|-41|-61|CG0039880|-25|-75
53|6|8|1000|2|CG0040996|-47|-75|CG0040997|-35|-84
53|6|9|1000|1|CG0040998|-39|-71
53|6|10|1200|9|CG0040990|-41|-80|CG0040990|-41|-80|CG0040991|-50|-78|CG0040991|-50|-78|CG0040992|-71|-54|CG0040992|-71|-54|CG0040993|-85|-39|CG0040994|-92|-18|CG0040995|-97|-15
53|7|0|1200|4|CG0041053|-35|-82|CG0041054|-39|-82|CG0041055|-41|-83|CG0041054|-39|-82
53|7|1|1000|6|CG0041058|-41|-82|CG0041059|-45|-84|CG0041060|-47|-82|CG0041061|-45|-82|CG0041062|-42|-84|CG0041063|-40|-83
53|7|2|400|1|CG0188687|-44|-60
53|7|3|500|6|CG0041028|-27|-81|CG0041029|-27|-79|CG0041030|-29|-78|CG0041031|-26|-81|CG0041032|-27|-79|CG0041033|-29|-78
53|7|4|250|2|CG0042258|-32|-76|CG0042259|-37|-76
53|7|5|1000|26|CG0041020|-29|-81|CG0041020|-29|-81|CG0041020|-29|-81|CG0041020|-29|-81|CG0041021|-27|-82|CG0041021|-27|-82|CG0041022|-33|-80|CG0041022|-33|-80|CG0041023|-43|-80|CG0041023|-43|-80|CG0041024|-117|-74|CG0041024|-117|-74|CG0041025|-123|-73|CG0041025|-123|-73|CG0041025|-123|-73|CG0041025|-123|-73|CG0041025|-123|-73|CG0041025|-123|-73|CG0041026|-71|-80|CG0041026|-71|-80|CG0041026|-71|-80|CG0041026|-71|-80|CG0041027|-44|-81|CG0041027|-44|-81|CG0041027|-44|-81|CG0041027|-44|-81
53|7|6|1000|7|CG0041047|-28|-83|CG0041047|-28|-83|CG0041048|-59|-83|CG0041049|-34|-110|CG0041049|-34|-110|CG0041049|-34|-110|CG0041049|-34|-110
53|7|7|1200|13|CG0039943|-17|-83|CG0039944|-23|-83|CG0039944|-23|-83|CG0039945|-21|-84|CG0039945|-21|-84|CG0039946|-28|-86|CG0039946|-28|-86|CG0039947|-41|-81|CG0039948|-61|-73|CG0039949|-58|-72|CG0039949|-58|-72|CG0039949|-58|-72|CG0039950|-33|-80
53|7|8|1000|2|CG0041042|-51|-77|CG0041043|-28|-71
53|7|9|1000|1|CG0041044|-34|-72
53|7|10|1200|9|CG0041036|-44|-82|CG0041036|-44|-82|CG0041037|-55|-83|CG0041037|-55|-83|CG0041038|-70|-66|CG0041038|-70|-66|CG0041039|-88|-57|CG0041040|-89|-43|CG0041041|-98|-27
