29|0|0|1000|4|CG0031275|-17|-73|CG0031276|-16|-73|CG0031277|-17|-73|CG0031276|-16|-73
29|0|1|1000|6|CG0031280|-22|-73|CG0031281|-21|-75|CG0031282|-22|-73|CG0031283|-22|-74|CG0031284|-23|-75|CG0031285|-23|-73
29|0|2|400|1|CG0188372|-32|-70
29|0|3|500|6|CG0031249|-22|-75|CG0031250|-16|-76|CG0031251|-27|-77|CG0031252|-17|-73|CG0031253|-24|-75|CG0031254|-28|-77
29|0|4|250|2|CG0039416|-28|-75|CG0039417|-32|-75
29|0|5|1000|20|CG0031242|-22|-71|CG0031242|-22|-71|CG0031242|-22|-71|CG0031242|-22|-71|CG0031243|-21|-72|CG0031243|-21|-72|CG0031243|-21|-72|CG0031243|-21|-72|CG0031244|-27|-74|CG0031244|-27|-74|CG0031245|-79|-77|CG0031245|-79|-77|CG0031246|-81|-80|CG0031246|-81|-80|CG0031246|-81|-80|CG0031246|-81|-80|CG0031247|-60|-80|CG0031247|-60|-80|CG0031248|-25|-73|CG0031248|-25|-73
29|0|6|1200|11|CG0031268|-22|-73|CG0031268|-22|-73|CG0031269|-22|-74|CG0031269|-22|-74|CG0031269|-22|-74|CG0031269|-22|-74|CG0031270|-24|-74|CG0031270|-24|-74|CG0031271|-26|-75|CG0031271|-26|-75|CG0031271|-26|-75
29|0|7|800|9|CG0030017|-16|-72|CG0030017|-16|-72|CG0030018|-19|-71|CG0030018|-19|-71|CG0030019|-21|-70|CG0030019|-21|-70|CG0030019|-21|-70|CG0030020|-32|-68|CG0030021|-33|-67
29|0|8|1000|2|CG0031263|-33|-79|CG0031264|-26|-99
29|0|9|1000|1|CG0031265|-33|-74
29|0|10|1200|12|CG0031257|-16|-70|CG0031257|-16|-70|CG0031257|-16|-70|CG0031258|-13|-62|CG0031258|-13|-62|CG0031259|-22|-61|CG0031259|-22|-61|CG0031259|-22|-61|CG0031259|-22|-61|CG0031260|-34|-55|CG0031261|-47|-52|CG0031262|-55|-37
29|1|0|1000|4|CG0031321|-19|-72|CG0031322|-19|-72|CG0031323|-19|-72|CG0031322|-19|-72
29|1|1|1000|6|CG0031326|-18|-72|CG0031327|-18|-74|CG0031328|-18|-72|CG0031329|-18|-73|CG0031330|-17|-74|CG0031331|-17|-72
29|1|2|400|1|CG0188417|-17|-71
29|1|3|500|6|CG0031295|-18|-75|CG0031296|-17|-76|CG0031297|-17|-78|CG0031298|-17|-74|CG0031299|-18|-76|CG0031300|-18|-78
29|1|4|250|2|CG0039486|-17|-70|CG0039487|-17|-72
29|1|5|1000|20|CG0031288|-20|-71|CG0031288|-20|-71|CG0031288|-20|-71|CG0031288|-20|-71|CG0031289|-30|-72|CG0031289|-30|-72|CG0031289|-30|-72|CG0031289|-30|-72|CG0031290|-19|-75|CG0031290|-19|-75|CG0031291|-29|-89|CG0031291|-29|-89|CG0031292|-31|-93|CG0031292|-31|-93|CG0031292|-31|-93|CG0031292|-31|-93|CG0031293|-25|-84|CG0031293|-25|-84|CG0031294|-19|-74|CG0031294|-19|-74
29|1|6|1200|11|CG0031314|-19|-72|CG0031314|-19|-72|CG0031315|-19|-76|CG0031315|-19|-76|CG0031315|-19|-76|CG0031315|-19|-76|CG0031316|-18|-73|CG0031316|-18|-73|CG0031317|-17|-75|CG0031317|-17|-75|CG0031317|-17|-75
29|1|7|800|9|CG0030080|-20|-72|CG0030080|-20|-72|CG0030081|-23|-73|CG0030081|-23|-73|CG0030082|-23|-72|CG0030082|-23|-72|CG0030082|-23|-72|CG0030083|-21|-72|CG0030084|-22|-72
29|1|8|1000|2|CG0031309|-19|-81|CG0031310|-31|-94
29|1|9|1000|1|CG0031311|-17|-69
29|1|10|1200|12|CG0031303|-20|-69|CG0031303|-20|-69|CG0031303|-20|-69|CG0031304|-21|-61|CG0031304|-21|-61|CG0031305|-26|-59|CG0031305|-26|-59|CG0031305|-26|-59|CG0031305|-26|-59|CG0031306|-25|-62|CG0031307|-27|-60|CG0031308|-23|-45
29|2|0|1000|4|CG0031367|-29|-73|CG0031368|-25|-73|CG0031369|-22|-73|CG0031368|-25|-73
29|2|1|1000|6|CG0031372|-22|-73|CG0031373|-23|-75|CG0031374|-24|-73|CG0031375|-22|-74|CG0031376|-21|-75|CG0031377|-21|-73
29|2|2|400|1|CG0188462|-33|-62
29|2|3|500|6|CG0031341|-32|-75|CG0031342|-31|-76|CG0031343|-31|-77|CG0031344|-32|-73|CG0031345|-32|-75|CG0031346|-32|-78
29|2|4|250|2|CG0039556|-19|-72|CG0039557|-14|-73
29|2|5|1000|20|CG0031334|-28|-72|CG0031334|-28|-72|CG0031334|-28|-72|CG0031334|-28|-72|CG0031335|-37|-72|CG0031335|-37|-72|CG0031335|-37|-72|CG0031335|-37|-72|CG0031336|-28|-75|CG0031336|-28|-75|CG0031337|-12|-78|CG0031337|-12|-78|CG0031338|-11|-78|CG0031338|-11|-78|CG0031338|-11|-78|CG0031338|-11|-78|CG0031339|-7|-79|CG0031339|-7|-79|CG0031340|-16|-73|CG0031340|-16|-73
29|2|6|1200|11|CG0031360|-22|-73|CG0031360|-22|-73|CG0031361|-23|-75|CG0031361|-23|-75|CG0031361|-23|-75|CG0031361|-23|-75|CG0031362|-20|-74|CG0031362|-20|-74|CG0031363|-18|-75|CG0031363|-18|-75|CG0031363|-18|-75
29|2|7|800|9|CG0030143|-23|-73|CG0030143|-23|-73|CG0030144|-23|-72|CG0030144|-23|-72|CG0030145|-24|-71|CG0030145|-24|-71|CG0030145|-24|-71|CG0030146|-23|-70|CG0030147|-24|-70
29|2|8|1000|2|CG0031355|-13|-75|CG0031356|-34|-91
29|2|9|1000|1|CG0031357|-24|-67
29|2|10|1200|12|CG0031349|-26|-70|CG0031349|-26|-70|CG0031349|-26|-70|CG0031350|-28|-62|CG0031350|-28|-62|CG0031351|-31|-58|CG0031351|-31|-58|CG0031351|-31|-58|CG0031351|-31|-58|CG0031352|-31|-62|CG0031353|-23|-57|CG0031354|-25|-41
29|3|0|1000|4|CG0031413|-41|-75|CG0031414|-40|-75|CG0031415|-39|-74|CG0031414|-40|-75
29|3|1|1000|6|CG0031418|-40|-75|CG0031419|-41|-76|CG0031420|-42|-74|CG0031421|-40|-75|CG0031422|-38|-76|CG0031423|-37|-74
29|3|2|400|1|CG0188507|-36|-53
29|3|3|500|6|CG0031387|-30|-72|CG0031388|-29|-73|CG0031389|-31|-74|CG0031390|-30|-71|CG0031391|-30|-73|CG0031392|-32|-75
29|3|4|250|2|CG0039626|-21|-71|CG0039627|-15|-70
29|3|5|1000|20|CG0031380|-28|-73|CG0031380|-28|-73|CG0031380|-28|-73|CG0031380|-28|-73|CG0031381|-24|-73|CG0031381|-24|-73|CG0031381|-24|-73|CG0031381|-24|-73|CG0031382|-40|-74|CG0031382|-40|-74|CG0031383|-4|-66|CG0031383|-4|-66|CG0031384|-5|-63|CG0031384|-5|-63|CG0031384|-5|-63|CG0031384|-5|-63|CG0031385|-2|-68|CG0031385|-2|-68|CG0031386|-23|-73|CG0031386|-23|-73
29|3|6|1200|11|CG0031406|-38|-75|CG0031406|-38|-75|CG0031407|-38|-75|CG0031407|-38|-75|CG0031407|-38|-75|CG0031407|-38|-75|CG0031408|-37|-75|CG0031408|-37|-75|CG0031409|-36|-74|CG0031409|-36|-74|CG0031409|-36|-74
29|3|7|800|9|CG0030206|-21|-75|CG0030206|-21|-75|CG0030207|-19|-70|CG0030207|-19|-70|CG0030208|-19|-67|CG0030208|-19|-67|CG0030208|-19|-67|CG0030209|-20|-62|CG0030210|-22|-62
29|3|8|1000|2|CG0031401|-20|-72|CG0031402|-40|-92
29|3|9|1000|1|CG0031403|-30|-64
29|3|10|1200|12|CG0031395|-30|-72|CG0031395|-30|-72|CG0031395|-30|-72|CG0031396|-37|-66|CG0031396|-37|-66|CG0031397|-30|-58|CG0031397|-30|-58|CG0031397|-30|-58|CG0031397|-30|-58|CG0031398|-30|-56|CG0031399|-24|-46|CG0031400|-24|-28
29|4|0|1000|4|CG0031459|-31|-76|CG0031460|-32|-76|CG0031461|-33|-76|CG0031460|-32|-76
29|4|1|1000|6|CG0031464|-35|-76|CG0031465|-36|-78|CG0031466|-36|-75|CG0031467|-35|-76|CG0031468|-34|-78|CG0031469|-33|-75
29|4|2|400|1|CG0188552|-25|-51
29|4|3|500|6|CG0031433|-29|-70|CG0031434|-29|-71|CG0031435|-31|-72|CG0031436|-30|-69|CG0031437|-29|-70|CG0031438|-29|-72
29|4|4|250|2|CG0039696|-32|-72|CG0039697|-28|-69
29|4|5|1000|20|CG0031426|-33|-73|CG0031426|-33|-73|CG0031426|-33|-73|CG0031426|-33|-73|CG0031427|-33|-73|CG0031427|-33|-73|CG0031427|-33|-73|CG0031427|-33|-73|CG0031428|-30|-72|CG0031428|-30|-72|CG0031429|-6|-53|CG0031429|-6|-53|CG0031430|-9|-48|CG0031430|-9|-48|CG0031430|-9|-48|CG0031430|-9|-48|CG0031431|-7|-56|CG0031431|-7|-56|CG0031432|-24|-72|CG0031432|-24|-72
29|4|6|1200|11|CG0031452|-34|-77|CG0031452|-34|-77|CG0031453|-34|-77|CG0031453|-34|-77|CG0031453|-34|-77|CG0031453|-34|-77|CG0031454|-35|-75|CG0031454|-35|-75|CG0031455|-35|-73|CG0031455|-35|-73|CG0031455|-35|-73
29|4|7|800|9|CG0030269|-20|-76|CG0030269|-20|-76|CG0030270|-14|-68|CG0030270|-14|-68|CG0030271|-14|-63|CG0030271|-14|-63|CG0030271|-14|-63|CG0030272|-16|-52|CG0030273|-22|-52
29|4|8|1000|2|CG0031447|-24|-69|CG0031448|-33|-96
29|4|9|1000|1|CG0031449|-42|-71
29|4|10|1200|12|CG0031441|-22|-75|CG0031441|-22|-75|CG0031441|-22|-75|CG0031442|-26|-69|CG0031442|-26|-69|CG0031443|-26|-55|CG0031443|-26|-55|CG0031443|-26|-55|CG0031443|-26|-55|CG0031444|-29|-48|CG0031445|-28|-33|CG0031446|-30|-20
29|5|0|1000|4|CG0031505|-35|-76|CG0031506|-31|-76|CG0031507|-27|-76|CG0031506|-31|-76
29|5|1|1000|6|CG0031510|-20|-76|CG0031511|-20|-77|CG0031512|-20|-75|CG0031513|-20|-76|CG0031514|-20|-77|CG0031515|-20|-75
29|5|2|400|1|CG0188597|-19|-60
29|5|3|500|6|CG0031479|-61|-68|CG0031480|-61|-69|CG0031481|-61|-70|CG0031482|-60|-67|CG0031483|-61|-69|CG0031484|-61|-70
29|5|4|250|2|CG0039766|-27|-73|CG0039767|-27|-70
29|5|5|1000|20|CG0031472|-65|-73|CG0031472|-65|-73|CG0031472|-65|-73|CG0031472|-65|-73|CG0031473|-54|-73|CG0031473|-54|-73|CG0031473|-54|-73|CG0031473|-54|-73|CG0031474|-23|-71|CG0031474|-23|-71|CG0031475|-22|-47|CG0031475|-22|-47|CG0031476|-22|-40|CG0031476|-22|-40|CG0031476|-22|-40|CG0031476|-22|-40|CG0031477|-21|-51|CG0031477|-21|-51|CG0031478|-36|-71|CG0031478|-36|-71
29|5|6|1200|11|CG0031498|-24|-77|CG0031498|-24|-77|CG0031499|-24|-77|CG0031499|-24|-77|CG0031499|-24|-77|CG0031499|-24|-77|CG0031500|-22|-75|CG0031500|-22|-75|CG0031501|-20|-73|CG0031501|-20|-73|CG0031501|-20|-73
29|5|7|800|9|CG0030332|-15|-75|CG0030332|-15|-75|CG0030333|-20|-66|CG0030333|-20|-66|CG0030334|-20|-60|CG0030334|-20|-60|CG0030334|-20|-60|CG0030335|-35|-47|CG0030336|-27|-52
29|5|8|1000|2|CG0031493|-19|-68|CG0031494|-21|-100
29|5|9|1000|1|CG0031495|-31|-85
29|5|10|1200|12|CG0031487|-52|-76|CG0031487|-52|-76|CG0031487|-52|-76|CG0031488|-51|-70|CG0031488|-51|-70|CG0031489|-27|-51|CG0031489|-27|-51|CG0031489|-27|-51|CG0031489|-27|-51|CG0031490|-39|-43|CG0031491|-25|-25|CG0031492|-24|-19
29|6|0|1000|4|CG0031551|-54|-76|CG0031552|-55|-76|CG0031553|-54|-76|CG0031552|-55|-76
29|6|1|1000|6|CG0031556|-49|-76|CG0031557|-48|-77|CG0031558|-47|-75|CG0031559|-49|-76|CG0031560|-50|-78|CG0031561|-51|-75
29|6|2|400|1|CG0188642|-38|-63
29|6|3|500|6|CG0031525|-55|-70|CG0031526|-56|-71|CG0031527|-57|-72|CG0031528|-55|-69|CG0031529|-56|-70|CG0031530|-56|-72
29|6|4|250|2|CG0039836|-21|-74|CG0039837|-26|-71
29|6|5|1000|20|CG0031518|-58|-73|CG0031518|-58|-73|CG0031518|-58|-73|CG0031518|-58|-73|CG0031519|-44|-73|CG0031519|-44|-73|CG0031519|-44|-73|CG0031519|-44|-73|CG0031520|-48|-72|CG0031520|-48|-72|CG0031521|-99|-52|CG0031521|-99|-52|CG0031522|-101|-45|CG0031522|-101|-45|CG0031522|-101|-45|CG0031522|-101|-45|CG0031523|-74|-57|CG0031523|-74|-57|CG0031524|-70|-72|CG0031524|-70|-72
29|6|6|1200|11|CG0031544|-54|-76|CG0031544|-54|-76|CG0031545|-54|-77|CG0031545|-54|-77|CG0031545|-54|-77|CG0031545|-54|-77|CG0031546|-54|-75|CG0031546|-54|-75|CG0031547|-54|-74|CG0031547|-54|-74|CG0031547|-54|-74
29|6|7|800|9|CG0030395|-18|-74|CG0030395|-18|-74|CG0030396|-31|-67|CG0030396|-31|-67|CG0030397|-31|-62|CG0030397|-31|-62|CG0030397|-31|-62|CG0030398|-48|-50|CG0030399|-34|-61
29|6|8|1000|2|CG0031539|-59|-69|CG0031540|-26|-103
29|6|9|1000|1|CG0031541|-36|-92
29|6|10|1200|12|CG0031533|-65|-75|CG0031533|-65|-75|CG0031533|-65|-75|CG0031534|-62|-70|CG0031534|-62|-70|CG0031535|-53|-50|CG0031535|-53|-50|CG0031535|-53|-50|CG0031535|-53|-50|CG0031536|-67|-43|CG0031537|-65|-27|CG0031538|-65|-22
29|7|0|1000|4|CG0031597|-42|-74|CG0031598|-45|-74|CG0031599|-49|-75|CG0031598|-45|-74
29|7|1|1000|6|CG0031602|-49|-75|CG0031603|-47|-76|CG0031604|-47|-74|CG0031605|-49|-75|CG0031606|-50|-76|CG0031607|-51|-74
29|7|2|400|1|CG0188687|-44|-60
29|7|3|500|6|CG0031571|-20|-72|CG0031572|-21|-73|CG0031573|-29|-74|CG0031574|-20|-71|CG0031575|-22|-73|CG0031576|-29|-75
29|7|4|250|2|CG0039906|-32|-76|CG0039907|-37|-75
29|7|5|1000|20|CG0031564|-21|-72|CG0031564|-21|-72|CG0031564|-21|-72|CG0031564|-21|-72|CG0031565|-24|-72|CG0031565|-24|-72|CG0031565|-24|-72|CG0031565|-24|-72|CG0031566|-44|-73|CG0031566|-44|-73|CG0031567|-124|-64|CG0031567|-124|-64|CG0031568|-127|-61|CG0031568|-127|-61|CG0031568|-127|-61|CG0031568|-127|-61|CG0031569|-94|-71|CG0031569|-94|-71|CG0031570|-67|-73|CG0031570|-67|-73
29|7|6|1200|11|CG0031590|-52|-74|CG0031590|-52|-74|CG0031591|-52|-74|CG0031591|-52|-74|CG0031591|-52|-74|CG0031591|-52|-74|CG0031592|-54|-75|CG0031592|-54|-75|CG0031593|-55|-74|CG0031593|-55|-74|CG0031593|-55|-74
29|7|7|800|9|CG0030458|-18|-73|CG0030458|-18|-73|CG0030459|-27|-69|CG0030459|-27|-69|CG0030460|-27|-66|CG0030460|-27|-66|CG0030460|-27|-66|CG0030461|-39|-61|CG0030462|-39|-67
29|7|8|1000|2|CG0031585|-63|-72|CG0031586|-27|-102
29|7|9|1000|1|CG0031587|-48|-87
29|7|10|1200|12|CG0031579|-42|-72|CG0031579|-42|-72|CG0031579|-42|-72|CG0031580|-37|-66|CG0031580|-37|-66|CG0031581|-49|-50|CG0031581|-49|-50|CG0031581|-49|-50|CG0031581|-49|-50|CG0031582|-55|-46|CG0031583|-72|-37|CG0031584|-83|-20
