86|0|0|1200|4|CG0053769|-18|-66|CG0053770|-19|-66|CG0053771|-20|-67|CG0053770|-19|-66
86|0|1|1000|6|CG0053785|-16|-66|CG0053786|-20|-67|CG0053787|-22|-64|CG0053788|-19|-66|CG0053789|-15|-67|CG0053790|-23|-64
86|0|2|400|1|CG0188372|-32|-70
86|0|3|600|6|CG0053730|-18|-62|CG0053731|-20|-66|CG0053732|-22|-64|CG0053733|-18|-62|CG0053734|-18|-66|CG0053735|-21|-64
86|0|4|100|1|CG0196344|-27|-55
86|0|5|1000|30|CG0053722|-21|-63|CG0053722|-21|-63|CG0053722|-21|-63|CG0053722|-21|-63|CG0053723|-30|-70|CG0053723|-30|-70|CG0053724|-23|-79|CG0053724|-23|-79|CG0053724|-23|-79|CG0053724|-23|-79|CG0053725|-36|-83|CG0053725|-36|-83|CG0053725|-36|-83|CG0053725|-36|-83|CG0053726|-39|-71|CG0053726|-39|-71|CG0053727|-44|-49|CG0053727|-44|-49|CG0053727|-44|-49|CG0053727|-44|-49|CG0053727|-44|-49|CG0053727|-44|-49|CG0053728|-40|-63|CG0053728|-40|-63|CG0053728|-40|-63|CG0053728|-40|-63|CG0053729|-28|-66|CG0053729|-28|-66|CG0053729|-28|-66|CG0053729|-28|-66
86|0|6|1800|17|CG0053757|-25|-67|CG0053757|-25|-67|CG0053758|-26|-63|CG0053758|-26|-63|CG0053759|-27|-59|CG0053759|-27|-59|CG0053759|-27|-59|CG0053759|-27|-59|CG0053759|-27|-59|CG0053760|-28|-65|CG0053761|-23|-59|CG0053761|-23|-59|CG0053761|-23|-59|CG0053761|-23|-59|CG0053761|-23|-59|CG0053761|-23|-59|CG0053761|-23|-59
86|0|7|1500|16|CG0053772|-22|-66|CG0053772|-22|-66|CG0053774|-24|-63|CG0053774|-24|-63|CG0053775|-22|-59|CG0053775|-22|-59|CG0053775|-22|-59|CG0053776|-28|-66|CG0053777|-40|-73|CG0053778|-45|-63|CG0053779|-52|-61|CG0053779|-52|-61|CG0053780|-55|-64|CG0053781|-57|-61|CG0053781|-57|-61|CG0053773|-48|-69
86|0|8|1000|2|CG0053748|-21|-64|CG0053749|-19|-54
86|0|9|1000|1|CG0053754|-20|-66
86|0|10|1500|6|CG0053742|-22|-64|CG0053743|-28|-71|CG0053744|-45|-41|CG0053745|-45|-39|CG0053746|-45|-37|CG0053747|-45|-36
86|1|0|1200|4|CG0053840|-20|-67|CG0053841|-20|-67|CG0053842|-20|-67|CG0053841|-20|-67
86|1|1|1000|6|CG0053856|-20|-65|CG0053857|-20|-67|CG0053858|-20|-63|CG0053859|-20|-65|CG0053860|-20|-67|CG0053861|-20|-63
86|1|2|400|1|CG0188417|-17|-71
86|1|3|600|6|CG0053801|-18|-61|CG0053802|-18|-65|CG0053803|-18|-63|CG0053804|-18|-61|CG0053805|-19|-65|CG0053806|-19|-63
86|1|4|100|1|CG0196384|-26|-58
86|1|5|1000|30|CG0053793|-19|-65|CG0053793|-19|-65|CG0053793|-19|-65|CG0053793|-19|-65|CG0053794|-19|-71|CG0053794|-19|-71|CG0053795|-20|-77|CG0053795|-20|-77|CG0053795|-20|-77|CG0053795|-20|-77|CG0053796|-19|-85|CG0053796|-19|-85|CG0053796|-19|-85|CG0053796|-19|-85|CG0053797|-28|-76|CG0053797|-28|-76|CG0053798|-22|-54|CG0053798|-22|-54|CG0053798|-22|-54|CG0053798|-22|-54|CG0053798|-22|-54|CG0053798|-22|-54|CG0053799|-18|-68|CG0053799|-18|-68|CG0053799|-18|-68|CG0053799|-18|-68|CG0053800|-17|-69|CG0053800|-17|-69|CG0053800|-17|-69|CG0053800|-17|-69
86|1|6|1800|17|CG0053828|-19|-68|CG0053828|-19|-68|CG0053829|-18|-63|CG0053829|-18|-63|CG0053830|-19|-61|CG0053830|-19|-61|CG0053830|-19|-61|CG0053830|-19|-61|CG0053830|-19|-61|CG0053831|-26|-66|CG0053832|-35|-58|CG0053832|-35|-58|CG0053832|-35|-58|CG0053832|-35|-58|CG0053832|-35|-58|CG0053832|-35|-58|CG0053832|-35|-58
86|1|7|1500|16|CG0053843|-16|-66|CG0053843|-16|-66|CG0053845|-13|-56|CG0053845|-13|-56|CG0053846|-12|-59|CG0053846|-12|-59|CG0053846|-12|-59|CG0053847|-12|-66|CG0053848|-26|-76|CG0053849|-30|-70|CG0053850|-30|-69|CG0053850|-30|-69|CG0053851|-28|-73|CG0053852|-30|-70|CG0053852|-30|-70|CG0053844|-27|-76
86|1|8|1000|2|CG0053819|-19|-65|CG0053820|-31|-50
86|1|9|1000|1|CG0053825|-15|-67
86|1|10|1500|6|CG0053813|-22|-63|CG0053814|-22|-74|CG0053815|-22|-48|CG0053816|-22|-46|CG0053817|-21|-44|CG0053818|-21|-43
86|2|0|1200|4|CG0053911|-15|-67|CG0053912|-14|-67|CG0053913|-14|-66|CG0053912|-14|-67
86|2|1|1000|6|CG0053927|-18|-66|CG0053928|-19|-68|CG0053929|-23|-64|CG0053930|-19|-66|CG0053931|-18|-68|CG0053932|-20|-64
86|2|2|400|1|CG0188462|-33|-62
86|2|3|600|6|CG0053872|-18|-62|CG0053873|-20|-66|CG0053874|-24|-64|CG0053875|-19|-62|CG0053876|-19|-66|CG0053877|-19|-64
86|2|4|100|1|CG0196424|-14|-57
86|2|5|1000|30|CG0053864|-14|-63|CG0053864|-14|-63|CG0053864|-14|-63|CG0053864|-14|-63|CG0053865|-12|-71|CG0053865|-12|-71|CG0053866|-18|-80|CG0053866|-18|-80|CG0053866|-18|-80|CG0053866|-18|-80|CG0053867|-12|-83|CG0053867|-12|-83|CG0053867|-12|-83|CG0053867|-12|-83|CG0053868|-7|-71|CG0053868|-7|-71|CG0053869|-6|-49|CG0053869|-6|-49|CG0053869|-6|-49|CG0053869|-6|-49|CG0053869|-6|-49|CG0053869|-6|-49|CG0053870|-14|-63|CG0053870|-14|-63|CG0053870|-14|-63|CG0053870|-14|-63|CG0053871|-13|-66|CG0053871|-13|-66|CG0053871|-13|-66|CG0053871|-13|-66
86|2|6|1800|17|CG0053899|-14|-67|CG0053899|-14|-67|CG0053900|-15|-61|CG0053900|-15|-61|CG0053901|-14|-59|CG0053901|-14|-59|CG0053901|-14|-59|CG0053901|-14|-59|CG0053901|-14|-59|CG0053902|-15|-65|CG0053903|-29|-59|CG0053903|-29|-59|CG0053903|-29|-59|CG0053903|-29|-59|CG0053903|-29|-59|CG0053903|-29|-59|CG0053903|-29|-59
86|2|7|1500|16|CG0053914|-14|-65|CG0053914|-14|-65|CG0053916|-21|-57|CG0053916|-21|-57|CG0053917|-23|-56|CG0053917|-23|-56|CG0053917|-23|-56|CG0053918|-12|-64|CG0053919|-5|-72|CG0053920|-5|-63|CG0053921|2|-69|CG0053921|2|-69|CG0053922|4|-73|CG0053923|7|-66|CG0053923|7|-66|CG0053915|0|-69
86|2|8|1000|2|CG0053890|-17|-64|CG0053891|-31|-55
86|2|9|1000|1|CG0053896|-15|-66
86|2|10|1500|6|CG0053884|-19|-64|CG0053885|-15|-71|CG0053886|-20|-41|CG0053887|-18|-39|CG0053888|-20|-37|CG0053889|-21|-37
86|3|0|1200|4|CG0053982|-12|-67|CG0053983|-12|-67|CG0053984|-12|-66|CG0053983|-12|-67
86|3|1|1000|6|CG0053998|-19|-67|CG0053999|-18|-69|CG0054000|-23|-65|CG0054001|-18|-67|CG0054002|-19|-69|CG0054003|-23|-65
86|3|2|400|1|CG0188507|-36|-53
86|3|3|600|6|CG0053943|-21|-64|CG0053944|-20|-68|CG0053945|-23|-66|CG0053946|-17|-64|CG0053947|-19|-68|CG0053948|-23|-66
86|3|4|100|1|CG0196464|-10|-51
86|3|5|1000|30|CG0053935|-12|-61|CG0053935|-12|-61|CG0053935|-12|-61|CG0053935|-12|-61|CG0053936|-13|-71|CG0053936|-13|-71|CG0053937|-20|-78|CG0053937|-20|-78|CG0053937|-20|-78|CG0053937|-20|-78|CG0053938|-4|-79|CG0053938|-4|-79|CG0053938|-4|-79|CG0053938|-4|-79|CG0053939|3|-57|CG0053939|3|-57|CG0053940|6|-40|CG0053940|6|-40|CG0053940|6|-40|CG0053940|6|-40|CG0053940|6|-40|CG0053940|6|-40|CG0053941|-6|-48|CG0053941|-6|-48|CG0053941|-6|-48|CG0053941|-6|-48|CG0053942|-7|-58|CG0053942|-7|-58|CG0053942|-7|-58|CG0053942|-7|-58
86|3|6|1800|17|CG0053970|-14|-65|CG0053970|-14|-65|CG0053971|-15|-56|CG0053971|-15|-56|CG0053972|-14|-54|CG0053972|-14|-54|CG0053972|-14|-54|CG0053972|-14|-54|CG0053972|-14|-54|CG0053973|-10|-64|CG0053974|-25|-63|CG0053974|-25|-63|CG0053974|-25|-63|CG0053974|-25|-63|CG0053974|-25|-63|CG0053974|-25|-63|CG0053974|-25|-63
86|3|7|1500|16|CG0053985|-12|-65|CG0053985|-12|-65|CG0053987|-30|-62|CG0053987|-30|-62|CG0053988|-35|-59|CG0053988|-35|-59|CG0053988|-35|-59|CG0053989|-25|-63|CG0053990|-12|-61|CG0053991|-13|-57|CG0053992|-1|-59|CG0053992|-1|-59|CG0053993|7|-62|CG0053994|7|-54|CG0053994|7|-54|CG0053986|-3|-51
86|3|8|1000|2|CG0053961|-17|-59|CG0053962|-37|-62
86|3|9|1000|1|CG0053967|-14|-63
86|3|10|1500|6|CG0053955|-21|-66|CG0053956|-13|-63|CG0053957|-20|-32|CG0053958|-17|-28|CG0053959|-21|-22|CG0053960|-20|-21
86|4|0|1200|4|CG0054053|-13|-67|CG0054054|-14|-67|CG0054055|-15|-67|CG0054054|-14|-67
86|4|1|1000|6|CG0054069|-19|-69|CG0054070|-18|-71|CG0054071|-20|-67|CG0054072|-18|-69|CG0054073|-19|-71|CG0054074|-22|-67
86|4|2|400|1|CG0188552|-25|-51
86|4|3|600|6|CG0054014|-21|-66|CG0054015|-19|-70|CG0054016|-19|-69|CG0054017|-17|-66|CG0054018|-19|-70|CG0054019|-23|-69
86|4|4|100|1|CG0196504|-21|-46
86|4|5|1000|30|CG0054006|-13|-57|CG0054006|-13|-57|CG0054006|-13|-57|CG0054006|-13|-57|CG0054007|-12|-71|CG0054007|-12|-71|CG0054008|-18|-81|CG0054008|-18|-81|CG0054008|-18|-81|CG0054008|-18|-81|CG0054009|-12|-75|CG0054009|-12|-75|CG0054009|-12|-75|CG0054009|-12|-75|CG0054010|-5|-42|CG0054010|-5|-42|CG0054011|-7|-29|CG0054011|-7|-29|CG0054011|-7|-29|CG0054011|-7|-29|CG0054011|-7|-29|CG0054011|-7|-29|CG0054012|-6|-32|CG0054012|-6|-32|CG0054012|-6|-32|CG0054012|-6|-32|CG0054013|-10|-49|CG0054013|-10|-49|CG0054013|-10|-49|CG0054013|-10|-49
86|4|6|1800|17|CG0054041|-14|-62|CG0054041|-14|-62|CG0054042|-15|-50|CG0054042|-15|-50|CG0054043|-14|-47|CG0054043|-14|-47|CG0054043|-14|-47|CG0054043|-14|-47|CG0054043|-14|-47|CG0054044|-15|-64|CG0054045|-30|-68|CG0054045|-30|-68|CG0054045|-30|-68|CG0054045|-30|-68|CG0054045|-30|-68|CG0054045|-30|-68|CG0054045|-30|-68
86|4|7|1500|16|CG0054056|-20|-66|CG0054056|-20|-66|CG0054058|-29|-68|CG0054058|-29|-68|CG0054059|-29|-65|CG0054059|-29|-65|CG0054059|-29|-65|CG0054060|-31|-65|CG0054061|-17|-50|CG0054062|-15|-44|CG0054063|-8|-40|CG0054063|-8|-40|CG0054064|-2|-44|CG0054065|-2|-36|CG0054065|-2|-36|CG0054057|-9|-32
86|4|8|1000|2|CG0054032|-17|-54|CG0054033|-35|-70
86|4|9|1000|1|CG0054038|-15|-59
86|4|10|1500|6|CG0054026|-19|-69|CG0054027|-14|-54|CG0054028|-20|-24|CG0054029|-18|-26|CG0054030|-20|-20|CG0054031|-19|-18
86|5|0|1200|4|CG0054124|-20|-67|CG0054125|-20|-67|CG0054126|-20|-67|CG0054125|-20|-67
86|5|1|1000|6|CG0054140|-20|-69|CG0054141|-20|-71|CG0054142|-20|-68|CG0054143|-20|-69|CG0054144|-20|-71|CG0054145|-20|-68
86|5|2|400|1|CG0188597|-19|-60
86|5|3|600|6|CG0054085|-18|-67|CG0054086|-18|-71|CG0054087|-18|-69|CG0054088|-18|-67|CG0054089|-18|-71|CG0054090|-18|-69
86|5|4|100|1|CG0196544|-24|-45
86|5|5|1000|30|CG0054077|-19|-55|CG0054077|-19|-55|CG0054077|-19|-55|CG0054077|-19|-55|CG0054078|-20|-71|CG0054078|-20|-71|CG0054079|-20|-82|CG0054079|-20|-82|CG0054079|-20|-82|CG0054079|-20|-82|CG0054080|-20|-73|CG0054080|-20|-73|CG0054080|-20|-73|CG0054080|-20|-73|CG0054081|-27|-37|CG0054081|-27|-37|CG0054082|-23|-22|CG0054082|-23|-22|CG0054082|-23|-22|CG0054082|-23|-22|CG0054082|-23|-22|CG0054082|-23|-22|CG0054083|-22|-27|CG0054083|-22|-27|CG0054083|-22|-27|CG0054083|-22|-27|CG0054084|-18|-46|CG0054084|-18|-46|CG0054084|-18|-46|CG0054084|-18|-46
86|5|6|1800|17|CG0054112|-19|-61|CG0054112|-19|-61|CG0054113|-19|-47|CG0054113|-19|-47|CG0054114|-19|-44|CG0054114|-19|-44|CG0054114|-19|-44|CG0054114|-19|-44|CG0054114|-19|-44|CG0054115|-27|-63|CG0054116|-35|-69|CG0054116|-35|-69|CG0054116|-35|-69|CG0054116|-35|-69|CG0054116|-35|-69|CG0054116|-35|-69|CG0054116|-35|-69
86|5|7|1500|16|CG0054127|-21|-66|CG0054127|-21|-66|CG0054129|-18|-71|CG0054129|-18|-71|CG0054130|-17|-68|CG0054130|-17|-68|CG0054130|-17|-68|CG0054131|-22|-67|CG0054132|-20|-46|CG0054133|-16|-33|CG0054134|-16|-41|CG0054134|-16|-41|CG0054135|-16|-45|CG0054136|-16|-37|CG0054136|-16|-37|CG0054128|-22|-25
86|5|8|1000|2|CG0054103|-19|-52|CG0054104|-33|-73
86|5|9|1000|1|CG0054109|-15|-57
86|5|10|1500|6|CG0054097|-21|-70|CG0054098|-21|-50|CG0054099|-21|-22|CG0054100|-22|-25|CG0054101|-21|-20|CG0054102|-20|-18
86|6|0|1200|4|CG0054195|-19|-67|CG0054196|-19|-67|CG0054197|-18|-67|CG0054196|-19|-67
86|6|1|1000|6|CG0054211|-19|-69|CG0054212|-15|-71|CG0054213|-23|-67|CG0054214|-16|-69|CG0054215|-21|-71|CG0054216|-21|-67
86|6|2|400|1|CG0188642|-38|-63
86|6|3|600|6|CG0054156|-18|-66|CG0054157|-17|-70|CG0054158|-21|-68|CG0054159|-19|-66|CG0054160|-20|-70|CG0054161|-22|-68
86|6|4|100|1|CG0196584|-20|-48
86|6|5|1000|30|CG0054148|-21|-57|CG0054148|-21|-57|CG0054148|-21|-57|CG0054148|-21|-57|CG0054149|-29|-71|CG0054149|-29|-71|CG0054150|-24|-81|CG0054150|-24|-81|CG0054150|-24|-81|CG0054150|-24|-81|CG0054151|-36|-75|CG0054151|-36|-75|CG0054151|-36|-75|CG0054151|-36|-75|CG0054152|-41|-42|CG0054152|-41|-42|CG0054153|-47|-28|CG0054153|-47|-28|CG0054153|-47|-28|CG0054153|-47|-28|CG0054153|-47|-28|CG0054153|-47|-28|CG0054154|-42|-32|CG0054154|-42|-32|CG0054154|-42|-32|CG0054154|-42|-32|CG0054155|-28|-49|CG0054155|-28|-49|CG0054155|-28|-49|CG0054155|-28|-49
86|6|6|1800|17|CG0054183|-25|-62|CG0054183|-25|-62|CG0054184|-25|-49|CG0054184|-25|-49|CG0054185|-26|-46|CG0054185|-26|-46|CG0054185|-26|-46|CG0054185|-26|-46|CG0054185|-26|-46|CG0054186|-28|-64|CG0054187|-22|-67|CG0054187|-22|-67|CG0054187|-22|-67|CG0054187|-22|-67|CG0054187|-22|-67|CG0054187|-22|-67|CG0054187|-22|-67
86|6|7|1500|16|CG0054198|-14|-66|CG0054198|-14|-66|CG0054200|-20|-70|CG0054200|-20|-70|CG0054201|-32|-68|CG0054201|-32|-68|CG0054201|-32|-68|CG0054202|-27|-68|CG0054203|-42|-52|CG0054204|-50|-35|CG0054205|-58|-44|CG0054205|-58|-44|CG0054206|-60|-49|CG0054207|-62|-41|CG0054207|-62|-41|CG0054199|-51|-31
86|6|8|1000|2|CG0054174|-23|-54|CG0054175|-21|-70
86|6|9|1000|1|CG0054180|-21|-58
86|6|10|1500|6|CG0054168|-19|-69|CG0054169|-29|-54|CG0054170|-48|-23|CG0054171|-48|-22|CG0054172|-48|-22|CG0054173|-47|-19
86|7|0|1200|4|CG0054266|-12|-66|CG0054267|-12|-66|CG0054268|-12|-66|CG0054267|-12|-66
86|7|1|1000|6|CG0054282|-10|-67|CG0054283|-13|-69|CG0054284|-24|-65|CG0054285|-12|-67|CG0054286|-13|-69|CG0054287|-25|-65
86|7|2|400|1|CG0188687|-44|-60
86|7|3|600|6|CG0054227|-11|-64|CG0054228|-13|-68|CG0054229|-21|-66|CG0054230|-12|-64|CG0054231|-13|-68|CG0054232|-22|-66
86|7|4|100|1|CG0196624|-25|-51
86|7|5|1000|30|CG0054219|-23|-61|CG0054219|-23|-61|CG0054219|-23|-61|CG0054219|-23|-61|CG0054220|-25|-71|CG0054220|-25|-71|CG0054221|-21|-78|CG0054221|-21|-78|CG0054221|-21|-78|CG0054221|-21|-78|CG0054222|-34|-79|CG0054222|-34|-79|CG0054222|-34|-79|CG0054222|-34|-79|CG0054223|-51|-57|CG0054223|-51|-57|CG0054224|-59|-40|CG0054224|-59|-40|CG0054224|-59|-40|CG0054224|-59|-40|CG0054224|-59|-40|CG0054224|-59|-40|CG0054225|-50|-50|CG0054225|-50|-50|CG0054225|-50|-50|CG0054225|-50|-50|CG0054226|-36|-58|CG0054226|-36|-58|CG0054226|-36|-58|CG0054226|-36|-58
86|7|6|1800|17|CG0054254|-21|-65|CG0054254|-21|-65|CG0054255|-28|-56|CG0054255|-28|-56|CG0054256|-30|-53|CG0054256|-30|-53|CG0054256|-30|-53|CG0054256|-30|-53|CG0054256|-30|-53|CG0054257|-16|-65|CG0054258|-14|-64|CG0054258|-14|-64|CG0054258|-14|-64|CG0054258|-14|-64|CG0054258|-14|-64|CG0054258|-14|-64|CG0054258|-14|-64
86|7|7|1500|16|CG0054269|-22|-66|CG0054269|-22|-66|CG0054271|-28|-65|CG0054271|-28|-65|CG0054272|-35|-64|CG0054272|-35|-64|CG0054272|-35|-64|CG0054273|-37|-68|CG0054274|-43|-63|CG0054275|-62|-45|CG0054276|-72|-47|CG0054276|-72|-47|CG0054277|-76|-54|CG0054278|-78|-46|CG0054278|-78|-46|CG0054270|-64|-51
86|7|8|1000|2|CG0054245|-25|-59|CG0054246|-21|-62
86|7|9|1000|1|CG0054251|-23|-63
86|7|10|1500|6|CG0054239|-15|-66|CG0054240|-36|-62|CG0054241|-60|-32|CG0054242|-60|-28|CG0054243|-60|-20|CG0054244|-60|-18
