84|0|0|1500|4|CG0053037|-18|-66|CG0053038|-19|-66|CG0053039|-20|-67|CG0053038|-19|-66
84|0|1|1000|6|CG0053042|-16|-66|CG0053043|-20|-67|CG0053044|-22|-64|CG0053045|-19|-66|CG0053046|-15|-67|CG0053047|-23|-64
84|0|2|400|1|CG0188372|-32|-70
84|0|3|600|6|CG0053010|-18|-62|CG0053011|-20|-66|CG0053012|-22|-64|CG0053013|-18|-62|CG0053014|-18|-66|CG0053015|-21|-64
84|0|4|100|1|CG0196344|-27|-55
84|0|5|1200|32|CG0053002|-23|-63|CG0053002|-23|-63|CG0053002|-23|-63|CG0053002|-23|-63|CG0053003|-30|-90|CG0053003|-30|-90|CG0053004|-21|-82|CG0053004|-21|-82|CG0053004|-21|-82|CG0053004|-21|-82|CG0053005|-24|-87|CG0053005|-24|-87|CG0053005|-24|-87|CG0053005|-24|-87|CG0053006|-48|-74|CG0053006|-48|-74|CG0053007|-44|-55|CG0053007|-44|-55|CG0053007|-44|-55|CG0053007|-44|-55|CG0053007|-44|-55|CG0053007|-44|-55|CG0053007|-44|-55|CG0053007|-44|-55|CG0053008|-42|-63|CG0053008|-42|-63|CG0053008|-42|-63|CG0053008|-42|-63|CG0053009|-30|-66|CG0053009|-30|-66|CG0053009|-30|-66|CG0053009|-30|-66
84|0|6|1800|17|CG0053029|-25|-67|CG0053029|-25|-67|CG0053030|-26|-63|CG0053030|-26|-63|CG0053031|-27|-59|CG0053031|-27|-59|CG0053031|-27|-59|CG0053031|-27|-59|CG0053031|-27|-59|CG0053032|-28|-74|CG0053033|-23|-63|CG0053033|-23|-63|CG0053033|-23|-63|CG0053033|-23|-63|CG0053033|-23|-63|CG0053033|-23|-63|CG0053033|-23|-63
84|0|7|1500|16|CG0053772|-22|-66|CG0053772|-22|-66|CG0053774|-24|-63|CG0053774|-24|-63|CG0053775|-22|-59|CG0053775|-22|-59|CG0053775|-22|-59|CG0053776|-28|-66|CG0053777|-40|-73|CG0053778|-45|-63|CG0053779|-52|-61|CG0053779|-52|-61|CG0053780|-55|-64|CG0053781|-57|-61|CG0053781|-57|-61|CG0053773|-48|-69
84|0|8|1000|2|CG0053024|-21|-64|CG0053025|-19|-71
84|0|9|1000|1|CG0053026|-20|-75
84|0|10|1500|6|CG0053018|-22|-64|CG0053019|-28|-71|CG0053020|-45|-43|CG0053021|-45|-44|CG0053022|-45|-37|CG0053023|-45|-36
84|1|0|1500|4|CG0053085|-20|-67|CG0053086|-20|-67|CG0053087|-20|-67|CG0053086|-20|-67
84|1|1|1000|6|CG0053090|-20|-65|CG0053091|-20|-67|CG0053092|-20|-63|CG0053093|-20|-65|CG0053094|-20|-67|CG0053095|-20|-63
84|1|2|400|1|CG0188417|-17|-71
84|1|3|600|6|CG0053058|-18|-61|CG0053059|-18|-65|CG0053060|-18|-63|CG0053061|-18|-61|CG0053062|-19|-65|CG0053063|-19|-63
84|1|4|100|1|CG0196384|-26|-58
84|1|5|1200|32|CG0053050|-19|-65|CG0053050|-19|-65|CG0053050|-19|-65|CG0053050|-19|-65|CG0053051|-19|-89|CG0053051|-19|-89|CG0053052|-20|-80|CG0053052|-20|-80|CG0053052|-20|-80|CG0053052|-20|-80|CG0053053|-20|-87|CG0053053|-20|-87|CG0053053|-20|-87|CG0053053|-20|-87|CG0053054|-28|-78|CG0053054|-28|-78|CG0053055|-21|-62|CG0053055|-21|-62|CG0053055|-21|-62|CG0053055|-21|-62|CG0053055|-21|-62|CG0053055|-21|-62|CG0053055|-21|-62|CG0053055|-21|-62|CG0053056|-18|-68|CG0053056|-18|-68|CG0053056|-18|-68|CG0053056|-18|-68|CG0053057|-17|-69|CG0053057|-17|-69|CG0053057|-17|-69|CG0053057|-17|-69
84|1|6|1800|17|CG0053077|-19|-68|CG0053077|-19|-68|CG0053078|-18|-63|CG0053078|-18|-63|CG0053079|-19|-61|CG0053079|-19|-61|CG0053079|-19|-61|CG0053079|-19|-61|CG0053079|-19|-61|CG0053080|-26|-67|CG0053081|-35|-58|CG0053081|-35|-58|CG0053081|-35|-58|CG0053081|-35|-58|CG0053081|-35|-58|CG0053081|-35|-58|CG0053081|-35|-58
84|1|7|1500|16|CG0053843|-16|-66|CG0053843|-16|-66|CG0053845|-13|-56|CG0053845|-13|-56|CG0053846|-12|-59|CG0053846|-12|-59|CG0053846|-12|-59|CG0053847|-12|-66|CG0053848|-26|-76|CG0053849|-30|-70|CG0053850|-30|-69|CG0053850|-30|-69|CG0053851|-28|-73|CG0053852|-30|-70|CG0053852|-30|-70|CG0053844|-27|-76
84|1|8|1000|2|CG0053072|-19|-65|CG0053073|-31|-63
84|1|9|1000|1|CG0053074|-15|-73
84|1|10|1500|6|CG0053066|-22|-63|CG0053067|-22|-74|CG0053068|-22|-48|CG0053069|-22|-46|CG0053070|-21|-44|CG0053071|-21|-43
84|2|0|1500|4|CG0053133|-15|-67|CG0053134|-14|-67|CG0053135|-14|-66|CG0053134|-14|-67
84|2|1|1000|6|CG0053138|-18|-66|CG0053139|-19|-68|CG0053140|-23|-64|CG0053141|-19|-66|CG0053142|-18|-68|CG0053143|-20|-64
84|2|2|400|1|CG0188462|-33|-62
84|2|3|600|6|CG0053106|-18|-62|CG0053107|-20|-66|CG0053108|-24|-64|CG0053109|-19|-62|CG0053110|-19|-66|CG0053111|-19|-64
84|2|4|100|1|CG0196424|-14|-57
84|2|5|1200|32|CG0053098|-14|-63|CG0053098|-14|-63|CG0053098|-14|-63|CG0053098|-14|-63|CG0053099|-12|-81|CG0053099|-12|-81|CG0053100|-23|-80|CG0053100|-23|-80|CG0053100|-23|-80|CG0053100|-23|-80|CG0053101|-12|-85|CG0053101|-12|-85|CG0053101|-12|-85|CG0053101|-12|-85|CG0053102|-7|-74|CG0053102|-7|-74|CG0053103|-6|-55|CG0053103|-6|-55|CG0053103|-6|-55|CG0053103|-6|-55|CG0053103|-6|-55|CG0053103|-6|-55|CG0053103|-6|-55|CG0053103|-6|-55|CG0053104|-14|-63|CG0053104|-14|-63|CG0053104|-14|-63|CG0053104|-14|-63|CG0053105|-13|-66|CG0053105|-13|-66|CG0053105|-13|-66|CG0053105|-13|-66
84|2|6|1800|17|CG0053125|-14|-67|CG0053125|-14|-67|CG0053126|-15|-61|CG0053126|-15|-61|CG0053127|-14|-59|CG0053127|-14|-59|CG0053127|-14|-59|CG0053127|-14|-59|CG0053127|-14|-59|CG0053128|-15|-65|CG0053129|-29|-59|CG0053129|-29|-59|CG0053129|-29|-59|CG0053129|-29|-59|CG0053129|-29|-59|CG0053129|-29|-59|CG0053129|-29|-59
84|2|7|1500|16|CG0053914|-14|-65|CG0053914|-14|-65|CG0053916|-21|-57|CG0053916|-21|-57|CG0053917|-23|-56|CG0053917|-23|-56|CG0053917|-23|-56|CG0053918|-12|-64|CG0053919|-5|-72|CG0053920|-5|-63|CG0053921|2|-69|CG0053921|2|-69|CG0053922|4|-73|CG0053923|7|-66|CG0053923|7|-66|CG0053915|0|-69
84|2|8|1000|2|CG0053120|-17|-64|CG0053121|-31|-55
84|2|9|1000|1|CG0053122|-15|-70
84|2|10|1500|6|CG0053114|-19|-64|CG0053115|-15|-71|CG0053116|-20|-41|CG0053117|-18|-39|CG0053118|-20|-37|CG0053119|-21|-37
84|3|0|1500|4|CG0053181|-17|-67|CG0053182|-19|-67|CG0053183|-20|-66|CG0053182|-19|-67
84|3|1|1000|6|CG0053186|-22|-67|CG0053187|-22|-69|CG0053188|-23|-65|CG0053189|-22|-67|CG0053190|-22|-69|CG0053191|-23|-65
84|3|2|400|1|CG0188507|-36|-53
84|3|3|600|6|CG0053154|-21|-64|CG0053155|-21|-68|CG0053156|-23|-66|CG0053157|-21|-64|CG0053158|-21|-68|CG0053159|-23|-66
84|3|4|100|1|CG0196464|-10|-51
84|3|5|1200|32|CG0053146|-12|-60|CG0053146|-12|-60|CG0053146|-12|-60|CG0053146|-12|-60|CG0053147|-10|-71|CG0053147|-10|-71|CG0053148|-40|-81|CG0053148|-40|-81|CG0053148|-40|-81|CG0053148|-40|-81|CG0053149|-23|-80|CG0053149|-23|-80|CG0053149|-23|-80|CG0053149|-23|-80|CG0053150|3|-62|CG0053150|3|-62|CG0053151|6|-38|CG0053151|6|-38|CG0053151|6|-38|CG0053151|6|-38|CG0053151|6|-38|CG0053151|6|-38|CG0053151|6|-38|CG0053151|6|-38|CG0053152|-6|-48|CG0053152|-6|-48|CG0053152|-6|-48|CG0053152|-6|-48|CG0053153|-7|-58|CG0053153|-7|-58|CG0053153|-7|-58|CG0053153|-7|-58
84|3|6|1800|17|CG0053173|-14|-65|CG0053173|-14|-65|CG0053174|-15|-56|CG0053174|-15|-56|CG0053175|-14|-54|CG0053175|-14|-54|CG0053175|-14|-54|CG0053175|-14|-54|CG0053175|-14|-54|CG0053176|-10|-64|CG0053177|-34|-63|CG0053177|-34|-63|CG0053177|-34|-63|CG0053177|-34|-63|CG0053177|-34|-63|CG0053177|-34|-63|CG0053177|-34|-63
84|3|7|1500|16|CG0053985|-12|-65|CG0053985|-12|-65|CG0053987|-30|-62|CG0053987|-30|-62|CG0053988|-35|-59|CG0053988|-35|-59|CG0053988|-35|-59|CG0053989|-25|-63|CG0053990|-12|-61|CG0053991|-13|-57|CG0053992|-1|-59|CG0053992|-1|-59|CG0053993|7|-62|CG0053994|7|-54|CG0053994|7|-54|CG0053986|-3|-51
84|3|8|1000|2|CG0053168|-17|-59|CG0053169|-37|-62
84|3|9|1000|1|CG0053170|-14|-67
84|3|10|1500|6|CG0053162|-21|-66|CG0053163|-13|-63|CG0053164|-20|-32|CG0053165|-17|-28|CG0053166|-21|-22|CG0053167|-20|-21
84|4|0|1500|4|CG0053229|-24|-67|CG0053230|-24|-67|CG0053231|-24|-67|CG0053230|-24|-67
84|4|1|1000|6|CG0053234|-27|-69|CG0053235|-27|-71|CG0053236|-27|-67|CG0053237|-27|-69|CG0053238|-27|-71|CG0053239|-27|-67
84|4|2|400|1|CG0188552|-25|-51
84|4|3|600|6|CG0053202|-25|-66|CG0053203|-25|-70|CG0053204|-25|-69|CG0053205|-25|-66|CG0053206|-25|-70|CG0053207|-25|-69
84|4|4|100|1|CG0196504|-21|-46
84|4|5|1200|32|CG0053194|-14|-56|CG0053194|-14|-56|CG0053194|-14|-56|CG0053194|-14|-56|CG0053195|-12|-70|CG0053195|-12|-70|CG0053196|-34|-81|CG0053196|-34|-81|CG0053196|-34|-81|CG0053196|-34|-81|CG0053197|-23|-75|CG0053197|-23|-75|CG0053197|-23|-75|CG0053197|-23|-75|CG0053198|-5|-48|CG0053198|-5|-48|CG0053199|-7|-25|CG0053199|-7|-25|CG0053199|-7|-25|CG0053199|-7|-25|CG0053199|-7|-25|CG0053199|-7|-25|CG0053199|-7|-25|CG0053199|-7|-25|CG0053200|-6|-32|CG0053200|-6|-32|CG0053200|-6|-32|CG0053200|-6|-32|CG0053201|-10|-49|CG0053201|-10|-49|CG0053201|-10|-49|CG0053201|-10|-49
84|4|6|1800|17|CG0053221|-18|-62|CG0053221|-18|-62|CG0053222|-17|-50|CG0053222|-17|-50|CG0053223|-14|-47|CG0053223|-14|-47|CG0053223|-14|-47|CG0053223|-14|-47|CG0053223|-14|-47|CG0053224|-15|-64|CG0053225|-50|-68|CG0053225|-50|-68|CG0053225|-50|-68|CG0053225|-50|-68|CG0053225|-50|-68|CG0053225|-50|-68|CG0053225|-50|-68
84|4|7|1500|16|CG0054056|-20|-66|CG0054056|-20|-66|CG0054058|-29|-68|CG0054058|-29|-68|CG0054059|-29|-65|CG0054059|-29|-65|CG0054059|-29|-65|CG0054060|-31|-65|CG0054061|-17|-50|CG0054062|-15|-44|CG0054063|-8|-40|CG0054063|-8|-40|CG0054064|-2|-44|CG0054065|-2|-36|CG0054065|-2|-36|CG0054057|-9|-32
84|4|8|1000|2|CG0053216|-20|-54|CG0053217|-41|-70
84|4|9|1000|1|CG0053218|-15|-67
84|4|10|1500|6|CG0053210|-20|-69|CG0053211|-16|-54|CG0053212|-20|-24|CG0053213|-18|-26|CG0053214|-20|-20|CG0053215|-19|-18
84|5|0|1500|4|CG0053277|-20|-67|CG0053278|-19|-67|CG0053279|-21|-67|CG0053278|-19|-67
84|5|1|1000|6|CG0053282|-20|-69|CG0053283|-20|-71|CG0053284|-20|-68|CG0053285|-20|-69|CG0053286|-20|-71|CG0053287|-20|-68
84|5|2|400|1|CG0188597|-19|-60
84|5|3|600|6|CG0053250|-20|-67|CG0053251|-20|-71|CG0053252|-20|-69|CG0053253|-20|-67|CG0053254|-20|-71|CG0053255|-20|-69
84|5|4|100|1|CG0196544|-24|-45
84|5|5|1200|32|CG0053242|-20|-54|CG0053242|-20|-54|CG0053242|-20|-54|CG0053242|-20|-54|CG0053243|-19|-69|CG0053243|-19|-69|CG0053244|-18|-83|CG0053244|-18|-83|CG0053244|-18|-83|CG0053244|-18|-83|CG0053245|-19|-78|CG0053245|-19|-78|CG0053245|-19|-78|CG0053245|-19|-78|CG0053246|-27|-42|CG0053246|-27|-42|CG0053247|-23|-22|CG0053247|-23|-22|CG0053247|-23|-22|CG0053247|-23|-22|CG0053247|-23|-22|CG0053247|-23|-22|CG0053247|-23|-22|CG0053247|-23|-22|CG0053248|-22|-27|CG0053248|-22|-27|CG0053248|-22|-27|CG0053248|-22|-27|CG0053249|-19|-46|CG0053249|-19|-46|CG0053249|-19|-46|CG0053249|-19|-46
84|5|6|1800|17|CG0053269|-20|-61|CG0053269|-20|-61|CG0053270|-19|-47|CG0053270|-19|-47|CG0053271|-22|-44|CG0053271|-22|-44|CG0053271|-22|-44|CG0053271|-22|-44|CG0053271|-22|-44|CG0053272|-35|-63|CG0053273|-43|-75|CG0053273|-43|-75|CG0053273|-43|-75|CG0053273|-43|-75|CG0053273|-43|-75|CG0053273|-43|-75|CG0053273|-43|-75
84|5|7|1500|16|CG0054127|-21|-66|CG0054127|-21|-66|CG0054129|-18|-71|CG0054129|-18|-71|CG0054130|-17|-68|CG0054130|-17|-68|CG0054130|-17|-68|CG0054131|-22|-67|CG0054132|-20|-46|CG0054133|-16|-33|CG0054134|-16|-41|CG0054134|-16|-41|CG0054135|-16|-45|CG0054136|-16|-37|CG0054136|-16|-37|CG0054128|-22|-25
84|5|8|1000|2|CG0053264|-18|-52|CG0053265|-39|-73
84|5|9|1000|1|CG0053266|-16|-69
84|5|10|1500|6|CG0053258|-25|-70|CG0053259|-37|-50|CG0053260|-53|-22|CG0053261|-49|-25|CG0053262|-52|-20|CG0053263|-51|-18
84|6|0|1500|4|CG0053325|-31|-67|CG0053326|-31|-67|CG0053327|-32|-67|CG0053326|-31|-67
84|6|1|1000|6|CG0053330|-28|-69|CG0053331|-28|-71|CG0053332|-28|-67|CG0053333|-28|-69|CG0053334|-28|-71|CG0053335|-28|-67
84|6|2|400|1|CG0188642|-38|-63
84|6|3|600|6|CG0053298|-30|-66|CG0053299|-30|-70|CG0053300|-30|-68|CG0053301|-30|-66|CG0053302|-30|-70|CG0053303|-30|-68
84|6|4|100|1|CG0196584|-20|-48
84|6|5|1200|32|CG0053290|-30|-56|CG0053290|-30|-56|CG0053290|-30|-56|CG0053290|-30|-56|CG0053291|-36|-72|CG0053291|-36|-72|CG0053292|-21|-82|CG0053292|-21|-82|CG0053292|-21|-82|CG0053292|-21|-82|CG0053293|-27|-79|CG0053293|-27|-79|CG0053293|-27|-79|CG0053293|-27|-79|CG0053294|-51|-48|CG0053294|-51|-48|CG0053295|-47|-25|CG0053295|-47|-25|CG0053295|-47|-25|CG0053295|-47|-25|CG0053295|-47|-25|CG0053295|-47|-25|CG0053295|-47|-25|CG0053295|-47|-25|CG0053296|-51|-32|CG0053296|-51|-32|CG0053296|-51|-32|CG0053296|-51|-32|CG0053297|-43|-49|CG0053297|-43|-49|CG0053297|-43|-49|CG0053297|-43|-49
84|6|6|1800|17|CG0053317|-38|-62|CG0053317|-38|-62|CG0053318|-38|-49|CG0053318|-38|-49|CG0053319|-45|-46|CG0053319|-45|-46|CG0053319|-45|-46|CG0053319|-45|-46|CG0053319|-45|-46|CG0053320|-46|-64|CG0053321|-27|-82|CG0053321|-27|-82|CG0053321|-27|-82|CG0053321|-27|-82|CG0053321|-27|-82|CG0053321|-27|-82|CG0053321|-27|-82
84|6|7|1500|16|CG0054198|-14|-66|CG0054198|-14|-66|CG0054200|-20|-70|CG0054200|-20|-70|CG0054201|-32|-68|CG0054201|-32|-68|CG0054201|-32|-68|CG0054202|-27|-68|CG0054203|-42|-52|CG0054204|-50|-35|CG0054205|-58|-44|CG0054205|-58|-44|CG0054206|-60|-49|CG0054207|-62|-41|CG0054207|-62|-41|CG0054199|-51|-31
84|6|8|1000|2|CG0053312|-34|-54|CG0053313|-31|-70
84|6|9|1000|1|CG0053314|-29|-72
84|6|10|1500|6|CG0053306|-40|-69|CG0053307|-42|-54|CG0053308|-60|-26|CG0053309|-63|-22|CG0053310|-61|-22|CG0053311|-60|-19
84|7|0|1500|4|CG0053373|-28|-66|CG0053374|-27|-66|CG0053375|-25|-66|CG0053374|-27|-66
84|7|1|1000|6|CG0053378|-22|-67|CG0053379|-23|-69|CG0053380|-24|-65|CG0053381|-22|-67|CG0053382|-23|-69|CG0053383|-25|-65
84|7|2|400|1|CG0188687|-44|-60
84|7|3|600|6|CG0053346|-25|-64|CG0053347|-25|-68|CG0053348|-25|-66|CG0053349|-25|-64|CG0053350|-25|-68|CG0053351|-25|-66
84|7|4|100|1|CG0196624|-25|-51
84|7|5|1200|32|CG0053338|-37|-60|CG0053338|-37|-60|CG0053338|-37|-60|CG0053338|-37|-60|CG0053339|-36|-83|CG0053339|-36|-83|CG0053340|-21|-84|CG0053340|-21|-84|CG0053340|-21|-84|CG0053340|-21|-84|CG0053341|-31|-81|CG0053341|-31|-81|CG0053341|-31|-81|CG0053341|-31|-81|CG0053342|-70|-62|CG0053342|-70|-62|CG0053343|-64|-38|CG0053343|-64|-38|CG0053343|-64|-38|CG0053343|-64|-38|CG0053343|-64|-38|CG0053343|-64|-38|CG0053343|-64|-38|CG0053343|-64|-38|CG0053344|-64|-50|CG0053344|-64|-50|CG0053344|-64|-50|CG0053344|-64|-50|CG0053345|-49|-58|CG0053345|-49|-58|CG0053345|-49|-58|CG0053345|-49|-58
84|7|6|1800|17|CG0053365|-38|-65|CG0053365|-38|-65|CG0053366|-38|-56|CG0053366|-38|-56|CG0053367|-42|-53|CG0053367|-42|-53|CG0053367|-42|-53|CG0053367|-42|-53|CG0053367|-42|-53|CG0053368|-30|-70|CG0053369|-14|-78|CG0053369|-14|-78|CG0053369|-14|-78|CG0053369|-14|-78|CG0053369|-14|-78|CG0053369|-14|-78|CG0053369|-14|-78
84|7|7|1500|16|CG0054269|-22|-66|CG0054269|-22|-66|CG0054271|-28|-65|CG0054271|-28|-65|CG0054272|-35|-64|CG0054272|-35|-64|CG0054272|-35|-64|CG0054273|-37|-68|CG0054274|-43|-63|CG0054275|-62|-45|CG0054276|-72|-47|CG0054276|-72|-47|CG0054277|-76|-54|CG0054278|-78|-46|CG0054278|-78|-46|CG0054270|-64|-51
84|7|8|1000|2|CG0053360|-34|-59|CG0053361|-21|-71
84|7|9|1000|1|CG0053362|-28|-74
84|7|10|1500|6|CG0053354|-33|-66|CG0053355|-36|-62|CG0053356|-60|-41|CG0053357|-60|-36|CG0053358|-60|-28|CG0053359|-60|-28
