52|0|0|1200|4|CG0040363|-16|-83|CG0040364|-16|-83|CG0040365|-16|-83|CG0040364|-16|-83
52|0|1|1000|6|CG0040368|-20|-83|CG0040369|-16|-85|CG0040370|-23|-83|CG0040371|-15|-83|CG0040372|-19|-85|CG0040373|-23|-84
52|0|2|400|1|CG0188372|-32|-70
52|0|3|500|6|CG0040338|-27|-86|CG0040339|-23|-84|CG0040340|-26|-83|CG0040341|-25|-85|CG0040342|-29|-84|CG0040343|-27|-83
52|0|4|250|2|CG0041768|-28|-75|CG0041769|-32|-75
52|0|5|1000|26|CG0040330|-26|-101|CG0040330|-26|-101|CG0040330|-26|-101|CG0040330|-26|-101|CG0040331|-32|-84|CG0040331|-32|-84|CG0040332|-40|-87|CG0040332|-40|-87|CG0040333|-46|-89|CG0040333|-46|-89|CG0040334|-64|-90|CG0040334|-64|-90|CG0040335|-64|-89|CG0040335|-64|-89|CG0040335|-64|-89|CG0040335|-64|-89|CG0040335|-64|-89|CG0040335|-64|-89|CG0040336|-36|-88|CG0040336|-36|-88|CG0040336|-36|-88|CG0040336|-36|-88|CG0040337|-22|-80|CG0040337|-22|-80|CG0040337|-22|-80|CG0040337|-22|-80
52|0|6|1000|7|CG0040357|-21|-83|CG0040357|-21|-83|CG0040358|-33|-82|CG0040359|-16|-95|CG0040359|-16|-95|CG0040359|-16|-95|CG0040359|-16|-95
52|0|7|1200|13|CG0039453|-21|-83|CG0039454|-16|-80|CG0039454|-16|-80|CG0039455|-9|-79|CG0039455|-9|-79|CG0039456|-17|-81|CG0039456|-17|-81|CG0039457|-43|-88|CG0039458|-45|-86|CG0039459|-50|-86|CG0039459|-50|-86|CG0039459|-50|-86|CG0039460|-32|-87
52|0|8|1000|2|CG0040352|-32|-78|CG0040353|-25|-56
52|0|9|1000|1|CG0040354|-28|-75
52|0|10|1200|9|CG0040346|-16|-83|CG0040346|-16|-83|CG0040347|-24|-86|CG0040347|-24|-86|CG0040348|-35|-77|CG0040348|-35|-77|CG0040349|-46|-74|CG0040350|-58|-64|CG0040351|-65|-54
52|1|0|1200|4|CG0040409|-21|-80|CG0040410|-20|-81|CG0040411|-19|-81|CG0040410|-20|-81
52|1|1|1000|6|CG0040414|-20|-81|CG0040415|-20|-82|CG0040416|-19|-80|CG0040417|-20|-81|CG0040418|-20|-83|CG0040419|-20|-82
52|1|2|400|1|CG0188417|-17|-71
52|1|3|500|6|CG0040384|-25|-86|CG0040385|-25|-84|CG0040386|-25|-83|CG0040387|-25|-85|CG0040388|-20|-84|CG0040389|-19|-83
52|1|4|250|2|CG0041838|-17|-70|CG0041839|-17|-72
52|1|5|1000|26|CG0040376|-17|-91|CG0040376|-17|-91|CG0040376|-17|-91|CG0040376|-17|-91|CG0040377|-25|-82|CG0040377|-25|-82|CG0040378|-27|-88|CG0040378|-27|-88|CG0040379|-24|-91|CG0040379|-24|-91|CG0040380|-22|-93|CG0040380|-22|-93|CG0040381|-19|-92|CG0040381|-19|-92|CG0040381|-19|-92|CG0040381|-19|-92|CG0040381|-19|-92|CG0040381|-19|-92|CG0040382|-22|-87|CG0040382|-22|-87|CG0040382|-22|-87|CG0040382|-22|-87|CG0040383|-17|-75|CG0040383|-17|-75|CG0040383|-17|-75|CG0040383|-17|-75
52|1|6|1000|7|CG0040403|-20|-80|CG0040403|-20|-80|CG0040404|-19|-80|CG0040405|-19|-96|CG0040405|-19|-96|CG0040405|-19|-96|CG0040405|-19|-96
52|1|7|1200|13|CG0039523|-22|-79|CG0039524|-20|-74|CG0039524|-20|-74|CG0039525|-19|-74|CG0039525|-19|-74|CG0039526|-15|-74|CG0039526|-15|-74|CG0039527|-21|-88|CG0039528|-33|-92|CG0039529|-30|-93|CG0039529|-30|-93|CG0039529|-30|-93|CG0039530|-23|-88
52|1|8|1000|2|CG0040398|-26|-79|CG0040399|-31|-51
52|1|9|1000|1|CG0040400|-19|-75
52|1|10|1200|9|CG0040392|-20|-81|CG0040392|-20|-81|CG0040393|-19|-85|CG0040393|-19|-85|CG0040394|-18|-79|CG0040394|-18|-79|CG0040395|-18|-79|CG0040396|-19|-70|CG0040397|-20|-64
52|2|0|1200|4|CG0040455|-23|-77|CG0040456|-22|-78|CG0040457|-22|-78|CG0040456|-22|-78
52|2|1|1000|6|CG0040460|-22|-78|CG0040461|-22|-79|CG0040462|-21|-77|CG0040463|-22|-78|CG0040464|-22|-80|CG0040465|-22|-79
52|2|2|400|1|CG0188462|-33|-62
52|2|3|500|6|CG0040430|-18|-81|CG0040431|-17|-79|CG0040432|-24|-78|CG0040433|-13|-80|CG0040434|-26|-79|CG0040435|-28|-78
52|2|4|250|2|CG0041908|-19|-72|CG0041909|-14|-73
52|2|5|1000|26|CG0040422|-20|-81|CG0040422|-20|-81|CG0040422|-20|-81|CG0040422|-20|-81|CG0040423|-45|-78|CG0040423|-45|-78|CG0040424|-28|-83|CG0040424|-28|-83|CG0040425|-5|-83|CG0040425|-5|-83|CG0040426|-11|-82|CG0040426|-11|-82|CG0040427|-12|-81|CG0040427|-12|-81|CG0040427|-12|-81|CG0040427|-12|-81|CG0040427|-12|-81|CG0040427|-12|-81|CG0040428|-3|-79|CG0040428|-3|-79|CG0040428|-3|-79|CG0040428|-3|-79|CG0040429|-22|-72|CG0040429|-22|-72|CG0040429|-22|-72|CG0040429|-22|-72
52|2|6|1000|7|CG0040449|-23|-77|CG0040449|-23|-77|CG0040450|-23|-77|CG0040451|-23|-91|CG0040451|-23|-91|CG0040451|-23|-91|CG0040451|-23|-91
52|2|7|1200|13|CG0039593|-22|-80|CG0039594|-26|-76|CG0039594|-26|-76|CG0039595|-27|-76|CG0039595|-27|-76|CG0039596|-35|-74|CG0039596|-35|-74|CG0039597|-8|-83|CG0039598|-15|-87|CG0039599|-13|-89|CG0039599|-13|-89|CG0039599|-13|-89|CG0039600|-13|-83
52|2|8|1000|2|CG0040444|-16|-78|CG0040445|-43|-61
52|2|9|1000|1|CG0040446|-11|-73
52|2|10|1200|9|CG0040438|-22|-78|CG0040438|-22|-78|CG0040439|-15|-81|CG0040439|-15|-81|CG0040440|-16|-72|CG0040440|-16|-72|CG0040441|-15|-69|CG0040442|-16|-62|CG0040443|-15|-54
52|3|0|1200|4|CG0040501|-33|-80|CG0040502|-31|-80|CG0040503|-28|-79|CG0040502|-31|-80
52|3|1|1000|6|CG0040506|-36|-80|CG0040507|-33|-81|CG0040508|-31|-79|CG0040509|-34|-80|CG0040510|-36|-82|CG0040511|-37|-81
52|3|2|400|1|CG0188507|-36|-53
52|3|3|500|6|CG0040476|-26|-79|CG0040477|-28|-78|CG0040478|-35|-77|CG0040479|-24|-79|CG0040480|-28|-78|CG0040481|-30|-76
52|3|4|250|2|CG0041978|-21|-71|CG0041979|-15|-70
52|3|5|1000|26|CG0040468|-30|-76|CG0040468|-30|-76|CG0040468|-30|-76|CG0040468|-30|-76|CG0040469|-39|-78|CG0040469|-39|-78|CG0040470|-42|-79|CG0040470|-42|-79|CG0040471|-14|-74|CG0040471|-14|-74|CG0040472|-2|-71|CG0040472|-2|-71|CG0040473|-3|-70|CG0040473|-3|-70|CG0040473|-3|-70|CG0040473|-3|-70|CG0040473|-3|-70|CG0040473|-3|-70|CG0040474|2|-73|CG0040474|2|-73|CG0040474|2|-73|CG0040474|2|-73|CG0040475|-24|-76|CG0040475|-24|-76|CG0040475|-24|-76|CG0040475|-24|-76
52|3|6|1000|7|CG0040495|-22|-80|CG0040495|-22|-80|CG0040496|-22|-79|CG0040497|-21|-82|CG0040497|-21|-82|CG0040497|-21|-82|CG0040497|-21|-82
52|3|7|1200|13|CG0039663|-20|-80|CG0039664|-34|-80|CG0039664|-34|-80|CG0039665|-40|-79|CG0039665|-40|-79|CG0039666|-39|-77|CG0039666|-39|-77|CG0039667|-16|-79|CG0039668|-10|-80|CG0039669|-8|-78|CG0039669|-8|-78|CG0039669|-8|-78|CG0039670|-9|-81
52|3|8|1000|2|CG0040490|-15|-76|CG0040491|-52|-67
52|3|9|1000|1|CG0040492|-16|-70
52|3|10|1200|9|CG0040484|-34|-80|CG0040484|-34|-80|CG0040485|-22|-79|CG0040485|-22|-79|CG0040486|-9|-63|CG0040486|-9|-63|CG0040487|-9|-55|CG0040488|-10|-43|CG0040489|-9|-26
52|4|0|1200|4|CG0040547|-29|-80|CG0040548|-32|-80|CG0040549|-33|-80|CG0040548|-32|-80
52|4|1|1000|6|CG0040552|-36|-80|CG0040553|-34|-81|CG0040554|-33|-79|CG0040555|-35|-80|CG0040556|-36|-82|CG0040557|-37|-81
52|4|2|400|1|CG0188552|-25|-51
52|4|3|500|6|CG0040522|-34|-74|CG0040523|-32|-73|CG0040524|-31|-71|CG0040525|-32|-74|CG0040526|-34|-73|CG0040527|-35|-72
52|4|4|250|2|CG0042048|-32|-72|CG0042049|-28|-69
52|4|5|1000|26|CG0040514|-34|-78|CG0040514|-34|-78|CG0040514|-34|-78|CG0040514|-34|-78|CG0040515|-31|-87|CG0040515|-31|-87|CG0040516|-33|-76|CG0040516|-33|-76|CG0040517|-29|-61|CG0040517|-29|-61|CG0040518|3|-57|CG0040518|3|-57|CG0040519|4|-57|CG0040519|4|-57|CG0040519|4|-57|CG0040519|4|-57|CG0040519|4|-57|CG0040519|4|-57|CG0040520|-9|-66|CG0040520|-9|-66|CG0040520|-9|-66|CG0040520|-9|-66|CG0040521|-27|-77|CG0040521|-27|-77|CG0040521|-27|-77|CG0040521|-27|-77
52|4|6|1000|7|CG0040541|-31|-80|CG0040541|-31|-80|CG0040542|-21|-80|CG0040543|-21|-79|CG0040543|-21|-79|CG0040543|-21|-79|CG0040543|-21|-79
52|4|7|1200|13|CG0039733|-20|-79|CG0039734|-29|-81|CG0039734|-29|-81|CG0039735|-34|-81|CG0039735|-34|-81|CG0039736|-30|-80|CG0039736|-30|-80|CG0039737|-18|-72|CG0039738|-15|-69|CG0039739|-16|-66|CG0039739|-16|-66|CG0039739|-16|-66|CG0039740|-12|-76
52|4|8|1000|2|CG0040536|-19|-75|CG0040537|-49|-78
52|4|9|1000|1|CG0040538|-17|-70
52|4|10|1200|9|CG0040530|-36|-80|CG0040530|-36|-80|CG0040531|-27|-77|CG0040531|-27|-77|CG0040532|-15|-53|CG0040532|-15|-53|CG0040533|-15|-38|CG0040534|-16|-20|CG0040535|-15|-15
52|5|0|1200|4|CG0040593|-23|-81|CG0040594|-20|-80|CG0040595|-21|-80|CG0040594|-20|-80
52|5|1|1000|6|CG0040598|-20|-80|CG0040599|-20|-82|CG0040600|-19|-80|CG0040601|-20|-80|CG0040602|-19|-82|CG0040603|-19|-81
52|5|2|400|1|CG0188597|-19|-60
52|5|3|500|6|CG0040568|-24|-75|CG0040569|-24|-73|CG0040570|-24|-72|CG0040571|-24|-75|CG0040572|-24|-73|CG0040573|-24|-72
52|5|4|250|2|CG0042118|-27|-73|CG0042119|-27|-70
52|5|5|1000|26|CG0040560|-33|-88|CG0040560|-33|-88|CG0040560|-33|-88|CG0040560|-33|-88|CG0040561|-26|-85|CG0040561|-26|-85|CG0040562|-26|-83|CG0040562|-26|-83|CG0040563|-28|-63|CG0040563|-28|-63|CG0040564|-26|-54|CG0040564|-26|-54|CG0040565|-26|-53|CG0040565|-26|-53|CG0040565|-26|-53|CG0040565|-26|-53|CG0040565|-26|-53|CG0040565|-26|-53|CG0040566|-27|-67|CG0040566|-27|-67|CG0040566|-27|-67|CG0040566|-27|-67|CG0040567|-27|-79|CG0040567|-27|-79|CG0040567|-27|-79|CG0040567|-27|-79
52|5|6|1000|7|CG0040587|-37|-80|CG0040587|-37|-80|CG0040588|-27|-80|CG0040589|-21|-80|CG0040589|-21|-80|CG0040589|-21|-80|CG0040589|-21|-80
52|5|7|1200|13|CG0039803|-17|-80|CG0039804|-18|-83|CG0039804|-18|-83|CG0039805|-35|-84|CG0039805|-35|-84|CG0039806|-25|-83|CG0039806|-25|-83|CG0039807|-25|-72|CG0039808|-13|-62|CG0039809|-15|-57|CG0039809|-15|-57|CG0039809|-15|-57|CG0039810|-17|-74
52|5|8|1000|2|CG0040582|-23|-72|CG0040583|-28|-86
52|5|9|1000|1|CG0040584|-36|-68
52|5|10|1200|9|CG0040576|-20|-80|CG0040576|-20|-80|CG0040577|-20|-74|CG0040577|-20|-74|CG0040578|-24|-49|CG0040578|-24|-49|CG0040579|-29|-31|CG0040580|-34|-11|CG0040581|-39|-11
52|6|0|1200|4|CG0040639|-26|-80|CG0040640|-26|-80|CG0040641|-26|-81|CG0040640|-26|-80
52|6|1|1000|6|CG0040644|-24|-80|CG0040645|-26|-82|CG0040646|-28|-80|CG0040647|-26|-80|CG0040648|-24|-82|CG0040649|-23|-81
52|6|2|400|1|CG0188642|-38|-63
52|6|3|500|6|CG0040614|-35|-77|CG0040615|-37|-75|CG0040616|-38|-73|CG0040617|-36|-76|CG0040618|-35|-75|CG0040619|-33|-74
52|6|4|250|2|CG0042188|-21|-74|CG0042189|-26|-71
52|6|5|1000|26|CG0040606|-26|-98|CG0040606|-26|-98|CG0040606|-26|-98|CG0040606|-26|-98|CG0040607|-20|-79|CG0040607|-20|-79|CG0040608|-29|-79|CG0040608|-29|-79|CG0040609|-50|-71|CG0040609|-50|-71|CG0040610|-83|-63|CG0040610|-83|-63|CG0040611|-81|-62|CG0040611|-81|-62|CG0040611|-81|-62|CG0040611|-81|-62|CG0040611|-81|-62|CG0040611|-81|-62|CG0040612|-55|-73|CG0040612|-55|-73|CG0040612|-55|-73|CG0040612|-55|-73|CG0040613|-33|-82|CG0040613|-33|-82|CG0040613|-33|-82|CG0040613|-33|-82
52|6|6|1000|7|CG0040633|-23|-81|CG0040633|-23|-81|CG0040634|-30|-81|CG0040635|-26|-81|CG0040635|-26|-81|CG0040635|-26|-81|CG0040635|-26|-81
52|6|7|1200|13|CG0039873|-15|-81|CG0039874|-20|-85|CG0039874|-20|-85|CG0039875|-30|-86|CG0039875|-30|-86|CG0039876|-31|-86|CG0039876|-31|-86|CG0039877|-30|-75|CG0039878|-43|-65|CG0039879|-41|-61|CG0039879|-41|-61|CG0039879|-41|-61|CG0039880|-25|-75
52|6|8|1000|2|CG0040628|-36|-75|CG0040629|-20|-84
52|6|9|1000|1|CG0040630|-35|-71
52|6|10|1200|9|CG0040622|-26|-80|CG0040622|-26|-80|CG0040623|-34|-78|CG0040623|-34|-78|CG0040624|-51|-54|CG0040624|-51|-54|CG0040625|-66|-39|CG0040626|-71|-18|CG0040627|-80|-15
52|7|0|1200|4|CG0040685|-16|-82|CG0040686|-19|-82|CG0040687|-22|-83|CG0040686|-19|-82
52|7|1|1000|6|CG0040690|-19|-82|CG0040691|-22|-84|CG0040692|-24|-82|CG0040693|-21|-82|CG0040694|-19|-84|CG0040695|-23|-83
52|7|2|400|1|CG0188687|-44|-60
52|7|3|500|6|CG0040660|-29|-81|CG0040661|-32|-79|CG0040662|-33|-78|CG0040663|-31|-81|CG0040664|-27|-79|CG0040665|-29|-78
52|7|4|250|2|CG0042258|-32|-76|CG0042259|-37|-76
52|7|5|1000|26|CG0040652|-27|-103|CG0040652|-27|-103|CG0040652|-27|-103|CG0040652|-27|-103|CG0040653|-26|-83|CG0040653|-26|-83|CG0040654|-32|-83|CG0040654|-32|-83|CG0040655|-51|-75|CG0040655|-51|-75|CG0040656|-101|-76|CG0040656|-101|-76|CG0040657|-100|-75|CG0040657|-100|-75|CG0040657|-100|-75|CG0040657|-100|-75|CG0040657|-100|-75|CG0040657|-100|-75|CG0040658|-61|-82|CG0040658|-61|-82|CG0040658|-61|-82|CG0040658|-61|-82|CG0040659|-23|-83|CG0040659|-23|-83|CG0040659|-23|-83|CG0040659|-23|-83
52|7|6|1000|7|CG0040679|-19|-83|CG0040679|-19|-83|CG0040680|-43|-83|CG0040681|-28|-88|CG0040681|-28|-88|CG0040681|-28|-88|CG0040681|-28|-88
52|7|7|1200|13|CG0039943|-17|-83|CG0039944|-23|-83|CG0039944|-23|-83|CG0039945|-21|-84|CG0039945|-21|-84|CG0039946|-28|-86|CG0039946|-28|-86|CG0039947|-41|-81|CG0039948|-61|-73|CG0039949|-58|-72|CG0039949|-58|-72|CG0039949|-58|-72|CG0039950|-33|-80
52|7|8|1000|2|CG0040674|-34|-77|CG0040675|-28|-71
52|7|9|1000|1|CG0040676|-27|-72
52|7|10|1200|9|CG0040668|-20|-82|CG0040668|-20|-82|CG0040669|-32|-83|CG0040669|-32|-83|CG0040670|-48|-66|CG0040670|-48|-66|CG0040671|-65|-57|CG0040672|-82|-43|CG0040673|-88|-27
