70|0|0|1200|4|CG0047419|-16|-83|CG0047420|-16|-83|CG0047421|-16|-83|CG0047420|-16|-83
70|0|1|1000|6|CG0047424|-20|-83|CG0047425|-16|-85|CG0047426|-23|-83|CG0047427|-15|-83|CG0047428|-19|-85|CG0047429|-23|-84
70|0|2|400|1|CG0188372|-32|-70
70|0|3|500|6|CG0047394|-27|-86|CG0047395|-23|-84|CG0047396|-26|-83|CG0047397|-25|-85|CG0047398|-29|-84|CG0047399|-27|-83
70|0|4|100|1|CG0196344|-27|-55
70|0|5|1000|26|CG0047386|-26|-101|CG0047386|-26|-101|CG0047386|-26|-101|CG0047386|-26|-101|CG0047387|-32|-84|CG0047387|-32|-84|CG0047388|-40|-87|CG0047388|-40|-87|CG0047389|-46|-89|CG0047389|-46|-89|CG0047390|-64|-90|CG0047390|-64|-90|CG0047391|-64|-89|CG0047391|-64|-89|CG0047391|-64|-89|CG0047391|-64|-89|CG0047391|-64|-89|CG0047391|-64|-89|CG0047392|-36|-88|CG0047392|-36|-88|CG0047392|-36|-88|CG0047392|-36|-88|CG0047393|-22|-80|CG0047393|-22|-80|CG0047393|-22|-80|CG0047393|-22|-80
70|0|6|1000|7|CG0047413|-21|-83|CG0047413|-21|-83|CG0047414|-33|-82|CG0047415|-16|-95|CG0047415|-16|-95|CG0047415|-16|-95|CG0047415|-16|-95
70|0|7|1200|13|CG0046509|-21|-83|CG0046510|-16|-80|CG0046510|-16|-80|CG0046511|-9|-79|CG0046511|-9|-79|CG0046512|-17|-81|CG0046512|-17|-81|CG0046513|-43|-88|CG0046514|-45|-86|CG0046515|-50|-86|CG0046515|-50|-86|CG0046515|-50|-86|CG0046516|-32|-87
70|0|8|1000|2|CG0047408|-32|-78|CG0047409|-25|-56
70|0|9|1000|1|CG0047410|-28|-75
70|0|10|1200|9|CG0047402|-16|-83|CG0047402|-16|-83|CG0047403|-24|-86|CG0047403|-24|-86|CG0047404|-35|-77|CG0047404|-35|-77|CG0047405|-46|-74|CG0047406|-58|-64|CG0047407|-65|-54
70|1|0|1200|4|CG0047465|-21|-80|CG0047466|-20|-81|CG0047467|-19|-81|CG0047466|-20|-81
70|1|1|1000|6|CG0047470|-20|-81|CG0047471|-20|-82|CG0047472|-19|-80|CG0047473|-20|-81|CG0047474|-20|-83|CG0047475|-20|-82
70|1|2|400|1|CG0188417|-17|-71
70|1|3|500|6|CG0047440|-25|-86|CG0047441|-25|-84|CG0047442|-25|-83|CG0047443|-25|-85|CG0047444|-20|-84|CG0047445|-19|-83
70|1|4|100|1|CG0196384|-26|-58
70|1|5|1000|26|CG0047432|-17|-91|CG0047432|-17|-91|CG0047432|-17|-91|CG0047432|-17|-91|CG0047433|-25|-82|CG0047433|-25|-82|CG0047434|-27|-88|CG0047434|-27|-88|CG0047435|-24|-91|CG0047435|-24|-91|CG0047436|-22|-93|CG0047436|-22|-93|CG0047437|-19|-92|CG0047437|-19|-92|CG0047437|-19|-92|CG0047437|-19|-92|CG0047437|-19|-92|CG0047437|-19|-92|CG0047438|-22|-87|CG0047438|-22|-87|CG0047438|-22|-87|CG0047438|-22|-87|CG0047439|-17|-75|CG0047439|-17|-75|CG0047439|-17|-75|CG0047439|-17|-75
70|1|6|1000|7|CG0047459|-20|-80|CG0047459|-20|-80|CG0047460|-19|-80|CG0047461|-19|-96|CG0047461|-19|-96|CG0047461|-19|-96|CG0047461|-19|-96
70|1|7|1200|13|CG0046579|-22|-79|CG0046580|-20|-74|CG0046580|-20|-74|CG0046581|-19|-74|CG0046581|-19|-74|CG0046582|-15|-74|CG0046582|-15|-74|CG0046583|-21|-88|CG0046584|-33|-92|CG0046585|-30|-93|CG0046585|-30|-93|CG0046585|-30|-93|CG0046586|-23|-88
70|1|8|1000|2|CG0047454|-26|-79|CG0047455|-31|-51
70|1|9|1000|1|CG0047456|-19|-75
70|1|10|1200|9|CG0047448|-20|-81|CG0047448|-20|-81|CG0047449|-19|-85|CG0047449|-19|-85|CG0047450|-18|-79|CG0047450|-18|-79|CG0047451|-18|-79|CG0047452|-19|-70|CG0047453|-20|-64
70|2|0|1200|4|CG0047511|-23|-77|CG0047512|-22|-78|CG0047513|-22|-78|CG0047512|-22|-78
70|2|1|1000|6|CG0047516|-22|-78|CG0047517|-21|-79|CG0047518|-21|-77|CG0047519|-22|-78|CG0047520|-22|-80|CG0047521|-22|-79
70|2|2|400|1|CG0188462|-33|-62
70|2|3|500|6|CG0047486|-18|-81|CG0047487|-17|-79|CG0047488|-24|-78|CG0047489|-13|-80|CG0047490|-26|-79|CG0047491|-28|-78
70|2|4|100|1|CG0196424|-14|-57
70|2|5|1000|26|CG0047478|-20|-81|CG0047478|-20|-81|CG0047478|-20|-81|CG0047478|-20|-81|CG0047479|-45|-78|CG0047479|-45|-78|CG0047480|-28|-83|CG0047480|-28|-83|CG0047481|-5|-83|CG0047481|-5|-83|CG0047482|-11|-82|CG0047482|-11|-82|CG0047483|-12|-81|CG0047483|-12|-81|CG0047483|-12|-81|CG0047483|-12|-81|CG0047483|-12|-81|CG0047483|-12|-81|CG0047484|-3|-79|CG0047484|-3|-79|CG0047484|-3|-79|CG0047484|-3|-79|CG0047485|-22|-72|CG0047485|-22|-72|CG0047485|-22|-72|CG0047485|-22|-72
70|2|6|1000|7|CG0047505|-23|-77|CG0047505|-23|-77|CG0047506|-23|-77|CG0047507|-23|-91|CG0047507|-23|-91|CG0047507|-23|-91|CG0047507|-23|-91
70|2|7|1200|13|CG0046649|-22|-80|CG0046650|-26|-76|CG0046650|-26|-76|CG0046651|-27|-76|CG0046651|-27|-76|CG0046652|-35|-74|CG0046652|-35|-74|CG0046653|-8|-83|CG0046654|-15|-87|CG0046655|-13|-89|CG0046655|-13|-89|CG0046655|-13|-89|CG0046656|-13|-83
70|2|8|1000|2|CG0047500|-15|-78|CG0047501|-43|-61
70|2|9|1000|1|CG0047502|-11|-73
70|2|10|1200|9|CG0047494|-22|-78|CG0047494|-22|-78|CG0047495|-15|-81|CG0047495|-15|-81|CG0047496|-16|-72|CG0047496|-16|-72|CG0047497|-15|-69|CG0047498|-16|-62|CG0047499|-15|-54
70|3|0|1200|4|CG0047557|-33|-80|CG0047558|-31|-80|CG0047559|-28|-79|CG0047558|-31|-80
70|3|1|1000|6|CG0047562|-36|-80|CG0047563|-33|-81|CG0047564|-31|-79|CG0047565|-34|-80|CG0047566|-36|-82|CG0047567|-37|-81
70|3|2|400|1|CG0188507|-36|-53
70|3|3|500|6|CG0047532|-26|-79|CG0047533|-28|-78|CG0047534|-35|-77|CG0047535|-24|-79|CG0047536|-28|-78|CG0047537|-30|-76
70|3|4|100|1|CG0196464|-10|-51
70|3|5|1000|26|CG0047524|-30|-76|CG0047524|-30|-76|CG0047524|-30|-76|CG0047524|-30|-76|CG0047525|-39|-78|CG0047525|-39|-78|CG0047526|-42|-79|CG0047526|-42|-79|CG0047527|-14|-74|CG0047527|-14|-74|CG0047528|-2|-71|CG0047528|-2|-71|CG0047529|-3|-70|CG0047529|-3|-70|CG0047529|-3|-70|CG0047529|-3|-70|CG0047529|-3|-70|CG0047529|-3|-70|CG0047530|2|-73|CG0047530|2|-73|CG0047530|2|-73|CG0047530|2|-73|CG0047531|-24|-76|CG0047531|-24|-76|CG0047531|-24|-76|CG0047531|-24|-76
70|3|6|1000|7|CG0047551|-22|-80|CG0047551|-22|-80|CG0047552|-22|-79|CG0047553|-21|-82|CG0047553|-21|-82|CG0047553|-21|-82|CG0047553|-21|-82
70|3|7|1200|13|CG0046719|-20|-80|CG0046720|-34|-80|CG0046720|-34|-80|CG0046721|-40|-79|CG0046721|-40|-79|CG0046722|-39|-77|CG0046722|-39|-77|CG0046723|-16|-79|CG0046724|-10|-80|CG0046725|-8|-78|CG0046725|-8|-78|CG0046725|-8|-78|CG0046726|-9|-81
70|3|8|1000|2|CG0047546|-15|-76|CG0047547|-52|-67
70|3|9|1000|1|CG0047548|-16|-70
70|3|10|1200|9|CG0047540|-34|-80|CG0047540|-34|-80|CG0047541|-22|-79|CG0047541|-22|-79|CG0047542|-9|-63|CG0047542|-9|-63|CG0047543|-9|-55|CG0047544|-10|-43|CG0047545|-9|-26
70|4|0|1200|4|CG0047603|-29|-80|CG0047604|-32|-80|CG0047605|-33|-80|CG0047604|-32|-80
70|4|1|1000|6|CG0047608|-36|-80|CG0047609|-34|-81|CG0047610|-33|-79|CG0047611|-35|-80|CG0047612|-36|-82|CG0047613|-37|-81
70|4|2|400|1|CG0188552|-25|-51
70|4|3|500|6|CG0047578|-34|-74|CG0047579|-32|-73|CG0047580|-31|-71|CG0047581|-32|-74|CG0047582|-34|-73|CG0047583|-35|-72
70|4|4|100|1|CG0196504|-21|-46
70|4|5|1000|26|CG0047570|-34|-78|CG0047570|-34|-78|CG0047570|-34|-78|CG0047570|-34|-78|CG0047571|-31|-87|CG0047571|-31|-87|CG0047572|-33|-76|CG0047572|-33|-76|CG0047573|-29|-61|CG0047573|-29|-61|CG0047574|3|-57|CG0047574|3|-57|CG0047575|4|-57|CG0047575|4|-57|CG0047575|4|-57|CG0047575|4|-57|CG0047575|4|-57|CG0047575|4|-57|CG0047576|-9|-66|CG0047576|-9|-66|CG0047576|-9|-66|CG0047576|-9|-66|CG0047577|-27|-77|CG0047577|-27|-77|CG0047577|-27|-77|CG0047577|-27|-77
70|4|6|1000|7|CG0047597|-31|-80|CG0047597|-31|-80|CG0047598|-21|-80|CG0047599|-21|-79|CG0047599|-21|-79|CG0047599|-21|-79|CG0047599|-21|-79
70|4|7|1200|13|CG0046789|-20|-79|CG0046790|-29|-81|CG0046790|-29|-81|CG0046791|-34|-81|CG0046791|-34|-81|CG0046792|-30|-80|CG0046792|-30|-80|CG0046793|-18|-72|CG0046794|-15|-69|CG0046795|-16|-66|CG0046795|-16|-66|CG0046795|-16|-66|CG0046796|-12|-76
70|4|8|1000|2|CG0047592|-19|-75|CG0047593|-49|-78
70|4|9|1000|1|CG0047594|-17|-70
70|4|10|1200|9|CG0047586|-36|-80|CG0047586|-36|-80|CG0047587|-27|-77|CG0047587|-27|-77|CG0047588|-15|-53|CG0047588|-15|-53|CG0047589|-15|-38|CG0047590|-16|-20|CG0047591|-15|-15
70|5|0|1200|4|CG0047649|-23|-81|CG0047650|-20|-80|CG0047651|-21|-80|CG0047650|-20|-80
70|5|1|1000|6|CG0047654|-20|-80|CG0047655|-19|-82|CG0047656|-19|-80|CG0047657|-20|-80|CG0047658|-19|-82|CG0047659|-19|-81
70|5|2|400|1|CG0188597|-19|-60
70|5|3|500|6|CG0047624|-24|-75|CG0047625|-24|-73|CG0047626|-24|-72|CG0047627|-24|-74|CG0047628|-24|-73|CG0047629|-24|-72
70|5|4|100|1|CG0196544|-24|-45
70|5|5|1000|26|CG0047616|-33|-88|CG0047616|-33|-88|CG0047616|-33|-88|CG0047616|-33|-88|CG0047617|-26|-85|CG0047617|-26|-85|CG0047618|-26|-83|CG0047618|-26|-83|CG0047619|-28|-63|CG0047619|-28|-63|CG0047620|-26|-54|CG0047620|-26|-54|CG0047621|-26|-53|CG0047621|-26|-53|CG0047621|-26|-53|CG0047621|-26|-53|CG0047621|-26|-53|CG0047621|-26|-53|CG0047622|-27|-67|CG0047622|-27|-67|CG0047622|-27|-67|CG0047622|-27|-67|CG0047623|-27|-79|CG0047623|-27|-79|CG0047623|-27|-79|CG0047623|-27|-79
70|5|6|1000|7|CG0047643|-37|-80|CG0047643|-37|-80|CG0047644|-27|-80|CG0047645|-21|-80|CG0047645|-21|-80|CG0047645|-21|-80|CG0047645|-21|-80
70|5|7|1200|13|CG0046859|-17|-80|CG0046860|-18|-83|CG0046860|-18|-83|CG0046861|-35|-83|CG0046861|-35|-83|CG0046862|-25|-83|CG0046862|-25|-83|CG0046863|-25|-72|CG0046864|-13|-62|CG0046865|-15|-57|CG0046865|-15|-57|CG0046865|-15|-57|CG0046866|-17|-74
70|5|8|1000|2|CG0047638|-23|-72|CG0047639|-28|-86
70|5|9|1000|1|CG0047640|-36|-68
70|5|10|1200|9|CG0047632|-20|-80|CG0047632|-20|-80|CG0047633|-20|-74|CG0047633|-20|-74|CG0047634|-24|-49|CG0047634|-24|-49|CG0047635|-29|-31|CG0047636|-34|-11|CG0047637|-39|-11
70|6|0|1200|4|CG0047695|-26|-80|CG0047696|-26|-80|CG0047697|-26|-81|CG0047696|-26|-80
70|6|1|1000|6|CG0047700|-24|-80|CG0047701|-26|-82|CG0047702|-28|-80|CG0047703|-26|-80|CG0047704|-24|-82|CG0047705|-23|-81
70|6|2|400|1|CG0188642|-38|-63
70|6|3|500|6|CG0047670|-35|-76|CG0047671|-37|-75|CG0047672|-38|-73|CG0047673|-36|-76|CG0047674|-35|-75|CG0047675|-33|-74
70|6|4|100|1|CG0196584|-20|-48
70|6|5|1000|26|CG0047662|-26|-98|CG0047662|-26|-98|CG0047662|-26|-98|CG0047662|-26|-98|CG0047663|-20|-79|CG0047663|-20|-79|CG0047664|-29|-79|CG0047664|-29|-79|CG0047665|-50|-71|CG0047665|-50|-71|CG0047666|-83|-63|CG0047666|-83|-63|CG0047667|-81|-62|CG0047667|-81|-62|CG0047667|-81|-62|CG0047667|-81|-62|CG0047667|-81|-62|CG0047667|-81|-62|CG0047668|-55|-73|CG0047668|-55|-73|CG0047668|-55|-73|CG0047668|-55|-73|CG0047669|-33|-82|CG0047669|-33|-82|CG0047669|-33|-82|CG0047669|-33|-82
70|6|6|1000|7|CG0047689|-23|-81|CG0047689|-23|-81|CG0047690|-30|-81|CG0047691|-26|-81|CG0047691|-26|-81|CG0047691|-26|-81|CG0047691|-26|-81
70|6|7|1200|13|CG0046929|-15|-81|CG0046930|-20|-85|CG0046930|-20|-85|CG0046931|-30|-86|CG0046931|-30|-86|CG0046932|-31|-86|CG0046932|-31|-86|CG0046933|-30|-75|CG0046934|-43|-65|CG0046935|-41|-61|CG0046935|-41|-61|CG0046935|-41|-61|CG0046936|-25|-75
70|6|8|1000|2|CG0047684|-36|-75|CG0047685|-20|-84
70|6|9|1000|1|CG0047686|-35|-71
70|6|10|1200|9|CG0047678|-26|-80|CG0047678|-26|-80|CG0047679|-34|-78|CG0047679|-34|-78|CG0047680|-51|-54|CG0047680|-51|-54|CG0047681|-66|-39|CG0047682|-71|-18|CG0047683|-80|-15
70|7|0|1200|4|CG0047741|-16|-82|CG0047742|-19|-82|CG0047743|-22|-83|CG0047742|-19|-82
70|7|1|1000|6|CG0047746|-19|-82|CG0047747|-22|-84|CG0047748|-24|-82|CG0047749|-21|-82|CG0047750|-19|-84|CG0047751|-23|-83
70|7|2|400|1|CG0188687|-44|-60
70|7|3|500|6|CG0047716|-29|-81|CG0047717|-32|-79|CG0047718|-33|-78|CG0047719|-31|-81|CG0047720|-27|-79|CG0047721|-29|-78
70|7|4|100|1|CG0196624|-25|-51
70|7|5|1000|26|CG0047708|-27|-103|CG0047708|-27|-103|CG0047708|-27|-103|CG0047708|-27|-103|CG0047709|-26|-83|CG0047709|-26|-83|CG0047710|-32|-83|CG0047710|-32|-83|CG0047711|-51|-75|CG0047711|-51|-75|CG0047712|-101|-76|CG0047712|-101|-76|CG0047713|-100|-75|CG0047713|-100|-75|CG0047713|-100|-75|CG0047713|-100|-75|CG0047713|-100|-75|CG0047713|-100|-75|CG0047714|-61|-82|CG0047714|-61|-82|CG0047714|-61|-82|CG0047714|-61|-82|CG0047715|-23|-83|CG0047715|-23|-83|CG0047715|-23|-83|CG0047715|-23|-83
70|7|6|1000|7|CG0047735|-19|-83|CG0047735|-19|-83|CG0047736|-43|-83|CG0047737|-28|-88|CG0047737|-28|-88|CG0047737|-28|-88|CG0047737|-28|-88
70|7|7|1200|13|CG0046999|-17|-83|CG0047000|-23|-83|CG0047000|-23|-83|CG0047001|-21|-84|CG0047001|-21|-84|CG0047002|-28|-86|CG0047002|-28|-86|CG0047003|-41|-81|CG0047004|-61|-73|CG0047005|-58|-72|CG0047005|-58|-72|CG0047005|-58|-72|CG0047006|-33|-80
70|7|8|1000|2|CG0047730|-34|-77|CG0047731|-28|-71
70|7|9|1000|1|CG0047732|-27|-72
70|7|10|1200|9|CG0047724|-20|-82|CG0047724|-20|-82|CG0047725|-32|-83|CG0047725|-32|-83|CG0047726|-48|-66|CG0047726|-48|-66|CG0047727|-65|-57|CG0047728|-82|-43|CG0047729|-88|-27
