16|0|0|1000|4|CG0026150|-18|-70|CG0026151|-18|-69|CG0026152|-18|-69|CG0026151|-18|-69
16|0|1|1000|6|CG0026155|-16|-70|CG0026156|-21|-71|CG0026157|-17|-70|CG0026158|-17|-71|CG0026159|-15|-73|CG0026160|-22|-70
16|0|2|1000|10|CG0026128|-15|-68|CG0026128|-15|-68|CG0026129|-20|-68|CG0026129|-20|-68|CG0026130|-26|-86|CG0026130|-26|-86|CG0026130|-26|-86|CG0026130|-26|-86|CG0026129|-20|-68|CG0026128|-15|-68
16|0|3|400|6|CG0026122|-29|-66|CG0026123|-29|-68|CG0026124|-29|-68|CG0026125|-29|-66|CG0026126|-29|-69|CG0026127|-29|-68
16|0|4|300|3|CG0026519|-25|-68|CG0026520|-27|-68|CG0026521|-29|-67
16|0|5|1500|26|CG0026114|-19|-75|CG0026114|-19|-75|CG0026115|-6|-72|CG0026115|-6|-72|CG0026116|-6|-72|CG0026116|-6|-72|CG0026116|-6|-72|CG0026116|-6|-72|CG0026117|-12|-71|CG0026117|-12|-71|CG0026117|-12|-71|CG0026117|-12|-71|CG0026118|-16|-68|CG0026118|-16|-68|CG0026119|-43|-71|CG0026119|-43|-71|CG0026120|-31|-72|CG0026120|-31|-72|CG0026120|-31|-72|CG0026120|-31|-72|CG0026120|-31|-72|CG0026120|-31|-72|CG0026121|-27|-69|CG0026121|-27|-69|CG0026121|-27|-69|CG0026121|-27|-69
16|0|6|1000|5|CG0026144|-21|-69|CG0026145|-21|-69|CG0026146|-19|-66|CG0026146|-19|-66|CG0026146|-19|-66
16|0|7|800|7|CG0025259|-16|-67|CG0025259|-16|-67|CG0025260|-19|-74|CG0025260|-19|-74|CG0025262|-35|-68|CG0025263|-33|-52|CG0025263|-33|-52
16|0|8|1000|2|CG0026139|-21|-69|CG0026140|-24|-66
16|0|9|1000|1|CG0026141|-31|-53
16|0|10|1000|6|CG0026133|-25|-71|CG0026134|-30|-76|CG0026135|-34|-67|CG0026136|-50|-40|CG0026137|-42|-38|CG0026138|-49|-35
16|1|0|1000|4|CG0026199|-13|-69|CG0026200|-13|-68|CG0026201|-13|-68|CG0026200|-13|-68
16|1|1|1000|6|CG0026204|-16|-69|CG0026205|-16|-71|CG0026206|-13|-68|CG0026207|-12|-69|CG0026208|-16|-71|CG0026209|-17|-68
16|1|2|1000|10|CG0026177|-19|-69|CG0026177|-19|-69|CG0026178|-18|-68|CG0026178|-18|-68|CG0026179|-16|-91|CG0026179|-16|-91|CG0026179|-16|-91|CG0026179|-16|-91|CG0026178|-18|-68|CG0026177|-19|-69
16|1|3|400|6|CG0026171|-24|-68|CG0026172|-24|-70|CG0026173|-24|-69|CG0026174|-24|-68|CG0026175|-24|-70|CG0026176|-24|-69
16|1|4|300|3|CG0026567|-25|-68|CG0026568|-25|-69|CG0026569|-25|-69
16|1|5|1500|26|CG0026163|-17|-68|CG0026163|-17|-68|CG0026164|-16|-68|CG0026164|-16|-68|CG0026165|-12|-72|CG0026165|-12|-72|CG0026165|-12|-72|CG0026165|-12|-72|CG0026166|-16|-72|CG0026166|-16|-72|CG0026166|-16|-72|CG0026166|-16|-72|CG0026167|-18|-70|CG0026167|-18|-70|CG0026168|-23|-80|CG0026168|-23|-80|CG0026169|-49|-72|CG0026169|-49|-72|CG0026169|-49|-72|CG0026169|-49|-72|CG0026169|-49|-72|CG0026169|-49|-72|CG0026170|-20|-69|CG0026170|-20|-69|CG0026170|-20|-69|CG0026170|-20|-69
16|1|6|1000|5|CG0026193|-13|-67|CG0026194|-14|-68|CG0026195|-18|-71|CG0026195|-18|-71|CG0026195|-18|-71
16|1|7|800|7|CG0025324|-15|-65|CG0025324|-15|-65|CG0025325|-20|-74|CG0025325|-20|-74|CG0025327|-27|-67|CG0025328|-23|-54|CG0025328|-23|-54
16|1|8|1000|2|CG0026188|-14|-69|CG0026189|-28|-58
16|1|9|1000|1|CG0026190|-19|-52
16|1|10|1000|6|CG0026182|-25|-72|CG0026183|-32|-69|CG0026184|-30|-71|CG0026185|-29|-43|CG0026186|-25|-43|CG0026187|-39|-40
16|2|0|1000|4|CG0026248|-16|-70|CG0026249|-16|-69|CG0026250|-16|-69|CG0026249|-16|-69
16|2|1|1000|6|CG0026253|-20|-71|CG0026254|-22|-73|CG0026255|-22|-70|CG0026256|-19|-70|CG0026257|-18|-71|CG0026258|-24|-70
16|2|2|1000|10|CG0026226|-18|-71|CG0026226|-18|-71|CG0026227|-20|-71|CG0026227|-20|-71|CG0026228|-21|-88|CG0026228|-21|-88|CG0026228|-21|-88|CG0026228|-21|-88|CG0026227|-20|-71|CG0026226|-18|-71
16|2|3|400|6|CG0026220|-24|-67|CG0026221|-20|-69|CG0026222|-21|-68|CG0026223|-20|-67|CG0026224|-22|-69|CG0026225|-30|-68
16|2|4|300|3|CG0026615|-18|-65|CG0026616|-16|-65|CG0026617|-14|-64
16|2|5|1500|26|CG0026212|-23|-71|CG0026212|-23|-71|CG0026213|-26|-71|CG0026213|-26|-71|CG0026214|-21|-77|CG0026214|-21|-77|CG0026214|-21|-77|CG0026214|-21|-77|CG0026215|-23|-76|CG0026215|-23|-76|CG0026215|-23|-76|CG0026215|-23|-76|CG0026216|-14|-71|CG0026216|-14|-71|CG0026217|-12|-77|CG0026217|-12|-77|CG0026218|-41|-80|CG0026218|-41|-80|CG0026218|-41|-80|CG0026218|-41|-80|CG0026218|-41|-80|CG0026218|-41|-80|CG0026219|-19|-72|CG0026219|-19|-72|CG0026219|-19|-72|CG0026219|-19|-72
16|2|6|1000|5|CG0026242|-15|-68|CG0026243|-19|-69|CG0026244|-26|-73|CG0026244|-26|-73|CG0026244|-26|-73
16|2|7|800|7|CG0025389|-14|-67|CG0025389|-14|-67|CG0025390|-22|-74|CG0025390|-22|-74|CG0025392|-9|-68|CG0025393|-17|-53|CG0025393|-17|-53
16|2|8|1000|2|CG0026237|-11|-68|CG0026238|-36|-52
16|2|9|1000|1|CG0026239|-11|-48
16|2|10|1000|6|CG0026231|-20|-65|CG0026232|-31|-67|CG0026233|-19|-76|CG0026234|-22|-47|CG0026235|-27|-44|CG0026236|-31|-35
16|3|0|1000|4|CG0026297|-14|-69|CG0026298|-14|-69|CG0026299|-15|-68|CG0026298|-14|-69
16|3|1|1000|6|CG0026302|-18|-73|CG0026303|-17|-75|CG0026304|-23|-71|CG0026305|-17|-71|CG0026306|-16|-73|CG0026307|-23|-71
16|3|2|1000|10|CG0026275|-20|-71|CG0026275|-20|-71|CG0026276|-18|-72|CG0026276|-18|-72|CG0026277|-17|-80|CG0026277|-17|-80|CG0026277|-17|-80|CG0026277|-17|-80|CG0026276|-18|-72|CG0026275|-20|-71
16|3|3|400|6|CG0026269|-26|-59|CG0026270|-23|-61|CG0026271|-32|-61|CG0026272|-25|-59|CG0026273|-23|-61|CG0026274|-34|-60
16|3|4|300|3|CG0026663|-18|-57|CG0026664|-17|-56|CG0026665|-15|-54
16|3|5|1500|26|CG0026261|-24|-73|CG0026261|-24|-73|CG0026262|-29|-80|CG0026262|-29|-80|CG0026263|-27|-82|CG0026263|-27|-82|CG0026263|-27|-82|CG0026263|-27|-82|CG0026264|-26|-83|CG0026264|-26|-83|CG0026264|-26|-83|CG0026264|-26|-83|CG0026265|-15|-69|CG0026265|-15|-69|CG0026266|-9|-69|CG0026266|-9|-69|CG0026267|-14|-89|CG0026267|-14|-89|CG0026267|-14|-89|CG0026267|-14|-89|CG0026267|-14|-89|CG0026267|-14|-89|CG0026268|-14|-72|CG0026268|-14|-72|CG0026268|-14|-72|CG0026268|-14|-72
16|3|6|1000|5|CG0026291|-13|-67|CG0026292|-15|-70|CG0026293|-22|-73|CG0026293|-22|-73|CG0026293|-22|-73
16|3|7|800|7|CG0025454|-12|-65|CG0025454|-12|-65|CG0025455|-16|-78|CG0025455|-16|-78|CG0025457|-7|-63|CG0025458|-8|-46|CG0025458|-8|-46
16|3|8|1000|2|CG0026286|-11|-67|CG0026287|-38|-64
16|3|9|1000|1|CG0026288|-9|-43
16|3|10|1000|6|CG0026280|-30|-65|CG0026281|-22|-69|CG0026282|-35|-78|CG0026283|-18|-41|CG0026284|-25|-36|CG0026285|-33|-25
16|4|0|1000|4|CG0026346|-22|-67|CG0026347|-22|-67|CG0026348|-23|-66|CG0026347|-22|-67
16|4|1|1000|6|CG0026351|-19|-71|CG0026352|-19|-73|CG0026353|-20|-70|CG0026354|-21|-70|CG0026355|-21|-71|CG0026356|-22|-70
16|4|2|1000|10|CG0026324|-26|-68|CG0026324|-26|-68|CG0026325|-19|-70|CG0026325|-19|-70|CG0026326|-19|-71|CG0026326|-19|-71|CG0026326|-19|-71|CG0026326|-19|-71|CG0026325|-19|-70|CG0026324|-26|-68
16|4|3|400|6|CG0026318|-30|-51|CG0026319|-30|-53|CG0026320|-30|-52|CG0026321|-30|-51|CG0026322|-30|-52|CG0026323|-30|-52
16|4|4|300|3|CG0026711|-45|-49|CG0026712|-43|-47|CG0026713|-41|-44
16|4|5|1500|26|CG0026310|-26|-80|CG0026310|-26|-80|CG0026311|-23|-88|CG0026311|-23|-88|CG0026312|-35|-85|CG0026312|-35|-85|CG0026312|-35|-85|CG0026312|-35|-85|CG0026313|-34|-86|CG0026313|-34|-86|CG0026313|-34|-86|CG0026313|-34|-86|CG0026314|-35|-65|CG0026314|-35|-65|CG0026315|-12|-64|CG0026315|-12|-64|CG0026316|-13|-86|CG0026316|-13|-86|CG0026316|-13|-86|CG0026316|-13|-86|CG0026316|-13|-86|CG0026316|-13|-86|CG0026317|-17|-70|CG0026317|-17|-70|CG0026317|-17|-70|CG0026317|-17|-70
16|4|6|1000|5|CG0026340|-20|-65|CG0026341|-19|-69|CG0026342|-22|-72|CG0026342|-22|-72|CG0026342|-22|-72
16|4|7|800|7|CG0025519|-14|-62|CG0025519|-14|-62|CG0025520|-24|-78|CG0025520|-24|-78|CG0025522|-9|-57|CG0025523|-17|-34|CG0025523|-17|-34
16|4|8|1000|2|CG0026335|-11|-65|CG0026336|-34|-74
16|4|9|1000|1|CG0026337|-11|-39
16|4|10|1000|6|CG0026329|-29|-74|CG0026330|-26|-62|CG0026331|-35|-73|CG0026332|-13|-43|CG0026333|-20|-41|CG0026334|-30|-28
16|5|0|1000|4|CG0026395|-20|-65|CG0026396|-20|-64|CG0026397|-20|-63|CG0026396|-20|-64
16|5|1|1000|6|CG0026400|-15|-68|CG0026401|-14|-70|CG0026402|-15|-67|CG0026403|-16|-68|CG0026404|-16|-70|CG0026405|-15|-67
16|5|2|1000|10|CG0026373|-18|-68|CG0026373|-18|-68|CG0026374|-26|-68|CG0026374|-26|-68|CG0026375|-12|-68|CG0026375|-12|-68|CG0026375|-12|-68|CG0026375|-12|-68|CG0026374|-26|-68|CG0026373|-18|-68
16|5|3|400|6|CG0026367|-47|-46|CG0026368|-47|-47|CG0026369|-47|-47|CG0026370|-47|-46|CG0026371|-47|-47|CG0026372|-47|-46
16|5|4|300|3|CG0026759|-64|-46|CG0026760|-64|-43|CG0026761|-64|-41
16|5|5|1500|26|CG0026359|-16|-86|CG0026359|-16|-86|CG0026360|-16|-89|CG0026360|-16|-89|CG0026361|-24|-85|CG0026361|-24|-85|CG0026361|-24|-85|CG0026361|-24|-85|CG0026362|-24|-85|CG0026362|-24|-85|CG0026362|-24|-85|CG0026362|-24|-85|CG0026363|-42|-65|CG0026363|-42|-65|CG0026364|-10|-62|CG0026364|-10|-62|CG0026365|-18|-73|CG0026365|-18|-73|CG0026365|-18|-73|CG0026365|-18|-73|CG0026365|-18|-73|CG0026365|-18|-73|CG0026366|-15|-67|CG0026366|-15|-67|CG0026366|-15|-67|CG0026366|-15|-67
16|5|6|1000|5|CG0026389|-19|-64|CG0026390|-18|-66|CG0026391|-30|-72|CG0026391|-30|-72|CG0026391|-30|-72
16|5|7|800|7|CG0025584|-16|-60|CG0025584|-16|-60|CG0025585|-20|-76|CG0025585|-20|-76|CG0025587|-25|-51|CG0025588|-23|-29|CG0025588|-23|-29
16|5|8|1000|2|CG0026384|-15|-61|CG0026385|-30|-75
16|5|9|1000|1|CG0026386|-19|-40
16|5|10|1000|6|CG0026378|-24|-78|CG0026379|-35|-59|CG0026380|-20|-63|CG0026381|-19|-41|CG0026382|-27|-40|CG0026383|-25|-30
16|6|0|1000|4|CG0026444|-34|-69|CG0026445|-34|-68|CG0026446|-34|-67|CG0026445|-34|-68
16|6|1|1000|6|CG0026449|-27|-70|CG0026450|-25|-71|CG0026451|-26|-70|CG0026452|-29|-71|CG0026453|-30|-73|CG0026454|-29|-70
16|6|2|1000|10|CG0026422|-20|-71|CG0026422|-20|-71|CG0026423|-21|-71|CG0026423|-21|-71|CG0026424|-21|-71|CG0026424|-21|-71|CG0026424|-21|-71|CG0026424|-21|-71|CG0026423|-21|-71|CG0026422|-20|-71
16|6|3|400|6|CG0026416|-39|-51|CG0026417|-39|-53|CG0026418|-39|-52|CG0026419|-39|-51|CG0026420|-39|-52|CG0026421|-39|-52
16|6|4|300|3|CG0026807|-46|-53|CG0026808|-48|-51|CG0026809|-50|-49
16|6|5|1500|26|CG0026408|-12|-88|CG0026408|-12|-88|CG0026409|-15|-84|CG0026409|-15|-84|CG0026410|-13|-81|CG0026410|-13|-81|CG0026410|-13|-81|CG0026410|-13|-81|CG0026411|-18|-79|CG0026411|-18|-79|CG0026411|-18|-79|CG0026411|-18|-79|CG0026412|-28|-68|CG0026412|-28|-68|CG0026413|-33|-66|CG0026413|-33|-66|CG0026414|-22|-62|CG0026414|-22|-62|CG0026414|-22|-62|CG0026414|-22|-62|CG0026414|-22|-62|CG0026414|-22|-62|CG0026415|-39|-69|CG0026415|-39|-69|CG0026415|-39|-69|CG0026415|-39|-69
16|6|6|1000|5|CG0026438|-30|-68|CG0026439|-30|-70|CG0026440|-22|-71|CG0026440|-22|-71|CG0026440|-22|-71
16|6|7|800|7|CG0025649|-16|-62|CG0025649|-16|-62|CG0025650|-17|-78|CG0025650|-17|-78|CG0025652|-32|-57|CG0025653|-35|-34|CG0025653|-35|-34
16|6|8|1000|2|CG0026433|-30|-65|CG0026434|-27|-74
16|6|9|1000|1|CG0026435|-32|-44
16|6|10|1000|6|CG0026427|-32|-78|CG0026428|-36|-70|CG0026429|-33|-54|CG0026430|-39|-41|CG0026431|-39|-42|CG0026432|-39|-28
16|7|0|1000|4|CG0026493|-30|-71|CG0026494|-30|-70|CG0026495|-29|-69|CG0026494|-30|-70
16|7|1|1000|6|CG0026498|-29|-72|CG0026499|-28|-72|CG0026500|-27|-71|CG0026501|-29|-72|CG0026502|-30|-75|CG0026503|-30|-71
16|7|2|1000|10|CG0026471|-21|-70|CG0026471|-21|-70|CG0026472|-27|-70|CG0026472|-27|-70|CG0026473|-32|-76|CG0026473|-32|-76|CG0026473|-32|-76|CG0026473|-32|-76|CG0026472|-27|-70|CG0026471|-21|-70
16|7|3|400|6|CG0026465|-36|-59|CG0026466|-36|-61|CG0026467|-36|-61|CG0026468|-36|-59|CG0026469|-36|-61|CG0026470|-36|-60
16|7|4|300|3|CG0026855|-34|-61|CG0026856|-37|-60|CG0026857|-40|-59
16|7|5|1500|26|CG0026457|-17|-83|CG0026457|-17|-83|CG0026458|-10|-74|CG0026458|-10|-74|CG0026459|-8|-75|CG0026459|-8|-75|CG0026459|-8|-75|CG0026459|-8|-75|CG0026460|-16|-72|CG0026460|-16|-72|CG0026460|-16|-72|CG0026460|-16|-72|CG0026461|-25|-70|CG0026461|-25|-70|CG0026462|-53|-69|CG0026462|-53|-69|CG0026463|-23|-69|CG0026463|-23|-69|CG0026463|-23|-69|CG0026463|-23|-69|CG0026463|-23|-69|CG0026463|-23|-69|CG0026464|-41|-70|CG0026464|-41|-70|CG0026464|-41|-70|CG0026464|-41|-70
16|7|6|1000|5|CG0026487|-25|-70|CG0026488|-26|-71|CG0026489|-16|-68|CG0026489|-16|-68|CG0026489|-16|-68
16|7|7|800|7|CG0025714|-17|-65|CG0025714|-17|-65|CG0025715|-15|-78|CG0025715|-15|-78|CG0025717|-33|-63|CG0025718|-39|-46|CG0025718|-39|-46
16|7|8|1000|2|CG0026482|-29|-67|CG0026483|-24|-67
16|7|9|1000|1|CG0026484|-35|-50
16|7|10|1000|6|CG0026476|-34|-76|CG0026477|-22|-75|CG0026478|-36|-56|CG0026479|-45|-42|CG0026480|-45|-41|CG0026481|-44|-21
