64|0|0|1200|4|CG0045067|-16|-83|CG0045068|-16|-83|CG0045069|-16|-83|CG0045068|-16|-83
64|0|1|1000|6|CG0045072|-20|-83|CG0045073|-16|-85|CG0045074|-23|-83|CG0045075|-15|-83|CG0045076|-19|-85|CG0045077|-23|-84
64|0|2|400|1|CG0188372|-32|-70
64|0|3|500|6|CG0045042|-27|-86|CG0045043|-23|-84|CG0045044|-26|-83|CG0045045|-25|-85|CG0045046|-29|-84|CG0045047|-27|-83
64|0|4|250|2|CG0046472|-28|-75|CG0046473|-32|-75
64|0|5|1000|26|CG0045034|-26|-101|CG0045034|-26|-101|CG0045034|-26|-101|CG0045034|-26|-101|CG0045035|-32|-84|CG0045035|-32|-84|CG0045036|-40|-87|CG0045036|-40|-87|CG0045037|-46|-89|CG0045037|-46|-89|CG0045038|-64|-90|CG0045038|-64|-90|CG0045039|-64|-89|CG0045039|-64|-89|CG0045039|-64|-89|CG0045039|-64|-89|CG0045039|-64|-89|CG0045039|-64|-89|CG0045040|-36|-88|CG0045040|-36|-88|CG0045040|-36|-88|CG0045040|-36|-88|CG0045041|-22|-80|CG0045041|-22|-80|CG0045041|-22|-80|CG0045041|-22|-80
64|0|6|1000|7|CG0045061|-21|-83|CG0045061|-21|-83|CG0045062|-33|-82|CG0045063|-16|-95|CG0045063|-16|-95|CG0045063|-16|-95|CG0045063|-16|-95
64|0|7|1200|13|CG0044157|-21|-83|CG0044158|-16|-80|CG0044158|-16|-80|CG0044159|-9|-79|CG0044159|-9|-79|CG0044160|-17|-81|CG0044160|-17|-81|CG0044161|-43|-88|CG0044162|-45|-86|CG0044163|-50|-86|CG0044163|-50|-86|CG0044163|-50|-86|CG0044164|-32|-87
64|0|8|1000|2|CG0045056|-32|-78|CG0045057|-25|-56
64|0|9|1000|1|CG0045058|-28|-75
64|0|10|1200|9|CG0045050|-16|-83|CG0045050|-16|-83|CG0045051|-24|-86|CG0045051|-24|-86|CG0045052|-35|-77|CG0045052|-35|-77|CG0045053|-46|-74|CG0045054|-58|-64|CG0045055|-65|-54
64|1|0|1200|4|CG0045113|-20|-80|CG0045114|-20|-81|CG0045115|-19|-81|CG0045114|-20|-81
64|1|1|1000|6|CG0045118|-20|-81|CG0045119|-20|-82|CG0045120|-19|-80|CG0045121|-20|-81|CG0045122|-20|-83|CG0045123|-20|-82
64|1|2|400|1|CG0188417|-17|-71
64|1|3|500|6|CG0045088|-25|-86|CG0045089|-25|-84|CG0045090|-25|-83|CG0045091|-25|-85|CG0045092|-20|-84|CG0045093|-19|-83
64|1|4|250|2|CG0046542|-17|-70|CG0046543|-17|-72
64|1|5|1000|26|CG0045080|-17|-91|CG0045080|-17|-91|CG0045080|-17|-91|CG0045080|-17|-91|CG0045081|-25|-82|CG0045081|-25|-82|CG0045082|-27|-88|CG0045082|-27|-88|CG0045083|-24|-91|CG0045083|-24|-91|CG0045084|-22|-93|CG0045084|-22|-93|CG0045085|-19|-92|CG0045085|-19|-92|CG0045085|-19|-92|CG0045085|-19|-92|CG0045085|-19|-92|CG0045085|-19|-92|CG0045086|-22|-87|CG0045086|-22|-87|CG0045086|-22|-87|CG0045086|-22|-87|CG0045087|-17|-75|CG0045087|-17|-75|CG0045087|-17|-75|CG0045087|-17|-75
64|1|6|1000|7|CG0045107|-20|-80|CG0045107|-20|-80|CG0045108|-19|-80|CG0045109|-19|-96|CG0045109|-19|-96|CG0045109|-19|-96|CG0045109|-19|-96
64|1|7|1200|13|CG0044227|-22|-79|CG0044228|-20|-74|CG0044228|-20|-74|CG0044229|-19|-74|CG0044229|-19|-74|CG0044230|-15|-74|CG0044230|-15|-74|CG0044231|-21|-88|CG0044232|-33|-92|CG0044233|-30|-93|CG0044233|-30|-93|CG0044233|-30|-93|CG0044234|-23|-88
64|1|8|1000|2|CG0045102|-26|-79|CG0045103|-31|-51
64|1|9|1000|1|CG0045104|-19|-75
64|1|10|1200|9|CG0045096|-20|-81|CG0045096|-20|-81|CG0045097|-19|-85|CG0045097|-19|-85|CG0045098|-18|-79|CG0045098|-18|-79|CG0045099|-18|-79|CG0045100|-19|-70|CG0045101|-20|-64
64|2|0|1200|4|CG0045159|-23|-77|CG0045160|-22|-78|CG0045161|-22|-77|CG0045160|-22|-78
64|2|1|1000|6|CG0045164|-22|-78|CG0045165|-21|-79|CG0045166|-21|-77|CG0045167|-22|-78|CG0045168|-22|-80|CG0045169|-22|-79
64|2|2|400|1|CG0188462|-33|-62
64|2|3|500|6|CG0045134|-18|-81|CG0045135|-17|-79|CG0045136|-24|-78|CG0045137|-13|-80|CG0045138|-26|-79|CG0045139|-28|-78
64|2|4|250|2|CG0046612|-19|-72|CG0046613|-14|-73
64|2|5|1000|26|CG0045126|-20|-81|CG0045126|-20|-81|CG0045126|-20|-81|CG0045126|-20|-81|CG0045127|-45|-78|CG0045127|-45|-78|CG0045128|-28|-83|CG0045128|-28|-83|CG0045129|-5|-83|CG0045129|-5|-83|CG0045130|-11|-82|CG0045130|-11|-82|CG0045131|-12|-81|CG0045131|-12|-81|CG0045131|-12|-81|CG0045131|-12|-81|CG0045131|-12|-81|CG0045131|-12|-81|CG0045132|-3|-79|CG0045132|-3|-79|CG0045132|-3|-79|CG0045132|-3|-79|CG0045133|-22|-72|CG0045133|-22|-72|CG0045133|-22|-72|CG0045133|-22|-72
64|2|6|1000|7|CG0045153|-23|-77|CG0045153|-23|-77|CG0045154|-23|-77|CG0045155|-23|-91|CG0045155|-23|-91|CG0045155|-23|-91|CG0045155|-23|-91
64|2|7|1200|13|CG0044297|-21|-80|CG0044298|-26|-76|CG0044298|-26|-76|CG0044299|-27|-76|CG0044299|-27|-76|CG0044300|-35|-74|CG0044300|-35|-74|CG0044301|-8|-83|CG0044302|-15|-87|CG0044303|-13|-89|CG0044303|-13|-89|CG0044303|-13|-89|CG0044304|-13|-83
64|2|8|1000|2|CG0045148|-16|-78|CG0045149|-43|-61
64|2|9|1000|1|CG0045150|-11|-73
64|2|10|1200|9|CG0045142|-22|-78|CG0045142|-22|-78|CG0045143|-15|-81|CG0045143|-15|-81|CG0045144|-16|-72|CG0045144|-16|-72|CG0045145|-15|-69|CG0045146|-16|-62|CG0045147|-15|-53
64|3|0|1200|4|CG0045205|-33|-80|CG0045206|-31|-80|CG0045207|-28|-79|CG0045206|-31|-80
64|3|1|1000|6|CG0045210|-36|-80|CG0045211|-33|-81|CG0045212|-31|-79|CG0045213|-34|-80|CG0045214|-36|-82|CG0045215|-37|-81
64|3|2|400|1|CG0188507|-36|-53
64|3|3|500|6|CG0045180|-26|-79|CG0045181|-28|-78|CG0045182|-35|-77|CG0045183|-24|-79|CG0045184|-28|-78|CG0045185|-30|-76
64|3|4|250|2|CG0046682|-21|-71|CG0046683|-15|-70
64|3|5|1000|26|CG0045172|-30|-76|CG0045172|-30|-76|CG0045172|-30|-76|CG0045172|-30|-76|CG0045173|-39|-78|CG0045173|-39|-78|CG0045174|-42|-79|CG0045174|-42|-79|CG0045175|-14|-73|CG0045175|-14|-73|CG0045176|-2|-71|CG0045176|-2|-71|CG0045177|-3|-70|CG0045177|-3|-70|CG0045177|-3|-70|CG0045177|-3|-70|CG0045177|-3|-70|CG0045177|-3|-70|CG0045178|2|-73|CG0045178|2|-73|CG0045178|2|-73|CG0045178|2|-73|CG0045179|-24|-76|CG0045179|-24|-76|CG0045179|-24|-76|CG0045179|-24|-76
64|3|6|1000|7|CG0045199|-22|-80|CG0045199|-22|-80|CG0045200|-22|-79|CG0045201|-21|-82|CG0045201|-21|-82|CG0045201|-21|-82|CG0045201|-21|-82
64|3|7|1200|13|CG0044367|-20|-80|CG0044368|-34|-80|CG0044368|-34|-80|CG0044369|-40|-79|CG0044369|-40|-79|CG0044370|-39|-77|CG0044370|-39|-77|CG0044371|-16|-79|CG0044372|-10|-80|CG0044373|-8|-78|CG0044373|-8|-78|CG0044373|-8|-78|CG0044374|-9|-81
64|3|8|1000|2|CG0045194|-15|-76|CG0045195|-52|-67
64|3|9|1000|1|CG0045196|-16|-70
64|3|10|1200|9|CG0045188|-34|-80|CG0045188|-34|-80|CG0045189|-22|-79|CG0045189|-22|-79|CG0045190|-9|-63|CG0045190|-9|-63|CG0045191|-9|-55|CG0045192|-10|-43|CG0045193|-9|-26
64|4|0|1200|4|CG0045251|-29|-80|CG0045252|-32|-80|CG0045253|-33|-79|CG0045252|-32|-80
64|4|1|1000|6|CG0045256|-36|-80|CG0045257|-34|-81|CG0045258|-33|-79|CG0045259|-35|-80|CG0045260|-36|-82|CG0045261|-37|-81
64|4|2|400|1|CG0188552|-25|-51
64|4|3|500|6|CG0045226|-34|-74|CG0045227|-32|-73|CG0045228|-31|-71|CG0045229|-32|-74|CG0045230|-34|-73|CG0045231|-35|-72
64|4|4|250|2|CG0046752|-32|-72|CG0046753|-28|-69
64|4|5|1000|26|CG0045218|-34|-78|CG0045218|-34|-78|CG0045218|-34|-78|CG0045218|-34|-78|CG0045219|-31|-87|CG0045219|-31|-87|CG0045220|-33|-76|CG0045220|-33|-76|CG0045221|-29|-61|CG0045221|-29|-61|CG0045222|3|-57|CG0045222|3|-57|CG0045223|4|-57|CG0045223|4|-57|CG0045223|4|-57|CG0045223|4|-57|CG0045223|4|-57|CG0045223|4|-57|CG0045224|-9|-66|CG0045224|-9|-66|CG0045224|-9|-66|CG0045224|-9|-66|CG0045225|-27|-77|CG0045225|-27|-77|CG0045225|-27|-77|CG0045225|-27|-77
64|4|6|1000|7|CG0045245|-31|-80|CG0045245|-31|-80|CG0045246|-20|-80|CG0045247|-21|-79|CG0045247|-21|-79|CG0045247|-21|-79|CG0045247|-21|-79
64|4|7|1200|13|CG0044437|-20|-79|CG0044438|-29|-81|CG0044438|-29|-81|CG0044439|-34|-81|CG0044439|-34|-81|CG0044440|-30|-80|CG0044440|-30|-80|CG0044441|-18|-72|CG0044442|-15|-69|CG0044443|-16|-66|CG0044443|-16|-66|CG0044443|-16|-66|CG0044444|-12|-76
64|4|8|1000|2|CG0045240|-19|-75|CG0045241|-49|-78
64|4|9|1000|1|CG0045242|-17|-70
64|4|10|1200|9|CG0045234|-36|-80|CG0045234|-36|-80|CG0045235|-27|-77|CG0045235|-27|-77|CG0045236|-15|-53|CG0045236|-15|-53|CG0045237|-15|-38|CG0045238|-16|-20|CG0045239|-15|-15
64|5|0|1200|4|CG0045297|-23|-81|CG0045298|-20|-80|CG0045299|-21|-80|CG0045298|-20|-80
64|5|1|1000|6|CG0045302|-20|-80|CG0045303|-19|-82|CG0045304|-19|-80|CG0045305|-20|-80|CG0045306|-19|-82|CG0045307|-19|-81
64|5|2|400|1|CG0188597|-19|-60
64|5|3|500|6|CG0045272|-24|-74|CG0045273|-24|-73|CG0045274|-24|-72|CG0045275|-24|-74|CG0045276|-24|-73|CG0045277|-24|-72
64|5|4|250|2|CG0046822|-27|-73|CG0046823|-27|-70
64|5|5|1000|26|CG0045264|-33|-88|CG0045264|-33|-88|CG0045264|-33|-88|CG0045264|-33|-88|CG0045265|-26|-85|CG0045265|-26|-85|CG0045266|-26|-83|CG0045266|-26|-83|CG0045267|-28|-63|CG0045267|-28|-63|CG0045268|-26|-54|CG0045268|-26|-54|CG0045269|-26|-53|CG0045269|-26|-53|CG0045269|-26|-53|CG0045269|-26|-53|CG0045269|-26|-53|CG0045269|-26|-53|CG0045270|-26|-67|CG0045270|-26|-67|CG0045270|-26|-67|CG0045270|-26|-67|CG0045271|-27|-79|CG0045271|-27|-79|CG0045271|-27|-79|CG0045271|-27|-79
64|5|6|1000|7|CG0045291|-37|-80|CG0045291|-37|-80|CG0045292|-27|-80|CG0045293|-21|-80|CG0045293|-21|-80|CG0045293|-21|-80|CG0045293|-21|-80
64|5|7|1200|13|CG0044507|-17|-80|CG0044508|-18|-83|CG0044508|-18|-83|CG0044509|-35|-83|CG0044509|-35|-83|CG0044510|-25|-82|CG0044510|-25|-82|CG0044511|-25|-72|CG0044512|-13|-62|CG0044513|-15|-57|CG0044513|-15|-57|CG0044513|-15|-57|CG0044514|-17|-74
64|5|8|1000|2|CG0045286|-23|-72|CG0045287|-28|-86
64|5|9|1000|1|CG0045288|-36|-68
64|5|10|1200|9|CG0045280|-20|-80|CG0045280|-20|-80|CG0045281|-20|-74|CG0045281|-20|-74|CG0045282|-24|-49|CG0045282|-24|-49|CG0045283|-29|-31|CG0045284|-34|-11|CG0045285|-39|-11
64|6|0|1200|4|CG0045343|-26|-80|CG0045344|-26|-80|CG0045345|-26|-81|CG0045344|-26|-80
64|6|1|1000|6|CG0045348|-24|-80|CG0045349|-26|-82|CG0045350|-28|-80|CG0045351|-26|-80|CG0045352|-24|-82|CG0045353|-23|-81
64|6|2|400|1|CG0188642|-38|-63
64|6|3|500|6|CG0045318|-35|-76|CG0045319|-37|-75|CG0045320|-38|-73|CG0045321|-36|-76|CG0045322|-35|-75|CG0045323|-33|-74
64|6|4|250|2|CG0046892|-21|-74|CG0046893|-26|-71
64|6|5|1000|26|CG0045310|-26|-98|CG0045310|-26|-98|CG0045310|-26|-98|CG0045310|-26|-98|CG0045311|-20|-79|CG0045311|-20|-79|CG0045312|-29|-79|CG0045312|-29|-79|CG0045313|-50|-71|CG0045313|-50|-71|CG0045314|-83|-63|CG0045314|-83|-63|CG0045315|-81|-62|CG0045315|-81|-62|CG0045315|-81|-62|CG0045315|-81|-62|CG0045315|-81|-62|CG0045315|-81|-62|CG0045316|-55|-73|CG0045316|-55|-73|CG0045316|-55|-73|CG0045316|-55|-73|CG0045317|-33|-82|CG0045317|-33|-82|CG0045317|-33|-82|CG0045317|-33|-82
64|6|6|1000|7|CG0045337|-23|-81|CG0045337|-23|-81|CG0045338|-30|-81|CG0045339|-26|-81|CG0045339|-26|-81|CG0045339|-26|-81|CG0045339|-26|-81
64|6|7|1200|13|CG0044577|-15|-81|CG0044578|-20|-85|CG0044578|-20|-85|CG0044579|-30|-86|CG0044579|-30|-86|CG0044580|-31|-86|CG0044580|-31|-86|CG0044581|-30|-75|CG0044582|-43|-65|CG0044583|-41|-61|CG0044583|-41|-61|CG0044583|-41|-61|CG0044584|-25|-75
64|6|8|1000|2|CG0045332|-36|-75|CG0045333|-20|-83
64|6|9|1000|1|CG0045334|-35|-71
64|6|10|1200|9|CG0045326|-26|-80|CG0045326|-26|-80|CG0045327|-34|-78|CG0045327|-34|-78|CG0045328|-51|-54|CG0045328|-51|-54|CG0045329|-66|-39|CG0045330|-71|-18|CG0045331|-80|-15
64|7|0|1200|4|CG0045389|-16|-82|CG0045390|-19|-82|CG0045391|-22|-83|CG0045390|-19|-82
64|7|1|1000|6|CG0045394|-19|-82|CG0045395|-22|-84|CG0045396|-24|-82|CG0045397|-21|-82|CG0045398|-19|-84|CG0045399|-23|-83
64|7|2|400|1|CG0188687|-44|-60
64|7|3|500|6|CG0045364|-29|-81|CG0045365|-32|-79|CG0045366|-33|-78|CG0045367|-31|-81|CG0045368|-27|-79|CG0045369|-29|-78
64|7|4|250|2|CG0046962|-32|-76|CG0046963|-37|-75
64|7|5|1000|26|CG0045356|-27|-103|CG0045356|-27|-103|CG0045356|-27|-103|CG0045356|-27|-103|CG0045357|-26|-82|CG0045357|-26|-82|CG0045358|-32|-83|CG0045358|-32|-83|CG0045359|-50|-75|CG0045359|-50|-75|CG0045360|-101|-76|CG0045360|-101|-76|CG0045361|-100|-75|CG0045361|-100|-75|CG0045361|-100|-75|CG0045361|-100|-75|CG0045361|-100|-75|CG0045361|-100|-75|CG0045362|-61|-81|CG0045362|-61|-81|CG0045362|-61|-81|CG0045362|-61|-81|CG0045363|-23|-83|CG0045363|-23|-83|CG0045363|-23|-83|CG0045363|-23|-83
64|7|6|1000|7|CG0045383|-19|-83|CG0045383|-19|-83|CG0045384|-43|-83|CG0045385|-28|-88|CG0045385|-28|-88|CG0045385|-28|-88|CG0045385|-28|-88
64|7|7|1200|13|CG0044647|-17|-83|CG0044648|-23|-83|CG0044648|-23|-83|CG0044649|-21|-84|CG0044649|-21|-84|CG0044650|-28|-85|CG0044650|-28|-85|CG0044651|-41|-81|CG0044652|-61|-73|CG0044653|-58|-72|CG0044653|-58|-72|CG0044653|-58|-72|CG0044654|-33|-80
64|7|8|1000|2|CG0045378|-34|-77|CG0045379|-28|-71
64|7|9|1000|1|CG0045380|-27|-72
64|7|10|1200|9|CG0045372|-20|-82|CG0045372|-20|-82|CG0045373|-32|-83|CG0045373|-32|-83|CG0045374|-48|-66|CG0045374|-48|-66|CG0045375|-65|-57|CG0045376|-82|-43|CG0045377|-88|-27
