68|0|0|1200|4|CG0046506|-16|-83|CG0046507|-16|-83|CG0046508|-16|-83|CG0046507|-16|-83
68|0|1|1000|6|CG0046520|-20|-83|CG0046521|-16|-85|CG0046522|-23|-83|CG0046523|-15|-83|CG0046524|-19|-85|CG0046525|-23|-84
68|0|2|400|1|CG0188372|-32|-70
68|0|3|500|6|CG0046466|-27|-86|CG0046467|-23|-84|CG0046468|-26|-83|CG0046469|-25|-85|CG0046470|-29|-84|CG0046471|-27|-83
68|0|4|250|2|CG0046472|-28|-75|CG0046473|-32|-75
68|0|5|800|22|CG0046458|-36|-78|CG0046458|-36|-78|CG0046459|-36|-77|CG0046459|-36|-77|CG0046460|-35|-76|CG0046460|-35|-76|CG0046460|-35|-76|CG0046460|-35|-76|CG0046460|-35|-76|CG0046460|-35|-76|CG0046461|-42|-80|CG0046461|-42|-80|CG0046462|-40|-82|CG0046462|-40|-82|CG0046463|-40|-81|CG0046463|-40|-81|CG0046463|-40|-81|CG0046463|-40|-81|CG0046464|-34|-83|CG0046464|-34|-83|CG0046465|-23|-83|CG0046465|-23|-83
68|0|6|1000|6|CG0046496|-16|-83|CG0046497|-16|-82|CG0046498|-17|-83|CG0046498|-17|-83|CG0046498|-17|-83|CG0046498|-17|-83
68|0|7|1000|12|CG0046509|-21|-83|CG0046510|-16|-80|CG0046511|-9|-79|CG0046511|-9|-79|CG0046511|-9|-79|CG0046512|-17|-81|CG0046512|-17|-81|CG0046513|-43|-88|CG0046514|-45|-86|CG0046515|-50|-86|CG0046515|-50|-86|CG0046516|-32|-87
68|0|8|1000|2|CG0046487|-32|-78|CG0046488|-25|-56
68|0|9|1000|1|CG0046493|-28|-75
68|0|10|1200|9|CG0046481|-16|-83|CG0046481|-16|-83|CG0046482|-24|-86|CG0046482|-24|-86|CG0046483|-35|-77|CG0046483|-35|-77|CG0046484|-46|-74|CG0046485|-58|-64|CG0046486|-65|-54
68|1|0|1200|4|CG0046576|-21|-80|CG0046577|-20|-81|CG0046578|-19|-81|CG0046577|-20|-81
68|1|1|1000|6|CG0046590|-20|-81|CG0046591|-20|-82|CG0046592|-19|-80|CG0046593|-20|-81|CG0046594|-20|-83|CG0046595|-20|-82
68|1|2|400|1|CG0188417|-17|-71
68|1|3|500|6|CG0046536|-25|-86|CG0046537|-25|-84|CG0046538|-25|-83|CG0046539|-25|-85|CG0046540|-20|-84|CG0046541|-19|-83
68|1|4|250|2|CG0046542|-17|-70|CG0046543|-17|-72
68|1|5|800|22|CG0046528|-17|-75|CG0046528|-17|-75|CG0046529|-17|-74|CG0046529|-17|-74|CG0046530|-16|-74|CG0046530|-16|-74|CG0046530|-16|-74|CG0046530|-16|-74|CG0046530|-16|-74|CG0046530|-16|-74|CG0046531|-20|-80|CG0046531|-20|-80|CG0046532|-25|-85|CG0046532|-25|-85|CG0046533|-26|-85|CG0046533|-26|-85|CG0046533|-26|-85|CG0046533|-26|-85|CG0046534|-25|-84|CG0046534|-25|-84|CG0046535|-24|-81|CG0046535|-24|-81
68|1|6|1000|6|CG0046566|-20|-80|CG0046567|-19|-80|CG0046568|-19|-80|CG0046568|-19|-80|CG0046568|-19|-80|CG0046568|-19|-80
68|1|7|1000|12|CG0046579|-22|-79|CG0046580|-20|-74|CG0046581|-19|-74|CG0046581|-19|-74|CG0046581|-19|-74|CG0046582|-15|-74|CG0046582|-15|-74|CG0046583|-21|-88|CG0046584|-33|-92|CG0046585|-30|-93|CG0046585|-30|-93|CG0046586|-23|-88
68|1|8|1000|2|CG0046557|-26|-79|CG0046558|-31|-51
68|1|9|1000|1|CG0046563|-19|-75
68|1|10|1200|9|CG0046551|-20|-81|CG0046551|-20|-81|CG0046552|-19|-85|CG0046552|-19|-85|CG0046553|-18|-79|CG0046553|-18|-79|CG0046554|-18|-79|CG0046555|-19|-70|CG0046556|-20|-64
68|2|0|1200|4|CG0046646|-23|-77|CG0046647|-22|-78|CG0046648|-22|-78|CG0046647|-22|-78
68|2|1|1000|6|CG0046660|-22|-78|CG0046661|-21|-79|CG0046662|-21|-77|CG0046663|-22|-78|CG0046664|-22|-80|CG0046665|-22|-79
68|2|2|400|1|CG0188462|-33|-62
68|2|3|500|6|CG0046606|-18|-81|CG0046607|-17|-79|CG0046608|-24|-78|CG0046609|-13|-80|CG0046610|-26|-79|CG0046611|-28|-78
68|2|4|250|2|CG0046612|-19|-72|CG0046613|-14|-73
68|2|5|800|22|CG0046598|-11|-75|CG0046598|-11|-75|CG0046599|-10|-74|CG0046599|-10|-74|CG0046600|-13|-74|CG0046600|-13|-74|CG0046600|-13|-74|CG0046600|-13|-74|CG0046600|-13|-74|CG0046600|-13|-74|CG0046601|-9|-78|CG0046601|-9|-78|CG0046602|-6|-78|CG0046602|-6|-78|CG0046603|-6|-78|CG0046603|-6|-78|CG0046603|-6|-78|CG0046603|-6|-78|CG0046604|-11|-78|CG0046604|-11|-78|CG0046605|-16|-76|CG0046605|-16|-76
68|2|6|1000|6|CG0046636|-23|-77|CG0046637|-23|-77|CG0046638|-23|-76|CG0046638|-23|-76|CG0046638|-23|-76|CG0046638|-23|-76
68|2|7|1000|12|CG0046649|-22|-80|CG0046650|-26|-76|CG0046651|-27|-76|CG0046651|-27|-76|CG0046651|-27|-76|CG0046652|-35|-74|CG0046652|-35|-74|CG0046653|-8|-83|CG0046654|-15|-87|CG0046655|-13|-89|CG0046655|-13|-89|CG0046656|-13|-83
68|2|8|1000|2|CG0046627|-15|-78|CG0046628|-43|-61
68|2|9|1000|1|CG0046633|-11|-73
68|2|10|1200|9|CG0046621|-22|-78|CG0046621|-22|-78|CG0046622|-15|-81|CG0046622|-15|-81|CG0046623|-16|-72|CG0046623|-16|-72|CG0046624|-15|-69|CG0046625|-16|-62|CG0046626|-14|-54
68|3|0|1200|4|CG0046716|-20|-80|CG0046717|-21|-80|CG0046718|-21|-79|CG0046717|-21|-80
68|3|1|1000|6|CG0046730|-20|-80|CG0046731|-19|-81|CG0046732|-22|-79|CG0046733|-20|-80|CG0046734|-20|-82|CG0046735|-21|-81
68|3|2|400|1|CG0188507|-36|-53
68|3|3|500|6|CG0046676|-17|-79|CG0046677|-28|-78|CG0046678|-35|-77|CG0046679|-15|-79|CG0046680|-28|-78|CG0046681|-30|-76
68|3|4|250|2|CG0046682|-21|-71|CG0046683|-15|-70
68|3|5|800|22|CG0046668|-10|-71|CG0046668|-10|-71|CG0046669|-19|-70|CG0046669|-19|-70|CG0046670|-21|-69|CG0046670|-21|-69|CG0046670|-21|-69|CG0046670|-21|-69|CG0046670|-21|-69|CG0046670|-21|-69|CG0046671|-9|-73|CG0046671|-9|-73|CG0046672|-6|-69|CG0046672|-6|-69|CG0046673|-7|-68|CG0046673|-7|-68|CG0046673|-7|-68|CG0046673|-7|-68|CG0046674|-8|-74|CG0046674|-8|-74|CG0046675|-14|-77|CG0046675|-14|-77
68|3|6|1000|6|CG0046706|-22|-80|CG0046707|-22|-79|CG0046708|-21|-79|CG0046708|-21|-79|CG0046708|-21|-79|CG0046708|-21|-79
68|3|7|1000|12|CG0046719|-20|-80|CG0046720|-34|-80|CG0046721|-40|-79|CG0046721|-40|-79|CG0046721|-40|-79|CG0046722|-39|-77|CG0046722|-39|-77|CG0046723|-16|-79|CG0046724|-10|-80|CG0046725|-8|-78|CG0046725|-8|-78|CG0046726|-9|-81
68|3|8|1000|2|CG0046697|-15|-76|CG0046698|-52|-67
68|3|9|1000|1|CG0046703|-16|-70
68|3|10|1200|9|CG0046691|-20|-80|CG0046691|-20|-80|CG0046692|-12|-79|CG0046692|-12|-79|CG0046693|-9|-63|CG0046693|-9|-63|CG0046694|-8|-55|CG0046695|-9|-43|CG0046696|-8|-26
68|4|0|1200|4|CG0046786|-18|-80|CG0046787|-19|-80|CG0046788|-20|-80|CG0046787|-19|-80
68|4|1|1000|6|CG0046800|-19|-80|CG0046801|-19|-81|CG0046802|-21|-79|CG0046803|-19|-80|CG0046804|-19|-82|CG0046805|-22|-81
68|4|2|400|1|CG0188552|-25|-51
68|4|3|500|6|CG0046746|-12|-74|CG0046747|-25|-73|CG0046748|-31|-71|CG0046749|-17|-74|CG0046750|-16|-73|CG0046751|-24|-72
68|4|4|250|2|CG0046752|-32|-72|CG0046753|-28|-69
68|4|5|800|22|CG0046738|-24|-68|CG0046738|-24|-68|CG0046739|-23|-67|CG0046739|-23|-67|CG0046740|-20|-66|CG0046740|-20|-66|CG0046740|-20|-66|CG0046740|-20|-66|CG0046740|-20|-66|CG0046740|-20|-66|CG0046741|-20|-67|CG0046741|-20|-67|CG0046742|-6|-58|CG0046742|-6|-58|CG0046743|-7|-58|CG0046743|-7|-58|CG0046743|-7|-58|CG0046743|-7|-58|CG0046744|-11|-68|CG0046744|-11|-68|CG0046745|-16|-75|CG0046745|-16|-75
68|4|6|1000|6|CG0046776|-20|-80|CG0046777|-21|-80|CG0046778|-21|-79|CG0046778|-21|-79|CG0046778|-21|-79|CG0046778|-21|-79
68|4|7|1000|12|CG0046789|-20|-79|CG0046790|-29|-81|CG0046791|-34|-81|CG0046791|-34|-81|CG0046791|-34|-81|CG0046792|-30|-80|CG0046792|-30|-80|CG0046793|-18|-72|CG0046794|-15|-69|CG0046795|-16|-66|CG0046795|-16|-66|CG0046796|-12|-76
68|4|8|1000|2|CG0046767|-15|-75|CG0046768|-44|-78
68|4|9|1000|1|CG0046773|-17|-70
68|4|10|1200|9|CG0046761|-19|-80|CG0046761|-19|-80|CG0046762|-14|-77|CG0046762|-14|-77|CG0046763|-15|-53|CG0046763|-15|-53|CG0046764|-15|-38|CG0046765|-15|-20|CG0046766|-14|-15
68|5|0|1200|4|CG0046856|-20|-81|CG0046857|-19|-80|CG0046858|-19|-80|CG0046857|-19|-80
68|5|1|1000|6|CG0046870|-20|-80|CG0046871|-19|-82|CG0046872|-19|-80|CG0046873|-20|-80|CG0046874|-19|-82|CG0046875|-19|-81
68|5|2|400|1|CG0188597|-19|-60
68|5|3|500|6|CG0046816|-25|-75|CG0046817|-20|-73|CG0046818|-19|-72|CG0046819|-19|-74|CG0046820|-21|-73|CG0046821|-22|-72
68|5|4|250|2|CG0046822|-27|-73|CG0046823|-27|-70
68|5|5|800|22|CG0046808|-27|-68|CG0046808|-27|-68|CG0046809|-20|-67|CG0046809|-20|-67|CG0046810|-20|-67|CG0046810|-20|-67|CG0046810|-20|-67|CG0046810|-20|-67|CG0046810|-20|-67|CG0046810|-20|-67|CG0046811|-21|-65|CG0046811|-21|-65|CG0046812|-20|-53|CG0046812|-20|-53|CG0046813|-20|-53|CG0046813|-20|-53|CG0046813|-20|-53|CG0046813|-20|-53|CG0046814|-20|-67|CG0046814|-20|-67|CG0046815|-24|-77|CG0046815|-24|-77
68|5|6|1000|6|CG0046846|-20|-80|CG0046847|-20|-80|CG0046848|-21|-80|CG0046848|-21|-80|CG0046848|-21|-80|CG0046848|-21|-80
68|5|7|1000|12|CG0046859|-17|-80|CG0046860|-18|-83|CG0046861|-35|-83|CG0046861|-35|-83|CG0046861|-35|-83|CG0046862|-25|-83|CG0046862|-25|-83|CG0046863|-25|-72|CG0046864|-13|-62|CG0046865|-15|-57|CG0046865|-15|-57|CG0046866|-17|-74
68|5|8|1000|2|CG0046837|-23|-72|CG0046838|-28|-86
68|5|9|1000|1|CG0046843|-19|-68
68|5|10|1200|9|CG0046831|-20|-80|CG0046831|-20|-80|CG0046832|-20|-74|CG0046832|-20|-74|CG0046833|-19|-49|CG0046833|-19|-49|CG0046834|-20|-31|CG0046835|-20|-12|CG0046836|-20|-11
68|6|0|1200|4|CG0046926|-17|-80|CG0046927|-17|-80|CG0046928|-17|-81|CG0046927|-17|-80
68|6|1|1000|6|CG0046940|-17|-80|CG0046941|-19|-82|CG0046942|-23|-80|CG0046943|-21|-80|CG0046944|-17|-82|CG0046945|-23|-81
68|6|2|400|1|CG0188642|-38|-63
68|6|3|500|6|CG0046886|-26|-76|CG0046887|-28|-75|CG0046888|-28|-73|CG0046889|-25|-76|CG0046890|-25|-75|CG0046891|-27|-74
68|6|4|250|2|CG0046892|-21|-74|CG0046893|-26|-71
68|6|5|800|22|CG0046878|-29|-70|CG0046878|-29|-70|CG0046879|-34|-70|CG0046879|-34|-70|CG0046880|-34|-69|CG0046880|-34|-69|CG0046880|-34|-69|CG0046880|-34|-69|CG0046880|-34|-69|CG0046880|-34|-69|CG0046881|-33|-67|CG0046881|-33|-67|CG0046882|-48|-60|CG0046882|-48|-60|CG0046883|-48|-60|CG0046883|-48|-60|CG0046883|-48|-60|CG0046883|-48|-60|CG0046884|-31|-71|CG0046884|-31|-71|CG0046885|-27|-78|CG0046885|-27|-78
68|6|6|1000|6|CG0046916|-18|-81|CG0046917|-28|-81|CG0046918|-30|-81|CG0046918|-30|-81|CG0046918|-30|-81|CG0046918|-30|-81
68|6|7|1000|12|CG0046929|-15|-81|CG0046930|-20|-85|CG0046931|-30|-86|CG0046931|-30|-86|CG0046931|-30|-86|CG0046932|-31|-86|CG0046932|-31|-86|CG0046933|-30|-75|CG0046934|-43|-65|CG0046935|-41|-61|CG0046935|-41|-61|CG0046936|-25|-75
68|6|8|1000|2|CG0046907|-28|-75|CG0046908|-18|-84
68|6|9|1000|1|CG0046913|-24|-71
68|6|10|1200|9|CG0046901|-17|-80|CG0046901|-17|-80|CG0046902|-26|-78|CG0046902|-26|-78|CG0046903|-38|-54|CG0046903|-38|-54|CG0046904|-51|-39|CG0046905|-69|-18|CG0046906|-75|-15
68|7|0|1200|4|CG0046996|-14|-82|CG0046997|-15|-82|CG0046998|-15|-83|CG0046997|-15|-82
68|7|1|1000|6|CG0047010|-15|-82|CG0047011|-15|-84|CG0047012|-24|-82|CG0047013|-15|-82|CG0047014|-15|-84|CG0047015|-23|-83
68|7|2|400|1|CG0188687|-44|-60
68|7|3|500|6|CG0046956|-27|-81|CG0046957|-27|-79|CG0046958|-30|-78|CG0046959|-26|-81|CG0046960|-27|-79|CG0046961|-29|-78
68|7|4|250|2|CG0046962|-32|-76|CG0046963|-37|-75
68|7|5|800|22|CG0046948|-42|-76|CG0046948|-42|-76|CG0046949|-46|-75|CG0046949|-46|-75|CG0046950|-47|-74|CG0046950|-47|-74|CG0046950|-47|-74|CG0046950|-47|-74|CG0046950|-47|-74|CG0046950|-47|-74|CG0046951|-50|-74|CG0046951|-50|-74|CG0046952|-59|-70|CG0046952|-59|-70|CG0046953|-59|-70|CG0046953|-59|-70|CG0046953|-59|-70|CG0046953|-59|-70|CG0046954|-38|-76|CG0046954|-38|-76|CG0046955|-23|-81|CG0046955|-23|-81
68|7|6|1000|6|CG0046986|-13|-83|CG0046987|-25|-83|CG0046988|-30|-83|CG0046988|-30|-83|CG0046988|-30|-83|CG0046988|-30|-83
68|7|7|1000|12|CG0046999|-17|-83|CG0047000|-23|-83|CG0047001|-21|-84|CG0047001|-21|-84|CG0047001|-21|-84|CG0047002|-28|-86|CG0047002|-28|-86|CG0047003|-41|-81|CG0047004|-61|-73|CG0047005|-58|-72|CG0047005|-58|-72|CG0047006|-33|-80
68|7|8|1000|2|CG0046977|-29|-77|CG0046978|-28|-71
68|7|9|1000|1|CG0046983|-27|-72
68|7|10|1200|9|CG0046971|-15|-82|CG0046971|-15|-82|CG0046972|-24|-83|CG0046972|-24|-83|CG0046973|-45|-66|CG0046973|-45|-66|CG0046974|-61|-57|CG0046975|-82|-43|CG0046976|-88|-27
