87|0|0|1800|4|CG0054325|-18|-66|CG0054326|-19|-66|CG0054327|-20|-67|CG0054326|-19|-66
87|0|1|1000|6|CG0054330|-16|-66|CG0054331|-20|-67|CG0054332|-22|-64|CG0054333|-19|-66|CG0054334|-15|-67|CG0054335|-23|-64
87|0|2|400|1|CG0188372|-32|-70
87|0|3|600|6|CG0054298|-18|-71|CG0054299|-20|-75|CG0054300|-22|-73|CG0054301|-18|-71|CG0054302|-18|-75|CG0054303|-21|-73
87|0|4|100|1|CG0196344|-27|-55
87|0|5|1500|32|CG0054290|-21|-67|CG0054290|-21|-67|CG0054290|-21|-67|CG0054290|-21|-67|CG0054291|-16|-70|CG0054291|-16|-70|CG0054291|-16|-70|CG0054291|-16|-70|CG0054292|-17|-69|CG0054292|-17|-69|CG0054292|-17|-69|CG0054292|-17|-69|CG0054292|-17|-69|CG0054292|-17|-69|CG0054293|-33|-67|CG0054293|-33|-67|CG0054294|-56|-73|CG0054294|-56|-73|CG0054295|-64|-67|CG0054295|-64|-67|CG0054295|-64|-67|CG0054295|-64|-67|CG0054295|-64|-67|CG0054295|-64|-67|CG0054296|-55|-69|CG0054296|-55|-69|CG0054296|-55|-69|CG0054296|-55|-69|CG0054297|-30|-70|CG0054297|-30|-70|CG0054297|-30|-70|CG0054297|-30|-70
87|0|6|1800|17|CG0054317|-25|-67|CG0054317|-25|-67|CG0054318|-26|-63|CG0054318|-26|-63|CG0054319|-27|-59|CG0054319|-27|-59|CG0054319|-27|-59|CG0054319|-27|-59|CG0054319|-27|-59|CG0054320|-28|-69|CG0054321|-23|-73|CG0054321|-23|-73|CG0054321|-23|-73|CG0054321|-23|-73|CG0054321|-23|-73|CG0054321|-23|-73|CG0054321|-23|-73
87|0|7|1500|16|CG0053772|-22|-66|CG0053772|-22|-66|CG0053774|-24|-63|CG0053774|-24|-63|CG0053775|-22|-59|CG0053775|-22|-59|CG0053775|-22|-59|CG0053776|-28|-66|CG0053777|-40|-73|CG0053778|-45|-63|CG0053779|-52|-61|CG0053779|-52|-61|CG0053780|-55|-64|CG0053781|-57|-61|CG0053781|-57|-61|CG0053773|-48|-69
87|0|8|1000|2|CG0054312|-24|-66|CG0054313|-19|-67
87|0|9|1000|1|CG0054314|-20|-71
87|0|10|1500|6|CG0054306|-22|-64|CG0054307|-28|-71|CG0054308|-45|-43|CG0054309|-45|-49|CG0054310|-45|-37|CG0054311|-45|-36
87|1|0|1800|4|CG0054373|-20|-67|CG0054374|-20|-67|CG0054375|-20|-67|CG0054374|-20|-67
87|1|1|1000|6|CG0054378|-20|-65|CG0054379|-20|-67|CG0054380|-20|-63|CG0054381|-20|-65|CG0054382|-20|-67|CG0054383|-20|-63
87|1|2|400|1|CG0188417|-17|-71
87|1|3|600|6|CG0054346|-18|-68|CG0054347|-18|-71|CG0054348|-18|-70|CG0054349|-18|-68|CG0054350|-19|-71|CG0054351|-19|-70
87|1|4|100|1|CG0196384|-26|-58
87|1|5|1500|32|CG0054338|-15|-66|CG0054338|-15|-66|CG0054338|-15|-66|CG0054338|-15|-66|CG0054339|-13|-62|CG0054339|-13|-62|CG0054339|-13|-62|CG0054339|-13|-62|CG0054340|-13|-64|CG0054340|-13|-64|CG0054340|-13|-64|CG0054340|-13|-64|CG0054340|-13|-64|CG0054340|-13|-64|CG0054341|-24|-66|CG0054341|-24|-66|CG0054342|-32|-79|CG0054342|-32|-79|CG0054343|-20|-74|CG0054343|-20|-74|CG0054343|-20|-74|CG0054343|-20|-74|CG0054343|-20|-74|CG0054343|-20|-74|CG0054344|-30|-76|CG0054344|-30|-76|CG0054344|-30|-76|CG0054344|-30|-76|CG0054345|-21|-72|CG0054345|-21|-72|CG0054345|-21|-72|CG0054345|-21|-72
87|1|6|1800|17|CG0054365|-19|-68|CG0054365|-19|-68|CG0054366|-18|-63|CG0054366|-18|-63|CG0054367|-19|-61|CG0054367|-19|-61|CG0054367|-19|-61|CG0054367|-19|-61|CG0054367|-19|-61|CG0054368|-26|-72|CG0054369|-35|-65|CG0054369|-35|-65|CG0054369|-35|-65|CG0054369|-35|-65|CG0054369|-35|-65|CG0054369|-35|-65|CG0054369|-35|-65
87|1|7|1500|16|CG0053843|-16|-66|CG0053843|-16|-66|CG0053845|-13|-56|CG0053845|-13|-56|CG0053846|-12|-59|CG0053846|-12|-59|CG0053846|-12|-59|CG0053847|-12|-66|CG0053848|-26|-76|CG0053849|-30|-70|CG0053850|-30|-69|CG0053850|-30|-69|CG0053851|-28|-73|CG0053852|-30|-70|CG0053852|-30|-70|CG0053844|-27|-76
87|1|8|1000|2|CG0054360|-19|-69|CG0054361|-31|-66
87|1|9|1000|1|CG0054362|-15|-67
87|1|10|1500|6|CG0054354|-22|-63|CG0054355|-22|-74|CG0054356|-22|-48|CG0054357|-22|-46|CG0054358|-21|-44|CG0054359|-21|-43
87|2|0|1800|4|CG0054421|-15|-67|CG0054422|-14|-67|CG0054423|-14|-66|CG0054422|-14|-67
87|2|1|1000|6|CG0054426|-18|-66|CG0054427|-19|-68|CG0054428|-23|-64|CG0054429|-19|-66|CG0054430|-18|-68|CG0054431|-20|-64
87|2|2|400|1|CG0188462|-33|-62
87|2|3|600|6|CG0054394|-18|-62|CG0054395|-20|-66|CG0054396|-24|-64|CG0054397|-19|-62|CG0054398|-19|-66|CG0054399|-19|-64
87|2|4|100|1|CG0196424|-14|-57
87|2|5|1500|32|CG0054386|-14|-66|CG0054386|-14|-66|CG0054386|-14|-66|CG0054386|-14|-66|CG0054387|-19|-61|CG0054387|-19|-61|CG0054387|-19|-61|CG0054387|-19|-61|CG0054388|-24|-63|CG0054388|-24|-63|CG0054388|-24|-63|CG0054388|-24|-63|CG0054388|-24|-63|CG0054388|-24|-63|CG0054389|-18|-66|CG0054389|-18|-66|CG0054390|-8|-73|CG0054390|-8|-73|CG0054391|-9|-71|CG0054391|-9|-71|CG0054391|-9|-71|CG0054391|-9|-71|CG0054391|-9|-71|CG0054391|-9|-71|CG0054392|-7|-69|CG0054392|-7|-69|CG0054392|-7|-69|CG0054392|-7|-69|CG0054393|-9|-70|CG0054393|-9|-70|CG0054393|-9|-70|CG0054393|-9|-70
87|2|6|1800|17|CG0054413|-14|-67|CG0054413|-14|-67|CG0054414|-15|-61|CG0054414|-15|-61|CG0054415|-14|-59|CG0054415|-14|-59|CG0054415|-14|-59|CG0054415|-14|-59|CG0054415|-14|-59|CG0054416|-15|-68|CG0054417|-29|-63|CG0054417|-29|-63|CG0054417|-29|-63|CG0054417|-29|-63|CG0054417|-29|-63|CG0054417|-29|-63|CG0054417|-29|-63
87|2|7|1500|16|CG0053914|-14|-65|CG0053914|-14|-65|CG0053916|-21|-57|CG0053916|-21|-57|CG0053917|-23|-56|CG0053917|-23|-56|CG0053917|-23|-56|CG0053918|-12|-64|CG0053919|-5|-72|CG0053920|-5|-63|CG0053921|2|-69|CG0053921|2|-69|CG0053922|4|-73|CG0053923|7|-66|CG0053923|7|-66|CG0053915|0|-69
87|2|8|1000|2|CG0054408|-17|-64|CG0054409|-31|-61
87|2|9|1000|1|CG0054410|-15|-66
87|2|10|1500|6|CG0054402|-19|-64|CG0054403|-15|-71|CG0054404|-20|-41|CG0054405|-18|-39|CG0054406|-20|-37|CG0054407|-21|-37
87|3|0|1800|4|CG0054469|-12|-67|CG0054470|-12|-67|CG0054471|-13|-66|CG0054470|-12|-67
87|3|1|1000|6|CG0054474|-19|-67|CG0054475|-18|-69|CG0054476|-23|-65|CG0054477|-18|-67|CG0054478|-19|-69|CG0054479|-23|-65
87|3|2|400|1|CG0188507|-36|-53
87|3|3|600|6|CG0054442|-21|-64|CG0054443|-20|-68|CG0054444|-23|-66|CG0054445|-17|-64|CG0054446|-19|-68|CG0054447|-23|-66
87|3|4|100|1|CG0196464|-10|-51
87|3|5|1500|32|CG0054434|-17|-66|CG0054434|-17|-66|CG0054434|-17|-66|CG0054434|-17|-66|CG0054435|-29|-64|CG0054435|-29|-64|CG0054435|-29|-64|CG0054435|-29|-64|CG0054436|-41|-69|CG0054436|-41|-69|CG0054436|-41|-69|CG0054436|-41|-69|CG0054436|-41|-69|CG0054436|-41|-69|CG0054437|-37|-65|CG0054437|-37|-65|CG0054438|-1|-58|CG0054438|-1|-58|CG0054439|-4|-62|CG0054439|-4|-62|CG0054439|-4|-62|CG0054439|-4|-62|CG0054439|-4|-62|CG0054439|-4|-62|CG0054440|-2|-51|CG0054440|-2|-51|CG0054440|-2|-51|CG0054440|-2|-51|CG0054441|-6|-65|CG0054441|-6|-65|CG0054441|-6|-65|CG0054441|-6|-65
87|3|6|1800|17|CG0054461|-14|-65|CG0054461|-14|-65|CG0054462|-15|-56|CG0054462|-15|-56|CG0054463|-14|-54|CG0054463|-14|-54|CG0054463|-14|-54|CG0054463|-14|-54|CG0054463|-14|-54|CG0054464|-10|-64|CG0054465|-25|-67|CG0054465|-25|-67|CG0054465|-25|-67|CG0054465|-25|-67|CG0054465|-25|-67|CG0054465|-25|-67|CG0054465|-25|-67
87|3|7|1500|16|CG0053985|-12|-65|CG0053985|-12|-65|CG0053987|-30|-62|CG0053987|-30|-62|CG0053988|-35|-59|CG0053988|-35|-59|CG0053988|-35|-59|CG0053989|-25|-63|CG0053990|-12|-61|CG0053991|-13|-57|CG0053992|-1|-59|CG0053992|-1|-59|CG0053993|7|-62|CG0053994|7|-54|CG0053994|7|-54|CG0053986|-3|-51
87|3|8|1000|2|CG0054456|-17|-59|CG0054457|-37|-62
87|3|9|1000|1|CG0054458|-14|-67
87|3|10|1500|6|CG0054450|-21|-66|CG0054451|-13|-63|CG0054452|-20|-32|CG0054453|-17|-28|CG0054454|-21|-22|CG0054455|-20|-21
87|4|0|1800|4|CG0054517|-19|-67|CG0054518|-20|-67|CG0054519|-20|-67|CG0054518|-20|-67
87|4|1|1000|6|CG0054522|-22|-69|CG0054523|-22|-71|CG0054524|-22|-67|CG0054525|-22|-69|CG0054526|-22|-71|CG0054527|-22|-67
87|4|2|400|1|CG0188552|-25|-51
87|4|3|600|6|CG0054490|-21|-66|CG0054491|-18|-70|CG0054492|-18|-69|CG0054493|-18|-66|CG0054494|-19|-70|CG0054495|-23|-69
87|4|4|100|1|CG0196504|-21|-46
87|4|5|1500|32|CG0054482|-22|-67|CG0054482|-22|-67|CG0054482|-22|-67|CG0054482|-22|-67|CG0054483|-35|-68|CG0054483|-35|-68|CG0054483|-35|-68|CG0054483|-35|-68|CG0054484|-36|-77|CG0054484|-36|-77|CG0054484|-36|-77|CG0054484|-36|-77|CG0054484|-36|-77|CG0054484|-36|-77|CG0054485|-35|-69|CG0054485|-35|-69|CG0054486|1|-41|CG0054486|1|-41|CG0054487|0|-47|CG0054487|0|-47|CG0054487|0|-47|CG0054487|0|-47|CG0054487|0|-47|CG0054487|0|-47|CG0054488|1|-33|CG0054488|1|-33|CG0054488|1|-33|CG0054488|1|-33|CG0054489|-14|-59|CG0054489|-14|-59|CG0054489|-14|-59|CG0054489|-14|-59
87|4|6|1800|17|CG0054509|-19|-62|CG0054509|-19|-62|CG0054510|-15|-50|CG0054510|-15|-50|CG0054511|-14|-47|CG0054511|-14|-47|CG0054511|-14|-47|CG0054511|-14|-47|CG0054511|-14|-47|CG0054512|-15|-64|CG0054513|-31|-76|CG0054513|-31|-76|CG0054513|-31|-76|CG0054513|-31|-76|CG0054513|-31|-76|CG0054513|-31|-76|CG0054513|-31|-76
87|4|7|1500|16|CG0054056|-20|-66|CG0054056|-20|-66|CG0054058|-29|-68|CG0054058|-29|-68|CG0054059|-29|-65|CG0054059|-29|-65|CG0054059|-29|-65|CG0054060|-31|-65|CG0054061|-17|-50|CG0054062|-15|-44|CG0054063|-8|-40|CG0054063|-8|-40|CG0054064|-2|-44|CG0054065|-2|-36|CG0054065|-2|-36|CG0054057|-9|-32
87|4|8|1000|2|CG0054504|-17|-54|CG0054505|-37|-70
87|4|9|1000|1|CG0054506|-15|-72
87|4|10|1500|6|CG0054498|-19|-69|CG0054499|-14|-54|CG0054500|-20|-24|CG0054501|-18|-26|CG0054502|-20|-20|CG0054503|-19|-18
87|5|0|1800|4|CG0054565|-20|-67|CG0054566|-19|-67|CG0054567|-20|-67|CG0054566|-19|-67
87|5|1|1000|6|CG0054570|-20|-69|CG0054571|-20|-71|CG0054572|-20|-68|CG0054573|-20|-69|CG0054574|-20|-71|CG0054575|-20|-68
87|5|2|400|1|CG0188597|-19|-60
87|5|3|600|6|CG0054538|-18|-67|CG0054539|-18|-71|CG0054540|-18|-69|CG0054541|-18|-67|CG0054542|-18|-71|CG0054543|-18|-69
87|5|4|100|1|CG0196544|-24|-45
87|5|5|1500|32|CG0054530|-32|-67|CG0054530|-32|-67|CG0054530|-32|-67|CG0054530|-32|-67|CG0054531|-28|-70|CG0054531|-28|-70|CG0054531|-28|-70|CG0054531|-28|-70|CG0054532|-14|-82|CG0054532|-14|-82|CG0054532|-14|-82|CG0054532|-14|-82|CG0054532|-14|-82|CG0054532|-14|-82|CG0054533|-23|-77|CG0054533|-23|-77|CG0054534|-15|-34|CG0054534|-15|-34|CG0054535|-18|-36|CG0054535|-18|-36|CG0054535|-18|-36|CG0054535|-18|-36|CG0054535|-18|-36|CG0054535|-18|-36|CG0054536|-16|-25|CG0054536|-16|-25|CG0054536|-16|-25|CG0054536|-16|-25|CG0054537|-20|-56|CG0054537|-20|-56|CG0054537|-20|-56|CG0054537|-20|-56
87|5|6|1800|17|CG0054557|-19|-61|CG0054557|-19|-61|CG0054558|-18|-47|CG0054558|-18|-47|CG0054559|-20|-44|CG0054559|-20|-44|CG0054559|-20|-44|CG0054559|-20|-44|CG0054559|-20|-44|CG0054560|-27|-63|CG0054561|-35|-83|CG0054561|-35|-83|CG0054561|-35|-83|CG0054561|-35|-83|CG0054561|-35|-83|CG0054561|-35|-83|CG0054561|-35|-83
87|5|7|1500|16|CG0054127|-21|-66|CG0054127|-21|-66|CG0054129|-18|-71|CG0054129|-18|-71|CG0054130|-17|-68|CG0054130|-17|-68|CG0054130|-17|-68|CG0054131|-22|-67|CG0054132|-20|-46|CG0054133|-16|-33|CG0054134|-16|-41|CG0054134|-16|-41|CG0054135|-16|-45|CG0054136|-16|-37|CG0054136|-16|-37|CG0054128|-22|-25
87|5|8|1000|2|CG0054552|-19|-52|CG0054553|-34|-73
87|5|9|1000|1|CG0054554|-16|-76
87|5|10|1500|6|CG0054546|-25|-70|CG0054547|-41|-50|CG0054548|-54|-22|CG0054549|-52|-25|CG0054550|-53|-20|CG0054551|-52|-18
87|6|0|1800|4|CG0054613|-36|-67|CG0054614|-37|-67|CG0054615|-39|-67|CG0054614|-37|-67
87|6|1|1000|6|CG0054618|-36|-69|CG0054619|-37|-71|CG0054620|-36|-67|CG0054621|-36|-69|CG0054622|-37|-71|CG0054623|-36|-67
87|6|2|400|1|CG0188642|-38|-63
87|6|3|600|6|CG0054586|-26|-66|CG0054587|-26|-70|CG0054588|-26|-68|CG0054589|-26|-66|CG0054590|-26|-70|CG0054591|-26|-68
87|6|4|100|1|CG0196584|-20|-48
87|6|5|1500|32|CG0054578|-39|-67|CG0054578|-39|-67|CG0054578|-39|-67|CG0054578|-39|-67|CG0054579|-18|-68|CG0054579|-18|-68|CG0054579|-18|-68|CG0054579|-18|-68|CG0054580|-20|-82|CG0054580|-20|-82|CG0054580|-20|-82|CG0054580|-20|-82|CG0054580|-20|-82|CG0054580|-20|-82|CG0054581|-22|-78|CG0054581|-22|-78|CG0054582|-65|-41|CG0054582|-65|-41|CG0054583|-61|-35|CG0054583|-61|-35|CG0054583|-61|-35|CG0054583|-61|-35|CG0054583|-61|-35|CG0054583|-61|-35|CG0054584|-50|-32|CG0054584|-50|-32|CG0054584|-50|-32|CG0054584|-50|-32|CG0054585|-45|-58|CG0054585|-45|-58|CG0054585|-45|-58|CG0054585|-45|-58
87|6|6|1800|17|CG0054605|-38|-62|CG0054605|-38|-62|CG0054606|-38|-49|CG0054606|-38|-49|CG0054607|-35|-46|CG0054607|-35|-46|CG0054607|-35|-46|CG0054607|-35|-46|CG0054607|-35|-46|CG0054608|-31|-64|CG0054609|-23|-85|CG0054609|-23|-85|CG0054609|-23|-85|CG0054609|-23|-85|CG0054609|-23|-85|CG0054609|-23|-85|CG0054609|-23|-85
87|6|7|1500|16|CG0054198|-14|-66|CG0054198|-14|-66|CG0054200|-20|-70|CG0054200|-20|-70|CG0054201|-32|-68|CG0054201|-32|-68|CG0054201|-32|-68|CG0054202|-27|-68|CG0054203|-42|-52|CG0054204|-50|-35|CG0054205|-58|-44|CG0054205|-58|-44|CG0054206|-60|-49|CG0054207|-62|-41|CG0054207|-62|-41|CG0054199|-51|-31
87|6|8|1000|2|CG0054600|-31|-54|CG0054601|-21|-70
87|6|9|1000|1|CG0054602|-26|-77
87|6|10|1500|6|CG0054594|-46|-69|CG0054595|-51|-54|CG0054596|-62|-25|CG0054597|-65|-22|CG0054598|-61|-22|CG0054599|-61|-19
87|7|0|1800|4|CG0054661|-38|-66|CG0054662|-36|-66|CG0054663|-35|-66|CG0054662|-36|-66
87|7|1|1000|6|CG0054666|-34|-67|CG0054667|-34|-69|CG0054668|-34|-65|CG0054669|-34|-67|CG0054670|-34|-69|CG0054671|-34|-65
87|7|2|400|1|CG0188687|-44|-60
87|7|3|600|6|CG0054634|-22|-67|CG0054635|-22|-70|CG0054636|-22|-69|CG0054637|-22|-67|CG0054638|-22|-70|CG0054639|-22|-69
87|7|4|100|1|CG0196624|-25|-51
87|7|5|1500|32|CG0054626|-25|-67|CG0054626|-25|-67|CG0054626|-25|-67|CG0054626|-25|-67|CG0054627|-20|-71|CG0054627|-20|-71|CG0054627|-20|-71|CG0054627|-20|-71|CG0054628|-23|-77|CG0054628|-23|-77|CG0054628|-23|-77|CG0054628|-23|-77|CG0054628|-23|-77|CG0054628|-23|-77|CG0054629|-25|-70|CG0054629|-25|-70|CG0054630|-84|-57|CG0054630|-84|-57|CG0054631|-76|-47|CG0054631|-76|-47|CG0054631|-76|-47|CG0054631|-76|-47|CG0054631|-76|-47|CG0054631|-76|-47|CG0054632|-70|-51|CG0054632|-70|-51|CG0054632|-70|-51|CG0054632|-70|-51|CG0054633|-46|-64|CG0054633|-46|-64|CG0054633|-46|-64|CG0054633|-46|-64
87|7|6|1800|17|CG0054653|-38|-65|CG0054653|-38|-65|CG0054654|-41|-56|CG0054654|-41|-56|CG0054655|-41|-53|CG0054655|-41|-53|CG0054655|-41|-53|CG0054655|-41|-53|CG0054655|-41|-53|CG0054656|-29|-65|CG0054657|-14|-81|CG0054657|-14|-81|CG0054657|-14|-81|CG0054657|-14|-81|CG0054657|-14|-81|CG0054657|-14|-81|CG0054657|-14|-81
87|7|7|1500|16|CG0054269|-22|-66|CG0054269|-22|-66|CG0054271|-28|-65|CG0054271|-28|-65|CG0054272|-35|-64|CG0054272|-35|-64|CG0054272|-35|-64|CG0054273|-37|-68|CG0054274|-43|-63|CG0054275|-62|-45|CG0054276|-72|-47|CG0054276|-72|-47|CG0054277|-76|-54|CG0054278|-78|-46|CG0054278|-78|-46|CG0054270|-64|-51
87|7|8|1000|2|CG0054648|-38|-59|CG0054649|-21|-64
87|7|9|1000|1|CG0054650|-25|-75
87|7|10|1500|6|CG0054642|-40|-66|CG0054643|-36|-62|CG0054644|-60|-39|CG0054645|-60|-41|CG0054646|-60|-29|CG0054647|-60|-28
