38|0|0|1000|4|CG0034694|-17|-73|CG0034695|-16|-73|CG0034696|-16|-73|CG0034695|-16|-73
38|0|1|1000|6|CG0034708|-13|-73|CG0034709|-19|-75|CG0034710|-22|-73|CG0034711|-18|-74|CG0034712|-15|-75|CG0034713|-24|-73
38|0|2|400|1|CG0188372|-32|-70
38|0|3|500|6|CG0034656|-22|-75|CG0034657|-16|-76|CG0034658|-27|-77|CG0034659|-17|-73|CG0034660|-24|-75|CG0034661|-28|-77
38|0|4|250|2|CG0039416|-28|-75|CG0039417|-32|-75
38|0|5|800|18|CG0034650|-21|-70|CG0034650|-21|-70|CG0034651|-25|-70|CG0034651|-25|-70|CG0034652|-31|-71|CG0034652|-31|-71|CG0034653|-38|-79|CG0034653|-38|-79|CG0034653|-38|-79|CG0034653|-38|-79|CG0034654|-38|-78|CG0034654|-38|-78|CG0034654|-38|-78|CG0034654|-38|-78|CG0034655|-31|-74|CG0034655|-31|-74|CG0034655|-31|-74|CG0034655|-31|-74
38|0|6|1200|11|CG0034683|-23|-73|CG0034683|-23|-73|CG0034684|-16|-74|CG0034684|-16|-74|CG0034684|-16|-74|CG0034684|-16|-74|CG0034685|-16|-74|CG0034685|-16|-74|CG0034686|-16|-75|CG0034686|-16|-75|CG0034686|-16|-75
38|0|7|800|9|CG0034697|-16|-72|CG0034697|-16|-72|CG0034698|-19|-71|CG0034698|-19|-71|CG0034699|-21|-70|CG0034699|-21|-70|CG0034699|-21|-70|CG0034700|-32|-68|CG0034701|-33|-67
38|0|8|1000|2|CG0034674|-27|-75|CG0034675|-26|-59
38|0|9|1000|1|CG0034680|-28|-68
38|0|10|1200|12|CG0034668|-16|-70|CG0034668|-16|-70|CG0034668|-16|-70|CG0034669|-13|-62|CG0034669|-13|-62|CG0034670|-22|-53|CG0034670|-22|-53|CG0034670|-22|-53|CG0034670|-22|-53|CG0034671|-34|-55|CG0034672|-47|-52|CG0034673|-50|-37
38|1|0|1000|4|CG0034760|-19|-72|CG0034761|-19|-72|CG0034762|-19|-72|CG0034761|-19|-72
38|1|1|1000|6|CG0034774|-18|-72|CG0034775|-18|-74|CG0034776|-18|-72|CG0034777|-18|-73|CG0034778|-17|-74|CG0034779|-17|-72
38|1|2|400|1|CG0188417|-17|-71
38|1|3|500|6|CG0034722|-18|-75|CG0034723|-17|-76|CG0034724|-17|-78|CG0034725|-17|-74|CG0034726|-18|-76|CG0034727|-18|-78
38|1|4|250|2|CG0039486|-17|-70|CG0039487|-17|-72
38|1|5|800|18|CG0034716|-19|-70|CG0034716|-19|-70|CG0034717|-19|-69|CG0034717|-19|-69|CG0034718|-19|-72|CG0034718|-19|-72|CG0034719|-18|-83|CG0034719|-18|-83|CG0034719|-18|-83|CG0034719|-18|-83|CG0034720|-18|-82|CG0034720|-18|-82|CG0034720|-18|-82|CG0034720|-18|-82|CG0034721|-18|-75|CG0034721|-18|-75|CG0034721|-18|-75|CG0034721|-18|-75
38|1|6|1200|11|CG0034749|-21|-72|CG0034749|-21|-72|CG0034750|-19|-76|CG0034750|-19|-76|CG0034750|-19|-76|CG0034750|-19|-76|CG0034751|-18|-73|CG0034751|-18|-73|CG0034752|-18|-75|CG0034752|-18|-75|CG0034752|-18|-75
38|1|7|800|9|CG0034763|-20|-72|CG0034763|-20|-72|CG0034764|-23|-73|CG0034764|-23|-73|CG0034765|-23|-72|CG0034765|-23|-72|CG0034765|-23|-72|CG0034766|-21|-72|CG0034767|-22|-72
38|1|8|1000|2|CG0034740|-19|-75|CG0034741|-31|-55
38|1|9|1000|1|CG0034746|-17|-69
38|1|10|1200|12|CG0034734|-20|-69|CG0034734|-20|-69|CG0034734|-20|-69|CG0034735|-20|-61|CG0034735|-20|-61|CG0034736|-26|-56|CG0034736|-26|-56|CG0034736|-26|-56|CG0034736|-26|-56|CG0034737|-25|-62|CG0034738|-27|-60|CG0034739|-23|-45
38|2|0|1000|4|CG0034826|-21|-73|CG0034827|-21|-73|CG0034828|-21|-73|CG0034827|-21|-73
38|2|1|1000|6|CG0034840|-21|-73|CG0034841|-21|-75|CG0034842|-23|-73|CG0034843|-21|-74|CG0034844|-21|-75|CG0034845|-21|-73
38|2|2|400|1|CG0188462|-33|-62
38|2|3|500|6|CG0034788|-25|-75|CG0034789|-24|-76|CG0034790|-26|-77|CG0034791|-24|-73|CG0034792|-25|-75|CG0034793|-32|-78
38|2|4|250|2|CG0039556|-19|-72|CG0039557|-14|-73
38|2|5|800|18|CG0034782|-22|-71|CG0034782|-22|-71|CG0034783|-21|-70|CG0034783|-21|-70|CG0034784|-17|-72|CG0034784|-17|-72|CG0034785|-2|-80|CG0034785|-2|-80|CG0034785|-2|-80|CG0034785|-2|-80|CG0034786|-3|-79|CG0034786|-3|-79|CG0034786|-3|-79|CG0034786|-3|-79|CG0034787|-13|-75|CG0034787|-13|-75|CG0034787|-13|-75|CG0034787|-13|-75
38|2|6|1200|11|CG0034815|-22|-73|CG0034815|-22|-73|CG0034816|-23|-75|CG0034816|-23|-75|CG0034816|-23|-75|CG0034816|-23|-75|CG0034817|-20|-74|CG0034817|-20|-74|CG0034818|-18|-75|CG0034818|-18|-75|CG0034818|-18|-75
38|2|7|800|9|CG0034829|-23|-73|CG0034829|-23|-73|CG0034830|-23|-72|CG0034830|-23|-72|CG0034831|-24|-71|CG0034831|-24|-71|CG0034831|-24|-71|CG0034832|-23|-70|CG0034833|-24|-70
38|2|8|1000|2|CG0034806|-13|-75|CG0034807|-34|-58
38|2|9|1000|1|CG0034812|-24|-67
38|2|10|1200|12|CG0034800|-22|-70|CG0034800|-22|-70|CG0034800|-22|-70|CG0034801|-24|-62|CG0034801|-24|-62|CG0034802|-31|-58|CG0034802|-31|-58|CG0034802|-31|-58|CG0034802|-31|-58|CG0034803|-31|-62|CG0034804|-23|-57|CG0034805|-25|-41
38|3|0|1000|4|CG0034892|-21|-75|CG0034893|-21|-75|CG0034894|-21|-74|CG0034893|-21|-75
38|3|1|1000|6|CG0034906|-20|-75|CG0034907|-20|-76|CG0034908|-25|-74|CG0034909|-21|-75|CG0034910|-20|-76|CG0034911|-26|-74
38|3|2|400|1|CG0188507|-36|-53
38|3|3|500|6|CG0034854|-26|-72|CG0034855|-27|-73|CG0034856|-31|-74|CG0034857|-28|-71|CG0034858|-28|-73|CG0034859|-32|-75
38|3|4|250|2|CG0039626|-21|-71|CG0039627|-15|-70
38|3|5|800|18|CG0034848|-21|-72|CG0034848|-21|-72|CG0034849|-20|-72|CG0034849|-20|-72|CG0034850|-13|-72|CG0034850|-13|-72|CG0034851|-2|-70|CG0034851|-2|-70|CG0034851|-2|-70|CG0034851|-2|-70|CG0034852|-4|-70|CG0034852|-4|-70|CG0034852|-4|-70|CG0034852|-4|-70|CG0034853|-9|-72|CG0034853|-9|-72|CG0034853|-9|-72|CG0034853|-9|-72
38|3|6|1200|11|CG0034881|-22|-75|CG0034881|-22|-75|CG0034882|-23|-75|CG0034882|-23|-75|CG0034882|-23|-75|CG0034882|-23|-75|CG0034883|-20|-75|CG0034883|-20|-75|CG0034884|-16|-74|CG0034884|-16|-74|CG0034884|-16|-74
38|3|7|800|9|CG0034895|-21|-75|CG0034895|-21|-75|CG0034896|-19|-70|CG0034896|-19|-70|CG0034897|-19|-67|CG0034897|-19|-67|CG0034897|-19|-67|CG0034898|-20|-62|CG0034899|-22|-62
38|3|8|1000|2|CG0034872|-10|-72|CG0034873|-40|-68
38|3|9|1000|1|CG0034878|-25|-64
38|3|10|1200|12|CG0034866|-22|-72|CG0034866|-22|-72|CG0034866|-22|-72|CG0034867|-26|-66|CG0034867|-26|-66|CG0034868|-29|-58|CG0034868|-29|-58|CG0034868|-29|-58|CG0034868|-29|-58|CG0034869|-30|-56|CG0034870|-24|-46|CG0034871|-24|-28
38|4|0|1000|4|CG0034958|-21|-76|CG0034959|-21|-76|CG0034960|-21|-76|CG0034959|-21|-76
38|4|1|1000|6|CG0034972|-21|-76|CG0034973|-21|-78|CG0034974|-21|-75|CG0034975|-21|-76|CG0034976|-21|-78|CG0034977|-23|-75
38|4|2|400|1|CG0188552|-25|-51
38|4|3|500|6|CG0034920|-22|-70|CG0034921|-22|-71|CG0034922|-31|-72|CG0034923|-24|-69|CG0034924|-24|-70|CG0034925|-23|-72
38|4|4|250|2|CG0039696|-32|-72|CG0039697|-28|-69
38|4|5|800|18|CG0034914|-21|-74|CG0034914|-21|-74|CG0034915|-20|-73|CG0034915|-20|-73|CG0034916|-15|-70|CG0034916|-15|-70|CG0034917|-9|-59|CG0034917|-9|-59|CG0034917|-9|-59|CG0034917|-9|-59|CG0034918|-9|-60|CG0034918|-9|-60|CG0034918|-9|-60|CG0034918|-9|-60|CG0034919|-13|-69|CG0034919|-13|-69|CG0034919|-13|-69|CG0034919|-13|-69
38|4|6|1200|11|CG0034947|-22|-77|CG0034947|-22|-77|CG0034948|-22|-77|CG0034948|-22|-77|CG0034948|-22|-77|CG0034948|-22|-77|CG0034949|-21|-75|CG0034949|-21|-75|CG0034950|-19|-73|CG0034950|-19|-73|CG0034950|-19|-73
38|4|7|800|9|CG0034961|-20|-76|CG0034961|-20|-76|CG0034962|-14|-68|CG0034962|-14|-68|CG0034963|-14|-63|CG0034963|-14|-63|CG0034963|-14|-63|CG0034964|-16|-52|CG0034965|-22|-52
38|4|8|1000|2|CG0034938|-14|-69|CG0034939|-33|-78
38|4|9|1000|1|CG0034944|-15|-61
38|4|10|1200|12|CG0034932|-22|-75|CG0034932|-22|-75|CG0034932|-22|-75|CG0034933|-25|-69|CG0034933|-25|-69|CG0034934|-22|-55|CG0034934|-22|-55|CG0034934|-22|-55|CG0034934|-22|-55|CG0034935|-29|-48|CG0034936|-28|-33|CG0034937|-30|-20
38|5|0|1000|4|CG0035024|-19|-76|CG0035025|-19|-76|CG0035026|-19|-76|CG0035025|-19|-76
38|5|1|1000|6|CG0035038|-17|-76|CG0035039|-17|-77|CG0035040|-17|-75|CG0035041|-17|-76|CG0035042|-17|-77|CG0035043|-17|-75
38|5|2|400|1|CG0188597|-19|-60
38|5|3|500|6|CG0034986|-19|-68|CG0034987|-17|-69|CG0034988|-17|-70|CG0034989|-17|-67|CG0034990|-17|-69|CG0034991|-17|-70
38|5|4|250|2|CG0039766|-27|-73|CG0039767|-27|-70
38|5|5|800|18|CG0034980|-17|-73|CG0034980|-17|-73|CG0034981|-15|-73|CG0034981|-15|-73|CG0034982|-15|-69|CG0034982|-15|-69|CG0034983|-17|-54|CG0034983|-17|-54|CG0034983|-17|-54|CG0034983|-17|-54|CG0034984|-17|-56|CG0034984|-17|-56|CG0034984|-17|-56|CG0034984|-17|-56|CG0034985|-16|-67|CG0034985|-16|-67|CG0034985|-16|-67|CG0034985|-16|-67
38|5|6|1200|11|CG0035013|-20|-77|CG0035013|-20|-77|CG0035014|-20|-77|CG0035014|-20|-77|CG0035014|-20|-77|CG0035014|-20|-77|CG0035015|-20|-75|CG0035015|-20|-75|CG0035016|-20|-73|CG0035016|-20|-73|CG0035016|-20|-73
38|5|7|800|9|CG0035027|-15|-75|CG0035027|-15|-75|CG0035028|-20|-66|CG0035028|-20|-66|CG0035029|-20|-60|CG0035029|-20|-60|CG0035029|-20|-60|CG0035030|-35|-47|CG0035031|-27|-52
38|5|8|1000|2|CG0035004|-19|-68|CG0035005|-20|-81
38|5|9|1000|1|CG0035010|-20|-60
38|5|10|1200|12|CG0034998|-19|-76|CG0034998|-19|-76|CG0034998|-19|-76|CG0034999|-21|-70|CG0034999|-21|-70|CG0035000|-27|-51|CG0035000|-27|-51|CG0035000|-27|-51|CG0035000|-27|-51|CG0035001|-26|-43|CG0035002|-25|-25|CG0035003|-24|-19
38|6|0|1000|4|CG0035090|-15|-76|CG0035091|-16|-76|CG0035092|-18|-76|CG0035091|-16|-76
38|6|1|1000|6|CG0035104|-18|-76|CG0035105|-15|-77|CG0035106|-24|-75|CG0035107|-15|-76|CG0035108|-21|-78|CG0035109|-25|-75
38|6|2|400|1|CG0188642|-38|-63
38|6|3|500|6|CG0035052|-19|-70|CG0035053|-24|-71|CG0035054|-27|-72|CG0035055|-21|-69|CG0035056|-16|-70|CG0035057|-27|-72
38|6|4|250|2|CG0039836|-21|-74|CG0039837|-26|-71
38|6|5|800|18|CG0035046|-14|-73|CG0035046|-14|-73|CG0035047|-15|-72|CG0035047|-15|-72|CG0035048|-20|-69|CG0035048|-20|-69|CG0035049|-49|-59|CG0035049|-49|-59|CG0035049|-49|-59|CG0035049|-49|-59|CG0035050|-45|-60|CG0035050|-45|-60|CG0035050|-45|-60|CG0035050|-45|-60|CG0035051|-26|-68|CG0035051|-26|-68|CG0035051|-26|-68|CG0035051|-26|-68
38|6|6|1200|11|CG0035079|-16|-76|CG0035079|-16|-76|CG0035080|-16|-77|CG0035080|-16|-77|CG0035080|-16|-77|CG0035080|-16|-77|CG0035081|-17|-75|CG0035081|-17|-75|CG0035082|-18|-74|CG0035082|-18|-74|CG0035082|-18|-74
38|6|7|800|9|CG0035093|-18|-74|CG0035093|-18|-74|CG0035094|-31|-67|CG0035094|-31|-67|CG0035095|-31|-62|CG0035095|-31|-62|CG0035095|-31|-62|CG0035096|-48|-50|CG0035097|-34|-61
38|6|8|1000|2|CG0035070|-23|-69|CG0035071|-23|-78
38|6|9|1000|1|CG0035076|-26|-61
38|6|10|1200|12|CG0035064|-17|-75|CG0035064|-17|-75|CG0035064|-17|-75|CG0035065|-18|-70|CG0035065|-18|-70|CG0035066|-18|-50|CG0035066|-18|-50|CG0035066|-18|-50|CG0035066|-18|-50|CG0035067|-20|-43|CG0035068|-35|-27|CG0035069|-43|-22
38|7|0|1000|4|CG0035156|-11|-74|CG0035157|-11|-74|CG0035158|-11|-75|CG0035157|-11|-74
38|7|1|1000|6|CG0035170|-12|-75|CG0035171|-15|-76|CG0035172|-24|-74|CG0035173|-13|-75|CG0035174|-17|-76|CG0035175|-24|-74
38|7|2|400|1|CG0188687|-44|-60
38|7|3|500|6|CG0035118|-20|-72|CG0035119|-20|-73|CG0035120|-29|-74|CG0035121|-19|-71|CG0035122|-22|-73|CG0035123|-29|-75
38|7|4|250|2|CG0039906|-32|-76|CG0039907|-37|-75
38|7|5|800|18|CG0035112|-21|-72|CG0035112|-21|-72|CG0035113|-24|-71|CG0035113|-24|-71|CG0035114|-34|-70|CG0035114|-34|-70|CG0035115|-58|-69|CG0035115|-58|-69|CG0035115|-58|-69|CG0035115|-58|-69|CG0035116|-52|-69|CG0035116|-52|-69|CG0035116|-52|-69|CG0035116|-52|-69|CG0035117|-35|-71|CG0035117|-35|-71|CG0035117|-35|-71|CG0035117|-35|-71
38|7|6|1200|11|CG0035145|-16|-74|CG0035145|-16|-74|CG0035146|-16|-74|CG0035146|-16|-74|CG0035146|-16|-74|CG0035146|-16|-74|CG0035147|-19|-75|CG0035147|-19|-75|CG0035148|-16|-74|CG0035148|-16|-74|CG0035148|-16|-74
38|7|7|800|9|CG0035159|-18|-73|CG0035159|-18|-73|CG0035160|-27|-69|CG0035160|-27|-69|CG0035161|-27|-66|CG0035161|-27|-66|CG0035161|-27|-66|CG0035162|-39|-61|CG0035163|-39|-67
38|7|8|1000|2|CG0035136|-24|-72|CG0035137|-27|-68
38|7|9|1000|1|CG0035142|-27|-64
38|7|10|1200|12|CG0035130|-13|-72|CG0035130|-13|-72|CG0035130|-13|-72|CG0035131|-13|-66|CG0035131|-13|-66|CG0035132|-19|-50|CG0035132|-19|-50|CG0035132|-19|-50|CG0035132|-19|-50|CG0035133|-33|-46|CG0035134|-51|-37|CG0035135|-60|-20
