39|0|0|1000|4|CG0035215|-17|-73|CG0035216|-16|-73|CG0035217|-19|-73|CG0035216|-16|-73
39|0|1|1000|6|CG0035220|-16|-73|CG0035221|-19|-75|CG0035222|-22|-73|CG0035223|-18|-74|CG0035224|-17|-75|CG0035225|-23|-73
39|0|2|400|1|CG0188372|-32|-70
39|0|3|500|6|CG0035189|-21|-75|CG0035190|-21|-76|CG0035191|-27|-77|CG0035192|-20|-73|CG0035193|-21|-75|CG0035194|-22|-78
39|0|4|250|2|CG0039416|-28|-75|CG0039417|-32|-75
39|0|5|1300|42|CG0035178|-25|-69|CG0035178|-25|-69|CG0035178|-25|-69|CG0035178|-25|-69|CG0035181|-29|-66|CG0035181|-29|-66|CG0035181|-29|-66|CG0035181|-29|-66|CG0035181|-29|-66|CG0035181|-29|-66|CG0035182|-43|-67|CG0035182|-43|-67|CG0035183|-29|-96|CG0035183|-29|-96|CG0035183|-29|-96|CG0035183|-29|-96|CG0035184|-26|-85|CG0035184|-26|-85|CG0035185|-19|-73|CG0035185|-19|-73|CG0035185|-19|-73|CG0035185|-19|-73|CG0035185|-19|-73|CG0035185|-19|-73|CG0035186|-18|-77|CG0035186|-18|-77|CG0035187|-57|-72|CG0035187|-57|-72|CG0035188|-61|-72|CG0035188|-61|-72|CG0035188|-61|-72|CG0035188|-61|-72|CG0035188|-61|-72|CG0035188|-61|-72|CG0035179|-59|-74|CG0035179|-59|-74|CG0035179|-59|-74|CG0035179|-59|-74|CG0035180|-21|-73|CG0035180|-21|-73|CG0035180|-21|-73|CG0035180|-21|-73
39|0|6|1200|11|CG0035208|-20|-73|CG0035208|-20|-73|CG0035209|-18|-74|CG0035209|-18|-74|CG0035209|-18|-74|CG0035209|-18|-74|CG0035210|-20|-74|CG0035210|-20|-74|CG0035211|-22|-75|CG0035211|-22|-75|CG0035211|-22|-75
39|0|7|800|9|CG0034697|-16|-72|CG0034697|-16|-72|CG0034698|-19|-71|CG0034698|-19|-71|CG0034699|-21|-70|CG0034699|-21|-70|CG0034699|-21|-70|CG0034700|-32|-68|CG0034701|-33|-67
39|0|8|1000|2|CG0035203|-27|-76|CG0035204|-26|-88
39|0|9|1000|1|CG0035205|-27|-68
39|0|10|1200|12|CG0035197|-16|-70|CG0035197|-16|-70|CG0035197|-16|-70|CG0035198|-13|-62|CG0035198|-13|-62|CG0035199|-22|-56|CG0035199|-22|-56|CG0035199|-22|-56|CG0035199|-22|-56|CG0035200|-34|-58|CG0035201|-47|-56|CG0035202|-50|-37
39|1|0|1000|4|CG0035265|-19|-72|CG0035266|-19|-72|CG0035267|-19|-72|CG0035266|-19|-72
39|1|1|1000|6|CG0035270|-18|-72|CG0035271|-18|-74|CG0035272|-18|-72|CG0035273|-18|-73|CG0035274|-17|-74|CG0035275|-17|-72
39|1|2|400|1|CG0188417|-17|-71
39|1|3|500|6|CG0035239|-17|-75|CG0035240|-17|-76|CG0035241|-17|-78|CG0035242|-17|-74|CG0035243|-17|-76|CG0035244|-17|-78
39|1|4|250|2|CG0039486|-17|-70|CG0039487|-17|-72
39|1|5|1300|42|CG0035228|-21|-72|CG0035228|-21|-72|CG0035228|-21|-72|CG0035228|-21|-72|CG0035231|-19|-70|CG0035231|-19|-70|CG0035231|-19|-70|CG0035231|-19|-70|CG0035231|-19|-70|CG0035231|-19|-70|CG0035232|-44|-72|CG0035232|-44|-72|CG0035233|-16|-90|CG0035233|-16|-90|CG0035233|-16|-90|CG0035233|-16|-90|CG0035234|-16|-88|CG0035234|-16|-88|CG0035235|-16|-73|CG0035235|-16|-73|CG0035235|-16|-73|CG0035235|-16|-73|CG0035235|-16|-73|CG0035235|-16|-73|CG0035236|-16|-72|CG0035236|-16|-72|CG0035237|-16|-74|CG0035237|-16|-74|CG0035238|-31|-75|CG0035238|-31|-75|CG0035238|-31|-75|CG0035238|-31|-75|CG0035238|-31|-75|CG0035238|-31|-75|CG0035229|-37|-76|CG0035229|-37|-76|CG0035229|-37|-76|CG0035229|-37|-76|CG0035230|-29|-74|CG0035230|-29|-74|CG0035230|-29|-74|CG0035230|-29|-74
39|1|6|1200|11|CG0035258|-19|-72|CG0035258|-19|-72|CG0035259|-19|-76|CG0035259|-19|-76|CG0035259|-19|-76|CG0035259|-19|-76|CG0035260|-18|-73|CG0035260|-18|-73|CG0035261|-18|-75|CG0035261|-18|-75|CG0035261|-18|-75
39|1|7|800|9|CG0034763|-20|-72|CG0034763|-20|-72|CG0034764|-23|-73|CG0034764|-23|-73|CG0034765|-23|-72|CG0034765|-23|-72|CG0034765|-23|-72|CG0034766|-21|-72|CG0034767|-22|-72
39|1|8|1000|2|CG0035253|-19|-76|CG0035254|-31|-82
39|1|9|1000|1|CG0035255|-17|-69
39|1|10|1200|12|CG0035247|-20|-69|CG0035247|-20|-69|CG0035247|-20|-69|CG0035248|-20|-61|CG0035248|-20|-61|CG0035249|-26|-56|CG0035249|-26|-56|CG0035249|-26|-56|CG0035249|-26|-56|CG0035250|-25|-62|CG0035251|-27|-63|CG0035252|-23|-45
39|2|0|1000|4|CG0035315|-21|-73|CG0035316|-21|-73|CG0035317|-21|-73|CG0035316|-21|-73
39|2|1|1000|6|CG0035320|-21|-73|CG0035321|-21|-75|CG0035322|-23|-73|CG0035323|-21|-74|CG0035324|-21|-75|CG0035325|-21|-73
39|2|2|400|1|CG0188462|-33|-62
39|2|3|500|6|CG0035289|-33|-74|CG0035290|-33|-76|CG0035291|-32|-77|CG0035292|-33|-73|CG0035293|-33|-75|CG0035294|-32|-77
39|2|4|250|2|CG0039556|-19|-72|CG0039557|-14|-73
39|2|5|1300|42|CG0035278|-20|-73|CG0035278|-20|-73|CG0035278|-20|-73|CG0035278|-20|-73|CG0035281|-22|-68|CG0035281|-22|-68|CG0035281|-22|-68|CG0035281|-22|-68|CG0035281|-22|-68|CG0035281|-22|-68|CG0035282|-21|-70|CG0035282|-21|-70|CG0035283|-18|-70|CG0035283|-18|-70|CG0035283|-18|-70|CG0035283|-18|-70|CG0035284|-20|-79|CG0035284|-20|-79|CG0035285|-22|-71|CG0035285|-22|-71|CG0035285|-22|-71|CG0035285|-22|-71|CG0035285|-22|-71|CG0035285|-22|-71|CG0035286|-19|-70|CG0035286|-19|-70|CG0035287|-18|-71|CG0035287|-18|-71|CG0035288|-17|-69|CG0035288|-17|-69|CG0035288|-17|-69|CG0035288|-17|-69|CG0035288|-17|-69|CG0035288|-17|-69|CG0035279|-17|-73|CG0035279|-17|-73|CG0035279|-17|-73|CG0035279|-17|-73|CG0035280|-27|-72|CG0035280|-27|-72|CG0035280|-27|-72|CG0035280|-27|-72
39|2|6|1200|11|CG0035308|-22|-73|CG0035308|-22|-73|CG0035309|-23|-75|CG0035309|-23|-75|CG0035309|-23|-75|CG0035309|-23|-75|CG0035310|-20|-74|CG0035310|-20|-74|CG0035311|-18|-75|CG0035311|-18|-75|CG0035311|-18|-75
39|2|7|800|9|CG0034829|-23|-73|CG0034829|-23|-73|CG0034830|-23|-72|CG0034830|-23|-72|CG0034831|-24|-71|CG0034831|-24|-71|CG0034831|-24|-71|CG0034832|-23|-70|CG0034833|-24|-70
39|2|8|1000|2|CG0035303|-13|-75|CG0035304|-34|-79
39|2|9|1000|1|CG0035305|-24|-67
39|2|10|1200|12|CG0035297|-22|-70|CG0035297|-22|-70|CG0035297|-22|-70|CG0035298|-24|-62|CG0035298|-24|-62|CG0035299|-31|-58|CG0035299|-31|-58|CG0035299|-31|-58|CG0035299|-31|-58|CG0035300|-31|-62|CG0035301|-23|-57|CG0035302|-25|-41
39|3|0|1000|4|CG0035365|-21|-75|CG0035366|-21|-75|CG0035367|-21|-74|CG0035366|-21|-75
39|3|1|1000|6|CG0035370|-20|-75|CG0035371|-20|-76|CG0035372|-25|-74|CG0035373|-21|-75|CG0035374|-20|-76|CG0035375|-26|-74
39|3|2|400|1|CG0188507|-36|-53
39|3|3|500|6|CG0035339|-39|-72|CG0035340|-39|-73|CG0035341|-38|-74|CG0035342|-38|-71|CG0035343|-39|-73|CG0035344|-36|-74
39|3|4|250|2|CG0039626|-21|-71|CG0039627|-15|-70
39|3|5|1300|42|CG0035328|-32|-71|CG0035328|-32|-71|CG0035328|-32|-71|CG0035328|-32|-71|CG0035331|-32|-62|CG0035331|-32|-62|CG0035331|-32|-62|CG0035331|-32|-62|CG0035331|-32|-62|CG0035331|-32|-62|CG0035332|-17|-62|CG0035332|-17|-62|CG0035333|-17|-62|CG0035333|-17|-62|CG0035333|-17|-62|CG0035333|-17|-62|CG0035334|-16|-66|CG0035334|-16|-66|CG0035335|-54|-68|CG0035335|-54|-68|CG0035335|-54|-68|CG0035335|-54|-68|CG0035335|-54|-68|CG0035335|-54|-68|CG0035336|-33|-67|CG0035336|-33|-67|CG0035337|-17|-63|CG0035337|-17|-63|CG0035338|-16|-59|CG0035338|-16|-59|CG0035338|-16|-59|CG0035338|-16|-59|CG0035338|-16|-59|CG0035338|-16|-59|CG0035329|-18|-66|CG0035329|-18|-66|CG0035329|-18|-66|CG0035329|-18|-66|CG0035330|-17|-68|CG0035330|-17|-68|CG0035330|-17|-68|CG0035330|-17|-68
39|3|6|1200|11|CG0035358|-22|-75|CG0035358|-22|-75|CG0035359|-23|-75|CG0035359|-23|-75|CG0035359|-23|-75|CG0035359|-23|-75|CG0035360|-20|-75|CG0035360|-20|-75|CG0035361|-17|-74|CG0035361|-17|-74|CG0035361|-17|-74
39|3|7|800|9|CG0034895|-21|-75|CG0034895|-21|-75|CG0034896|-19|-70|CG0034896|-19|-70|CG0034897|-19|-67|CG0034897|-19|-67|CG0034897|-19|-67|CG0034898|-20|-62|CG0034899|-22|-62
39|3|8|1000|2|CG0035353|-10|-72|CG0035354|-40|-81
39|3|9|1000|1|CG0035355|-25|-64
39|3|10|1200|12|CG0035347|-22|-72|CG0035347|-22|-72|CG0035347|-22|-72|CG0035348|-26|-66|CG0035348|-26|-66|CG0035349|-29|-58|CG0035349|-29|-58|CG0035349|-29|-58|CG0035349|-29|-58|CG0035350|-30|-56|CG0035351|-24|-46|CG0035352|-24|-28
39|4|0|1000|4|CG0035415|-21|-76|CG0035416|-21|-76|CG0035417|-21|-76|CG0035416|-21|-76
39|4|1|1000|6|CG0035420|-21|-76|CG0035421|-21|-78|CG0035422|-22|-75|CG0035423|-21|-76|CG0035424|-21|-78|CG0035425|-23|-75
39|4|2|400|1|CG0188552|-25|-51
39|4|3|500|6|CG0035389|-23|-70|CG0035390|-23|-71|CG0035391|-31|-72|CG0035392|-24|-69|CG0035393|-24|-70|CG0035394|-23|-71
39|4|4|250|2|CG0039696|-32|-72|CG0039697|-28|-69
39|4|5|1300|42|CG0035378|-27|-69|CG0035378|-27|-69|CG0035378|-27|-69|CG0035378|-27|-69|CG0035381|-25|-54|CG0035381|-25|-54|CG0035381|-25|-54|CG0035381|-25|-54|CG0035381|-25|-54|CG0035381|-25|-54|CG0035382|-11|-52|CG0035382|-11|-52|CG0035383|-19|-54|CG0035383|-19|-54|CG0035383|-19|-54|CG0035383|-19|-54|CG0035384|-26|-61|CG0035384|-26|-61|CG0035385|-53|-71|CG0035385|-53|-71|CG0035385|-53|-71|CG0035385|-53|-71|CG0035385|-53|-71|CG0035385|-53|-71|CG0035386|-45|-77|CG0035386|-45|-77|CG0035387|-19|-55|CG0035387|-19|-55|CG0035388|-22|-49|CG0035388|-22|-49|CG0035388|-22|-49|CG0035388|-22|-49|CG0035388|-22|-49|CG0035388|-22|-49|CG0035379|-22|-59|CG0035379|-22|-59|CG0035379|-22|-59|CG0035379|-22|-59|CG0035380|-13|-65|CG0035380|-13|-65|CG0035380|-13|-65|CG0035380|-13|-65
39|4|6|1200|11|CG0035408|-25|-77|CG0035408|-25|-77|CG0035409|-25|-77|CG0035409|-25|-77|CG0035409|-25|-77|CG0035409|-25|-77|CG0035410|-25|-75|CG0035410|-25|-75|CG0035411|-25|-73|CG0035411|-25|-73|CG0035411|-25|-73
39|4|7|800|9|CG0034961|-20|-76|CG0034961|-20|-76|CG0034962|-14|-68|CG0034962|-14|-68|CG0034963|-14|-63|CG0034963|-14|-63|CG0034963|-14|-63|CG0034964|-16|-52|CG0034965|-22|-52
39|4|8|1000|2|CG0035403|-14|-69|CG0035404|-33|-87
39|4|9|1000|1|CG0035405|-37|-61
39|4|10|1200|12|CG0035397|-22|-75|CG0035397|-22|-75|CG0035397|-22|-75|CG0035398|-25|-69|CG0035398|-25|-69|CG0035399|-22|-55|CG0035399|-22|-55|CG0035399|-22|-55|CG0035399|-22|-55|CG0035400|-29|-48|CG0035401|-28|-33|CG0035402|-30|-20
39|5|0|1000|4|CG0035465|-25|-76|CG0035466|-21|-76|CG0035467|-19|-76|CG0035466|-21|-76
39|5|1|1000|6|CG0035470|-20|-76|CG0035471|-20|-77|CG0035472|-20|-75|CG0035473|-20|-76|CG0035474|-20|-77|CG0035475|-20|-75
39|5|2|400|1|CG0188597|-19|-60
39|5|3|500|6|CG0035439|-18|-68|CG0035440|-18|-69|CG0035441|-18|-70|CG0035442|-18|-67|CG0035443|-18|-69|CG0035444|-18|-70
39|5|4|250|2|CG0039766|-27|-73|CG0039767|-27|-70
39|5|5|1300|42|CG0035428|-15|-66|CG0035428|-15|-66|CG0035428|-15|-66|CG0035428|-15|-66|CG0035431|-22|-50|CG0035431|-22|-50|CG0035431|-22|-50|CG0035431|-22|-50|CG0035431|-22|-50|CG0035431|-22|-50|CG0035432|-26|-47|CG0035432|-26|-47|CG0035433|-48|-50|CG0035433|-48|-50|CG0035433|-48|-50|CG0035433|-48|-50|CG0035434|-38|-59|CG0035434|-38|-59|CG0035435|-27|-85|CG0035435|-27|-85|CG0035435|-27|-85|CG0035435|-27|-85|CG0035435|-27|-85|CG0035435|-27|-85|CG0035436|-30|-92|CG0035436|-30|-92|CG0035437|-26|-52|CG0035437|-26|-52|CG0035438|-25|-45|CG0035438|-25|-45|CG0035438|-25|-45|CG0035438|-25|-45|CG0035438|-25|-45|CG0035438|-25|-45|CG0035429|-21|-56|CG0035429|-21|-56|CG0035429|-21|-56|CG0035429|-21|-56|CG0035430|-20|-63|CG0035430|-20|-63|CG0035430|-20|-63|CG0035430|-20|-63
39|5|6|1200|11|CG0035458|-19|-77|CG0035458|-19|-77|CG0035459|-19|-77|CG0035459|-19|-77|CG0035459|-19|-77|CG0035459|-19|-77|CG0035460|-20|-75|CG0035460|-20|-75|CG0035461|-20|-73|CG0035461|-20|-73|CG0035461|-20|-73
39|5|7|800|9|CG0035027|-15|-75|CG0035027|-15|-75|CG0035028|-20|-66|CG0035028|-20|-66|CG0035029|-20|-60|CG0035029|-20|-60|CG0035029|-20|-60|CG0035030|-35|-47|CG0035031|-27|-52
39|5|8|1000|2|CG0035453|-19|-68|CG0035454|-20|-90
39|5|9|1000|1|CG0035455|-29|-74
39|5|10|1200|12|CG0035447|-45|-76|CG0035447|-45|-76|CG0035447|-45|-76|CG0035448|-44|-70|CG0035448|-44|-70|CG0035449|-27|-51|CG0035449|-27|-51|CG0035449|-27|-51|CG0035449|-27|-51|CG0035450|-38|-43|CG0035451|-25|-25|CG0035452|-24|-19
39|6|0|1000|4|CG0035515|-44|-76|CG0035516|-44|-76|CG0035517|-43|-76|CG0035516|-44|-76
39|6|1|1000|6|CG0035520|-43|-76|CG0035521|-42|-77|CG0035522|-41|-75|CG0035523|-44|-76|CG0035524|-44|-78|CG0035525|-45|-75
39|6|2|400|1|CG0188642|-38|-63
39|6|3|500|6|CG0035489|-18|-70|CG0035490|-17|-71|CG0035491|-17|-72|CG0035492|-16|-69|CG0035493|-17|-71|CG0035494|-26|-72
39|6|4|250|2|CG0039836|-21|-74|CG0039837|-26|-71
39|6|5|1300|42|CG0035478|-21|-66|CG0035478|-21|-66|CG0035478|-21|-66|CG0035478|-21|-66|CG0035481|-34|-52|CG0035481|-34|-52|CG0035481|-34|-52|CG0035481|-34|-52|CG0035481|-34|-52|CG0035481|-34|-52|CG0035482|-41|-49|CG0035482|-41|-49|CG0035483|-72|-61|CG0035483|-72|-61|CG0035483|-72|-61|CG0035483|-72|-61|CG0035484|-41|-64|CG0035484|-41|-64|CG0035485|-40|-86|CG0035485|-40|-86|CG0035485|-40|-86|CG0035485|-40|-86|CG0035485|-40|-86|CG0035485|-40|-86|CG0035486|-41|-97|CG0035486|-41|-97|CG0035487|-47|-57|CG0035487|-47|-57|CG0035488|-40|-50|CG0035488|-40|-50|CG0035488|-40|-50|CG0035488|-40|-50|CG0035488|-40|-50|CG0035488|-40|-50|CG0035479|-35|-60|CG0035479|-35|-60|CG0035479|-35|-60|CG0035479|-35|-60|CG0035480|-26|-66|CG0035480|-26|-66|CG0035480|-26|-66|CG0035480|-26|-66
39|6|6|1200|11|CG0035508|-37|-76|CG0035508|-37|-76|CG0035509|-37|-77|CG0035509|-37|-77|CG0035509|-37|-77|CG0035509|-37|-77|CG0035510|-37|-75|CG0035510|-37|-75|CG0035511|-37|-74|CG0035511|-37|-74|CG0035511|-37|-74
39|6|7|800|9|CG0035093|-18|-74|CG0035093|-18|-74|CG0035094|-31|-67|CG0035094|-31|-67|CG0035095|-31|-62|CG0035095|-31|-62|CG0035095|-31|-62|CG0035096|-48|-50|CG0035097|-34|-61
39|6|8|1000|2|CG0035503|-49|-69|CG0035504|-23|-94
39|6|9|1000|1|CG0035505|-27|-80
39|6|10|1200|12|CG0035497|-55|-75|CG0035497|-55|-75|CG0035497|-55|-75|CG0035498|-52|-70|CG0035498|-52|-70|CG0035499|-43|-50|CG0035499|-43|-50|CG0035499|-43|-50|CG0035499|-43|-50|CG0035500|-56|-43|CG0035501|-53|-27|CG0035502|-63|-22
39|7|0|1000|4|CG0035565|-38|-74|CG0035566|-41|-74|CG0035567|-43|-75|CG0035566|-41|-74
39|7|1|1000|6|CG0035570|-41|-75|CG0035571|-39|-76|CG0035572|-39|-74|CG0035573|-41|-75|CG0035574|-42|-76|CG0035575|-43|-74
39|7|2|400|1|CG0188687|-44|-60
39|7|3|500|6|CG0035539|-20|-72|CG0035540|-20|-73|CG0035541|-29|-74|CG0035542|-20|-71|CG0035543|-21|-73|CG0035544|-27|-75
39|7|4|250|2|CG0039906|-32|-76|CG0039907|-37|-75
39|7|5|1300|42|CG0035528|-19|-67|CG0035528|-19|-67|CG0035528|-19|-67|CG0035528|-19|-67|CG0035531|-34|-59|CG0035531|-34|-59|CG0035531|-34|-59|CG0035531|-34|-59|CG0035531|-34|-59|CG0035531|-34|-59|CG0035532|-39|-59|CG0035532|-39|-59|CG0035533|-55|-84|CG0035533|-55|-84|CG0035533|-55|-84|CG0035533|-55|-84|CG0035534|-46|-72|CG0035534|-46|-72|CG0035535|-33|-74|CG0035535|-33|-74|CG0035535|-33|-74|CG0035535|-33|-74|CG0035535|-33|-74|CG0035535|-33|-74|CG0035536|-34|-91|CG0035536|-34|-91|CG0035537|-74|-65|CG0035537|-74|-65|CG0035538|-57|-62|CG0035538|-57|-62|CG0035538|-57|-62|CG0035538|-57|-62|CG0035538|-57|-62|CG0035538|-57|-62|CG0035529|-44|-68|CG0035529|-44|-68|CG0035529|-44|-68|CG0035529|-44|-68|CG0035530|-31|-70|CG0035530|-31|-70|CG0035530|-31|-70|CG0035530|-31|-70
39|7|6|1200|11|CG0035558|-39|-74|CG0035558|-39|-74|CG0035559|-39|-74|CG0035559|-39|-74|CG0035559|-39|-74|CG0035559|-39|-74|CG0035560|-40|-75|CG0035560|-40|-75|CG0035561|-41|-74|CG0035561|-41|-74|CG0035561|-41|-74
39|7|7|800|9|CG0035159|-18|-73|CG0035159|-18|-73|CG0035160|-27|-69|CG0035160|-27|-69|CG0035161|-27|-66|CG0035161|-27|-66|CG0035161|-27|-66|CG0035162|-39|-61|CG0035163|-39|-67
39|7|8|1000|2|CG0035553|-52|-72|CG0035554|-27|-93
39|7|9|1000|1|CG0035555|-29|-77
39|7|10|1200|12|CG0035547|-34|-72|CG0035547|-34|-72|CG0035547|-34|-72|CG0035548|-30|-66|CG0035548|-30|-66|CG0035549|-38|-50|CG0035549|-38|-50|CG0035549|-38|-50|CG0035549|-38|-50|CG0035550|-41|-49|CG0035551|-63|-37|CG0035552|-72|-20
