25|0|0|1000|4|CG0029677|-29|-73|CG0029678|-28|-73|CG0029679|-28|-73|CG0029678|-28|-73
25|0|1|1000|6|CG0029682|-18|-73|CG0029683|-19|-75|CG0029684|-22|-73|CG0029685|-19|-74|CG0029686|-16|-75|CG0029687|-23|-73
25|0|2|400|1|CG0188372|-32|-70
25|0|3|500|6|CG0029976|-22|-75|CG0029977|-16|-76|CG0029978|-27|-77|CG0029979|-17|-73|CG0029980|-24|-75|CG0029981|-28|-77
25|0|4|250|2|CG0039416|-28|-75|CG0039417|-32|-75
25|0|5|1300|15|CG0029650|-17|-73|CG0029650|-17|-73|CG0029651|-18|-101|CG0029651|-18|-101|CG0029652|-19|-86|CG0029652|-19|-86|CG0029653|-25|-83|CG0029653|-25|-83|CG0029653|-25|-83|CG0029653|-25|-83|CG0029654|-30|-73|CG0029654|-30|-73|CG0029654|-30|-73|CG0029655|-28|-73|CG0029656|-22|-73
25|0|6|1200|11|CG0029670|-23|-73|CG0029670|-23|-73|CG0029671|-16|-73|CG0029671|-16|-73|CG0029671|-16|-73|CG0029671|-16|-73|CG0029672|-27|-74|CG0029672|-27|-74|CG0029673|-22|-75|CG0029673|-22|-75|CG0029673|-22|-75
25|0|7|800|9|CG0030017|-16|-72|CG0030017|-16|-72|CG0030018|-19|-71|CG0030018|-19|-71|CG0030019|-21|-70|CG0030019|-21|-70|CG0030019|-21|-70|CG0030020|-32|-68|CG0030021|-33|-67
25|0|8|1000|2|CG0029665|-27|-75|CG0029666|-26|-59
25|0|9|1000|1|CG0029667|-34|-68
25|0|10|1200|12|CG0029659|-29|-70|CG0029659|-29|-70|CG0029659|-29|-70|CG0029660|-27|-62|CG0029660|-27|-62|CG0029661|-33|-53|CG0029661|-33|-53|CG0029661|-33|-53|CG0029661|-33|-53|CG0029662|-34|-55|CG0029663|-47|-52|CG0029664|-50|-37
25|1|0|1000|4|CG0029717|-19|-72|CG0029718|-20|-72|CG0029719|-22|-72|CG0029718|-20|-72
25|1|1|1000|6|CG0029722|-19|-72|CG0029723|-19|-74|CG0029724|-18|-72|CG0029725|-18|-73|CG0029726|-20|-74|CG0029727|-20|-72
25|1|2|400|1|CG0188417|-17|-71
25|1|3|500|6|CG0030039|-18|-75|CG0030040|-17|-76|CG0030041|-17|-78|CG0030042|-17|-74|CG0030043|-18|-76|CG0030044|-18|-78
25|1|4|250|2|CG0039486|-17|-70|CG0039487|-17|-72
25|1|5|1300|15|CG0029690|-21|-73|CG0029690|-21|-73|CG0029691|-20|-90|CG0029691|-20|-90|CG0029692|-20|-84|CG0029692|-20|-84|CG0029693|-20|-80|CG0029693|-20|-80|CG0029693|-20|-80|CG0029693|-20|-80|CG0029694|-20|-74|CG0029694|-20|-74|CG0029694|-20|-74|CG0029695|-23|-73|CG0029696|-24|-73
25|1|6|1200|11|CG0029710|-28|-72|CG0029710|-28|-72|CG0029711|-22|-76|CG0029711|-22|-76|CG0029711|-22|-76|CG0029711|-22|-76|CG0029712|-26|-73|CG0029712|-26|-73|CG0029713|-25|-75|CG0029713|-25|-75|CG0029713|-25|-75
25|1|7|800|9|CG0030080|-20|-72|CG0030080|-20|-72|CG0030081|-23|-73|CG0030081|-23|-73|CG0030082|-23|-72|CG0030082|-23|-72|CG0030082|-23|-72|CG0030083|-21|-72|CG0030084|-22|-72
25|1|8|1000|2|CG0029705|-19|-75|CG0029706|-31|-56
25|1|9|1000|1|CG0029707|-17|-69
25|1|10|1200|12|CG0029699|-20|-69|CG0029699|-20|-69|CG0029699|-20|-69|CG0029700|-22|-61|CG0029700|-22|-61|CG0029701|-26|-56|CG0029701|-26|-56|CG0029701|-26|-56|CG0029701|-26|-56|CG0029702|-25|-62|CG0029703|-27|-60|CG0029704|-23|-45
25|2|0|1000|4|CG0029757|-22|-73|CG0029758|-22|-73|CG0029759|-22|-73|CG0029758|-22|-73
25|2|1|1000|6|CG0029762|-29|-73|CG0029763|-21|-75|CG0029764|-23|-73|CG0029765|-22|-74|CG0029766|-29|-75|CG0029767|-35|-73
25|2|2|400|1|CG0188462|-33|-62
25|2|3|500|6|CG0030102|-25|-75|CG0030103|-24|-76|CG0030104|-26|-77|CG0030105|-24|-73|CG0030106|-25|-75|CG0030107|-32|-78
25|2|4|250|2|CG0039556|-19|-72|CG0039557|-14|-73
25|2|5|1300|15|CG0029730|-21|-74|CG0029730|-21|-74|CG0029731|-18|-82|CG0029731|-18|-82|CG0029732|-15|-75|CG0029732|-15|-75|CG0029733|-15|-74|CG0029733|-15|-74|CG0029733|-15|-74|CG0029733|-15|-74|CG0029734|-16|-74|CG0029734|-16|-74|CG0029734|-16|-74|CG0029735|-18|-73|CG0029736|-20|-74
25|2|6|1200|11|CG0029750|-27|-73|CG0029750|-27|-73|CG0029751|-23|-75|CG0029751|-23|-75|CG0029751|-23|-75|CG0029751|-23|-75|CG0029752|-20|-74|CG0029752|-20|-74|CG0029753|-18|-75|CG0029753|-18|-75|CG0029753|-18|-75
25|2|7|800|9|CG0030143|-23|-73|CG0030143|-23|-73|CG0030144|-23|-72|CG0030144|-23|-72|CG0030145|-24|-71|CG0030145|-24|-71|CG0030145|-24|-71|CG0030146|-23|-70|CG0030147|-24|-70
25|2|8|1000|2|CG0029745|-14|-75|CG0029746|-34|-61
25|2|9|1000|1|CG0029747|-24|-67
25|2|10|1200|12|CG0029739|-26|-70|CG0029739|-26|-70|CG0029739|-26|-70|CG0029740|-27|-62|CG0029740|-27|-62|CG0029741|-31|-58|CG0029741|-31|-58|CG0029741|-31|-58|CG0029741|-31|-58|CG0029742|-31|-62|CG0029743|-23|-57|CG0029744|-25|-41
25|3|0|1000|4|CG0029797|-21|-75|CG0029798|-22|-75|CG0029799|-24|-74|CG0029798|-22|-75
25|3|1|1000|6|CG0029802|-23|-75|CG0029803|-20|-76|CG0029804|-25|-74|CG0029805|-21|-75|CG0029806|-22|-76|CG0029807|-31|-74
25|3|2|400|1|CG0188507|-36|-53
25|3|3|500|6|CG0030165|-26|-72|CG0030166|-27|-73|CG0030167|-31|-74|CG0030168|-28|-71|CG0030169|-28|-73|CG0030170|-32|-75
25|3|4|250|2|CG0039626|-21|-71|CG0039627|-15|-70
25|3|5|1300|15|CG0029770|-20|-75|CG0029770|-20|-75|CG0029771|-18|-82|CG0029771|-18|-82|CG0029772|-16|-74|CG0029772|-16|-74|CG0029773|-16|-73|CG0029773|-16|-73|CG0029773|-16|-73|CG0029773|-16|-73|CG0029774|-25|-73|CG0029774|-25|-73|CG0029774|-25|-73|CG0029775|-24|-74|CG0029776|-19|-75
25|3|6|1200|11|CG0029790|-22|-75|CG0029790|-22|-75|CG0029791|-23|-75|CG0029791|-23|-75|CG0029791|-23|-75|CG0029791|-23|-75|CG0029792|-20|-75|CG0029792|-20|-75|CG0029793|-16|-74|CG0029793|-16|-74|CG0029793|-16|-74
25|3|7|800|9|CG0030206|-21|-75|CG0030206|-21|-75|CG0030207|-19|-70|CG0030207|-19|-70|CG0030208|-19|-67|CG0030208|-19|-67|CG0030208|-19|-67|CG0030209|-20|-62|CG0030210|-22|-62
25|3|8|1000|2|CG0029785|-12|-72|CG0029786|-40|-68
25|3|9|1000|1|CG0029787|-25|-64
25|3|10|1200|12|CG0029779|-25|-72|CG0029779|-25|-72|CG0029779|-25|-72|CG0029780|-28|-66|CG0029780|-28|-66|CG0029781|-29|-58|CG0029781|-29|-58|CG0029781|-29|-58|CG0029781|-29|-58|CG0029782|-30|-56|CG0029783|-24|-46|CG0029784|-24|-32
25|4|0|1000|4|CG0029837|-23|-76|CG0029838|-22|-76|CG0029839|-21|-76|CG0029838|-22|-76
25|4|1|1000|6|CG0029842|-22|-76|CG0029843|-23|-78|CG0029844|-22|-75|CG0029845|-23|-76|CG0029846|-21|-78|CG0029847|-23|-75
25|4|2|400|1|CG0188552|-25|-51
25|4|3|500|6|CG0030228|-22|-70|CG0030229|-22|-71|CG0030230|-31|-72|CG0030231|-24|-69|CG0030232|-24|-70|CG0030233|-24|-72
25|4|4|250|2|CG0039696|-32|-72|CG0039697|-28|-69
25|4|5|1300|15|CG0029810|-22|-76|CG0029810|-22|-76|CG0029811|-28|-89|CG0029811|-28|-89|CG0029812|-16|-73|CG0029812|-16|-73|CG0029813|-16|-72|CG0029813|-16|-72|CG0029813|-16|-72|CG0029813|-16|-72|CG0029814|-25|-72|CG0029814|-25|-72|CG0029814|-25|-72|CG0029815|-32|-74|CG0029816|-32|-75
25|4|6|1200|11|CG0029830|-23|-77|CG0029830|-23|-77|CG0029831|-23|-77|CG0029831|-23|-77|CG0029831|-23|-77|CG0029831|-23|-77|CG0029832|-23|-75|CG0029832|-23|-75|CG0029833|-22|-73|CG0029833|-22|-73|CG0029833|-22|-73
25|4|7|800|9|CG0030269|-20|-76|CG0030269|-20|-76|CG0030270|-14|-68|CG0030270|-14|-68|CG0030271|-14|-63|CG0030271|-14|-63|CG0030271|-14|-63|CG0030272|-16|-52|CG0030273|-22|-52
25|4|8|1000|2|CG0029825|-20|-69|CG0029826|-33|-78
25|4|9|1000|1|CG0029827|-18|-61
25|4|10|1200|12|CG0029819|-23|-75|CG0029819|-23|-75|CG0029819|-23|-75|CG0029820|-26|-69|CG0029820|-26|-69|CG0029821|-22|-55|CG0029821|-22|-55|CG0029821|-22|-55|CG0029821|-22|-55|CG0029822|-29|-48|CG0029823|-28|-33|CG0029824|-30|-20
25|5|0|1000|4|CG0029877|-19|-76|CG0029878|-19|-76|CG0029879|-20|-76|CG0029878|-19|-76
25|5|1|1000|6|CG0029882|-19|-76|CG0029883|-18|-77|CG0029884|-17|-75|CG0029885|-18|-76|CG0029886|-20|-77|CG0029887|-20|-75
25|5|2|400|1|CG0188597|-19|-60
25|5|3|500|6|CG0030291|-19|-68|CG0030292|-17|-69|CG0030293|-17|-70|CG0030294|-17|-67|CG0030295|-17|-69|CG0030296|-17|-70
25|5|4|250|2|CG0039766|-27|-73|CG0039767|-27|-70
25|5|5|1300|15|CG0029850|-18|-75|CG0029850|-18|-75|CG0029851|-27|-100|CG0029851|-27|-100|CG0029852|-28|-72|CG0029852|-28|-72|CG0029853|-20|-71|CG0029853|-20|-71|CG0029853|-20|-71|CG0029853|-20|-71|CG0029854|-16|-71|CG0029854|-16|-71|CG0029854|-16|-71|CG0029855|-23|-73|CG0029856|-27|-75
25|5|6|1200|11|CG0029870|-20|-77|CG0029870|-20|-77|CG0029871|-20|-77|CG0029871|-20|-77|CG0029871|-20|-77|CG0029871|-20|-77|CG0029872|-21|-75|CG0029872|-21|-75|CG0029873|-20|-73|CG0029873|-20|-73|CG0029873|-20|-73
25|5|7|800|9|CG0030332|-15|-75|CG0030332|-15|-75|CG0030333|-20|-66|CG0030333|-20|-66|CG0030334|-20|-60|CG0030334|-20|-60|CG0030334|-20|-60|CG0030335|-35|-47|CG0030336|-27|-52
25|5|8|1000|2|CG0029865|-19|-68|CG0029866|-20|-81
25|5|9|1000|1|CG0029867|-19|-60
25|5|10|1200|12|CG0029859|-19|-76|CG0029859|-19|-76|CG0029859|-19|-76|CG0029860|-21|-70|CG0029860|-21|-70|CG0029861|-27|-51|CG0029861|-27|-51|CG0029861|-27|-51|CG0029861|-27|-51|CG0029862|-26|-43|CG0029863|-25|-27|CG0029864|-24|-19
25|6|0|1000|4|CG0029917|-15|-76|CG0029918|-16|-76|CG0029919|-18|-76|CG0029918|-16|-76
25|6|1|1000|6|CG0029922|-18|-76|CG0029923|-15|-77|CG0029924|-24|-75|CG0029925|-15|-76|CG0029926|-21|-78|CG0029927|-25|-75
25|6|2|400|1|CG0188642|-38|-63
25|6|3|500|6|CG0030354|-19|-70|CG0030355|-24|-71|CG0030356|-27|-72|CG0030357|-21|-69|CG0030358|-16|-70|CG0030359|-27|-72
25|6|4|250|2|CG0039836|-21|-74|CG0039837|-26|-71
25|6|5|1300|15|CG0029890|-12|-75|CG0029890|-12|-75|CG0029891|-32|-106|CG0029891|-32|-106|CG0029892|-51|-74|CG0029892|-51|-74|CG0029893|-37|-71|CG0029893|-37|-71|CG0029893|-37|-71|CG0029893|-37|-71|CG0029894|-42|-72|CG0029894|-42|-72|CG0029894|-42|-72|CG0029895|-29|-73|CG0029896|-16|-75
25|6|6|1200|11|CG0029910|-18|-76|CG0029910|-18|-76|CG0029911|-27|-77|CG0029911|-27|-77|CG0029911|-27|-77|CG0029911|-27|-77|CG0029912|-27|-75|CG0029912|-27|-75|CG0029913|-27|-74|CG0029913|-27|-74|CG0029913|-27|-74
25|6|7|800|9|CG0030395|-18|-74|CG0030395|-18|-74|CG0030396|-31|-67|CG0030396|-31|-67|CG0030397|-31|-62|CG0030397|-31|-62|CG0030397|-31|-62|CG0030398|-48|-50|CG0030399|-34|-61
25|6|8|1000|2|CG0029905|-23|-69|CG0029906|-23|-78
25|6|9|1000|1|CG0029907|-27|-61
25|6|10|1200|12|CG0029899|-17|-75|CG0029899|-17|-75|CG0029899|-17|-75|CG0029900|-18|-70|CG0029900|-18|-70|CG0029901|-18|-50|CG0029901|-18|-50|CG0029901|-18|-50|CG0029901|-18|-50|CG0029902|-23|-43|CG0029903|-35|-27|CG0029904|-43|-22
25|7|0|1000|4|CG0029957|-23|-74|CG0029958|-20|-74|CG0029959|-18|-75|CG0029958|-20|-74
25|7|1|1000|6|CG0029962|-18|-75|CG0029963|-17|-76|CG0029964|-24|-74|CG0029965|-18|-75|CG0029966|-17|-76|CG0029967|-24|-74
25|7|2|400|1|CG0188687|-44|-60
25|7|3|500|6|CG0030417|-20|-72|CG0030418|-20|-73|CG0030419|-29|-74|CG0030420|-19|-71|CG0030421|-22|-73|CG0030422|-29|-75
25|7|4|250|2|CG0039906|-32|-76|CG0039907|-37|-75
25|7|5|1300|15|CG0029930|-17|-74|CG0029930|-17|-74|CG0029931|-31|-106|CG0029931|-31|-106|CG0029932|-46|-80|CG0029932|-46|-80|CG0029933|-42|-76|CG0029933|-42|-76|CG0029933|-42|-76|CG0029933|-42|-76|CG0029934|-43|-73|CG0029934|-43|-73|CG0029934|-43|-73|CG0029935|-31|-73|CG0029936|-22|-74
25|7|6|1200|11|CG0029950|-28|-74|CG0029950|-28|-74|CG0029951|-24|-74|CG0029951|-24|-74|CG0029951|-24|-74|CG0029951|-24|-74|CG0029952|-19|-75|CG0029952|-19|-75|CG0029953|-19|-74|CG0029953|-19|-74|CG0029953|-19|-74
25|7|7|800|9|CG0030458|-18|-73|CG0030458|-18|-73|CG0030459|-27|-69|CG0030459|-27|-69|CG0030460|-27|-66|CG0030460|-27|-66|CG0030460|-27|-66|CG0030461|-39|-61|CG0030462|-39|-67
25|7|8|1000|2|CG0029945|-24|-72|CG0029946|-27|-68
25|7|9|1000|1|CG0029947|-34|-64
25|7|10|1200|12|CG0029939|-22|-72|CG0029939|-22|-72|CG0029939|-22|-72|CG0029940|-18|-66|CG0029940|-18|-66|CG0029941|-23|-50|CG0029941|-23|-50|CG0029941|-23|-50|CG0029941|-23|-50|CG0029942|-38|-46|CG0029943|-51|-37|CG0029944|-60|-20
