62|0|0|1200|4|CG0044154|-16|-83|CG0044155|-16|-83|CG0044156|-16|-83|CG0044155|-16|-83
62|0|1|1000|6|CG0044168|-20|-83|CG0044169|-16|-85|CG0044170|-23|-83|CG0044171|-15|-83|CG0044172|-19|-85|CG0044173|-23|-84
62|0|2|400|1|CG0188372|-32|-70
62|0|3|500|6|CG0044114|-27|-86|CG0044115|-23|-84|CG0044116|-26|-83|CG0044117|-25|-85|CG0044118|-29|-84|CG0044119|-27|-83
62|0|4|250|2|CG0044120|-28|-75|CG0044121|-32|-75
62|0|5|800|22|CG0044106|-36|-78|CG0044106|-36|-78|CG0044107|-36|-77|CG0044107|-36|-77|CG0044108|-35|-76|CG0044108|-35|-76|CG0044108|-35|-76|CG0044108|-35|-76|CG0044108|-35|-76|CG0044108|-35|-76|CG0044109|-42|-80|CG0044109|-42|-80|CG0044110|-40|-82|CG0044110|-40|-82|CG0044111|-40|-81|CG0044111|-40|-81|CG0044111|-40|-81|CG0044111|-40|-81|CG0044112|-34|-83|CG0044112|-34|-83|CG0044113|-23|-83|CG0044113|-23|-83
62|0|6|1000|6|CG0044144|-16|-83|CG0044145|-16|-82|CG0044146|-17|-83|CG0044146|-17|-83|CG0044146|-17|-83|CG0044146|-17|-83
62|0|7|1000|12|CG0044157|-21|-83|CG0044158|-16|-80|CG0044159|-9|-79|CG0044159|-9|-79|CG0044159|-9|-79|CG0044160|-17|-81|CG0044160|-17|-81|CG0044161|-43|-88|CG0044162|-45|-86|CG0044163|-50|-86|CG0044163|-50|-86|CG0044164|-32|-87
62|0|8|1000|2|CG0044135|-32|-78|CG0044136|-25|-56
62|0|9|1000|1|CG0044141|-28|-75
62|0|10|1200|9|CG0044129|-16|-83|CG0044129|-16|-83|CG0044130|-24|-86|CG0044130|-24|-86|CG0044131|-35|-77|CG0044131|-35|-77|CG0044132|-46|-74|CG0044133|-58|-64|CG0044134|-65|-54
62|1|0|1200|4|CG0044224|-20|-80|CG0044225|-20|-81|CG0044226|-19|-81|CG0044225|-20|-81
62|1|1|1000|6|CG0044238|-20|-81|CG0044239|-20|-82|CG0044240|-19|-80|CG0044241|-20|-81|CG0044242|-20|-83|CG0044243|-20|-82
62|1|2|400|1|CG0188417|-17|-71
62|1|3|500|6|CG0044184|-25|-86|CG0044185|-25|-84|CG0044186|-25|-83|CG0044187|-25|-85|CG0044188|-20|-84|CG0044189|-19|-83
62|1|4|250|2|CG0044190|-17|-70|CG0044191|-17|-72
62|1|5|800|22|CG0044176|-17|-75|CG0044176|-17|-75|CG0044177|-16|-74|CG0044177|-16|-74|CG0044178|-16|-74|CG0044178|-16|-74|CG0044178|-16|-74|CG0044178|-16|-74|CG0044178|-16|-74|CG0044178|-16|-74|CG0044179|-20|-80|CG0044179|-20|-80|CG0044180|-25|-85|CG0044180|-25|-85|CG0044181|-26|-85|CG0044181|-26|-85|CG0044181|-26|-85|CG0044181|-26|-85|CG0044182|-25|-84|CG0044182|-25|-84|CG0044183|-24|-81|CG0044183|-24|-81
62|1|6|1000|6|CG0044214|-20|-80|CG0044215|-19|-80|CG0044216|-19|-80|CG0044216|-19|-80|CG0044216|-19|-80|CG0044216|-19|-80
62|1|7|1000|12|CG0044227|-22|-79|CG0044228|-20|-74|CG0044229|-19|-74|CG0044229|-19|-74|CG0044229|-19|-74|CG0044230|-15|-74|CG0044230|-15|-74|CG0044231|-21|-88|CG0044232|-33|-92|CG0044233|-30|-93|CG0044233|-30|-93|CG0044234|-23|-88
62|1|8|1000|2|CG0044205|-26|-79|CG0044206|-31|-51
62|1|9|1000|1|CG0044211|-19|-75
62|1|10|1200|9|CG0044199|-20|-81|CG0044199|-20|-81|CG0044200|-19|-85|CG0044200|-19|-85|CG0044201|-18|-79|CG0044201|-18|-79|CG0044202|-18|-79|CG0044203|-19|-70|CG0044204|-20|-64
62|2|0|1200|4|CG0044294|-23|-77|CG0044295|-22|-78|CG0044296|-22|-77|CG0044295|-22|-78
62|2|1|1000|6|CG0044308|-22|-78|CG0044309|-21|-79|CG0044310|-21|-77|CG0044311|-22|-78|CG0044312|-22|-80|CG0044313|-22|-79
62|2|2|400|1|CG0188462|-33|-62
62|2|3|500|6|CG0044254|-18|-81|CG0044255|-17|-79|CG0044256|-24|-78|CG0044257|-13|-80|CG0044258|-26|-79|CG0044259|-28|-78
62|2|4|250|2|CG0044260|-19|-71|CG0044261|-14|-73
62|2|5|800|22|CG0044246|-11|-75|CG0044246|-11|-75|CG0044247|-10|-74|CG0044247|-10|-74|CG0044248|-13|-74|CG0044248|-13|-74|CG0044248|-13|-74|CG0044248|-13|-74|CG0044248|-13|-74|CG0044248|-13|-74|CG0044249|-9|-78|CG0044249|-9|-78|CG0044250|-6|-78|CG0044250|-6|-78|CG0044251|-6|-78|CG0044251|-6|-78|CG0044251|-6|-78|CG0044251|-6|-78|CG0044252|-11|-78|CG0044252|-11|-78|CG0044253|-16|-76|CG0044253|-16|-76
62|2|6|1000|6|CG0044284|-23|-77|CG0044285|-23|-77|CG0044286|-23|-76|CG0044286|-23|-76|CG0044286|-23|-76|CG0044286|-23|-76
62|2|7|1000|12|CG0044297|-21|-80|CG0044298|-26|-76|CG0044299|-27|-76|CG0044299|-27|-76|CG0044299|-27|-76|CG0044300|-35|-74|CG0044300|-35|-74|CG0044301|-8|-83|CG0044302|-15|-87|CG0044303|-13|-89|CG0044303|-13|-89|CG0044304|-13|-83
62|2|8|1000|2|CG0044275|-16|-78|CG0044276|-43|-61
62|2|9|1000|1|CG0044281|-11|-73
62|2|10|1200|9|CG0044269|-22|-78|CG0044269|-22|-78|CG0044270|-15|-81|CG0044270|-15|-81|CG0044271|-16|-72|CG0044271|-16|-72|CG0044272|-15|-69|CG0044273|-16|-62|CG0044274|-14|-53
62|3|0|1200|4|CG0044364|-20|-80|CG0044365|-21|-80|CG0044366|-20|-79|CG0044365|-21|-80
62|3|1|1000|6|CG0044378|-20|-80|CG0044379|-19|-81|CG0044380|-22|-79|CG0044381|-20|-80|CG0044382|-20|-82|CG0044383|-21|-81
62|3|2|400|1|CG0188507|-36|-53
62|3|3|500|6|CG0044324|-17|-79|CG0044325|-28|-78|CG0044326|-35|-77|CG0044327|-15|-79|CG0044328|-28|-78|CG0044329|-30|-76
62|3|4|250|2|CG0044330|-21|-71|CG0044331|-15|-70
62|3|5|800|22|CG0044316|-10|-71|CG0044316|-10|-71|CG0044317|-19|-70|CG0044317|-19|-70|CG0044318|-21|-69|CG0044318|-21|-69|CG0044318|-21|-69|CG0044318|-21|-69|CG0044318|-21|-69|CG0044318|-21|-69|CG0044319|-9|-73|CG0044319|-9|-73|CG0044320|-6|-68|CG0044320|-6|-68|CG0044321|-7|-68|CG0044321|-7|-68|CG0044321|-7|-68|CG0044321|-7|-68|CG0044322|-8|-74|CG0044322|-8|-74|CG0044323|-14|-77|CG0044323|-14|-77
62|3|6|1000|6|CG0044354|-22|-80|CG0044355|-22|-79|CG0044356|-21|-79|CG0044356|-21|-79|CG0044356|-21|-79|CG0044356|-21|-79
62|3|7|1000|12|CG0044367|-20|-80|CG0044368|-34|-80|CG0044369|-40|-79|CG0044369|-40|-79|CG0044369|-40|-79|CG0044370|-39|-77|CG0044370|-39|-77|CG0044371|-16|-79|CG0044372|-10|-80|CG0044373|-8|-78|CG0044373|-8|-78|CG0044374|-9|-81
62|3|8|1000|2|CG0044345|-15|-76|CG0044346|-52|-67
62|3|9|1000|1|CG0044351|-16|-70
62|3|10|1200|9|CG0044339|-20|-80|CG0044339|-20|-80|CG0044340|-12|-79|CG0044340|-12|-79|CG0044341|-9|-63|CG0044341|-9|-63|CG0044342|-8|-55|CG0044343|-9|-43|CG0044344|-8|-26
62|4|0|1200|4|CG0044434|-18|-80|CG0044435|-19|-80|CG0044436|-19|-79|CG0044435|-19|-80
62|4|1|1000|6|CG0044448|-19|-80|CG0044449|-19|-81|CG0044450|-21|-79|CG0044451|-19|-80|CG0044452|-19|-82|CG0044453|-22|-81
62|4|2|400|1|CG0188552|-25|-51
62|4|3|500|6|CG0044394|-12|-74|CG0044395|-25|-73|CG0044396|-31|-71|CG0044397|-17|-74|CG0044398|-16|-73|CG0044399|-24|-72
62|4|4|250|2|CG0044400|-32|-72|CG0044401|-28|-69
62|4|5|800|22|CG0044386|-24|-68|CG0044386|-24|-68|CG0044387|-23|-67|CG0044387|-23|-67|CG0044388|-20|-66|CG0044388|-20|-66|CG0044388|-20|-66|CG0044388|-20|-66|CG0044388|-20|-66|CG0044388|-20|-66|CG0044389|-20|-67|CG0044389|-20|-67|CG0044390|-6|-58|CG0044390|-6|-58|CG0044391|-7|-58|CG0044391|-7|-58|CG0044391|-7|-58|CG0044391|-7|-58|CG0044392|-11|-68|CG0044392|-11|-68|CG0044393|-16|-75|CG0044393|-16|-75
62|4|6|1000|6|CG0044424|-20|-80|CG0044425|-20|-80|CG0044426|-21|-79|CG0044426|-21|-79|CG0044426|-21|-79|CG0044426|-21|-79
62|4|7|1000|12|CG0044437|-20|-79|CG0044438|-29|-81|CG0044439|-34|-81|CG0044439|-34|-81|CG0044439|-34|-81|CG0044440|-30|-80|CG0044440|-30|-80|CG0044441|-18|-72|CG0044442|-15|-69|CG0044443|-16|-66|CG0044443|-16|-66|CG0044444|-12|-76
62|4|8|1000|2|CG0044415|-16|-75|CG0044416|-44|-78
62|4|9|1000|1|CG0044421|-17|-70
62|4|10|1200|9|CG0044409|-19|-80|CG0044409|-19|-80|CG0044410|-14|-77|CG0044410|-14|-77|CG0044411|-15|-53|CG0044411|-15|-53|CG0044412|-15|-38|CG0044413|-15|-20|CG0044414|-14|-15
62|5|0|1200|4|CG0044504|-20|-81|CG0044505|-19|-80|CG0044506|-19|-80|CG0044505|-19|-80
62|5|1|1000|6|CG0044518|-20|-80|CG0044519|-19|-82|CG0044520|-19|-80|CG0044521|-20|-80|CG0044522|-19|-82|CG0044523|-19|-81
62|5|2|400|1|CG0188597|-19|-60
62|5|3|500|6|CG0044464|-25|-74|CG0044465|-20|-73|CG0044466|-19|-72|CG0044467|-19|-74|CG0044468|-21|-73|CG0044469|-22|-72
62|5|4|250|2|CG0044470|-27|-73|CG0044471|-27|-70
62|5|5|800|22|CG0044456|-27|-68|CG0044456|-27|-68|CG0044457|-20|-67|CG0044457|-20|-67|CG0044458|-20|-67|CG0044458|-20|-67|CG0044458|-20|-67|CG0044458|-20|-67|CG0044458|-20|-67|CG0044458|-20|-67|CG0044459|-21|-65|CG0044459|-21|-65|CG0044460|-20|-53|CG0044460|-20|-53|CG0044461|-20|-53|CG0044461|-20|-53|CG0044461|-20|-53|CG0044461|-20|-53|CG0044462|-20|-67|CG0044462|-20|-67|CG0044463|-24|-77|CG0044463|-24|-77
62|5|6|1000|6|CG0044494|-20|-80|CG0044495|-20|-80|CG0044496|-21|-80|CG0044496|-21|-80|CG0044496|-21|-80|CG0044496|-21|-80
62|5|7|1000|12|CG0044507|-17|-80|CG0044508|-18|-83|CG0044509|-35|-83|CG0044509|-35|-83|CG0044509|-35|-83|CG0044510|-25|-82|CG0044510|-25|-82|CG0044511|-25|-72|CG0044512|-13|-62|CG0044513|-15|-57|CG0044513|-15|-57|CG0044514|-17|-74
62|5|8|1000|2|CG0044485|-23|-72|CG0044486|-28|-86
62|5|9|1000|1|CG0044491|-19|-68
62|5|10|1200|9|CG0044479|-20|-80|CG0044479|-20|-80|CG0044480|-20|-74|CG0044480|-20|-74|CG0044481|-19|-49|CG0044481|-19|-49|CG0044482|-20|-31|CG0044483|-20|-12|CG0044484|-20|-11
62|6|0|1200|4|CG0044574|-17|-80|CG0044575|-17|-80|CG0044576|-17|-81|CG0044575|-17|-80
62|6|1|1000|6|CG0044588|-17|-80|CG0044589|-19|-82|CG0044590|-23|-80|CG0044591|-21|-80|CG0044592|-17|-82|CG0044593|-23|-81
62|6|2|400|1|CG0188642|-38|-63
62|6|3|500|6|CG0044534|-26|-76|CG0044535|-28|-75|CG0044536|-28|-73|CG0044537|-25|-76|CG0044538|-25|-75|CG0044539|-27|-74
62|6|4|250|2|CG0044540|-21|-74|CG0044541|-26|-71
62|6|5|800|22|CG0044526|-29|-70|CG0044526|-29|-70|CG0044527|-34|-70|CG0044527|-34|-70|CG0044528|-34|-69|CG0044528|-34|-69|CG0044528|-34|-69|CG0044528|-34|-69|CG0044528|-34|-69|CG0044528|-34|-69|CG0044529|-33|-67|CG0044529|-33|-67|CG0044530|-48|-60|CG0044530|-48|-60|CG0044531|-48|-60|CG0044531|-48|-60|CG0044531|-48|-60|CG0044531|-48|-60|CG0044532|-31|-71|CG0044532|-31|-71|CG0044533|-27|-78|CG0044533|-27|-78
62|6|6|1000|6|CG0044564|-18|-81|CG0044565|-28|-81|CG0044566|-30|-81|CG0044566|-30|-81|CG0044566|-30|-81|CG0044566|-30|-81
62|6|7|1000|12|CG0044577|-15|-81|CG0044578|-20|-85|CG0044579|-30|-86|CG0044579|-30|-86|CG0044579|-30|-86|CG0044580|-31|-86|CG0044580|-31|-86|CG0044581|-30|-75|CG0044582|-43|-65|CG0044583|-41|-61|CG0044583|-41|-61|CG0044584|-25|-75
62|6|8|1000|2|CG0044555|-28|-75|CG0044556|-18|-83
62|6|9|1000|1|CG0044561|-24|-71
62|6|10|1200|9|CG0044549|-17|-80|CG0044549|-17|-80|CG0044550|-26|-78|CG0044550|-26|-78|CG0044551|-38|-54|CG0044551|-38|-54|CG0044552|-51|-39|CG0044553|-69|-18|CG0044554|-74|-15
62|7|0|1200|4|CG0044644|-14|-82|CG0044645|-15|-82|CG0044646|-15|-83|CG0044645|-15|-82
62|7|1|1000|6|CG0044658|-15|-82|CG0044659|-15|-84|CG0044660|-24|-82|CG0044661|-15|-82|CG0044662|-15|-84|CG0044663|-23|-83
62|7|2|400|1|CG0188687|-44|-60
62|7|3|500|6|CG0044604|-27|-81|CG0044605|-27|-79|CG0044606|-30|-78|CG0044607|-26|-81|CG0044608|-27|-79|CG0044609|-29|-78
62|7|4|250|2|CG0044610|-32|-76|CG0044611|-37|-75
62|7|5|800|22|CG0044596|-42|-76|CG0044596|-42|-76|CG0044597|-46|-75|CG0044597|-46|-75|CG0044598|-47|-74|CG0044598|-47|-74|CG0044598|-47|-74|CG0044598|-47|-74|CG0044598|-47|-74|CG0044598|-47|-74|CG0044599|-50|-74|CG0044599|-50|-74|CG0044600|-59|-70|CG0044600|-59|-70|CG0044601|-59|-70|CG0044601|-59|-70|CG0044601|-59|-70|CG0044601|-59|-70|CG0044602|-38|-76|CG0044602|-38|-76|CG0044603|-23|-81|CG0044603|-23|-81
62|7|6|1000|6|CG0044634|-13|-83|CG0044635|-25|-83|CG0044636|-30|-83|CG0044636|-30|-83|CG0044636|-30|-83|CG0044636|-30|-83
62|7|7|1000|12|CG0044647|-17|-83|CG0044648|-23|-83|CG0044649|-21|-84|CG0044649|-21|-84|CG0044649|-21|-84|CG0044650|-28|-85|CG0044650|-28|-85|CG0044651|-41|-81|CG0044652|-61|-73|CG0044653|-58|-72|CG0044653|-58|-72|CG0044654|-33|-80
62|7|8|1000|2|CG0044625|-29|-77|CG0044626|-28|-71
62|7|9|1000|1|CG0044631|-27|-72
62|7|10|1200|9|CG0044619|-15|-82|CG0044619|-15|-82|CG0044620|-24|-83|CG0044620|-24|-83|CG0044621|-45|-66|CG0044621|-45|-66|CG0044622|-61|-57|CG0044623|-82|-43|CG0044624|-88|-27
