23|0|0|1000|4|CG0028933|-18|-70|CG0028934|-18|-69|CG0028935|-18|-69|CG0028934|-18|-69
23|0|1|1000|6|CG0028938|-16|-70|CG0028939|-21|-71|CG0028940|-17|-70|CG0028941|-17|-71|CG0028942|-16|-73|CG0028943|-22|-70
23|0|2|400|1|CG0188372|-32|-70
23|0|3|400|6|CG0028905|-29|-66|CG0028906|-29|-68|CG0028907|-29|-68|CG0028908|-29|-66|CG0028909|-29|-69|CG0028910|-29|-68
23|0|4|300|3|CG0028911|-25|-68|CG0028912|-27|-68|CG0028913|-29|-67
23|0|5|1200|24|CG0028898|-27|-69|CG0028898|-27|-69|CG0028898|-27|-69|CG0028898|-27|-69|CG0028899|-26|-68|CG0028899|-26|-68|CG0028899|-26|-68|CG0028899|-26|-68|CG0028900|-27|-68|CG0028900|-27|-68|CG0028901|-55|-75|CG0028901|-55|-75|CG0028902|-67|-70|CG0028902|-67|-70|CG0028902|-67|-70|CG0028902|-67|-70|CG0028903|-31|-74|CG0028903|-31|-74|CG0028903|-31|-74|CG0028903|-31|-74|CG0028904|-27|-71|CG0028904|-27|-71|CG0028904|-27|-71|CG0028904|-27|-71
23|0|6|1000|5|CG0028927|-21|-84|CG0028928|-21|-73|CG0028929|-31|-65|CG0028929|-31|-65|CG0028929|-31|-65
23|0|7|800|7|CG0027651|-16|-67|CG0027651|-16|-67|CG0027652|-19|-74|CG0027652|-19|-74|CG0027654|-35|-68|CG0027655|-33|-52|CG0027655|-33|-52
23|0|8|1000|2|CG0028922|-21|-85|CG0028923|-24|-82
23|0|9|1000|1|CG0028924|-31|-63
23|0|10|1000|6|CG0028916|-35|-78|CG0028917|-35|-76|CG0028918|-40|-67|CG0028919|-66|-40|CG0028920|-51|-38|CG0028921|-66|-34
23|1|0|1000|4|CG0028981|-13|-69|CG0028982|-13|-68|CG0028983|-13|-68|CG0028982|-13|-68
23|1|1|1000|6|CG0028986|-16|-69|CG0028987|-16|-71|CG0028988|-13|-68|CG0028989|-12|-69|CG0028990|-16|-71|CG0028991|-17|-68
23|1|2|400|1|CG0188417|-17|-71
23|1|3|400|6|CG0028953|-24|-68|CG0028954|-24|-70|CG0028955|-24|-69|CG0028956|-24|-68|CG0028957|-24|-70|CG0028958|-24|-69
23|1|4|300|3|CG0028959|-25|-68|CG0028960|-25|-69|CG0028961|-25|-69
23|1|5|1200|24|CG0028946|-15|-72|CG0028946|-15|-72|CG0028946|-15|-72|CG0028946|-15|-72|CG0028947|-16|-69|CG0028947|-16|-69|CG0028947|-16|-69|CG0028947|-16|-69|CG0028948|-16|-69|CG0028948|-16|-69|CG0028949|-24|-78|CG0028949|-24|-78|CG0028950|-28|-79|CG0028950|-28|-79|CG0028950|-28|-79|CG0028950|-28|-79|CG0028951|-19|-77|CG0028951|-19|-77|CG0028951|-19|-77|CG0028951|-19|-77|CG0028952|-17|-70|CG0028952|-17|-70|CG0028952|-17|-70|CG0028952|-17|-70
23|1|6|1000|5|CG0028975|-13|-83|CG0028976|-14|-68|CG0028977|-32|-75|CG0028977|-32|-75|CG0028977|-32|-75
23|1|7|800|7|CG0027716|-15|-65|CG0027716|-15|-65|CG0027717|-20|-74|CG0027717|-20|-74|CG0027719|-27|-67|CG0027720|-23|-54|CG0027720|-23|-54
23|1|8|1000|2|CG0028970|-14|-87|CG0028971|-28|-76
23|1|9|1000|1|CG0028972|-19|-63
23|1|10|1000|6|CG0028964|-25|-86|CG0028965|-42|-70|CG0028966|-39|-82|CG0028967|-33|-49|CG0028968|-25|-51|CG0028969|-45|-40
23|2|0|1000|4|CG0029029|-16|-70|CG0029030|-16|-69|CG0029031|-16|-69|CG0029030|-16|-69
23|2|1|1000|6|CG0029034|-20|-71|CG0029035|-22|-73|CG0029036|-22|-70|CG0029037|-19|-70|CG0029038|-18|-71|CG0029039|-24|-70
23|2|2|400|1|CG0188462|-33|-62
23|2|3|400|6|CG0029001|-24|-67|CG0029002|-20|-69|CG0029003|-21|-68|CG0029004|-20|-67|CG0029005|-22|-69|CG0029006|-30|-68
23|2|4|300|3|CG0029007|-18|-64|CG0029008|-16|-64|CG0029009|-14|-64
23|2|5|1200|24|CG0028994|-10|-69|CG0028994|-10|-69|CG0028994|-10|-69|CG0028994|-10|-69|CG0028995|-29|-69|CG0028995|-29|-69|CG0028995|-29|-69|CG0028995|-29|-69|CG0028996|-26|-69|CG0028996|-26|-69|CG0028997|-3|-74|CG0028997|-3|-74|CG0028998|-9|-76|CG0028998|-9|-76|CG0028998|-9|-76|CG0028998|-9|-76|CG0028999|-6|-73|CG0028999|-6|-73|CG0028999|-6|-73|CG0028999|-6|-73|CG0029000|-11|-71|CG0029000|-11|-71|CG0029000|-11|-71|CG0029000|-11|-71
23|2|6|1000|5|CG0029023|-15|-74|CG0029024|-19|-69|CG0029025|-26|-83|CG0029025|-26|-83|CG0029025|-26|-83
23|2|7|800|7|CG0027781|-14|-67|CG0027781|-14|-67|CG0027782|-22|-74|CG0027782|-22|-74|CG0027784|-9|-67|CG0027785|-17|-53|CG0027785|-17|-53
23|2|8|1000|2|CG0029018|-11|-79|CG0029019|-36|-65
23|2|9|1000|1|CG0029020|-11|-61
23|2|10|1000|6|CG0029012|-20|-87|CG0029013|-31|-82|CG0029014|-18|-93|CG0029015|-22|-51|CG0029016|-27|-50|CG0029017|-31|-36
23|3|0|1000|4|CG0029077|-29|-69|CG0029078|-30|-69|CG0029079|-30|-68|CG0029078|-30|-69
23|3|1|1000|6|CG0029082|-33|-73|CG0029083|-34|-75|CG0029084|-35|-71|CG0029085|-33|-71|CG0029086|-32|-73|CG0029087|-31|-71
23|3|2|400|1|CG0188507|-36|-53
23|3|3|400|6|CG0029049|-26|-59|CG0029050|-23|-61|CG0029051|-32|-61|CG0029052|-25|-59|CG0029053|-23|-61|CG0029054|-34|-60
23|3|4|300|3|CG0029055|-18|-57|CG0029056|-17|-56|CG0029057|-15|-54
23|3|5|1200|24|CG0029042|-25|-67|CG0029042|-25|-67|CG0029042|-25|-67|CG0029042|-25|-67|CG0029043|-36|-66|CG0029043|-36|-66|CG0029043|-36|-66|CG0029043|-36|-66|CG0029044|-33|-66|CG0029044|-33|-66|CG0029045|-11|-62|CG0029045|-11|-62|CG0029046|-8|-62|CG0029046|-8|-62|CG0029046|-8|-62|CG0029046|-8|-62|CG0029047|-8|-63|CG0029047|-8|-63|CG0029047|-8|-63|CG0029047|-8|-63|CG0029048|-22|-68|CG0029048|-22|-68|CG0029048|-22|-68|CG0029048|-22|-68
23|3|6|1000|5|CG0029071|-13|-67|CG0029072|-20|-70|CG0029073|-22|-84|CG0029073|-22|-84|CG0029073|-22|-84
23|3|7|800|7|CG0027846|-12|-65|CG0027846|-12|-65|CG0027847|-16|-78|CG0027847|-16|-78|CG0027849|-7|-63|CG0027850|-8|-46|CG0027850|-8|-46
23|3|8|1000|2|CG0029066|-11|-67|CG0029067|-38|-64
23|3|9|1000|1|CG0029068|-9|-58
23|3|10|1000|6|CG0029060|-30|-76|CG0029061|-22|-86|CG0029062|-35|-93|CG0029063|-18|-41|CG0029064|-25|-36|CG0029065|-33|-27
23|4|0|1000|4|CG0029125|-30|-67|CG0029126|-30|-67|CG0029127|-30|-65|CG0029126|-30|-67
23|4|1|1000|6|CG0029130|-29|-71|CG0029131|-29|-73|CG0029132|-31|-70|CG0029133|-30|-70|CG0029134|-30|-71|CG0029135|-28|-70
23|4|2|400|1|CG0188552|-25|-51
23|4|3|400|6|CG0029097|-33|-51|CG0029098|-33|-53|CG0029099|-33|-52|CG0029100|-33|-51|CG0029101|-33|-52|CG0029102|-33|-52
23|4|4|300|3|CG0029103|-45|-49|CG0029104|-43|-47|CG0029105|-41|-44
23|4|5|1200|24|CG0029090|-34|-61|CG0029090|-34|-61|CG0029090|-34|-61|CG0029090|-34|-61|CG0029091|-23|-61|CG0029091|-23|-61|CG0029091|-23|-61|CG0029091|-23|-61|CG0029092|-24|-61|CG0029092|-24|-61|CG0029093|-16|-49|CG0029093|-16|-49|CG0029094|-13|-48|CG0029094|-13|-48|CG0029094|-13|-48|CG0029094|-13|-48|CG0029095|-12|-54|CG0029095|-12|-54|CG0029095|-12|-54|CG0029095|-12|-54|CG0029096|-28|-63|CG0029096|-28|-63|CG0029096|-28|-63|CG0029096|-28|-63
23|4|6|1000|5|CG0029119|-20|-65|CG0029120|-24|-76|CG0029121|-28|-77|CG0029121|-28|-77|CG0029121|-28|-77
23|4|7|800|7|CG0027911|-14|-62|CG0027911|-14|-62|CG0027912|-24|-78|CG0027912|-24|-78|CG0027914|-9|-57|CG0027915|-17|-34|CG0027915|-17|-34
23|4|8|1000|2|CG0029114|-11|-65|CG0029115|-36|-74
23|4|9|1000|1|CG0029116|-11|-57
23|4|10|1000|6|CG0029108|-29|-74|CG0029109|-26|-79|CG0029110|-35|-82|CG0029111|-13|-43|CG0029112|-20|-41|CG0029113|-30|-28
23|5|0|1000|4|CG0029173|-23|-65|CG0029174|-23|-64|CG0029175|-23|-63|CG0029174|-23|-64
23|5|1|1000|6|CG0029178|-18|-68|CG0029179|-17|-69|CG0029180|-18|-67|CG0029181|-18|-68|CG0029182|-18|-70|CG0029183|-18|-67
23|5|2|400|1|CG0188597|-19|-60
23|5|3|400|6|CG0029145|-62|-46|CG0029146|-62|-47|CG0029147|-63|-47|CG0029148|-62|-46|CG0029149|-62|-47|CG0029150|-62|-46
23|5|4|300|3|CG0029151|-64|-46|CG0029152|-64|-43|CG0029153|-64|-41
23|5|5|1200|24|CG0029138|-33|-58|CG0029138|-33|-58|CG0029138|-33|-58|CG0029138|-33|-58|CG0029139|-44|-61|CG0029139|-44|-61|CG0029139|-44|-61|CG0029139|-44|-61|CG0029140|-45|-62|CG0029140|-45|-62|CG0029141|-18|-42|CG0029141|-18|-42|CG0029142|-15|-40|CG0029142|-15|-40|CG0029142|-15|-40|CG0029142|-15|-40|CG0029143|-20|-49|CG0029143|-20|-49|CG0029143|-20|-49|CG0029143|-20|-49|CG0029144|-19|-59|CG0029144|-19|-59|CG0029144|-19|-59|CG0029144|-19|-59
23|5|6|1000|5|CG0029167|-18|-64|CG0029168|-18|-82|CG0029169|-37|-72|CG0029169|-37|-72|CG0029169|-37|-72
23|5|7|800|7|CG0027976|-16|-60|CG0027976|-16|-60|CG0027977|-20|-76|CG0027977|-20|-76|CG0027979|-25|-51|CG0027980|-23|-29|CG0027980|-23|-29
23|5|8|1000|2|CG0029162|-15|-61|CG0029163|-28|-75
23|5|9|1000|1|CG0029164|-19|-57
23|5|10|1000|6|CG0029156|-24|-78|CG0029157|-35|-64|CG0029158|-20|-67|CG0029159|-19|-41|CG0029160|-27|-40|CG0029161|-25|-30
23|6|0|1000|4|CG0029221|-46|-69|CG0029222|-45|-68|CG0029223|-44|-67|CG0029222|-45|-68
23|6|1|1000|6|CG0029226|-39|-70|CG0029227|-38|-71|CG0029228|-38|-70|CG0029229|-40|-71|CG0029230|-40|-73|CG0029231|-41|-70
23|6|2|400|1|CG0188642|-38|-63
23|6|3|400|6|CG0029193|-55|-51|CG0029194|-54|-53|CG0029195|-54|-52|CG0029196|-55|-51|CG0029197|-54|-52|CG0029198|-54|-52
23|6|4|300|3|CG0029199|-46|-53|CG0029200|-48|-51|CG0029201|-50|-48
23|6|5|1200|24|CG0029186|-46|-62|CG0029186|-46|-62|CG0029186|-46|-62|CG0029186|-46|-62|CG0029187|-43|-65|CG0029187|-43|-65|CG0029187|-43|-65|CG0029187|-43|-65|CG0029188|-45|-66|CG0029188|-45|-66|CG0029189|-71|-49|CG0029189|-71|-49|CG0029190|-71|-42|CG0029190|-71|-42|CG0029190|-71|-42|CG0029190|-71|-42|CG0029191|-60|-55|CG0029191|-60|-55|CG0029191|-60|-55|CG0029191|-60|-55|CG0029192|-39|-63|CG0029192|-39|-63|CG0029192|-39|-63|CG0029192|-39|-63
23|6|6|1000|5|CG0029215|-31|-68|CG0029216|-33|-85|CG0029217|-26|-71|CG0029217|-26|-71|CG0029217|-26|-71
23|6|7|800|7|CG0028041|-16|-62|CG0028041|-16|-62|CG0028042|-17|-78|CG0028042|-17|-78|CG0028044|-32|-57|CG0028045|-35|-34|CG0028045|-35|-34
23|6|8|1000|2|CG0029210|-33|-65|CG0029211|-33|-74
23|6|9|1000|1|CG0029212|-32|-60
23|6|10|1000|6|CG0029204|-18|-78|CG0029205|-36|-70|CG0029206|-33|-55|CG0029207|-39|-41|CG0029208|-39|-42|CG0029209|-39|-28
23|7|0|1000|4|CG0029269|-42|-71|CG0029270|-41|-70|CG0029271|-40|-69|CG0029270|-41|-70
23|7|1|1000|6|CG0029274|-38|-72|CG0029275|-38|-72|CG0029276|-37|-71|CG0029277|-39|-72|CG0029278|-40|-75|CG0029279|-41|-71
23|7|2|400|1|CG0188687|-44|-60
23|7|3|400|6|CG0029241|-36|-59|CG0029242|-36|-61|CG0029243|-36|-61|CG0029244|-36|-59|CG0029245|-36|-61|CG0029246|-36|-60
23|7|4|300|3|CG0029247|-34|-61|CG0029248|-37|-60|CG0029249|-40|-59
23|7|5|1200|24|CG0029234|-43|-73|CG0029234|-43|-73|CG0029234|-43|-73|CG0029234|-43|-73|CG0029235|-35|-68|CG0029235|-35|-68|CG0029235|-35|-68|CG0029235|-35|-68|CG0029236|-32|-68|CG0029236|-32|-68|CG0029237|-88|-63|CG0029237|-88|-63|CG0029238|-96|-56|CG0029238|-96|-56|CG0029238|-96|-56|CG0029238|-96|-56|CG0029239|-62|-66|CG0029239|-62|-66|CG0029239|-62|-66|CG0029239|-62|-66|CG0029240|-45|-68|CG0029240|-45|-68|CG0029240|-45|-68|CG0029240|-45|-68
23|7|6|1000|5|CG0029263|-27|-78|CG0029264|-30|-81|CG0029265|-16|-68|CG0029265|-16|-68|CG0029265|-16|-68
23|7|7|800|7|CG0028106|-17|-65|CG0028106|-17|-65|CG0028107|-15|-78|CG0028107|-15|-78|CG0028109|-33|-63|CG0028110|-39|-46|CG0028110|-39|-46
23|7|8|1000|2|CG0029258|-34|-76|CG0029259|-24|-78
23|7|9|1000|1|CG0029260|-35|-63
23|7|10|1000|6|CG0029252|-37|-76|CG0029253|-22|-75|CG0029254|-36|-56|CG0029255|-63|-42|CG0029256|-57|-41|CG0029257|-50|-21
