37|0|0|1000|4|CG0034357|-29|-73|CG0034358|-28|-73|CG0034359|-28|-73|CG0034358|-28|-73
37|0|1|1000|6|CG0034362|-18|-73|CG0034363|-19|-75|CG0034364|-22|-73|CG0034365|-19|-74|CG0034366|-16|-75|CG0034367|-23|-73
37|0|2|400|1|CG0188372|-32|-70
37|0|3|500|6|CG0034656|-22|-75|CG0034657|-16|-76|CG0034658|-27|-77|CG0034659|-17|-73|CG0034660|-24|-75|CG0034661|-28|-77
37|0|4|250|2|CG0039416|-28|-75|CG0039417|-32|-75
37|0|5|1300|15|CG0034330|-17|-73|CG0034330|-17|-73|CG0034331|-18|-101|CG0034331|-18|-101|CG0034332|-19|-86|CG0034332|-19|-86|CG0034333|-25|-83|CG0034333|-25|-83|CG0034333|-25|-83|CG0034333|-25|-83|CG0034334|-30|-73|CG0034334|-30|-73|CG0034334|-30|-73|CG0034335|-28|-73|CG0034336|-22|-73
37|0|6|1200|11|CG0034350|-23|-73|CG0034350|-23|-73|CG0034351|-16|-73|CG0034351|-16|-73|CG0034351|-16|-73|CG0034351|-16|-73|CG0034352|-27|-74|CG0034352|-27|-74|CG0034353|-22|-75|CG0034353|-22|-75|CG0034353|-22|-75
37|0|7|800|9|CG0034697|-16|-72|CG0034697|-16|-72|CG0034698|-19|-71|CG0034698|-19|-71|CG0034699|-21|-70|CG0034699|-21|-70|CG0034699|-21|-70|CG0034700|-32|-68|CG0034701|-33|-67
37|0|8|1000|2|CG0034345|-27|-75|CG0034346|-26|-59
37|0|9|1000|1|CG0034347|-34|-68
37|0|10|1200|12|CG0034339|-29|-70|CG0034339|-29|-70|CG0034339|-29|-70|CG0034340|-27|-62|CG0034340|-27|-62|CG0034341|-33|-53|CG0034341|-33|-53|CG0034341|-33|-53|CG0034341|-33|-53|CG0034342|-34|-55|CG0034343|-47|-52|CG0034344|-50|-37
37|1|0|1000|4|CG0034397|-19|-72|CG0034398|-20|-72|CG0034399|-22|-72|CG0034398|-20|-72
37|1|1|1000|6|CG0034402|-19|-72|CG0034403|-19|-74|CG0034404|-18|-72|CG0034405|-18|-73|CG0034406|-20|-74|CG0034407|-20|-72
37|1|2|400|1|CG0188417|-17|-71
37|1|3|500|6|CG0034722|-18|-75|CG0034723|-17|-76|CG0034724|-17|-78|CG0034725|-17|-74|CG0034726|-18|-76|CG0034727|-18|-78
37|1|4|250|2|CG0039486|-17|-70|CG0039487|-17|-72
37|1|5|1300|15|CG0034370|-21|-73|CG0034370|-21|-73|CG0034371|-20|-90|CG0034371|-20|-90|CG0034372|-20|-84|CG0034372|-20|-84|CG0034373|-20|-80|CG0034373|-20|-80|CG0034373|-20|-80|CG0034373|-20|-80|CG0034374|-20|-74|CG0034374|-20|-74|CG0034374|-20|-74|CG0034375|-23|-73|CG0034376|-24|-73
37|1|6|1200|11|CG0034390|-28|-72|CG0034390|-28|-72|CG0034391|-22|-76|CG0034391|-22|-76|CG0034391|-22|-76|CG0034391|-22|-76|CG0034392|-26|-73|CG0034392|-26|-73|CG0034393|-25|-75|CG0034393|-25|-75|CG0034393|-25|-75
37|1|7|800|9|CG0034763|-20|-72|CG0034763|-20|-72|CG0034764|-23|-73|CG0034764|-23|-73|CG0034765|-23|-72|CG0034765|-23|-72|CG0034765|-23|-72|CG0034766|-21|-72|CG0034767|-22|-72
37|1|8|1000|2|CG0034385|-19|-75|CG0034386|-31|-56
37|1|9|1000|1|CG0034387|-17|-69
37|1|10|1200|12|CG0034379|-20|-69|CG0034379|-20|-69|CG0034379|-20|-69|CG0034380|-22|-61|CG0034380|-22|-61|CG0034381|-26|-56|CG0034381|-26|-56|CG0034381|-26|-56|CG0034381|-26|-56|CG0034382|-25|-62|CG0034383|-27|-60|CG0034384|-23|-45
37|2|0|1000|4|CG0034437|-22|-73|CG0034438|-22|-73|CG0034439|-22|-73|CG0034438|-22|-73
37|2|1|1000|6|CG0034442|-29|-73|CG0034443|-21|-75|CG0034444|-23|-73|CG0034445|-22|-74|CG0034446|-29|-75|CG0034447|-35|-73
37|2|2|400|1|CG0188462|-33|-62
37|2|3|500|6|CG0034788|-25|-75|CG0034789|-24|-76|CG0034790|-26|-77|CG0034791|-24|-73|CG0034792|-25|-75|CG0034793|-32|-78
37|2|4|250|2|CG0039556|-19|-72|CG0039557|-14|-73
37|2|5|1300|15|CG0034410|-21|-74|CG0034410|-21|-74|CG0034411|-18|-82|CG0034411|-18|-82|CG0034412|-15|-75|CG0034412|-15|-75|CG0034413|-15|-74|CG0034413|-15|-74|CG0034413|-15|-74|CG0034413|-15|-74|CG0034414|-16|-74|CG0034414|-16|-74|CG0034414|-16|-74|CG0034415|-18|-73|CG0034416|-20|-74
37|2|6|1200|11|CG0034430|-27|-73|CG0034430|-27|-73|CG0034431|-23|-75|CG0034431|-23|-75|CG0034431|-23|-75|CG0034431|-23|-75|CG0034432|-20|-74|CG0034432|-20|-74|CG0034433|-18|-75|CG0034433|-18|-75|CG0034433|-18|-75
37|2|7|800|9|CG0034829|-23|-73|CG0034829|-23|-73|CG0034830|-23|-72|CG0034830|-23|-72|CG0034831|-24|-71|CG0034831|-24|-71|CG0034831|-24|-71|CG0034832|-23|-70|CG0034833|-24|-70
37|2|8|1000|2|CG0034425|-14|-75|CG0034426|-34|-61
37|2|9|1000|1|CG0034427|-24|-67
37|2|10|1200|12|CG0034419|-26|-70|CG0034419|-26|-70|CG0034419|-26|-70|CG0034420|-27|-62|CG0034420|-27|-62|CG0034421|-31|-58|CG0034421|-31|-58|CG0034421|-31|-58|CG0034421|-31|-58|CG0034422|-31|-62|CG0034423|-23|-57|CG0034424|-25|-41
37|3|0|1000|4|CG0034477|-21|-75|CG0034478|-22|-75|CG0034479|-24|-74|CG0034478|-22|-75
37|3|1|1000|6|CG0034482|-23|-75|CG0034483|-20|-76|CG0034484|-25|-74|CG0034485|-21|-75|CG0034486|-22|-76|CG0034487|-31|-74
37|3|2|400|1|CG0188507|-36|-53
37|3|3|500|6|CG0034854|-26|-72|CG0034855|-27|-73|CG0034856|-31|-74|CG0034857|-28|-71|CG0034858|-28|-73|CG0034859|-32|-75
37|3|4|250|2|CG0039626|-21|-71|CG0039627|-15|-70
37|3|5|1300|15|CG0034450|-20|-75|CG0034450|-20|-75|CG0034451|-18|-82|CG0034451|-18|-82|CG0034452|-16|-74|CG0034452|-16|-74|CG0034453|-16|-73|CG0034453|-16|-73|CG0034453|-16|-73|CG0034453|-16|-73|CG0034454|-25|-73|CG0034454|-25|-73|CG0034454|-25|-73|CG0034455|-24|-74|CG0034456|-19|-75
37|3|6|1200|11|CG0034470|-22|-75|CG0034470|-22|-75|CG0034471|-23|-75|CG0034471|-23|-75|CG0034471|-23|-75|CG0034471|-23|-75|CG0034472|-20|-75|CG0034472|-20|-75|CG0034473|-16|-74|CG0034473|-16|-74|CG0034473|-16|-74
37|3|7|800|9|CG0034895|-21|-75|CG0034895|-21|-75|CG0034896|-19|-70|CG0034896|-19|-70|CG0034897|-19|-67|CG0034897|-19|-67|CG0034897|-19|-67|CG0034898|-20|-62|CG0034899|-22|-62
37|3|8|1000|2|CG0034465|-12|-72|CG0034466|-40|-68
37|3|9|1000|1|CG0034467|-25|-64
37|3|10|1200|12|CG0034459|-25|-72|CG0034459|-25|-72|CG0034459|-25|-72|CG0034460|-28|-66|CG0034460|-28|-66|CG0034461|-29|-58|CG0034461|-29|-58|CG0034461|-29|-58|CG0034461|-29|-58|CG0034462|-30|-56|CG0034463|-24|-46|CG0034464|-24|-32
37|4|0|1000|4|CG0034517|-23|-76|CG0034518|-22|-76|CG0034519|-21|-76|CG0034518|-22|-76
37|4|1|1000|6|CG0034522|-22|-76|CG0034523|-23|-78|CG0034524|-22|-75|CG0034525|-23|-76|CG0034526|-21|-78|CG0034527|-23|-75
37|4|2|400|1|CG0188552|-25|-51
37|4|3|500|6|CG0034920|-22|-70|CG0034921|-22|-71|CG0034922|-31|-72|CG0034923|-24|-69|CG0034924|-24|-70|CG0034925|-23|-72
37|4|4|250|2|CG0039696|-32|-72|CG0039697|-28|-69
37|4|5|1300|15|CG0034490|-22|-76|CG0034490|-22|-76|CG0034491|-28|-89|CG0034491|-28|-89|CG0034492|-16|-73|CG0034492|-16|-73|CG0034493|-16|-72|CG0034493|-16|-72|CG0034493|-16|-72|CG0034493|-16|-72|CG0034494|-25|-72|CG0034494|-25|-72|CG0034494|-25|-72|CG0034495|-32|-74|CG0034496|-32|-75
37|4|6|1200|11|CG0034510|-23|-77|CG0034510|-23|-77|CG0034511|-23|-77|CG0034511|-23|-77|CG0034511|-23|-77|CG0034511|-23|-77|CG0034512|-23|-75|CG0034512|-23|-75|CG0034513|-22|-73|CG0034513|-22|-73|CG0034513|-22|-73
37|4|7|800|9|CG0034961|-20|-76|CG0034961|-20|-76|CG0034962|-14|-68|CG0034962|-14|-68|CG0034963|-14|-63|CG0034963|-14|-63|CG0034963|-14|-63|CG0034964|-16|-52|CG0034965|-22|-52
37|4|8|1000|2|CG0034505|-20|-69|CG0034506|-33|-78
37|4|9|1000|1|CG0034507|-18|-61
37|4|10|1200|12|CG0034499|-23|-75|CG0034499|-23|-75|CG0034499|-23|-75|CG0034500|-26|-69|CG0034500|-26|-69|CG0034501|-22|-55|CG0034501|-22|-55|CG0034501|-22|-55|CG0034501|-22|-55|CG0034502|-29|-48|CG0034503|-28|-33|CG0034504|-30|-20
37|5|0|1000|4|CG0034557|-19|-76|CG0034558|-19|-76|CG0034559|-20|-76|CG0034558|-19|-76
37|5|1|1000|6|CG0034562|-19|-76|CG0034563|-17|-77|CG0034564|-17|-75|CG0034565|-18|-76|CG0034566|-20|-77|CG0034567|-20|-75
37|5|2|400|1|CG0188597|-19|-60
37|5|3|500|6|CG0034986|-19|-68|CG0034987|-17|-69|CG0034988|-17|-70|CG0034989|-17|-67|CG0034990|-17|-69|CG0034991|-17|-70
37|5|4|250|2|CG0039766|-27|-73|CG0039767|-27|-70
37|5|5|1300|15|CG0034530|-18|-75|CG0034530|-18|-75|CG0034531|-27|-100|CG0034531|-27|-100|CG0034532|-28|-72|CG0034532|-28|-72|CG0034533|-20|-71|CG0034533|-20|-71|CG0034533|-20|-71|CG0034533|-20|-71|CG0034534|-16|-71|CG0034534|-16|-71|CG0034534|-16|-71|CG0034535|-23|-73|CG0034536|-27|-75
37|5|6|1200|11|CG0034550|-20|-77|CG0034550|-20|-77|CG0034551|-20|-77|CG0034551|-20|-77|CG0034551|-20|-77|CG0034551|-20|-77|CG0034552|-21|-75|CG0034552|-21|-75|CG0034553|-20|-73|CG0034553|-20|-73|CG0034553|-20|-73
37|5|7|800|9|CG0035027|-15|-75|CG0035027|-15|-75|CG0035028|-20|-66|CG0035028|-20|-66|CG0035029|-20|-60|CG0035029|-20|-60|CG0035029|-20|-60|CG0035030|-35|-47|CG0035031|-27|-52
37|5|8|1000|2|CG0034545|-19|-68|CG0034546|-20|-81
37|5|9|1000|1|CG0034547|-19|-60
37|5|10|1200|12|CG0034539|-19|-76|CG0034539|-19|-76|CG0034539|-19|-76|CG0034540|-21|-70|CG0034540|-21|-70|CG0034541|-27|-51|CG0034541|-27|-51|CG0034541|-27|-51|CG0034541|-27|-51|CG0034542|-26|-43|CG0034543|-25|-27|CG0034544|-24|-19
37|6|0|1000|4|CG0034597|-15|-76|CG0034598|-16|-76|CG0034599|-18|-76|CG0034598|-16|-76
37|6|1|1000|6|CG0034602|-18|-76|CG0034603|-15|-77|CG0034604|-24|-75|CG0034605|-15|-76|CG0034606|-21|-78|CG0034607|-25|-75
37|6|2|400|1|CG0188642|-38|-63
37|6|3|500|6|CG0035052|-19|-70|CG0035053|-24|-71|CG0035054|-27|-72|CG0035055|-21|-69|CG0035056|-16|-70|CG0035057|-27|-72
37|6|4|250|2|CG0039836|-21|-74|CG0039837|-26|-71
37|6|5|1300|15|CG0034570|-12|-75|CG0034570|-12|-75|CG0034571|-32|-106|CG0034571|-32|-106|CG0034572|-51|-74|CG0034572|-51|-74|CG0034573|-37|-71|CG0034573|-37|-71|CG0034573|-37|-71|CG0034573|-37|-71|CG0034574|-42|-72|CG0034574|-42|-72|CG0034574|-42|-72|CG0034575|-29|-73|CG0034576|-16|-75
37|6|6|1200|11|CG0034590|-18|-76|CG0034590|-18|-76|CG0034591|-27|-77|CG0034591|-27|-77|CG0034591|-27|-77|CG0034591|-27|-77|CG0034592|-27|-75|CG0034592|-27|-75|CG0034593|-27|-74|CG0034593|-27|-74|CG0034593|-27|-74
37|6|7|800|9|CG0035093|-18|-74|CG0035093|-18|-74|CG0035094|-31|-67|CG0035094|-31|-67|CG0035095|-31|-62|CG0035095|-31|-62|CG0035095|-31|-62|CG0035096|-48|-50|CG0035097|-34|-61
37|6|8|1000|2|CG0034585|-23|-69|CG0034586|-23|-78
37|6|9|1000|1|CG0034587|-27|-61
37|6|10|1200|12|CG0034579|-17|-75|CG0034579|-17|-75|CG0034579|-17|-75|CG0034580|-18|-70|CG0034580|-18|-70|CG0034581|-18|-50|CG0034581|-18|-50|CG0034581|-18|-50|CG0034581|-18|-50|CG0034582|-23|-43|CG0034583|-35|-27|CG0034584|-43|-22
37|7|0|1000|4|CG0034637|-23|-74|CG0034638|-20|-74|CG0034639|-18|-75|CG0034638|-20|-74
37|7|1|1000|6|CG0034642|-18|-75|CG0034643|-17|-76|CG0034644|-24|-74|CG0034645|-18|-75|CG0034646|-17|-76|CG0034647|-24|-74
37|7|2|400|1|CG0188687|-44|-60
37|7|3|500|6|CG0035118|-20|-72|CG0035119|-20|-73|CG0035120|-29|-74|CG0035121|-19|-71|CG0035122|-22|-73|CG0035123|-29|-75
37|7|4|250|2|CG0039906|-32|-76|CG0039907|-37|-75
37|7|5|1300|15|CG0034610|-17|-74|CG0034610|-17|-74|CG0034611|-31|-106|CG0034611|-31|-106|CG0034612|-46|-80|CG0034612|-46|-80|CG0034613|-42|-76|CG0034613|-42|-76|CG0034613|-42|-76|CG0034613|-42|-76|CG0034614|-43|-73|CG0034614|-43|-73|CG0034614|-43|-73|CG0034615|-31|-73|CG0034616|-22|-74
37|7|6|1200|11|CG0034630|-28|-74|CG0034630|-28|-74|CG0034631|-24|-74|CG0034631|-24|-74|CG0034631|-24|-74|CG0034631|-24|-74|CG0034632|-19|-75|CG0034632|-19|-75|CG0034633|-19|-74|CG0034633|-19|-74|CG0034633|-19|-74
37|7|7|800|9|CG0035159|-18|-73|CG0035159|-18|-73|CG0035160|-27|-69|CG0035160|-27|-69|CG0035161|-27|-66|CG0035161|-27|-66|CG0035161|-27|-66|CG0035162|-39|-61|CG0035163|-39|-67
37|7|8|1000|2|CG0034625|-24|-72|CG0034626|-27|-68
37|7|9|1000|1|CG0034627|-34|-64
37|7|10|1200|12|CG0034619|-22|-72|CG0034619|-22|-72|CG0034619|-22|-72|CG0034620|-18|-66|CG0034620|-18|-66|CG0034621|-23|-50|CG0034621|-23|-50|CG0034621|-23|-50|CG0034621|-23|-50|CG0034622|-38|-46|CG0034623|-51|-37|CG0034624|-60|-20
