32|0|0|1000|4|CG0032342|-17|-73|CG0032343|-16|-73|CG0032344|-16|-73|CG0032343|-16|-73
32|0|1|1000|6|CG0032356|-13|-73|CG0032357|-19|-75|CG0032358|-22|-73|CG0032359|-18|-74|CG0032360|-15|-75|CG0032361|-24|-73
32|0|2|400|1|CG0188372|-32|-70
32|0|3|500|6|CG0032304|-22|-75|CG0032305|-16|-76|CG0032306|-27|-77|CG0032307|-17|-73|CG0032308|-24|-75|CG0032309|-28|-77
32|0|4|250|2|CG0039416|-28|-75|CG0039417|-32|-75
32|0|5|800|18|CG0032298|-21|-70|CG0032298|-21|-70|CG0032299|-25|-70|CG0032299|-25|-70|CG0032300|-31|-71|CG0032300|-31|-71|CG0032301|-38|-79|CG0032301|-38|-79|CG0032301|-38|-79|CG0032301|-38|-79|CG0032302|-38|-78|CG0032302|-38|-78|CG0032302|-38|-78|CG0032302|-38|-78|CG0032303|-31|-74|CG0032303|-31|-74|CG0032303|-31|-74|CG0032303|-31|-74
32|0|6|1200|11|CG0032331|-23|-73|CG0032331|-23|-73|CG0032332|-16|-74|CG0032332|-16|-74|CG0032332|-16|-74|CG0032332|-16|-74|CG0032333|-16|-74|CG0032333|-16|-74|CG0032334|-16|-75|CG0032334|-16|-75|CG0032334|-16|-75
32|0|7|800|9|CG0032345|-16|-72|CG0032345|-16|-72|CG0032346|-19|-71|CG0032346|-19|-71|CG0032347|-21|-70|CG0032347|-21|-70|CG0032347|-21|-70|CG0032348|-32|-68|CG0032349|-33|-67
32|0|8|1000|2|CG0032322|-27|-75|CG0032323|-26|-59
32|0|9|1000|1|CG0032328|-28|-68
32|0|10|1200|12|CG0032316|-16|-70|CG0032316|-16|-70|CG0032316|-16|-70|CG0032317|-13|-62|CG0032317|-13|-62|CG0032318|-22|-53|CG0032318|-22|-53|CG0032318|-22|-53|CG0032318|-22|-53|CG0032319|-34|-55|CG0032320|-47|-52|CG0032321|-50|-37
32|1|0|1000|4|CG0032408|-19|-72|CG0032409|-19|-72|CG0032410|-19|-72|CG0032409|-19|-72
32|1|1|1000|6|CG0032422|-18|-72|CG0032423|-18|-74|CG0032424|-18|-72|CG0032425|-18|-73|CG0032426|-17|-74|CG0032427|-17|-72
32|1|2|400|1|CG0188417|-17|-71
32|1|3|500|6|CG0032370|-18|-75|CG0032371|-17|-76|CG0032372|-17|-78|CG0032373|-17|-74|CG0032374|-18|-76|CG0032375|-18|-78
32|1|4|250|2|CG0039486|-17|-70|CG0039487|-17|-72
32|1|5|800|18|CG0032364|-19|-70|CG0032364|-19|-70|CG0032365|-19|-69|CG0032365|-19|-69|CG0032366|-19|-72|CG0032366|-19|-72|CG0032367|-18|-83|CG0032367|-18|-83|CG0032367|-18|-83|CG0032367|-18|-83|CG0032368|-18|-82|CG0032368|-18|-82|CG0032368|-18|-82|CG0032368|-18|-82|CG0032369|-18|-75|CG0032369|-18|-75|CG0032369|-18|-75|CG0032369|-18|-75
32|1|6|1200|11|CG0032397|-21|-72|CG0032397|-21|-72|CG0032398|-19|-76|CG0032398|-19|-76|CG0032398|-19|-76|CG0032398|-19|-76|CG0032399|-18|-73|CG0032399|-18|-73|CG0032400|-17|-75|CG0032400|-17|-75|CG0032400|-17|-75
32|1|7|800|9|CG0032411|-20|-72|CG0032411|-20|-72|CG0032412|-23|-73|CG0032412|-23|-73|CG0032413|-23|-72|CG0032413|-23|-72|CG0032413|-23|-72|CG0032414|-21|-72|CG0032415|-22|-72
32|1|8|1000|2|CG0032388|-19|-75|CG0032389|-31|-55
32|1|9|1000|1|CG0032394|-17|-69
32|1|10|1200|12|CG0032382|-20|-69|CG0032382|-20|-69|CG0032382|-20|-69|CG0032383|-20|-61|CG0032383|-20|-61|CG0032384|-26|-56|CG0032384|-26|-56|CG0032384|-26|-56|CG0032384|-26|-56|CG0032385|-25|-62|CG0032386|-27|-60|CG0032387|-23|-45
32|2|0|1000|4|CG0032474|-21|-73|CG0032475|-21|-73|CG0032476|-21|-73|CG0032475|-21|-73
32|2|1|1000|6|CG0032488|-21|-73|CG0032489|-21|-75|CG0032490|-23|-73|CG0032491|-21|-74|CG0032492|-21|-75|CG0032493|-21|-73
32|2|2|400|1|CG0188462|-33|-62
32|2|3|500|6|CG0032436|-25|-75|CG0032437|-24|-76|CG0032438|-26|-77|CG0032439|-24|-73|CG0032440|-25|-75|CG0032441|-32|-77
32|2|4|250|2|CG0039556|-19|-72|CG0039557|-14|-73
32|2|5|800|18|CG0032430|-22|-71|CG0032430|-22|-71|CG0032431|-21|-70|CG0032431|-21|-70|CG0032432|-17|-72|CG0032432|-17|-72|CG0032433|-2|-80|CG0032433|-2|-80|CG0032433|-2|-80|CG0032433|-2|-80|CG0032434|-3|-79|CG0032434|-3|-79|CG0032434|-3|-79|CG0032434|-3|-79|CG0032435|-13|-75|CG0032435|-13|-75|CG0032435|-13|-75|CG0032435|-13|-75
32|2|6|1200|11|CG0032463|-22|-73|CG0032463|-22|-73|CG0032464|-23|-75|CG0032464|-23|-75|CG0032464|-23|-75|CG0032464|-23|-75|CG0032465|-20|-74|CG0032465|-20|-74|CG0032466|-18|-75|CG0032466|-18|-75|CG0032466|-18|-75
32|2|7|800|9|CG0032477|-23|-73|CG0032477|-23|-73|CG0032478|-23|-72|CG0032478|-23|-72|CG0032479|-24|-71|CG0032479|-24|-71|CG0032479|-24|-71|CG0032480|-23|-70|CG0032481|-24|-70
32|2|8|1000|2|CG0032454|-13|-75|CG0032455|-34|-58
32|2|9|1000|1|CG0032460|-24|-67
32|2|10|1200|12|CG0032448|-22|-70|CG0032448|-22|-70|CG0032448|-22|-70|CG0032449|-24|-62|CG0032449|-24|-62|CG0032450|-31|-58|CG0032450|-31|-58|CG0032450|-31|-58|CG0032450|-31|-58|CG0032451|-31|-62|CG0032452|-23|-57|CG0032453|-25|-41
32|3|0|1000|4|CG0032540|-21|-75|CG0032541|-21|-75|CG0032542|-21|-74|CG0032541|-21|-75
32|3|1|1000|6|CG0032554|-20|-75|CG0032555|-20|-76|CG0032556|-25|-74|CG0032557|-21|-75|CG0032558|-20|-76|CG0032559|-26|-74
32|3|2|400|1|CG0188507|-36|-53
32|3|3|500|6|CG0032502|-26|-72|CG0032503|-27|-73|CG0032504|-31|-74|CG0032505|-28|-71|CG0032506|-28|-73|CG0032507|-32|-75
32|3|4|250|2|CG0039626|-21|-71|CG0039627|-15|-70
32|3|5|800|18|CG0032496|-21|-72|CG0032496|-21|-72|CG0032497|-20|-72|CG0032497|-20|-72|CG0032498|-13|-72|CG0032498|-13|-72|CG0032499|-2|-70|CG0032499|-2|-70|CG0032499|-2|-70|CG0032499|-2|-70|CG0032500|-4|-70|CG0032500|-4|-70|CG0032500|-4|-70|CG0032500|-4|-70|CG0032501|-9|-72|CG0032501|-9|-72|CG0032501|-9|-72|CG0032501|-9|-72
32|3|6|1200|11|CG0032529|-22|-75|CG0032529|-22|-75|CG0032530|-23|-75|CG0032530|-23|-75|CG0032530|-23|-75|CG0032530|-23|-75|CG0032531|-20|-75|CG0032531|-20|-75|CG0032532|-16|-74|CG0032532|-16|-74|CG0032532|-16|-74
32|3|7|800|9|CG0032543|-21|-75|CG0032543|-21|-75|CG0032544|-19|-70|CG0032544|-19|-70|CG0032545|-19|-67|CG0032545|-19|-67|CG0032545|-19|-67|CG0032546|-20|-62|CG0032547|-22|-62
32|3|8|1000|2|CG0032520|-10|-72|CG0032521|-40|-68
32|3|9|1000|1|CG0032526|-25|-64
32|3|10|1200|12|CG0032514|-22|-72|CG0032514|-22|-72|CG0032514|-22|-72|CG0032515|-26|-66|CG0032515|-26|-66|CG0032516|-29|-58|CG0032516|-29|-58|CG0032516|-29|-58|CG0032516|-29|-58|CG0032517|-30|-56|CG0032518|-24|-46|CG0032519|-24|-27
32|4|0|1000|4|CG0032606|-21|-76|CG0032607|-21|-76|CG0032608|-21|-76|CG0032607|-21|-76
32|4|1|1000|6|CG0032620|-21|-76|CG0032621|-21|-78|CG0032622|-21|-75|CG0032623|-21|-76|CG0032624|-21|-77|CG0032625|-23|-75
32|4|2|400|1|CG0188552|-25|-51
32|4|3|500|6|CG0032568|-22|-70|CG0032569|-22|-71|CG0032570|-31|-72|CG0032571|-24|-69|CG0032572|-24|-70|CG0032573|-24|-72
32|4|4|250|2|CG0039696|-32|-72|CG0039697|-28|-69
32|4|5|800|18|CG0032562|-21|-74|CG0032562|-21|-74|CG0032563|-20|-73|CG0032563|-20|-73|CG0032564|-15|-70|CG0032564|-15|-70|CG0032565|-9|-59|CG0032565|-9|-59|CG0032565|-9|-59|CG0032565|-9|-59|CG0032566|-9|-60|CG0032566|-9|-60|CG0032566|-9|-60|CG0032566|-9|-60|CG0032567|-13|-69|CG0032567|-13|-69|CG0032567|-13|-69|CG0032567|-13|-69
32|4|6|1200|11|CG0032595|-22|-77|CG0032595|-22|-77|CG0032596|-22|-77|CG0032596|-22|-77|CG0032596|-22|-77|CG0032596|-22|-77|CG0032597|-21|-75|CG0032597|-21|-75|CG0032598|-19|-73|CG0032598|-19|-73|CG0032598|-19|-73
32|4|7|800|9|CG0032609|-20|-76|CG0032609|-20|-76|CG0032610|-14|-68|CG0032610|-14|-68|CG0032611|-14|-63|CG0032611|-14|-63|CG0032611|-14|-63|CG0032612|-16|-52|CG0032613|-22|-52
32|4|8|1000|2|CG0032586|-13|-69|CG0032587|-33|-78
32|4|9|1000|1|CG0032592|-15|-61
32|4|10|1200|12|CG0032580|-22|-75|CG0032580|-22|-75|CG0032580|-22|-75|CG0032581|-25|-69|CG0032581|-25|-69|CG0032582|-22|-55|CG0032582|-22|-55|CG0032582|-22|-55|CG0032582|-22|-55|CG0032583|-29|-48|CG0032584|-28|-33|CG0032585|-30|-20
32|5|0|1000|4|CG0032672|-19|-76|CG0032673|-19|-76|CG0032674|-19|-76|CG0032673|-19|-76
32|5|1|1000|6|CG0032686|-17|-76|CG0032687|-18|-77|CG0032688|-17|-75|CG0032689|-17|-76|CG0032690|-17|-77|CG0032691|-17|-75
32|5|2|400|1|CG0188597|-19|-60
32|5|3|500|6|CG0032634|-19|-68|CG0032635|-17|-69|CG0032636|-17|-70|CG0032637|-17|-67|CG0032638|-17|-69|CG0032639|-17|-70
32|5|4|250|2|CG0039766|-27|-73|CG0039767|-27|-70
32|5|5|800|18|CG0032628|-17|-73|CG0032628|-17|-73|CG0032629|-15|-73|CG0032629|-15|-73|CG0032630|-15|-69|CG0032630|-15|-69|CG0032631|-17|-54|CG0032631|-17|-54|CG0032631|-17|-54|CG0032631|-17|-54|CG0032632|-17|-56|CG0032632|-17|-56|CG0032632|-17|-56|CG0032632|-17|-56|CG0032633|-16|-67|CG0032633|-16|-67|CG0032633|-16|-67|CG0032633|-16|-67
32|5|6|1200|11|CG0032661|-20|-77|CG0032661|-20|-77|CG0032662|-20|-77|CG0032662|-20|-77|CG0032662|-20|-77|CG0032662|-20|-77|CG0032663|-20|-75|CG0032663|-20|-75|CG0032664|-20|-73|CG0032664|-20|-73|CG0032664|-20|-73
32|5|7|800|9|CG0032675|-15|-75|CG0032675|-15|-75|CG0032676|-20|-66|CG0032676|-20|-66|CG0032677|-20|-60|CG0032677|-20|-60|CG0032677|-20|-60|CG0032678|-35|-47|CG0032679|-27|-52
32|5|8|1000|2|CG0032652|-19|-68|CG0032653|-20|-81
32|5|9|1000|1|CG0032658|-20|-60
32|5|10|1200|12|CG0032646|-19|-76|CG0032646|-19|-76|CG0032646|-19|-76|CG0032647|-21|-70|CG0032647|-21|-70|CG0032648|-27|-51|CG0032648|-27|-51|CG0032648|-27|-51|CG0032648|-27|-51|CG0032649|-26|-43|CG0032650|-25|-25|CG0032651|-24|-19
32|6|0|1000|4|CG0032738|-15|-76|CG0032739|-16|-76|CG0032740|-18|-76|CG0032739|-16|-76
32|6|1|1000|6|CG0032752|-18|-76|CG0032753|-15|-77|CG0032754|-24|-75|CG0032755|-15|-76|CG0032756|-21|-78|CG0032757|-25|-75
32|6|2|400|1|CG0188642|-38|-63
32|6|3|500|6|CG0032700|-19|-70|CG0032701|-24|-71|CG0032702|-27|-72|CG0032703|-21|-69|CG0032704|-16|-70|CG0032705|-27|-72
32|6|4|250|2|CG0039836|-21|-74|CG0039837|-26|-71
32|6|5|800|18|CG0032694|-14|-73|CG0032694|-14|-73|CG0032695|-15|-72|CG0032695|-15|-72|CG0032696|-20|-69|CG0032696|-20|-69|CG0032697|-49|-59|CG0032697|-49|-59|CG0032697|-49|-59|CG0032697|-49|-59|CG0032698|-45|-60|CG0032698|-45|-60|CG0032698|-45|-60|CG0032698|-45|-60|CG0032699|-26|-68|CG0032699|-26|-68|CG0032699|-26|-68|CG0032699|-26|-68
32|6|6|1200|11|CG0032727|-16|-76|CG0032727|-16|-76|CG0032728|-16|-77|CG0032728|-16|-77|CG0032728|-16|-77|CG0032728|-16|-77|CG0032729|-17|-75|CG0032729|-17|-75|CG0032730|-18|-74|CG0032730|-18|-74|CG0032730|-18|-74
32|6|7|800|9|CG0032741|-18|-74|CG0032741|-18|-74|CG0032742|-31|-67|CG0032742|-31|-67|CG0032743|-31|-62|CG0032743|-31|-62|CG0032743|-31|-62|CG0032744|-48|-50|CG0032745|-34|-61
32|6|8|1000|2|CG0032718|-23|-69|CG0032719|-23|-78
32|6|9|1000|1|CG0032724|-26|-61
32|6|10|1200|12|CG0032712|-17|-75|CG0032712|-17|-75|CG0032712|-17|-75|CG0032713|-18|-70|CG0032713|-18|-70|CG0032714|-18|-50|CG0032714|-18|-50|CG0032714|-18|-50|CG0032714|-18|-50|CG0032715|-20|-43|CG0032716|-35|-27|CG0032717|-43|-22
32|7|0|1000|4|CG0032804|-11|-74|CG0032805|-11|-74|CG0032806|-11|-75|CG0032805|-11|-74
32|7|1|1000|6|CG0032818|-12|-75|CG0032819|-15|-76|CG0032820|-24|-74|CG0032821|-13|-75|CG0032822|-17|-76|CG0032823|-24|-74
32|7|2|400|1|CG0188687|-44|-60
32|7|3|500|6|CG0032766|-20|-72|CG0032767|-20|-73|CG0032768|-29|-74|CG0032769|-19|-71|CG0032770|-22|-73|CG0032771|-29|-75
32|7|4|250|2|CG0039906|-32|-76|CG0039907|-37|-75
32|7|5|800|18|CG0032760|-21|-72|CG0032760|-21|-72|CG0032761|-24|-71|CG0032761|-24|-71|CG0032762|-34|-70|CG0032762|-34|-70|CG0032763|-58|-69|CG0032763|-58|-69|CG0032763|-58|-69|CG0032763|-58|-69|CG0032764|-52|-69|CG0032764|-52|-69|CG0032764|-52|-69|CG0032764|-52|-69|CG0032765|-35|-71|CG0032765|-35|-71|CG0032765|-35|-71|CG0032765|-35|-71
32|7|6|1200|11|CG0032793|-16|-74|CG0032793|-16|-74|CG0032794|-16|-74|CG0032794|-16|-74|CG0032794|-16|-74|CG0032794|-16|-74|CG0032795|-19|-75|CG0032795|-19|-75|CG0032796|-16|-74|CG0032796|-16|-74|CG0032796|-16|-74
32|7|7|800|9|CG0032807|-18|-73|CG0032807|-18|-73|CG0032808|-27|-69|CG0032808|-27|-69|CG0032809|-27|-66|CG0032809|-27|-66|CG0032809|-27|-66|CG0032810|-39|-61|CG0032811|-39|-67
32|7|8|1000|2|CG0032784|-24|-72|CG0032785|-27|-68
32|7|9|1000|1|CG0032790|-27|-64
32|7|10|1200|12|CG0032778|-13|-72|CG0032778|-13|-72|CG0032778|-13|-72|CG0032779|-13|-66|CG0032779|-13|-66|CG0032780|-19|-50|CG0032780|-19|-50|CG0032780|-19|-50|CG0032780|-19|-50|CG0032781|-33|-46|CG0032782|-51|-37|CG0032783|-60|-20
