30|0|0|1000|4|CG0031643|-17|-73|CG0031644|-16|-73|CG0031645|-16|-73|CG0031644|-16|-73
30|0|1|1000|6|CG0031648|-13|-73|CG0031649|-19|-75|CG0031650|-22|-73|CG0031651|-18|-74|CG0031652|-15|-75|CG0031653|-23|-73
30|0|2|400|1|CG0188372|-32|-70
30|0|3|500|6|CG0031617|-22|-75|CG0031618|-16|-76|CG0031619|-27|-77|CG0031620|-17|-73|CG0031621|-24|-75|CG0031622|-28|-77
30|0|4|250|2|CG0039416|-28|-75|CG0039417|-32|-75
30|0|5|1000|20|CG0031610|-22|-77|CG0031610|-22|-77|CG0031610|-22|-77|CG0031610|-22|-77|CG0031611|-21|-72|CG0031611|-21|-72|CG0031611|-21|-72|CG0031611|-21|-72|CG0031612|-27|-77|CG0031612|-27|-77|CG0031613|-62|-78|CG0031613|-62|-78|CG0031614|-58|-77|CG0031614|-58|-77|CG0031614|-58|-77|CG0031614|-58|-77|CG0031615|-49|-80|CG0031615|-49|-80|CG0031616|-25|-73|CG0031616|-25|-73
30|0|6|1200|11|CG0031636|-20|-73|CG0031636|-20|-73|CG0031637|-16|-74|CG0031637|-16|-74|CG0031637|-16|-74|CG0031637|-16|-74|CG0031638|-16|-74|CG0031638|-16|-74|CG0031639|-16|-75|CG0031639|-16|-75|CG0031639|-16|-75
30|0|7|800|9|CG0032345|-16|-72|CG0032345|-16|-72|CG0032346|-19|-71|CG0032346|-19|-71|CG0032347|-21|-70|CG0032347|-21|-70|CG0032347|-21|-70|CG0032348|-32|-68|CG0032349|-33|-67
30|0|8|1000|2|CG0031631|-27|-75|CG0031632|-26|-84
30|0|9|1000|1|CG0031633|-27|-78
30|0|10|1200|12|CG0031625|-16|-70|CG0031625|-16|-70|CG0031625|-16|-70|CG0031626|-13|-62|CG0031626|-13|-62|CG0031627|-22|-53|CG0031627|-22|-53|CG0031627|-22|-53|CG0031627|-22|-53|CG0031628|-34|-55|CG0031629|-47|-52|CG0031630|-50|-37
30|1|0|1000|4|CG0031689|-19|-72|CG0031690|-19|-72|CG0031691|-19|-72|CG0031690|-19|-72
30|1|1|1000|6|CG0031694|-18|-72|CG0031695|-18|-74|CG0031696|-18|-72|CG0031697|-18|-73|CG0031698|-17|-74|CG0031699|-17|-72
30|1|2|400|1|CG0188417|-17|-71
30|1|3|500|6|CG0031663|-18|-75|CG0031664|-17|-76|CG0031665|-17|-78|CG0031666|-17|-74|CG0031667|-18|-76|CG0031668|-18|-78
30|1|4|250|2|CG0039486|-17|-70|CG0039487|-17|-72
30|1|5|1000|20|CG0031656|-20|-71|CG0031656|-20|-71|CG0031656|-20|-71|CG0031656|-20|-71|CG0031657|-20|-72|CG0031657|-20|-72|CG0031657|-20|-72|CG0031657|-20|-72|CG0031658|-19|-75|CG0031658|-19|-75|CG0031659|-22|-84|CG0031659|-22|-84|CG0031660|-28|-84|CG0031660|-28|-84|CG0031660|-28|-84|CG0031660|-28|-84|CG0031661|-25|-84|CG0031661|-25|-84|CG0031662|-19|-74|CG0031662|-19|-74
30|1|6|1200|11|CG0031682|-19|-72|CG0031682|-19|-72|CG0031683|-19|-76|CG0031683|-19|-76|CG0031683|-19|-76|CG0031683|-19|-76|CG0031684|-18|-73|CG0031684|-18|-73|CG0031685|-17|-75|CG0031685|-17|-75|CG0031685|-17|-75
30|1|7|800|9|CG0032411|-20|-72|CG0032411|-20|-72|CG0032412|-23|-73|CG0032412|-23|-73|CG0032413|-23|-72|CG0032413|-23|-72|CG0032413|-23|-72|CG0032414|-21|-72|CG0032415|-22|-72
30|1|8|1000|2|CG0031677|-19|-75|CG0031678|-31|-81
30|1|9|1000|1|CG0031679|-17|-73
30|1|10|1200|12|CG0031671|-20|-69|CG0031671|-20|-69|CG0031671|-20|-69|CG0031672|-21|-61|CG0031672|-21|-61|CG0031673|-26|-56|CG0031673|-26|-56|CG0031673|-26|-56|CG0031673|-26|-56|CG0031674|-25|-62|CG0031675|-27|-60|CG0031676|-23|-45
30|2|0|1000|4|CG0031735|-21|-73|CG0031736|-21|-73|CG0031737|-21|-73|CG0031736|-21|-73
30|2|1|1000|6|CG0031740|-21|-73|CG0031741|-21|-75|CG0031742|-23|-73|CG0031743|-21|-74|CG0031744|-21|-75|CG0031745|-21|-73
30|2|2|400|1|CG0188462|-33|-62
30|2|3|500|6|CG0031709|-25|-75|CG0031710|-24|-76|CG0031711|-26|-77|CG0031712|-24|-73|CG0031713|-25|-75|CG0031714|-32|-77
30|2|4|250|2|CG0039556|-19|-72|CG0039557|-14|-73
30|2|5|1000|20|CG0031702|-21|-72|CG0031702|-21|-72|CG0031702|-21|-72|CG0031702|-21|-72|CG0031703|-24|-72|CG0031703|-24|-72|CG0031703|-24|-72|CG0031703|-24|-72|CG0031704|-17|-74|CG0031704|-17|-74|CG0031705|-5|-79|CG0031705|-5|-79|CG0031706|-6|-78|CG0031706|-6|-78|CG0031706|-6|-78|CG0031706|-6|-78|CG0031707|-7|-79|CG0031707|-7|-79|CG0031708|-16|-73|CG0031708|-16|-73
30|2|6|1200|11|CG0031728|-22|-73|CG0031728|-22|-73|CG0031729|-23|-75|CG0031729|-23|-75|CG0031729|-23|-75|CG0031729|-23|-75|CG0031730|-20|-74|CG0031730|-20|-74|CG0031731|-18|-75|CG0031731|-18|-75|CG0031731|-18|-75
30|2|7|800|9|CG0032477|-23|-73|CG0032477|-23|-73|CG0032478|-23|-72|CG0032478|-23|-72|CG0032479|-24|-71|CG0032479|-24|-71|CG0032479|-24|-71|CG0032480|-23|-70|CG0032481|-24|-70
30|2|8|1000|2|CG0031723|-13|-75|CG0031724|-34|-69
30|2|9|1000|1|CG0031725|-24|-67
30|2|10|1200|12|CG0031717|-22|-70|CG0031717|-22|-70|CG0031717|-22|-70|CG0031718|-24|-62|CG0031718|-24|-62|CG0031719|-31|-58|CG0031719|-31|-58|CG0031719|-31|-58|CG0031719|-31|-58|CG0031720|-31|-62|CG0031721|-23|-57|CG0031722|-25|-41
30|3|0|1000|4|CG0031781|-21|-75|CG0031782|-21|-75|CG0031783|-21|-74|CG0031782|-21|-75
30|3|1|1000|6|CG0031786|-20|-75|CG0031787|-20|-76|CG0031788|-25|-74|CG0031789|-21|-75|CG0031790|-20|-76|CG0031791|-26|-74
30|3|2|400|1|CG0188507|-36|-53
30|3|3|500|6|CG0031755|-26|-72|CG0031756|-27|-73|CG0031757|-31|-74|CG0031758|-28|-71|CG0031759|-28|-73|CG0031760|-32|-75
30|3|4|250|2|CG0039626|-21|-71|CG0039627|-15|-70
30|3|5|1000|20|CG0031748|-19|-73|CG0031748|-19|-73|CG0031748|-19|-73|CG0031748|-19|-73|CG0031749|-44|-73|CG0031749|-44|-73|CG0031749|-44|-73|CG0031749|-44|-73|CG0031750|-36|-74|CG0031750|-36|-74|CG0031751|2|-65|CG0031751|2|-65|CG0031752|1|-62|CG0031752|1|-62|CG0031752|1|-62|CG0031752|1|-62|CG0031753|-2|-68|CG0031753|-2|-68|CG0031754|-15|-72|CG0031754|-15|-72
30|3|6|1200|11|CG0031774|-22|-75|CG0031774|-22|-75|CG0031775|-23|-75|CG0031775|-23|-75|CG0031775|-23|-75|CG0031775|-23|-75|CG0031776|-20|-75|CG0031776|-20|-75|CG0031777|-16|-74|CG0031777|-16|-74|CG0031777|-16|-74
30|3|7|800|9|CG0032543|-21|-75|CG0032543|-21|-75|CG0032544|-19|-70|CG0032544|-19|-70|CG0032545|-19|-67|CG0032545|-19|-67|CG0032545|-19|-67|CG0032546|-20|-62|CG0032547|-22|-62
30|3|8|1000|2|CG0031769|-10|-72|CG0031770|-40|-69
30|3|9|1000|1|CG0031771|-25|-64
30|3|10|1200|12|CG0031763|-22|-72|CG0031763|-22|-72|CG0031763|-22|-72|CG0031764|-26|-66|CG0031764|-26|-66|CG0031765|-29|-58|CG0031765|-29|-58|CG0031765|-29|-58|CG0031765|-29|-58|CG0031766|-30|-56|CG0031767|-24|-46|CG0031768|-24|-27
30|4|0|1000|4|CG0031827|-21|-76|CG0031828|-21|-76|CG0031829|-21|-76|CG0031828|-21|-76
30|4|1|1000|6|CG0031832|-21|-76|CG0031833|-21|-78|CG0031834|-21|-75|CG0031835|-21|-76|CG0031836|-21|-77|CG0031837|-23|-75
30|4|2|400|1|CG0188552|-25|-51
30|4|3|500|6|CG0031801|-25|-70|CG0031802|-24|-71|CG0031803|-31|-72|CG0031804|-25|-69|CG0031805|-25|-70|CG0031806|-24|-72
30|4|4|250|2|CG0039696|-32|-72|CG0039697|-28|-69
30|4|5|1000|20|CG0031794|-22|-73|CG0031794|-22|-73|CG0031794|-22|-73|CG0031794|-22|-73|CG0031795|-40|-78|CG0031795|-40|-78|CG0031795|-40|-78|CG0031795|-40|-78|CG0031796|-35|-81|CG0031796|-35|-81|CG0031797|-3|-51|CG0031797|-3|-51|CG0031798|-6|-44|CG0031798|-6|-44|CG0031798|-6|-44|CG0031798|-6|-44|CG0031799|-2|-56|CG0031799|-2|-56|CG0031800|-18|-71|CG0031800|-18|-71
30|4|6|1200|11|CG0031820|-22|-77|CG0031820|-22|-77|CG0031821|-22|-77|CG0031821|-22|-77|CG0031821|-22|-77|CG0031821|-22|-77|CG0031822|-21|-75|CG0031822|-21|-75|CG0031823|-19|-73|CG0031823|-19|-73|CG0031823|-19|-73
30|4|7|800|9|CG0032609|-20|-76|CG0032609|-20|-76|CG0032610|-14|-68|CG0032610|-14|-68|CG0032611|-14|-63|CG0032611|-14|-63|CG0032611|-14|-63|CG0032612|-16|-52|CG0032613|-22|-52
30|4|8|1000|2|CG0031815|-13|-69|CG0031816|-33|-78
30|4|9|1000|1|CG0031817|-18|-63
30|4|10|1200|12|CG0031809|-22|-75|CG0031809|-22|-75|CG0031809|-22|-75|CG0031810|-25|-69|CG0031810|-25|-69|CG0031811|-22|-55|CG0031811|-22|-55|CG0031811|-22|-55|CG0031811|-22|-55|CG0031812|-29|-48|CG0031813|-28|-33|CG0031814|-30|-20
30|5|0|1000|4|CG0031873|-24|-76|CG0031874|-22|-76|CG0031875|-21|-76|CG0031874|-22|-76
30|5|1|1000|6|CG0031878|-18|-76|CG0031879|-18|-77|CG0031880|-17|-75|CG0031881|-18|-76|CG0031882|-18|-77|CG0031883|-18|-75
30|5|2|400|1|CG0188597|-19|-60
30|5|3|500|6|CG0031847|-23|-68|CG0031848|-23|-69|CG0031849|-23|-70|CG0031850|-23|-67|CG0031851|-23|-69|CG0031852|-23|-70
30|5|4|250|2|CG0039766|-27|-73|CG0039767|-27|-70
30|5|5|1000|20|CG0031840|-34|-73|CG0031840|-34|-73|CG0031840|-34|-73|CG0031840|-34|-73|CG0031841|-24|-89|CG0031841|-24|-89|CG0031841|-24|-89|CG0031841|-24|-89|CG0031842|-20|-89|CG0031842|-20|-89|CG0031843|-19|-43|CG0031843|-19|-43|CG0031844|-19|-36|CG0031844|-19|-36|CG0031844|-19|-36|CG0031844|-19|-36|CG0031845|-21|-50|CG0031845|-21|-50|CG0031846|-20|-71|CG0031846|-20|-71
30|5|6|1200|11|CG0031866|-21|-77|CG0031866|-21|-77|CG0031867|-21|-77|CG0031867|-21|-77|CG0031867|-21|-77|CG0031867|-21|-77|CG0031868|-20|-75|CG0031868|-20|-75|CG0031869|-19|-73|CG0031869|-19|-73|CG0031869|-19|-73
30|5|7|800|9|CG0032675|-15|-75|CG0032675|-15|-75|CG0032676|-20|-66|CG0032676|-20|-66|CG0032677|-20|-60|CG0032677|-20|-60|CG0032677|-20|-60|CG0032678|-35|-47|CG0032679|-27|-52
30|5|8|1000|2|CG0031861|-19|-68|CG0031862|-27|-81
30|5|9|1000|1|CG0031863|-22|-69
30|5|10|1200|12|CG0031855|-33|-76|CG0031855|-33|-76|CG0031855|-33|-76|CG0031856|-34|-70|CG0031856|-34|-70|CG0031857|-27|-51|CG0031857|-27|-51|CG0031857|-27|-51|CG0031857|-27|-51|CG0031858|-36|-43|CG0031859|-25|-25|CG0031860|-32|-19
30|6|0|1000|4|CG0031919|-28|-76|CG0031920|-29|-76|CG0031921|-30|-76|CG0031920|-29|-76
30|6|1|1000|6|CG0031924|-27|-76|CG0031925|-25|-77|CG0031926|-25|-75|CG0031927|-27|-76|CG0031928|-28|-78|CG0031929|-28|-75
30|6|2|400|1|CG0188642|-38|-63
30|6|3|500|6|CG0031893|-26|-70|CG0031894|-26|-71|CG0031895|-27|-72|CG0031896|-25|-69|CG0031897|-26|-70|CG0031898|-26|-72
30|6|4|250|2|CG0039836|-21|-74|CG0039837|-26|-71
30|6|5|1000|20|CG0031886|-35|-73|CG0031886|-35|-73|CG0031886|-35|-73|CG0031886|-35|-73|CG0031887|-20|-89|CG0031887|-20|-89|CG0031887|-20|-89|CG0031887|-20|-89|CG0031888|-22|-92|CG0031888|-22|-92|CG0031889|-70|-49|CG0031889|-70|-49|CG0031890|-65|-42|CG0031890|-65|-42|CG0031890|-65|-42|CG0031890|-65|-42|CG0031891|-61|-57|CG0031891|-61|-57|CG0031892|-42|-72|CG0031892|-42|-72
30|6|6|1200|11|CG0031912|-31|-76|CG0031912|-31|-76|CG0031913|-31|-77|CG0031913|-31|-77|CG0031913|-31|-77|CG0031913|-31|-77|CG0031914|-31|-75|CG0031914|-31|-75|CG0031915|-31|-74|CG0031915|-31|-74|CG0031915|-31|-74
30|6|7|800|9|CG0032741|-18|-74|CG0032741|-18|-74|CG0032742|-31|-67|CG0032742|-31|-67|CG0032743|-31|-62|CG0032743|-31|-62|CG0032743|-31|-62|CG0032744|-48|-50|CG0032745|-34|-61
30|6|8|1000|2|CG0031907|-42|-69|CG0031908|-23|-78
30|6|9|1000|1|CG0031909|-27|-76
30|6|10|1200|12|CG0031901|-37|-75|CG0031901|-37|-75|CG0031901|-37|-75|CG0031902|-34|-70|CG0031902|-34|-70|CG0031903|-36|-50|CG0031903|-36|-50|CG0031903|-36|-50|CG0031903|-36|-50|CG0031904|-45|-43|CG0031905|-52|-27|CG0031906|-58|-22
30|7|0|1000|4|CG0031965|-17|-74|CG0031966|-20|-74|CG0031967|-22|-75|CG0031966|-20|-74
30|7|1|1000|6|CG0031970|-21|-75|CG0031971|-19|-76|CG0031972|-24|-74|CG0031973|-21|-75|CG0031974|-22|-76|CG0031975|-24|-74
30|7|2|400|1|CG0188687|-44|-60
30|7|3|500|6|CG0031939|-20|-72|CG0031940|-20|-73|CG0031941|-29|-74|CG0031942|-19|-71|CG0031943|-22|-73|CG0031944|-29|-75
30|7|4|250|2|CG0039906|-32|-76|CG0039907|-37|-75
30|7|5|1000|20|CG0031932|-21|-76|CG0031932|-21|-76|CG0031932|-21|-76|CG0031932|-21|-76|CG0031933|-24|-79|CG0031933|-24|-79|CG0031933|-24|-79|CG0031933|-24|-79|CG0031934|-33|-86|CG0031934|-33|-86|CG0031935|-93|-64|CG0031935|-93|-64|CG0031936|-86|-60|CG0031936|-86|-60|CG0031936|-86|-60|CG0031936|-86|-60|CG0031937|-74|-71|CG0031937|-74|-71|CG0031938|-38|-73|CG0031938|-38|-73
30|7|6|1200|11|CG0031958|-24|-74|CG0031958|-24|-74|CG0031959|-24|-74|CG0031959|-24|-74|CG0031959|-24|-74|CG0031959|-24|-74|CG0031960|-25|-75|CG0031960|-25|-75|CG0031961|-26|-74|CG0031961|-26|-74|CG0031961|-26|-74
30|7|7|800|9|CG0032807|-18|-73|CG0032807|-18|-73|CG0032808|-27|-69|CG0032808|-27|-69|CG0032809|-27|-66|CG0032809|-27|-66|CG0032809|-27|-66|CG0032810|-39|-61|CG0032811|-39|-67
30|7|8|1000|2|CG0031953|-43|-72|CG0031954|-27|-81
30|7|9|1000|1|CG0031955|-26|-80
30|7|10|1200|12|CG0031947|-21|-72|CG0031947|-21|-72|CG0031947|-21|-72|CG0031948|-16|-66|CG0031948|-16|-66|CG0031949|-29|-50|CG0031949|-29|-50|CG0031949|-29|-50|CG0031949|-29|-50|CG0031950|-33|-46|CG0031951|-53|-37|CG0031952|-60|-20
