48|0|0|1200|4|CG0038699|-16|-83|CG0038700|-16|-83|CG0038701|-16|-83|CG0038700|-16|-83
48|0|1|1000|6|CG0038704|-20|-83|CG0038705|-16|-85|CG0038706|-23|-83|CG0038707|-15|-83|CG0038708|-19|-85|CG0038709|-23|-84
48|0|2|400|1|CG0188372|-32|-70
48|0|3|500|6|CG0038674|-27|-86|CG0038675|-23|-84|CG0038676|-26|-83|CG0038677|-25|-85|CG0038678|-29|-84|CG0038679|-27|-83
48|0|4|250|2|CG0039416|-28|-75|CG0039417|-32|-75
48|0|5|1000|28|CG0038666|-21|-81|CG0038666|-21|-81|CG0038666|-21|-81|CG0038666|-21|-81|CG0038667|-23|-83|CG0038667|-23|-83|CG0038667|-23|-83|CG0038667|-23|-83|CG0038668|-27|-86|CG0038668|-27|-86|CG0038668|-27|-86|CG0038668|-27|-86|CG0038669|-41|-95|CG0038669|-41|-95|CG0038670|-59|-83|CG0038670|-59|-83|CG0038671|-59|-82|CG0038671|-59|-82|CG0038671|-59|-82|CG0038671|-59|-82|CG0038671|-59|-82|CG0038671|-59|-82|CG0038672|-27|-87|CG0038672|-27|-87|CG0038672|-27|-87|CG0038672|-27|-87|CG0038673|-22|-80|CG0038673|-22|-80
48|0|6|1000|7|CG0038693|-21|-83|CG0038693|-21|-83|CG0038694|-40|-82|CG0038695|-16|-98|CG0038695|-16|-98|CG0038695|-16|-98|CG0038695|-16|-98
48|0|7|1200|12|CG0039453|-21|-83|CG0039454|-16|-80|CG0039454|-16|-80|CG0039455|-9|-79|CG0039455|-9|-79|CG0039456|-17|-81|CG0039456|-17|-81|CG0039457|-43|-88|CG0039458|-45|-86|CG0039459|-50|-86|CG0039459|-50|-86|CG0039460|-32|-87
48|0|8|1000|2|CG0038688|-32|-78|CG0038689|-25|-56
48|0|9|1000|1|CG0038690|-34|-75
48|0|10|1200|9|CG0038682|-16|-83|CG0038682|-16|-83|CG0038683|-24|-86|CG0038683|-24|-86|CG0038684|-35|-77|CG0038684|-35|-77|CG0038685|-46|-74|CG0038686|-58|-64|CG0038687|-65|-54
48|1|0|1200|4|CG0038745|-21|-80|CG0038746|-20|-81|CG0038747|-19|-81|CG0038746|-20|-81
48|1|1|1000|6|CG0038750|-20|-81|CG0038751|-20|-82|CG0038752|-19|-80|CG0038753|-20|-81|CG0038754|-20|-83|CG0038755|-20|-82
48|1|2|400|1|CG0188417|-17|-71
48|1|3|500|6|CG0038720|-25|-86|CG0038721|-25|-84|CG0038722|-25|-83|CG0038723|-25|-85|CG0038724|-20|-84|CG0038725|-19|-83
48|1|4|250|2|CG0039486|-17|-70|CG0039487|-17|-72
48|1|5|1000|28|CG0038712|-17|-75|CG0038712|-17|-75|CG0038712|-17|-75|CG0038712|-17|-75|CG0038713|-22|-82|CG0038713|-22|-82|CG0038713|-22|-82|CG0038713|-22|-82|CG0038714|-24|-87|CG0038714|-24|-87|CG0038714|-24|-87|CG0038714|-24|-87|CG0038715|-21|-92|CG0038715|-21|-92|CG0038716|-15|-89|CG0038716|-15|-89|CG0038717|-15|-88|CG0038717|-15|-88|CG0038717|-15|-88|CG0038717|-15|-88|CG0038717|-15|-88|CG0038717|-15|-88|CG0038718|-15|-86|CG0038718|-15|-86|CG0038718|-15|-86|CG0038718|-15|-86|CG0038719|-17|-75|CG0038719|-17|-75
48|1|6|1000|7|CG0038739|-20|-80|CG0038739|-20|-80|CG0038740|-19|-80|CG0038741|-19|-98|CG0038741|-19|-98|CG0038741|-19|-98|CG0038741|-19|-98
48|1|7|1200|12|CG0039523|-22|-79|CG0039524|-20|-74|CG0039524|-20|-74|CG0039525|-19|-74|CG0039525|-19|-74|CG0039526|-15|-74|CG0039526|-15|-74|CG0039527|-21|-88|CG0039528|-33|-92|CG0039529|-30|-93|CG0039529|-30|-93|CG0039530|-23|-88
48|1|8|1000|2|CG0038734|-26|-79|CG0038735|-31|-51
48|1|9|1000|1|CG0038736|-21|-75
48|1|10|1200|9|CG0038728|-20|-81|CG0038728|-20|-81|CG0038729|-19|-85|CG0038729|-19|-85|CG0038730|-18|-79|CG0038730|-18|-79|CG0038731|-19|-79|CG0038732|-20|-70|CG0038733|-21|-64
48|2|0|1200|4|CG0038791|-23|-77|CG0038792|-22|-78|CG0038793|-22|-78|CG0038792|-22|-78
48|2|1|1000|6|CG0038796|-22|-78|CG0038797|-22|-79|CG0038798|-21|-77|CG0038799|-22|-78|CG0038800|-22|-80|CG0038801|-22|-79
48|2|2|400|1|CG0188462|-33|-62
48|2|3|500|6|CG0038766|-18|-81|CG0038767|-17|-79|CG0038768|-24|-78|CG0038769|-14|-80|CG0038770|-26|-79|CG0038771|-28|-78
48|2|4|250|2|CG0039556|-19|-72|CG0039557|-14|-73
48|2|5|1000|28|CG0038758|-24|-74|CG0038758|-24|-74|CG0038758|-24|-74|CG0038758|-24|-74|CG0038759|-23|-79|CG0038759|-23|-79|CG0038759|-23|-79|CG0038759|-23|-79|CG0038760|-16|-84|CG0038760|-16|-84|CG0038760|-16|-84|CG0038760|-16|-84|CG0038761|-5|-85|CG0038761|-5|-85|CG0038762|-11|-80|CG0038762|-11|-80|CG0038763|-12|-79|CG0038763|-12|-79|CG0038763|-12|-79|CG0038763|-12|-79|CG0038763|-12|-79|CG0038763|-12|-79|CG0038764|-3|-78|CG0038764|-3|-78|CG0038764|-3|-78|CG0038764|-3|-78|CG0038765|-22|-72|CG0038765|-22|-72
48|2|6|1000|7|CG0038785|-23|-77|CG0038785|-23|-77|CG0038786|-23|-77|CG0038787|-23|-95|CG0038787|-23|-95|CG0038787|-23|-95|CG0038787|-23|-95
48|2|7|1200|12|CG0039593|-22|-80|CG0039594|-26|-76|CG0039594|-26|-76|CG0039595|-27|-76|CG0039595|-27|-76|CG0039596|-35|-74|CG0039596|-35|-74|CG0039597|-8|-83|CG0039598|-15|-87|CG0039599|-13|-89|CG0039599|-13|-89|CG0039600|-13|-83
48|2|8|1000|2|CG0038780|-16|-78|CG0038781|-43|-61
48|2|9|1000|1|CG0038782|-11|-73
48|2|10|1200|9|CG0038774|-22|-78|CG0038774|-22|-78|CG0038775|-15|-81|CG0038775|-15|-81|CG0038776|-16|-72|CG0038776|-16|-72|CG0038777|-16|-69|CG0038778|-16|-62|CG0038779|-15|-54
48|3|0|1200|4|CG0038837|-34|-80|CG0038838|-32|-80|CG0038839|-29|-79|CG0038838|-32|-80
48|3|1|1000|6|CG0038842|-36|-80|CG0038843|-34|-81|CG0038844|-34|-79|CG0038845|-36|-80|CG0038846|-37|-82|CG0038847|-38|-81
48|3|2|400|1|CG0188507|-36|-53
48|3|3|500|6|CG0038812|-23|-79|CG0038813|-28|-78|CG0038814|-35|-77|CG0038815|-23|-79|CG0038816|-28|-78|CG0038817|-30|-76
48|3|4|250|2|CG0039626|-21|-71|CG0039627|-15|-70
48|3|5|1000|28|CG0038804|-54|-76|CG0038804|-54|-76|CG0038804|-54|-76|CG0038804|-54|-76|CG0038805|-47|-79|CG0038805|-47|-79|CG0038805|-47|-79|CG0038805|-47|-79|CG0038806|-33|-81|CG0038806|-33|-81|CG0038806|-33|-81|CG0038806|-33|-81|CG0038807|2|-76|CG0038807|2|-76|CG0038808|-2|-65|CG0038808|-2|-65|CG0038809|-2|-64|CG0038809|-2|-64|CG0038809|-2|-64|CG0038809|-2|-64|CG0038809|-2|-64|CG0038809|-2|-64|CG0038810|-2|-72|CG0038810|-2|-72|CG0038810|-2|-72|CG0038810|-2|-72|CG0038811|-34|-76|CG0038811|-34|-76
48|3|6|1000|7|CG0038831|-22|-80|CG0038831|-22|-80|CG0038832|-22|-79|CG0038833|-21|-89|CG0038833|-21|-89|CG0038833|-21|-89|CG0038833|-21|-89
48|3|7|1200|12|CG0039663|-20|-80|CG0039664|-34|-80|CG0039664|-34|-80|CG0039665|-40|-79|CG0039665|-40|-79|CG0039666|-39|-77|CG0039666|-39|-77|CG0039667|-16|-79|CG0039668|-10|-80|CG0039669|-8|-78|CG0039669|-8|-78|CG0039670|-9|-81
48|3|8|1000|2|CG0038826|-22|-76|CG0038827|-52|-67
48|3|9|1000|1|CG0038828|-16|-70
48|3|10|1200|9|CG0038820|-35|-80|CG0038820|-35|-80|CG0038821|-23|-79|CG0038821|-23|-79|CG0038822|-9|-63|CG0038822|-9|-63|CG0038823|-10|-55|CG0038824|-10|-43|CG0038825|-9|-26
48|4|0|1200|4|CG0038883|-31|-80|CG0038884|-33|-80|CG0038885|-35|-80|CG0038884|-33|-80
48|4|1|1000|6|CG0038888|-36|-80|CG0038889|-35|-81|CG0038890|-34|-79|CG0038891|-36|-80|CG0038892|-36|-82|CG0038893|-37|-81
48|4|2|400|1|CG0188552|-25|-51
48|4|3|500|6|CG0038858|-34|-74|CG0038859|-34|-73|CG0038860|-33|-71|CG0038861|-34|-74|CG0038862|-34|-73|CG0038863|-34|-72
48|4|4|250|2|CG0039696|-32|-72|CG0039697|-28|-69
48|4|5|1000|28|CG0038850|-52|-76|CG0038850|-52|-76|CG0038850|-52|-76|CG0038850|-52|-76|CG0038851|-44|-77|CG0038851|-44|-77|CG0038851|-44|-77|CG0038851|-44|-77|CG0038852|-40|-75|CG0038852|-40|-75|CG0038852|-40|-75|CG0038852|-40|-75|CG0038853|-17|-63|CG0038853|-17|-63|CG0038854|5|-48|CG0038854|5|-48|CG0038855|5|-47|CG0038855|5|-47|CG0038855|5|-47|CG0038855|5|-47|CG0038855|5|-47|CG0038855|5|-47|CG0038856|-18|-65|CG0038856|-18|-65|CG0038856|-18|-65|CG0038856|-18|-65|CG0038857|-30|-77|CG0038857|-30|-77
48|4|6|1000|7|CG0038877|-31|-80|CG0038877|-31|-80|CG0038878|-21|-80|CG0038879|-21|-86|CG0038879|-21|-86|CG0038879|-21|-86|CG0038879|-21|-86
48|4|7|1200|12|CG0039733|-20|-79|CG0039734|-29|-81|CG0039734|-29|-81|CG0039735|-34|-81|CG0039735|-34|-81|CG0039736|-30|-80|CG0039736|-30|-80|CG0039737|-18|-72|CG0039738|-15|-69|CG0039739|-16|-66|CG0039739|-16|-66|CG0039740|-12|-76
48|4|8|1000|2|CG0038872|-29|-75|CG0038873|-44|-78
48|4|9|1000|1|CG0038874|-17|-70
48|4|10|1200|9|CG0038866|-37|-80|CG0038866|-37|-80|CG0038867|-29|-77|CG0038867|-29|-77|CG0038868|-15|-53|CG0038868|-15|-53|CG0038869|-15|-38|CG0038870|-15|-20|CG0038871|-15|-15
48|5|0|1200|4|CG0038929|-23|-81|CG0038930|-20|-80|CG0038931|-22|-80|CG0038930|-20|-80
48|5|1|1000|6|CG0038934|-20|-80|CG0038935|-20|-82|CG0038936|-19|-80|CG0038937|-20|-80|CG0038938|-19|-82|CG0038939|-19|-81
48|5|2|400|1|CG0188597|-19|-60
48|5|3|500|6|CG0038904|-41|-75|CG0038905|-41|-73|CG0038906|-41|-72|CG0038907|-41|-75|CG0038908|-41|-73|CG0038909|-41|-72
48|5|4|250|2|CG0039766|-27|-73|CG0039767|-27|-70
48|5|5|1000|28|CG0038896|-26|-86|CG0038896|-26|-86|CG0038896|-26|-86|CG0038896|-26|-86|CG0038897|-23|-86|CG0038897|-23|-86|CG0038897|-23|-86|CG0038897|-23|-86|CG0038898|-25|-81|CG0038898|-25|-81|CG0038898|-25|-81|CG0038898|-25|-81|CG0038899|-34|-70|CG0038899|-34|-70|CG0038900|-22|-42|CG0038900|-22|-42|CG0038901|-23|-41|CG0038901|-23|-41|CG0038901|-23|-41|CG0038901|-23|-41|CG0038901|-23|-41|CG0038901|-23|-41|CG0038902|-27|-66|CG0038902|-27|-66|CG0038902|-27|-66|CG0038902|-27|-66|CG0038903|-40|-79|CG0038903|-40|-79
48|5|6|1000|7|CG0038923|-37|-80|CG0038923|-37|-80|CG0038924|-29|-80|CG0038925|-21|-86|CG0038925|-21|-86|CG0038925|-21|-86|CG0038925|-21|-86
48|5|7|1200|12|CG0039803|-17|-80|CG0039804|-18|-83|CG0039804|-18|-83|CG0039805|-35|-84|CG0039805|-35|-84|CG0039806|-25|-83|CG0039806|-25|-83|CG0039807|-25|-72|CG0039808|-13|-62|CG0039809|-15|-57|CG0039809|-15|-57|CG0039810|-17|-74
48|5|8|1000|2|CG0038918|-28|-72|CG0038919|-36|-86
48|5|9|1000|1|CG0038920|-32|-68
48|5|10|1200|9|CG0038912|-20|-80|CG0038912|-20|-80|CG0038913|-20|-74|CG0038913|-20|-74|CG0038914|-29|-49|CG0038914|-29|-49|CG0038915|-39|-31|CG0038916|-41|-11|CG0038917|-42|-11
48|6|0|1200|4|CG0038975|-29|-80|CG0038976|-29|-80|CG0038977|-28|-81|CG0038976|-29|-80
48|6|1|1000|6|CG0038980|-25|-80|CG0038981|-26|-82|CG0038982|-27|-80|CG0038983|-25|-80|CG0038984|-24|-82|CG0038985|-24|-81
48|6|2|400|1|CG0188642|-38|-63
48|6|3|500|6|CG0038950|-29|-77|CG0038951|-29|-75|CG0038952|-29|-73|CG0038953|-29|-76|CG0038954|-29|-75|CG0038955|-29|-74
48|6|4|250|2|CG0039836|-21|-74|CG0039837|-26|-71
48|6|5|1000|28|CG0038942|-24|-88|CG0038942|-24|-88|CG0038942|-24|-88|CG0038942|-24|-88|CG0038943|-24|-87|CG0038943|-24|-87|CG0038943|-24|-87|CG0038943|-24|-87|CG0038944|-30|-86|CG0038944|-30|-86|CG0038944|-30|-86|CG0038944|-30|-86|CG0038945|-52|-84|CG0038945|-52|-84|CG0038946|-61|-50|CG0038946|-61|-50|CG0038947|-60|-49|CG0038947|-60|-49|CG0038947|-60|-49|CG0038947|-60|-49|CG0038947|-60|-49|CG0038947|-60|-49|CG0038948|-54|-71|CG0038948|-54|-71|CG0038948|-54|-71|CG0038948|-54|-71|CG0038949|-41|-82|CG0038949|-41|-82
48|6|6|1000|7|CG0038969|-24|-81|CG0038969|-24|-81|CG0038970|-32|-81|CG0038971|-35|-89|CG0038971|-35|-89|CG0038971|-35|-89|CG0038971|-35|-89
48|6|7|1200|12|CG0039873|-15|-81|CG0039874|-20|-85|CG0039874|-20|-85|CG0039875|-30|-86|CG0039875|-30|-86|CG0039876|-31|-86|CG0039876|-31|-86|CG0039877|-30|-75|CG0039878|-43|-65|CG0039879|-41|-61|CG0039879|-41|-61|CG0039880|-25|-75
48|6|8|1000|2|CG0038964|-46|-75|CG0038965|-26|-84
48|6|9|1000|1|CG0038966|-34|-71
48|6|10|1200|9|CG0038958|-29|-80|CG0038958|-29|-80|CG0038959|-38|-78|CG0038959|-38|-78|CG0038960|-57|-54|CG0038960|-57|-54|CG0038961|-75|-39|CG0038962|-77|-18|CG0038963|-83|-15
48|7|0|1200|4|CG0039021|-19|-82|CG0039022|-22|-82|CG0039023|-25|-83|CG0039022|-22|-82
48|7|1|1000|6|CG0039026|-19|-82|CG0039027|-21|-84|CG0039028|-24|-82|CG0039029|-19|-82|CG0039030|-17|-84|CG0039031|-23|-83
48|7|2|400|1|CG0188687|-44|-60
48|7|3|500|6|CG0038996|-27|-81|CG0038997|-27|-79|CG0038998|-29|-78|CG0038999|-26|-81|CG0039000|-27|-79|CG0039001|-29|-78
48|7|4|250|2|CG0039906|-32|-76|CG0039907|-37|-75
48|7|5|1000|28|CG0038988|-22|-83|CG0038988|-22|-83|CG0038988|-22|-83|CG0038988|-22|-83|CG0038989|-23|-81|CG0038989|-23|-81|CG0038989|-23|-81|CG0038989|-23|-81|CG0038990|-34|-82|CG0038990|-34|-82|CG0038990|-34|-82|CG0038990|-34|-82|CG0038991|-59|-93|CG0038991|-59|-93|CG0038992|-84|-67|CG0038992|-84|-67|CG0038993|-84|-66|CG0038993|-84|-66|CG0038993|-84|-66|CG0038993|-84|-66|CG0038993|-84|-66|CG0038993|-84|-66|CG0038994|-55|-80|CG0038994|-55|-80|CG0038994|-55|-80|CG0038994|-55|-80|CG0038995|-23|-83|CG0038995|-23|-83
48|7|6|1000|7|CG0039015|-20|-83|CG0039015|-20|-83|CG0039016|-50|-83|CG0039017|-35|-94|CG0039017|-35|-94|CG0039017|-35|-94|CG0039017|-35|-94
48|7|7|1200|12|CG0039943|-17|-83|CG0039944|-23|-83|CG0039944|-23|-83|CG0039945|-21|-84|CG0039945|-21|-84|CG0039946|-28|-86|CG0039946|-28|-86|CG0039947|-41|-81|CG0039948|-61|-73|CG0039949|-58|-72|CG0039949|-58|-72|CG0039950|-33|-80
48|7|8|1000|2|CG0039010|-39|-77|CG0039011|-28|-71
48|7|9|1000|1|CG0039012|-29|-72
48|7|10|1200|9|CG0039004|-26|-82|CG0039004|-26|-82|CG0039005|-37|-83|CG0039005|-37|-83|CG0039006|-54|-66|CG0039006|-54|-66|CG0039007|-72|-57|CG0039008|-82|-43|CG0039009|-88|-27
