76|0|0|1800|4|CG0049829|-18|-66|CG0049830|-19|-66|CG0049831|-20|-67|CG0049830|-19|-66
76|0|1|1000|6|CG0049834|-16|-66|CG0049835|-20|-67|CG0049836|-22|-64|CG0049837|-19|-66|CG0049838|-15|-67|CG0049839|-23|-64
76|0|2|400|1|CG0188372|-32|-70
76|0|3|600|6|CG0049802|-18|-64|CG0049803|-20|-68|CG0049804|-22|-66|CG0049805|-18|-64|CG0049806|-18|-68|CG0049807|-21|-66
76|0|4|100|1|CG0196344|-27|-55
76|0|5|1500|32|CG0049794|-21|-67|CG0049794|-21|-67|CG0049794|-21|-67|CG0049794|-21|-67|CG0049795|-16|-63|CG0049795|-16|-63|CG0049795|-16|-63|CG0049795|-16|-63|CG0049796|-17|-61|CG0049796|-17|-61|CG0049796|-17|-61|CG0049796|-17|-61|CG0049796|-17|-61|CG0049796|-17|-61|CG0049797|-33|-66|CG0049797|-33|-66|CG0049798|-53|-73|CG0049798|-53|-73|CG0049799|-60|-67|CG0049799|-60|-67|CG0049799|-60|-67|CG0049799|-60|-67|CG0049799|-60|-67|CG0049799|-60|-67|CG0049800|-50|-69|CG0049800|-50|-69|CG0049800|-50|-69|CG0049800|-50|-69|CG0049801|-30|-70|CG0049801|-30|-70|CG0049801|-30|-70|CG0049801|-30|-70
76|0|6|1800|17|CG0049821|-25|-67|CG0049821|-25|-67|CG0049822|-26|-63|CG0049822|-26|-63|CG0049823|-27|-59|CG0049823|-27|-59|CG0049823|-27|-59|CG0049823|-27|-59|CG0049823|-27|-59|CG0049824|-28|-70|CG0049825|-23|-59|CG0049825|-23|-59|CG0049825|-23|-59|CG0049825|-23|-59|CG0049825|-23|-59|CG0049825|-23|-59|CG0049825|-23|-59
76|0|7|1500|16|CG0048892|-22|-66|CG0048892|-22|-66|CG0048894|-24|-63|CG0048894|-24|-63|CG0048895|-22|-59|CG0048895|-22|-59|CG0048895|-22|-59|CG0048896|-28|-66|CG0048897|-40|-73|CG0048898|-45|-63|CG0048899|-52|-61|CG0048899|-52|-61|CG0048900|-55|-64|CG0048901|-57|-61|CG0048901|-57|-61|CG0048893|-48|-69
76|0|8|1000|2|CG0049816|-21|-64|CG0049817|-19|-63
76|0|9|1000|1|CG0049818|-20|-70
76|0|10|1500|6|CG0049810|-22|-64|CG0049811|-28|-71|CG0049812|-45|-43|CG0049813|-45|-46|CG0049814|-45|-37|CG0049815|-45|-36
76|1|0|1800|4|CG0049877|-20|-67|CG0049878|-20|-67|CG0049879|-20|-67|CG0049878|-20|-67
76|1|1|1000|6|CG0049882|-20|-65|CG0049883|-20|-67|CG0049884|-20|-63|CG0049885|-20|-65|CG0049886|-20|-67|CG0049887|-20|-63
76|1|2|400|1|CG0188417|-17|-71
76|1|3|600|6|CG0049850|-18|-61|CG0049851|-18|-65|CG0049852|-18|-63|CG0049853|-18|-61|CG0049854|-19|-65|CG0049855|-19|-63
76|1|4|100|1|CG0196384|-26|-58
76|1|5|1500|32|CG0049842|-15|-66|CG0049842|-15|-66|CG0049842|-15|-66|CG0049842|-15|-66|CG0049843|-13|-60|CG0049843|-13|-60|CG0049843|-13|-60|CG0049843|-13|-60|CG0049844|-13|-61|CG0049844|-13|-61|CG0049844|-13|-61|CG0049844|-13|-61|CG0049844|-13|-61|CG0049844|-13|-61|CG0049845|-24|-66|CG0049845|-24|-66|CG0049846|-32|-79|CG0049846|-32|-79|CG0049847|-20|-74|CG0049847|-20|-74|CG0049847|-20|-74|CG0049847|-20|-74|CG0049847|-20|-74|CG0049847|-20|-74|CG0049848|-30|-76|CG0049848|-30|-76|CG0049848|-30|-76|CG0049848|-30|-76|CG0049849|-21|-72|CG0049849|-21|-72|CG0049849|-21|-72|CG0049849|-21|-72
76|1|6|1800|17|CG0049869|-19|-68|CG0049869|-19|-68|CG0049870|-18|-63|CG0049870|-18|-63|CG0049871|-19|-61|CG0049871|-19|-61|CG0049871|-19|-61|CG0049871|-19|-61|CG0049871|-19|-61|CG0049872|-26|-66|CG0049873|-35|-58|CG0049873|-35|-58|CG0049873|-35|-58|CG0049873|-35|-58|CG0049873|-35|-58|CG0049873|-35|-58|CG0049873|-35|-58
76|1|7|1500|16|CG0048963|-16|-66|CG0048963|-16|-66|CG0048965|-13|-56|CG0048965|-13|-56|CG0048966|-12|-59|CG0048966|-12|-59|CG0048966|-12|-59|CG0048967|-12|-66|CG0048968|-26|-76|CG0048969|-30|-70|CG0048970|-30|-69|CG0048970|-30|-69|CG0048971|-28|-73|CG0048972|-30|-70|CG0048972|-30|-70|CG0048964|-27|-76
76|1|8|1000|2|CG0049864|-19|-65|CG0049865|-31|-58
76|1|9|1000|1|CG0049866|-15|-67
76|1|10|1500|6|CG0049858|-22|-63|CG0049859|-22|-74|CG0049860|-22|-48|CG0049861|-22|-46|CG0049862|-21|-44|CG0049863|-21|-44
76|2|0|1800|4|CG0049925|-15|-67|CG0049926|-14|-67|CG0049927|-14|-66|CG0049926|-14|-67
76|2|1|1000|6|CG0049930|-18|-66|CG0049931|-19|-68|CG0049932|-23|-64|CG0049933|-19|-66|CG0049934|-18|-68|CG0049935|-20|-64
76|2|2|400|1|CG0188462|-33|-62
76|2|3|600|6|CG0049898|-18|-62|CG0049899|-20|-66|CG0049900|-24|-64|CG0049901|-19|-62|CG0049902|-19|-66|CG0049903|-19|-64
76|2|4|100|1|CG0196424|-14|-57
76|2|5|1500|32|CG0049890|-14|-66|CG0049890|-14|-66|CG0049890|-14|-66|CG0049890|-14|-66|CG0049891|-19|-61|CG0049891|-19|-61|CG0049891|-19|-61|CG0049891|-19|-61|CG0049892|-25|-61|CG0049892|-25|-61|CG0049892|-25|-61|CG0049892|-25|-61|CG0049892|-25|-61|CG0049892|-25|-61|CG0049893|-13|-66|CG0049893|-13|-66|CG0049894|-8|-73|CG0049894|-8|-73|CG0049895|-9|-71|CG0049895|-9|-71|CG0049895|-9|-71|CG0049895|-9|-71|CG0049895|-9|-71|CG0049895|-9|-71|CG0049896|-7|-69|CG0049896|-7|-69|CG0049896|-7|-69|CG0049896|-7|-69|CG0049897|-9|-70|CG0049897|-9|-70|CG0049897|-9|-70|CG0049897|-9|-70
76|2|6|1800|17|CG0049917|-14|-67|CG0049917|-14|-67|CG0049918|-15|-61|CG0049918|-15|-61|CG0049919|-14|-59|CG0049919|-14|-59|CG0049919|-14|-59|CG0049919|-14|-59|CG0049919|-14|-59|CG0049920|-15|-65|CG0049921|-29|-59|CG0049921|-29|-59|CG0049921|-29|-59|CG0049921|-29|-59|CG0049921|-29|-59|CG0049921|-29|-59|CG0049921|-29|-59
76|2|7|1500|16|CG0049034|-14|-65|CG0049034|-14|-65|CG0049036|-21|-57|CG0049036|-21|-57|CG0049037|-23|-56|CG0049037|-23|-56|CG0049037|-23|-56|CG0049038|-12|-64|CG0049039|-5|-72|CG0049040|-5|-63|CG0049041|2|-69|CG0049041|2|-69|CG0049042|4|-73|CG0049043|7|-66|CG0049043|7|-66|CG0049035|0|-69
76|2|8|1000|2|CG0049912|-17|-64|CG0049913|-31|-55
76|2|9|1000|1|CG0049914|-15|-66
76|2|10|1500|6|CG0049906|-19|-64|CG0049907|-15|-71|CG0049908|-20|-41|CG0049909|-18|-39|CG0049910|-20|-37|CG0049911|-21|-37
76|3|0|1800|4|CG0049973|-12|-67|CG0049974|-12|-67|CG0049975|-12|-66|CG0049974|-12|-67
76|3|1|1000|6|CG0049978|-19|-67|CG0049979|-18|-69|CG0049980|-23|-65|CG0049981|-18|-67|CG0049982|-19|-69|CG0049983|-23|-65
76|3|2|400|1|CG0188507|-36|-53
76|3|3|600|6|CG0049946|-21|-64|CG0049947|-20|-68|CG0049948|-23|-66|CG0049949|-17|-64|CG0049950|-19|-68|CG0049951|-23|-66
76|3|4|100|1|CG0196464|-10|-51
76|3|5|1500|32|CG0049938|-22|-66|CG0049938|-22|-66|CG0049938|-22|-66|CG0049938|-22|-66|CG0049939|-32|-64|CG0049939|-32|-64|CG0049939|-32|-64|CG0049939|-32|-64|CG0049940|-43|-64|CG0049940|-43|-64|CG0049940|-43|-64|CG0049940|-43|-64|CG0049940|-43|-64|CG0049940|-43|-64|CG0049941|-31|-65|CG0049941|-31|-65|CG0049942|-1|-58|CG0049942|-1|-58|CG0049943|-4|-62|CG0049943|-4|-62|CG0049943|-4|-62|CG0049943|-4|-62|CG0049943|-4|-62|CG0049943|-4|-62|CG0049944|-2|-51|CG0049944|-2|-51|CG0049944|-2|-51|CG0049944|-2|-51|CG0049945|-8|-65|CG0049945|-8|-65|CG0049945|-8|-65|CG0049945|-8|-65
76|3|6|1800|17|CG0049965|-14|-65|CG0049965|-14|-65|CG0049966|-15|-56|CG0049966|-15|-56|CG0049967|-14|-54|CG0049967|-14|-54|CG0049967|-14|-54|CG0049967|-14|-54|CG0049967|-14|-54|CG0049968|-10|-64|CG0049969|-31|-63|CG0049969|-31|-63|CG0049969|-31|-63|CG0049969|-31|-63|CG0049969|-31|-63|CG0049969|-31|-63|CG0049969|-31|-63
76|3|7|1500|16|CG0049105|-12|-65|CG0049105|-12|-65|CG0049107|-30|-62|CG0049107|-30|-62|CG0049108|-35|-59|CG0049108|-35|-59|CG0049108|-35|-59|CG0049109|-25|-63|CG0049110|-12|-62|CG0049111|-13|-57|CG0049112|-1|-59|CG0049112|-1|-59|CG0049113|7|-62|CG0049114|7|-54|CG0049114|7|-54|CG0049106|-3|-51
76|3|8|1000|2|CG0049960|-17|-59|CG0049961|-37|-62
76|3|9|1000|1|CG0049962|-14|-63
76|3|10|1500|6|CG0049954|-21|-66|CG0049955|-13|-63|CG0049956|-20|-32|CG0049957|-17|-28|CG0049958|-21|-22|CG0049959|-20|-21
76|4|0|1800|4|CG0050021|-14|-67|CG0050022|-15|-67|CG0050023|-15|-67|CG0050022|-15|-67
76|4|1|1000|6|CG0050026|-19|-69|CG0050027|-17|-71|CG0050028|-17|-67|CG0050029|-17|-69|CG0050030|-19|-71|CG0050031|-22|-67
76|4|2|400|1|CG0188552|-25|-51
76|4|3|600|6|CG0049994|-21|-66|CG0049995|-18|-70|CG0049996|-18|-69|CG0049997|-18|-66|CG0049998|-19|-70|CG0049999|-23|-69
76|4|4|100|1|CG0196504|-21|-46
76|4|5|1500|32|CG0049986|-23|-67|CG0049986|-23|-67|CG0049986|-23|-67|CG0049986|-23|-67|CG0049987|-37|-68|CG0049987|-37|-68|CG0049987|-37|-68|CG0049987|-37|-68|CG0049988|-36|-71|CG0049988|-36|-71|CG0049988|-36|-71|CG0049988|-36|-71|CG0049988|-36|-71|CG0049988|-36|-71|CG0049989|-33|-68|CG0049989|-33|-68|CG0049990|1|-41|CG0049990|1|-41|CG0049991|0|-47|CG0049991|0|-47|CG0049991|0|-47|CG0049991|0|-47|CG0049991|0|-47|CG0049991|0|-47|CG0049992|1|-33|CG0049992|1|-33|CG0049992|1|-33|CG0049992|1|-33|CG0049993|-17|-59|CG0049993|-17|-59|CG0049993|-17|-59|CG0049993|-17|-59
76|4|6|1800|17|CG0050013|-14|-62|CG0050013|-14|-62|CG0050014|-15|-50|CG0050014|-15|-50|CG0050015|-14|-47|CG0050015|-14|-47|CG0050015|-14|-47|CG0050015|-14|-47|CG0050015|-14|-47|CG0050016|-15|-64|CG0050017|-36|-68|CG0050017|-36|-68|CG0050017|-36|-68|CG0050017|-36|-68|CG0050017|-36|-68|CG0050017|-36|-68|CG0050017|-36|-68
76|4|7|1500|16|CG0049176|-20|-66|CG0049176|-20|-66|CG0049178|-29|-68|CG0049178|-29|-68|CG0049179|-29|-65|CG0049179|-29|-65|CG0049179|-29|-65|CG0049180|-31|-65|CG0049181|-17|-50|CG0049182|-15|-44|CG0049183|-8|-40|CG0049183|-8|-40|CG0049184|-2|-44|CG0049185|-2|-36|CG0049185|-2|-36|CG0049177|-9|-32
76|4|8|1000|2|CG0050008|-17|-54|CG0050009|-42|-70
76|4|9|1000|1|CG0050010|-15|-63
76|4|10|1500|6|CG0050002|-20|-69|CG0050003|-14|-54|CG0050004|-20|-24|CG0050005|-18|-26|CG0050006|-20|-20|CG0050007|-19|-18
76|5|0|1800|4|CG0050069|-21|-67|CG0050070|-22|-67|CG0050071|-24|-67|CG0050070|-22|-67
76|5|1|1000|6|CG0050074|-22|-69|CG0050075|-22|-71|CG0050076|-22|-68|CG0050077|-22|-69|CG0050078|-22|-71|CG0050079|-22|-68
76|5|2|400|1|CG0188597|-19|-60
76|5|3|600|6|CG0050042|-22|-67|CG0050043|-22|-71|CG0050044|-22|-69|CG0050045|-22|-67|CG0050046|-22|-71|CG0050047|-22|-69
76|5|4|100|1|CG0196544|-24|-45
76|5|5|1500|32|CG0050034|-31|-67|CG0050034|-31|-67|CG0050034|-31|-67|CG0050034|-31|-67|CG0050035|-28|-70|CG0050035|-28|-70|CG0050035|-28|-70|CG0050035|-28|-70|CG0050036|-14|-77|CG0050036|-14|-77|CG0050036|-14|-77|CG0050036|-14|-77|CG0050036|-14|-77|CG0050036|-14|-77|CG0050037|-23|-76|CG0050037|-23|-76|CG0050038|-15|-34|CG0050038|-15|-34|CG0050039|-18|-36|CG0050039|-18|-36|CG0050039|-18|-36|CG0050039|-18|-36|CG0050039|-18|-36|CG0050039|-18|-36|CG0050040|-17|-25|CG0050040|-17|-25|CG0050040|-17|-25|CG0050040|-17|-25|CG0050041|-23|-56|CG0050041|-23|-56|CG0050041|-23|-56|CG0050041|-23|-56
76|5|6|1800|17|CG0050061|-21|-61|CG0050061|-21|-61|CG0050062|-20|-47|CG0050062|-20|-47|CG0050063|-20|-44|CG0050063|-20|-44|CG0050063|-20|-44|CG0050063|-20|-44|CG0050063|-20|-44|CG0050064|-26|-63|CG0050065|-37|-73|CG0050065|-37|-73|CG0050065|-37|-73|CG0050065|-37|-73|CG0050065|-37|-73|CG0050065|-37|-73|CG0050065|-37|-73
76|5|7|1500|16|CG0049247|-21|-66|CG0049247|-21|-66|CG0049249|-18|-71|CG0049249|-18|-71|CG0049250|-17|-68|CG0049250|-17|-68|CG0049250|-17|-68|CG0049251|-22|-67|CG0049252|-20|-46|CG0049253|-16|-33|CG0049254|-16|-41|CG0049254|-16|-41|CG0049255|-16|-45|CG0049256|-16|-37|CG0049256|-16|-37|CG0049248|-22|-25
76|5|8|1000|2|CG0050056|-20|-52|CG0050057|-36|-73
76|5|9|1000|1|CG0050058|-16|-66
76|5|10|1500|6|CG0050050|-28|-70|CG0050051|-37|-50|CG0050052|-47|-22|CG0050053|-44|-25|CG0050054|-46|-20|CG0050055|-45|-18
76|6|0|1800|4|CG0050117|-29|-67|CG0050118|-30|-67|CG0050119|-30|-67|CG0050118|-30|-67
76|6|1|1000|6|CG0050122|-29|-69|CG0050123|-29|-71|CG0050124|-29|-67|CG0050125|-29|-69|CG0050126|-29|-71|CG0050127|-29|-67
76|6|2|400|1|CG0188642|-38|-63
76|6|3|600|6|CG0050090|-24|-66|CG0050091|-24|-70|CG0050092|-24|-68|CG0050093|-24|-66|CG0050094|-24|-70|CG0050095|-24|-68
76|6|4|100|1|CG0196584|-20|-48
76|6|5|1500|32|CG0050082|-31|-67|CG0050082|-31|-67|CG0050082|-31|-67|CG0050082|-31|-67|CG0050083|-16|-68|CG0050083|-16|-68|CG0050083|-16|-68|CG0050083|-16|-68|CG0050084|-20|-77|CG0050084|-20|-77|CG0050084|-20|-77|CG0050084|-20|-77|CG0050084|-20|-77|CG0050084|-20|-77|CG0050085|-24|-77|CG0050085|-24|-77|CG0050086|-60|-41|CG0050086|-60|-41|CG0050087|-61|-35|CG0050087|-61|-35|CG0050087|-61|-35|CG0050087|-61|-35|CG0050087|-61|-35|CG0050087|-61|-35|CG0050088|-50|-32|CG0050088|-50|-32|CG0050088|-50|-32|CG0050088|-50|-32|CG0050089|-39|-58|CG0050089|-39|-58|CG0050089|-39|-58|CG0050089|-39|-58
76|6|6|1800|17|CG0050109|-32|-62|CG0050109|-32|-62|CG0050110|-36|-49|CG0050110|-36|-49|CG0050111|-35|-47|CG0050111|-35|-47|CG0050111|-35|-47|CG0050111|-35|-47|CG0050111|-35|-47|CG0050112|-30|-64|CG0050113|-29|-76|CG0050113|-29|-76|CG0050113|-29|-76|CG0050113|-29|-76|CG0050113|-29|-76|CG0050113|-29|-76|CG0050113|-29|-76
76|6|7|1500|16|CG0049318|-14|-66|CG0049318|-14|-66|CG0049320|-20|-70|CG0049320|-20|-70|CG0049321|-32|-68|CG0049321|-32|-68|CG0049321|-32|-68|CG0049322|-27|-68|CG0049323|-42|-52|CG0049324|-50|-35|CG0049325|-58|-44|CG0049325|-58|-44|CG0049326|-60|-49|CG0049327|-62|-41|CG0049327|-62|-41|CG0049319|-51|-31
76|6|8|1000|2|CG0050104|-31|-54|CG0050105|-21|-70
76|6|9|1000|1|CG0050106|-29|-69
76|6|10|1500|6|CG0050098|-38|-69|CG0050099|-43|-54|CG0050100|-58|-24|CG0050101|-61|-22|CG0050102|-59|-22|CG0050103|-58|-19
76|7|0|1800|4|CG0050165|-26|-66|CG0050166|-25|-66|CG0050167|-23|-66|CG0050166|-25|-66
76|7|1|1000|6|CG0050170|-24|-67|CG0050171|-24|-69|CG0050172|-24|-65|CG0050173|-24|-67|CG0050174|-24|-69|CG0050175|-25|-65
76|7|2|400|1|CG0188687|-44|-60
76|7|3|600|6|CG0050138|-17|-64|CG0050139|-18|-68|CG0050140|-21|-66|CG0050141|-17|-64|CG0050142|-18|-68|CG0050143|-22|-66
76|7|4|100|1|CG0196624|-25|-51
76|7|5|1500|32|CG0050130|-21|-67|CG0050130|-21|-67|CG0050130|-21|-67|CG0050130|-21|-67|CG0050131|-20|-65|CG0050131|-20|-65|CG0050131|-20|-65|CG0050131|-20|-65|CG0050132|-23|-70|CG0050132|-23|-70|CG0050132|-23|-70|CG0050132|-23|-70|CG0050132|-23|-70|CG0050132|-23|-70|CG0050133|-25|-71|CG0050133|-25|-71|CG0050134|-79|-57|CG0050134|-79|-57|CG0050135|-72|-47|CG0050135|-72|-47|CG0050135|-72|-47|CG0050135|-72|-47|CG0050135|-72|-47|CG0050135|-72|-47|CG0050136|-65|-51|CG0050136|-65|-51|CG0050136|-65|-51|CG0050136|-65|-51|CG0050137|-37|-64|CG0050137|-37|-64|CG0050137|-37|-64|CG0050137|-37|-64
76|7|6|1800|17|CG0050157|-28|-65|CG0050157|-28|-65|CG0050158|-34|-56|CG0050158|-34|-56|CG0050159|-33|-53|CG0050159|-33|-53|CG0050159|-33|-53|CG0050159|-33|-53|CG0050159|-33|-53|CG0050160|-20|-69|CG0050161|-14|-71|CG0050161|-14|-71|CG0050161|-14|-71|CG0050161|-14|-71|CG0050161|-14|-71|CG0050161|-14|-71|CG0050161|-14|-71
76|7|7|1500|16|CG0049389|-22|-66|CG0049389|-22|-66|CG0049391|-28|-65|CG0049391|-28|-65|CG0049392|-35|-64|CG0049392|-35|-64|CG0049392|-35|-64|CG0049393|-37|-68|CG0049394|-43|-63|CG0049395|-62|-45|CG0049396|-72|-47|CG0049396|-72|-47|CG0049397|-76|-54|CG0049398|-78|-46|CG0049398|-78|-46|CG0049390|-64|-51
76|7|8|1000|2|CG0050152|-33|-59|CG0050153|-21|-65
76|7|9|1000|1|CG0050154|-28|-71
76|7|10|1500|6|CG0050146|-31|-66|CG0050147|-36|-62|CG0050148|-60|-36|CG0050149|-60|-38|CG0050150|-61|-30|CG0050151|-60|-30
