136|0|0|1500|4|CG0074227|-15|-77|CG0074228|-15|-77|CG0074229|-17|-77|CG0074228|-15|-77
136|0|1|1000|6|CG0074232|-20|-77|CG0074233|-15|-78|CG0074234|-25|-76|CG0074235|-16|-77|CG0074236|-20|-79|CG0074237|-22|-76
136|0|2|400|1|CG0188372|-32|-70
136|0|3|400|6|CG0074202|-24|-75|CG0074203|-24|-76|CG0074204|-24|-76|CG0074205|-24|-75|CG0074206|-24|-76|CG0074207|-24|-76
136|0|4|100|1|CG0196344|-27|-55
136|0|5|1300|36|CG0074194|-14|-75|CG0074194|-14|-75|CG0074194|-14|-75|CG0074194|-14|-75|CG0074195|-31|-76|CG0074195|-31|-76|CG0074195|-31|-76|CG0074195|-31|-76|CG0074196|-44|-77|CG0074196|-44|-77|CG0074196|-44|-77|CG0074196|-44|-77|CG0074196|-44|-77|CG0074196|-44|-77|CG0074196|-44|-77|CG0074196|-44|-77|CG0074197|-39|-78|CG0074197|-39|-78|CG0074198|-57|-78|CG0074198|-57|-78|CG0074199|-43|-84|CG0074199|-43|-84|CG0074199|-43|-84|CG0074199|-43|-84|CG0074199|-43|-84|CG0074199|-43|-84|CG0074199|-43|-84|CG0074199|-43|-84|CG0074200|-40|-80|CG0074200|-40|-80|CG0074200|-40|-80|CG0074200|-40|-80|CG0074201|-26|-78|CG0074201|-26|-78|CG0074201|-26|-78|CG0074201|-26|-78
136|0|6|1500|9|CG0074221|-17|-77|CG0074221|-17|-77|CG0074222|-26|-79|CG0074222|-26|-79|CG0074222|-26|-79|CG0074222|-26|-79|CG0074222|-26|-79|CG0074222|-26|-79|CG0074223|-20|-84
136|0|7|1200|11|CG0073322|-19|-77|CG0073322|-19|-77|CG0073322|-19|-77|CG0073323|-19|-75|CG0073324|-30|-68|CG0073324|-30|-68|CG0073324|-30|-68|CG0073324|-30|-68|CG0073325|-35|-69|CG0073326|-35|-73|CG0073327|-34|-75
136|0|8|1000|2|CG0074216|-27|-74|CG0074217|-19|-71
136|0|9|1000|1|CG0074218|-30|-79
136|0|10|1200|7|CG0074210|-20|-77|CG0074211|-23|-71|CG0074212|-34|-64|CG0074212|-34|-64|CG0074213|-41|-64|CG0074214|-45|-58|CG0074215|-60|-44
136|1|0|1500|4|CG0074273|-22|-76|CG0074274|-22|-76|CG0074275|-22|-76|CG0074274|-22|-76
136|1|1|1000|6|CG0074278|-18|-76|CG0074279|-18|-77|CG0074280|-17|-75|CG0074281|-18|-76|CG0074282|-16|-78|CG0074283|-15|-75
136|1|2|400|1|CG0188417|-17|-71
136|1|3|400|6|CG0074248|-20|-77|CG0074249|-20|-78|CG0074250|-20|-77|CG0074251|-20|-77|CG0074252|-20|-78|CG0074253|-20|-77
136|1|4|100|1|CG0196384|-26|-58
136|1|5|1300|36|CG0074240|-14|-74|CG0074240|-14|-74|CG0074240|-14|-74|CG0074240|-14|-74|CG0074241|-21|-77|CG0074241|-21|-77|CG0074241|-21|-77|CG0074241|-21|-77|CG0074242|-29|-81|CG0074242|-29|-81|CG0074242|-29|-81|CG0074242|-29|-81|CG0074242|-29|-81|CG0074242|-29|-81|CG0074242|-29|-81|CG0074242|-29|-81|CG0074243|-32|-82|CG0074243|-32|-82|CG0074244|-23|-82|CG0074244|-23|-82|CG0074245|-22|-84|CG0074245|-22|-84|CG0074245|-22|-84|CG0074245|-22|-84|CG0074245|-22|-84|CG0074245|-22|-84|CG0074245|-22|-84|CG0074245|-22|-84|CG0074246|-18|-83|CG0074246|-18|-83|CG0074246|-18|-83|CG0074246|-18|-83|CG0074247|-16|-79|CG0074247|-16|-79|CG0074247|-16|-79|CG0074247|-16|-79
136|1|6|1500|9|CG0074267|-18|-76|CG0074267|-18|-76|CG0074268|-21|-77|CG0074268|-21|-77|CG0074268|-21|-77|CG0074268|-21|-77|CG0074268|-21|-77|CG0074268|-21|-77|CG0074269|-17|-79
136|1|7|1200|11|CG0073387|-18|-76|CG0073387|-18|-76|CG0073387|-18|-76|CG0073388|-20|-76|CG0073389|-24|-73|CG0073389|-24|-73|CG0073389|-24|-73|CG0073389|-24|-73|CG0073390|-24|-75|CG0073391|-18|-77|CG0073392|-18|-79
136|1|8|1000|2|CG0074262|-17|-77|CG0074263|-30|-64
136|1|9|1000|1|CG0074264|-16|-76
136|1|10|1200|7|CG0074256|-18|-77|CG0074257|-16|-72|CG0074258|-16|-65|CG0074258|-16|-65|CG0074259|-16|-67|CG0074260|-17|-61|CG0074261|-24|-49
136|2|0|1500|4|CG0074319|-18|-78|CG0074320|-19|-78|CG0074321|-20|-78|CG0074320|-19|-78
136|2|1|1000|6|CG0074324|-20|-77|CG0074325|-18|-78|CG0074326|-20|-76|CG0074327|-16|-77|CG0074328|-17|-79|CG0074329|-23|-76
136|2|2|400|1|CG0188462|-33|-62
136|2|3|400|6|CG0074294|-24|-75|CG0074295|-19|-76|CG0074296|-30|-75|CG0074297|-19|-75|CG0074298|-27|-76|CG0074299|-37|-75
136|2|4|100|1|CG0196424|-14|-57
136|2|5|1300|36|CG0074286|-16|-75|CG0074286|-16|-75|CG0074286|-16|-75|CG0074286|-16|-75|CG0074287|-15|-76|CG0074287|-15|-76|CG0074287|-15|-76|CG0074287|-15|-76|CG0074288|-15|-80|CG0074288|-15|-80|CG0074288|-15|-80|CG0074288|-15|-80|CG0074288|-15|-80|CG0074288|-15|-80|CG0074288|-15|-80|CG0074288|-15|-80|CG0074289|-22|-80|CG0074289|-22|-80|CG0074290|-12|-79|CG0074290|-12|-79|CG0074291|-12|-81|CG0074291|-12|-81|CG0074291|-12|-81|CG0074291|-12|-81|CG0074291|-12|-81|CG0074291|-12|-81|CG0074291|-12|-81|CG0074291|-12|-81|CG0074292|-10|-80|CG0074292|-10|-80|CG0074292|-10|-80|CG0074292|-10|-80|CG0074293|-12|-78|CG0074293|-12|-78|CG0074293|-12|-78|CG0074293|-12|-78
136|2|6|1500|9|CG0074313|-14|-77|CG0074313|-14|-77|CG0074314|-15|-78|CG0074314|-15|-78|CG0074314|-15|-78|CG0074314|-15|-78|CG0074314|-15|-78|CG0074314|-15|-78|CG0074315|-20|-80
136|2|7|1200|11|CG0073452|-17|-77|CG0073452|-17|-77|CG0073452|-17|-77|CG0073453|-18|-76|CG0073454|-21|-74|CG0073454|-21|-74|CG0073454|-21|-74|CG0073454|-21|-74|CG0073455|-18|-74|CG0073456|-19|-74|CG0073457|-19|-77
136|2|8|1000|2|CG0074308|-11|-74|CG0074309|-40|-59
136|2|9|1000|1|CG0074310|-19|-74
136|2|10|1200|7|CG0074302|-16|-77|CG0074303|-15|-71|CG0074304|-17|-62|CG0074304|-17|-62|CG0074305|-18|-58|CG0074306|-18|-50|CG0074307|-17|-38
136|3|0|1500|4|CG0074365|-16|-78|CG0074366|-15|-78|CG0074367|-13|-78|CG0074366|-15|-78
136|3|1|1000|6|CG0074370|-21|-77|CG0074371|-17|-78|CG0074372|-27|-76|CG0074373|-19|-77|CG0074374|-17|-79|CG0074375|-25|-76
136|3|2|400|1|CG0188507|-36|-53
136|3|3|400|6|CG0074340|-26|-69|CG0074341|-29|-71|CG0074342|-45|-70|CG0074343|-29|-69|CG0074344|-31|-71|CG0074345|-44|-70
136|3|4|100|1|CG0196464|-10|-51
136|3|5|1300|36|CG0074332|-17|-76|CG0074332|-17|-76|CG0074332|-17|-76|CG0074332|-17|-76|CG0074333|-9|-74|CG0074333|-9|-74|CG0074333|-9|-74|CG0074333|-9|-74|CG0074334|-13|-73|CG0074334|-13|-73|CG0074334|-13|-73|CG0074334|-13|-73|CG0074334|-13|-73|CG0074334|-13|-73|CG0074334|-13|-73|CG0074334|-13|-73|CG0074335|-7|-74|CG0074335|-7|-74|CG0074336|-8|-71|CG0074336|-8|-71|CG0074337|-8|-71|CG0074337|-8|-71|CG0074337|-8|-71|CG0074337|-8|-71|CG0074337|-8|-71|CG0074337|-8|-71|CG0074337|-8|-71|CG0074337|-8|-71|CG0074338|-5|-71|CG0074338|-5|-71|CG0074338|-5|-71|CG0074338|-5|-71|CG0074339|-16|-75|CG0074339|-16|-75|CG0074339|-16|-75|CG0074339|-16|-75
136|3|6|1500|9|CG0074359|-13|-77|CG0074359|-13|-77|CG0074360|-11|-77|CG0074360|-11|-77|CG0074360|-11|-77|CG0074360|-11|-77|CG0074360|-11|-77|CG0074360|-11|-77|CG0074361|-18|-86
136|3|7|1200|11|CG0073517|-14|-77|CG0073517|-14|-77|CG0073517|-14|-77|CG0073518|-16|-75|CG0073519|-15|-71|CG0073519|-15|-71|CG0073519|-15|-71|CG0073519|-15|-71|CG0073520|-15|-66|CG0073521|-15|-65|CG0073522|-15|-70
136|3|8|1000|2|CG0074354|-12|-66|CG0074355|-51|-68
136|3|9|1000|1|CG0074356|-15|-69
136|3|10|1200|7|CG0074348|-15|-77|CG0074349|-18|-68|CG0074350|-20|-54|CG0074350|-20|-54|CG0074351|-20|-44|CG0074352|-20|-30|CG0074353|-21|-21
136|4|0|1500|4|CG0074411|-21|-78|CG0074412|-21|-78|CG0074413|-21|-78|CG0074412|-21|-78
136|4|1|1000|6|CG0074416|-23|-78|CG0074417|-22|-79|CG0074418|-24|-76|CG0074419|-23|-78|CG0074420|-24|-79|CG0074421|-25|-77
136|4|2|400|1|CG0188552|-25|-51
136|4|3|400|6|CG0074386|-17|-63|CG0074387|-26|-65|CG0074388|-36|-64|CG0074389|-25|-63|CG0074390|-20|-65|CG0074391|-28|-64
136|4|4|100|1|CG0196504|-21|-46
136|4|5|1300|36|CG0074378|-21|-78|CG0074378|-21|-78|CG0074378|-21|-78|CG0074378|-21|-78|CG0074379|-20|-71|CG0074379|-20|-71|CG0074379|-20|-71|CG0074379|-20|-71|CG0074380|-6|-66|CG0074380|-6|-66|CG0074380|-6|-66|CG0074380|-6|-66|CG0074380|-6|-66|CG0074380|-6|-66|CG0074380|-6|-66|CG0074380|-6|-66|CG0074381|-2|-65|CG0074381|-2|-65|CG0074382|-2|-62|CG0074382|-2|-62|CG0074383|-23|-60|CG0074383|-23|-60|CG0074383|-23|-60|CG0074383|-23|-60|CG0074383|-23|-60|CG0074383|-23|-60|CG0074383|-23|-60|CG0074383|-23|-60|CG0074384|-13|-61|CG0074384|-13|-61|CG0074384|-13|-61|CG0074384|-13|-61|CG0074385|-22|-72|CG0074385|-22|-72|CG0074385|-22|-72|CG0074385|-22|-72
136|4|6|1500|9|CG0074405|-14|-78|CG0074405|-14|-78|CG0074406|-13|-77|CG0074406|-13|-77|CG0074406|-13|-77|CG0074406|-13|-77|CG0074406|-13|-77|CG0074406|-13|-77|CG0074407|-13|-90
136|4|7|1200|11|CG0073582|-14|-77|CG0073582|-14|-77|CG0073582|-14|-77|CG0073583|-12|-74|CG0073584|-12|-65|CG0073584|-12|-65|CG0073584|-12|-65|CG0073584|-12|-65|CG0073585|-10|-56|CG0073586|-7|-54|CG0073587|-23|-60
136|4|8|1000|2|CG0074400|-13|-59|CG0074401|-38|-81
136|4|9|1000|1|CG0074402|-12|-63
136|4|10|1200|7|CG0074394|-27|-78|CG0074395|-29|-66|CG0074396|-22|-47|CG0074396|-22|-47|CG0074397|-24|-33|CG0074398|-23|-15|CG0074399|-22|-14
136|5|0|1500|4|CG0074457|-17|-78|CG0074458|-16|-78|CG0074459|-17|-78|CG0074458|-16|-78
136|5|1|1000|6|CG0074462|-19|-78|CG0074463|-18|-79|CG0074464|-18|-77|CG0074465|-19|-78|CG0074466|-18|-79|CG0074467|-18|-77
136|5|2|400|1|CG0188597|-19|-60
136|5|3|400|6|CG0074432|-20|-60|CG0074433|-20|-62|CG0074434|-20|-61|CG0074435|-20|-60|CG0074436|-20|-62|CG0074437|-20|-61
136|5|4|100|1|CG0196544|-24|-45
136|5|5|1300|36|CG0074424|-20|-79|CG0074424|-20|-79|CG0074424|-20|-79|CG0074424|-20|-79|CG0074425|-36|-70|CG0074425|-36|-70|CG0074425|-36|-70|CG0074425|-36|-70|CG0074426|-11|-61|CG0074426|-11|-61|CG0074426|-11|-61|CG0074426|-11|-61|CG0074426|-11|-61|CG0074426|-11|-61|CG0074426|-11|-61|CG0074426|-11|-61|CG0074427|-10|-61|CG0074427|-10|-61|CG0074428|-14|-57|CG0074428|-14|-57|CG0074429|-72|-54|CG0074429|-72|-54|CG0074429|-72|-54|CG0074429|-72|-54|CG0074429|-72|-54|CG0074429|-72|-54|CG0074429|-72|-54|CG0074429|-72|-54|CG0074430|-56|-56|CG0074430|-56|-56|CG0074430|-56|-56|CG0074430|-56|-56|CG0074431|-36|-70|CG0074431|-36|-70|CG0074431|-36|-70|CG0074431|-36|-70
136|5|6|1500|9|CG0074451|-27|-78|CG0074451|-27|-78|CG0074452|-34|-77|CG0074452|-34|-77|CG0074452|-34|-77|CG0074452|-34|-77|CG0074452|-34|-77|CG0074452|-34|-77|CG0074453|-27|-89
136|5|7|1200|11|CG0073647|-17|-77|CG0073647|-17|-77|CG0073647|-17|-77|CG0073648|-16|-72|CG0073649|-16|-59|CG0073649|-16|-59|CG0073649|-16|-59|CG0073649|-16|-59|CG0073650|-20|-49|CG0073651|-20|-49|CG0073652|-30|-62
136|5|8|1000|2|CG0074446|-16|-56|CG0074447|-29|-85
136|5|9|1000|1|CG0074448|-22|-62
136|5|10|1200|7|CG0074440|-24|-78|CG0074441|-26|-66|CG0074442|-28|-45|CG0074442|-28|-45|CG0074443|-23|-32|CG0074444|-22|-17|CG0074445|-21|-16
136|6|0|1500|4|CG0074503|-30|-77|CG0074504|-29|-77|CG0074505|-28|-77|CG0074504|-29|-77
136|6|1|1000|6|CG0074508|-30|-78|CG0074509|-31|-79|CG0074510|-32|-77|CG0074511|-30|-78|CG0074512|-28|-79|CG0074513|-27|-77
136|6|2|400|1|CG0188642|-38|-63
136|6|3|400|6|CG0074478|-47|-63|CG0074479|-47|-65|CG0074480|-47|-64|CG0074481|-47|-63|CG0074482|-47|-65|CG0074483|-47|-64
136|6|4|100|1|CG0196584|-20|-48
136|6|5|1300|36|CG0074470|-23|-78|CG0074470|-23|-78|CG0074470|-23|-78|CG0074470|-23|-78|CG0074471|-32|-71|CG0074471|-32|-71|CG0074471|-32|-71|CG0074471|-32|-71|CG0074472|-33|-63|CG0074472|-33|-63|CG0074472|-33|-63|CG0074472|-33|-63|CG0074472|-33|-63|CG0074472|-33|-63|CG0074472|-33|-63|CG0074472|-33|-63|CG0074473|-33|-63|CG0074473|-33|-63|CG0074474|-69|-61|CG0074474|-69|-61|CG0074475|-77|-59|CG0074475|-77|-59|CG0074475|-77|-59|CG0074475|-77|-59|CG0074475|-77|-59|CG0074475|-77|-59|CG0074475|-77|-59|CG0074475|-77|-59|CG0074476|-67|-61|CG0074476|-67|-61|CG0074476|-67|-61|CG0074476|-67|-61|CG0074477|-44|-72|CG0074477|-44|-72|CG0074477|-44|-72|CG0074477|-44|-72
136|6|6|1500|9|CG0074497|-33|-78|CG0074497|-33|-78|CG0074498|-37|-77|CG0074498|-37|-77|CG0074498|-37|-77|CG0074498|-37|-77|CG0074498|-37|-77|CG0074498|-37|-77|CG0074499|-35|-84
136|6|7|1200|11|CG0073712|-22|-77|CG0073712|-22|-77|CG0073712|-22|-77|CG0073713|-18|-72|CG0073714|-23|-58|CG0073714|-23|-58|CG0073714|-23|-58|CG0073714|-23|-58|CG0073715|-31|-50|CG0073716|-48|-53|CG0073717|-32|-71
136|6|8|1000|2|CG0074492|-36|-59|CG0074493|-29|-80
136|6|9|1000|1|CG0074494|-25|-70
136|6|10|1200|7|CG0074486|-27|-77|CG0074487|-27|-67|CG0074488|-33|-50|CG0074488|-33|-50|CG0074489|-44|-42|CG0074490|-56|-21|CG0074491|-61|-18
136|7|0|1500|4|CG0074549|-28|-77|CG0074550|-29|-77|CG0074551|-30|-77|CG0074550|-29|-77
136|7|1|1000|6|CG0074554|-29|-77|CG0074555|-31|-78|CG0074556|-32|-76|CG0074557|-29|-77|CG0074558|-27|-79|CG0074559|-27|-76
136|7|2|400|1|CG0188687|-44|-60
136|7|3|400|6|CG0074524|-47|-70|CG0074525|-47|-71|CG0074526|-47|-70|CG0074527|-47|-70|CG0074528|-47|-71|CG0074529|-47|-70
136|7|4|100|1|CG0196624|-25|-51
136|7|5|1300|36|CG0074516|-20|-76|CG0074516|-20|-76|CG0074516|-20|-76|CG0074516|-20|-76|CG0074517|-36|-74|CG0074517|-36|-74|CG0074517|-36|-74|CG0074517|-36|-74|CG0074518|-41|-70|CG0074518|-41|-70|CG0074518|-41|-70|CG0074518|-41|-70|CG0074518|-41|-70|CG0074518|-41|-70|CG0074518|-41|-70|CG0074518|-41|-70|CG0074519|-50|-70|CG0074519|-50|-70|CG0074520|-86|-70|CG0074520|-86|-70|CG0074521|-45|-81|CG0074521|-45|-81|CG0074521|-45|-81|CG0074521|-45|-81|CG0074521|-45|-81|CG0074521|-45|-81|CG0074521|-45|-81|CG0074521|-45|-81|CG0074522|-44|-71|CG0074522|-44|-71|CG0074522|-44|-71|CG0074522|-44|-71|CG0074523|-31|-75|CG0074523|-31|-75|CG0074523|-31|-75|CG0074523|-31|-75
136|7|6|1500|9|CG0074543|-22|-77|CG0074543|-22|-77|CG0074544|-21|-77|CG0074544|-21|-77|CG0074544|-21|-77|CG0074544|-21|-77|CG0074544|-21|-77|CG0074544|-21|-77|CG0074545|-24|-80
136|7|7|1200|11|CG0073777|-16|-76|CG0073777|-16|-76|CG0073777|-16|-76|CG0073778|-23|-73|CG0073779|-27|-62|CG0073779|-27|-62|CG0073779|-27|-62|CG0073779|-27|-62|CG0073780|-38|-59|CG0073781|-56|-65|CG0073782|-40|-75
136|7|8|1000|2|CG0074538|-38|-66|CG0074539|-29|-76
136|7|9|1000|1|CG0074540|-35|-77
136|7|10|1200|7|CG0074532|-32|-77|CG0074533|-34|-69|CG0074534|-47|-57|CG0074534|-47|-57|CG0074535|-52|-55|CG0074536|-63|-42|CG0074537|-70|-24
