104|0|0|800|4|CG0061186|-19|-72|CG0061187|-18|-74|CG0061188|-17|-70|CG0061187|-18|-74
104|0|1|1000|6|CG0061198|-20|-77|CG0061199|-15|-79|CG0061200|-25|-76|CG0061201|-16|-77|CG0061202|-19|-79|CG0061203|-21|-76
104|0|2|400|1|CG0188372|-32|-70
104|0|3|500|6|CG0061146|-23|-75|CG0061147|-24|-78|CG0061148|-31|-76|CG0061149|-23|-75|CG0061150|-23|-78|CG0061151|-23|-76
104|0|4|100|1|CG0196344|-27|-55
104|0|5|1200|30|CG0061138|-27|-74|CG0061138|-27|-74|CG0061139|-20|-68|CG0061139|-20|-68|CG0061140|-20|-68|CG0061140|-20|-68|CG0061139|-20|-68|CG0061139|-20|-68|CG0061140|-20|-68|CG0061140|-20|-68|CG0061139|-20|-68|CG0061139|-20|-68|CG0061140|-20|-68|CG0061140|-20|-68|CG0061141|-28|-73|CG0061141|-28|-73|CG0061141|-28|-73|CG0061141|-28|-73|CG0061142|-43|-76|CG0061142|-43|-76|CG0061143|-48|-73|CG0061143|-48|-73|CG0061143|-48|-73|CG0061143|-48|-73|CG0061143|-48|-73|CG0061143|-48|-73|CG0061144|-37|-76|CG0061144|-37|-76|CG0061145|-31|-75|CG0061145|-31|-75
104|0|6|2000|22|CG0061175|-20|-72|CG0061175|-20|-72|CG0061175|-20|-72|CG0061176|-19|-69|CG0061176|-19|-69|CG0061176|-19|-69|CG0061177|-29|-65|CG0061177|-29|-65|CG0061178|-30|-65|CG0061178|-30|-65|CG0061177|-29|-65|CG0061177|-29|-65|CG0061178|-30|-65|CG0061178|-30|-65|CG0061177|-29|-65|CG0061177|-29|-65|CG0061178|-30|-65|CG0061178|-30|-65|CG0061177|-29|-65|CG0061177|-29|-65|CG0061178|-30|-65|CG0061178|-30|-65
104|0|7|1000|26|CG0061189|-19|-72|CG0061189|-19|-72|CG0061189|-19|-72|CG0061189|-19|-72|CG0061189|-19|-72|CG0061189|-19|-72|CG0061190|-19|-72|CG0061190|-19|-72|CG0061191|-20|-71|CG0061191|-20|-71|CG0061191|-20|-71|CG0061191|-20|-71|CG0061191|-20|-71|CG0061191|-20|-71|CG0061192|-20|-72|CG0061192|-20|-72|CG0061193|-20|-73|CG0061193|-20|-73|CG0061194|-41|-73|CG0061194|-41|-73|CG0061194|-41|-73|CG0061194|-41|-73|CG0061194|-41|-73|CG0061194|-41|-73|CG0061194|-41|-73|CG0061194|-41|-73
104|0|8|1000|2|CG0061166|-18|-71|CG0061167|-11|-60
104|0|9|1000|1|CG0061172|-13|-69
104|0|10|1300|8|CG0061158|-23|-59|CG0061159|-34|-73|CG0061160|-24|-77|CG0061161|-44|-68|CG0061162|-45|-41|CG0061163|-46|-44|CG0061164|-45|-40|CG0061165|-47|-37
104|1|0|800|4|CG0061254|-16|-71|CG0061255|-16|-73|CG0061256|-17|-68|CG0061255|-16|-73
104|1|1|1000|6|CG0061266|-16|-77|CG0061267|-18|-79|CG0061268|-19|-77|CG0061269|-20|-77|CG0061270|-15|-79|CG0061271|-14|-77
104|1|2|400|1|CG0188417|-17|-71
104|1|3|500|6|CG0061214|-17|-77|CG0061215|-17|-80|CG0061216|-17|-78|CG0061217|-17|-77|CG0061218|-17|-80|CG0061219|-17|-78
104|1|4|100|1|CG0196384|-26|-58
104|1|5|1200|30|CG0061206|-17|-74|CG0061206|-17|-74|CG0061207|-15|-67|CG0061207|-15|-67|CG0061208|-15|-67|CG0061208|-15|-67|CG0061207|-15|-67|CG0061207|-15|-67|CG0061208|-15|-67|CG0061208|-15|-67|CG0061207|-15|-67|CG0061207|-15|-67|CG0061208|-15|-67|CG0061208|-15|-67|CG0061209|-18|-76|CG0061209|-18|-76|CG0061209|-18|-76|CG0061209|-18|-76|CG0061210|-18|-80|CG0061210|-18|-80|CG0061211|-23|-80|CG0061211|-23|-80|CG0061211|-23|-80|CG0061211|-23|-80|CG0061211|-23|-80|CG0061211|-23|-80|CG0061212|-29|-82|CG0061212|-29|-82|CG0061213|-20|-76|CG0061213|-20|-76
104|1|6|2000|22|CG0061243|-16|-71|CG0061243|-16|-71|CG0061243|-16|-71|CG0061244|-16|-68|CG0061244|-16|-68|CG0061244|-16|-68|CG0061245|-16|-64|CG0061245|-16|-64|CG0061246|-17|-64|CG0061246|-17|-64|CG0061245|-16|-64|CG0061245|-16|-64|CG0061246|-17|-64|CG0061246|-17|-64|CG0061245|-16|-64|CG0061245|-16|-64|CG0061246|-17|-64|CG0061246|-17|-64|CG0061245|-16|-64|CG0061245|-16|-64|CG0061246|-17|-64|CG0061246|-17|-64
104|1|7|1000|26|CG0061257|-16|-71|CG0061257|-16|-71|CG0061257|-16|-71|CG0061257|-16|-71|CG0061257|-16|-71|CG0061257|-16|-71|CG0061258|-15|-70|CG0061258|-15|-70|CG0061259|-15|-70|CG0061259|-15|-70|CG0061259|-15|-70|CG0061259|-15|-70|CG0061259|-15|-70|CG0061259|-15|-70|CG0061260|-15|-70|CG0061260|-15|-70|CG0061261|-15|-72|CG0061261|-15|-72|CG0061262|-26|-72|CG0061262|-26|-72|CG0061262|-26|-72|CG0061262|-26|-72|CG0061262|-26|-72|CG0061262|-26|-72|CG0061262|-26|-72|CG0061262|-26|-72
104|1|8|1000|2|CG0061234|-16|-70|CG0061235|-13|-49
104|1|9|1000|1|CG0061240|-13|-68
104|1|10|1300|8|CG0061226|-22|-59|CG0061227|-35|-61|CG0061228|-32|-73|CG0061229|-23|-70|CG0061230|-14|-46|CG0061231|-22|-48|CG0061232|-29|-46|CG0061233|-33|-46
104|2|0|800|4|CG0061322|-17|-69|CG0061323|-17|-72|CG0061324|-20|-68|CG0061323|-17|-72
104|2|1|1000|6|CG0061334|-20|-77|CG0061335|-17|-78|CG0061336|-23|-76|CG0061337|-16|-77|CG0061338|-20|-79|CG0061339|-26|-76
104|2|2|400|1|CG0188462|-33|-62
104|2|3|500|6|CG0061282|-19|-75|CG0061283|-23|-79|CG0061284|-35|-76|CG0061285|-23|-75|CG0061286|-19|-79|CG0061287|-25|-76
104|2|4|100|1|CG0196424|-14|-57
104|2|5|1200|30|CG0061274|-18|-73|CG0061274|-18|-73|CG0061275|-21|-66|CG0061275|-21|-66|CG0061276|-21|-66|CG0061276|-21|-66|CG0061275|-21|-66|CG0061275|-21|-66|CG0061276|-21|-66|CG0061276|-21|-66|CG0061275|-21|-66|CG0061275|-21|-66|CG0061276|-21|-66|CG0061276|-21|-66|CG0061277|-14|-75|CG0061277|-14|-75|CG0061277|-14|-75|CG0061277|-14|-75|CG0061278|-4|-76|CG0061278|-4|-76|CG0061279|-3|-76|CG0061279|-3|-76|CG0061279|-3|-76|CG0061279|-3|-76|CG0061279|-3|-76|CG0061279|-3|-76|CG0061280|-8|-80|CG0061280|-8|-80|CG0061281|-13|-74|CG0061281|-13|-74
104|2|6|2000|22|CG0061311|-17|-69|CG0061311|-17|-69|CG0061311|-17|-69|CG0061312|-18|-66|CG0061312|-18|-66|CG0061312|-18|-66|CG0061313|-19|-63|CG0061313|-19|-63|CG0061314|-19|-63|CG0061314|-19|-63|CG0061313|-19|-63|CG0061313|-19|-63|CG0061314|-19|-63|CG0061314|-19|-63|CG0061313|-19|-63|CG0061313|-19|-63|CG0061314|-19|-63|CG0061314|-19|-63|CG0061313|-19|-63|CG0061313|-19|-63|CG0061314|-19|-63|CG0061314|-19|-63
104|2|7|1000|26|CG0061325|-17|-69|CG0061325|-17|-69|CG0061325|-17|-69|CG0061325|-17|-69|CG0061325|-17|-69|CG0061325|-17|-69|CG0061326|-18|-68|CG0061326|-18|-68|CG0061327|-17|-68|CG0061327|-17|-68|CG0061327|-17|-68|CG0061327|-17|-68|CG0061327|-17|-68|CG0061327|-17|-68|CG0061328|-17|-69|CG0061328|-17|-69|CG0061329|-16|-70|CG0061329|-16|-70|CG0061330|-16|-71|CG0061330|-16|-71|CG0061330|-16|-71|CG0061330|-16|-71|CG0061330|-16|-71|CG0061330|-16|-71|CG0061330|-16|-71|CG0061330|-16|-71
104|2|8|1000|2|CG0061302|-23|-69|CG0061303|-29|-52
104|2|9|1000|1|CG0061308|-18|-69
104|2|10|1300|8|CG0061294|-31|-64|CG0061295|-23|-57|CG0061296|-36|-62|CG0061297|-27|-73|CG0061298|-12|-44|CG0061299|-19|-47|CG0061300|-29|-41|CG0061301|-33|-40
104|3|0|800|4|CG0061390|-24|-69|CG0061391|-23|-72|CG0061392|-24|-69|CG0061391|-23|-72
104|3|1|1000|6|CG0061402|-20|-76|CG0061403|-21|-77|CG0061404|-28|-75|CG0061405|-20|-76|CG0061406|-20|-78|CG0061407|-27|-75
104|3|2|400|1|CG0188507|-36|-53
104|3|3|500|6|CG0061350|-24|-73|CG0061351|-24|-76|CG0061352|-37|-74|CG0061353|-24|-73|CG0061354|-23|-76|CG0061355|-39|-74
104|3|4|100|1|CG0196464|-10|-51
104|3|5|1200|30|CG0061342|-19|-71|CG0061342|-19|-71|CG0061343|-24|-67|CG0061343|-24|-67|CG0061344|-24|-67|CG0061344|-24|-67|CG0061343|-24|-67|CG0061343|-24|-67|CG0061344|-24|-67|CG0061344|-24|-67|CG0061343|-24|-67|CG0061343|-24|-67|CG0061344|-24|-67|CG0061344|-24|-67|CG0061345|-14|-73|CG0061345|-14|-73|CG0061345|-14|-73|CG0061345|-14|-73|CG0061346|9|-65|CG0061346|9|-65|CG0061347|9|-65|CG0061347|9|-65|CG0061347|9|-65|CG0061347|9|-65|CG0061347|9|-65|CG0061347|9|-65|CG0061348|3|-70|CG0061348|3|-70|CG0061349|-13|-72|CG0061349|-13|-72
104|3|6|2000|22|CG0061379|-24|-68|CG0061379|-24|-68|CG0061379|-24|-68|CG0061380|-24|-66|CG0061380|-24|-66|CG0061380|-24|-66|CG0061381|-24|-64|CG0061381|-24|-64|CG0061382|-24|-64|CG0061382|-24|-64|CG0061381|-24|-64|CG0061381|-24|-64|CG0061382|-24|-64|CG0061382|-24|-64|CG0061381|-24|-64|CG0061381|-24|-64|CG0061382|-24|-64|CG0061382|-24|-64|CG0061381|-24|-64|CG0061381|-24|-64|CG0061382|-24|-64|CG0061382|-24|-64
104|3|7|1000|26|CG0061393|-24|-69|CG0061393|-24|-69|CG0061393|-24|-69|CG0061393|-24|-69|CG0061393|-24|-69|CG0061393|-24|-69|CG0061394|-23|-68|CG0061394|-23|-68|CG0061395|-23|-68|CG0061395|-23|-68|CG0061395|-23|-68|CG0061395|-23|-68|CG0061395|-23|-68|CG0061395|-23|-68|CG0061396|-23|-67|CG0061396|-23|-67|CG0061397|-24|-68|CG0061397|-24|-68|CG0061398|-24|-68|CG0061398|-24|-68|CG0061398|-24|-68|CG0061398|-24|-68|CG0061398|-24|-68|CG0061398|-24|-68|CG0061398|-24|-68|CG0061398|-24|-68
104|3|8|1000|2|CG0061370|-24|-66|CG0061371|-50|-59
104|3|9|1000|1|CG0061376|-20|-70
104|3|10|1300|8|CG0061362|-37|-68|CG0061363|-20|-60|CG0061364|-22|-59|CG0061365|-29|-67|CG0061366|-15|-46|CG0061367|-24|-41|CG0061368|-26|-34|CG0061369|-27|-23
104|4|0|800|4|CG0061458|-25|-69|CG0061459|-24|-72|CG0061460|-24|-70|CG0061459|-24|-72
104|4|1|1000|6|CG0061470|-15|-76|CG0061471|-20|-77|CG0061472|-25|-74|CG0061473|-19|-76|CG0061474|-17|-78|CG0061475|-22|-76
104|4|2|400|1|CG0188552|-25|-51
104|4|3|500|6|CG0061418|-22|-68|CG0061419|-19|-71|CG0061420|-23|-69|CG0061421|-19|-68|CG0061422|-22|-71|CG0061423|-34|-69
104|4|4|100|1|CG0196504|-21|-46
104|4|5|1200|30|CG0061410|-19|-69|CG0061410|-19|-69|CG0061411|-22|-66|CG0061411|-22|-66|CG0061412|-22|-66|CG0061412|-22|-66|CG0061411|-22|-66|CG0061411|-22|-66|CG0061412|-22|-66|CG0061412|-22|-66|CG0061411|-22|-66|CG0061411|-22|-66|CG0061412|-22|-66|CG0061412|-22|-66|CG0061413|-13|-69|CG0061413|-13|-69|CG0061413|-13|-69|CG0061413|-13|-69|CG0061414|-1|-55|CG0061414|-1|-55|CG0061415|3|-53|CG0061415|3|-53|CG0061415|3|-53|CG0061415|3|-53|CG0061415|3|-53|CG0061415|3|-53|CG0061416|3|-59|CG0061416|3|-59|CG0061417|-17|-71|CG0061417|-17|-71
104|4|6|2000|22|CG0061447|-24|-67|CG0061447|-24|-67|CG0061447|-24|-67|CG0061448|-24|-66|CG0061448|-24|-66|CG0061448|-24|-66|CG0061449|-32|-64|CG0061449|-32|-64|CG0061450|-33|-64|CG0061450|-33|-64|CG0061449|-32|-64|CG0061449|-32|-64|CG0061450|-33|-64|CG0061450|-33|-64|CG0061449|-32|-64|CG0061449|-32|-64|CG0061450|-33|-64|CG0061450|-33|-64|CG0061449|-32|-64|CG0061449|-32|-64|CG0061450|-33|-64|CG0061450|-33|-64
104|4|7|1000|26|CG0061461|-24|-68|CG0061461|-24|-68|CG0061461|-24|-68|CG0061461|-24|-68|CG0061461|-24|-68|CG0061461|-24|-68|CG0061462|-24|-67|CG0061462|-24|-67|CG0061463|-24|-67|CG0061463|-24|-67|CG0061463|-24|-67|CG0061463|-24|-67|CG0061463|-24|-67|CG0061463|-24|-67|CG0061464|-24|-67|CG0061464|-24|-67|CG0061465|-25|-66|CG0061465|-25|-66|CG0061466|-25|-66|CG0061466|-25|-66|CG0061466|-25|-66|CG0061466|-25|-66|CG0061466|-25|-66|CG0061466|-25|-66|CG0061466|-25|-66|CG0061466|-25|-66
104|4|8|1000|2|CG0061438|-25|-64|CG0061439|-50|-73
104|4|9|1000|1|CG0061444|-18|-72
104|4|10|1300|8|CG0061430|-32|-77|CG0061431|-35|-64|CG0061432|-22|-58|CG0061433|-17|-56|CG0061434|-19|-45|CG0061435|-25|-45|CG0061436|-26|-32|CG0061437|-31|-30
104|5|0|800|4|CG0061526|-18|-68|CG0061527|-18|-72|CG0061528|-17|-71|CG0061527|-18|-72
104|5|1|1000|6|CG0061538|-19|-75|CG0061539|-15|-77|CG0061540|-14|-74|CG0061541|-17|-75|CG0061542|-18|-76|CG0061543|-18|-74
104|5|2|400|1|CG0188597|-19|-60
104|5|3|500|6|CG0061486|-17|-65|CG0061487|-17|-69|CG0061488|-17|-66|CG0061489|-17|-65|CG0061490|-17|-69|CG0061491|-17|-66
104|5|4|100|1|CG0196544|-24|-45
104|5|5|1200|30|CG0061478|-16|-69|CG0061478|-16|-69|CG0061479|-20|-68|CG0061479|-20|-68|CG0061480|-19|-68|CG0061480|-19|-68|CG0061479|-20|-68|CG0061479|-20|-68|CG0061480|-19|-68|CG0061480|-19|-68|CG0061479|-20|-68|CG0061479|-20|-68|CG0061480|-19|-68|CG0061480|-19|-68|CG0061481|-15|-66|CG0061481|-15|-66|CG0061481|-15|-66|CG0061481|-15|-66|CG0061482|-23|-50|CG0061482|-23|-50|CG0061483|-21|-46|CG0061483|-21|-46|CG0061483|-21|-46|CG0061483|-21|-46|CG0061483|-21|-46|CG0061483|-21|-46|CG0061484|-17|-52|CG0061484|-17|-52|CG0061485|-19|-69|CG0061485|-19|-69
104|5|6|2000|22|CG0061515|-26|-69|CG0061515|-26|-69|CG0061515|-26|-69|CG0061516|-24|-67|CG0061516|-24|-67|CG0061516|-24|-67|CG0061517|-30|-65|CG0061517|-30|-65|CG0061518|-30|-65|CG0061518|-30|-65|CG0061517|-30|-65|CG0061517|-30|-65|CG0061518|-30|-65|CG0061518|-30|-65|CG0061517|-30|-65|CG0061517|-30|-65|CG0061518|-30|-65|CG0061518|-30|-65|CG0061517|-30|-65|CG0061517|-30|-65|CG0061518|-30|-65|CG0061518|-30|-65
104|5|7|1000|26|CG0061529|-24|-68|CG0061529|-24|-68|CG0061529|-24|-68|CG0061529|-24|-68|CG0061529|-24|-68|CG0061529|-24|-68|CG0061530|-23|-69|CG0061530|-23|-69|CG0061531|-20|-69|CG0061531|-20|-69|CG0061531|-20|-69|CG0061531|-20|-69|CG0061531|-20|-69|CG0061531|-20|-69|CG0061532|-21|-69|CG0061532|-21|-69|CG0061533|-23|-67|CG0061533|-23|-67|CG0061534|-25|-67|CG0061534|-25|-67|CG0061534|-25|-67|CG0061534|-25|-67|CG0061534|-25|-67|CG0061534|-25|-67|CG0061534|-25|-67|CG0061534|-25|-67
104|5|8|1000|2|CG0061506|-18|-65|CG0061507|-33|-82
104|5|9|1000|1|CG0061512|-14|-72
104|5|10|1300|8|CG0061498|-23|-81|CG0061499|-39|-65|CG0061500|-34|-64|CG0061501|-22|-57|CG0061502|-16|-43|CG0061503|-23|-44|CG0061504|-28|-34|CG0061505|-34|-27
104|6|0|800|4|CG0061594|-21|-71|CG0061595|-19|-75|CG0061596|-19|-73|CG0061595|-19|-75
104|6|1|1000|6|CG0061606|-16|-76|CG0061607|-20|-77|CG0061608|-23|-75|CG0061609|-20|-76|CG0061610|-14|-77|CG0061611|-25|-75
104|6|2|400|1|CG0188642|-38|-63
104|6|3|500|6|CG0061554|-24|-69|CG0061555|-24|-72|CG0061556|-24|-70|CG0061557|-24|-69|CG0061558|-25|-72|CG0061559|-30|-70
104|6|4|100|1|CG0196584|-20|-48
104|6|5|1200|30|CG0061546|-18|-71|CG0061546|-18|-71|CG0061547|-19|-68|CG0061547|-19|-68|CG0061548|-19|-68|CG0061548|-19|-68|CG0061547|-19|-68|CG0061547|-19|-68|CG0061548|-19|-68|CG0061548|-19|-68|CG0061547|-19|-68|CG0061547|-19|-68|CG0061548|-19|-68|CG0061548|-19|-68|CG0061549|-17|-67|CG0061549|-17|-67|CG0061549|-17|-67|CG0061549|-17|-67|CG0061550|-44|-55|CG0061550|-44|-55|CG0061551|-50|-49|CG0061551|-50|-49|CG0061551|-50|-49|CG0061551|-50|-49|CG0061551|-50|-49|CG0061551|-50|-49|CG0061552|-40|-56|CG0061552|-40|-56|CG0061553|-25|-71|CG0061553|-25|-71
104|6|6|2000|22|CG0061583|-25|-71|CG0061583|-25|-71|CG0061583|-25|-71|CG0061584|-24|-69|CG0061584|-24|-69|CG0061584|-24|-69|CG0061585|-21|-69|CG0061585|-21|-69|CG0061586|-21|-70|CG0061586|-21|-70|CG0061585|-21|-69|CG0061585|-21|-69|CG0061586|-21|-70|CG0061586|-21|-70|CG0061585|-21|-69|CG0061585|-21|-69|CG0061586|-21|-70|CG0061586|-21|-70|CG0061585|-21|-69|CG0061585|-21|-69|CG0061586|-21|-70|CG0061586|-21|-70
104|6|7|1000|26|CG0061597|-25|-71|CG0061597|-25|-71|CG0061597|-25|-71|CG0061597|-25|-71|CG0061597|-25|-71|CG0061597|-25|-71|CG0061598|-21|-71|CG0061598|-21|-71|CG0061599|-21|-72|CG0061599|-21|-72|CG0061599|-21|-72|CG0061599|-21|-72|CG0061599|-21|-72|CG0061599|-21|-72|CG0061600|-21|-72|CG0061600|-21|-72|CG0061601|-38|-70|CG0061601|-38|-70|CG0061602|-22|-70|CG0061602|-22|-70|CG0061602|-22|-70|CG0061602|-22|-70|CG0061602|-22|-70|CG0061602|-22|-70|CG0061602|-22|-70|CG0061602|-22|-70
104|6|8|1000|2|CG0061574|-23|-68|CG0061575|-12|-83
104|6|9|1000|1|CG0061580|-18|-72
104|6|10|1300|8|CG0061566|-33|-78|CG0061567|-31|-75|CG0061568|-41|-64|CG0061569|-46|-56|CG0061570|-47|-40|CG0061571|-48|-40|CG0061572|-47|-34|CG0061573|-46|-28
104|7|0|800|4|CG0061662|-24|-71|CG0061663|-23|-75|CG0061664|-23|-71|CG0061663|-23|-75
104|7|1|1000|6|CG0061674|-14|-76|CG0061675|-17|-78|CG0061676|-27|-75|CG0061677|-14|-76|CG0061678|-17|-78|CG0061679|-26|-75
104|7|2|400|1|CG0188687|-44|-60
104|7|3|500|6|CG0061622|-27|-72|CG0061623|-27|-75|CG0061624|-29|-73|CG0061625|-27|-72|CG0061626|-27|-75|CG0061627|-27|-73
104|7|4|100|1|CG0196624|-25|-51
104|7|5|1200|30|CG0061614|-25|-72|CG0061614|-25|-72|CG0061615|-22|-68|CG0061615|-22|-68|CG0061616|-23|-68|CG0061616|-23|-68|CG0061615|-22|-68|CG0061615|-22|-68|CG0061616|-23|-68|CG0061616|-23|-68|CG0061615|-22|-68|CG0061615|-22|-68|CG0061616|-23|-68|CG0061616|-23|-68|CG0061617|-30|-69|CG0061617|-30|-69|CG0061617|-30|-69|CG0061617|-30|-69|CG0061618|-54|-65|CG0061618|-54|-65|CG0061619|-67|-62|CG0061619|-67|-62|CG0061619|-67|-62|CG0061619|-67|-62|CG0061619|-67|-62|CG0061619|-67|-62|CG0061620|-51|-65|CG0061620|-51|-65|CG0061621|-26|-73|CG0061621|-26|-73
104|7|6|2000|22|CG0061651|-25|-71|CG0061651|-25|-71|CG0061651|-25|-71|CG0061652|-25|-69|CG0061652|-25|-69|CG0061652|-25|-69|CG0061653|-27|-67|CG0061653|-27|-67|CG0061654|-27|-68|CG0061654|-27|-68|CG0061653|-27|-67|CG0061653|-27|-67|CG0061654|-27|-68|CG0061654|-27|-68|CG0061653|-27|-67|CG0061653|-27|-67|CG0061654|-27|-68|CG0061654|-27|-68|CG0061653|-27|-67|CG0061653|-27|-67|CG0061654|-27|-68|CG0061654|-27|-68
104|7|7|1000|26|CG0061665|-25|-72|CG0061665|-25|-72|CG0061665|-25|-72|CG0061665|-25|-72|CG0061665|-25|-72|CG0061665|-25|-72|CG0061666|-25|-72|CG0061666|-25|-72|CG0061667|-25|-72|CG0061667|-25|-72|CG0061667|-25|-72|CG0061667|-25|-72|CG0061667|-25|-72|CG0061667|-25|-72|CG0061668|-25|-72|CG0061668|-25|-72|CG0061669|-39|-72|CG0061669|-39|-72|CG0061670|-33|-72|CG0061670|-33|-72|CG0061670|-33|-72|CG0061670|-33|-72|CG0061670|-33|-72|CG0061670|-33|-72|CG0061670|-33|-72|CG0061670|-33|-72
104|7|8|1000|2|CG0061642|-23|-70|CG0061643|-14|-74
104|7|9|1000|1|CG0061648|-20|-70
104|7|10|1300|8|CG0061634|-37|-70|CG0061635|-25|-78|CG0061636|-34|-73|CG0061637|-57|-64|CG0061638|-58|-39|CG0061639|-59|-37|CG0061640|-58|-32|CG0061641|-58|-22
