125|0|0|1500|4|CG0069907|-18|-77|CG0069908|-21|-77|CG0069909|-24|-77|CG0069908|-21|-77
125|0|1|1000|6|CG0069912|-20|-77|CG0069913|-21|-78|CG0069914|-25|-76|CG0069915|-20|-77|CG0069916|-20|-79|CG0069917|-22|-76
125|0|2|400|1|CG0188372|-32|-70
125|0|3|400|6|CG0069882|-24|-75|CG0069883|-24|-76|CG0069884|-24|-76|CG0069885|-24|-75|CG0069886|-24|-76|CG0069887|-24|-76
125|0|4|100|1|CG0196344|-27|-55
125|0|5|1300|36|CG0069874|-14|-75|CG0069874|-14|-75|CG0069874|-14|-75|CG0069874|-14|-75|CG0069875|-24|-76|CG0069875|-24|-76|CG0069875|-24|-76|CG0069875|-24|-76|CG0069876|-36|-77|CG0069876|-36|-77|CG0069876|-36|-77|CG0069876|-36|-77|CG0069876|-36|-77|CG0069876|-36|-77|CG0069876|-36|-77|CG0069876|-36|-77|CG0069877|-41|-78|CG0069877|-41|-78|CG0069878|-66|-79|CG0069878|-66|-79|CG0069879|-67|-80|CG0069879|-67|-80|CG0069879|-67|-80|CG0069879|-67|-80|CG0069879|-67|-80|CG0069879|-67|-80|CG0069879|-67|-80|CG0069879|-67|-80|CG0069880|-56|-78|CG0069880|-56|-78|CG0069880|-56|-78|CG0069880|-56|-78|CG0069881|-22|-76|CG0069881|-22|-76|CG0069881|-22|-76|CG0069881|-22|-76
125|0|6|1500|9|CG0069901|-17|-83|CG0069901|-17|-83|CG0069902|-30|-85|CG0069902|-30|-85|CG0069902|-30|-85|CG0069902|-30|-85|CG0069902|-30|-85|CG0069902|-30|-85|CG0069903|-20|-85
125|0|7|1200|11|CG0068634|-19|-76|CG0068634|-19|-76|CG0068634|-19|-76|CG0068635|-19|-75|CG0068636|-30|-68|CG0068636|-30|-68|CG0068636|-30|-68|CG0068636|-30|-68|CG0068637|-35|-69|CG0068638|-35|-73|CG0068639|-34|-75
125|0|8|1000|2|CG0069896|-27|-74|CG0069897|-19|-82
125|0|9|1000|1|CG0069898|-33|-88
125|0|10|1200|7|CG0069890|-27|-77|CG0069891|-35|-71|CG0069892|-46|-64|CG0069892|-46|-64|CG0069893|-52|-64|CG0069894|-54|-58|CG0069895|-70|-44
125|1|0|1500|4|CG0069953|-22|-76|CG0069954|-22|-76|CG0069955|-22|-76|CG0069954|-22|-76
125|1|1|1000|6|CG0069958|-18|-76|CG0069959|-18|-77|CG0069960|-17|-75|CG0069961|-18|-76|CG0069962|-16|-78|CG0069963|-15|-75
125|1|2|400|1|CG0188417|-17|-71
125|1|3|400|6|CG0069928|-28|-77|CG0069929|-28|-78|CG0069930|-29|-77|CG0069931|-28|-77|CG0069932|-28|-78|CG0069933|-29|-77
125|1|4|100|1|CG0196384|-26|-58
125|1|5|1300|36|CG0069920|-14|-74|CG0069920|-14|-74|CG0069920|-14|-74|CG0069920|-14|-74|CG0069921|-15|-77|CG0069921|-15|-77|CG0069921|-15|-77|CG0069921|-15|-77|CG0069922|-15|-81|CG0069922|-15|-81|CG0069922|-15|-81|CG0069922|-15|-81|CG0069922|-15|-81|CG0069922|-15|-81|CG0069922|-15|-81|CG0069922|-15|-81|CG0069923|-16|-81|CG0069923|-16|-81|CG0069924|-22|-87|CG0069924|-22|-87|CG0069925|-19|-87|CG0069925|-19|-87|CG0069925|-19|-87|CG0069925|-19|-87|CG0069925|-19|-87|CG0069925|-19|-87|CG0069925|-19|-87|CG0069925|-19|-87|CG0069926|-23|-85|CG0069926|-23|-85|CG0069926|-23|-85|CG0069926|-23|-85|CG0069927|-15|-76|CG0069927|-15|-76|CG0069927|-15|-76|CG0069927|-15|-76
125|1|6|1500|9|CG0069947|-18|-84|CG0069947|-18|-84|CG0069948|-26|-77|CG0069948|-26|-77|CG0069948|-26|-77|CG0069948|-26|-77|CG0069948|-26|-77|CG0069948|-26|-77|CG0069949|-21|-79
125|1|7|1200|11|CG0068699|-18|-76|CG0068699|-18|-76|CG0068699|-18|-76|CG0068700|-20|-76|CG0068701|-24|-73|CG0068701|-24|-73|CG0068701|-24|-73|CG0068701|-24|-73|CG0068702|-24|-75|CG0068703|-18|-77|CG0068704|-18|-79
125|1|8|1000|2|CG0069942|-17|-77|CG0069943|-30|-75
125|1|9|1000|1|CG0069944|-16|-79
125|1|10|1200|7|CG0069936|-18|-77|CG0069937|-16|-72|CG0069938|-16|-65|CG0069938|-16|-65|CG0069939|-16|-67|CG0069940|-17|-61|CG0069941|-24|-49
125|2|0|1500|4|CG0069999|-18|-77|CG0070000|-19|-78|CG0070001|-20|-78|CG0070000|-19|-78
125|2|1|1000|6|CG0070004|-20|-77|CG0070005|-18|-78|CG0070006|-20|-76|CG0070007|-16|-77|CG0070008|-17|-79|CG0070009|-23|-76
125|2|2|400|1|CG0188462|-33|-62
125|2|3|400|6|CG0069974|-24|-75|CG0069975|-22|-76|CG0069976|-30|-75|CG0069977|-22|-75|CG0069978|-27|-76|CG0069979|-37|-75
125|2|4|100|1|CG0196424|-14|-57
125|2|5|1300|36|CG0069966|-19|-75|CG0069966|-19|-75|CG0069966|-19|-75|CG0069966|-19|-75|CG0069967|-15|-76|CG0069967|-15|-76|CG0069967|-15|-76|CG0069967|-15|-76|CG0069968|-10|-79|CG0069968|-10|-79|CG0069968|-10|-79|CG0069968|-10|-79|CG0069968|-10|-79|CG0069968|-10|-79|CG0069968|-10|-79|CG0069968|-10|-79|CG0069969|-10|-80|CG0069969|-10|-80|CG0069970|-11|-81|CG0069970|-11|-81|CG0069971|-11|-81|CG0069971|-11|-81|CG0069971|-11|-81|CG0069971|-11|-81|CG0069971|-11|-81|CG0069971|-11|-81|CG0069971|-11|-81|CG0069971|-11|-81|CG0069972|-8|-78|CG0069972|-8|-78|CG0069972|-8|-78|CG0069972|-8|-78|CG0069973|-11|-75|CG0069973|-11|-75|CG0069973|-11|-75|CG0069973|-11|-75
125|2|6|1500|9|CG0069993|-14|-83|CG0069993|-14|-83|CG0069994|-15|-77|CG0069994|-15|-77|CG0069994|-15|-77|CG0069994|-15|-77|CG0069994|-15|-77|CG0069994|-15|-77|CG0069995|-33|-81
125|2|7|1200|11|CG0068764|-17|-77|CG0068764|-17|-77|CG0068764|-17|-77|CG0068765|-18|-76|CG0068766|-21|-74|CG0068766|-21|-74|CG0068766|-21|-74|CG0068766|-21|-74|CG0068767|-18|-74|CG0068768|-19|-74|CG0068769|-19|-77
125|2|8|1000|2|CG0069988|-11|-74|CG0069989|-40|-70
125|2|9|1000|1|CG0069990|-19|-74
125|2|10|1200|7|CG0069982|-16|-77|CG0069983|-15|-71|CG0069984|-17|-62|CG0069984|-17|-62|CG0069985|-18|-58|CG0069986|-18|-50|CG0069987|-17|-39
125|3|0|1500|4|CG0070045|-22|-78|CG0070046|-20|-78|CG0070047|-19|-78|CG0070046|-20|-78
125|3|1|1000|6|CG0070050|-21|-77|CG0070051|-17|-78|CG0070052|-27|-76|CG0070053|-19|-77|CG0070054|-21|-79|CG0070055|-25|-76
125|3|2|400|1|CG0188507|-36|-53
125|3|3|400|6|CG0070020|-26|-69|CG0070021|-29|-71|CG0070022|-45|-70|CG0070023|-29|-69|CG0070024|-31|-71|CG0070025|-44|-70
125|3|4|100|1|CG0196464|-10|-51
125|3|5|1300|36|CG0070012|-42|-76|CG0070012|-42|-76|CG0070012|-42|-76|CG0070012|-42|-76|CG0070013|-37|-74|CG0070013|-37|-74|CG0070013|-37|-74|CG0070013|-37|-74|CG0070014|-23|-73|CG0070014|-23|-73|CG0070014|-23|-73|CG0070014|-23|-73|CG0070014|-23|-73|CG0070014|-23|-73|CG0070014|-23|-73|CG0070014|-23|-73|CG0070015|-25|-73|CG0070015|-25|-73|CG0070016|-5|-72|CG0070016|-5|-72|CG0070017|-5|-72|CG0070017|-5|-72|CG0070017|-5|-72|CG0070017|-5|-72|CG0070017|-5|-72|CG0070017|-5|-72|CG0070017|-5|-72|CG0070017|-5|-72|CG0070018|-5|-71|CG0070018|-5|-71|CG0070018|-5|-71|CG0070018|-5|-71|CG0070019|-33|-73|CG0070019|-33|-73|CG0070019|-33|-73|CG0070019|-33|-73
125|3|6|1500|9|CG0070039|-13|-78|CG0070039|-13|-78|CG0070040|-11|-77|CG0070040|-11|-77|CG0070040|-11|-77|CG0070040|-11|-77|CG0070040|-11|-77|CG0070040|-11|-77|CG0070041|-27|-92
125|3|7|1200|11|CG0068829|-14|-77|CG0068829|-14|-77|CG0068829|-14|-77|CG0068830|-16|-75|CG0068831|-15|-71|CG0068831|-15|-71|CG0068831|-15|-71|CG0068831|-15|-71|CG0068832|-15|-66|CG0068833|-15|-65|CG0068834|-15|-70
125|3|8|1000|2|CG0070034|-12|-66|CG0070035|-51|-70
125|3|9|1000|1|CG0070036|-15|-69
125|3|10|1200|7|CG0070028|-14|-77|CG0070029|-19|-68|CG0070030|-20|-54|CG0070030|-20|-54|CG0070031|-20|-44|CG0070032|-20|-30|CG0070033|-21|-21
125|4|0|1500|4|CG0070091|-26|-78|CG0070092|-26|-78|CG0070093|-26|-78|CG0070092|-26|-78
125|4|1|1000|6|CG0070096|-26|-78|CG0070097|-25|-79|CG0070098|-24|-76|CG0070099|-26|-78|CG0070100|-28|-79|CG0070101|-28|-77
125|4|2|400|1|CG0188552|-25|-51
125|4|3|400|6|CG0070066|-17|-63|CG0070067|-26|-65|CG0070068|-36|-64|CG0070069|-25|-63|CG0070070|-20|-65|CG0070071|-28|-64
125|4|4|100|1|CG0196504|-21|-46
125|4|5|1300|36|CG0070058|-41|-78|CG0070058|-41|-78|CG0070058|-41|-78|CG0070058|-41|-78|CG0070059|-37|-71|CG0070059|-37|-71|CG0070059|-37|-71|CG0070059|-37|-71|CG0070060|-27|-66|CG0070060|-27|-66|CG0070060|-27|-66|CG0070060|-27|-66|CG0070060|-27|-66|CG0070060|-27|-66|CG0070060|-27|-66|CG0070060|-27|-66|CG0070061|-25|-65|CG0070061|-25|-65|CG0070062|-3|-62|CG0070062|-3|-62|CG0070063|-3|-61|CG0070063|-3|-61|CG0070063|-3|-61|CG0070063|-3|-61|CG0070063|-3|-61|CG0070063|-3|-61|CG0070063|-3|-61|CG0070063|-3|-61|CG0070064|-6|-63|CG0070064|-6|-63|CG0070064|-6|-63|CG0070064|-6|-63|CG0070065|-36|-72|CG0070065|-36|-72|CG0070065|-36|-72|CG0070065|-36|-72
125|4|6|1500|9|CG0070085|-14|-78|CG0070085|-14|-78|CG0070086|-20|-77|CG0070086|-20|-77|CG0070086|-20|-77|CG0070086|-20|-77|CG0070086|-20|-77|CG0070086|-20|-77|CG0070087|-13|-98
125|4|7|1200|11|CG0068894|-14|-77|CG0068894|-14|-77|CG0068894|-14|-77|CG0068895|-12|-74|CG0068896|-12|-65|CG0068896|-12|-65|CG0068896|-12|-65|CG0068896|-12|-65|CG0068897|-10|-56|CG0068898|-7|-54|CG0068899|-23|-60
125|4|8|1000|2|CG0070080|-17|-59|CG0070081|-38|-80
125|4|9|1000|1|CG0070082|-16|-65
125|4|10|1200|7|CG0070074|-26|-78|CG0070075|-33|-66|CG0070076|-23|-47|CG0070076|-23|-47|CG0070077|-24|-33|CG0070078|-23|-15|CG0070079|-22|-14
125|5|0|1500|4|CG0070137|-17|-78|CG0070138|-18|-78|CG0070139|-19|-78|CG0070138|-18|-78
125|5|1|1000|6|CG0070142|-20|-78|CG0070143|-20|-79|CG0070144|-19|-76|CG0070145|-20|-78|CG0070146|-19|-79|CG0070147|-19|-77
125|5|2|400|1|CG0188597|-19|-60
125|5|3|400|6|CG0070112|-23|-60|CG0070113|-23|-62|CG0070114|-23|-61|CG0070115|-23|-60|CG0070116|-23|-62|CG0070117|-23|-61
125|5|4|100|1|CG0196544|-24|-45
125|5|5|1300|36|CG0070104|-22|-79|CG0070104|-22|-79|CG0070104|-22|-79|CG0070104|-22|-79|CG0070105|-22|-70|CG0070105|-22|-70|CG0070105|-22|-70|CG0070105|-22|-70|CG0070106|-17|-61|CG0070106|-17|-61|CG0070106|-17|-61|CG0070106|-17|-61|CG0070106|-17|-61|CG0070106|-17|-61|CG0070106|-17|-61|CG0070106|-17|-61|CG0070107|-15|-61|CG0070107|-15|-61|CG0070108|-14|-56|CG0070108|-14|-56|CG0070109|-14|-56|CG0070109|-14|-56|CG0070109|-14|-56|CG0070109|-14|-56|CG0070109|-14|-56|CG0070109|-14|-56|CG0070109|-14|-56|CG0070109|-14|-56|CG0070110|-15|-59|CG0070110|-15|-59|CG0070110|-15|-59|CG0070110|-15|-59|CG0070111|-22|-72|CG0070111|-22|-72|CG0070111|-22|-72|CG0070111|-22|-72
125|5|6|1500|9|CG0070131|-30|-78|CG0070131|-30|-78|CG0070132|-46|-77|CG0070132|-46|-77|CG0070132|-46|-77|CG0070132|-46|-77|CG0070132|-46|-77|CG0070132|-46|-77|CG0070133|-31|-95
125|5|7|1200|11|CG0068959|-17|-77|CG0068959|-17|-77|CG0068959|-17|-77|CG0068960|-16|-72|CG0068961|-16|-59|CG0068961|-16|-59|CG0068961|-16|-59|CG0068961|-16|-59|CG0068962|-20|-49|CG0068963|-20|-49|CG0068964|-30|-62
125|5|8|1000|2|CG0070126|-17|-56|CG0070127|-31|-85
125|5|9|1000|1|CG0070128|-28|-73
125|5|10|1200|7|CG0070120|-26|-78|CG0070121|-29|-66|CG0070122|-31|-45|CG0070122|-31|-45|CG0070123|-23|-32|CG0070124|-22|-17|CG0070125|-21|-16
125|6|0|1500|4|CG0070183|-35|-77|CG0070184|-34|-77|CG0070185|-32|-77|CG0070184|-34|-77
125|6|1|1000|6|CG0070188|-35|-78|CG0070189|-37|-79|CG0070190|-38|-76|CG0070191|-35|-78|CG0070192|-34|-79|CG0070193|-33|-77
125|6|2|400|1|CG0188642|-38|-63
125|6|3|400|6|CG0070158|-52|-63|CG0070159|-52|-65|CG0070160|-52|-64|CG0070161|-52|-63|CG0070162|-52|-65|CG0070163|-52|-64
125|6|4|100|1|CG0196584|-20|-48
125|6|5|1300|36|CG0070150|-35|-78|CG0070150|-35|-78|CG0070150|-35|-78|CG0070150|-35|-78|CG0070151|-41|-71|CG0070151|-41|-71|CG0070151|-41|-71|CG0070151|-41|-71|CG0070152|-43|-64|CG0070152|-43|-64|CG0070152|-43|-64|CG0070152|-43|-64|CG0070152|-43|-64|CG0070152|-43|-64|CG0070152|-43|-64|CG0070152|-43|-64|CG0070153|-44|-63|CG0070153|-44|-63|CG0070154|-80|-59|CG0070154|-80|-59|CG0070155|-80|-59|CG0070155|-80|-59|CG0070155|-80|-59|CG0070155|-80|-59|CG0070155|-80|-59|CG0070155|-80|-59|CG0070155|-80|-59|CG0070155|-80|-59|CG0070156|-65|-62|CG0070156|-65|-62|CG0070156|-65|-62|CG0070156|-65|-62|CG0070157|-40|-74|CG0070157|-40|-74|CG0070157|-40|-74|CG0070157|-40|-74
125|6|6|1500|9|CG0070177|-35|-78|CG0070177|-35|-78|CG0070178|-45|-77|CG0070178|-45|-77|CG0070178|-45|-77|CG0070178|-45|-77|CG0070178|-45|-77|CG0070178|-45|-77|CG0070179|-40|-86
125|6|7|1200|11|CG0069024|-22|-77|CG0069024|-22|-77|CG0069024|-22|-77|CG0069025|-18|-72|CG0069026|-23|-58|CG0069026|-23|-58|CG0069026|-23|-58|CG0069026|-23|-58|CG0069027|-31|-50|CG0069028|-48|-53|CG0069029|-32|-71
125|6|8|1000|2|CG0070172|-42|-59|CG0070173|-29|-85
125|6|9|1000|1|CG0070174|-25|-83
125|6|10|1200|7|CG0070166|-24|-77|CG0070167|-30|-67|CG0070168|-34|-50|CG0070168|-34|-50|CG0070169|-44|-42|CG0070170|-56|-21|CG0070171|-61|-18
125|7|0|1500|4|CG0070229|-37|-77|CG0070230|-38|-77|CG0070231|-38|-77|CG0070230|-38|-77
125|7|1|1000|6|CG0070234|-39|-77|CG0070235|-40|-78|CG0070236|-42|-76|CG0070237|-39|-77|CG0070238|-37|-79|CG0070239|-36|-76
125|7|2|400|1|CG0188687|-44|-60
125|7|3|400|6|CG0070204|-50|-70|CG0070205|-51|-71|CG0070206|-51|-70|CG0070207|-50|-70|CG0070208|-51|-71|CG0070209|-51|-70
125|7|4|100|1|CG0196624|-25|-51
125|7|5|1300|36|CG0070196|-30|-76|CG0070196|-30|-76|CG0070196|-30|-76|CG0070196|-30|-76|CG0070197|-36|-74|CG0070197|-36|-74|CG0070197|-36|-74|CG0070197|-36|-74|CG0070198|-50|-70|CG0070198|-50|-70|CG0070198|-50|-70|CG0070198|-50|-70|CG0070198|-50|-70|CG0070198|-50|-70|CG0070198|-50|-70|CG0070198|-50|-70|CG0070199|-48|-70|CG0070199|-48|-70|CG0070200|-102|-69|CG0070200|-102|-69|CG0070201|-103|-69|CG0070201|-103|-69|CG0070201|-103|-69|CG0070201|-103|-69|CG0070201|-103|-69|CG0070201|-103|-69|CG0070201|-103|-69|CG0070201|-103|-69|CG0070202|-85|-71|CG0070202|-85|-71|CG0070202|-85|-71|CG0070202|-85|-71|CG0070203|-37|-75|CG0070203|-37|-75|CG0070203|-37|-75|CG0070203|-37|-75
125|7|6|1500|9|CG0070223|-22|-79|CG0070223|-22|-79|CG0070224|-20|-84|CG0070224|-20|-84|CG0070224|-20|-84|CG0070224|-20|-84|CG0070224|-20|-84|CG0070224|-20|-84|CG0070225|-26|-81
125|7|7|1200|11|CG0069089|-16|-76|CG0069089|-16|-76|CG0069089|-16|-76|CG0069090|-23|-73|CG0069091|-27|-62|CG0069091|-27|-62|CG0069091|-27|-62|CG0069091|-27|-62|CG0069092|-38|-59|CG0069093|-56|-65|CG0069094|-40|-75
125|7|8|1000|2|CG0070218|-47|-66|CG0070219|-29|-85
125|7|9|1000|1|CG0070220|-38|-89
125|7|10|1200|7|CG0070212|-37|-77|CG0070213|-46|-69|CG0070214|-57|-57|CG0070214|-57|-57|CG0070215|-63|-55|CG0070216|-76|-42|CG0070217|-79|-24
