103|0|0|800|4|CG0060824|-25|-72|CG0060825|-25|-74|CG0060826|-24|-70|CG0060825|-25|-74
103|0|1|1000|6|CG0060829|-21|-77|CG0060830|-20|-79|CG0060831|-25|-76|CG0060832|-20|-77|CG0060833|-21|-79|CG0060834|-21|-76
103|0|2|400|1|CG0188372|-32|-70
103|0|3|500|6|CG0061146|-23|-75|CG0061147|-24|-78|CG0061148|-31|-76|CG0061149|-23|-75|CG0061150|-23|-78|CG0061151|-23|-76
103|0|4|100|1|CG0196344|-27|-55
103|0|5|1200|19|CG0060794|-29|-76|CG0060794|-29|-76|CG0060795|-28|-77|CG0060796|-28|-78|CG0060796|-28|-78|CG0060797|-32|-77|CG0060797|-32|-77|CG0060798|-26|-77|CG0060798|-26|-77|CG0060798|-26|-77|CG0060798|-26|-77|CG0060799|-32|-76|CG0060799|-32|-76|CG0060799|-32|-76|CG0060799|-32|-76|CG0060800|-29|-76|CG0060800|-29|-76|CG0060801|-33|-76|CG0060801|-33|-76
103|0|6|2000|22|CG0060817|-20|-72|CG0060817|-20|-72|CG0060817|-20|-72|CG0060818|-19|-69|CG0060818|-19|-69|CG0060818|-19|-69|CG0060819|-24|-65|CG0060819|-24|-65|CG0060820|-25|-65|CG0060820|-25|-65|CG0060819|-24|-65|CG0060819|-24|-65|CG0060820|-25|-65|CG0060820|-25|-65|CG0060819|-24|-65|CG0060819|-24|-65|CG0060820|-25|-65|CG0060820|-25|-65|CG0060819|-24|-65|CG0060819|-24|-65|CG0060820|-25|-65|CG0060820|-25|-65
103|0|7|1000|26|CG0061189|-19|-72|CG0061189|-19|-72|CG0061189|-19|-72|CG0061189|-19|-72|CG0061189|-19|-72|CG0061189|-19|-72|CG0061190|-19|-72|CG0061190|-19|-72|CG0061191|-20|-71|CG0061191|-20|-71|CG0061191|-20|-71|CG0061191|-20|-71|CG0061191|-20|-71|CG0061191|-20|-71|CG0061192|-20|-72|CG0061192|-20|-72|CG0061193|-20|-73|CG0061193|-20|-73|CG0061194|-41|-73|CG0061194|-41|-73|CG0061194|-41|-73|CG0061194|-41|-73|CG0061194|-41|-73|CG0061194|-41|-73|CG0061194|-41|-73|CG0061194|-41|-73
103|0|8|1000|2|CG0060812|-21|-71|CG0060813|-11|-60
103|0|9|1000|1|CG0060814|-18|-69
103|0|10|1300|8|CG0060804|-24|-59|CG0060805|-34|-73|CG0060806|-24|-77|CG0060807|-44|-71|CG0060808|-45|-42|CG0060809|-46|-44|CG0060810|-45|-40|CG0060811|-47|-37
103|1|0|800|4|CG0060867|-22|-71|CG0060868|-21|-73|CG0060869|-19|-68|CG0060868|-21|-73
103|1|1|1000|6|CG0060872|-16|-77|CG0060873|-16|-79|CG0060874|-15|-77|CG0060875|-18|-77|CG0060876|-21|-79|CG0060877|-22|-77
103|1|2|400|1|CG0188417|-17|-71
103|1|3|500|6|CG0061214|-17|-77|CG0061215|-17|-80|CG0061216|-17|-78|CG0061217|-17|-77|CG0061218|-17|-80|CG0061219|-17|-78
103|1|4|100|1|CG0196384|-26|-58
103|1|5|1200|19|CG0060837|-19|-77|CG0060837|-19|-77|CG0060838|-17|-78|CG0060839|-15|-78|CG0060839|-15|-78|CG0060840|-14|-78|CG0060840|-14|-78|CG0060841|-15|-77|CG0060841|-15|-77|CG0060841|-15|-77|CG0060841|-15|-77|CG0060842|-16|-77|CG0060842|-16|-77|CG0060842|-16|-77|CG0060842|-16|-77|CG0060843|-26|-77|CG0060843|-26|-77|CG0060844|-24|-77|CG0060844|-24|-77
103|1|6|2000|22|CG0060860|-16|-71|CG0060860|-16|-71|CG0060860|-16|-71|CG0060861|-16|-68|CG0060861|-16|-68|CG0060861|-16|-68|CG0060862|-21|-64|CG0060862|-21|-64|CG0060863|-22|-64|CG0060863|-22|-64|CG0060862|-21|-64|CG0060862|-21|-64|CG0060863|-22|-64|CG0060863|-22|-64|CG0060862|-21|-64|CG0060862|-21|-64|CG0060863|-22|-64|CG0060863|-22|-64|CG0060862|-21|-64|CG0060862|-21|-64|CG0060863|-22|-64|CG0060863|-22|-64
103|1|7|1000|26|CG0061257|-16|-71|CG0061257|-16|-71|CG0061257|-16|-71|CG0061257|-16|-71|CG0061257|-16|-71|CG0061257|-16|-71|CG0061258|-15|-70|CG0061258|-15|-70|CG0061259|-15|-70|CG0061259|-15|-70|CG0061259|-15|-70|CG0061259|-15|-70|CG0061259|-15|-70|CG0061259|-15|-70|CG0061260|-15|-70|CG0061260|-15|-70|CG0061261|-15|-72|CG0061261|-15|-72|CG0061262|-26|-72|CG0061262|-26|-72|CG0061262|-26|-72|CG0061262|-26|-72|CG0061262|-26|-72|CG0061262|-26|-72|CG0061262|-26|-72|CG0061262|-26|-72
103|1|8|1000|2|CG0060855|-16|-70|CG0060856|-20|-54
103|1|9|1000|1|CG0060857|-18|-68
103|1|10|1300|8|CG0060847|-34|-59|CG0060848|-35|-61|CG0060849|-32|-73|CG0060850|-23|-70|CG0060851|-17|-46|CG0060852|-22|-48|CG0060853|-29|-46|CG0060854|-33|-46
103|2|0|800|4|CG0060910|-17|-69|CG0060911|-18|-72|CG0060912|-20|-68|CG0060911|-18|-72
103|2|1|1000|6|CG0060915|-21|-77|CG0060916|-22|-78|CG0060917|-23|-76|CG0060918|-23|-77|CG0060919|-22|-79|CG0060920|-26|-76
103|2|2|400|1|CG0188462|-33|-62
103|2|3|500|6|CG0061282|-19|-75|CG0061283|-23|-79|CG0061284|-35|-76|CG0061285|-23|-75|CG0061286|-19|-79|CG0061287|-25|-76
103|2|4|100|1|CG0196424|-14|-57
103|2|5|1200|19|CG0060880|-18|-76|CG0060880|-18|-76|CG0060881|-17|-76|CG0060882|-16|-76|CG0060882|-16|-76|CG0060883|-16|-76|CG0060883|-16|-76|CG0060884|-16|-75|CG0060884|-16|-75|CG0060884|-16|-75|CG0060884|-16|-75|CG0060885|-18|-75|CG0060885|-18|-75|CG0060885|-18|-75|CG0060885|-18|-75|CG0060886|-18|-76|CG0060886|-18|-76|CG0060887|-19|-76|CG0060887|-19|-76
103|2|6|2000|22|CG0060903|-19|-69|CG0060903|-19|-69|CG0060903|-19|-69|CG0060904|-20|-66|CG0060904|-20|-66|CG0060904|-20|-66|CG0060905|-19|-63|CG0060905|-19|-63|CG0060906|-19|-63|CG0060906|-19|-63|CG0060905|-19|-63|CG0060905|-19|-63|CG0060906|-19|-63|CG0060906|-19|-63|CG0060905|-19|-63|CG0060905|-19|-63|CG0060906|-19|-63|CG0060906|-19|-63|CG0060905|-19|-63|CG0060905|-19|-63|CG0060906|-19|-63|CG0060906|-19|-63
103|2|7|1000|26|CG0061325|-17|-69|CG0061325|-17|-69|CG0061325|-17|-69|CG0061325|-17|-69|CG0061325|-17|-69|CG0061325|-17|-69|CG0061326|-18|-68|CG0061326|-18|-68|CG0061327|-17|-68|CG0061327|-17|-68|CG0061327|-17|-68|CG0061327|-17|-68|CG0061327|-17|-68|CG0061327|-17|-68|CG0061328|-17|-69|CG0061328|-17|-69|CG0061329|-16|-70|CG0061329|-16|-70|CG0061330|-16|-71|CG0061330|-16|-71|CG0061330|-16|-71|CG0061330|-16|-71|CG0061330|-16|-71|CG0061330|-16|-71|CG0061330|-16|-71|CG0061330|-16|-71
103|2|8|1000|2|CG0060898|-23|-69|CG0060899|-29|-62
103|2|9|1000|1|CG0060900|-26|-69
103|2|10|1300|8|CG0060890|-33|-63|CG0060891|-24|-58|CG0060892|-36|-62|CG0060893|-27|-73|CG0060894|-12|-44|CG0060895|-19|-47|CG0060896|-29|-41|CG0060897|-33|-40
103|3|0|800|4|CG0060953|-24|-69|CG0060954|-23|-72|CG0060955|-27|-69|CG0060954|-23|-72
103|3|1|1000|6|CG0060958|-20|-76|CG0060959|-21|-77|CG0060960|-28|-75|CG0060961|-20|-76|CG0060962|-20|-78|CG0060963|-27|-75
103|3|2|400|1|CG0188507|-36|-53
103|3|3|500|6|CG0061350|-24|-73|CG0061351|-24|-76|CG0061352|-37|-74|CG0061353|-24|-73|CG0061354|-23|-76|CG0061355|-39|-74
103|3|4|100|1|CG0196464|-10|-51
103|3|5|1200|19|CG0060923|-20|-75|CG0060923|-20|-75|CG0060924|-17|-75|CG0060925|-16|-74|CG0060925|-16|-74|CG0060926|-16|-74|CG0060926|-16|-74|CG0060927|-17|-74|CG0060927|-17|-74|CG0060927|-17|-74|CG0060927|-17|-74|CG0060928|-29|-74|CG0060928|-29|-74|CG0060928|-29|-74|CG0060928|-29|-74|CG0060929|-31|-75|CG0060929|-31|-75|CG0060930|-26|-75|CG0060930|-26|-75
103|3|6|2000|22|CG0060946|-24|-68|CG0060946|-24|-68|CG0060946|-24|-68|CG0060947|-24|-66|CG0060947|-24|-66|CG0060947|-24|-66|CG0060948|-26|-64|CG0060948|-26|-64|CG0060949|-25|-64|CG0060949|-25|-64|CG0060948|-26|-64|CG0060948|-26|-64|CG0060949|-25|-64|CG0060949|-25|-64|CG0060948|-26|-64|CG0060948|-26|-64|CG0060949|-25|-64|CG0060949|-25|-64|CG0060948|-26|-64|CG0060948|-26|-64|CG0060949|-25|-64|CG0060949|-25|-64
103|3|7|1000|26|CG0061393|-24|-69|CG0061393|-24|-69|CG0061393|-24|-69|CG0061393|-24|-69|CG0061393|-24|-69|CG0061393|-24|-69|CG0061394|-23|-68|CG0061394|-23|-68|CG0061395|-23|-68|CG0061395|-23|-68|CG0061395|-23|-68|CG0061395|-23|-68|CG0061395|-23|-68|CG0061395|-23|-68|CG0061396|-23|-67|CG0061396|-23|-67|CG0061397|-24|-68|CG0061397|-24|-68|CG0061398|-24|-68|CG0061398|-24|-68|CG0061398|-24|-68|CG0061398|-24|-68|CG0061398|-24|-68|CG0061398|-24|-68|CG0061398|-24|-68|CG0061398|-24|-68
103|3|8|1000|2|CG0060941|-24|-66|CG0060942|-50|-69
103|3|9|1000|1|CG0060943|-20|-70
103|3|10|1300|8|CG0060933|-37|-68|CG0060934|-35|-59|CG0060935|-22|-59|CG0060936|-29|-67|CG0060937|-15|-46|CG0060938|-24|-41|CG0060939|-26|-34|CG0060940|-27|-23
103|4|0|800|4|CG0060996|-25|-69|CG0060997|-24|-72|CG0060998|-24|-70|CG0060997|-24|-72
103|4|1|1000|6|CG0061001|-20|-76|CG0061002|-20|-77|CG0061003|-25|-74|CG0061004|-20|-76|CG0061005|-20|-78|CG0061006|-22|-76
103|4|2|400|1|CG0188552|-25|-51
103|4|3|500|6|CG0061418|-22|-68|CG0061419|-19|-71|CG0061420|-23|-69|CG0061421|-19|-68|CG0061422|-22|-71|CG0061423|-34|-69
103|4|4|100|1|CG0196504|-21|-46
103|4|5|1200|19|CG0060966|-19|-75|CG0060966|-19|-75|CG0060967|-20|-74|CG0060968|-16|-73|CG0060968|-16|-73|CG0060969|-16|-73|CG0060969|-16|-73|CG0060970|-17|-73|CG0060970|-17|-73|CG0060970|-17|-73|CG0060970|-17|-73|CG0060971|-29|-74|CG0060971|-29|-74|CG0060971|-29|-74|CG0060971|-29|-74|CG0060972|-32|-75|CG0060972|-32|-75|CG0060973|-26|-75|CG0060973|-26|-75
103|4|6|2000|22|CG0060989|-24|-67|CG0060989|-24|-67|CG0060989|-24|-67|CG0060990|-24|-66|CG0060990|-24|-66|CG0060990|-24|-66|CG0060991|-32|-64|CG0060991|-32|-64|CG0060992|-33|-64|CG0060992|-33|-64|CG0060991|-32|-64|CG0060991|-32|-64|CG0060992|-33|-64|CG0060992|-33|-64|CG0060991|-32|-64|CG0060991|-32|-64|CG0060992|-33|-64|CG0060992|-33|-64|CG0060991|-32|-64|CG0060991|-32|-64|CG0060992|-33|-64|CG0060992|-33|-64
103|4|7|1000|26|CG0061461|-24|-68|CG0061461|-24|-68|CG0061461|-24|-68|CG0061461|-24|-68|CG0061461|-24|-68|CG0061461|-24|-68|CG0061462|-24|-67|CG0061462|-24|-67|CG0061463|-24|-67|CG0061463|-24|-67|CG0061463|-24|-67|CG0061463|-24|-67|CG0061463|-24|-67|CG0061463|-24|-67|CG0061464|-24|-67|CG0061464|-24|-67|CG0061465|-25|-66|CG0061465|-25|-66|CG0061466|-25|-66|CG0061466|-25|-66|CG0061466|-25|-66|CG0061466|-25|-66|CG0061466|-25|-66|CG0061466|-25|-66|CG0061466|-25|-66|CG0061466|-25|-66
103|4|8|1000|2|CG0060984|-25|-64|CG0060985|-50|-73
103|4|9|1000|1|CG0060986|-25|-72
103|4|10|1300|8|CG0060976|-32|-77|CG0060977|-35|-63|CG0060978|-34|-58|CG0060979|-17|-56|CG0060980|-19|-45|CG0060981|-25|-45|CG0060982|-26|-32|CG0060983|-31|-30
103|5|0|800|4|CG0061039|-18|-68|CG0061040|-18|-72|CG0061041|-17|-71|CG0061040|-18|-72
103|5|1|1000|6|CG0061044|-19|-75|CG0061045|-20|-77|CG0061046|-20|-74|CG0061047|-17|-75|CG0061048|-18|-76|CG0061049|-18|-74
103|5|2|400|1|CG0188597|-19|-60
103|5|3|500|6|CG0061486|-17|-65|CG0061487|-17|-69|CG0061488|-17|-66|CG0061489|-17|-65|CG0061490|-17|-69|CG0061491|-17|-66
103|5|4|100|1|CG0196544|-24|-45
103|5|5|1200|19|CG0061009|-25|-74|CG0061009|-25|-74|CG0061010|-46|-73|CG0061011|-22|-72|CG0061011|-22|-72|CG0061012|-22|-72|CG0061012|-22|-72|CG0061013|-31|-72|CG0061013|-31|-72|CG0061013|-31|-72|CG0061013|-31|-72|CG0061014|-15|-74|CG0061014|-15|-74|CG0061014|-15|-74|CG0061014|-15|-74|CG0061015|-19|-74|CG0061015|-19|-74|CG0061016|-20|-74|CG0061016|-20|-74
103|5|6|2000|22|CG0061032|-22|-69|CG0061032|-22|-69|CG0061032|-22|-69|CG0061033|-24|-67|CG0061033|-24|-67|CG0061033|-24|-67|CG0061034|-30|-65|CG0061034|-30|-65|CG0061035|-30|-65|CG0061035|-30|-65|CG0061034|-30|-65|CG0061034|-30|-65|CG0061035|-30|-65|CG0061035|-30|-65|CG0061034|-30|-65|CG0061034|-30|-65|CG0061035|-30|-65|CG0061035|-30|-65|CG0061034|-30|-65|CG0061034|-30|-65|CG0061035|-30|-65|CG0061035|-30|-65
103|5|7|1000|26|CG0061529|-24|-68|CG0061529|-24|-68|CG0061529|-24|-68|CG0061529|-24|-68|CG0061529|-24|-68|CG0061529|-24|-68|CG0061530|-23|-69|CG0061530|-23|-69|CG0061531|-20|-69|CG0061531|-20|-69|CG0061531|-20|-69|CG0061531|-20|-69|CG0061531|-20|-69|CG0061531|-20|-69|CG0061532|-21|-69|CG0061532|-21|-69|CG0061533|-23|-67|CG0061533|-23|-67|CG0061534|-25|-67|CG0061534|-25|-67|CG0061534|-25|-67|CG0061534|-25|-67|CG0061534|-25|-67|CG0061534|-25|-67|CG0061534|-25|-67|CG0061534|-25|-67
103|5|8|1000|2|CG0061027|-18|-65|CG0061028|-33|-82
103|5|9|1000|1|CG0061029|-17|-72
103|5|10|1300|8|CG0061019|-23|-81|CG0061020|-39|-65|CG0061021|-34|-62|CG0061022|-34|-57|CG0061023|-32|-43|CG0061024|-33|-44|CG0061025|-32|-34|CG0061026|-34|-27
103|6|0|800|4|CG0061082|-21|-71|CG0061083|-20|-75|CG0061084|-19|-73|CG0061083|-20|-75
103|6|1|1000|6|CG0061087|-16|-76|CG0061088|-20|-77|CG0061089|-23|-75|CG0061090|-20|-76|CG0061091|-14|-77|CG0061092|-25|-75
103|6|2|400|1|CG0188642|-38|-63
103|6|3|500|6|CG0061554|-24|-69|CG0061555|-24|-72|CG0061556|-24|-70|CG0061557|-24|-69|CG0061558|-25|-72|CG0061559|-30|-70
103|6|4|100|1|CG0196584|-20|-48
103|6|5|1200|19|CG0061052|-22|-74|CG0061052|-22|-74|CG0061053|-49|-74|CG0061054|-41|-73|CG0061054|-41|-73|CG0061055|-42|-73|CG0061055|-42|-73|CG0061056|-42|-73|CG0061056|-42|-73|CG0061056|-42|-73|CG0061056|-42|-73|CG0061057|-37|-74|CG0061057|-37|-74|CG0061057|-37|-74|CG0061057|-37|-74|CG0061058|-35|-74|CG0061058|-35|-74|CG0061059|-22|-74|CG0061059|-22|-74
103|6|6|2000|22|CG0061075|-28|-71|CG0061075|-28|-71|CG0061075|-28|-71|CG0061076|-35|-69|CG0061076|-35|-69|CG0061076|-35|-69|CG0061077|-22|-69|CG0061077|-22|-69|CG0061078|-23|-70|CG0061078|-23|-70|CG0061077|-22|-69|CG0061077|-22|-69|CG0061078|-23|-70|CG0061078|-23|-70|CG0061077|-22|-69|CG0061077|-22|-69|CG0061078|-23|-70|CG0061078|-23|-70|CG0061077|-22|-69|CG0061077|-22|-69|CG0061078|-23|-70|CG0061078|-23|-70
103|6|7|1000|26|CG0061597|-25|-71|CG0061597|-25|-71|CG0061597|-25|-71|CG0061597|-25|-71|CG0061597|-25|-71|CG0061597|-25|-71|CG0061598|-21|-71|CG0061598|-21|-71|CG0061599|-21|-72|CG0061599|-21|-72|CG0061599|-21|-72|CG0061599|-21|-72|CG0061599|-21|-72|CG0061599|-21|-72|CG0061600|-21|-72|CG0061600|-21|-72|CG0061601|-38|-70|CG0061601|-38|-70|CG0061602|-22|-70|CG0061602|-22|-70|CG0061602|-22|-70|CG0061602|-22|-70|CG0061602|-22|-70|CG0061602|-22|-70|CG0061602|-22|-70|CG0061602|-22|-70
103|6|8|1000|2|CG0061070|-23|-68|CG0061071|-12|-83
103|6|9|1000|1|CG0061072|-18|-72
103|6|10|1300|8|CG0061062|-33|-78|CG0061063|-31|-75|CG0061064|-41|-63|CG0061065|-46|-56|CG0061066|-47|-40|CG0061067|-48|-40|CG0061068|-47|-34|CG0061069|-53|-28
103|7|0|800|4|CG0061125|-24|-71|CG0061126|-23|-75|CG0061127|-23|-71|CG0061126|-23|-75
103|7|1|1000|6|CG0061130|-19|-76|CG0061131|-17|-78|CG0061132|-27|-75|CG0061133|-19|-76|CG0061134|-22|-78|CG0061135|-26|-75
103|7|2|400|1|CG0188687|-44|-60
103|7|3|500|6|CG0061622|-27|-72|CG0061623|-27|-75|CG0061624|-29|-73|CG0061625|-27|-72|CG0061626|-27|-75|CG0061627|-27|-73
103|7|4|100|1|CG0196624|-25|-51
103|7|5|1200|19|CG0061095|-22|-76|CG0061095|-22|-76|CG0061096|-24|-75|CG0061097|-41|-75|CG0061097|-41|-75|CG0061098|-44|-75|CG0061098|-44|-75|CG0061099|-40|-75|CG0061099|-40|-75|CG0061099|-40|-75|CG0061099|-40|-75|CG0061100|-45|-75|CG0061100|-45|-75|CG0061100|-45|-75|CG0061100|-45|-75|CG0061101|-32|-75|CG0061101|-32|-75|CG0061102|-32|-75|CG0061102|-32|-75
103|7|6|2000|22|CG0061118|-29|-71|CG0061118|-29|-71|CG0061118|-29|-71|CG0061119|-32|-69|CG0061119|-32|-69|CG0061119|-32|-69|CG0061120|-26|-67|CG0061120|-26|-67|CG0061121|-26|-68|CG0061121|-26|-68|CG0061120|-26|-67|CG0061120|-26|-67|CG0061121|-26|-68|CG0061121|-26|-68|CG0061120|-26|-67|CG0061120|-26|-67|CG0061121|-26|-68|CG0061121|-26|-68|CG0061120|-26|-67|CG0061120|-26|-67|CG0061121|-26|-68|CG0061121|-26|-68
103|7|7|1000|26|CG0061665|-25|-72|CG0061665|-25|-72|CG0061665|-25|-72|CG0061665|-25|-72|CG0061665|-25|-72|CG0061665|-25|-72|CG0061666|-25|-72|CG0061666|-25|-72|CG0061667|-25|-72|CG0061667|-25|-72|CG0061667|-25|-72|CG0061667|-25|-72|CG0061667|-25|-72|CG0061667|-25|-72|CG0061668|-25|-72|CG0061668|-25|-72|CG0061669|-39|-72|CG0061669|-39|-72|CG0061670|-33|-72|CG0061670|-33|-72|CG0061670|-33|-72|CG0061670|-33|-72|CG0061670|-33|-72|CG0061670|-33|-72|CG0061670|-33|-72|CG0061670|-33|-72
103|7|8|1000|2|CG0061113|-23|-70|CG0061114|-14|-74
103|7|9|1000|1|CG0061115|-26|-70
103|7|10|1300|8|CG0061105|-37|-70|CG0061106|-25|-78|CG0061107|-34|-73|CG0061108|-57|-63|CG0061109|-58|-39|CG0061110|-59|-37|CG0061111|-58|-31|CG0061112|-58|-21
