111|0|0|800|4|CG0064224|-19|-72|CG0064225|-18|-74|CG0064226|-17|-70|CG0064225|-18|-74
111|0|1|1000|6|CG0064229|-20|-77|CG0064230|-15|-79|CG0064231|-25|-76|CG0064232|-16|-77|CG0064233|-19|-79|CG0064234|-21|-76
111|0|2|400|1|CG0188372|-32|-70
111|0|3|500|6|CG0064196|-23|-75|CG0064197|-24|-78|CG0064198|-31|-76|CG0064199|-23|-75|CG0064200|-23|-78|CG0064201|-23|-76
111|0|4|100|1|CG0196344|-27|-55
111|0|5|1500|34|CG0064186|-16|-73|CG0064186|-16|-73|CG0064188|-12|-66|CG0064188|-12|-66|CG0064188|-12|-66|CG0064188|-12|-66|CG0064188|-12|-66|CG0064188|-12|-66|CG0064189|-23|-77|CG0064189|-23|-77|CG0064190|-52|-75|CG0064190|-52|-75|CG0064191|-65|-75|CG0064191|-65|-75|CG0064191|-65|-75|CG0064191|-65|-75|CG0064191|-65|-75|CG0064191|-65|-75|CG0064192|-53|-74|CG0064192|-53|-74|CG0064193|-50|-79|CG0064193|-50|-79|CG0064194|-45|-80|CG0064194|-45|-80|CG0064194|-45|-80|CG0064194|-45|-80|CG0064194|-45|-80|CG0064194|-45|-80|CG0064194|-45|-80|CG0064194|-45|-80|CG0064195|-34|-77|CG0064195|-34|-77|CG0064187|-23|-74|CG0064187|-23|-74
111|0|6|2000|22|CG0064217|-20|-72|CG0064217|-20|-72|CG0064217|-20|-72|CG0064218|-19|-69|CG0064218|-19|-69|CG0064218|-19|-69|CG0064219|-29|-65|CG0064219|-29|-65|CG0064220|-30|-65|CG0064220|-30|-65|CG0064219|-29|-65|CG0064219|-29|-65|CG0064220|-30|-65|CG0064220|-30|-65|CG0064219|-29|-65|CG0064219|-29|-65|CG0064220|-30|-65|CG0064220|-30|-65|CG0064219|-29|-65|CG0064219|-29|-65|CG0064220|-30|-65|CG0064220|-30|-65
111|0|7|1000|26|CG0063693|-19|-72|CG0063693|-19|-72|CG0063693|-19|-72|CG0063693|-19|-72|CG0063693|-19|-72|CG0063693|-19|-72|CG0063694|-19|-72|CG0063694|-19|-72|CG0063695|-20|-71|CG0063695|-20|-71|CG0063695|-20|-71|CG0063695|-20|-71|CG0063695|-20|-71|CG0063695|-20|-71|CG0063696|-20|-72|CG0063696|-20|-72|CG0063697|-20|-73|CG0063697|-20|-73|CG0063698|-41|-73|CG0063698|-41|-73|CG0063698|-41|-73|CG0063698|-41|-73|CG0063698|-41|-73|CG0063698|-41|-73|CG0063698|-41|-73|CG0063698|-41|-73
111|0|8|1000|2|CG0064212|-18|-71|CG0064213|-11|-60
111|0|9|1000|1|CG0064214|-26|-69
111|0|10|1300|8|CG0064204|-23|-60|CG0064205|-34|-72|CG0064206|-26|-78|CG0064207|-44|-68|CG0064208|-45|-41|CG0064209|-45|-44|CG0064210|-45|-40|CG0064211|-47|-36
111|1|0|800|4|CG0064275|-16|-71|CG0064276|-16|-73|CG0064277|-17|-68|CG0064276|-16|-73
111|1|1|1000|6|CG0064280|-16|-77|CG0064281|-18|-79|CG0064282|-19|-77|CG0064283|-20|-77|CG0064284|-15|-79|CG0064285|-14|-77
111|1|2|400|1|CG0188417|-17|-71
111|1|3|500|6|CG0064247|-17|-77|CG0064248|-17|-80|CG0064249|-17|-78|CG0064250|-17|-77|CG0064251|-17|-80|CG0064252|-17|-78
111|1|4|100|1|CG0196384|-26|-58
111|1|5|1500|34|CG0064237|-20|-71|CG0064237|-20|-71|CG0064239|-22|-64|CG0064239|-22|-64|CG0064239|-22|-64|CG0064239|-22|-64|CG0064239|-22|-64|CG0064239|-22|-64|CG0064240|-13|-78|CG0064240|-13|-78|CG0064241|-20|-81|CG0064241|-20|-81|CG0064242|-41|-81|CG0064242|-41|-81|CG0064242|-41|-81|CG0064242|-41|-81|CG0064242|-41|-81|CG0064242|-41|-81|CG0064243|-34|-80|CG0064243|-34|-80|CG0064244|-22|-83|CG0064244|-22|-83|CG0064245|-20|-83|CG0064245|-20|-83|CG0064245|-20|-83|CG0064245|-20|-83|CG0064245|-20|-83|CG0064245|-20|-83|CG0064245|-20|-83|CG0064245|-20|-83|CG0064246|-15|-79|CG0064246|-15|-79|CG0064238|-18|-74|CG0064238|-18|-74
111|1|6|2000|22|CG0064268|-16|-71|CG0064268|-16|-71|CG0064268|-16|-71|CG0064269|-16|-68|CG0064269|-16|-68|CG0064269|-16|-68|CG0064270|-16|-64|CG0064270|-16|-64|CG0064271|-17|-64|CG0064271|-17|-64|CG0064270|-16|-64|CG0064270|-16|-64|CG0064271|-17|-64|CG0064271|-17|-64|CG0064270|-16|-64|CG0064270|-16|-64|CG0064271|-17|-64|CG0064271|-17|-64|CG0064270|-16|-64|CG0064270|-16|-64|CG0064271|-17|-64|CG0064271|-17|-64
111|1|7|1000|26|CG0063761|-16|-71|CG0063761|-16|-71|CG0063761|-16|-71|CG0063761|-16|-71|CG0063761|-16|-71|CG0063761|-16|-71|CG0063762|-15|-70|CG0063762|-15|-70|CG0063763|-15|-70|CG0063763|-15|-70|CG0063763|-15|-70|CG0063763|-15|-70|CG0063763|-15|-70|CG0063763|-15|-70|CG0063764|-16|-70|CG0063764|-16|-70|CG0063765|-15|-72|CG0063765|-15|-72|CG0063766|-26|-73|CG0063766|-26|-73|CG0063766|-26|-73|CG0063766|-26|-73|CG0063766|-26|-73|CG0063766|-26|-73|CG0063766|-26|-73|CG0063766|-26|-73
111|1|8|1000|2|CG0064263|-16|-70|CG0064264|-13|-49
111|1|9|1000|1|CG0064265|-18|-68
111|1|10|1300|8|CG0064255|-22|-59|CG0064256|-35|-61|CG0064257|-32|-72|CG0064258|-28|-71|CG0064259|-18|-46|CG0064260|-27|-47|CG0064261|-36|-46|CG0064262|-35|-45
111|2|0|800|4|CG0064326|-17|-69|CG0064327|-18|-72|CG0064328|-20|-68|CG0064327|-18|-72
111|2|1|1000|6|CG0064331|-20|-77|CG0064332|-17|-78|CG0064333|-23|-76|CG0064334|-16|-77|CG0064335|-20|-79|CG0064336|-26|-76
111|2|2|400|1|CG0188462|-33|-62
111|2|3|500|6|CG0064298|-19|-75|CG0064299|-23|-79|CG0064300|-35|-76|CG0064301|-23|-75|CG0064302|-19|-79|CG0064303|-25|-76
111|2|4|100|1|CG0196424|-14|-57
111|2|5|1500|34|CG0064288|-25|-70|CG0064288|-25|-70|CG0064290|-36|-63|CG0064290|-36|-63|CG0064290|-36|-63|CG0064290|-36|-63|CG0064290|-36|-63|CG0064290|-36|-63|CG0064291|-18|-75|CG0064291|-18|-75|CG0064292|-7|-78|CG0064292|-7|-78|CG0064293|-7|-78|CG0064293|-7|-78|CG0064293|-7|-78|CG0064293|-7|-78|CG0064293|-7|-78|CG0064293|-7|-78|CG0064294|-7|-78|CG0064294|-7|-78|CG0064295|-7|-78|CG0064295|-7|-78|CG0064296|-7|-77|CG0064296|-7|-77|CG0064296|-7|-77|CG0064296|-7|-77|CG0064296|-7|-77|CG0064296|-7|-77|CG0064296|-7|-77|CG0064296|-7|-77|CG0064297|-11|-74|CG0064297|-11|-74|CG0064289|-20|-71|CG0064289|-20|-71
111|2|6|2000|22|CG0064319|-17|-69|CG0064319|-17|-69|CG0064319|-17|-69|CG0064320|-18|-66|CG0064320|-18|-66|CG0064320|-18|-66|CG0064321|-19|-63|CG0064321|-19|-63|CG0064322|-19|-63|CG0064322|-19|-63|CG0064321|-19|-63|CG0064321|-19|-63|CG0064322|-19|-63|CG0064322|-19|-63|CG0064321|-19|-63|CG0064321|-19|-63|CG0064322|-19|-63|CG0064322|-19|-63|CG0064321|-19|-63|CG0064321|-19|-63|CG0064322|-19|-63|CG0064322|-19|-63
111|2|7|1000|26|CG0063829|-17|-69|CG0063829|-17|-69|CG0063829|-17|-69|CG0063829|-17|-69|CG0063829|-17|-69|CG0063829|-17|-69|CG0063830|-18|-68|CG0063830|-18|-68|CG0063831|-17|-68|CG0063831|-17|-68|CG0063831|-17|-68|CG0063831|-17|-68|CG0063831|-17|-68|CG0063831|-17|-68|CG0063832|-17|-69|CG0063832|-17|-69|CG0063833|-16|-70|CG0063833|-16|-70|CG0063834|-16|-71|CG0063834|-16|-71|CG0063834|-16|-71|CG0063834|-16|-71|CG0063834|-16|-71|CG0063834|-16|-71|CG0063834|-16|-71|CG0063834|-16|-71
111|2|8|1000|2|CG0064314|-24|-69|CG0064315|-39|-52
111|2|9|1000|1|CG0064316|-18|-69
111|2|10|1300|8|CG0064306|-30|-64|CG0064307|-23|-58|CG0064308|-36|-62|CG0064309|-27|-73|CG0064310|-12|-45|CG0064311|-19|-48|CG0064312|-29|-41|CG0064313|-33|-39
111|3|0|800|4|CG0064377|-24|-69|CG0064378|-23|-72|CG0064379|-24|-69|CG0064378|-23|-72
111|3|1|1000|6|CG0064382|-28|-76|CG0064383|-25|-77|CG0064384|-28|-75|CG0064385|-29|-76|CG0064386|-31|-78|CG0064387|-32|-75
111|3|2|400|1|CG0188507|-36|-53
111|3|3|500|6|CG0064349|-29|-73|CG0064350|-30|-76|CG0064351|-37|-74|CG0064352|-29|-73|CG0064353|-30|-76|CG0064354|-39|-74
111|3|4|100|1|CG0196464|-10|-51
111|3|5|1500|34|CG0064339|-28|-69|CG0064339|-28|-69|CG0064341|-42|-62|CG0064341|-42|-62|CG0064341|-42|-62|CG0064341|-42|-62|CG0064341|-42|-62|CG0064341|-42|-62|CG0064342|-30|-70|CG0064342|-30|-70|CG0064343|-5|-67|CG0064343|-5|-67|CG0064344|-5|-68|CG0064344|-5|-68|CG0064344|-5|-68|CG0064344|-5|-68|CG0064344|-5|-68|CG0064344|-5|-68|CG0064345|-5|-68|CG0064345|-5|-68|CG0064346|-5|-67|CG0064346|-5|-67|CG0064347|-5|-65|CG0064347|-5|-65|CG0064347|-5|-65|CG0064347|-5|-65|CG0064347|-5|-65|CG0064347|-5|-65|CG0064347|-5|-65|CG0064347|-5|-65|CG0064348|-17|-67|CG0064348|-17|-67|CG0064340|-36|-68|CG0064340|-36|-68
111|3|6|2000|22|CG0064370|-24|-68|CG0064370|-24|-68|CG0064370|-24|-68|CG0064371|-24|-66|CG0064371|-24|-66|CG0064371|-24|-66|CG0064372|-30|-64|CG0064372|-30|-64|CG0064373|-30|-64|CG0064373|-30|-64|CG0064372|-30|-64|CG0064372|-30|-64|CG0064373|-30|-64|CG0064373|-30|-64|CG0064372|-30|-64|CG0064372|-30|-64|CG0064373|-30|-64|CG0064373|-30|-64|CG0064372|-30|-64|CG0064372|-30|-64|CG0064373|-30|-64|CG0064373|-30|-64
111|3|7|1000|26|CG0063897|-24|-69|CG0063897|-24|-69|CG0063897|-24|-69|CG0063897|-24|-69|CG0063897|-24|-69|CG0063897|-24|-69|CG0063898|-23|-68|CG0063898|-23|-68|CG0063899|-23|-68|CG0063899|-23|-68|CG0063899|-23|-68|CG0063899|-23|-68|CG0063899|-23|-68|CG0063899|-23|-68|CG0063900|-23|-67|CG0063900|-23|-67|CG0063901|-24|-68|CG0063901|-24|-68|CG0063902|-24|-68|CG0063902|-24|-68|CG0063902|-24|-68|CG0063902|-24|-68|CG0063902|-24|-68|CG0063902|-24|-68|CG0063902|-24|-68|CG0063902|-24|-68
111|3|8|1000|2|CG0064365|-24|-66|CG0064366|-60|-59
111|3|9|1000|1|CG0064367|-20|-70
111|3|10|1300|8|CG0064357|-36|-67|CG0064358|-20|-60|CG0064359|-22|-60|CG0064360|-29|-69|CG0064361|-15|-46|CG0064362|-24|-43|CG0064363|-25|-35|CG0064364|-27|-23
111|4|0|800|4|CG0064428|-25|-69|CG0064429|-24|-72|CG0064430|-24|-70|CG0064429|-24|-72
111|4|1|1000|6|CG0064433|-29|-76|CG0064434|-30|-77|CG0064435|-31|-75|CG0064436|-29|-76|CG0064437|-30|-78|CG0064438|-31|-76
111|4|2|400|1|CG0188552|-25|-51
111|4|3|500|6|CG0064400|-33|-68|CG0064401|-33|-71|CG0064402|-33|-69|CG0064403|-33|-68|CG0064404|-33|-71|CG0064405|-34|-69
111|4|4|100|1|CG0196504|-21|-46
111|4|5|1500|34|CG0064390|-41|-69|CG0064390|-41|-69|CG0064392|-33|-63|CG0064392|-33|-63|CG0064392|-33|-63|CG0064392|-33|-63|CG0064392|-33|-63|CG0064392|-33|-63|CG0064393|-36|-63|CG0064393|-36|-63|CG0064394|-9|-56|CG0064394|-9|-56|CG0064395|-9|-57|CG0064395|-9|-57|CG0064395|-9|-57|CG0064395|-9|-57|CG0064395|-9|-57|CG0064395|-9|-57|CG0064396|-9|-56|CG0064396|-9|-56|CG0064397|-7|-55|CG0064397|-7|-55|CG0064398|-22|-55|CG0064398|-22|-55|CG0064398|-22|-55|CG0064398|-22|-55|CG0064398|-22|-55|CG0064398|-22|-55|CG0064398|-22|-55|CG0064398|-22|-55|CG0064399|-37|-61|CG0064399|-37|-61|CG0064391|-36|-67|CG0064391|-36|-67
111|4|6|2000|22|CG0064421|-25|-67|CG0064421|-25|-67|CG0064421|-25|-67|CG0064422|-37|-66|CG0064422|-37|-66|CG0064422|-37|-66|CG0064423|-50|-64|CG0064423|-50|-64|CG0064424|-50|-64|CG0064424|-50|-64|CG0064423|-50|-64|CG0064423|-50|-64|CG0064424|-50|-64|CG0064424|-50|-64|CG0064423|-50|-64|CG0064423|-50|-64|CG0064424|-50|-64|CG0064424|-50|-64|CG0064423|-50|-64|CG0064423|-50|-64|CG0064424|-50|-64|CG0064424|-50|-64
111|4|7|1000|26|CG0063965|-24|-68|CG0063965|-24|-68|CG0063965|-24|-68|CG0063965|-24|-68|CG0063965|-24|-68|CG0063965|-24|-68|CG0063966|-24|-67|CG0063966|-24|-67|CG0063967|-24|-67|CG0063967|-24|-67|CG0063967|-24|-67|CG0063967|-24|-67|CG0063967|-24|-67|CG0063967|-24|-67|CG0063968|-24|-67|CG0063968|-24|-67|CG0063969|-25|-66|CG0063969|-25|-66|CG0063970|-25|-66|CG0063970|-25|-66|CG0063970|-25|-66|CG0063970|-25|-66|CG0063970|-25|-66|CG0063970|-25|-66|CG0063970|-25|-66|CG0063970|-25|-66
111|4|8|1000|2|CG0064416|-28|-64|CG0064417|-51|-73
111|4|9|1000|1|CG0064418|-18|-72
111|4|10|1300|8|CG0064408|-32|-76|CG0064409|-35|-64|CG0064410|-22|-58|CG0064411|-17|-62|CG0064412|-19|-45|CG0064413|-25|-45|CG0064414|-26|-32|CG0064415|-31|-30
111|5|0|800|4|CG0064479|-20|-68|CG0064480|-20|-72|CG0064481|-20|-71|CG0064480|-20|-72
111|5|1|1000|6|CG0064484|-16|-75|CG0064485|-18|-77|CG0064486|-20|-74|CG0064487|-16|-75|CG0064488|-15|-76|CG0064489|-15|-74
111|5|2|400|1|CG0188597|-19|-60
111|5|3|500|6|CG0064451|-19|-65|CG0064452|-19|-69|CG0064453|-19|-66|CG0064454|-19|-65|CG0064455|-19|-69|CG0064456|-19|-66
111|5|4|100|1|CG0196544|-24|-45
111|5|5|1500|34|CG0064441|-37|-69|CG0064441|-37|-69|CG0064443|-20|-65|CG0064443|-20|-65|CG0064443|-20|-65|CG0064443|-20|-65|CG0064443|-20|-65|CG0064443|-20|-65|CG0064444|-31|-62|CG0064444|-31|-62|CG0064445|-20|-50|CG0064445|-20|-50|CG0064446|-22|-50|CG0064446|-22|-50|CG0064446|-22|-50|CG0064446|-22|-50|CG0064446|-22|-50|CG0064446|-22|-50|CG0064447|-22|-49|CG0064447|-22|-49|CG0064448|-27|-50|CG0064448|-27|-50|CG0064449|-56|-51|CG0064449|-56|-51|CG0064449|-56|-51|CG0064449|-56|-51|CG0064449|-56|-51|CG0064449|-56|-51|CG0064449|-56|-51|CG0064449|-56|-51|CG0064450|-40|-59|CG0064450|-40|-59|CG0064442|-25|-66|CG0064442|-25|-66
111|5|6|2000|22|CG0064472|-26|-69|CG0064472|-26|-69|CG0064472|-26|-69|CG0064473|-40|-67|CG0064473|-40|-67|CG0064473|-40|-67|CG0064474|-43|-65|CG0064474|-43|-65|CG0064475|-43|-65|CG0064475|-43|-65|CG0064474|-43|-65|CG0064474|-43|-65|CG0064475|-43|-65|CG0064475|-43|-65|CG0064474|-43|-65|CG0064474|-43|-65|CG0064475|-43|-65|CG0064475|-43|-65|CG0064474|-43|-65|CG0064474|-43|-65|CG0064475|-43|-65|CG0064475|-43|-65
111|5|7|1000|26|CG0064033|-24|-68|CG0064033|-24|-68|CG0064033|-24|-68|CG0064033|-24|-68|CG0064033|-24|-68|CG0064033|-24|-68|CG0064034|-23|-69|CG0064034|-23|-69|CG0064035|-20|-69|CG0064035|-20|-69|CG0064035|-20|-69|CG0064035|-20|-69|CG0064035|-20|-69|CG0064035|-20|-69|CG0064036|-21|-69|CG0064036|-21|-69|CG0064037|-23|-67|CG0064037|-23|-67|CG0064038|-25|-67|CG0064038|-25|-67|CG0064038|-25|-67|CG0064038|-25|-67|CG0064038|-25|-67|CG0064038|-25|-67|CG0064038|-25|-67|CG0064038|-25|-67
111|5|8|1000|2|CG0064467|-18|-65|CG0064468|-32|-82
111|5|9|1000|1|CG0064469|-14|-72
111|5|10|1300|8|CG0064459|-25|-80|CG0064460|-39|-64|CG0064461|-33|-63|CG0064462|-22|-57|CG0064463|-16|-43|CG0064464|-23|-44|CG0064465|-28|-34|CG0064466|-33|-27
111|6|0|800|4|CG0064530|-22|-71|CG0064531|-20|-75|CG0064532|-19|-73|CG0064531|-20|-75
111|6|1|1000|6|CG0064535|-16|-76|CG0064536|-17|-77|CG0064537|-17|-75|CG0064538|-16|-76|CG0064539|-14|-77|CG0064540|-25|-75
111|6|2|400|1|CG0188642|-38|-63
111|6|3|500|6|CG0064502|-24|-69|CG0064503|-24|-72|CG0064504|-24|-70|CG0064505|-24|-69|CG0064506|-24|-72|CG0064507|-24|-70
111|6|4|100|1|CG0196584|-20|-48
111|6|5|1500|34|CG0064492|-20|-72|CG0064492|-20|-72|CG0064494|-24|-68|CG0064494|-24|-68|CG0064494|-24|-68|CG0064494|-24|-68|CG0064494|-24|-68|CG0064494|-24|-68|CG0064495|-32|-67|CG0064495|-32|-67|CG0064496|-63|-54|CG0064496|-63|-54|CG0064497|-38|-54|CG0064497|-38|-54|CG0064497|-38|-54|CG0064497|-38|-54|CG0064497|-38|-54|CG0064497|-38|-54|CG0064498|-38|-53|CG0064498|-38|-53|CG0064499|-62|-56|CG0064499|-62|-56|CG0064500|-64|-60|CG0064500|-64|-60|CG0064500|-64|-60|CG0064500|-64|-60|CG0064500|-64|-60|CG0064500|-64|-60|CG0064500|-64|-60|CG0064500|-64|-60|CG0064501|-33|-64|CG0064501|-33|-64|CG0064493|-23|-70|CG0064493|-23|-70
111|6|6|2000|22|CG0064523|-25|-71|CG0064523|-25|-71|CG0064523|-25|-71|CG0064524|-26|-69|CG0064524|-26|-69|CG0064524|-26|-69|CG0064525|-21|-67|CG0064525|-21|-67|CG0064526|-21|-67|CG0064526|-21|-67|CG0064525|-21|-67|CG0064525|-21|-67|CG0064526|-21|-67|CG0064526|-21|-67|CG0064525|-21|-67|CG0064525|-21|-67|CG0064526|-21|-67|CG0064526|-21|-67|CG0064525|-21|-67|CG0064525|-21|-67|CG0064526|-21|-67|CG0064526|-21|-67
111|6|7|1000|26|CG0064101|-25|-71|CG0064101|-25|-71|CG0064101|-25|-71|CG0064101|-25|-71|CG0064101|-25|-71|CG0064101|-25|-71|CG0064102|-21|-71|CG0064102|-21|-71|CG0064103|-21|-72|CG0064103|-21|-72|CG0064103|-21|-72|CG0064103|-21|-72|CG0064103|-21|-72|CG0064103|-21|-72|CG0064104|-21|-72|CG0064104|-21|-72|CG0064105|-38|-70|CG0064105|-38|-70|CG0064106|-23|-70|CG0064106|-23|-70|CG0064106|-23|-70|CG0064106|-23|-70|CG0064106|-23|-70|CG0064106|-23|-70|CG0064106|-23|-70|CG0064106|-23|-70
111|6|8|1000|2|CG0064518|-23|-68|CG0064519|-12|-83
111|6|9|1000|1|CG0064520|-18|-72
111|6|10|1300|8|CG0064510|-33|-77|CG0064511|-30|-74|CG0064512|-40|-64|CG0064513|-45|-56|CG0064514|-46|-40|CG0064515|-47|-40|CG0064516|-46|-34|CG0064517|-45|-28
111|7|0|800|4|CG0064581|-24|-71|CG0064582|-23|-75|CG0064583|-23|-71|CG0064582|-23|-75
111|7|1|1000|6|CG0064586|-14|-76|CG0064587|-13|-78|CG0064588|-27|-75|CG0064589|-13|-76|CG0064590|-17|-78|CG0064591|-26|-76
111|7|2|400|1|CG0188687|-44|-60
111|7|3|500|6|CG0064553|-27|-72|CG0064554|-28|-75|CG0064555|-29|-73|CG0064556|-27|-72|CG0064557|-28|-75|CG0064558|-27|-73
111|7|4|100|1|CG0196624|-25|-51
111|7|5|1500|34|CG0064543|-24|-72|CG0064543|-24|-72|CG0064545|-19|-67|CG0064545|-19|-67|CG0064545|-19|-67|CG0064545|-19|-67|CG0064545|-19|-67|CG0064545|-19|-67|CG0064546|-34|-72|CG0064546|-34|-72|CG0064547|-75|-65|CG0064547|-75|-65|CG0064548|-55|-64|CG0064548|-55|-64|CG0064548|-55|-64|CG0064548|-55|-64|CG0064548|-55|-64|CG0064548|-55|-64|CG0064549|-45|-63|CG0064549|-45|-63|CG0064550|-73|-68|CG0064550|-73|-68|CG0064551|-46|-70|CG0064551|-46|-70|CG0064551|-46|-70|CG0064551|-46|-70|CG0064551|-46|-70|CG0064551|-46|-70|CG0064551|-46|-70|CG0064551|-46|-70|CG0064552|-39|-71|CG0064552|-39|-71|CG0064544|-29|-72|CG0064544|-29|-72
111|7|6|2000|22|CG0064574|-25|-71|CG0064574|-25|-71|CG0064574|-25|-71|CG0064575|-25|-69|CG0064575|-25|-69|CG0064575|-25|-69|CG0064576|-27|-66|CG0064576|-27|-66|CG0064577|-27|-66|CG0064577|-27|-66|CG0064576|-27|-66|CG0064576|-27|-66|CG0064577|-27|-66|CG0064577|-27|-66|CG0064576|-27|-66|CG0064576|-27|-66|CG0064577|-27|-66|CG0064577|-27|-66|CG0064576|-27|-66|CG0064576|-27|-66|CG0064577|-27|-66|CG0064577|-27|-66
111|7|7|1000|26|CG0064169|-25|-72|CG0064169|-25|-72|CG0064169|-25|-72|CG0064169|-25|-72|CG0064169|-25|-72|CG0064169|-25|-72|CG0064170|-25|-72|CG0064170|-25|-72|CG0064171|-25|-72|CG0064171|-25|-72|CG0064171|-25|-72|CG0064171|-25|-72|CG0064171|-25|-72|CG0064171|-25|-72|CG0064172|-25|-72|CG0064172|-25|-72|CG0064173|-39|-72|CG0064173|-39|-72|CG0064174|-33|-72|CG0064174|-33|-72|CG0064174|-33|-72|CG0064174|-33|-72|CG0064174|-33|-72|CG0064174|-33|-72|CG0064174|-33|-72|CG0064174|-33|-72
111|7|8|1000|2|CG0064569|-23|-70|CG0064570|-14|-74
111|7|9|1000|1|CG0064571|-20|-70
111|7|10|1300|8|CG0064561|-37|-70|CG0064562|-25|-78|CG0064563|-34|-72|CG0064564|-56|-64|CG0064565|-57|-39|CG0064566|-58|-37|CG0064567|-57|-32|CG0064568|-57|-22
