133|0|0|1500|4|CG0072981|-22|-77|CG0072982|-22|-77|CG0072983|-23|-77|CG0072982|-22|-77
133|0|1|1000|6|CG0072986|-21|-77|CG0072987|-20|-78|CG0072988|-25|-76|CG0072989|-21|-77|CG0072990|-23|-79|CG0072991|-23|-76
133|0|2|400|1|CG0188372|-32|-70
133|0|3|400|6|CG0073282|-24|-75|CG0073283|-24|-76|CG0073284|-24|-76|CG0073285|-24|-75|CG0073286|-24|-76|CG0073287|-24|-76
133|0|4|100|1|CG0196344|-27|-55
133|0|5|1300|40|CG0072954|-18|-77|CG0072954|-18|-77|CG0072954|-18|-77|CG0072954|-18|-77|CG0072955|-23|-77|CG0072955|-23|-77|CG0072955|-23|-77|CG0072955|-23|-77|CG0072956|-25|-78|CG0072956|-25|-78|CG0072956|-25|-78|CG0072956|-25|-78|CG0072957|-20|-78|CG0072957|-20|-78|CG0072957|-20|-78|CG0072957|-20|-78|CG0072958|-19|-83|CG0072958|-19|-83|CG0072958|-19|-83|CG0072958|-19|-83|CG0072958|-19|-83|CG0072958|-19|-83|CG0072958|-19|-83|CG0072958|-19|-83|CG0072959|-27|-77|CG0072959|-27|-77|CG0072959|-27|-77|CG0072959|-27|-77|CG0072959|-27|-77|CG0072959|-27|-77|CG0072959|-27|-77|CG0072959|-27|-77|CG0072960|-23|-76|CG0072960|-23|-76|CG0072960|-23|-76|CG0072960|-23|-76|CG0072961|-20|-76|CG0072961|-20|-76|CG0072961|-20|-76|CG0072961|-20|-76
133|0|6|1500|9|CG0072975|-24|-77|CG0072975|-24|-77|CG0072976|-26|-77|CG0072976|-26|-77|CG0072976|-26|-77|CG0072976|-26|-77|CG0072976|-26|-77|CG0072976|-26|-77|CG0072977|-26|-81
133|0|7|1200|11|CG0073322|-19|-77|CG0073322|-19|-77|CG0073322|-19|-77|CG0073323|-19|-75|CG0073324|-30|-68|CG0073324|-30|-68|CG0073324|-30|-68|CG0073324|-30|-68|CG0073325|-35|-69|CG0073326|-35|-73|CG0073327|-34|-75
133|0|8|1000|2|CG0072970|-29|-74|CG0072971|-19|-54
133|0|9|1000|1|CG0072972|-24|-74
133|0|10|1200|7|CG0072964|-27|-77|CG0072965|-30|-71|CG0072966|-35|-64|CG0072966|-35|-64|CG0072967|-35|-64|CG0072968|-40|-58|CG0072969|-46|-44
133|1|0|1500|4|CG0073021|-19|-76|CG0073022|-18|-76|CG0073023|-19|-76|CG0073022|-18|-76
133|1|1|1000|6|CG0073026|-18|-76|CG0073027|-17|-77|CG0073028|-17|-75|CG0073029|-18|-76|CG0073030|-17|-78|CG0073031|-17|-75
133|1|2|400|1|CG0188417|-17|-71
133|1|3|400|6|CG0073347|-16|-77|CG0073348|-16|-78|CG0073349|-16|-77|CG0073350|-16|-77|CG0073351|-16|-78|CG0073352|-16|-77
133|1|4|100|1|CG0196384|-26|-58
133|1|5|1300|40|CG0072994|-17|-76|CG0072994|-17|-76|CG0072994|-17|-76|CG0072994|-17|-76|CG0072995|-15|-77|CG0072995|-15|-77|CG0072995|-15|-77|CG0072995|-15|-77|CG0072996|-11|-78|CG0072996|-11|-78|CG0072996|-11|-78|CG0072996|-11|-78|CG0072997|-10|-78|CG0072997|-10|-78|CG0072997|-10|-78|CG0072997|-10|-78|CG0072998|-11|-82|CG0072998|-11|-82|CG0072998|-11|-82|CG0072998|-11|-82|CG0072998|-11|-82|CG0072998|-11|-82|CG0072998|-11|-82|CG0072998|-11|-82|CG0072999|-11|-76|CG0072999|-11|-76|CG0072999|-11|-76|CG0072999|-11|-76|CG0072999|-11|-76|CG0072999|-11|-76|CG0072999|-11|-76|CG0072999|-11|-76|CG0073000|-18|-76|CG0073000|-18|-76|CG0073000|-18|-76|CG0073000|-18|-76|CG0073001|-18|-76|CG0073001|-18|-76|CG0073001|-18|-76|CG0073001|-18|-76
133|1|6|1500|9|CG0073015|-18|-76|CG0073015|-18|-76|CG0073016|-19|-77|CG0073016|-19|-77|CG0073016|-19|-77|CG0073016|-19|-77|CG0073016|-19|-77|CG0073016|-19|-77|CG0073017|-17|-78
133|1|7|1200|11|CG0073387|-18|-76|CG0073387|-18|-76|CG0073387|-18|-76|CG0073388|-20|-76|CG0073389|-24|-73|CG0073389|-24|-73|CG0073389|-24|-73|CG0073389|-24|-73|CG0073390|-24|-75|CG0073391|-18|-77|CG0073392|-18|-79
133|1|8|1000|2|CG0073010|-17|-77|CG0073011|-30|-56
133|1|9|1000|1|CG0073012|-19|-76
133|1|10|1200|7|CG0073004|-20|-77|CG0073005|-16|-72|CG0073006|-16|-65|CG0073006|-16|-65|CG0073007|-16|-67|CG0073008|-17|-61|CG0073009|-20|-49
133|2|0|1500|4|CG0073061|-25|-78|CG0073062|-24|-78|CG0073063|-23|-78|CG0073062|-24|-78
133|2|1|1000|6|CG0073066|-21|-77|CG0073067|-22|-78|CG0073068|-23|-76|CG0073069|-21|-77|CG0073070|-19|-79|CG0073071|-23|-76
133|2|2|400|1|CG0188462|-33|-62
133|2|3|400|6|CG0073412|-24|-75|CG0073413|-19|-76|CG0073414|-30|-75|CG0073415|-19|-75|CG0073416|-27|-76|CG0073417|-37|-75
133|2|4|100|1|CG0196424|-14|-57
133|2|5|1300|40|CG0073034|-18|-77|CG0073034|-18|-77|CG0073034|-18|-77|CG0073034|-18|-77|CG0073035|-11|-76|CG0073035|-11|-76|CG0073035|-11|-76|CG0073035|-11|-76|CG0073036|-9|-76|CG0073036|-9|-76|CG0073036|-9|-76|CG0073036|-9|-76|CG0073037|-9|-76|CG0073037|-9|-76|CG0073037|-9|-76|CG0073037|-9|-76|CG0073038|-10|-75|CG0073038|-10|-75|CG0073038|-10|-75|CG0073038|-10|-75|CG0073038|-10|-75|CG0073038|-10|-75|CG0073038|-10|-75|CG0073038|-10|-75|CG0073039|-16|-75|CG0073039|-16|-75|CG0073039|-16|-75|CG0073039|-16|-75|CG0073039|-16|-75|CG0073039|-16|-75|CG0073039|-16|-75|CG0073039|-16|-75|CG0073040|-17|-75|CG0073040|-17|-75|CG0073040|-17|-75|CG0073040|-17|-75|CG0073041|-14|-76|CG0073041|-14|-76|CG0073041|-14|-76|CG0073041|-14|-76
133|2|6|1500|9|CG0073055|-21|-77|CG0073055|-21|-77|CG0073056|-21|-78|CG0073056|-21|-78|CG0073056|-21|-78|CG0073056|-21|-78|CG0073056|-21|-78|CG0073056|-21|-78|CG0073057|-20|-78
133|2|7|1200|11|CG0073452|-17|-77|CG0073452|-17|-77|CG0073452|-17|-77|CG0073453|-18|-76|CG0073454|-21|-74|CG0073454|-21|-74|CG0073454|-21|-74|CG0073454|-21|-74|CG0073455|-18|-74|CG0073456|-19|-74|CG0073457|-19|-77
133|2|8|1000|2|CG0073050|-16|-74|CG0073051|-40|-65
133|2|9|1000|1|CG0073052|-19|-74
133|2|10|1200|7|CG0073044|-19|-77|CG0073045|-15|-71|CG0073046|-17|-62|CG0073046|-17|-62|CG0073047|-18|-58|CG0073048|-18|-50|CG0073049|-17|-38
133|3|0|1500|4|CG0073101|-22|-78|CG0073102|-23|-78|CG0073103|-23|-78|CG0073102|-23|-78
133|3|1|1000|6|CG0073106|-21|-77|CG0073107|-18|-78|CG0073108|-27|-76|CG0073109|-19|-77|CG0073110|-17|-79|CG0073111|-25|-76
133|3|2|400|1|CG0188507|-36|-53
133|3|3|400|6|CG0073477|-26|-69|CG0073478|-29|-71|CG0073479|-45|-70|CG0073480|-29|-69|CG0073481|-31|-71|CG0073482|-44|-70
133|3|4|100|1|CG0196464|-10|-51
133|3|5|1300|40|CG0073074|-22|-77|CG0073074|-22|-77|CG0073074|-22|-77|CG0073074|-22|-77|CG0073075|-19|-76|CG0073075|-19|-76|CG0073075|-19|-76|CG0073075|-19|-76|CG0073076|-13|-75|CG0073076|-13|-75|CG0073076|-13|-75|CG0073076|-13|-75|CG0073077|-13|-75|CG0073077|-13|-75|CG0073077|-13|-75|CG0073077|-13|-75|CG0073078|-13|-75|CG0073078|-13|-75|CG0073078|-13|-75|CG0073078|-13|-75|CG0073078|-13|-75|CG0073078|-13|-75|CG0073078|-13|-75|CG0073078|-13|-75|CG0073079|-32|-75|CG0073079|-32|-75|CG0073079|-32|-75|CG0073079|-32|-75|CG0073079|-32|-75|CG0073079|-32|-75|CG0073079|-32|-75|CG0073079|-32|-75|CG0073080|-29|-76|CG0073080|-29|-76|CG0073080|-29|-76|CG0073080|-29|-76|CG0073081|-23|-77|CG0073081|-23|-77|CG0073081|-23|-77|CG0073081|-23|-77
133|3|6|1500|9|CG0073095|-16|-77|CG0073095|-16|-77|CG0073096|-19|-77|CG0073096|-19|-77|CG0073096|-19|-77|CG0073096|-19|-77|CG0073096|-19|-77|CG0073096|-19|-77|CG0073097|-18|-79
133|3|7|1200|11|CG0073517|-14|-77|CG0073517|-14|-77|CG0073517|-14|-77|CG0073518|-16|-75|CG0073519|-15|-71|CG0073519|-15|-71|CG0073519|-15|-71|CG0073519|-15|-71|CG0073520|-15|-66|CG0073521|-15|-65|CG0073522|-15|-70
133|3|8|1000|2|CG0073090|-12|-66|CG0073091|-51|-74
133|3|9|1000|1|CG0073092|-15|-69
133|3|10|1200|7|CG0073084|-22|-77|CG0073085|-18|-68|CG0073086|-20|-54|CG0073086|-20|-54|CG0073087|-20|-44|CG0073088|-20|-30|CG0073089|-21|-22
133|4|0|1500|4|CG0073141|-15|-78|CG0073142|-14|-78|CG0073143|-13|-78|CG0073142|-14|-78
133|4|1|1000|6|CG0073146|-16|-78|CG0073147|-17|-79|CG0073148|-24|-76|CG0073149|-18|-78|CG0073150|-18|-79|CG0073151|-19|-77
133|4|2|400|1|CG0188552|-25|-51
133|4|3|400|6|CG0073542|-17|-63|CG0073543|-26|-65|CG0073544|-36|-64|CG0073545|-25|-63|CG0073546|-20|-65|CG0073547|-28|-64
133|4|4|100|1|CG0196504|-21|-46
133|4|5|1300|40|CG0073114|-17|-78|CG0073114|-17|-78|CG0073114|-17|-78|CG0073114|-17|-78|CG0073115|-24|-76|CG0073115|-24|-76|CG0073115|-24|-76|CG0073115|-24|-76|CG0073116|-17|-75|CG0073116|-17|-75|CG0073116|-17|-75|CG0073116|-17|-75|CG0073117|-17|-75|CG0073117|-17|-75|CG0073117|-17|-75|CG0073117|-17|-75|CG0073118|-17|-75|CG0073118|-17|-75|CG0073118|-17|-75|CG0073118|-17|-75|CG0073118|-17|-75|CG0073118|-17|-75|CG0073118|-17|-75|CG0073118|-17|-75|CG0073119|-32|-76|CG0073119|-32|-76|CG0073119|-32|-76|CG0073119|-32|-76|CG0073119|-32|-76|CG0073119|-32|-76|CG0073119|-32|-76|CG0073119|-32|-76|CG0073120|-31|-77|CG0073120|-31|-77|CG0073120|-31|-77|CG0073120|-31|-77|CG0073121|-22|-78|CG0073121|-22|-78|CG0073121|-22|-78|CG0073121|-22|-78
133|4|6|1500|9|CG0073135|-14|-78|CG0073135|-14|-78|CG0073136|-13|-77|CG0073136|-13|-77|CG0073136|-13|-77|CG0073136|-13|-77|CG0073136|-13|-77|CG0073136|-13|-77|CG0073137|-13|-80
133|4|7|1200|11|CG0073582|-14|-77|CG0073582|-14|-77|CG0073582|-14|-77|CG0073583|-12|-74|CG0073584|-12|-65|CG0073584|-12|-65|CG0073584|-12|-65|CG0073584|-12|-65|CG0073585|-10|-56|CG0073586|-7|-54|CG0073587|-23|-60
133|4|8|1000|2|CG0073130|-11|-59|CG0073131|-38|-81
133|4|9|1000|1|CG0073132|-14|-63
133|4|10|1200|7|CG0073124|-15|-78|CG0073125|-20|-66|CG0073126|-22|-47|CG0073126|-22|-47|CG0073127|-24|-33|CG0073128|-23|-15|CG0073129|-22|-17
133|5|0|1500|4|CG0073181|-16|-78|CG0073182|-16|-78|CG0073183|-16|-78|CG0073182|-16|-78
133|5|1|1000|6|CG0073186|-18|-78|CG0073187|-16|-79|CG0073188|-15|-77|CG0073189|-17|-78|CG0073190|-17|-79|CG0073191|-17|-77
133|5|2|400|1|CG0188597|-19|-60
133|5|3|400|6|CG0073607|-15|-60|CG0073608|-15|-62|CG0073609|-15|-61|CG0073610|-15|-60|CG0073611|-15|-62|CG0073612|-15|-61
133|5|4|100|1|CG0196544|-24|-45
133|5|5|1300|40|CG0073154|-16|-78|CG0073154|-16|-78|CG0073154|-16|-78|CG0073154|-16|-78|CG0073155|-43|-77|CG0073155|-43|-77|CG0073155|-43|-77|CG0073155|-43|-77|CG0073156|-29|-76|CG0073156|-29|-76|CG0073156|-29|-76|CG0073156|-29|-76|CG0073157|-22|-76|CG0073157|-22|-76|CG0073157|-22|-76|CG0073157|-22|-76|CG0073158|-17|-76|CG0073158|-17|-76|CG0073158|-17|-76|CG0073158|-17|-76|CG0073158|-17|-76|CG0073158|-17|-76|CG0073158|-17|-76|CG0073158|-17|-76|CG0073159|-17|-77|CG0073159|-17|-77|CG0073159|-17|-77|CG0073159|-17|-77|CG0073159|-17|-77|CG0073159|-17|-77|CG0073159|-17|-77|CG0073159|-17|-77|CG0073160|-17|-78|CG0073160|-17|-78|CG0073160|-17|-78|CG0073160|-17|-78|CG0073161|-16|-78|CG0073161|-16|-78|CG0073161|-16|-78|CG0073161|-16|-78
133|5|6|1500|9|CG0073175|-21|-78|CG0073175|-21|-78|CG0073176|-15|-77|CG0073176|-15|-77|CG0073176|-15|-77|CG0073176|-15|-77|CG0073176|-15|-77|CG0073176|-15|-77|CG0073177|-15|-79
133|5|7|1200|11|CG0073647|-17|-77|CG0073647|-17|-77|CG0073647|-17|-77|CG0073648|-16|-72|CG0073649|-16|-59|CG0073649|-16|-59|CG0073649|-16|-59|CG0073649|-16|-59|CG0073650|-20|-49|CG0073651|-20|-49|CG0073652|-30|-62
133|5|8|1000|2|CG0073170|-16|-56|CG0073171|-28|-85
133|5|9|1000|1|CG0073172|-17|-60
133|5|10|1200|7|CG0073164|-18|-78|CG0073165|-18|-66|CG0073166|-17|-45|CG0073166|-17|-45|CG0073167|-23|-32|CG0073168|-22|-17|CG0073169|-21|-16
133|6|0|1500|4|CG0073221|-17|-77|CG0073222|-17|-77|CG0073223|-17|-77|CG0073222|-17|-77
133|6|1|1000|6|CG0073226|-15|-78|CG0073227|-20|-79|CG0073228|-22|-77|CG0073229|-19|-78|CG0073230|-14|-79|CG0073231|-24|-77
133|6|2|400|1|CG0188642|-38|-63
133|6|3|400|6|CG0073672|-25|-63|CG0073673|-25|-65|CG0073674|-25|-64|CG0073675|-25|-63|CG0073676|-25|-65|CG0073677|-25|-64
133|6|4|100|1|CG0196584|-20|-48
133|6|5|1300|40|CG0073194|-26|-78|CG0073194|-26|-78|CG0073194|-26|-78|CG0073194|-26|-78|CG0073195|-38|-77|CG0073195|-38|-77|CG0073195|-38|-77|CG0073195|-38|-77|CG0073196|-39|-76|CG0073196|-39|-76|CG0073196|-39|-76|CG0073196|-39|-76|CG0073197|-40|-77|CG0073197|-40|-77|CG0073197|-40|-77|CG0073197|-40|-77|CG0073198|-36|-77|CG0073198|-36|-77|CG0073198|-36|-77|CG0073198|-36|-77|CG0073198|-36|-77|CG0073198|-36|-77|CG0073198|-36|-77|CG0073198|-36|-77|CG0073199|-38|-78|CG0073199|-38|-78|CG0073199|-38|-78|CG0073199|-38|-78|CG0073199|-38|-78|CG0073199|-38|-78|CG0073199|-38|-78|CG0073199|-38|-78|CG0073200|-27|-78|CG0073200|-27|-78|CG0073200|-27|-78|CG0073200|-27|-78|CG0073201|-22|-78|CG0073201|-22|-78|CG0073201|-22|-78|CG0073201|-22|-78
133|6|6|1500|9|CG0073215|-29|-78|CG0073215|-29|-78|CG0073216|-20|-77|CG0073216|-20|-77|CG0073216|-20|-77|CG0073216|-20|-77|CG0073216|-20|-77|CG0073216|-20|-77|CG0073217|-17|-78
133|6|7|1200|11|CG0073712|-22|-77|CG0073712|-22|-77|CG0073712|-22|-77|CG0073713|-18|-72|CG0073714|-23|-58|CG0073714|-23|-58|CG0073714|-23|-58|CG0073714|-23|-58|CG0073715|-31|-50|CG0073716|-48|-53|CG0073717|-32|-71
133|6|8|1000|2|CG0073210|-28|-59|CG0073211|-29|-80
133|6|9|1000|1|CG0073212|-24|-63
133|6|10|1200|7|CG0073204|-16|-77|CG0073205|-21|-67|CG0073206|-29|-50|CG0073206|-29|-50|CG0073207|-44|-42|CG0073208|-56|-21|CG0073209|-61|-19
133|7|0|1500|4|CG0073261|-19|-77|CG0073262|-18|-77|CG0073263|-17|-77|CG0073262|-18|-77
133|7|1|1000|6|CG0073266|-20|-77|CG0073267|-18|-78|CG0073268|-30|-76|CG0073269|-20|-77|CG0073270|-22|-79|CG0073271|-27|-76
133|7|2|400|1|CG0188687|-44|-60
133|7|3|400|6|CG0073737|-32|-70|CG0073738|-32|-71|CG0073739|-32|-70|CG0073740|-32|-70|CG0073741|-32|-71|CG0073742|-32|-70
133|7|4|100|1|CG0196624|-25|-51
133|7|5|1300|40|CG0073234|-23|-77|CG0073234|-23|-77|CG0073234|-23|-77|CG0073234|-23|-77|CG0073235|-25|-77|CG0073235|-25|-77|CG0073235|-25|-77|CG0073235|-25|-77|CG0073236|-37|-78|CG0073236|-37|-78|CG0073236|-37|-78|CG0073236|-37|-78|CG0073237|-41|-78|CG0073237|-41|-78|CG0073237|-41|-78|CG0073237|-41|-78|CG0073238|-36|-78|CG0073238|-36|-78|CG0073238|-36|-78|CG0073238|-36|-78|CG0073238|-36|-78|CG0073238|-36|-78|CG0073238|-36|-78|CG0073238|-36|-78|CG0073239|-40|-78|CG0073239|-40|-78|CG0073239|-40|-78|CG0073239|-40|-78|CG0073239|-40|-78|CG0073239|-40|-78|CG0073239|-40|-78|CG0073239|-40|-78|CG0073240|-31|-77|CG0073240|-31|-77|CG0073240|-31|-77|CG0073240|-31|-77|CG0073241|-25|-77|CG0073241|-25|-77|CG0073241|-25|-77|CG0073241|-25|-77
133|7|6|1500|9|CG0073255|-26|-77|CG0073255|-26|-77|CG0073256|-24|-77|CG0073256|-24|-77|CG0073256|-24|-77|CG0073256|-24|-77|CG0073256|-24|-77|CG0073256|-24|-77|CG0073257|-24|-80
133|7|7|1200|11|CG0073777|-16|-76|CG0073777|-16|-76|CG0073777|-16|-76|CG0073778|-23|-73|CG0073779|-27|-62|CG0073779|-27|-62|CG0073779|-27|-62|CG0073779|-27|-62|CG0073780|-38|-59|CG0073781|-56|-65|CG0073782|-40|-75
133|7|8|1000|2|CG0073250|-33|-66|CG0073251|-29|-68
133|7|9|1000|1|CG0073252|-28|-69
133|7|10|1200|7|CG0073244|-19|-77|CG0073245|-28|-69|CG0073246|-41|-57|CG0073246|-41|-57|CG0073247|-47|-55|CG0073248|-63|-42|CG0073249|-70|-24
