139|0|0|1500|4|CG0075325|-22|-77|CG0075326|-22|-77|CG0075327|-23|-77|CG0075326|-22|-77
139|0|1|1000|6|CG0075330|-21|-77|CG0075331|-20|-78|CG0075332|-25|-76|CG0075333|-21|-77|CG0075334|-23|-79|CG0075335|-23|-76
139|0|2|400|1|CG0188372|-32|-70
139|0|3|400|6|CG0075626|-24|-75|CG0075627|-24|-76|CG0075628|-24|-76|CG0075629|-24|-75|CG0075630|-24|-76|CG0075631|-24|-76
139|0|4|100|1|CG0196344|-27|-55
139|0|5|1300|40|CG0075298|-18|-77|CG0075298|-18|-77|CG0075298|-18|-77|CG0075298|-18|-77|CG0075299|-23|-77|CG0075299|-23|-77|CG0075299|-23|-77|CG0075299|-23|-77|CG0075300|-25|-78|CG0075300|-25|-78|CG0075300|-25|-78|CG0075300|-25|-78|CG0075301|-20|-78|CG0075301|-20|-78|CG0075301|-20|-78|CG0075301|-20|-78|CG0075302|-19|-83|CG0075302|-19|-83|CG0075302|-19|-83|CG0075302|-19|-83|CG0075302|-19|-83|CG0075302|-19|-83|CG0075302|-19|-83|CG0075302|-19|-83|CG0075303|-27|-77|CG0075303|-27|-77|CG0075303|-27|-77|CG0075303|-27|-77|CG0075303|-27|-77|CG0075303|-27|-77|CG0075303|-27|-77|CG0075303|-27|-77|CG0075304|-23|-76|CG0075304|-23|-76|CG0075304|-23|-76|CG0075304|-23|-76|CG0075305|-20|-76|CG0075305|-20|-76|CG0075305|-20|-76|CG0075305|-20|-76
139|0|6|1500|9|CG0075319|-24|-77|CG0075319|-24|-77|CG0075320|-26|-77|CG0075320|-26|-77|CG0075320|-26|-77|CG0075320|-26|-77|CG0075320|-26|-77|CG0075320|-26|-77|CG0075321|-26|-81
139|0|7|1200|11|CG0075666|-19|-77|CG0075666|-19|-77|CG0075666|-19|-77|CG0075667|-19|-75|CG0075668|-30|-68|CG0075668|-30|-68|CG0075668|-30|-68|CG0075668|-30|-68|CG0075669|-35|-69|CG0075670|-35|-73|CG0075671|-34|-75
139|0|8|1000|2|CG0075314|-29|-74|CG0075315|-19|-54
139|0|9|1000|1|CG0075316|-24|-74
139|0|10|1200|7|CG0075308|-27|-77|CG0075309|-30|-71|CG0075310|-35|-64|CG0075310|-35|-64|CG0075311|-35|-64|CG0075312|-40|-58|CG0075313|-46|-44
139|1|0|1500|4|CG0075365|-19|-76|CG0075366|-18|-76|CG0075367|-19|-76|CG0075366|-18|-76
139|1|1|1000|6|CG0075370|-18|-76|CG0075371|-17|-77|CG0075372|-17|-75|CG0075373|-18|-76|CG0075374|-17|-78|CG0075375|-17|-75
139|1|2|400|1|CG0188417|-17|-71
139|1|3|400|6|CG0075691|-16|-77|CG0075692|-16|-78|CG0075693|-16|-77|CG0075694|-16|-77|CG0075695|-16|-78|CG0075696|-16|-77
139|1|4|100|1|CG0196384|-26|-58
139|1|5|1300|40|CG0075338|-17|-76|CG0075338|-17|-76|CG0075338|-17|-76|CG0075338|-17|-76|CG0075339|-15|-77|CG0075339|-15|-77|CG0075339|-15|-77|CG0075339|-15|-77|CG0075340|-11|-78|CG0075340|-11|-78|CG0075340|-11|-78|CG0075340|-11|-78|CG0075341|-10|-78|CG0075341|-10|-78|CG0075341|-10|-78|CG0075341|-10|-78|CG0075342|-11|-82|CG0075342|-11|-82|CG0075342|-11|-82|CG0075342|-11|-82|CG0075342|-11|-82|CG0075342|-11|-82|CG0075342|-11|-82|CG0075342|-11|-82|CG0075343|-11|-76|CG0075343|-11|-76|CG0075343|-11|-76|CG0075343|-11|-76|CG0075343|-11|-76|CG0075343|-11|-76|CG0075343|-11|-76|CG0075343|-11|-76|CG0075344|-18|-76|CG0075344|-18|-76|CG0075344|-18|-76|CG0075344|-18|-76|CG0075345|-18|-76|CG0075345|-18|-76|CG0075345|-18|-76|CG0075345|-18|-76
139|1|6|1500|9|CG0075359|-18|-76|CG0075359|-18|-76|CG0075360|-19|-77|CG0075360|-19|-77|CG0075360|-19|-77|CG0075360|-19|-77|CG0075360|-19|-77|CG0075360|-19|-77|CG0075361|-17|-78
139|1|7|1200|11|CG0075731|-18|-76|CG0075731|-18|-76|CG0075731|-18|-76|CG0075732|-20|-76|CG0075733|-24|-73|CG0075733|-24|-73|CG0075733|-24|-73|CG0075733|-24|-73|CG0075734|-24|-75|CG0075735|-18|-77|CG0075736|-18|-79
139|1|8|1000|2|CG0075354|-17|-77|CG0075355|-30|-56
139|1|9|1000|1|CG0075356|-19|-76
139|1|10|1200|7|CG0075348|-20|-77|CG0075349|-16|-72|CG0075350|-16|-65|CG0075350|-16|-65|CG0075351|-16|-67|CG0075352|-17|-61|CG0075353|-20|-49
139|2|0|1500|4|CG0075405|-25|-78|CG0075406|-24|-78|CG0075407|-23|-78|CG0075406|-24|-78
139|2|1|1000|6|CG0075410|-21|-77|CG0075411|-22|-78|CG0075412|-23|-76|CG0075413|-21|-77|CG0075414|-19|-79|CG0075415|-23|-76
139|2|2|400|1|CG0188462|-33|-62
139|2|3|400|6|CG0075756|-24|-75|CG0075757|-19|-76|CG0075758|-30|-75|CG0075759|-19|-75|CG0075760|-27|-76|CG0075761|-37|-75
139|2|4|100|1|CG0196424|-14|-57
139|2|5|1300|40|CG0075378|-18|-77|CG0075378|-18|-77|CG0075378|-18|-77|CG0075378|-18|-77|CG0075379|-11|-76|CG0075379|-11|-76|CG0075379|-11|-76|CG0075379|-11|-76|CG0075380|-9|-76|CG0075380|-9|-76|CG0075380|-9|-76|CG0075380|-9|-76|CG0075381|-9|-76|CG0075381|-9|-76|CG0075381|-9|-76|CG0075381|-9|-76|CG0075382|-10|-75|CG0075382|-10|-75|CG0075382|-10|-75|CG0075382|-10|-75|CG0075382|-10|-75|CG0075382|-10|-75|CG0075382|-10|-75|CG0075382|-10|-75|CG0075383|-16|-75|CG0075383|-16|-75|CG0075383|-16|-75|CG0075383|-16|-75|CG0075383|-16|-75|CG0075383|-16|-75|CG0075383|-16|-75|CG0075383|-16|-75|CG0075384|-17|-75|CG0075384|-17|-75|CG0075384|-17|-75|CG0075384|-17|-75|CG0075385|-14|-76|CG0075385|-14|-76|CG0075385|-14|-76|CG0075385|-14|-76
139|2|6|1500|9|CG0075399|-21|-77|CG0075399|-21|-77|CG0075400|-21|-78|CG0075400|-21|-78|CG0075400|-21|-78|CG0075400|-21|-78|CG0075400|-21|-78|CG0075400|-21|-78|CG0075401|-20|-78
139|2|7|1200|11|CG0075796|-17|-77|CG0075796|-17|-77|CG0075796|-17|-77|CG0075797|-18|-76|CG0075798|-21|-74|CG0075798|-21|-74|CG0075798|-21|-74|CG0075798|-21|-74|CG0075799|-18|-74|CG0075800|-19|-74|CG0075801|-19|-77
139|2|8|1000|2|CG0075394|-16|-74|CG0075395|-40|-65
139|2|9|1000|1|CG0075396|-19|-74
139|2|10|1200|7|CG0075388|-19|-77|CG0075389|-15|-71|CG0075390|-17|-62|CG0075390|-17|-62|CG0075391|-18|-58|CG0075392|-18|-50|CG0075393|-17|-38
139|3|0|1500|4|CG0075445|-22|-78|CG0075446|-23|-78|CG0075447|-23|-78|CG0075446|-23|-78
139|3|1|1000|6|CG0075450|-21|-77|CG0075451|-18|-78|CG0075452|-27|-76|CG0075453|-19|-77|CG0075454|-17|-79|CG0075455|-25|-76
139|3|2|400|1|CG0188507|-36|-53
139|3|3|400|6|CG0075821|-26|-69|CG0075822|-29|-71|CG0075823|-45|-70|CG0075824|-29|-69|CG0075825|-31|-71|CG0075826|-44|-70
139|3|4|100|1|CG0196464|-10|-51
139|3|5|1300|40|CG0075418|-22|-77|CG0075418|-22|-77|CG0075418|-22|-77|CG0075418|-22|-77|CG0075419|-19|-76|CG0075419|-19|-76|CG0075419|-19|-76|CG0075419|-19|-76|CG0075420|-13|-75|CG0075420|-13|-75|CG0075420|-13|-75|CG0075420|-13|-75|CG0075421|-13|-75|CG0075421|-13|-75|CG0075421|-13|-75|CG0075421|-13|-75|CG0075422|-13|-75|CG0075422|-13|-75|CG0075422|-13|-75|CG0075422|-13|-75|CG0075422|-13|-75|CG0075422|-13|-75|CG0075422|-13|-75|CG0075422|-13|-75|CG0075423|-32|-75|CG0075423|-32|-75|CG0075423|-32|-75|CG0075423|-32|-75|CG0075423|-32|-75|CG0075423|-32|-75|CG0075423|-32|-75|CG0075423|-32|-75|CG0075424|-29|-76|CG0075424|-29|-76|CG0075424|-29|-76|CG0075424|-29|-76|CG0075425|-23|-77|CG0075425|-23|-77|CG0075425|-23|-77|CG0075425|-23|-77
139|3|6|1500|9|CG0075439|-16|-77|CG0075439|-16|-77|CG0075440|-19|-77|CG0075440|-19|-77|CG0075440|-19|-77|CG0075440|-19|-77|CG0075440|-19|-77|CG0075440|-19|-77|CG0075441|-18|-79
139|3|7|1200|11|CG0075861|-14|-77|CG0075861|-14|-77|CG0075861|-14|-77|CG0075862|-16|-75|CG0075863|-15|-71|CG0075863|-15|-71|CG0075863|-15|-71|CG0075863|-15|-71|CG0075864|-15|-66|CG0075865|-15|-65|CG0075866|-15|-70
139|3|8|1000|2|CG0075434|-12|-66|CG0075435|-51|-74
139|3|9|1000|1|CG0075436|-15|-69
139|3|10|1200|7|CG0075428|-22|-77|CG0075429|-18|-68|CG0075430|-20|-54|CG0075430|-20|-54|CG0075431|-20|-44|CG0075432|-20|-30|CG0075433|-21|-22
139|4|0|1500|4|CG0075485|-15|-78|CG0075486|-14|-78|CG0075487|-13|-78|CG0075486|-14|-78
139|4|1|1000|6|CG0075490|-16|-78|CG0075491|-17|-79|CG0075492|-24|-76|CG0075493|-18|-78|CG0075494|-18|-79|CG0075495|-19|-77
139|4|2|400|1|CG0188552|-25|-51
139|4|3|400|6|CG0075886|-17|-63|CG0075887|-26|-65|CG0075888|-36|-64|CG0075889|-25|-63|CG0075890|-20|-65|CG0075891|-28|-64
139|4|4|100|1|CG0196504|-21|-46
139|4|5|1300|40|CG0075458|-17|-78|CG0075458|-17|-78|CG0075458|-17|-78|CG0075458|-17|-78|CG0075459|-24|-76|CG0075459|-24|-76|CG0075459|-24|-76|CG0075459|-24|-76|CG0075460|-17|-75|CG0075460|-17|-75|CG0075460|-17|-75|CG0075460|-17|-75|CG0075461|-17|-75|CG0075461|-17|-75|CG0075461|-17|-75|CG0075461|-17|-75|CG0075462|-17|-75|CG0075462|-17|-75|CG0075462|-17|-75|CG0075462|-17|-75|CG0075462|-17|-75|CG0075462|-17|-75|CG0075462|-17|-75|CG0075462|-17|-75|CG0075463|-32|-76|CG0075463|-32|-76|CG0075463|-32|-76|CG0075463|-32|-76|CG0075463|-32|-76|CG0075463|-32|-76|CG0075463|-32|-76|CG0075463|-32|-76|CG0075464|-31|-77|CG0075464|-31|-77|CG0075464|-31|-77|CG0075464|-31|-77|CG0075465|-22|-78|CG0075465|-22|-78|CG0075465|-22|-78|CG0075465|-22|-78
139|4|6|1500|9|CG0075479|-14|-78|CG0075479|-14|-78|CG0075480|-13|-77|CG0075480|-13|-77|CG0075480|-13|-77|CG0075480|-13|-77|CG0075480|-13|-77|CG0075480|-13|-77|CG0075481|-13|-80
139|4|7|1200|11|CG0075926|-14|-77|CG0075926|-14|-77|CG0075926|-14|-77|CG0075927|-12|-74|CG0075928|-12|-65|CG0075928|-12|-65|CG0075928|-12|-65|CG0075928|-12|-65|CG0075929|-10|-56|CG0075930|-7|-54|CG0075931|-23|-60
139|4|8|1000|2|CG0075474|-11|-59|CG0075475|-38|-81
139|4|9|1000|1|CG0075476|-14|-63
139|4|10|1200|7|CG0075468|-15|-78|CG0075469|-20|-66|CG0075470|-22|-47|CG0075470|-22|-47|CG0075471|-24|-33|CG0075472|-23|-15|CG0075473|-22|-17
139|5|0|1500|4|CG0075525|-16|-78|CG0075526|-16|-78|CG0075527|-16|-78|CG0075526|-16|-78
139|5|1|1000|6|CG0075530|-18|-78|CG0075531|-16|-79|CG0075532|-15|-77|CG0075533|-17|-78|CG0075534|-17|-79|CG0075535|-17|-77
139|5|2|400|1|CG0188597|-19|-60
139|5|3|400|6|CG0075951|-15|-60|CG0075952|-15|-62|CG0075953|-15|-61|CG0075954|-15|-60|CG0075955|-15|-62|CG0075956|-15|-61
139|5|4|100|1|CG0196544|-24|-45
139|5|5|1300|40|CG0075498|-16|-78|CG0075498|-16|-78|CG0075498|-16|-78|CG0075498|-16|-78|CG0075499|-43|-77|CG0075499|-43|-77|CG0075499|-43|-77|CG0075499|-43|-77|CG0075500|-29|-76|CG0075500|-29|-76|CG0075500|-29|-76|CG0075500|-29|-76|CG0075501|-22|-76|CG0075501|-22|-76|CG0075501|-22|-76|CG0075501|-22|-76|CG0075502|-17|-76|CG0075502|-17|-76|CG0075502|-17|-76|CG0075502|-17|-76|CG0075502|-17|-76|CG0075502|-17|-76|CG0075502|-17|-76|CG0075502|-17|-76|CG0075503|-17|-77|CG0075503|-17|-77|CG0075503|-17|-77|CG0075503|-17|-77|CG0075503|-17|-77|CG0075503|-17|-77|CG0075503|-17|-77|CG0075503|-17|-77|CG0075504|-17|-78|CG0075504|-17|-78|CG0075504|-17|-78|CG0075504|-17|-78|CG0075505|-16|-78|CG0075505|-16|-78|CG0075505|-16|-78|CG0075505|-16|-78
139|5|6|1500|9|CG0075519|-21|-78|CG0075519|-21|-78|CG0075520|-15|-77|CG0075520|-15|-77|CG0075520|-15|-77|CG0075520|-15|-77|CG0075520|-15|-77|CG0075520|-15|-77|CG0075521|-15|-79
139|5|7|1200|11|CG0075991|-17|-77|CG0075991|-17|-77|CG0075991|-17|-77|CG0075992|-16|-72|CG0075993|-16|-59|CG0075993|-16|-59|CG0075993|-16|-59|CG0075993|-16|-59|CG0075994|-20|-49|CG0075995|-20|-49|CG0075996|-30|-62
139|5|8|1000|2|CG0075514|-16|-56|CG0075515|-28|-85
139|5|9|1000|1|CG0075516|-17|-60
139|5|10|1200|7|CG0075508|-18|-78|CG0075509|-18|-66|CG0075510|-17|-45|CG0075510|-17|-45|CG0075511|-23|-32|CG0075512|-22|-17|CG0075513|-21|-16
139|6|0|1500|4|CG0075565|-17|-77|CG0075566|-17|-77|CG0075567|-17|-77|CG0075566|-17|-77
139|6|1|1000|6|CG0075570|-15|-78|CG0075571|-20|-79|CG0075572|-22|-77|CG0075573|-19|-78|CG0075574|-14|-79|CG0075575|-24|-77
139|6|2|400|1|CG0188642|-38|-63
139|6|3|400|6|CG0076016|-25|-63|CG0076017|-25|-65|CG0076018|-25|-64|CG0076019|-25|-63|CG0076020|-25|-65|CG0076021|-25|-64
139|6|4|100|1|CG0196584|-20|-48
139|6|5|1300|40|CG0075538|-26|-78|CG0075538|-26|-78|CG0075538|-26|-78|CG0075538|-26|-78|CG0075539|-38|-77|CG0075539|-38|-77|CG0075539|-38|-77|CG0075539|-38|-77|CG0075540|-39|-76|CG0075540|-39|-76|CG0075540|-39|-76|CG0075540|-39|-76|CG0075541|-40|-77|CG0075541|-40|-77|CG0075541|-40|-77|CG0075541|-40|-77|CG0075542|-36|-77|CG0075542|-36|-77|CG0075542|-36|-77|CG0075542|-36|-77|CG0075542|-36|-77|CG0075542|-36|-77|CG0075542|-36|-77|CG0075542|-36|-77|CG0075543|-38|-78|CG0075543|-38|-78|CG0075543|-38|-78|CG0075543|-38|-78|CG0075543|-38|-78|CG0075543|-38|-78|CG0075543|-38|-78|CG0075543|-38|-78|CG0075544|-27|-78|CG0075544|-27|-78|CG0075544|-27|-78|CG0075544|-27|-78|CG0075545|-22|-78|CG0075545|-22|-78|CG0075545|-22|-78|CG0075545|-22|-78
139|6|6|1500|9|CG0075559|-29|-78|CG0075559|-29|-78|CG0075560|-20|-77|CG0075560|-20|-77|CG0075560|-20|-77|CG0075560|-20|-77|CG0075560|-20|-77|CG0075560|-20|-77|CG0075561|-17|-78
139|6|7|1200|11|CG0076056|-22|-77|CG0076056|-22|-77|CG0076056|-22|-77|CG0076057|-18|-72|CG0076058|-23|-58|CG0076058|-23|-58|CG0076058|-23|-58|CG0076058|-23|-58|CG0076059|-31|-50|CG0076060|-48|-53|CG0076061|-32|-71
139|6|8|1000|2|CG0075554|-28|-59|CG0075555|-29|-80
139|6|9|1000|1|CG0075556|-24|-63
139|6|10|1200|7|CG0075548|-16|-77|CG0075549|-21|-67|CG0075550|-29|-50|CG0075550|-29|-50|CG0075551|-44|-42|CG0075552|-56|-21|CG0075553|-61|-19
139|7|0|1500|4|CG0075605|-19|-77|CG0075606|-18|-77|CG0075607|-17|-77|CG0075606|-18|-77
139|7|1|1000|6|CG0075610|-20|-77|CG0075611|-18|-78|CG0075612|-30|-76|CG0075613|-20|-77|CG0075614|-22|-79|CG0075615|-27|-76
139|7|2|400|1|CG0188687|-44|-60
139|7|3|400|6|CG0076081|-32|-70|CG0076082|-32|-71|CG0076083|-32|-70|CG0076084|-32|-70|CG0076085|-32|-71|CG0076086|-32|-70
139|7|4|100|1|CG0196624|-25|-51
139|7|5|1300|40|CG0075578|-23|-77|CG0075578|-23|-77|CG0075578|-23|-77|CG0075578|-23|-77|CG0075579|-25|-77|CG0075579|-25|-77|CG0075579|-25|-77|CG0075579|-25|-77|CG0075580|-37|-78|CG0075580|-37|-78|CG0075580|-37|-78|CG0075580|-37|-78|CG0075581|-41|-78|CG0075581|-41|-78|CG0075581|-41|-78|CG0075581|-41|-78|CG0075582|-36|-78|CG0075582|-36|-78|CG0075582|-36|-78|CG0075582|-36|-78|CG0075582|-36|-78|CG0075582|-36|-78|CG0075582|-36|-78|CG0075582|-36|-78|CG0075583|-40|-78|CG0075583|-40|-78|CG0075583|-40|-78|CG0075583|-40|-78|CG0075583|-40|-78|CG0075583|-40|-78|CG0075583|-40|-78|CG0075583|-40|-78|CG0075584|-31|-77|CG0075584|-31|-77|CG0075584|-31|-77|CG0075584|-31|-77|CG0075585|-25|-77|CG0075585|-25|-77|CG0075585|-25|-77|CG0075585|-25|-77
139|7|6|1500|9|CG0075599|-26|-77|CG0075599|-26|-77|CG0075600|-24|-77|CG0075600|-24|-77|CG0075600|-24|-77|CG0075600|-24|-77|CG0075600|-24|-77|CG0075600|-24|-77|CG0075601|-24|-80
139|7|7|1200|11|CG0076121|-16|-76|CG0076121|-16|-76|CG0076121|-16|-76|CG0076122|-23|-73|CG0076123|-27|-62|CG0076123|-27|-62|CG0076123|-27|-62|CG0076123|-27|-62|CG0076124|-38|-59|CG0076125|-56|-65|CG0076126|-40|-75
139|7|8|1000|2|CG0075594|-33|-66|CG0075595|-29|-68
139|7|9|1000|1|CG0075596|-28|-69
139|7|10|1200|7|CG0075588|-19|-77|CG0075589|-28|-69|CG0075590|-41|-57|CG0075590|-41|-57|CG0075591|-47|-55|CG0075592|-63|-42|CG0075593|-70|-24
