144|0|0|1500|4|CG0077312|-21|-88|CG0077313|-21|-88|CG0077314|-21|-88|CG0077313|-21|-88
144|0|1|1000|6|CG0077317|-31|-88|CG0077318|-27|-89|CG0077319|-32|-85|CG0077320|-30|-88|CG0077321|-33|-89|CG0077322|-36|-85
144|0|2|400|1|CG0188372|-32|-70
144|0|3|600|6|CG0077286|-34|-83|CG0077287|-31|-88|CG0077288|-35|-85|CG0077289|-31|-81|CG0077290|-38|-88|CG0077291|-33|-87
144|0|4|100|1|CG0196344|-27|-55
144|0|5|1600|50|CG0077274|-28|-88|CG0077274|-28|-88|CG0077274|-28|-88|CG0077274|-28|-88|CG0077278|-23|-86|CG0077278|-23|-86|CG0077278|-23|-86|CG0077278|-23|-86|CG0077279|-23|-94|CG0077279|-23|-94|CG0077279|-23|-94|CG0077279|-23|-94|CG0077279|-23|-94|CG0077279|-23|-94|CG0077280|-45|-92|CG0077280|-45|-92|CG0077281|-64|-110|CG0077281|-64|-110|CG0077282|-75|-89|CG0077282|-75|-89|CG0077282|-75|-89|CG0077282|-75|-89|CG0077282|-75|-89|CG0077282|-75|-89|CG0077283|-81|-92|CG0077283|-81|-92|CG0077283|-81|-92|CG0077283|-81|-92|CG0077284|-52|-91|CG0077284|-52|-91|CG0077284|-52|-91|CG0077284|-52|-91|CG0077284|-52|-91|CG0077284|-52|-91|CG0077285|-62|-90|CG0077285|-62|-90|CG0077275|-61|-115|CG0077275|-61|-115|CG0077275|-61|-115|CG0077275|-61|-115|CG0077275|-61|-115|CG0077275|-61|-115|CG0077276|-49|-90|CG0077276|-49|-90|CG0077276|-49|-90|CG0077276|-49|-90|CG0077277|-35|-89|CG0077277|-35|-89|CG0077277|-35|-89|CG0077277|-35|-89
144|0|6|1200|17|CG0077305|-28|-88|CG0077305|-28|-88|CG0077305|-28|-88|CG0077306|-42|-88|CG0077306|-42|-88|CG0077306|-42|-88|CG0077307|-38|-90|CG0077307|-38|-90|CG0077308|-30|-100|CG0077308|-30|-100|CG0077308|-30|-100|CG0077308|-30|-100|CG0077308|-30|-100|CG0077308|-30|-100|CG0077308|-30|-100|CG0077308|-30|-100|CG0077308|-30|-100
144|0|7|2000|17|CG0078059|-31|-87|CG0078059|-31|-87|CG0078060|-26|-86|CG0078060|-26|-86|CG0078061|-15|-93|CG0078061|-15|-93|CG0078061|-15|-93|CG0078061|-15|-93|CG0078062|-30|-84|CG0078063|-45|-98|CG0078064|-67|-83|CG0078064|-67|-83|CG0078064|-67|-83|CG0078065|-50|-91|CG0078065|-50|-91|CG0078066|-32|-89|CG0078066|-32|-89
144|0|8|1000|2|CG0077300|-36|-77|CG0077301|-34|-80
144|0|9|1000|1|CG0077302|-48|-70
144|0|10|1500|20|CG0077294|-31|-87|CG0077294|-31|-87|CG0077294|-31|-87|CG0077295|-33|-78|CG0077295|-33|-78|CG0077295|-33|-78|CG0077296|-39|-67|CG0077296|-39|-67|CG0077296|-39|-67|CG0077296|-39|-67|CG0077296|-39|-67|CG0077296|-39|-67|CG0077297|-57|-71|CG0077297|-57|-71|CG0077298|-62|-65|CG0077298|-62|-65|CG0077298|-62|-65|CG0077299|-66|-44|CG0077299|-66|-44|CG0077299|-66|-44
144|1|0|1500|4|CG0077363|-26|-89|CG0077364|-26|-89|CG0077365|-27|-89|CG0077364|-26|-89
144|1|1|1000|6|CG0077368|-30|-88|CG0077369|-30|-90|CG0077370|-31|-86|CG0077371|-30|-88|CG0077372|-28|-90|CG0077373|-28|-86
144|1|2|400|1|CG0188417|-17|-71
144|1|3|600|6|CG0077337|-29|-84|CG0077338|-35|-90|CG0077339|-33|-87|CG0077340|-33|-83|CG0077341|-27|-90|CG0077342|-23|-87
144|1|4|100|1|CG0196384|-26|-58
144|1|5|1600|50|CG0077325|-18|-88|CG0077325|-18|-88|CG0077325|-18|-88|CG0077325|-18|-88|CG0077329|-12|-85|CG0077329|-12|-85|CG0077329|-12|-85|CG0077329|-12|-85|CG0077330|-12|-88|CG0077330|-12|-88|CG0077330|-12|-88|CG0077330|-12|-88|CG0077330|-12|-88|CG0077330|-12|-88|CG0077331|-20|-92|CG0077331|-20|-92|CG0077332|-26|-116|CG0077332|-26|-116|CG0077333|-23|-94|CG0077333|-23|-94|CG0077333|-23|-94|CG0077333|-23|-94|CG0077333|-23|-94|CG0077333|-23|-94|CG0077334|-40|-96|CG0077334|-40|-96|CG0077334|-40|-96|CG0077334|-40|-96|CG0077335|-43|-94|CG0077335|-43|-94|CG0077335|-43|-94|CG0077335|-43|-94|CG0077335|-43|-94|CG0077335|-43|-94|CG0077336|-25|-93|CG0077336|-25|-93|CG0077326|-13|-98|CG0077326|-13|-98|CG0077326|-13|-98|CG0077326|-13|-98|CG0077326|-13|-98|CG0077326|-13|-98|CG0077327|-19|-92|CG0077327|-19|-92|CG0077327|-19|-92|CG0077327|-19|-92|CG0077328|-19|-89|CG0077328|-19|-89|CG0077328|-19|-89|CG0077328|-19|-89
144|1|6|1200|17|CG0077356|-26|-89|CG0077356|-26|-89|CG0077356|-26|-89|CG0077357|-39|-88|CG0077357|-39|-88|CG0077357|-39|-88|CG0077358|-30|-98|CG0077358|-30|-98|CG0077359|-23|-104|CG0077359|-23|-104|CG0077359|-23|-104|CG0077359|-23|-104|CG0077359|-23|-104|CG0077359|-23|-104|CG0077359|-23|-104|CG0077359|-23|-104|CG0077359|-23|-104
144|1|7|2000|17|CG0078127|-20|-87|CG0078127|-20|-87|CG0078128|-15|-78|CG0078128|-15|-78|CG0078129|-7|-89|CG0078129|-7|-89|CG0078129|-7|-89|CG0078129|-7|-89|CG0078130|-7|-83|CG0078131|-37|-99|CG0078132|-37|-94|CG0078132|-37|-94|CG0078132|-37|-94|CG0078133|-37|-96|CG0078133|-37|-96|CG0078134|-23|-88|CG0078134|-23|-88
144|1|8|1000|2|CG0077351|-24|-79|CG0077352|-21|-80
144|1|9|1000|1|CG0077353|-32|-79
144|1|10|1500|20|CG0077345|-22|-88|CG0077345|-22|-88|CG0077345|-22|-88|CG0077346|-24|-79|CG0077346|-24|-79|CG0077346|-24|-79|CG0077347|-25|-68|CG0077347|-25|-68|CG0077347|-25|-68|CG0077347|-25|-68|CG0077347|-25|-68|CG0077347|-25|-68|CG0077348|-28|-75|CG0077348|-28|-75|CG0077349|-21|-71|CG0077349|-21|-71|CG0077349|-21|-71|CG0077350|-26|-53|CG0077350|-26|-53|CG0077350|-26|-53
144|2|0|1500|4|CG0077414|-25|-88|CG0077415|-24|-88|CG0077416|-23|-88|CG0077415|-24|-88
144|2|1|1000|6|CG0077419|-21|-88|CG0077420|-23|-89|CG0077421|-25|-85|CG0077422|-21|-88|CG0077423|-19|-89|CG0077424|-27|-85
144|2|2|400|1|CG0188462|-33|-62
144|2|3|600|6|CG0077388|-26|-81|CG0077389|-24|-88|CG0077390|-33|-86|CG0077391|-22|-83|CG0077392|-25|-88|CG0077393|-36|-84
144|2|4|100|1|CG0196424|-14|-57
144|2|5|1600|50|CG0077376|-12|-87|CG0077376|-12|-87|CG0077376|-12|-87|CG0077376|-12|-87|CG0077380|-19|-84|CG0077380|-19|-84|CG0077380|-19|-84|CG0077380|-19|-84|CG0077381|-32|-91|CG0077381|-32|-91|CG0077381|-32|-91|CG0077381|-32|-91|CG0077381|-32|-91|CG0077381|-32|-91|CG0077382|-16|-90|CG0077382|-16|-90|CG0077383|1|-96|CG0077383|1|-96|CG0077384|-4|-84|CG0077384|-4|-84|CG0077384|-4|-84|CG0077384|-4|-84|CG0077384|-4|-84|CG0077384|-4|-84|CG0077385|-6|-88|CG0077385|-6|-88|CG0077385|-6|-88|CG0077385|-6|-88|CG0077386|-17|-87|CG0077386|-17|-87|CG0077386|-17|-87|CG0077386|-17|-87|CG0077386|-17|-87|CG0077386|-17|-87|CG0077387|0|-84|CG0077387|0|-84|CG0077377|-4|-85|CG0077377|-4|-85|CG0077377|-4|-85|CG0077377|-4|-85|CG0077377|-4|-85|CG0077377|-4|-85|CG0077378|-3|-88|CG0077378|-3|-88|CG0077378|-3|-88|CG0077378|-3|-88|CG0077379|-7|-87|CG0077379|-7|-87|CG0077379|-7|-87|CG0077379|-7|-87
144|2|6|1200|17|CG0077407|-18|-88|CG0077407|-18|-88|CG0077407|-18|-88|CG0077408|-19|-88|CG0077408|-19|-88|CG0077408|-19|-88|CG0077409|-20|-95|CG0077409|-20|-95|CG0077410|-15|-98|CG0077410|-15|-98|CG0077410|-15|-98|CG0077410|-15|-98|CG0077410|-15|-98|CG0077410|-15|-98|CG0077410|-15|-98|CG0077410|-15|-98|CG0077410|-15|-98
144|2|7|2000|17|CG0078195|-12|-86|CG0078195|-12|-86|CG0078196|-18|-77|CG0078196|-18|-77|CG0078197|-21|-83|CG0078197|-21|-83|CG0078197|-21|-83|CG0078197|-21|-83|CG0078198|-9|-74|CG0078199|-14|-88|CG0078200|-15|-90|CG0078200|-15|-90|CG0078200|-15|-90|CG0078201|-11|-92|CG0078201|-11|-92|CG0078202|-9|-84|CG0078202|-9|-84
144|2|8|1000|2|CG0077402|-22|-77|CG0077403|-33|-83
144|2|9|1000|1|CG0077404|-21|-75
144|2|10|1500|20|CG0077396|-14|-87|CG0077396|-14|-87|CG0077396|-14|-87|CG0077397|-13|-78|CG0077397|-13|-78|CG0077397|-13|-78|CG0077398|-18|-67|CG0077398|-18|-67|CG0077398|-18|-67|CG0077398|-18|-67|CG0077398|-18|-67|CG0077398|-18|-67|CG0077399|-31|-71|CG0077399|-31|-71|CG0077400|-29|-69|CG0077400|-29|-69|CG0077400|-29|-69|CG0077401|-32|-44|CG0077401|-32|-44|CG0077401|-32|-44
144|3|0|1500|4|CG0077465|-16|-87|CG0077466|-17|-87|CG0077467|-19|-87|CG0077466|-17|-87
144|3|1|1000|6|CG0077470|-18|-86|CG0077471|-18|-88|CG0077472|-29|-84|CG0077473|-18|-86|CG0077474|-17|-88|CG0077475|-28|-84
144|3|2|400|1|CG0188507|-36|-53
144|3|3|600|6|CG0077439|-19|-78|CG0077440|-25|-85|CG0077441|-33|-84|CG0077442|-20|-80|CG0077443|-24|-85|CG0077444|-33|-80
144|3|4|100|1|CG0196464|-10|-51
144|3|5|1600|50|CG0077427|-22|-86|CG0077427|-22|-86|CG0077427|-22|-86|CG0077427|-22|-86|CG0077431|-33|-84|CG0077431|-33|-84|CG0077431|-33|-84|CG0077431|-33|-84|CG0077432|-40|-101|CG0077432|-40|-101|CG0077432|-40|-101|CG0077432|-40|-101|CG0077432|-40|-101|CG0077432|-40|-101|CG0077433|-47|-87|CG0077433|-47|-87|CG0077434|3|-75|CG0077434|3|-75|CG0077435|3|-67|CG0077435|3|-67|CG0077435|3|-67|CG0077435|3|-67|CG0077435|3|-67|CG0077435|3|-67|CG0077436|5|-70|CG0077436|5|-70|CG0077436|5|-70|CG0077436|5|-70|CG0077437|2|-72|CG0077437|2|-72|CG0077437|2|-72|CG0077437|2|-72|CG0077437|2|-72|CG0077437|2|-72|CG0077438|3|-67|CG0077438|3|-67|CG0077428|0|-67|CG0077428|0|-67|CG0077428|0|-67|CG0077428|0|-67|CG0077428|0|-67|CG0077428|0|-67|CG0077429|-11|-80|CG0077429|-11|-80|CG0077429|-11|-80|CG0077429|-11|-80|CG0077430|-19|-84|CG0077430|-19|-84|CG0077430|-19|-84|CG0077430|-19|-84
144|3|6|1200|17|CG0077458|-13|-87|CG0077458|-13|-87|CG0077458|-13|-87|CG0077459|-17|-88|CG0077459|-17|-88|CG0077459|-17|-88|CG0077460|-13|-87|CG0077460|-13|-87|CG0077461|-10|-87|CG0077461|-10|-87|CG0077461|-10|-87|CG0077461|-10|-87|CG0077461|-10|-87|CG0077461|-10|-87|CG0077461|-10|-87|CG0077461|-10|-87|CG0077461|-10|-87
144|3|7|2000|17|CG0078263|-22|-85|CG0078263|-22|-85|CG0078264|-35|-80|CG0078264|-35|-80|CG0078265|-38|-80|CG0078265|-38|-80|CG0078265|-38|-80|CG0078265|-38|-80|CG0078266|-42|-71|CG0078267|-14|-79|CG0078268|-8|-73|CG0078268|-8|-73|CG0078268|-8|-73|CG0078269|-9|-78|CG0078269|-9|-78|CG0078270|-16|-80|CG0078270|-16|-80
144|3|8|1000|2|CG0077453|-24|-69|CG0077454|-43|-82
144|3|9|1000|1|CG0077455|-17|-60
144|3|10|1500|20|CG0077447|-11|-85|CG0077447|-11|-85|CG0077447|-11|-85|CG0077448|-16|-75|CG0077448|-16|-75|CG0077448|-16|-75|CG0077449|-30|-64|CG0077449|-30|-64|CG0077449|-30|-64|CG0077449|-30|-64|CG0077449|-30|-64|CG0077449|-30|-64|CG0077450|-31|-63|CG0077450|-31|-63|CG0077451|-30|-50|CG0077451|-30|-50|CG0077451|-30|-50|CG0077452|-27|-24|CG0077452|-27|-24|CG0077452|-27|-24
144|4|0|1500|4|CG0077516|-25|-86|CG0077517|-26|-86|CG0077518|-26|-86|CG0077517|-26|-86
144|4|1|1000|6|CG0077521|-30|-85|CG0077522|-28|-87|CG0077523|-28|-83|CG0077524|-30|-85|CG0077525|-31|-87|CG0077526|-31|-83
144|4|2|400|1|CG0188552|-25|-51
144|4|3|600|6|CG0077490|-32|-74|CG0077491|-31|-82|CG0077492|-34|-80|CG0077493|-30|-76|CG0077494|-31|-82|CG0077495|-32|-77
144|4|4|100|1|CG0196504|-21|-46
144|4|5|1600|50|CG0077478|-30|-84|CG0077478|-30|-84|CG0077478|-30|-84|CG0077478|-30|-84|CG0077482|-39|-84|CG0077482|-39|-84|CG0077482|-39|-84|CG0077482|-39|-84|CG0077483|-45|-112|CG0077483|-45|-112|CG0077483|-45|-112|CG0077483|-45|-112|CG0077483|-45|-112|CG0077483|-45|-112|CG0077484|-49|-87|CG0077484|-49|-87|CG0077485|-1|-59|CG0077485|-1|-59|CG0077486|-2|-58|CG0077486|-2|-58|CG0077486|-2|-58|CG0077486|-2|-58|CG0077486|-2|-58|CG0077486|-2|-58|CG0077487|2|-53|CG0077487|2|-53|CG0077487|2|-53|CG0077487|2|-53|CG0077488|-1|-57|CG0077488|-1|-57|CG0077488|-1|-57|CG0077488|-1|-57|CG0077488|-1|-57|CG0077488|-1|-57|CG0077489|-1|-50|CG0077489|-1|-50|CG0077479|-35|-57|CG0077479|-35|-57|CG0077479|-35|-57|CG0077479|-35|-57|CG0077479|-35|-57|CG0077479|-35|-57|CG0077480|-51|-71|CG0077480|-51|-71|CG0077480|-51|-71|CG0077480|-51|-71|CG0077481|-46|-80|CG0077481|-46|-80|CG0077481|-46|-80|CG0077481|-46|-80
144|4|6|1200|17|CG0077509|-18|-86|CG0077509|-18|-86|CG0077509|-18|-86|CG0077510|-20|-87|CG0077510|-20|-87|CG0077510|-20|-87|CG0077511|-20|-86|CG0077511|-20|-86|CG0077512|-15|-84|CG0077512|-15|-84|CG0077512|-15|-84|CG0077512|-15|-84|CG0077512|-15|-84|CG0077512|-15|-84|CG0077512|-15|-84|CG0077512|-15|-84|CG0077512|-15|-84
144|4|7|2000|17|CG0078331|-24|-84|CG0078331|-24|-84|CG0078332|-33|-86|CG0078332|-33|-86|CG0078333|-43|-81|CG0078333|-43|-81|CG0078333|-43|-81|CG0078333|-43|-81|CG0078334|-56|-77|CG0078335|-19|-68|CG0078336|-15|-52|CG0078336|-15|-52|CG0078336|-15|-52|CG0078337|-14|-60|CG0078337|-14|-60|CG0078338|-22|-77|CG0078338|-22|-77
144|4|8|1000|2|CG0077504|-21|-60|CG0077505|-63|-90
144|4|9|1000|1|CG0077506|-20|-51
144|4|10|1500|20|CG0077498|-16|-81|CG0077498|-16|-81|CG0077498|-16|-81|CG0077499|-20|-71|CG0077499|-20|-71|CG0077499|-20|-71|CG0077500|-31|-60|CG0077500|-31|-60|CG0077500|-31|-60|CG0077500|-31|-60|CG0077500|-31|-60|CG0077500|-31|-60|CG0077501|-32|-55|CG0077501|-32|-55|CG0077502|-30|-31|CG0077502|-30|-31|CG0077502|-30|-31|CG0077503|-30|-27|CG0077503|-30|-27|CG0077503|-30|-27
144|5|0|1500|4|CG0077567|-23|-85|CG0077568|-23|-85|CG0077569|-26|-85|CG0077568|-23|-85
144|5|1|1000|6|CG0077572|-34|-84|CG0077573|-34|-86|CG0077574|-34|-82|CG0077575|-34|-84|CG0077576|-34|-86|CG0077577|-34|-82
144|5|2|400|1|CG0188597|-19|-60
144|5|3|600|6|CG0077541|-38|-74|CG0077542|-39|-80|CG0077543|-40|-77|CG0077544|-38|-74|CG0077545|-38|-80|CG0077546|-37|-77
144|5|4|100|1|CG0196544|-24|-45
144|5|5|1600|50|CG0077529|-54|-84|CG0077529|-54|-84|CG0077529|-54|-84|CG0077529|-54|-84|CG0077533|-47|-84|CG0077533|-47|-84|CG0077533|-47|-84|CG0077533|-47|-84|CG0077534|-30|-117|CG0077534|-30|-117|CG0077534|-30|-117|CG0077534|-30|-117|CG0077534|-30|-117|CG0077534|-30|-117|CG0077535|-30|-98|CG0077535|-30|-98|CG0077536|-31|-55|CG0077536|-31|-55|CG0077537|-30|-49|CG0077537|-30|-49|CG0077537|-30|-49|CG0077537|-30|-49|CG0077537|-30|-49|CG0077537|-30|-49|CG0077538|-31|-48|CG0077538|-31|-48|CG0077538|-31|-48|CG0077538|-31|-48|CG0077539|-30|-53|CG0077539|-30|-53|CG0077539|-30|-53|CG0077539|-30|-53|CG0077539|-30|-53|CG0077539|-30|-53|CG0077540|-40|-45|CG0077540|-40|-45|CG0077530|-71|-77|CG0077530|-71|-77|CG0077530|-71|-77|CG0077530|-71|-77|CG0077530|-71|-77|CG0077530|-71|-77|CG0077531|-79|-68|CG0077531|-79|-68|CG0077531|-79|-68|CG0077531|-79|-68|CG0077532|-67|-79|CG0077532|-67|-79|CG0077532|-67|-79|CG0077532|-67|-79
144|5|6|1200|17|CG0077560|-25|-85|CG0077560|-25|-85|CG0077560|-25|-85|CG0077561|-40|-85|CG0077561|-40|-85|CG0077561|-40|-85|CG0077562|-33|-85|CG0077562|-33|-85|CG0077563|-22|-84|CG0077563|-22|-84|CG0077563|-22|-84|CG0077563|-22|-84|CG0077563|-22|-84|CG0077563|-22|-84|CG0077563|-22|-84|CG0077563|-22|-84|CG0077563|-22|-84
144|5|7|2000|17|CG0078399|-24|-84|CG0078399|-24|-84|CG0078400|-29|-90|CG0078400|-29|-90|CG0078401|-35|-87|CG0078401|-35|-87|CG0078401|-35|-87|CG0078401|-35|-87|CG0078402|-39|-82|CG0078403|-29|-61|CG0078404|-17|-40|CG0078404|-17|-40|CG0078404|-17|-40|CG0078405|-18|-52|CG0078405|-18|-52|CG0078406|-27|-78|CG0078406|-27|-78
144|5|8|1000|2|CG0077555|-24|-56|CG0077556|-73|-95
144|5|9|1000|1|CG0077557|-29|-47
144|5|10|1500|20|CG0077549|-23|-80|CG0077549|-23|-80|CG0077549|-23|-80|CG0077550|-22|-69|CG0077550|-22|-69|CG0077550|-22|-69|CG0077551|-24|-58|CG0077551|-24|-58|CG0077551|-24|-58|CG0077551|-24|-58|CG0077551|-24|-58|CG0077551|-24|-58|CG0077552|-23|-51|CG0077552|-23|-51|CG0077553|-29|-26|CG0077553|-29|-26|CG0077553|-29|-26|CG0077554|-39|-26|CG0077554|-39|-26|CG0077554|-39|-26
144|6|0|1500|4|CG0077618|-37|-86|CG0077619|-38|-86|CG0077620|-39|-86|CG0077619|-38|-86
144|6|1|1000|6|CG0077623|-47|-85|CG0077624|-48|-87|CG0077625|-48|-83|CG0077626|-47|-85|CG0077627|-45|-87|CG0077628|-45|-83
144|6|2|400|1|CG0188642|-38|-63
144|6|3|600|6|CG0077592|-50|-77|CG0077593|-50|-82|CG0077594|-51|-78|CG0077595|-50|-74|CG0077596|-50|-82|CG0077597|-50|-80
144|6|4|100|1|CG0196584|-20|-48
144|6|5|1600|50|CG0077580|-47|-85|CG0077580|-47|-85|CG0077580|-47|-85|CG0077580|-47|-85|CG0077584|-36|-85|CG0077584|-36|-85|CG0077584|-36|-85|CG0077584|-36|-85|CG0077585|-38|-115|CG0077585|-38|-115|CG0077585|-38|-115|CG0077585|-38|-115|CG0077585|-38|-115|CG0077585|-38|-115|CG0077586|-24|-101|CG0077586|-24|-101|CG0077587|-99|-65|CG0077587|-99|-65|CG0077588|-84|-47|CG0077588|-84|-47|CG0077588|-84|-47|CG0077588|-84|-47|CG0077588|-84|-47|CG0077588|-84|-47|CG0077589|-61|-59|CG0077589|-61|-59|CG0077589|-61|-59|CG0077589|-61|-59|CG0077590|-61|-63|CG0077590|-61|-63|CG0077590|-61|-63|CG0077590|-61|-63|CG0077590|-61|-63|CG0077590|-61|-63|CG0077591|-98|-56|CG0077591|-98|-56|CG0077581|-71|-101|CG0077581|-71|-101|CG0077581|-71|-101|CG0077581|-71|-101|CG0077581|-71|-101|CG0077581|-71|-101|CG0077582|-65|-76|CG0077582|-65|-76|CG0077582|-65|-76|CG0077582|-65|-76|CG0077583|-50|-81|CG0077583|-50|-81|CG0077583|-50|-81|CG0077583|-50|-81
144|6|6|1200|17|CG0077611|-55|-86|CG0077611|-55|-86|CG0077611|-55|-86|CG0077612|-64|-86|CG0077612|-64|-86|CG0077612|-64|-86|CG0077613|-39|-86|CG0077613|-39|-86|CG0077614|-35|-84|CG0077614|-35|-84|CG0077614|-35|-84|CG0077614|-35|-84|CG0077614|-35|-84|CG0077614|-35|-84|CG0077614|-35|-84|CG0077614|-35|-84|CG0077614|-35|-84
144|6|7|2000|17|CG0078467|-17|-85|CG0078467|-17|-85|CG0078468|-41|-91|CG0078468|-41|-91|CG0078469|-45|-92|CG0078469|-45|-92|CG0078469|-45|-92|CG0078469|-45|-92|CG0078470|-52|-86|CG0078471|-59|-64|CG0078472|-53|-40|CG0078472|-53|-40|CG0078472|-53|-40|CG0078473|-50|-59|CG0078473|-50|-59|CG0078474|-29|-82|CG0078474|-29|-82
144|6|8|1000|2|CG0077606|-61|-60|CG0077607|-42|-94
144|6|9|1000|1|CG0077608|-43|-51
144|6|10|1500|20|CG0077600|-42|-81|CG0077600|-42|-81|CG0077600|-42|-81|CG0077601|-44|-71|CG0077601|-44|-71|CG0077601|-44|-71|CG0077602|-51|-60|CG0077602|-51|-60|CG0077602|-51|-60|CG0077602|-51|-60|CG0077602|-51|-60|CG0077602|-51|-60|CG0077603|-41|-55|CG0077603|-41|-55|CG0077604|-62|-34|CG0077604|-62|-34|CG0077604|-62|-34|CG0077605|-79|-25|CG0077605|-79|-25|CG0077605|-79|-25
144|7|0|1500|4|CG0077669|-35|-87|CG0077670|-34|-87|CG0077671|-32|-87|CG0077670|-34|-87
144|7|1|1000|6|CG0077674|-35|-86|CG0077675|-37|-88|CG0077676|-37|-84|CG0077677|-35|-86|CG0077678|-34|-88|CG0077679|-32|-84
144|7|2|400|1|CG0188687|-44|-60
144|7|3|600|6|CG0077643|-38|-80|CG0077644|-38|-85|CG0077645|-38|-80|CG0077646|-38|-77|CG0077647|-38|-85|CG0077648|-38|-84
144|7|4|100|1|CG0196624|-25|-51
144|7|5|1600|50|CG0077631|-32|-87|CG0077631|-32|-87|CG0077631|-32|-87|CG0077631|-32|-87|CG0077635|-30|-87|CG0077635|-30|-87|CG0077635|-30|-87|CG0077635|-30|-87|CG0077636|-27|-106|CG0077636|-27|-106|CG0077636|-27|-106|CG0077636|-27|-106|CG0077636|-27|-106|CG0077636|-27|-106|CG0077637|-47|-94|CG0077637|-47|-94|CG0077638|-112|-84|CG0077638|-112|-84|CG0077639|-111|-71|CG0077639|-111|-71|CG0077639|-111|-71|CG0077639|-111|-71|CG0077639|-111|-71|CG0077639|-111|-71|CG0077640|-79|-77|CG0077640|-79|-77|CG0077640|-79|-77|CG0077640|-79|-77|CG0077641|-60|-79|CG0077641|-60|-79|CG0077641|-60|-79|CG0077641|-60|-79|CG0077641|-60|-79|CG0077641|-60|-79|CG0077642|-107|-75|CG0077642|-107|-75|CG0077632|-81|-116|CG0077632|-81|-116|CG0077632|-81|-116|CG0077632|-81|-116|CG0077632|-81|-116|CG0077632|-81|-116|CG0077633|-55|-91|CG0077633|-55|-91|CG0077633|-55|-91|CG0077633|-55|-91|CG0077634|-39|-85|CG0077634|-39|-85|CG0077634|-39|-85|CG0077634|-39|-85
144|7|6|1200|17|CG0077662|-57|-87|CG0077662|-57|-87|CG0077662|-57|-87|CG0077663|-60|-88|CG0077663|-60|-88|CG0077663|-60|-88|CG0077664|-44|-87|CG0077664|-44|-87|CG0077665|-45|-90|CG0077665|-45|-90|CG0077665|-45|-90|CG0077665|-45|-90|CG0077665|-45|-90|CG0077665|-45|-90|CG0077665|-45|-90|CG0077665|-45|-90|CG0077665|-45|-90
144|7|7|2000|17|CG0078535|-32|-86|CG0078535|-32|-86|CG0078536|-36|-88|CG0078536|-36|-88|CG0078537|-38|-94|CG0078537|-38|-94|CG0078537|-38|-94|CG0078537|-38|-94|CG0078538|-53|-86|CG0078539|-59|-85|CG0078540|-79|-60|CG0078540|-79|-60|CG0078540|-79|-60|CG0078541|-65|-76|CG0078541|-65|-76|CG0078542|-32|-87|CG0078542|-32|-87
144|7|8|1000|2|CG0077657|-63|-70|CG0077658|-35|-92
144|7|9|1000|1|CG0077659|-55|-59
144|7|10|1500|20|CG0077651|-51|-84|CG0077651|-51|-84|CG0077651|-51|-84|CG0077652|-54|-75|CG0077652|-54|-75|CG0077652|-54|-75|CG0077653|-58|-64|CG0077653|-58|-64|CG0077653|-58|-64|CG0077653|-58|-64|CG0077653|-58|-64|CG0077653|-58|-64|CG0077654|-63|-63|CG0077654|-63|-63|CG0077655|-82|-49|CG0077655|-82|-49|CG0077655|-82|-49|CG0077656|-96|-23|CG0077656|-96|-23|CG0077656|-96|-23
