164|0|0|1500|4|CG0085376|-21|-88|CG0085377|-21|-88|CG0085378|-21|-88|CG0085377|-21|-88
164|0|1|1000|6|CG0085390|-31|-88|CG0085391|-27|-89|CG0085392|-32|-85|CG0085393|-30|-88|CG0085394|-33|-89|CG0085395|-36|-85
164|0|2|400|1|CG0188372|-32|-70
164|0|3|600|6|CG0085338|-34|-83|CG0085339|-31|-88|CG0085340|-35|-85|CG0085341|-31|-81|CG0085342|-38|-88|CG0085343|-33|-87
164|0|4|100|1|CG0196344|-27|-55
164|0|5|1200|40|CG0085330|-33|-86|CG0085330|-33|-86|CG0085330|-33|-86|CG0085330|-33|-86|CG0085331|-33|-84|CG0085331|-33|-84|CG0085331|-33|-84|CG0085331|-33|-84|CG0085332|-28|-79|CG0085332|-28|-79|CG0085332|-28|-79|CG0085332|-28|-79|CG0085332|-28|-79|CG0085332|-28|-79|CG0085332|-28|-79|CG0085332|-28|-79|CG0085333|-35|-84|CG0085333|-35|-84|CG0085333|-35|-84|CG0085333|-35|-84|CG0085334|-46|-85|CG0085334|-46|-85|CG0085334|-46|-85|CG0085334|-46|-85|CG0085335|-52|-84|CG0085335|-52|-84|CG0085335|-52|-84|CG0085335|-52|-84|CG0085335|-52|-84|CG0085335|-52|-84|CG0085335|-52|-84|CG0085335|-52|-84|CG0085336|-30|-85|CG0085336|-30|-85|CG0085336|-30|-85|CG0085336|-30|-85|CG0085337|-37|-86|CG0085337|-37|-86|CG0085337|-37|-86|CG0085337|-37|-86
164|0|6|1200|17|CG0085365|-28|-88|CG0085365|-28|-88|CG0085365|-28|-88|CG0085366|-42|-88|CG0085366|-42|-88|CG0085366|-42|-88|CG0085367|-38|-88|CG0085367|-38|-88|CG0085368|-24|-88|CG0085368|-24|-88|CG0085368|-24|-88|CG0085368|-24|-88|CG0085368|-24|-88|CG0085368|-24|-88|CG0085368|-24|-88|CG0085368|-24|-88|CG0085368|-24|-88
164|0|7|2000|17|CG0085379|-31|-87|CG0085379|-31|-87|CG0085380|-26|-86|CG0085380|-26|-86|CG0085381|-15|-93|CG0085381|-15|-93|CG0085381|-15|-93|CG0085381|-15|-93|CG0085382|-30|-84|CG0085383|-45|-98|CG0085384|-67|-83|CG0085384|-67|-83|CG0085384|-67|-83|CG0085385|-50|-91|CG0085385|-50|-91|CG0085386|-32|-89|CG0085386|-32|-89
164|0|8|1000|2|CG0085356|-36|-77|CG0085357|-34|-74
164|0|9|1000|1|CG0085362|-33|-66
164|0|10|1500|20|CG0085350|-29|-87|CG0085350|-29|-87|CG0085350|-29|-87|CG0085351|-33|-78|CG0085351|-33|-78|CG0085351|-33|-78|CG0085352|-39|-67|CG0085352|-39|-67|CG0085352|-39|-67|CG0085352|-39|-67|CG0085352|-39|-67|CG0085352|-39|-67|CG0085353|-44|-71|CG0085353|-44|-71|CG0085354|-55|-65|CG0085354|-55|-65|CG0085354|-55|-65|CG0085355|-66|-44|CG0085355|-66|-44|CG0085355|-66|-44
164|1|0|1500|4|CG0085444|-26|-89|CG0085445|-26|-89|CG0085446|-27|-89|CG0085445|-26|-89
164|1|1|1000|6|CG0085458|-30|-88|CG0085459|-30|-90|CG0085460|-31|-86|CG0085461|-30|-88|CG0085462|-28|-90|CG0085463|-28|-86
164|1|2|400|1|CG0188417|-17|-71
164|1|3|600|6|CG0085406|-29|-84|CG0085407|-35|-90|CG0085408|-33|-87|CG0085409|-33|-83|CG0085410|-27|-90|CG0085411|-23|-87
164|1|4|100|1|CG0196384|-26|-58
164|1|5|1200|40|CG0085398|-23|-86|CG0085398|-23|-86|CG0085398|-23|-86|CG0085398|-23|-86|CG0085399|-19|-85|CG0085399|-19|-85|CG0085399|-19|-85|CG0085399|-19|-85|CG0085400|-18|-79|CG0085400|-18|-79|CG0085400|-18|-79|CG0085400|-18|-79|CG0085400|-18|-79|CG0085400|-18|-79|CG0085400|-18|-79|CG0085400|-18|-79|CG0085401|-18|-84|CG0085401|-18|-84|CG0085401|-18|-84|CG0085401|-18|-84|CG0085402|-21|-88|CG0085402|-21|-88|CG0085402|-21|-88|CG0085402|-21|-88|CG0085403|-18|-89|CG0085403|-18|-89|CG0085403|-18|-89|CG0085403|-18|-89|CG0085403|-18|-89|CG0085403|-18|-89|CG0085403|-18|-89|CG0085403|-18|-89|CG0085404|-23|-88|CG0085404|-23|-88|CG0085404|-23|-88|CG0085404|-23|-88|CG0085405|-28|-87|CG0085405|-28|-87|CG0085405|-28|-87|CG0085405|-28|-87
164|1|6|1200|17|CG0085433|-26|-89|CG0085433|-26|-89|CG0085433|-26|-89|CG0085434|-39|-88|CG0085434|-39|-88|CG0085434|-39|-88|CG0085435|-30|-89|CG0085435|-30|-89|CG0085436|-23|-89|CG0085436|-23|-89|CG0085436|-23|-89|CG0085436|-23|-89|CG0085436|-23|-89|CG0085436|-23|-89|CG0085436|-23|-89|CG0085436|-23|-89|CG0085436|-23|-89
164|1|7|2000|17|CG0085447|-20|-87|CG0085447|-20|-87|CG0085448|-15|-78|CG0085448|-15|-78|CG0085449|-7|-89|CG0085449|-7|-89|CG0085449|-7|-89|CG0085449|-7|-89|CG0085450|-7|-83|CG0085451|-37|-99|CG0085452|-37|-94|CG0085452|-37|-94|CG0085452|-37|-94|CG0085453|-37|-96|CG0085453|-37|-96|CG0085454|-23|-88|CG0085454|-23|-88
164|1|8|1000|2|CG0085424|-24|-79|CG0085425|-21|-80
164|1|9|1000|1|CG0085430|-32|-68
164|1|10|1500|20|CG0085418|-22|-88|CG0085418|-22|-88|CG0085418|-22|-88|CG0085419|-24|-79|CG0085419|-24|-79|CG0085419|-24|-79|CG0085420|-25|-68|CG0085420|-25|-68|CG0085420|-25|-68|CG0085420|-25|-68|CG0085420|-25|-68|CG0085420|-25|-68|CG0085421|-28|-75|CG0085421|-28|-75|CG0085422|-21|-71|CG0085422|-21|-71|CG0085422|-21|-71|CG0085423|-26|-53|CG0085423|-26|-53|CG0085423|-26|-53
164|2|0|1500|4|CG0085512|-25|-88|CG0085513|-24|-88|CG0085514|-23|-88|CG0085513|-24|-88
164|2|1|1000|6|CG0085526|-21|-88|CG0085527|-23|-89|CG0085528|-25|-85|CG0085529|-21|-88|CG0085530|-19|-89|CG0085531|-27|-85
164|2|2|400|1|CG0188462|-33|-62
164|2|3|600|6|CG0085474|-26|-81|CG0085475|-24|-88|CG0085476|-33|-86|CG0085477|-22|-83|CG0085478|-25|-88|CG0085479|-36|-84
164|2|4|100|1|CG0196424|-14|-57
164|2|5|1200|40|CG0085466|-14|-86|CG0085466|-14|-86|CG0085466|-14|-86|CG0085466|-14|-86|CG0085467|-13|-83|CG0085467|-13|-83|CG0085467|-13|-83|CG0085467|-13|-83|CG0085468|-16|-78|CG0085468|-16|-78|CG0085468|-16|-78|CG0085468|-16|-78|CG0085468|-16|-78|CG0085468|-16|-78|CG0085468|-16|-78|CG0085468|-16|-78|CG0085469|-13|-83|CG0085469|-13|-83|CG0085469|-13|-83|CG0085469|-13|-83|CG0085470|-8|-84|CG0085470|-8|-84|CG0085470|-8|-84|CG0085470|-8|-84|CG0085471|-9|-84|CG0085471|-9|-84|CG0085471|-9|-84|CG0085471|-9|-84|CG0085471|-9|-84|CG0085471|-9|-84|CG0085471|-9|-84|CG0085471|-9|-84|CG0085472|-12|-85|CG0085472|-12|-85|CG0085472|-12|-85|CG0085472|-12|-85|CG0085473|-17|-86|CG0085473|-17|-86|CG0085473|-17|-86|CG0085473|-17|-86
164|2|6|1200|17|CG0085501|-18|-88|CG0085501|-18|-88|CG0085501|-18|-88|CG0085502|-19|-88|CG0085502|-19|-88|CG0085502|-19|-88|CG0085503|-20|-88|CG0085503|-20|-88|CG0085504|-15|-88|CG0085504|-15|-88|CG0085504|-15|-88|CG0085504|-15|-88|CG0085504|-15|-88|CG0085504|-15|-88|CG0085504|-15|-88|CG0085504|-15|-88|CG0085504|-15|-88
164|2|7|2000|17|CG0085515|-12|-86|CG0085515|-12|-86|CG0085516|-18|-77|CG0085516|-18|-77|CG0085517|-21|-83|CG0085517|-21|-83|CG0085517|-21|-83|CG0085517|-21|-83|CG0085518|-9|-74|CG0085519|-14|-88|CG0085520|-15|-90|CG0085520|-15|-90|CG0085520|-15|-90|CG0085521|-11|-92|CG0085521|-11|-92|CG0085522|-9|-84|CG0085522|-9|-84
164|2|8|1000|2|CG0085492|-22|-77|CG0085493|-33|-83
164|2|9|1000|1|CG0085498|-21|-66
164|2|10|1500|20|CG0085486|-14|-87|CG0085486|-14|-87|CG0085486|-14|-87|CG0085487|-13|-78|CG0085487|-13|-78|CG0085487|-13|-78|CG0085488|-18|-67|CG0085488|-18|-67|CG0085488|-18|-67|CG0085488|-18|-67|CG0085488|-18|-67|CG0085488|-18|-67|CG0085489|-31|-71|CG0085489|-31|-71|CG0085490|-29|-69|CG0085490|-29|-69|CG0085490|-29|-69|CG0085491|-32|-44|CG0085491|-32|-44|CG0085491|-32|-44
164|3|0|1500|4|CG0085580|-13|-87|CG0085581|-13|-87|CG0085582|-13|-87|CG0085581|-13|-87
164|3|1|1000|6|CG0085594|-18|-86|CG0085595|-18|-88|CG0085596|-29|-84|CG0085597|-17|-86|CG0085598|-17|-88|CG0085599|-28|-84
164|3|2|400|1|CG0188507|-36|-53
164|3|3|600|6|CG0085542|-19|-78|CG0085543|-25|-85|CG0085544|-33|-84|CG0085545|-20|-80|CG0085546|-24|-85|CG0085547|-33|-80
164|3|4|100|1|CG0196464|-10|-51
164|3|5|1200|40|CG0085534|-13|-85|CG0085534|-13|-85|CG0085534|-13|-85|CG0085534|-13|-85|CG0085535|-22|-81|CG0085535|-22|-81|CG0085535|-22|-81|CG0085535|-22|-81|CG0085536|-26|-77|CG0085536|-26|-77|CG0085536|-26|-77|CG0085536|-26|-77|CG0085536|-26|-77|CG0085536|-26|-77|CG0085536|-26|-77|CG0085536|-26|-77|CG0085537|-20|-80|CG0085537|-20|-80|CG0085537|-20|-80|CG0085537|-20|-80|CG0085538|3|-73|CG0085538|3|-73|CG0085538|3|-73|CG0085538|3|-73|CG0085539|1|-73|CG0085539|1|-73|CG0085539|1|-73|CG0085539|1|-73|CG0085539|1|-73|CG0085539|1|-73|CG0085539|1|-73|CG0085539|1|-73|CG0085540|-4|-79|CG0085540|-4|-79|CG0085540|-4|-79|CG0085540|-4|-79|CG0085541|-6|-82|CG0085541|-6|-82|CG0085541|-6|-82|CG0085541|-6|-82
164|3|6|1200|17|CG0085569|-13|-87|CG0085569|-13|-87|CG0085569|-13|-87|CG0085570|-17|-88|CG0085570|-17|-88|CG0085570|-17|-88|CG0085571|-13|-87|CG0085571|-13|-87|CG0085572|-10|-86|CG0085572|-10|-86|CG0085572|-10|-86|CG0085572|-10|-86|CG0085572|-10|-86|CG0085572|-10|-86|CG0085572|-10|-86|CG0085572|-10|-86|CG0085572|-10|-86
164|3|7|2000|17|CG0085583|-22|-85|CG0085583|-22|-85|CG0085584|-35|-80|CG0085584|-35|-80|CG0085585|-38|-80|CG0085585|-38|-80|CG0085585|-38|-80|CG0085585|-38|-80|CG0085586|-42|-71|CG0085587|-14|-79|CG0085588|-8|-73|CG0085588|-8|-73|CG0085588|-8|-73|CG0085589|-9|-78|CG0085589|-9|-78|CG0085590|-16|-80|CG0085590|-16|-80
164|3|8|1000|2|CG0085560|-24|-69|CG0085561|-43|-82
164|3|9|1000|1|CG0085566|-17|-59
164|3|10|1500|20|CG0085554|-11|-85|CG0085554|-11|-85|CG0085554|-11|-85|CG0085555|-16|-75|CG0085555|-16|-75|CG0085555|-16|-75|CG0085556|-30|-64|CG0085556|-30|-64|CG0085556|-30|-64|CG0085556|-30|-64|CG0085556|-30|-64|CG0085556|-30|-64|CG0085557|-31|-63|CG0085557|-31|-63|CG0085558|-30|-50|CG0085558|-30|-50|CG0085558|-30|-50|CG0085559|-27|-24|CG0085559|-27|-24|CG0085559|-27|-24
164|4|0|1500|4|CG0085648|-19|-86|CG0085649|-20|-86|CG0085650|-20|-86|CG0085649|-20|-86
164|4|1|1000|6|CG0085662|-21|-85|CG0085663|-20|-87|CG0085664|-28|-83|CG0085665|-20|-85|CG0085666|-24|-87|CG0085667|-26|-83
164|4|2|400|1|CG0188552|-25|-51
164|4|3|600|6|CG0085610|-24|-74|CG0085611|-26|-82|CG0085612|-34|-80|CG0085613|-25|-76|CG0085614|-25|-82|CG0085615|-36|-77
164|4|4|100|1|CG0196504|-21|-46
164|4|5|1200|40|CG0085602|-18|-83|CG0085602|-18|-83|CG0085602|-18|-83|CG0085602|-18|-83|CG0085603|-25|-79|CG0085603|-25|-79|CG0085603|-25|-79|CG0085603|-25|-79|CG0085604|-29|-76|CG0085604|-29|-76|CG0085604|-29|-76|CG0085604|-29|-76|CG0085604|-29|-76|CG0085604|-29|-76|CG0085604|-29|-76|CG0085604|-29|-76|CG0085605|-25|-78|CG0085605|-25|-78|CG0085605|-25|-78|CG0085605|-25|-78|CG0085606|-4|-63|CG0085606|-4|-63|CG0085606|-4|-63|CG0085606|-4|-63|CG0085607|2|-62|CG0085607|2|-62|CG0085607|2|-62|CG0085607|2|-62|CG0085607|2|-62|CG0085607|2|-62|CG0085607|2|-62|CG0085607|2|-62|CG0085608|-2|-72|CG0085608|-2|-72|CG0085608|-2|-72|CG0085608|-2|-72|CG0085609|-12|-79|CG0085609|-12|-79|CG0085609|-12|-79|CG0085609|-12|-79
164|4|6|1200|17|CG0085637|-18|-86|CG0085637|-18|-86|CG0085637|-18|-86|CG0085638|-20|-87|CG0085638|-20|-87|CG0085638|-20|-87|CG0085639|-20|-86|CG0085639|-20|-86|CG0085640|-15|-84|CG0085640|-15|-84|CG0085640|-15|-84|CG0085640|-15|-84|CG0085640|-15|-84|CG0085640|-15|-84|CG0085640|-15|-84|CG0085640|-15|-84|CG0085640|-15|-84
164|4|7|2000|17|CG0085651|-24|-84|CG0085651|-24|-84|CG0085652|-33|-86|CG0085652|-33|-86|CG0085653|-43|-81|CG0085653|-43|-81|CG0085653|-43|-81|CG0085653|-43|-81|CG0085654|-56|-77|CG0085655|-19|-68|CG0085656|-15|-52|CG0085656|-15|-52|CG0085656|-15|-52|CG0085657|-14|-60|CG0085657|-14|-60|CG0085658|-22|-77|CG0085658|-22|-77
164|4|8|1000|2|CG0085628|-21|-60|CG0085629|-52|-90
164|4|9|1000|1|CG0085634|-20|-51
164|4|10|1500|20|CG0085622|-16|-81|CG0085622|-16|-81|CG0085622|-16|-81|CG0085623|-20|-71|CG0085623|-20|-71|CG0085623|-20|-71|CG0085624|-31|-60|CG0085624|-31|-60|CG0085624|-31|-60|CG0085624|-31|-60|CG0085624|-31|-60|CG0085624|-31|-60|CG0085625|-32|-55|CG0085625|-32|-55|CG0085626|-30|-31|CG0085626|-30|-31|CG0085626|-30|-31|CG0085627|-30|-27|CG0085627|-30|-27|CG0085627|-30|-27
164|5|0|1500|4|CG0085716|-23|-85|CG0085717|-24|-85|CG0085718|-24|-85|CG0085717|-24|-85
164|5|1|1000|6|CG0085730|-31|-84|CG0085731|-32|-86|CG0085732|-29|-82|CG0085733|-30|-84|CG0085734|-31|-86|CG0085735|-31|-82
164|5|2|400|1|CG0188597|-19|-60
164|5|3|600|6|CG0085678|-35|-74|CG0085679|-28|-80|CG0085680|-24|-77|CG0085681|-31|-74|CG0085682|-35|-80|CG0085683|-35|-77
164|5|4|100|1|CG0196544|-24|-45
164|5|5|1200|40|CG0085670|-29|-83|CG0085670|-29|-83|CG0085670|-29|-83|CG0085670|-29|-83|CG0085671|-28|-78|CG0085671|-28|-78|CG0085671|-28|-78|CG0085671|-28|-78|CG0085672|-23|-76|CG0085672|-23|-76|CG0085672|-23|-76|CG0085672|-23|-76|CG0085672|-23|-76|CG0085672|-23|-76|CG0085672|-23|-76|CG0085672|-23|-76|CG0085673|-26|-78|CG0085673|-26|-78|CG0085673|-26|-78|CG0085673|-26|-78|CG0085674|-31|-60|CG0085674|-31|-60|CG0085674|-31|-60|CG0085674|-31|-60|CG0085675|-17|-57|CG0085675|-17|-57|CG0085675|-17|-57|CG0085675|-17|-57|CG0085675|-17|-57|CG0085675|-17|-57|CG0085675|-17|-57|CG0085675|-17|-57|CG0085676|-25|-69|CG0085676|-25|-69|CG0085676|-25|-69|CG0085676|-25|-69|CG0085677|-28|-77|CG0085677|-28|-77|CG0085677|-28|-77|CG0085677|-28|-77
164|5|6|1200|17|CG0085705|-25|-85|CG0085705|-25|-85|CG0085705|-25|-85|CG0085706|-37|-85|CG0085706|-37|-85|CG0085706|-37|-85|CG0085707|-29|-85|CG0085707|-29|-85|CG0085708|-22|-84|CG0085708|-22|-84|CG0085708|-22|-84|CG0085708|-22|-84|CG0085708|-22|-84|CG0085708|-22|-84|CG0085708|-22|-84|CG0085708|-22|-84|CG0085708|-22|-84
164|5|7|2000|17|CG0085719|-24|-84|CG0085719|-24|-84|CG0085720|-29|-90|CG0085720|-29|-90|CG0085721|-35|-87|CG0085721|-35|-87|CG0085721|-35|-87|CG0085721|-35|-87|CG0085722|-39|-82|CG0085723|-29|-61|CG0085724|-17|-40|CG0085724|-17|-40|CG0085724|-17|-40|CG0085725|-18|-52|CG0085725|-18|-52|CG0085726|-27|-78|CG0085726|-27|-78
164|5|8|1000|2|CG0085696|-24|-56|CG0085697|-42|-95
164|5|9|1000|1|CG0085702|-28|-47
164|5|10|1500|20|CG0085690|-24|-80|CG0085690|-24|-80|CG0085690|-24|-80|CG0085691|-22|-69|CG0085691|-22|-69|CG0085691|-22|-69|CG0085692|-25|-58|CG0085692|-25|-58|CG0085692|-25|-58|CG0085692|-25|-58|CG0085692|-25|-58|CG0085692|-25|-58|CG0085693|-21|-52|CG0085693|-21|-52|CG0085694|-24|-26|CG0085694|-24|-26|CG0085694|-24|-26|CG0085695|-34|-26|CG0085695|-34|-26|CG0085695|-34|-26
164|6|0|1500|4|CG0085784|-24|-86|CG0085785|-23|-86|CG0085786|-22|-86|CG0085785|-23|-86
164|6|1|1000|6|CG0085798|-30|-85|CG0085799|-35|-87|CG0085800|-36|-83|CG0085801|-32|-85|CG0085802|-25|-87|CG0085803|-32|-83
164|6|2|400|1|CG0188642|-38|-63
164|6|3|600|6|CG0085746|-30|-77|CG0085747|-34|-82|CG0085748|-32|-78|CG0085749|-36|-74|CG0085750|-29|-82|CG0085751|-37|-80
164|6|4|100|1|CG0196584|-20|-48
164|6|5|1200|40|CG0085738|-32|-84|CG0085738|-32|-84|CG0085738|-32|-84|CG0085738|-32|-84|CG0085739|-22|-79|CG0085739|-22|-79|CG0085739|-22|-79|CG0085739|-22|-79|CG0085740|-27|-77|CG0085740|-27|-77|CG0085740|-27|-77|CG0085740|-27|-77|CG0085740|-27|-77|CG0085740|-27|-77|CG0085740|-27|-77|CG0085740|-27|-77|CG0085741|-24|-80|CG0085741|-24|-80|CG0085741|-24|-80|CG0085741|-24|-80|CG0085742|-52|-65|CG0085742|-52|-65|CG0085742|-52|-65|CG0085742|-52|-65|CG0085743|-58|-62|CG0085743|-58|-62|CG0085743|-58|-62|CG0085743|-58|-62|CG0085743|-58|-62|CG0085743|-58|-62|CG0085743|-58|-62|CG0085743|-58|-62|CG0085744|-46|-72|CG0085744|-46|-72|CG0085744|-46|-72|CG0085744|-46|-72|CG0085745|-39|-79|CG0085745|-39|-79|CG0085745|-39|-79|CG0085745|-39|-79
164|6|6|1200|17|CG0085773|-25|-86|CG0085773|-25|-86|CG0085773|-25|-86|CG0085774|-39|-86|CG0085774|-39|-86|CG0085774|-39|-86|CG0085775|-36|-86|CG0085775|-36|-86|CG0085776|-23|-84|CG0085776|-23|-84|CG0085776|-23|-84|CG0085776|-23|-84|CG0085776|-23|-84|CG0085776|-23|-84|CG0085776|-23|-84|CG0085776|-23|-84|CG0085776|-23|-84
164|6|7|2000|17|CG0085787|-17|-85|CG0085787|-17|-85|CG0085788|-41|-91|CG0085788|-41|-91|CG0085789|-45|-92|CG0085789|-45|-92|CG0085789|-45|-92|CG0085789|-45|-92|CG0085790|-52|-86|CG0085791|-59|-64|CG0085792|-53|-40|CG0085792|-53|-40|CG0085792|-53|-40|CG0085793|-50|-59|CG0085793|-50|-59|CG0085794|-29|-82|CG0085794|-29|-82
164|6|8|1000|2|CG0085764|-33|-60|CG0085765|-21|-94
164|6|9|1000|1|CG0085770|-33|-51
164|6|10|1500|20|CG0085758|-34|-81|CG0085758|-34|-81|CG0085758|-34|-81|CG0085759|-30|-71|CG0085759|-30|-71|CG0085759|-30|-71|CG0085760|-36|-60|CG0085760|-36|-60|CG0085760|-36|-60|CG0085760|-36|-60|CG0085760|-36|-60|CG0085760|-36|-60|CG0085761|-43|-55|CG0085761|-43|-55|CG0085762|-56|-34|CG0085762|-56|-34|CG0085762|-56|-34|CG0085763|-73|-25|CG0085763|-73|-25|CG0085763|-73|-25
164|7|0|1500|4|CG0085852|-16|-87|CG0085853|-16|-87|CG0085854|-16|-87|CG0085853|-16|-87
164|7|1|1000|6|CG0085866|-17|-86|CG0085867|-22|-88|CG0085868|-30|-84|CG0085869|-20|-86|CG0085870|-23|-88|CG0085871|-30|-84
164|7|2|400|1|CG0188687|-44|-60
164|7|3|600|6|CG0085814|-25|-80|CG0085815|-25|-85|CG0085816|-35|-80|CG0085817|-25|-77|CG0085818|-29|-85|CG0085819|-36|-84
164|7|4|100|1|CG0196624|-25|-51
164|7|5|1200|40|CG0085806|-28|-85|CG0085806|-28|-85|CG0085806|-28|-85|CG0085806|-28|-85|CG0085807|-35|-82|CG0085807|-35|-82|CG0085807|-35|-82|CG0085807|-35|-82|CG0085808|-37|-78|CG0085808|-37|-78|CG0085808|-37|-78|CG0085808|-37|-78|CG0085808|-37|-78|CG0085808|-37|-78|CG0085808|-37|-78|CG0085808|-37|-78|CG0085809|-40|-82|CG0085809|-40|-82|CG0085809|-40|-82|CG0085809|-40|-82|CG0085810|-58|-75|CG0085810|-58|-75|CG0085810|-58|-75|CG0085810|-58|-75|CG0085811|-76|-73|CG0085811|-76|-73|CG0085811|-76|-73|CG0085811|-76|-73|CG0085811|-76|-73|CG0085811|-76|-73|CG0085811|-76|-73|CG0085811|-76|-73|CG0085812|-46|-79|CG0085812|-46|-79|CG0085812|-46|-79|CG0085812|-46|-79|CG0085813|-31|-83|CG0085813|-31|-83|CG0085813|-31|-83|CG0085813|-31|-83
164|7|6|1200|17|CG0085841|-20|-87|CG0085841|-20|-87|CG0085841|-20|-87|CG0085842|-24|-88|CG0085842|-24|-88|CG0085842|-24|-88|CG0085843|-27|-87|CG0085843|-27|-87|CG0085844|-20|-86|CG0085844|-20|-86|CG0085844|-20|-86|CG0085844|-20|-86|CG0085844|-20|-86|CG0085844|-20|-86|CG0085844|-20|-86|CG0085844|-20|-86|CG0085844|-20|-86
164|7|7|2000|17|CG0085855|-32|-86|CG0085855|-32|-86|CG0085856|-36|-88|CG0085856|-36|-88|CG0085857|-38|-94|CG0085857|-38|-94|CG0085857|-38|-94|CG0085857|-38|-94|CG0085858|-53|-86|CG0085859|-59|-85|CG0085860|-79|-60|CG0085860|-79|-60|CG0085860|-79|-60|CG0085861|-65|-76|CG0085861|-65|-76|CG0085862|-32|-87|CG0085862|-32|-87
164|7|8|1000|2|CG0085832|-35|-70|CG0085833|-35|-85
164|7|9|1000|1|CG0085838|-34|-59
164|7|10|1500|20|CG0085826|-27|-84|CG0085826|-27|-84|CG0085826|-27|-84|CG0085827|-30|-75|CG0085827|-30|-75|CG0085827|-30|-75|CG0085828|-35|-64|CG0085828|-35|-64|CG0085828|-35|-64|CG0085828|-35|-64|CG0085828|-35|-64|CG0085828|-35|-64|CG0085829|-45|-63|CG0085829|-45|-63|CG0085830|-64|-49|CG0085830|-64|-49|CG0085830|-64|-49|CG0085831|-73|-22|CG0085831|-73|-22|CG0085831|-73|-22
