154|0|0|1500|4|CG0081408|-21|-88|CG0081409|-21|-88|CG0081410|-21|-88|CG0081409|-21|-88
154|0|1|1000|6|CG0081413|-31|-88|CG0081414|-27|-89|CG0081415|-32|-85|CG0081416|-30|-88|CG0081417|-33|-89|CG0081418|-36|-85
154|0|2|400|1|CG0188372|-32|-70
154|0|3|600|6|CG0081382|-34|-83|CG0081383|-31|-88|CG0081384|-35|-85|CG0081385|-31|-81|CG0081386|-38|-88|CG0081387|-33|-87
154|0|4|100|1|CG0196344|-27|-55
154|0|5|1600|50|CG0081370|-28|-88|CG0081370|-28|-88|CG0081370|-28|-88|CG0081370|-28|-88|CG0081374|-23|-86|CG0081374|-23|-86|CG0081374|-23|-86|CG0081374|-23|-86|CG0081375|-23|-85|CG0081375|-23|-85|CG0081375|-23|-85|CG0081375|-23|-85|CG0081375|-23|-85|CG0081375|-23|-85|CG0081376|-45|-98|CG0081376|-45|-98|CG0081377|-56|-116|CG0081377|-56|-116|CG0081378|-79|-89|CG0081378|-79|-89|CG0081378|-79|-89|CG0081378|-79|-89|CG0081378|-79|-89|CG0081378|-79|-89|CG0081379|-90|-92|CG0081379|-90|-92|CG0081379|-90|-92|CG0081379|-90|-92|CG0081380|-43|-91|CG0081380|-43|-91|CG0081380|-43|-91|CG0081380|-43|-91|CG0081380|-43|-91|CG0081380|-43|-91|CG0081381|-71|-90|CG0081381|-71|-90|CG0081371|-61|-121|CG0081371|-61|-121|CG0081371|-61|-121|CG0081371|-61|-121|CG0081371|-61|-121|CG0081371|-61|-121|CG0081372|-49|-93|CG0081372|-49|-93|CG0081372|-49|-93|CG0081372|-49|-93|CG0081373|-35|-89|CG0081373|-35|-89|CG0081373|-35|-89|CG0081373|-35|-89
154|0|6|1200|17|CG0081401|-28|-88|CG0081401|-28|-88|CG0081401|-28|-88|CG0081402|-42|-88|CG0081402|-42|-88|CG0081402|-42|-88|CG0081403|-38|-88|CG0081403|-38|-88|CG0081404|-24|-90|CG0081404|-24|-90|CG0081404|-24|-90|CG0081404|-24|-90|CG0081404|-24|-90|CG0081404|-24|-90|CG0081404|-24|-90|CG0081404|-24|-90|CG0081404|-24|-90
154|0|7|2000|17|CG0080499|-31|-87|CG0080499|-31|-87|CG0080500|-26|-86|CG0080500|-26|-86|CG0080501|-15|-93|CG0080501|-15|-93|CG0080501|-15|-93|CG0080501|-15|-93|CG0080502|-30|-84|CG0080503|-45|-98|CG0080504|-67|-83|CG0080504|-67|-83|CG0080504|-67|-83|CG0080505|-50|-91|CG0080505|-50|-91|CG0080506|-32|-89|CG0080506|-32|-89
154|0|8|1000|2|CG0081396|-36|-77|CG0081397|-34|-74
154|0|9|1000|1|CG0081398|-38|-66
154|0|10|1500|20|CG0081390|-29|-87|CG0081390|-29|-87|CG0081390|-29|-87|CG0081391|-33|-78|CG0081391|-33|-78|CG0081391|-33|-78|CG0081392|-39|-67|CG0081392|-39|-67|CG0081392|-39|-67|CG0081392|-39|-67|CG0081392|-39|-67|CG0081392|-39|-67|CG0081393|-46|-71|CG0081393|-46|-71|CG0081394|-55|-65|CG0081394|-55|-65|CG0081394|-55|-65|CG0081395|-66|-44|CG0081395|-66|-44|CG0081395|-66|-44
154|1|0|1500|4|CG0081459|-26|-89|CG0081460|-26|-89|CG0081461|-27|-89|CG0081460|-26|-89
154|1|1|1000|6|CG0081464|-30|-88|CG0081465|-30|-90|CG0081466|-31|-86|CG0081467|-30|-88|CG0081468|-28|-90|CG0081469|-28|-86
154|1|2|400|1|CG0188417|-17|-71
154|1|3|600|6|CG0081433|-29|-84|CG0081434|-35|-90|CG0081435|-33|-87|CG0081436|-33|-83|CG0081437|-27|-90|CG0081438|-23|-87
154|1|4|100|1|CG0196384|-26|-58
154|1|5|1600|50|CG0081421|-18|-88|CG0081421|-18|-88|CG0081421|-18|-88|CG0081421|-18|-88|CG0081425|-12|-85|CG0081425|-12|-85|CG0081425|-12|-85|CG0081425|-12|-85|CG0081426|-16|-83|CG0081426|-16|-83|CG0081426|-16|-83|CG0081426|-16|-83|CG0081426|-16|-83|CG0081426|-16|-83|CG0081427|-20|-92|CG0081427|-20|-92|CG0081428|-26|-120|CG0081428|-26|-120|CG0081429|-23|-94|CG0081429|-23|-94|CG0081429|-23|-94|CG0081429|-23|-94|CG0081429|-23|-94|CG0081429|-23|-94|CG0081430|-50|-96|CG0081430|-50|-96|CG0081430|-50|-96|CG0081430|-50|-96|CG0081431|-38|-94|CG0081431|-38|-94|CG0081431|-38|-94|CG0081431|-38|-94|CG0081431|-38|-94|CG0081431|-38|-94|CG0081432|-25|-93|CG0081432|-25|-93|CG0081422|-13|-105|CG0081422|-13|-105|CG0081422|-13|-105|CG0081422|-13|-105|CG0081422|-13|-105|CG0081422|-13|-105|CG0081423|-19|-92|CG0081423|-19|-92|CG0081423|-19|-92|CG0081423|-19|-92|CG0081424|-19|-89|CG0081424|-19|-89|CG0081424|-19|-89|CG0081424|-19|-89
154|1|6|1200|17|CG0081452|-26|-89|CG0081452|-26|-89|CG0081452|-26|-89|CG0081453|-39|-88|CG0081453|-39|-88|CG0081453|-39|-88|CG0081454|-30|-89|CG0081454|-30|-89|CG0081455|-23|-93|CG0081455|-23|-93|CG0081455|-23|-93|CG0081455|-23|-93|CG0081455|-23|-93|CG0081455|-23|-93|CG0081455|-23|-93|CG0081455|-23|-93|CG0081455|-23|-93
154|1|7|2000|17|CG0080567|-20|-87|CG0080567|-20|-87|CG0080568|-15|-78|CG0080568|-15|-78|CG0080569|-7|-89|CG0080569|-7|-89|CG0080569|-7|-89|CG0080569|-7|-89|CG0080570|-7|-83|CG0080571|-37|-99|CG0080572|-37|-94|CG0080572|-37|-94|CG0080572|-37|-94|CG0080573|-37|-96|CG0080573|-37|-96|CG0080574|-23|-88|CG0080574|-23|-88
154|1|8|1000|2|CG0081447|-24|-79|CG0081448|-21|-80
154|1|9|1000|1|CG0081449|-32|-68
154|1|10|1500|20|CG0081441|-22|-88|CG0081441|-22|-88|CG0081441|-22|-88|CG0081442|-24|-79|CG0081442|-24|-79|CG0081442|-24|-79|CG0081443|-25|-68|CG0081443|-25|-68|CG0081443|-25|-68|CG0081443|-25|-68|CG0081443|-25|-68|CG0081443|-25|-68|CG0081444|-28|-75|CG0081444|-28|-75|CG0081445|-21|-71|CG0081445|-21|-71|CG0081445|-21|-71|CG0081446|-26|-53|CG0081446|-26|-53|CG0081446|-26|-53
154|2|0|1500|4|CG0081510|-25|-88|CG0081511|-24|-88|CG0081512|-23|-88|CG0081511|-24|-88
154|2|1|1000|6|CG0081515|-21|-88|CG0081516|-23|-89|CG0081517|-25|-85|CG0081518|-21|-88|CG0081519|-19|-89|CG0081520|-27|-85
154|2|2|400|1|CG0188462|-33|-62
154|2|3|600|6|CG0081484|-26|-81|CG0081485|-24|-88|CG0081486|-33|-86|CG0081487|-22|-83|CG0081488|-25|-88|CG0081489|-36|-84
154|2|4|100|1|CG0196424|-14|-57
154|2|5|1600|50|CG0081472|-23|-87|CG0081472|-23|-87|CG0081472|-23|-87|CG0081472|-23|-87|CG0081476|-22|-84|CG0081476|-22|-84|CG0081476|-22|-84|CG0081476|-22|-84|CG0081477|-35|-89|CG0081477|-35|-89|CG0081477|-35|-89|CG0081477|-35|-89|CG0081477|-35|-89|CG0081477|-35|-89|CG0081478|-14|-90|CG0081478|-14|-90|CG0081479|1|-101|CG0081479|1|-101|CG0081480|-4|-84|CG0081480|-4|-84|CG0081480|-4|-84|CG0081480|-4|-84|CG0081480|-4|-84|CG0081480|-4|-84|CG0081481|-6|-88|CG0081481|-6|-88|CG0081481|-6|-88|CG0081481|-6|-88|CG0081482|-25|-87|CG0081482|-25|-87|CG0081482|-25|-87|CG0081482|-25|-87|CG0081482|-25|-87|CG0081482|-25|-87|CG0081483|0|-84|CG0081483|0|-84|CG0081473|-4|-85|CG0081473|-4|-85|CG0081473|-4|-85|CG0081473|-4|-85|CG0081473|-4|-85|CG0081473|-4|-85|CG0081474|-3|-88|CG0081474|-3|-88|CG0081474|-3|-88|CG0081474|-3|-88|CG0081475|-10|-87|CG0081475|-10|-87|CG0081475|-10|-87|CG0081475|-10|-87
154|2|6|1200|17|CG0081503|-18|-88|CG0081503|-18|-88|CG0081503|-18|-88|CG0081504|-19|-88|CG0081504|-19|-88|CG0081504|-19|-88|CG0081505|-20|-88|CG0081505|-20|-88|CG0081506|-15|-89|CG0081506|-15|-89|CG0081506|-15|-89|CG0081506|-15|-89|CG0081506|-15|-89|CG0081506|-15|-89|CG0081506|-15|-89|CG0081506|-15|-89|CG0081506|-15|-89
154|2|7|2000|17|CG0080635|-12|-86|CG0080635|-12|-86|CG0080636|-18|-77|CG0080636|-18|-77|CG0080637|-21|-83|CG0080637|-21|-83|CG0080637|-21|-83|CG0080637|-21|-83|CG0080638|-9|-74|CG0080639|-14|-88|CG0080640|-15|-90|CG0080640|-15|-90|CG0080640|-15|-90|CG0080641|-11|-92|CG0080641|-11|-92|CG0080642|-9|-84|CG0080642|-9|-84
154|2|8|1000|2|CG0081498|-22|-77|CG0081499|-34|-83
154|2|9|1000|1|CG0081500|-21|-66
154|2|10|1500|20|CG0081492|-14|-87|CG0081492|-14|-87|CG0081492|-14|-87|CG0081493|-13|-78|CG0081493|-13|-78|CG0081493|-13|-78|CG0081494|-18|-67|CG0081494|-18|-67|CG0081494|-18|-67|CG0081494|-18|-67|CG0081494|-18|-67|CG0081494|-18|-67|CG0081495|-31|-71|CG0081495|-31|-71|CG0081496|-29|-69|CG0081496|-29|-69|CG0081496|-29|-69|CG0081497|-32|-44|CG0081497|-32|-44|CG0081497|-32|-44
154|3|0|1500|4|CG0081561|-13|-87|CG0081562|-13|-87|CG0081563|-13|-87|CG0081562|-13|-87
154|3|1|1000|6|CG0081566|-18|-86|CG0081567|-18|-88|CG0081568|-29|-84|CG0081569|-18|-86|CG0081570|-17|-88|CG0081571|-28|-84
154|3|2|400|1|CG0188507|-36|-53
154|3|3|600|6|CG0081535|-19|-78|CG0081536|-25|-85|CG0081537|-33|-84|CG0081538|-20|-80|CG0081539|-24|-85|CG0081540|-33|-80
154|3|4|100|1|CG0196464|-10|-51
154|3|5|1600|50|CG0081523|-35|-86|CG0081523|-35|-86|CG0081523|-35|-86|CG0081523|-35|-86|CG0081527|-48|-84|CG0081527|-48|-84|CG0081527|-48|-84|CG0081527|-48|-84|CG0081528|-40|-102|CG0081528|-40|-102|CG0081528|-40|-102|CG0081528|-40|-102|CG0081528|-40|-102|CG0081528|-40|-102|CG0081529|-45|-87|CG0081529|-45|-87|CG0081530|3|-75|CG0081530|3|-75|CG0081531|3|-67|CG0081531|3|-67|CG0081531|3|-67|CG0081531|3|-67|CG0081531|3|-67|CG0081531|3|-67|CG0081532|5|-70|CG0081532|5|-70|CG0081532|5|-70|CG0081532|5|-70|CG0081533|0|-72|CG0081533|0|-72|CG0081533|0|-72|CG0081533|0|-72|CG0081533|0|-72|CG0081533|0|-72|CG0081534|3|-67|CG0081534|3|-67|CG0081524|0|-67|CG0081524|0|-67|CG0081524|0|-67|CG0081524|0|-67|CG0081524|0|-67|CG0081524|0|-67|CG0081525|-18|-80|CG0081525|-18|-80|CG0081525|-18|-80|CG0081525|-18|-80|CG0081526|-28|-84|CG0081526|-28|-84|CG0081526|-28|-84|CG0081526|-28|-84
154|3|6|1200|17|CG0081554|-13|-87|CG0081554|-13|-87|CG0081554|-13|-87|CG0081555|-17|-88|CG0081555|-17|-88|CG0081555|-17|-88|CG0081556|-13|-87|CG0081556|-13|-87|CG0081557|-10|-86|CG0081557|-10|-86|CG0081557|-10|-86|CG0081557|-10|-86|CG0081557|-10|-86|CG0081557|-10|-86|CG0081557|-10|-86|CG0081557|-10|-86|CG0081557|-10|-86
154|3|7|2000|17|CG0080703|-22|-85|CG0080703|-22|-85|CG0080704|-35|-80|CG0080704|-35|-80|CG0080705|-38|-80|CG0080705|-38|-80|CG0080705|-38|-80|CG0080705|-38|-80|CG0080706|-42|-71|CG0080707|-14|-79|CG0080708|-8|-73|CG0080708|-8|-73|CG0080708|-8|-73|CG0080709|-9|-78|CG0080709|-9|-78|CG0080710|-16|-80|CG0080710|-16|-80
154|3|8|1000|2|CG0081549|-24|-70|CG0081550|-44|-82
154|3|9|1000|1|CG0081551|-17|-59
154|3|10|1500|20|CG0081543|-11|-85|CG0081543|-11|-85|CG0081543|-11|-85|CG0081544|-16|-75|CG0081544|-16|-75|CG0081544|-16|-75|CG0081545|-30|-64|CG0081545|-30|-64|CG0081545|-30|-64|CG0081545|-30|-64|CG0081545|-30|-64|CG0081545|-30|-64|CG0081546|-31|-63|CG0081546|-31|-63|CG0081547|-30|-50|CG0081547|-30|-50|CG0081547|-30|-50|CG0081548|-27|-24|CG0081548|-27|-24|CG0081548|-27|-24
154|4|0|1500|4|CG0081612|-17|-86|CG0081613|-18|-86|CG0081614|-19|-86|CG0081613|-18|-86
154|4|1|1000|6|CG0081617|-21|-85|CG0081618|-20|-87|CG0081619|-28|-83|CG0081620|-22|-85|CG0081621|-22|-87|CG0081622|-23|-83
154|4|2|400|1|CG0188552|-25|-51
154|4|3|600|6|CG0081586|-28|-74|CG0081587|-27|-82|CG0081588|-34|-80|CG0081589|-27|-76|CG0081590|-27|-82|CG0081591|-27|-77
154|4|4|100|1|CG0196504|-21|-46
154|4|5|1600|50|CG0081574|-30|-84|CG0081574|-30|-84|CG0081574|-30|-84|CG0081574|-30|-84|CG0081578|-46|-84|CG0081578|-46|-84|CG0081578|-46|-84|CG0081578|-46|-84|CG0081579|-50|-110|CG0081579|-50|-110|CG0081579|-50|-110|CG0081579|-50|-110|CG0081579|-50|-110|CG0081579|-50|-110|CG0081580|-51|-83|CG0081580|-51|-83|CG0081581|-1|-59|CG0081581|-1|-59|CG0081582|-2|-58|CG0081582|-2|-58|CG0081582|-2|-58|CG0081582|-2|-58|CG0081582|-2|-58|CG0081582|-2|-58|CG0081583|2|-53|CG0081583|2|-53|CG0081583|2|-53|CG0081583|2|-53|CG0081584|-1|-57|CG0081584|-1|-57|CG0081584|-1|-57|CG0081584|-1|-57|CG0081584|-1|-57|CG0081584|-1|-57|CG0081585|-1|-50|CG0081585|-1|-50|CG0081575|-30|-49|CG0081575|-30|-49|CG0081575|-30|-49|CG0081575|-30|-49|CG0081575|-30|-49|CG0081575|-30|-49|CG0081576|-40|-71|CG0081576|-40|-71|CG0081576|-40|-71|CG0081576|-40|-71|CG0081577|-39|-80|CG0081577|-39|-80|CG0081577|-39|-80|CG0081577|-39|-80
154|4|6|1200|17|CG0081605|-19|-86|CG0081605|-19|-86|CG0081605|-19|-86|CG0081606|-39|-87|CG0081606|-39|-87|CG0081606|-39|-87|CG0081607|-23|-86|CG0081607|-23|-86|CG0081608|-15|-84|CG0081608|-15|-84|CG0081608|-15|-84|CG0081608|-15|-84|CG0081608|-15|-84|CG0081608|-15|-84|CG0081608|-15|-84|CG0081608|-15|-84|CG0081608|-15|-84
154|4|7|2000|17|CG0080771|-24|-84|CG0080771|-24|-84|CG0080772|-33|-86|CG0080772|-33|-86|CG0080773|-43|-81|CG0080773|-43|-81|CG0080773|-43|-81|CG0080773|-43|-81|CG0080774|-56|-77|CG0080775|-19|-68|CG0080776|-15|-52|CG0080776|-15|-52|CG0080776|-15|-52|CG0080777|-14|-60|CG0080777|-14|-60|CG0080778|-22|-77|CG0080778|-22|-77
154|4|8|1000|2|CG0081600|-21|-60|CG0081601|-57|-90
154|4|9|1000|1|CG0081602|-20|-51
154|4|10|1500|20|CG0081594|-16|-81|CG0081594|-16|-81|CG0081594|-16|-81|CG0081595|-20|-71|CG0081595|-20|-71|CG0081595|-20|-71|CG0081596|-31|-60|CG0081596|-31|-60|CG0081596|-31|-60|CG0081596|-31|-60|CG0081596|-31|-60|CG0081596|-31|-60|CG0081597|-32|-55|CG0081597|-32|-55|CG0081598|-30|-31|CG0081598|-30|-31|CG0081598|-30|-31|CG0081599|-30|-27|CG0081599|-30|-27|CG0081599|-30|-27
154|5|0|1500|4|CG0081663|-22|-85|CG0081664|-21|-85|CG0081665|-22|-85|CG0081664|-21|-85
154|5|1|1000|6|CG0081668|-28|-84|CG0081669|-28|-86|CG0081670|-28|-82|CG0081671|-28|-84|CG0081672|-28|-86|CG0081673|-28|-82
154|5|2|400|1|CG0188597|-19|-60
154|5|3|600|6|CG0081637|-32|-74|CG0081638|-30|-80|CG0081639|-29|-77|CG0081640|-28|-74|CG0081641|-30|-80|CG0081642|-33|-77
154|5|4|100|1|CG0196544|-24|-45
154|5|5|1600|50|CG0081625|-43|-84|CG0081625|-43|-84|CG0081625|-43|-84|CG0081625|-43|-84|CG0081629|-35|-84|CG0081629|-35|-84|CG0081629|-35|-84|CG0081629|-35|-84|CG0081630|-33|-111|CG0081630|-33|-111|CG0081630|-33|-111|CG0081630|-33|-111|CG0081630|-33|-111|CG0081630|-33|-111|CG0081631|-30|-88|CG0081631|-30|-88|CG0081632|-32|-55|CG0081632|-32|-55|CG0081633|-30|-49|CG0081633|-30|-49|CG0081633|-30|-49|CG0081633|-30|-49|CG0081633|-30|-49|CG0081633|-30|-49|CG0081634|-31|-48|CG0081634|-31|-48|CG0081634|-31|-48|CG0081634|-31|-48|CG0081635|-30|-53|CG0081635|-30|-53|CG0081635|-30|-53|CG0081635|-30|-53|CG0081635|-30|-53|CG0081635|-30|-53|CG0081636|-42|-45|CG0081636|-42|-45|CG0081626|-78|-68|CG0081626|-78|-68|CG0081626|-78|-68|CG0081626|-78|-68|CG0081626|-78|-68|CG0081626|-78|-68|CG0081627|-71|-68|CG0081627|-71|-68|CG0081627|-71|-68|CG0081627|-71|-68|CG0081628|-54|-79|CG0081628|-54|-79|CG0081628|-54|-79|CG0081628|-54|-79
154|5|6|1200|17|CG0081656|-25|-85|CG0081656|-25|-85|CG0081656|-25|-85|CG0081657|-48|-85|CG0081657|-48|-85|CG0081657|-48|-85|CG0081658|-51|-85|CG0081658|-51|-85|CG0081659|-22|-84|CG0081659|-22|-84|CG0081659|-22|-84|CG0081659|-22|-84|CG0081659|-22|-84|CG0081659|-22|-84|CG0081659|-22|-84|CG0081659|-22|-84|CG0081659|-22|-84
154|5|7|2000|17|CG0080839|-24|-84|CG0080839|-24|-84|CG0080840|-29|-90|CG0080840|-29|-90|CG0080841|-35|-87|CG0080841|-35|-87|CG0080841|-35|-87|CG0080841|-35|-87|CG0080842|-39|-82|CG0080843|-29|-61|CG0080844|-17|-40|CG0080844|-17|-40|CG0080844|-17|-40|CG0080845|-18|-52|CG0080845|-18|-52|CG0080846|-27|-78|CG0080846|-27|-78
154|5|8|1000|2|CG0081651|-24|-56|CG0081652|-58|-95
154|5|9|1000|1|CG0081653|-51|-47
154|5|10|1500|20|CG0081645|-26|-80|CG0081645|-26|-80|CG0081645|-26|-80|CG0081646|-23|-69|CG0081646|-23|-69|CG0081646|-23|-69|CG0081647|-25|-58|CG0081647|-25|-58|CG0081647|-25|-58|CG0081647|-25|-58|CG0081647|-25|-58|CG0081647|-25|-58|CG0081648|-42|-52|CG0081648|-42|-52|CG0081649|-48|-26|CG0081649|-48|-26|CG0081649|-48|-26|CG0081650|-56|-26|CG0081650|-56|-26|CG0081650|-56|-26
154|6|0|1500|4|CG0081714|-36|-86|CG0081715|-37|-86|CG0081716|-38|-86|CG0081715|-37|-86
154|6|1|1000|6|CG0081719|-42|-85|CG0081720|-43|-87|CG0081721|-43|-83|CG0081722|-42|-85|CG0081723|-41|-87|CG0081724|-40|-83
154|6|2|400|1|CG0188642|-38|-63
154|6|3|600|6|CG0081688|-47|-77|CG0081689|-45|-82|CG0081690|-44|-78|CG0081691|-44|-74|CG0081692|-45|-82|CG0081693|-47|-80
154|6|4|100|1|CG0196584|-20|-48
154|6|5|1600|50|CG0081676|-34|-85|CG0081676|-34|-85|CG0081676|-34|-85|CG0081676|-34|-85|CG0081680|-32|-85|CG0081680|-32|-85|CG0081680|-32|-85|CG0081680|-32|-85|CG0081681|-38|-106|CG0081681|-38|-106|CG0081681|-38|-106|CG0081681|-38|-106|CG0081681|-38|-106|CG0081681|-38|-106|CG0081682|-28|-91|CG0081682|-28|-91|CG0081683|-99|-65|CG0081683|-99|-65|CG0081684|-95|-47|CG0081684|-95|-47|CG0081684|-95|-47|CG0081684|-95|-47|CG0081684|-95|-47|CG0081684|-95|-47|CG0081685|-61|-59|CG0081685|-61|-59|CG0081685|-61|-59|CG0081685|-61|-59|CG0081686|-61|-63|CG0081686|-61|-63|CG0081686|-61|-63|CG0081686|-61|-63|CG0081686|-61|-63|CG0081686|-61|-63|CG0081687|-92|-56|CG0081687|-92|-56|CG0081677|-83|-96|CG0081677|-83|-96|CG0081677|-83|-96|CG0081677|-83|-96|CG0081677|-83|-96|CG0081677|-83|-96|CG0081678|-68|-75|CG0081678|-68|-75|CG0081678|-68|-75|CG0081678|-68|-75|CG0081679|-42|-81|CG0081679|-42|-81|CG0081679|-42|-81|CG0081679|-42|-81
154|6|6|1200|17|CG0081707|-45|-86|CG0081707|-45|-86|CG0081707|-45|-86|CG0081708|-52|-86|CG0081708|-52|-86|CG0081708|-52|-86|CG0081709|-50|-86|CG0081709|-50|-86|CG0081710|-27|-84|CG0081710|-27|-84|CG0081710|-27|-84|CG0081710|-27|-84|CG0081710|-27|-84|CG0081710|-27|-84|CG0081710|-27|-84|CG0081710|-27|-84|CG0081710|-27|-84
154|6|7|2000|17|CG0080907|-17|-85|CG0080907|-17|-85|CG0080908|-41|-91|CG0080908|-41|-91|CG0080909|-45|-92|CG0080909|-45|-92|CG0080909|-45|-92|CG0080909|-45|-92|CG0080910|-52|-86|CG0080911|-59|-64|CG0080912|-53|-40|CG0080912|-53|-40|CG0080912|-53|-40|CG0080913|-50|-59|CG0080913|-50|-59|CG0080914|-29|-82|CG0080914|-29|-82
154|6|8|1000|2|CG0081702|-51|-60|CG0081703|-28|-94
154|6|9|1000|1|CG0081704|-54|-51
154|6|10|1500|20|CG0081696|-36|-81|CG0081696|-36|-81|CG0081696|-36|-81|CG0081697|-37|-71|CG0081697|-37|-71|CG0081697|-37|-71|CG0081698|-47|-60|CG0081698|-47|-60|CG0081698|-47|-60|CG0081698|-47|-60|CG0081698|-47|-60|CG0081698|-47|-60|CG0081699|-46|-55|CG0081699|-46|-55|CG0081700|-58|-34|CG0081700|-58|-34|CG0081700|-58|-34|CG0081701|-76|-25|CG0081701|-76|-25|CG0081701|-76|-25
154|7|0|1500|4|CG0081765|-39|-87|CG0081766|-38|-87|CG0081767|-36|-87|CG0081766|-38|-87
154|7|1|1000|6|CG0081770|-34|-86|CG0081771|-35|-88|CG0081772|-36|-84|CG0081773|-34|-86|CG0081774|-32|-88|CG0081775|-31|-84
154|7|2|400|1|CG0188687|-44|-60
154|7|3|600|6|CG0081739|-36|-80|CG0081740|-36|-85|CG0081741|-36|-80|CG0081742|-36|-77|CG0081743|-36|-85|CG0081744|-36|-84
154|7|4|100|1|CG0196624|-25|-51
154|7|5|1600|50|CG0081727|-32|-87|CG0081727|-32|-87|CG0081727|-32|-87|CG0081727|-32|-87|CG0081731|-30|-86|CG0081731|-30|-86|CG0081731|-30|-86|CG0081731|-30|-86|CG0081732|-27|-96|CG0081732|-27|-96|CG0081732|-27|-96|CG0081732|-27|-96|CG0081732|-27|-96|CG0081732|-27|-96|CG0081733|-47|-96|CG0081733|-47|-96|CG0081734|-104|-88|CG0081734|-104|-88|CG0081735|-120|-71|CG0081735|-120|-71|CG0081735|-120|-71|CG0081735|-120|-71|CG0081735|-120|-71|CG0081735|-120|-71|CG0081736|-81|-77|CG0081736|-81|-77|CG0081736|-81|-77|CG0081736|-81|-77|CG0081737|-60|-79|CG0081737|-60|-79|CG0081737|-60|-79|CG0081737|-60|-79|CG0081737|-60|-79|CG0081737|-60|-79|CG0081738|-108|-75|CG0081738|-108|-75|CG0081728|-81|-116|CG0081728|-81|-116|CG0081728|-81|-116|CG0081728|-81|-116|CG0081728|-81|-116|CG0081728|-81|-116|CG0081729|-55|-92|CG0081729|-55|-92|CG0081729|-55|-92|CG0081729|-55|-92|CG0081730|-39|-85|CG0081730|-39|-85|CG0081730|-39|-85|CG0081730|-39|-85
154|7|6|1200|17|CG0081758|-42|-87|CG0081758|-42|-87|CG0081758|-42|-87|CG0081759|-46|-88|CG0081759|-46|-88|CG0081759|-46|-88|CG0081760|-32|-87|CG0081760|-32|-87|CG0081761|-28|-86|CG0081761|-28|-86|CG0081761|-28|-86|CG0081761|-28|-86|CG0081761|-28|-86|CG0081761|-28|-86|CG0081761|-28|-86|CG0081761|-28|-86|CG0081761|-28|-86
154|7|7|2000|17|CG0080975|-32|-86|CG0080975|-32|-86|CG0080976|-36|-88|CG0080976|-36|-88|CG0080977|-38|-94|CG0080977|-38|-94|CG0080977|-38|-94|CG0080977|-38|-94|CG0080978|-53|-86|CG0080979|-59|-85|CG0080980|-79|-60|CG0080980|-79|-60|CG0080980|-79|-60|CG0080981|-65|-76|CG0080981|-65|-76|CG0080982|-32|-87|CG0080982|-32|-87
154|7|8|1000|2|CG0081753|-49|-70|CG0081754|-35|-85
154|7|9|1000|1|CG0081755|-40|-60
154|7|10|1500|20|CG0081747|-37|-84|CG0081747|-37|-84|CG0081747|-37|-84|CG0081748|-39|-75|CG0081748|-39|-75|CG0081748|-39|-75|CG0081749|-48|-64|CG0081749|-48|-64|CG0081749|-48|-64|CG0081749|-48|-64|CG0081749|-48|-64|CG0081749|-48|-64|CG0081750|-53|-63|CG0081750|-53|-63|CG0081751|-69|-49|CG0081751|-69|-49|CG0081751|-69|-49|CG0081752|-84|-30|CG0081752|-84|-30|CG0081752|-84|-30
