157|0|0|1500|4|CG0082590|-31|-88|CG0082591|-30|-88|CG0082592|-30|-88|CG0082591|-30|-88
157|0|1|1000|6|CG0082595|-31|-88|CG0082596|-28|-89|CG0082597|-32|-85|CG0082598|-30|-88|CG0082599|-33|-89|CG0082600|-36|-85
157|0|2|400|1|CG0188372|-32|-70
157|0|3|600|6|CG0082898|-34|-83|CG0082899|-31|-88|CG0082900|-35|-85|CG0082901|-31|-81|CG0082902|-38|-88|CG0082903|-33|-87
157|0|4|100|1|CG0196344|-27|-55
157|0|5|1200|46|CG0082562|-31|-89|CG0082562|-31|-89|CG0082562|-31|-89|CG0082562|-31|-89|CG0082563|-25|-102|CG0082563|-25|-102|CG0082563|-25|-102|CG0082563|-25|-102|CG0082563|-25|-102|CG0082563|-25|-102|CG0082564|-41|-88|CG0082564|-41|-88|CG0082564|-41|-88|CG0082564|-41|-88|CG0082564|-41|-88|CG0082564|-41|-88|CG0082565|-35|-89|CG0082565|-35|-89|CG0082565|-35|-89|CG0082565|-35|-89|CG0082565|-35|-89|CG0082565|-35|-89|CG0082566|-37|-88|CG0082566|-37|-88|CG0082566|-37|-88|CG0082566|-37|-88|CG0082566|-37|-88|CG0082566|-37|-88|CG0082566|-37|-88|CG0082566|-37|-88|CG0082567|-43|-87|CG0082567|-43|-87|CG0082567|-43|-87|CG0082567|-43|-87|CG0082567|-43|-87|CG0082567|-43|-87|CG0082567|-43|-87|CG0082567|-43|-87|CG0082568|-39|-87|CG0082568|-39|-87|CG0082568|-39|-87|CG0082568|-39|-87|CG0082569|-34|-88|CG0082569|-34|-88|CG0082569|-34|-88|CG0082569|-34|-88
157|0|6|1200|17|CG0082583|-29|-88|CG0082583|-29|-88|CG0082583|-29|-88|CG0082584|-42|-88|CG0082584|-42|-88|CG0082584|-42|-88|CG0082585|-39|-88|CG0082585|-39|-88|CG0082586|-30|-88|CG0082586|-30|-88|CG0082586|-30|-88|CG0082586|-30|-88|CG0082586|-30|-88|CG0082586|-30|-88|CG0082586|-30|-88|CG0082586|-30|-88|CG0082586|-30|-88
157|0|7|2000|17|CG0082939|-31|-87|CG0082939|-31|-87|CG0082940|-26|-86|CG0082940|-26|-86|CG0082941|-15|-93|CG0082941|-15|-93|CG0082941|-15|-93|CG0082941|-15|-93|CG0082942|-30|-84|CG0082943|-45|-98|CG0082944|-67|-83|CG0082944|-67|-83|CG0082944|-67|-83|CG0082945|-50|-91|CG0082945|-50|-91|CG0082946|-32|-89|CG0082946|-32|-89
157|0|8|1000|2|CG0082578|-36|-77|CG0082579|-34|-75
157|0|9|1000|1|CG0082580|-35|-66
157|0|10|1500|20|CG0082572|-37|-87|CG0082572|-37|-87|CG0082572|-37|-87|CG0082573|-33|-78|CG0082573|-33|-78|CG0082573|-33|-78|CG0082574|-55|-67|CG0082574|-55|-67|CG0082574|-55|-67|CG0082574|-55|-67|CG0082574|-55|-67|CG0082574|-55|-67|CG0082575|-49|-71|CG0082575|-49|-71|CG0082576|-63|-65|CG0082576|-63|-65|CG0082576|-63|-65|CG0082577|-71|-47|CG0082577|-71|-47|CG0082577|-71|-47
157|1|0|1500|4|CG0082631|-28|-89|CG0082632|-28|-89|CG0082633|-28|-89|CG0082632|-28|-89
157|1|1|1000|6|CG0082636|-33|-88|CG0082637|-31|-90|CG0082638|-33|-86|CG0082639|-31|-88|CG0082640|-31|-90|CG0082641|-31|-86
157|1|2|400|1|CG0188417|-17|-71
157|1|3|600|6|CG0082966|-29|-84|CG0082967|-35|-90|CG0082968|-33|-87|CG0082969|-33|-83|CG0082970|-27|-90|CG0082971|-23|-87
157|1|4|100|1|CG0196384|-26|-58
157|1|5|1200|46|CG0082603|-29|-89|CG0082603|-29|-89|CG0082603|-29|-89|CG0082603|-29|-89|CG0082604|-20|-90|CG0082604|-20|-90|CG0082604|-20|-90|CG0082604|-20|-90|CG0082604|-20|-90|CG0082604|-20|-90|CG0082605|-14|-88|CG0082605|-14|-88|CG0082605|-14|-88|CG0082605|-14|-88|CG0082605|-14|-88|CG0082605|-14|-88|CG0082606|-16|-89|CG0082606|-16|-89|CG0082606|-16|-89|CG0082606|-16|-89|CG0082606|-16|-89|CG0082606|-16|-89|CG0082607|-18|-87|CG0082607|-18|-87|CG0082607|-18|-87|CG0082607|-18|-87|CG0082607|-18|-87|CG0082607|-18|-87|CG0082607|-18|-87|CG0082607|-18|-87|CG0082608|-33|-86|CG0082608|-33|-86|CG0082608|-33|-86|CG0082608|-33|-86|CG0082608|-33|-86|CG0082608|-33|-86|CG0082608|-33|-86|CG0082608|-33|-86|CG0082609|-38|-87|CG0082609|-38|-87|CG0082609|-38|-87|CG0082609|-38|-87|CG0082610|-33|-87|CG0082610|-33|-87|CG0082610|-33|-87|CG0082610|-33|-87
157|1|6|1200|17|CG0082624|-28|-89|CG0082624|-28|-89|CG0082624|-28|-89|CG0082625|-48|-88|CG0082625|-48|-88|CG0082625|-48|-88|CG0082626|-45|-89|CG0082626|-45|-89|CG0082627|-23|-89|CG0082627|-23|-89|CG0082627|-23|-89|CG0082627|-23|-89|CG0082627|-23|-89|CG0082627|-23|-89|CG0082627|-23|-89|CG0082627|-23|-89|CG0082627|-23|-89
157|1|7|2000|17|CG0083007|-20|-87|CG0083007|-20|-87|CG0083008|-15|-78|CG0083008|-15|-78|CG0083009|-7|-89|CG0083009|-7|-89|CG0083009|-7|-89|CG0083009|-7|-89|CG0083010|-7|-83|CG0083011|-37|-99|CG0083012|-37|-94|CG0083012|-37|-94|CG0083012|-37|-94|CG0083013|-37|-96|CG0083013|-37|-96|CG0083014|-23|-88|CG0083014|-23|-88
157|1|8|1000|2|CG0082619|-24|-79|CG0082620|-22|-81
157|1|9|1000|1|CG0082621|-32|-68
157|1|10|1500|20|CG0082613|-24|-88|CG0082613|-24|-88|CG0082613|-24|-88|CG0082614|-27|-79|CG0082614|-27|-79|CG0082614|-27|-79|CG0082615|-43|-68|CG0082615|-43|-68|CG0082615|-43|-68|CG0082615|-43|-68|CG0082615|-43|-68|CG0082615|-43|-68|CG0082616|-42|-75|CG0082616|-42|-75|CG0082617|-42|-71|CG0082617|-42|-71|CG0082617|-42|-71|CG0082618|-40|-53|CG0082618|-40|-53|CG0082618|-40|-53
157|2|0|1500|4|CG0082672|-34|-88|CG0082673|-34|-88|CG0082674|-34|-88|CG0082673|-34|-88
157|2|1|1000|6|CG0082677|-33|-88|CG0082678|-39|-89|CG0082679|-42|-85|CG0082680|-34|-88|CG0082681|-26|-89|CG0082682|-27|-85
157|2|2|400|1|CG0188462|-33|-62
157|2|3|600|6|CG0083034|-26|-81|CG0083035|-24|-88|CG0083036|-33|-86|CG0083037|-22|-83|CG0083038|-25|-88|CG0083039|-36|-84
157|2|4|100|1|CG0196424|-14|-57
157|2|5|1200|46|CG0082644|-20|-88|CG0082644|-20|-88|CG0082644|-20|-88|CG0082644|-20|-88|CG0082645|-12|-87|CG0082645|-12|-87|CG0082645|-12|-87|CG0082645|-12|-87|CG0082645|-12|-87|CG0082645|-12|-87|CG0082646|-13|-85|CG0082646|-13|-85|CG0082646|-13|-85|CG0082646|-13|-85|CG0082646|-13|-85|CG0082646|-13|-85|CG0082647|-11|-85|CG0082647|-11|-85|CG0082647|-11|-85|CG0082647|-11|-85|CG0082647|-11|-85|CG0082647|-11|-85|CG0082648|-17|-85|CG0082648|-17|-85|CG0082648|-17|-85|CG0082648|-17|-85|CG0082648|-17|-85|CG0082648|-17|-85|CG0082648|-17|-85|CG0082648|-17|-85|CG0082649|-19|-84|CG0082649|-19|-84|CG0082649|-19|-84|CG0082649|-19|-84|CG0082649|-19|-84|CG0082649|-19|-84|CG0082649|-19|-84|CG0082649|-19|-84|CG0082650|-19|-85|CG0082650|-19|-85|CG0082650|-19|-85|CG0082650|-19|-85|CG0082651|-19|-86|CG0082651|-19|-86|CG0082651|-19|-86|CG0082651|-19|-86
157|2|6|1200|17|CG0082665|-25|-88|CG0082665|-25|-88|CG0082665|-25|-88|CG0082666|-39|-88|CG0082666|-39|-88|CG0082666|-39|-88|CG0082667|-30|-88|CG0082667|-30|-88|CG0082668|-16|-89|CG0082668|-16|-89|CG0082668|-16|-89|CG0082668|-16|-89|CG0082668|-16|-89|CG0082668|-16|-89|CG0082668|-16|-89|CG0082668|-16|-89|CG0082668|-16|-89
157|2|7|2000|17|CG0083075|-12|-86|CG0083075|-12|-86|CG0083076|-18|-77|CG0083076|-18|-77|CG0083077|-21|-83|CG0083077|-21|-83|CG0083077|-21|-83|CG0083077|-21|-83|CG0083078|-9|-74|CG0083079|-14|-88|CG0083080|-15|-90|CG0083080|-15|-90|CG0083080|-15|-90|CG0083081|-11|-92|CG0083081|-11|-92|CG0083082|-9|-84|CG0083082|-9|-84
157|2|8|1000|2|CG0082660|-22|-77|CG0082661|-33|-84
157|2|9|1000|1|CG0082662|-21|-66
157|2|10|1500|20|CG0082654|-15|-87|CG0082654|-15|-87|CG0082654|-15|-87|CG0082655|-14|-78|CG0082655|-14|-78|CG0082655|-14|-78|CG0082656|-18|-67|CG0082656|-18|-67|CG0082656|-18|-67|CG0082656|-18|-67|CG0082656|-18|-67|CG0082656|-18|-67|CG0082657|-31|-71|CG0082657|-31|-71|CG0082658|-29|-70|CG0082658|-29|-70|CG0082658|-29|-70|CG0082659|-32|-44|CG0082659|-32|-44|CG0082659|-32|-44
157|3|0|1500|4|CG0082713|-25|-87|CG0082714|-23|-87|CG0082715|-21|-87|CG0082714|-23|-87
157|3|1|1000|6|CG0082718|-18|-86|CG0082719|-25|-88|CG0082720|-29|-84|CG0082721|-19|-86|CG0082722|-17|-88|CG0082723|-28|-84
157|3|2|400|1|CG0188507|-36|-53
157|3|3|600|6|CG0083102|-19|-78|CG0083103|-25|-85|CG0083104|-33|-83|CG0083105|-20|-80|CG0083106|-24|-85|CG0083107|-33|-80
157|3|4|100|1|CG0196464|-10|-51
157|3|5|1200|46|CG0082685|-24|-86|CG0082685|-24|-86|CG0082685|-24|-86|CG0082685|-24|-86|CG0082686|-18|-83|CG0082686|-18|-83|CG0082686|-18|-83|CG0082686|-18|-83|CG0082686|-18|-83|CG0082686|-18|-83|CG0082687|-16|-79|CG0082687|-16|-79|CG0082687|-16|-79|CG0082687|-16|-79|CG0082687|-16|-79|CG0082687|-16|-79|CG0082688|-17|-81|CG0082688|-17|-81|CG0082688|-17|-81|CG0082688|-17|-81|CG0082688|-17|-81|CG0082688|-17|-81|CG0082689|-25|-83|CG0082689|-25|-83|CG0082689|-25|-83|CG0082689|-25|-83|CG0082689|-25|-83|CG0082689|-25|-83|CG0082689|-25|-83|CG0082689|-25|-83|CG0082690|-43|-83|CG0082690|-43|-83|CG0082690|-43|-83|CG0082690|-43|-83|CG0082690|-43|-83|CG0082690|-43|-83|CG0082690|-43|-83|CG0082690|-43|-83|CG0082691|-39|-84|CG0082691|-39|-84|CG0082691|-39|-84|CG0082691|-39|-84|CG0082692|-27|-85|CG0082692|-27|-85|CG0082692|-27|-85|CG0082692|-27|-85
157|3|6|1200|17|CG0082706|-15|-87|CG0082706|-15|-87|CG0082706|-15|-87|CG0082707|-17|-88|CG0082707|-17|-88|CG0082707|-17|-88|CG0082708|-15|-87|CG0082708|-15|-87|CG0082709|-13|-86|CG0082709|-13|-86|CG0082709|-13|-86|CG0082709|-13|-86|CG0082709|-13|-86|CG0082709|-13|-86|CG0082709|-13|-86|CG0082709|-13|-86|CG0082709|-13|-86
157|3|7|2000|17|CG0083143|-22|-85|CG0083143|-22|-85|CG0083144|-35|-80|CG0083144|-35|-80|CG0083145|-38|-80|CG0083145|-38|-80|CG0083145|-38|-80|CG0083145|-38|-80|CG0083146|-42|-71|CG0083147|-14|-79|CG0083148|-8|-73|CG0083148|-8|-73|CG0083148|-8|-73|CG0083149|-9|-78|CG0083149|-9|-78|CG0083150|-16|-80|CG0083150|-16|-80
157|3|8|1000|2|CG0082701|-24|-71|CG0082702|-45|-84
157|3|9|1000|1|CG0082703|-17|-64
157|3|10|1500|20|CG0082695|-11|-85|CG0082695|-11|-85|CG0082695|-11|-85|CG0082696|-16|-75|CG0082696|-16|-75|CG0082696|-16|-75|CG0082697|-30|-64|CG0082697|-30|-64|CG0082697|-30|-64|CG0082697|-30|-64|CG0082697|-30|-64|CG0082697|-30|-64|CG0082698|-31|-63|CG0082698|-31|-63|CG0082699|-30|-54|CG0082699|-30|-54|CG0082699|-30|-54|CG0082700|-27|-26|CG0082700|-27|-26|CG0082700|-27|-26
157|4|0|1500|4|CG0082754|-24|-86|CG0082755|-24|-86|CG0082756|-24|-86|CG0082755|-24|-86
157|4|1|1000|6|CG0082759|-24|-85|CG0082760|-23|-87|CG0082761|-28|-83|CG0082762|-24|-85|CG0082763|-24|-87|CG0082764|-26|-83
157|4|2|400|1|CG0188552|-25|-51
157|4|3|600|6|CG0083170|-24|-74|CG0083171|-26|-82|CG0083172|-34|-80|CG0083173|-25|-76|CG0083174|-25|-82|CG0083175|-36|-77
157|4|4|100|1|CG0196504|-21|-46
157|4|5|1200|46|CG0082726|-25|-85|CG0082726|-25|-85|CG0082726|-25|-85|CG0082726|-25|-85|CG0082727|-28|-81|CG0082727|-28|-81|CG0082727|-28|-81|CG0082727|-28|-81|CG0082727|-28|-81|CG0082727|-28|-81|CG0082728|-23|-75|CG0082728|-23|-75|CG0082728|-23|-75|CG0082728|-23|-75|CG0082728|-23|-75|CG0082728|-23|-75|CG0082729|-24|-78|CG0082729|-24|-78|CG0082729|-24|-78|CG0082729|-24|-78|CG0082729|-24|-78|CG0082729|-24|-78|CG0082730|-30|-82|CG0082730|-30|-82|CG0082730|-30|-82|CG0082730|-30|-82|CG0082730|-30|-82|CG0082730|-30|-82|CG0082730|-30|-82|CG0082730|-30|-82|CG0082731|-43|-83|CG0082731|-43|-83|CG0082731|-43|-83|CG0082731|-43|-83|CG0082731|-43|-83|CG0082731|-43|-83|CG0082731|-43|-83|CG0082731|-43|-83|CG0082732|-48|-83|CG0082732|-48|-83|CG0082732|-48|-83|CG0082732|-48|-83|CG0082733|-46|-84|CG0082733|-46|-84|CG0082733|-46|-84|CG0082733|-46|-84
157|4|6|1200|17|CG0082747|-24|-86|CG0082747|-24|-86|CG0082747|-24|-86|CG0082748|-23|-87|CG0082748|-23|-87|CG0082748|-23|-87|CG0082749|-24|-86|CG0082749|-24|-86|CG0082750|-22|-84|CG0082750|-22|-84|CG0082750|-22|-84|CG0082750|-22|-84|CG0082750|-22|-84|CG0082750|-22|-84|CG0082750|-22|-84|CG0082750|-22|-84|CG0082750|-22|-84
157|4|7|2000|17|CG0083211|-24|-84|CG0083211|-24|-84|CG0083212|-33|-86|CG0083212|-33|-86|CG0083213|-43|-81|CG0083213|-43|-81|CG0083213|-43|-81|CG0083213|-43|-81|CG0083214|-56|-77|CG0083215|-19|-68|CG0083216|-15|-52|CG0083216|-15|-52|CG0083216|-15|-52|CG0083217|-14|-60|CG0083217|-14|-60|CG0083218|-22|-77|CG0083218|-22|-77
157|4|8|1000|2|CG0082742|-21|-60|CG0082743|-52|-90
157|4|9|1000|1|CG0082744|-20|-61
157|4|10|1500|20|CG0082736|-20|-81|CG0082736|-20|-81|CG0082736|-20|-81|CG0082737|-20|-71|CG0082737|-20|-71|CG0082737|-20|-71|CG0082738|-31|-60|CG0082738|-31|-60|CG0082738|-31|-60|CG0082738|-31|-60|CG0082738|-31|-60|CG0082738|-31|-60|CG0082739|-32|-55|CG0082739|-32|-55|CG0082740|-30|-31|CG0082740|-30|-31|CG0082740|-30|-31|CG0082741|-30|-27|CG0082741|-30|-27|CG0082741|-30|-27
157|5|0|1500|4|CG0082795|-23|-85|CG0082796|-24|-85|CG0082797|-24|-85|CG0082796|-24|-85
157|5|1|1000|6|CG0082800|-31|-84|CG0082801|-32|-86|CG0082802|-29|-82|CG0082803|-30|-84|CG0082804|-31|-86|CG0082805|-31|-82
157|5|2|400|1|CG0188597|-19|-60
157|5|3|600|6|CG0083238|-35|-74|CG0083239|-28|-80|CG0083240|-24|-77|CG0083241|-31|-74|CG0083242|-35|-80|CG0083243|-35|-77
157|5|4|100|1|CG0196544|-24|-45
157|5|5|1200|46|CG0082767|-21|-85|CG0082767|-21|-85|CG0082767|-21|-85|CG0082767|-21|-85|CG0082768|-74|-81|CG0082768|-74|-81|CG0082768|-74|-81|CG0082768|-74|-81|CG0082768|-74|-81|CG0082768|-74|-81|CG0082769|-28|-76|CG0082769|-28|-76|CG0082769|-28|-76|CG0082769|-28|-76|CG0082769|-28|-76|CG0082769|-28|-76|CG0082770|-38|-79|CG0082770|-38|-79|CG0082770|-38|-79|CG0082770|-38|-79|CG0082770|-38|-79|CG0082770|-38|-79|CG0082771|-36|-83|CG0082771|-36|-83|CG0082771|-36|-83|CG0082771|-36|-83|CG0082771|-36|-83|CG0082771|-36|-83|CG0082771|-36|-83|CG0082771|-36|-83|CG0082772|-21|-92|CG0082772|-21|-92|CG0082772|-21|-92|CG0082772|-21|-92|CG0082772|-21|-92|CG0082772|-21|-92|CG0082772|-21|-92|CG0082772|-21|-92|CG0082773|-32|-84|CG0082773|-32|-84|CG0082773|-32|-84|CG0082773|-32|-84|CG0082774|-39|-84|CG0082774|-39|-84|CG0082774|-39|-84|CG0082774|-39|-84
157|5|6|1200|17|CG0082788|-25|-85|CG0082788|-25|-85|CG0082788|-25|-85|CG0082789|-37|-85|CG0082789|-37|-85|CG0082789|-37|-85|CG0082790|-29|-85|CG0082790|-29|-85|CG0082791|-22|-84|CG0082791|-22|-84|CG0082791|-22|-84|CG0082791|-22|-84|CG0082791|-22|-84|CG0082791|-22|-84|CG0082791|-22|-84|CG0082791|-22|-84|CG0082791|-22|-84
157|5|7|2000|17|CG0083279|-24|-84|CG0083279|-24|-84|CG0083280|-29|-90|CG0083280|-29|-90|CG0083281|-35|-87|CG0083281|-35|-87|CG0083281|-35|-87|CG0083281|-35|-87|CG0083282|-39|-82|CG0083283|-29|-61|CG0083284|-17|-40|CG0083284|-17|-40|CG0083284|-17|-40|CG0083285|-18|-52|CG0083285|-18|-52|CG0083286|-27|-78|CG0083286|-27|-78
157|5|8|1000|2|CG0082783|-24|-65|CG0082784|-42|-95
157|5|9|1000|1|CG0082785|-28|-56
157|5|10|1500|20|CG0082777|-24|-80|CG0082777|-24|-80|CG0082777|-24|-80|CG0082778|-22|-69|CG0082778|-22|-69|CG0082778|-22|-69|CG0082779|-25|-58|CG0082779|-25|-58|CG0082779|-25|-58|CG0082779|-25|-58|CG0082779|-25|-58|CG0082779|-25|-58|CG0082780|-24|-52|CG0082780|-24|-52|CG0082781|-24|-26|CG0082781|-24|-26|CG0082781|-24|-26|CG0082782|-34|-26|CG0082782|-34|-26|CG0082782|-34|-26
157|6|0|1500|4|CG0082836|-24|-86|CG0082837|-23|-86|CG0082838|-22|-86|CG0082837|-23|-86
157|6|1|1000|6|CG0082841|-30|-85|CG0082842|-35|-87|CG0082843|-36|-83|CG0082844|-32|-85|CG0082845|-25|-87|CG0082846|-32|-83
157|6|2|400|1|CG0188642|-38|-63
157|6|3|600|6|CG0083306|-30|-77|CG0083307|-34|-82|CG0083308|-32|-78|CG0083309|-36|-74|CG0083310|-29|-82|CG0083311|-37|-80
157|6|4|100|1|CG0196584|-20|-48
157|6|5|1200|46|CG0082808|-35|-86|CG0082808|-35|-86|CG0082808|-35|-86|CG0082808|-35|-86|CG0082809|-79|-84|CG0082809|-79|-84|CG0082809|-79|-84|CG0082809|-79|-84|CG0082809|-79|-84|CG0082809|-79|-84|CG0082810|-43|-81|CG0082810|-43|-81|CG0082810|-43|-81|CG0082810|-43|-81|CG0082810|-43|-81|CG0082810|-43|-81|CG0082811|-54|-83|CG0082811|-54|-83|CG0082811|-54|-83|CG0082811|-54|-83|CG0082811|-54|-83|CG0082811|-54|-83|CG0082812|-50|-85|CG0082812|-50|-85|CG0082812|-50|-85|CG0082812|-50|-85|CG0082812|-50|-85|CG0082812|-50|-85|CG0082812|-50|-85|CG0082812|-50|-85|CG0082813|-42|-93|CG0082813|-42|-93|CG0082813|-42|-93|CG0082813|-42|-93|CG0082813|-42|-93|CG0082813|-42|-93|CG0082813|-42|-93|CG0082813|-42|-93|CG0082814|-36|-88|CG0082814|-36|-88|CG0082814|-36|-88|CG0082814|-36|-88|CG0082815|-33|-85|CG0082815|-33|-85|CG0082815|-33|-85|CG0082815|-33|-85
157|6|6|1200|17|CG0082829|-25|-86|CG0082829|-25|-86|CG0082829|-25|-86|CG0082830|-39|-86|CG0082830|-39|-86|CG0082830|-39|-86|CG0082831|-36|-86|CG0082831|-36|-86|CG0082832|-23|-84|CG0082832|-23|-84|CG0082832|-23|-84|CG0082832|-23|-84|CG0082832|-23|-84|CG0082832|-23|-84|CG0082832|-23|-84|CG0082832|-23|-84|CG0082832|-23|-84
157|6|7|2000|17|CG0083347|-17|-85|CG0083347|-17|-85|CG0083348|-41|-91|CG0083348|-41|-91|CG0083349|-45|-92|CG0083349|-45|-92|CG0083349|-45|-92|CG0083349|-45|-92|CG0083350|-52|-86|CG0083351|-59|-64|CG0083352|-53|-40|CG0083352|-53|-40|CG0083352|-53|-40|CG0083353|-50|-59|CG0083353|-50|-59|CG0083354|-29|-82|CG0083354|-29|-82
157|6|8|1000|2|CG0082824|-33|-71|CG0082825|-21|-94
157|6|9|1000|1|CG0082826|-33|-59
157|6|10|1500|20|CG0082818|-34|-81|CG0082818|-34|-81|CG0082818|-34|-81|CG0082819|-30|-71|CG0082819|-30|-71|CG0082819|-30|-71|CG0082820|-36|-60|CG0082820|-36|-60|CG0082820|-36|-60|CG0082820|-36|-60|CG0082820|-36|-60|CG0082820|-36|-60|CG0082821|-43|-55|CG0082821|-43|-55|CG0082822|-55|-34|CG0082822|-55|-34|CG0082822|-55|-34|CG0082823|-73|-25|CG0082823|-73|-25|CG0082823|-73|-25
157|7|0|1500|4|CG0082877|-26|-87|CG0082878|-27|-87|CG0082879|-29|-87|CG0082878|-27|-87
157|7|1|1000|6|CG0082882|-22|-86|CG0082883|-23|-88|CG0082884|-30|-84|CG0082885|-26|-86|CG0082886|-25|-88|CG0082887|-30|-84
157|7|2|400|1|CG0188687|-44|-60
157|7|3|600|6|CG0083374|-25|-80|CG0083375|-25|-85|CG0083376|-35|-80|CG0083377|-25|-77|CG0083378|-29|-85|CG0083379|-36|-84
157|7|4|100|1|CG0196624|-25|-51
157|7|5|1200|46|CG0082849|-31|-88|CG0082849|-31|-88|CG0082849|-31|-88|CG0082849|-31|-88|CG0082850|-41|-97|CG0082850|-41|-97|CG0082850|-41|-97|CG0082850|-41|-97|CG0082850|-41|-97|CG0082850|-41|-97|CG0082851|-58|-85|CG0082851|-58|-85|CG0082851|-58|-85|CG0082851|-58|-85|CG0082851|-58|-85|CG0082851|-58|-85|CG0082852|-62|-86|CG0082852|-62|-86|CG0082852|-62|-86|CG0082852|-62|-86|CG0082852|-62|-86|CG0082852|-62|-86|CG0082853|-54|-87|CG0082853|-54|-87|CG0082853|-54|-87|CG0082853|-54|-87|CG0082853|-54|-87|CG0082853|-54|-87|CG0082853|-54|-87|CG0082853|-54|-87|CG0082854|-51|-87|CG0082854|-51|-87|CG0082854|-51|-87|CG0082854|-51|-87|CG0082854|-51|-87|CG0082854|-51|-87|CG0082854|-51|-87|CG0082854|-51|-87|CG0082855|-39|-87|CG0082855|-39|-87|CG0082855|-39|-87|CG0082855|-39|-87|CG0082856|-33|-87|CG0082856|-33|-87|CG0082856|-33|-87|CG0082856|-33|-87
157|7|6|1200|17|CG0082870|-26|-87|CG0082870|-26|-87|CG0082870|-26|-87|CG0082871|-32|-88|CG0082871|-32|-88|CG0082871|-32|-88|CG0082872|-27|-87|CG0082872|-27|-87|CG0082873|-24|-86|CG0082873|-24|-86|CG0082873|-24|-86|CG0082873|-24|-86|CG0082873|-24|-86|CG0082873|-24|-86|CG0082873|-24|-86|CG0082873|-24|-86|CG0082873|-24|-86
157|7|7|2000|17|CG0083415|-32|-86|CG0083415|-32|-86|CG0083416|-36|-88|CG0083416|-36|-88|CG0083417|-38|-94|CG0083417|-38|-94|CG0083417|-38|-94|CG0083417|-38|-94|CG0083418|-53|-86|CG0083419|-59|-85|CG0083420|-79|-60|CG0083420|-79|-60|CG0083420|-79|-60|CG0083421|-65|-76|CG0083421|-65|-76|CG0083422|-32|-87|CG0083422|-32|-87
157|7|8|1000|2|CG0082865|-35|-75|CG0082866|-35|-85
157|7|9|1000|1|CG0082867|-38|-62
157|7|10|1500|20|CG0082859|-30|-84|CG0082859|-30|-84|CG0082859|-30|-84|CG0082860|-30|-75|CG0082860|-30|-75|CG0082860|-30|-75|CG0082861|-36|-64|CG0082861|-36|-64|CG0082861|-36|-64|CG0082861|-36|-64|CG0082861|-36|-64|CG0082861|-36|-64|CG0082862|-44|-63|CG0082862|-44|-63|CG0082863|-66|-49|CG0082863|-66|-49|CG0082863|-66|-49|CG0082864|-77|-31|CG0082864|-77|-31|CG0082864|-77|-31
