143|0|0|1500|4|CG0076939|-18|-77|CG0076940|-21|-77|CG0076941|-24|-77|CG0076940|-21|-77
143|0|1|1000|6|CG0076944|-20|-77|CG0076945|-21|-78|CG0076946|-25|-76|CG0076947|-20|-77|CG0076948|-20|-79|CG0076949|-22|-76
143|0|2|400|1|CG0188372|-32|-70
143|0|3|400|6|CG0076914|-24|-75|CG0076915|-24|-76|CG0076916|-24|-76|CG0076917|-24|-75|CG0076918|-24|-76|CG0076919|-24|-76
143|0|4|100|1|CG0196344|-27|-55
143|0|5|1300|36|CG0076906|-14|-75|CG0076906|-14|-75|CG0076906|-14|-75|CG0076906|-14|-75|CG0076907|-24|-76|CG0076907|-24|-76|CG0076907|-24|-76|CG0076907|-24|-76|CG0076908|-36|-77|CG0076908|-36|-77|CG0076908|-36|-77|CG0076908|-36|-77|CG0076908|-36|-77|CG0076908|-36|-77|CG0076908|-36|-77|CG0076908|-36|-77|CG0076909|-41|-78|CG0076909|-41|-78|CG0076910|-66|-79|CG0076910|-66|-79|CG0076911|-67|-80|CG0076911|-67|-80|CG0076911|-67|-80|CG0076911|-67|-80|CG0076911|-67|-80|CG0076911|-67|-80|CG0076911|-67|-80|CG0076911|-67|-80|CG0076912|-56|-78|CG0076912|-56|-78|CG0076912|-56|-78|CG0076912|-56|-78|CG0076913|-22|-76|CG0076913|-22|-76|CG0076913|-22|-76|CG0076913|-22|-76
143|0|6|1500|9|CG0076933|-17|-83|CG0076933|-17|-83|CG0076934|-30|-85|CG0076934|-30|-85|CG0076934|-30|-85|CG0076934|-30|-85|CG0076934|-30|-85|CG0076934|-30|-85|CG0076935|-20|-85
143|0|7|1200|11|CG0075666|-19|-77|CG0075666|-19|-77|CG0075666|-19|-77|CG0075667|-19|-75|CG0075668|-30|-68|CG0075668|-30|-68|CG0075668|-30|-68|CG0075668|-30|-68|CG0075669|-35|-69|CG0075670|-35|-73|CG0075671|-34|-75
143|0|8|1000|2|CG0076928|-27|-74|CG0076929|-19|-82
143|0|9|1000|1|CG0076930|-33|-88
143|0|10|1200|7|CG0076922|-27|-77|CG0076923|-35|-71|CG0076924|-46|-64|CG0076924|-46|-64|CG0076925|-52|-64|CG0076926|-54|-58|CG0076927|-70|-44
143|1|0|1500|4|CG0076985|-22|-76|CG0076986|-22|-76|CG0076987|-22|-76|CG0076986|-22|-76
143|1|1|1000|6|CG0076990|-18|-76|CG0076991|-18|-77|CG0076992|-17|-75|CG0076993|-18|-76|CG0076994|-16|-78|CG0076995|-15|-75
143|1|2|400|1|CG0188417|-17|-71
143|1|3|400|6|CG0076960|-28|-77|CG0076961|-28|-78|CG0076962|-29|-77|CG0076963|-28|-77|CG0076964|-28|-78|CG0076965|-29|-77
143|1|4|100|1|CG0196384|-26|-58
143|1|5|1300|36|CG0076952|-14|-74|CG0076952|-14|-74|CG0076952|-14|-74|CG0076952|-14|-74|CG0076953|-15|-77|CG0076953|-15|-77|CG0076953|-15|-77|CG0076953|-15|-77|CG0076954|-15|-81|CG0076954|-15|-81|CG0076954|-15|-81|CG0076954|-15|-81|CG0076954|-15|-81|CG0076954|-15|-81|CG0076954|-15|-81|CG0076954|-15|-81|CG0076955|-16|-81|CG0076955|-16|-81|CG0076956|-22|-87|CG0076956|-22|-87|CG0076957|-19|-87|CG0076957|-19|-87|CG0076957|-19|-87|CG0076957|-19|-87|CG0076957|-19|-87|CG0076957|-19|-87|CG0076957|-19|-87|CG0076957|-19|-87|CG0076958|-23|-85|CG0076958|-23|-85|CG0076958|-23|-85|CG0076958|-23|-85|CG0076959|-15|-76|CG0076959|-15|-76|CG0076959|-15|-76|CG0076959|-15|-76
143|1|6|1500|9|CG0076979|-18|-84|CG0076979|-18|-84|CG0076980|-26|-77|CG0076980|-26|-77|CG0076980|-26|-77|CG0076980|-26|-77|CG0076980|-26|-77|CG0076980|-26|-77|CG0076981|-21|-79
143|1|7|1200|11|CG0075731|-18|-76|CG0075731|-18|-76|CG0075731|-18|-76|CG0075732|-20|-76|CG0075733|-24|-73|CG0075733|-24|-73|CG0075733|-24|-73|CG0075733|-24|-73|CG0075734|-24|-75|CG0075735|-18|-77|CG0075736|-18|-79
143|1|8|1000|2|CG0076974|-17|-77|CG0076975|-30|-75
143|1|9|1000|1|CG0076976|-16|-79
143|1|10|1200|7|CG0076968|-18|-77|CG0076969|-16|-72|CG0076970|-16|-65|CG0076970|-16|-65|CG0076971|-16|-67|CG0076972|-17|-61|CG0076973|-24|-49
143|2|0|1500|4|CG0077031|-18|-78|CG0077032|-19|-78|CG0077033|-20|-78|CG0077032|-19|-78
143|2|1|1000|6|CG0077036|-20|-77|CG0077037|-18|-78|CG0077038|-20|-76|CG0077039|-16|-77|CG0077040|-17|-79|CG0077041|-23|-76
143|2|2|400|1|CG0188462|-33|-62
143|2|3|400|6|CG0077006|-24|-75|CG0077007|-22|-76|CG0077008|-30|-75|CG0077009|-22|-75|CG0077010|-27|-76|CG0077011|-37|-75
143|2|4|100|1|CG0196424|-14|-57
143|2|5|1300|36|CG0076998|-19|-75|CG0076998|-19|-75|CG0076998|-19|-75|CG0076998|-19|-75|CG0076999|-15|-76|CG0076999|-15|-76|CG0076999|-15|-76|CG0076999|-15|-76|CG0077000|-10|-79|CG0077000|-10|-79|CG0077000|-10|-79|CG0077000|-10|-79|CG0077000|-10|-79|CG0077000|-10|-79|CG0077000|-10|-79|CG0077000|-10|-79|CG0077001|-10|-80|CG0077001|-10|-80|CG0077002|-11|-81|CG0077002|-11|-81|CG0077003|-11|-81|CG0077003|-11|-81|CG0077003|-11|-81|CG0077003|-11|-81|CG0077003|-11|-81|CG0077003|-11|-81|CG0077003|-11|-81|CG0077003|-11|-81|CG0077004|-8|-78|CG0077004|-8|-78|CG0077004|-8|-78|CG0077004|-8|-78|CG0077005|-11|-75|CG0077005|-11|-75|CG0077005|-11|-75|CG0077005|-11|-75
143|2|6|1500|9|CG0077025|-14|-83|CG0077025|-14|-83|CG0077026|-15|-78|CG0077026|-15|-78|CG0077026|-15|-78|CG0077026|-15|-78|CG0077026|-15|-78|CG0077026|-15|-78|CG0077027|-33|-81
143|2|7|1200|11|CG0075796|-17|-77|CG0075796|-17|-77|CG0075796|-17|-77|CG0075797|-18|-76|CG0075798|-21|-74|CG0075798|-21|-74|CG0075798|-21|-74|CG0075798|-21|-74|CG0075799|-18|-74|CG0075800|-19|-74|CG0075801|-19|-77
143|2|8|1000|2|CG0077020|-11|-74|CG0077021|-40|-70
143|2|9|1000|1|CG0077022|-19|-74
143|2|10|1200|7|CG0077014|-16|-77|CG0077015|-15|-71|CG0077016|-17|-62|CG0077016|-17|-62|CG0077017|-18|-58|CG0077018|-18|-50|CG0077019|-17|-39
143|3|0|1500|4|CG0077077|-22|-78|CG0077078|-20|-78|CG0077079|-19|-78|CG0077078|-20|-78
143|3|1|1000|6|CG0077082|-21|-77|CG0077083|-17|-78|CG0077084|-27|-76|CG0077085|-19|-77|CG0077086|-21|-79|CG0077087|-25|-76
143|3|2|400|1|CG0188507|-36|-53
143|3|3|400|6|CG0077052|-26|-69|CG0077053|-29|-71|CG0077054|-45|-70|CG0077055|-29|-69|CG0077056|-31|-71|CG0077057|-44|-70
143|3|4|100|1|CG0196464|-10|-51
143|3|5|1300|36|CG0077044|-42|-76|CG0077044|-42|-76|CG0077044|-42|-76|CG0077044|-42|-76|CG0077045|-37|-74|CG0077045|-37|-74|CG0077045|-37|-74|CG0077045|-37|-74|CG0077046|-23|-73|CG0077046|-23|-73|CG0077046|-23|-73|CG0077046|-23|-73|CG0077046|-23|-73|CG0077046|-23|-73|CG0077046|-23|-73|CG0077046|-23|-73|CG0077047|-25|-73|CG0077047|-25|-73|CG0077048|-5|-72|CG0077048|-5|-72|CG0077049|-5|-72|CG0077049|-5|-72|CG0077049|-5|-72|CG0077049|-5|-72|CG0077049|-5|-72|CG0077049|-5|-72|CG0077049|-5|-72|CG0077049|-5|-72|CG0077050|-5|-71|CG0077050|-5|-71|CG0077050|-5|-71|CG0077050|-5|-71|CG0077051|-33|-73|CG0077051|-33|-73|CG0077051|-33|-73|CG0077051|-33|-73
143|3|6|1500|9|CG0077071|-13|-78|CG0077071|-13|-78|CG0077072|-11|-77|CG0077072|-11|-77|CG0077072|-11|-77|CG0077072|-11|-77|CG0077072|-11|-77|CG0077072|-11|-77|CG0077073|-27|-92
143|3|7|1200|11|CG0075861|-14|-77|CG0075861|-14|-77|CG0075861|-14|-77|CG0075862|-16|-75|CG0075863|-15|-71|CG0075863|-15|-71|CG0075863|-15|-71|CG0075863|-15|-71|CG0075864|-15|-66|CG0075865|-15|-65|CG0075866|-15|-70
143|3|8|1000|2|CG0077066|-12|-66|CG0077067|-51|-70
143|3|9|1000|1|CG0077068|-15|-69
143|3|10|1200|7|CG0077060|-14|-77|CG0077061|-19|-68|CG0077062|-20|-54|CG0077062|-20|-54|CG0077063|-20|-44|CG0077064|-20|-30|CG0077065|-21|-21
143|4|0|1500|4|CG0077123|-26|-78|CG0077124|-26|-78|CG0077125|-26|-78|CG0077124|-26|-78
143|4|1|1000|6|CG0077128|-26|-78|CG0077129|-25|-79|CG0077130|-24|-76|CG0077131|-26|-78|CG0077132|-28|-79|CG0077133|-28|-77
143|4|2|400|1|CG0188552|-25|-51
143|4|3|400|6|CG0077098|-17|-63|CG0077099|-26|-65|CG0077100|-36|-64|CG0077101|-25|-63|CG0077102|-20|-65|CG0077103|-28|-64
143|4|4|100|1|CG0196504|-21|-46
143|4|5|1300|36|CG0077090|-41|-78|CG0077090|-41|-78|CG0077090|-41|-78|CG0077090|-41|-78|CG0077091|-37|-71|CG0077091|-37|-71|CG0077091|-37|-71|CG0077091|-37|-71|CG0077092|-27|-66|CG0077092|-27|-66|CG0077092|-27|-66|CG0077092|-27|-66|CG0077092|-27|-66|CG0077092|-27|-66|CG0077092|-27|-66|CG0077092|-27|-66|CG0077093|-25|-65|CG0077093|-25|-65|CG0077094|-3|-62|CG0077094|-3|-62|CG0077095|-3|-61|CG0077095|-3|-61|CG0077095|-3|-61|CG0077095|-3|-61|CG0077095|-3|-61|CG0077095|-3|-61|CG0077095|-3|-61|CG0077095|-3|-61|CG0077096|-6|-63|CG0077096|-6|-63|CG0077096|-6|-63|CG0077096|-6|-63|CG0077097|-36|-72|CG0077097|-36|-72|CG0077097|-36|-72|CG0077097|-36|-72
143|4|6|1500|9|CG0077117|-14|-78|CG0077117|-14|-78|CG0077118|-20|-77|CG0077118|-20|-77|CG0077118|-20|-77|CG0077118|-20|-77|CG0077118|-20|-77|CG0077118|-20|-77|CG0077119|-13|-98
143|4|7|1200|11|CG0075926|-14|-77|CG0075926|-14|-77|CG0075926|-14|-77|CG0075927|-12|-74|CG0075928|-12|-65|CG0075928|-12|-65|CG0075928|-12|-65|CG0075928|-12|-65|CG0075929|-10|-56|CG0075930|-7|-54|CG0075931|-23|-60
143|4|8|1000|2|CG0077112|-17|-59|CG0077113|-38|-81
143|4|9|1000|1|CG0077114|-16|-65
143|4|10|1200|7|CG0077106|-26|-78|CG0077107|-33|-66|CG0077108|-23|-47|CG0077108|-23|-47|CG0077109|-24|-33|CG0077110|-23|-15|CG0077111|-22|-14
143|5|0|1500|4|CG0077169|-17|-78|CG0077170|-18|-78|CG0077171|-19|-78|CG0077170|-18|-78
143|5|1|1000|6|CG0077174|-20|-78|CG0077175|-20|-79|CG0077176|-19|-77|CG0077177|-20|-78|CG0077178|-19|-79|CG0077179|-19|-77
143|5|2|400|1|CG0188597|-19|-60
143|5|3|400|6|CG0077144|-23|-60|CG0077145|-23|-62|CG0077146|-23|-61|CG0077147|-23|-60|CG0077148|-23|-62|CG0077149|-23|-61
143|5|4|100|1|CG0196544|-24|-45
143|5|5|1300|36|CG0077136|-22|-79|CG0077136|-22|-79|CG0077136|-22|-79|CG0077136|-22|-79|CG0077137|-22|-70|CG0077137|-22|-70|CG0077137|-22|-70|CG0077137|-22|-70|CG0077138|-17|-61|CG0077138|-17|-61|CG0077138|-17|-61|CG0077138|-17|-61|CG0077138|-17|-61|CG0077138|-17|-61|CG0077138|-17|-61|CG0077138|-17|-61|CG0077139|-15|-61|CG0077139|-15|-61|CG0077140|-14|-56|CG0077140|-14|-56|CG0077141|-14|-56|CG0077141|-14|-56|CG0077141|-14|-56|CG0077141|-14|-56|CG0077141|-14|-56|CG0077141|-14|-56|CG0077141|-14|-56|CG0077141|-14|-56|CG0077142|-15|-59|CG0077142|-15|-59|CG0077142|-15|-59|CG0077142|-15|-59|CG0077143|-22|-72|CG0077143|-22|-72|CG0077143|-22|-72|CG0077143|-22|-72
143|5|6|1500|9|CG0077163|-30|-78|CG0077163|-30|-78|CG0077164|-46|-77|CG0077164|-46|-77|CG0077164|-46|-77|CG0077164|-46|-77|CG0077164|-46|-77|CG0077164|-46|-77|CG0077165|-31|-95
143|5|7|1200|11|CG0075991|-17|-77|CG0075991|-17|-77|CG0075991|-17|-77|CG0075992|-16|-72|CG0075993|-16|-59|CG0075993|-16|-59|CG0075993|-16|-59|CG0075993|-16|-59|CG0075994|-20|-49|CG0075995|-20|-49|CG0075996|-30|-62
143|5|8|1000|2|CG0077158|-17|-56|CG0077159|-31|-85
143|5|9|1000|1|CG0077160|-28|-73
143|5|10|1200|7|CG0077152|-26|-78|CG0077153|-29|-66|CG0077154|-31|-45|CG0077154|-31|-45|CG0077155|-23|-32|CG0077156|-22|-17|CG0077157|-21|-16
143|6|0|1500|4|CG0077215|-35|-77|CG0077216|-34|-77|CG0077217|-32|-77|CG0077216|-34|-77
143|6|1|1000|6|CG0077220|-35|-78|CG0077221|-37|-79|CG0077222|-38|-77|CG0077223|-35|-78|CG0077224|-34|-79|CG0077225|-33|-77
143|6|2|400|1|CG0188642|-38|-63
143|6|3|400|6|CG0077190|-52|-63|CG0077191|-52|-65|CG0077192|-52|-64|CG0077193|-52|-63|CG0077194|-52|-65|CG0077195|-52|-64
143|6|4|100|1|CG0196584|-20|-48
143|6|5|1300|36|CG0077182|-35|-78|CG0077182|-35|-78|CG0077182|-35|-78|CG0077182|-35|-78|CG0077183|-41|-71|CG0077183|-41|-71|CG0077183|-41|-71|CG0077183|-41|-71|CG0077184|-43|-64|CG0077184|-43|-64|CG0077184|-43|-64|CG0077184|-43|-64|CG0077184|-43|-64|CG0077184|-43|-64|CG0077184|-43|-64|CG0077184|-43|-64|CG0077185|-44|-63|CG0077185|-44|-63|CG0077186|-80|-59|CG0077186|-80|-59|CG0077187|-80|-59|CG0077187|-80|-59|CG0077187|-80|-59|CG0077187|-80|-59|CG0077187|-80|-59|CG0077187|-80|-59|CG0077187|-80|-59|CG0077187|-80|-59|CG0077188|-65|-62|CG0077188|-65|-62|CG0077188|-65|-62|CG0077188|-65|-62|CG0077189|-40|-74|CG0077189|-40|-74|CG0077189|-40|-74|CG0077189|-40|-74
143|6|6|1500|9|CG0077209|-35|-78|CG0077209|-35|-78|CG0077210|-45|-77|CG0077210|-45|-77|CG0077210|-45|-77|CG0077210|-45|-77|CG0077210|-45|-77|CG0077210|-45|-77|CG0077211|-40|-86
143|6|7|1200|11|CG0076056|-22|-77|CG0076056|-22|-77|CG0076056|-22|-77|CG0076057|-18|-72|CG0076058|-23|-58|CG0076058|-23|-58|CG0076058|-23|-58|CG0076058|-23|-58|CG0076059|-31|-50|CG0076060|-48|-53|CG0076061|-32|-71
143|6|8|1000|2|CG0077204|-42|-59|CG0077205|-29|-85
143|6|9|1000|1|CG0077206|-25|-83
143|6|10|1200|7|CG0077198|-24|-77|CG0077199|-30|-67|CG0077200|-34|-50|CG0077200|-34|-50|CG0077201|-44|-42|CG0077202|-56|-21|CG0077203|-61|-18
143|7|0|1500|4|CG0077261|-37|-77|CG0077262|-38|-77|CG0077263|-38|-77|CG0077262|-38|-77
143|7|1|1000|6|CG0077266|-39|-77|CG0077267|-40|-78|CG0077268|-42|-76|CG0077269|-39|-77|CG0077270|-37|-79|CG0077271|-36|-76
143|7|2|400|1|CG0188687|-44|-60
143|7|3|400|6|CG0077236|-50|-70|CG0077237|-51|-71|CG0077238|-51|-70|CG0077239|-50|-70|CG0077240|-51|-71|CG0077241|-51|-70
143|7|4|100|1|CG0196624|-25|-51
143|7|5|1300|36|CG0077228|-30|-76|CG0077228|-30|-76|CG0077228|-30|-76|CG0077228|-30|-76|CG0077229|-36|-74|CG0077229|-36|-74|CG0077229|-36|-74|CG0077229|-36|-74|CG0077230|-50|-70|CG0077230|-50|-70|CG0077230|-50|-70|CG0077230|-50|-70|CG0077230|-50|-70|CG0077230|-50|-70|CG0077230|-50|-70|CG0077230|-50|-70|CG0077231|-48|-70|CG0077231|-48|-70|CG0077232|-102|-69|CG0077232|-102|-69|CG0077233|-103|-69|CG0077233|-103|-69|CG0077233|-103|-69|CG0077233|-103|-69|CG0077233|-103|-69|CG0077233|-103|-69|CG0077233|-103|-69|CG0077233|-103|-69|CG0077234|-85|-71|CG0077234|-85|-71|CG0077234|-85|-71|CG0077234|-85|-71|CG0077235|-37|-75|CG0077235|-37|-75|CG0077235|-37|-75|CG0077235|-37|-75
143|7|6|1500|9|CG0077255|-22|-79|CG0077255|-22|-79|CG0077256|-20|-84|CG0077256|-20|-84|CG0077256|-20|-84|CG0077256|-20|-84|CG0077256|-20|-84|CG0077256|-20|-84|CG0077257|-26|-81
143|7|7|1200|11|CG0076121|-16|-76|CG0076121|-16|-76|CG0076121|-16|-76|CG0076122|-23|-73|CG0076123|-27|-62|CG0076123|-27|-62|CG0076123|-27|-62|CG0076123|-27|-62|CG0076124|-38|-59|CG0076125|-56|-65|CG0076126|-40|-75
143|7|8|1000|2|CG0077250|-47|-66|CG0077251|-29|-85
143|7|9|1000|1|CG0077252|-38|-89
143|7|10|1200|7|CG0077244|-37|-77|CG0077245|-46|-69|CG0077246|-57|-57|CG0077246|-57|-57|CG0077247|-63|-55|CG0077248|-76|-42|CG0077249|-79|-24
