165|0|0|1500|4|CG0085908|-30|-88|CG0085909|-26|-88|CG0085910|-21|-88|CG0085909|-26|-88
165|0|1|1000|6|CG0085913|-31|-88|CG0085914|-28|-89|CG0085915|-32|-85|CG0085916|-30|-88|CG0085917|-33|-89|CG0085918|-36|-85
165|0|2|400|1|CG0188372|-32|-70
165|0|3|600|6|CG0085882|-34|-83|CG0085883|-31|-88|CG0085884|-35|-85|CG0085885|-31|-81|CG0085886|-38|-88|CG0085887|-33|-87
165|0|4|100|1|CG0196344|-27|-55
165|0|5|1500|32|CG0085874|-28|-89|CG0085874|-28|-89|CG0085874|-28|-89|CG0085874|-28|-89|CG0085875|-23|-86|CG0085875|-23|-86|CG0085875|-23|-86|CG0085875|-23|-86|CG0085876|-23|-97|CG0085876|-23|-97|CG0085876|-23|-97|CG0085876|-23|-97|CG0085876|-23|-97|CG0085876|-23|-97|CG0085877|-44|-105|CG0085877|-44|-105|CG0085878|-66|-125|CG0085878|-66|-125|CG0085879|-84|-89|CG0085879|-84|-89|CG0085879|-84|-89|CG0085879|-84|-89|CG0085879|-84|-89|CG0085879|-84|-89|CG0085880|-70|-94|CG0085880|-70|-94|CG0085880|-70|-94|CG0085880|-70|-94|CG0085881|-39|-93|CG0085881|-39|-93|CG0085881|-39|-93|CG0085881|-39|-93
165|0|6|1200|17|CG0085901|-32|-101|CG0085901|-32|-101|CG0085901|-32|-101|CG0085902|-43|-96|CG0085902|-43|-96|CG0085902|-43|-96|CG0085903|-41|-88|CG0085903|-41|-88|CG0085904|-24|-121|CG0085904|-24|-121|CG0085904|-24|-121|CG0085904|-24|-121|CG0085904|-24|-121|CG0085904|-24|-121|CG0085904|-24|-121|CG0085904|-24|-121|CG0085904|-24|-121
165|0|7|2000|17|CG0085379|-31|-87|CG0085379|-31|-87|CG0085380|-26|-86|CG0085380|-26|-86|CG0085381|-15|-93|CG0085381|-15|-93|CG0085381|-15|-93|CG0085381|-15|-93|CG0085382|-30|-84|CG0085383|-45|-98|CG0085384|-67|-83|CG0085384|-67|-83|CG0085384|-67|-83|CG0085385|-50|-91|CG0085385|-50|-91|CG0085386|-32|-89|CG0085386|-32|-89
165|0|8|1000|2|CG0085896|-39|-92|CG0085897|-34|-103
165|0|9|1000|1|CG0085898|-61|-66
165|0|10|1500|20|CG0085890|-30|-104|CG0085890|-30|-104|CG0085890|-30|-104|CG0085891|-36|-90|CG0085891|-36|-90|CG0085891|-36|-90|CG0085892|-39|-83|CG0085892|-39|-83|CG0085892|-39|-83|CG0085892|-39|-83|CG0085892|-39|-83|CG0085892|-39|-83|CG0085893|-74|-71|CG0085893|-74|-71|CG0085894|-80|-65|CG0085894|-80|-65|CG0085894|-80|-65|CG0085895|-84|-44|CG0085895|-84|-44|CG0085895|-84|-44
165|1|0|1500|4|CG0085955|-26|-89|CG0085956|-26|-89|CG0085957|-27|-89|CG0085956|-26|-89
165|1|1|1000|6|CG0085960|-30|-88|CG0085961|-30|-90|CG0085962|-31|-86|CG0085963|-30|-88|CG0085964|-28|-90|CG0085965|-28|-86
165|1|2|400|1|CG0188417|-17|-71
165|1|3|600|6|CG0085929|-29|-84|CG0085930|-35|-90|CG0085931|-33|-87|CG0085932|-33|-83|CG0085933|-27|-90|CG0085934|-23|-87
165|1|4|100|1|CG0196384|-26|-58
165|1|5|1500|32|CG0085921|-18|-88|CG0085921|-18|-88|CG0085921|-18|-88|CG0085921|-18|-88|CG0085922|-13|-84|CG0085922|-13|-84|CG0085922|-13|-84|CG0085922|-13|-84|CG0085923|-12|-83|CG0085923|-12|-83|CG0085923|-12|-83|CG0085923|-12|-83|CG0085923|-12|-83|CG0085923|-12|-83|CG0085924|-20|-96|CG0085924|-20|-96|CG0085925|-34|-128|CG0085925|-34|-128|CG0085926|-33|-96|CG0085926|-33|-96|CG0085926|-33|-96|CG0085926|-33|-96|CG0085926|-33|-96|CG0085926|-33|-96|CG0085927|-35|-97|CG0085927|-35|-97|CG0085927|-35|-97|CG0085927|-35|-97|CG0085928|-21|-95|CG0085928|-21|-95|CG0085928|-21|-95|CG0085928|-21|-95
165|1|6|1200|17|CG0085948|-26|-103|CG0085948|-26|-103|CG0085948|-26|-103|CG0085949|-39|-100|CG0085949|-39|-100|CG0085949|-39|-100|CG0085950|-33|-100|CG0085950|-33|-100|CG0085951|-23|-124|CG0085951|-23|-124|CG0085951|-23|-124|CG0085951|-23|-124|CG0085951|-23|-124|CG0085951|-23|-124|CG0085951|-23|-124|CG0085951|-23|-124|CG0085951|-23|-124
165|1|7|2000|17|CG0085447|-20|-87|CG0085447|-20|-87|CG0085448|-15|-78|CG0085448|-15|-78|CG0085449|-7|-89|CG0085449|-7|-89|CG0085449|-7|-89|CG0085449|-7|-89|CG0085450|-7|-83|CG0085451|-37|-99|CG0085452|-37|-94|CG0085452|-37|-94|CG0085452|-37|-94|CG0085453|-37|-96|CG0085453|-37|-96|CG0085454|-23|-88|CG0085454|-23|-88
165|1|8|1000|2|CG0085943|-24|-95|CG0085944|-21|-80
165|1|9|1000|1|CG0085945|-45|-68
165|1|10|1500|20|CG0085937|-22|-109|CG0085937|-22|-109|CG0085937|-22|-109|CG0085938|-24|-95|CG0085938|-24|-95|CG0085938|-24|-95|CG0085939|-25|-88|CG0085939|-25|-88|CG0085939|-25|-88|CG0085939|-25|-88|CG0085939|-25|-88|CG0085939|-25|-88|CG0085940|-41|-75|CG0085940|-41|-75|CG0085941|-35|-71|CG0085941|-35|-71|CG0085941|-35|-71|CG0085942|-26|-53|CG0085942|-26|-53|CG0085942|-26|-53
165|2|0|1500|4|CG0086002|-25|-88|CG0086003|-24|-88|CG0086004|-23|-88|CG0086003|-24|-88
165|2|1|1000|6|CG0086007|-21|-88|CG0086008|-23|-89|CG0086009|-25|-85|CG0086010|-21|-88|CG0086011|-19|-89|CG0086012|-27|-85
165|2|2|400|1|CG0188462|-33|-62
165|2|3|600|6|CG0085976|-26|-81|CG0085977|-24|-88|CG0085978|-33|-86|CG0085979|-22|-83|CG0085980|-25|-88|CG0085981|-36|-84
165|2|4|100|1|CG0196424|-14|-57
165|2|5|1500|32|CG0085968|-12|-87|CG0085968|-12|-87|CG0085968|-12|-87|CG0085968|-12|-87|CG0085969|-32|-84|CG0085969|-32|-84|CG0085969|-32|-84|CG0085969|-32|-84|CG0085970|-42|-83|CG0085970|-42|-83|CG0085970|-42|-83|CG0085970|-42|-83|CG0085970|-42|-83|CG0085970|-42|-83|CG0085971|-31|-91|CG0085971|-31|-91|CG0085972|-5|-111|CG0085972|-5|-111|CG0085973|-9|-88|CG0085973|-9|-88|CG0085973|-9|-88|CG0085973|-9|-88|CG0085973|-9|-88|CG0085973|-9|-88|CG0085974|-1|-89|CG0085974|-1|-89|CG0085974|-1|-89|CG0085974|-1|-89|CG0085975|-2|-90|CG0085975|-2|-90|CG0085975|-2|-90|CG0085975|-2|-90
165|2|6|1200|17|CG0085995|-18|-90|CG0085995|-18|-90|CG0085995|-18|-90|CG0085996|-19|-89|CG0085996|-19|-89|CG0085996|-19|-89|CG0085997|-20|-107|CG0085997|-20|-107|CG0085998|-15|-119|CG0085998|-15|-119|CG0085998|-15|-119|CG0085998|-15|-119|CG0085998|-15|-119|CG0085998|-15|-119|CG0085998|-15|-119|CG0085998|-15|-119|CG0085998|-15|-119
165|2|7|2000|17|CG0085515|-12|-86|CG0085515|-12|-86|CG0085516|-18|-77|CG0085516|-18|-77|CG0085517|-21|-83|CG0085517|-21|-83|CG0085517|-21|-83|CG0085517|-21|-83|CG0085518|-9|-74|CG0085519|-14|-88|CG0085520|-15|-90|CG0085520|-15|-90|CG0085520|-15|-90|CG0085521|-11|-92|CG0085521|-11|-92|CG0085522|-9|-84|CG0085522|-9|-84
165|2|8|1000|2|CG0085990|-22|-80|CG0085991|-33|-83
165|2|9|1000|1|CG0085992|-21|-76
165|2|10|1500|20|CG0085984|-14|-103|CG0085984|-14|-103|CG0085984|-14|-103|CG0085985|-13|-86|CG0085985|-13|-86|CG0085985|-13|-86|CG0085986|-18|-79|CG0085986|-18|-79|CG0085986|-18|-79|CG0085986|-18|-79|CG0085986|-18|-79|CG0085986|-18|-79|CG0085987|-31|-71|CG0085987|-31|-71|CG0085988|-29|-69|CG0085988|-29|-69|CG0085988|-29|-69|CG0085989|-32|-46|CG0085989|-32|-46|CG0085989|-32|-46
165|3|0|1500|4|CG0086049|-23|-87|CG0086050|-24|-87|CG0086051|-26|-87|CG0086050|-24|-87
165|3|1|1000|6|CG0086054|-20|-86|CG0086055|-19|-88|CG0086056|-29|-84|CG0086057|-20|-86|CG0086058|-22|-88|CG0086059|-28|-84
165|3|2|400|1|CG0188507|-36|-53
165|3|3|600|6|CG0086023|-19|-78|CG0086024|-25|-85|CG0086025|-33|-84|CG0086026|-20|-80|CG0086027|-24|-85|CG0086028|-33|-80
165|3|4|100|1|CG0196464|-10|-51
165|3|5|1500|32|CG0086015|-23|-86|CG0086015|-23|-86|CG0086015|-23|-86|CG0086015|-23|-86|CG0086016|-39|-84|CG0086016|-39|-84|CG0086016|-39|-84|CG0086016|-39|-84|CG0086017|-51|-83|CG0086017|-51|-83|CG0086017|-51|-83|CG0086017|-51|-83|CG0086017|-51|-83|CG0086017|-51|-83|CG0086018|-61|-103|CG0086018|-61|-103|CG0086019|3|-75|CG0086019|3|-75|CG0086020|-1|-81|CG0086020|-1|-81|CG0086020|-1|-81|CG0086020|-1|-81|CG0086020|-1|-81|CG0086020|-1|-81|CG0086021|7|-69|CG0086021|7|-69|CG0086021|7|-69|CG0086021|7|-69|CG0086022|-1|-83|CG0086022|-1|-83|CG0086022|-1|-83|CG0086022|-1|-83
165|3|6|1200|17|CG0086042|-13|-87|CG0086042|-13|-87|CG0086042|-13|-87|CG0086043|-17|-88|CG0086043|-17|-88|CG0086043|-17|-88|CG0086044|-13|-104|CG0086044|-13|-104|CG0086045|-10|-109|CG0086045|-10|-109|CG0086045|-10|-109|CG0086045|-10|-109|CG0086045|-10|-109|CG0086045|-10|-109|CG0086045|-10|-109|CG0086045|-10|-109|CG0086045|-10|-109
165|3|7|2000|17|CG0085583|-22|-85|CG0085583|-22|-85|CG0085584|-35|-80|CG0085584|-35|-80|CG0085585|-38|-80|CG0085585|-38|-80|CG0085585|-38|-80|CG0085585|-38|-80|CG0085586|-42|-71|CG0085587|-14|-79|CG0085588|-8|-73|CG0085588|-8|-73|CG0085588|-8|-73|CG0085589|-9|-78|CG0085589|-9|-78|CG0085590|-16|-80|CG0085590|-16|-80
165|3|8|1000|2|CG0086037|-24|-69|CG0086038|-43|-82
165|3|9|1000|1|CG0086039|-17|-68
165|3|10|1500|20|CG0086031|-11|-88|CG0086031|-11|-88|CG0086031|-11|-88|CG0086032|-16|-75|CG0086032|-16|-75|CG0086032|-16|-75|CG0086033|-30|-64|CG0086033|-30|-64|CG0086033|-30|-64|CG0086033|-30|-64|CG0086033|-30|-64|CG0086033|-30|-64|CG0086034|-31|-63|CG0086034|-31|-63|CG0086035|-30|-50|CG0086035|-30|-50|CG0086035|-30|-50|CG0086036|-29|-24|CG0086036|-29|-24|CG0086036|-29|-24
165|4|0|1500|4|CG0086096|-30|-86|CG0086097|-29|-86|CG0086098|-29|-86|CG0086097|-29|-86
165|4|1|1000|6|CG0086101|-33|-85|CG0086102|-32|-87|CG0086103|-32|-83|CG0086104|-33|-85|CG0086105|-35|-87|CG0086106|-35|-83
165|4|2|400|1|CG0188552|-25|-51
165|4|3|600|6|CG0086070|-36|-74|CG0086071|-35|-82|CG0086072|-35|-80|CG0086073|-34|-76|CG0086074|-35|-82|CG0086075|-36|-77
165|4|4|100|1|CG0196504|-21|-46
165|4|5|1500|32|CG0086062|-27|-84|CG0086062|-27|-84|CG0086062|-27|-84|CG0086062|-27|-84|CG0086063|-36|-84|CG0086063|-36|-84|CG0086063|-36|-84|CG0086063|-36|-84|CG0086064|-52|-83|CG0086064|-52|-83|CG0086064|-52|-83|CG0086064|-52|-83|CG0086064|-52|-83|CG0086064|-52|-83|CG0086065|-54|-123|CG0086065|-54|-123|CG0086066|5|-57|CG0086066|5|-57|CG0086067|3|-67|CG0086067|3|-67|CG0086067|3|-67|CG0086067|3|-67|CG0086067|3|-67|CG0086067|3|-67|CG0086068|6|-49|CG0086068|6|-49|CG0086068|6|-49|CG0086068|6|-49|CG0086069|-19|-76|CG0086069|-19|-76|CG0086069|-19|-76|CG0086069|-19|-76
165|4|6|1200|17|CG0086089|-18|-86|CG0086089|-18|-86|CG0086089|-18|-86|CG0086090|-26|-87|CG0086090|-26|-87|CG0086090|-26|-87|CG0086091|-20|-93|CG0086091|-20|-93|CG0086092|-15|-98|CG0086092|-15|-98|CG0086092|-15|-98|CG0086092|-15|-98|CG0086092|-15|-98|CG0086092|-15|-98|CG0086092|-15|-98|CG0086092|-15|-98|CG0086092|-15|-98
165|4|7|2000|17|CG0085651|-24|-84|CG0085651|-24|-84|CG0085652|-33|-86|CG0085652|-33|-86|CG0085653|-43|-81|CG0085653|-43|-81|CG0085653|-43|-81|CG0085653|-43|-81|CG0085654|-56|-77|CG0085655|-19|-68|CG0085656|-15|-52|CG0085656|-15|-52|CG0085656|-15|-52|CG0085657|-14|-60|CG0085657|-14|-60|CG0085658|-22|-77|CG0085658|-22|-77
165|4|8|1000|2|CG0086084|-21|-60|CG0086085|-58|-90
165|4|9|1000|1|CG0086086|-20|-51
165|4|10|1500|20|CG0086078|-16|-81|CG0086078|-16|-81|CG0086078|-16|-81|CG0086079|-20|-71|CG0086079|-20|-71|CG0086079|-20|-71|CG0086080|-31|-60|CG0086080|-31|-60|CG0086080|-31|-60|CG0086080|-31|-60|CG0086080|-31|-60|CG0086080|-31|-60|CG0086081|-32|-55|CG0086081|-32|-55|CG0086082|-30|-31|CG0086082|-30|-31|CG0086082|-30|-31|CG0086083|-30|-27|CG0086083|-30|-27|CG0086083|-30|-27
165|5|0|1500|4|CG0086143|-23|-85|CG0086144|-22|-85|CG0086145|-26|-85|CG0086144|-22|-85
165|5|1|1000|6|CG0086148|-31|-84|CG0086149|-31|-86|CG0086150|-30|-82|CG0086151|-31|-84|CG0086152|-30|-86|CG0086153|-30|-82
165|5|2|400|1|CG0188597|-19|-60
165|5|3|600|6|CG0086117|-35|-74|CG0086118|-34|-80|CG0086119|-34|-77|CG0086120|-33|-74|CG0086121|-34|-80|CG0086122|-35|-77
165|5|4|100|1|CG0196544|-24|-45
165|5|5|1500|32|CG0086109|-62|-84|CG0086109|-62|-84|CG0086109|-62|-84|CG0086109|-62|-84|CG0086110|-60|-84|CG0086110|-60|-84|CG0086110|-60|-84|CG0086110|-60|-84|CG0086111|-51|-96|CG0086111|-51|-96|CG0086111|-51|-96|CG0086111|-51|-96|CG0086111|-51|-96|CG0086111|-51|-96|CG0086112|-31|-128|CG0086112|-31|-128|CG0086113|-31|-50|CG0086113|-31|-50|CG0086114|-31|-53|CG0086114|-31|-53|CG0086114|-31|-53|CG0086114|-31|-53|CG0086114|-31|-53|CG0086114|-31|-53|CG0086115|-31|-43|CG0086115|-31|-43|CG0086115|-31|-43|CG0086115|-31|-43|CG0086116|-30|-74|CG0086116|-30|-74|CG0086116|-30|-74|CG0086116|-30|-74
165|5|6|1200|17|CG0086136|-25|-85|CG0086136|-25|-85|CG0086136|-25|-85|CG0086137|-41|-85|CG0086137|-41|-85|CG0086137|-41|-85|CG0086138|-38|-85|CG0086138|-38|-85|CG0086139|-22|-96|CG0086139|-22|-96|CG0086139|-22|-96|CG0086139|-22|-96|CG0086139|-22|-96|CG0086139|-22|-96|CG0086139|-22|-96|CG0086139|-22|-96|CG0086139|-22|-96
165|5|7|2000|17|CG0085719|-24|-84|CG0085719|-24|-84|CG0085720|-29|-90|CG0085720|-29|-90|CG0085721|-35|-87|CG0085721|-35|-87|CG0085721|-35|-87|CG0085721|-35|-87|CG0085722|-39|-82|CG0085723|-29|-61|CG0085724|-17|-40|CG0085724|-17|-40|CG0085724|-17|-40|CG0085725|-18|-52|CG0085725|-18|-52|CG0085726|-27|-78|CG0085726|-27|-78
165|5|8|1000|2|CG0086131|-24|-56|CG0086132|-73|-95
165|5|9|1000|1|CG0086133|-36|-47
165|5|10|1500|20|CG0086125|-23|-80|CG0086125|-23|-80|CG0086125|-23|-80|CG0086126|-22|-69|CG0086126|-22|-69|CG0086126|-22|-69|CG0086127|-24|-58|CG0086127|-24|-58|CG0086127|-24|-58|CG0086127|-24|-58|CG0086127|-24|-58|CG0086127|-24|-58|CG0086128|-29|-52|CG0086128|-29|-52|CG0086129|-35|-26|CG0086129|-35|-26|CG0086129|-35|-26|CG0086130|-44|-26|CG0086130|-44|-26|CG0086130|-44|-26
165|6|0|1500|4|CG0086190|-54|-86|CG0086191|-56|-86|CG0086192|-58|-86|CG0086191|-56|-86
165|6|1|1000|6|CG0086195|-62|-85|CG0086196|-63|-87|CG0086197|-63|-83|CG0086198|-62|-85|CG0086199|-60|-87|CG0086200|-60|-83
165|6|2|400|1|CG0188642|-38|-63
165|6|3|600|6|CG0086164|-62|-77|CG0086165|-61|-82|CG0086166|-61|-78|CG0086167|-60|-74|CG0086168|-61|-82|CG0086169|-62|-80
165|6|4|100|1|CG0196584|-20|-48
165|6|5|1500|32|CG0086156|-62|-85|CG0086156|-62|-85|CG0086156|-62|-85|CG0086156|-62|-85|CG0086157|-49|-84|CG0086157|-49|-84|CG0086157|-49|-84|CG0086157|-49|-84|CG0086158|-38|-108|CG0086158|-38|-108|CG0086158|-38|-108|CG0086158|-38|-108|CG0086158|-38|-108|CG0086158|-38|-108|CG0086159|-32|-128|CG0086159|-32|-128|CG0086160|-111|-60|CG0086160|-111|-60|CG0086161|-81|-47|CG0086161|-81|-47|CG0086161|-81|-47|CG0086161|-81|-47|CG0086161|-81|-47|CG0086161|-81|-47|CG0086162|-96|-55|CG0086162|-96|-55|CG0086162|-96|-55|CG0086162|-96|-55|CG0086163|-74|-79|CG0086163|-74|-79|CG0086163|-74|-79|CG0086163|-74|-79
165|6|6|1200|17|CG0086183|-62|-86|CG0086183|-62|-86|CG0086183|-62|-86|CG0086184|-58|-86|CG0086184|-58|-86|CG0086184|-58|-86|CG0086185|-41|-86|CG0086185|-41|-86|CG0086186|-29|-101|CG0086186|-29|-101|CG0086186|-29|-101|CG0086186|-29|-101|CG0086186|-29|-101|CG0086186|-29|-101|CG0086186|-29|-101|CG0086186|-29|-101|CG0086186|-29|-101
165|6|7|2000|17|CG0085787|-17|-85|CG0085787|-17|-85|CG0085788|-41|-91|CG0085788|-41|-91|CG0085789|-45|-92|CG0085789|-45|-92|CG0085789|-45|-92|CG0085789|-45|-92|CG0085790|-52|-86|CG0085791|-59|-64|CG0085792|-53|-40|CG0085792|-53|-40|CG0085792|-53|-40|CG0085793|-50|-59|CG0085793|-50|-59|CG0085794|-29|-82|CG0085794|-29|-82
165|6|8|1000|2|CG0086178|-71|-60|CG0086179|-48|-104
165|6|9|1000|1|CG0086180|-45|-51
165|6|10|1500|20|CG0086172|-36|-81|CG0086172|-36|-81|CG0086172|-36|-81|CG0086173|-47|-71|CG0086173|-47|-71|CG0086173|-47|-71|CG0086174|-50|-60|CG0086174|-50|-60|CG0086174|-50|-60|CG0086174|-50|-60|CG0086174|-50|-60|CG0086174|-50|-60|CG0086175|-41|-55|CG0086175|-41|-55|CG0086176|-58|-34|CG0086176|-58|-34|CG0086176|-58|-34|CG0086177|-78|-25|CG0086177|-78|-25|CG0086177|-78|-25
165|7|0|1500|4|CG0086237|-58|-87|CG0086238|-57|-87|CG0086239|-54|-87|CG0086238|-57|-87
165|7|1|1000|6|CG0086242|-61|-86|CG0086243|-63|-88|CG0086244|-63|-84|CG0086245|-61|-86|CG0086246|-60|-88|CG0086247|-58|-84
165|7|2|400|1|CG0188687|-44|-60
165|7|3|600|6|CG0086211|-62|-80|CG0086212|-63|-85|CG0086213|-63|-80|CG0086214|-62|-77|CG0086215|-63|-85|CG0086216|-63|-84
165|7|4|100|1|CG0196624|-25|-51
165|7|5|1500|32|CG0086203|-32|-89|CG0086203|-32|-89|CG0086203|-32|-89|CG0086203|-32|-89|CG0086204|-30|-85|CG0086204|-30|-85|CG0086204|-30|-85|CG0086204|-30|-85|CG0086205|-27|-109|CG0086205|-27|-109|CG0086205|-27|-109|CG0086205|-27|-109|CG0086205|-27|-109|CG0086205|-27|-109|CG0086206|-46|-121|CG0086206|-46|-121|CG0086207|-121|-91|CG0086207|-121|-91|CG0086208|-116|-66|CG0086208|-116|-66|CG0086208|-116|-66|CG0086208|-116|-66|CG0086208|-116|-66|CG0086208|-116|-66|CG0086209|-115|-77|CG0086209|-115|-77|CG0086209|-115|-77|CG0086209|-115|-77|CG0086210|-74|-87|CG0086210|-74|-87|CG0086210|-74|-87|CG0086210|-74|-87
165|7|6|1200|17|CG0086230|-65|-87|CG0086230|-65|-87|CG0086230|-65|-87|CG0086231|-72|-88|CG0086231|-72|-88|CG0086231|-72|-88|CG0086232|-32|-87|CG0086232|-32|-87|CG0086233|-32|-111|CG0086233|-32|-111|CG0086233|-32|-111|CG0086233|-32|-111|CG0086233|-32|-111|CG0086233|-32|-111|CG0086233|-32|-111|CG0086233|-32|-111|CG0086233|-32|-111
165|7|7|2000|17|CG0085855|-32|-86|CG0085855|-32|-86|CG0085856|-36|-88|CG0085856|-36|-88|CG0085857|-38|-94|CG0085857|-38|-94|CG0085857|-38|-94|CG0085857|-38|-94|CG0085858|-53|-86|CG0085859|-59|-85|CG0085860|-79|-60|CG0085860|-79|-60|CG0085860|-79|-60|CG0085861|-65|-76|CG0085861|-65|-76|CG0085862|-32|-87|CG0085862|-32|-87
165|7|8|1000|2|CG0086225|-76|-71|CG0086226|-35|-113
165|7|9|1000|1|CG0086227|-43|-59
165|7|10|1500|20|CG0086219|-46|-91|CG0086219|-46|-91|CG0086219|-46|-91|CG0086220|-58|-75|CG0086220|-58|-75|CG0086220|-58|-75|CG0086221|-61|-64|CG0086221|-61|-64|CG0086221|-61|-64|CG0086221|-61|-64|CG0086221|-61|-64|CG0086221|-61|-64|CG0086222|-67|-63|CG0086222|-67|-63|CG0086223|-83|-49|CG0086223|-83|-49|CG0086223|-83|-49|CG0086224|-103|-24|CG0086224|-103|-24|CG0086224|-103|-24
