135|0|0|1500|4|CG0073831|-16|-77|CG0073832|-21|-77|CG0073833|-24|-77|CG0073832|-21|-77
135|0|1|1000|6|CG0073836|-20|-77|CG0073837|-18|-78|CG0073838|-25|-76|CG0073839|-16|-77|CG0073840|-20|-79|CG0073841|-22|-76
135|0|2|400|1|CG0188372|-32|-70
135|0|3|400|6|CG0073806|-25|-75|CG0073807|-25|-76|CG0073808|-25|-76|CG0073809|-25|-75|CG0073810|-25|-76|CG0073811|-25|-76
135|0|4|100|1|CG0196344|-27|-55
135|0|5|1500|48|CG0073794|-22|-75|CG0073794|-22|-75|CG0073794|-22|-75|CG0073794|-22|-75|CG0073798|-25|-76|CG0073798|-25|-76|CG0073798|-25|-76|CG0073798|-25|-76|CG0073799|-34|-77|CG0073799|-34|-77|CG0073799|-34|-77|CG0073799|-34|-77|CG0073799|-34|-77|CG0073799|-34|-77|CG0073800|-40|-78|CG0073800|-40|-78|CG0073801|-62|-79|CG0073801|-62|-79|CG0073802|-79|-80|CG0073802|-79|-80|CG0073802|-79|-80|CG0073802|-79|-80|CG0073802|-79|-80|CG0073802|-79|-80|CG0073803|-41|-77|CG0073803|-41|-77|CG0073803|-41|-77|CG0073803|-41|-77|CG0073804|-40|-76|CG0073804|-40|-76|CG0073805|-74|-78|CG0073805|-74|-78|CG0073795|-35|-94|CG0073795|-35|-94|CG0073795|-35|-94|CG0073795|-35|-94|CG0073795|-35|-94|CG0073795|-35|-94|CG0073795|-35|-94|CG0073795|-35|-94|CG0073796|-39|-89|CG0073796|-39|-89|CG0073796|-39|-89|CG0073796|-39|-89|CG0073797|-30|-76|CG0073797|-30|-76|CG0073797|-30|-76|CG0073797|-30|-76
135|0|6|1500|9|CG0073825|-17|-83|CG0073825|-17|-83|CG0073826|-16|-85|CG0073826|-16|-85|CG0073826|-16|-85|CG0073826|-16|-85|CG0073826|-16|-85|CG0073826|-16|-85|CG0073827|-20|-81
135|0|7|1200|11|CG0073322|-19|-77|CG0073322|-19|-77|CG0073322|-19|-77|CG0073323|-19|-75|CG0073324|-30|-68|CG0073324|-30|-68|CG0073324|-30|-68|CG0073324|-30|-68|CG0073325|-35|-69|CG0073326|-35|-73|CG0073327|-34|-75
135|0|8|1000|2|CG0073820|-27|-74|CG0073821|-19|-81
135|0|9|1000|1|CG0073822|-24|-88
135|0|10|1200|7|CG0073814|-30|-77|CG0073815|-35|-71|CG0073816|-46|-64|CG0073816|-46|-64|CG0073817|-52|-64|CG0073818|-48|-58|CG0073819|-63|-44
135|1|0|1500|4|CG0073881|-22|-76|CG0073882|-22|-76|CG0073883|-22|-76|CG0073882|-22|-76
135|1|1|1000|6|CG0073886|-18|-76|CG0073887|-18|-77|CG0073888|-17|-75|CG0073889|-18|-76|CG0073890|-16|-78|CG0073891|-15|-75
135|1|2|400|1|CG0188417|-17|-71
135|1|3|400|6|CG0073856|-29|-77|CG0073857|-28|-78|CG0073858|-28|-77|CG0073859|-28|-77|CG0073860|-28|-78|CG0073861|-28|-77
135|1|4|100|1|CG0196384|-26|-58
135|1|5|1500|48|CG0073844|-15|-74|CG0073844|-15|-74|CG0073844|-15|-74|CG0073844|-15|-74|CG0073848|-17|-77|CG0073848|-17|-77|CG0073848|-17|-77|CG0073848|-17|-77|CG0073849|-15|-81|CG0073849|-15|-81|CG0073849|-15|-81|CG0073849|-15|-81|CG0073849|-15|-81|CG0073849|-15|-81|CG0073850|-24|-81|CG0073850|-24|-81|CG0073851|-22|-84|CG0073851|-22|-84|CG0073852|-50|-89|CG0073852|-50|-89|CG0073852|-50|-89|CG0073852|-50|-89|CG0073852|-50|-89|CG0073852|-50|-89|CG0073853|-39|-82|CG0073853|-39|-82|CG0073853|-39|-82|CG0073853|-39|-82|CG0073854|-25|-81|CG0073854|-25|-81|CG0073855|-27|-83|CG0073855|-27|-83|CG0073845|-32|-85|CG0073845|-32|-85|CG0073845|-32|-85|CG0073845|-32|-85|CG0073845|-32|-85|CG0073845|-32|-85|CG0073845|-32|-85|CG0073845|-32|-85|CG0073846|-30|-92|CG0073846|-30|-92|CG0073846|-30|-92|CG0073846|-30|-92|CG0073847|-20|-76|CG0073847|-20|-76|CG0073847|-20|-76|CG0073847|-20|-76
135|1|6|1500|9|CG0073875|-18|-85|CG0073875|-18|-85|CG0073876|-16|-77|CG0073876|-16|-77|CG0073876|-16|-77|CG0073876|-16|-77|CG0073876|-16|-77|CG0073876|-16|-77|CG0073877|-21|-80
135|1|7|1200|11|CG0073387|-18|-76|CG0073387|-18|-76|CG0073387|-18|-76|CG0073388|-20|-76|CG0073389|-24|-73|CG0073389|-24|-73|CG0073389|-24|-73|CG0073389|-24|-73|CG0073390|-24|-75|CG0073391|-18|-77|CG0073392|-18|-79
135|1|8|1000|2|CG0073870|-17|-77|CG0073871|-30|-75
135|1|9|1000|1|CG0073872|-16|-79
135|1|10|1200|7|CG0073864|-18|-77|CG0073865|-16|-72|CG0073866|-16|-65|CG0073866|-16|-65|CG0073867|-16|-67|CG0073868|-17|-61|CG0073869|-21|-49
135|2|0|1500|4|CG0073931|-18|-78|CG0073932|-19|-78|CG0073933|-20|-78|CG0073932|-19|-78
135|2|1|1000|6|CG0073936|-20|-77|CG0073937|-18|-78|CG0073938|-20|-76|CG0073939|-16|-77|CG0073940|-17|-79|CG0073941|-23|-76
135|2|2|400|1|CG0188462|-33|-62
135|2|3|400|6|CG0073906|-24|-75|CG0073907|-22|-76|CG0073908|-30|-75|CG0073909|-22|-75|CG0073910|-27|-76|CG0073911|-37|-75
135|2|4|100|1|CG0196424|-14|-57
135|2|5|1500|48|CG0073894|-16|-75|CG0073894|-16|-75|CG0073894|-16|-75|CG0073894|-16|-75|CG0073898|-12|-76|CG0073898|-12|-76|CG0073898|-12|-76|CG0073898|-12|-76|CG0073899|-10|-79|CG0073899|-10|-79|CG0073899|-10|-79|CG0073899|-10|-79|CG0073899|-10|-79|CG0073899|-10|-79|CG0073900|-10|-79|CG0073900|-10|-79|CG0073901|-11|-81|CG0073901|-11|-81|CG0073902|-11|-97|CG0073902|-11|-97|CG0073902|-11|-97|CG0073902|-11|-97|CG0073902|-11|-97|CG0073902|-11|-97|CG0073903|-26|-79|CG0073903|-26|-79|CG0073903|-26|-79|CG0073903|-26|-79|CG0073904|-26|-78|CG0073904|-26|-78|CG0073905|-13|-80|CG0073905|-13|-80|CG0073895|-14|-83|CG0073895|-14|-83|CG0073895|-14|-83|CG0073895|-14|-83|CG0073895|-14|-83|CG0073895|-14|-83|CG0073895|-14|-83|CG0073895|-14|-83|CG0073896|-14|-81|CG0073896|-14|-81|CG0073896|-14|-81|CG0073896|-14|-81|CG0073897|-14|-76|CG0073897|-14|-76|CG0073897|-14|-76|CG0073897|-14|-76
135|2|6|1500|9|CG0073925|-14|-83|CG0073925|-14|-83|CG0073926|-15|-78|CG0073926|-15|-78|CG0073926|-15|-78|CG0073926|-15|-78|CG0073926|-15|-78|CG0073926|-15|-78|CG0073927|-33|-81
135|2|7|1200|11|CG0073452|-17|-77|CG0073452|-17|-77|CG0073452|-17|-77|CG0073453|-18|-76|CG0073454|-21|-74|CG0073454|-21|-74|CG0073454|-21|-74|CG0073454|-21|-74|CG0073455|-18|-74|CG0073456|-19|-74|CG0073457|-19|-77
135|2|8|1000|2|CG0073920|-11|-74|CG0073921|-40|-71
135|2|9|1000|1|CG0073922|-19|-74
135|2|10|1200|7|CG0073914|-16|-77|CG0073915|-15|-71|CG0073916|-17|-62|CG0073916|-17|-62|CG0073917|-18|-58|CG0073918|-18|-50|CG0073919|-17|-38
135|3|0|1500|4|CG0073981|-13|-78|CG0073982|-13|-78|CG0073983|-13|-78|CG0073982|-13|-78
135|3|1|1000|6|CG0073986|-21|-77|CG0073987|-17|-78|CG0073988|-27|-76|CG0073989|-19|-77|CG0073990|-18|-79|CG0073991|-25|-76
135|3|2|400|1|CG0188507|-36|-53
135|3|3|400|6|CG0073956|-26|-69|CG0073957|-29|-71|CG0073958|-45|-70|CG0073959|-29|-69|CG0073960|-31|-71|CG0073961|-44|-70
135|3|4|100|1|CG0196464|-10|-51
135|3|5|1500|48|CG0073944|-20|-76|CG0073944|-20|-76|CG0073944|-20|-76|CG0073944|-20|-76|CG0073948|-13|-74|CG0073948|-13|-74|CG0073948|-13|-74|CG0073948|-13|-74|CG0073949|-34|-73|CG0073949|-34|-73|CG0073949|-34|-73|CG0073949|-34|-73|CG0073949|-34|-73|CG0073949|-34|-73|CG0073950|-7|-72|CG0073950|-7|-72|CG0073951|-5|-72|CG0073951|-5|-72|CG0073952|-5|-86|CG0073952|-5|-86|CG0073952|-5|-86|CG0073952|-5|-86|CG0073952|-5|-86|CG0073952|-5|-86|CG0073953|-6|-78|CG0073953|-6|-78|CG0073953|-6|-78|CG0073953|-6|-78|CG0073954|-15|-70|CG0073954|-15|-70|CG0073955|-6|-72|CG0073955|-6|-72|CG0073945|-7|-73|CG0073945|-7|-73|CG0073945|-7|-73|CG0073945|-7|-73|CG0073945|-7|-73|CG0073945|-7|-73|CG0073945|-7|-73|CG0073945|-7|-73|CG0073946|-8|-74|CG0073946|-8|-74|CG0073946|-8|-74|CG0073946|-8|-74|CG0073947|-12|-76|CG0073947|-12|-76|CG0073947|-12|-76|CG0073947|-12|-76
135|3|6|1500|9|CG0073975|-13|-78|CG0073975|-13|-78|CG0073976|-11|-77|CG0073976|-11|-77|CG0073976|-11|-77|CG0073976|-11|-77|CG0073976|-11|-77|CG0073976|-11|-77|CG0073977|-27|-92
135|3|7|1200|11|CG0073517|-14|-77|CG0073517|-14|-77|CG0073517|-14|-77|CG0073518|-16|-75|CG0073519|-15|-71|CG0073519|-15|-71|CG0073519|-15|-71|CG0073519|-15|-71|CG0073520|-15|-66|CG0073521|-15|-65|CG0073522|-15|-70
135|3|8|1000|2|CG0073970|-12|-66|CG0073971|-51|-70
135|3|9|1000|1|CG0073972|-15|-69
135|3|10|1200|7|CG0073964|-14|-77|CG0073965|-18|-68|CG0073966|-20|-54|CG0073966|-20|-54|CG0073967|-20|-44|CG0073968|-20|-30|CG0073969|-21|-21
135|4|0|1500|4|CG0074031|-17|-78|CG0074032|-17|-78|CG0074033|-16|-78|CG0074032|-17|-78
135|4|1|1000|6|CG0074036|-21|-78|CG0074037|-20|-79|CG0074038|-24|-76|CG0074039|-21|-78|CG0074040|-23|-79|CG0074041|-23|-77
135|4|2|400|1|CG0188552|-25|-51
135|4|3|400|6|CG0074006|-17|-63|CG0074007|-26|-65|CG0074008|-36|-64|CG0074009|-25|-63|CG0074010|-20|-65|CG0074011|-28|-64
135|4|4|100|1|CG0196504|-21|-46
135|4|5|1500|48|CG0073994|-25|-78|CG0073994|-25|-78|CG0073994|-25|-78|CG0073994|-25|-78|CG0073998|-27|-72|CG0073998|-27|-72|CG0073998|-27|-72|CG0073998|-27|-72|CG0073999|-39|-66|CG0073999|-39|-66|CG0073999|-39|-66|CG0073999|-39|-66|CG0073999|-39|-66|CG0073999|-39|-66|CG0074000|-12|-65|CG0074000|-12|-65|CG0074001|-4|-62|CG0074001|-4|-62|CG0074002|-4|-61|CG0074002|-4|-61|CG0074002|-4|-61|CG0074002|-4|-61|CG0074002|-4|-61|CG0074002|-4|-61|CG0074003|-4|-72|CG0074003|-4|-72|CG0074003|-4|-72|CG0074003|-4|-72|CG0074004|-4|-62|CG0074004|-4|-62|CG0074005|-3|-62|CG0074005|-3|-62|CG0073995|-3|-64|CG0073995|-3|-64|CG0073995|-3|-64|CG0073995|-3|-64|CG0073995|-3|-64|CG0073995|-3|-64|CG0073995|-3|-64|CG0073995|-3|-64|CG0073996|-10|-69|CG0073996|-10|-69|CG0073996|-10|-69|CG0073996|-10|-69|CG0073997|-23|-75|CG0073997|-23|-75|CG0073997|-23|-75|CG0073997|-23|-75
135|4|6|1500|9|CG0074025|-14|-78|CG0074025|-14|-78|CG0074026|-21|-77|CG0074026|-21|-77|CG0074026|-21|-77|CG0074026|-21|-77|CG0074026|-21|-77|CG0074026|-21|-77|CG0074027|-13|-98
135|4|7|1200|11|CG0073582|-14|-77|CG0073582|-14|-77|CG0073582|-14|-77|CG0073583|-12|-74|CG0073584|-12|-65|CG0073584|-12|-65|CG0073584|-12|-65|CG0073584|-12|-65|CG0073585|-10|-56|CG0073586|-7|-54|CG0073587|-23|-60
135|4|8|1000|2|CG0074020|-11|-59|CG0074021|-38|-81
135|4|9|1000|1|CG0074022|-16|-65
135|4|10|1200|7|CG0074014|-17|-78|CG0074015|-20|-66|CG0074016|-22|-47|CG0074016|-22|-47|CG0074017|-24|-33|CG0074018|-23|-15|CG0074019|-22|-14
135|5|0|1500|4|CG0074081|-18|-78|CG0074082|-16|-78|CG0074083|-16|-78|CG0074082|-16|-78
135|5|1|1000|6|CG0074086|-18|-78|CG0074087|-18|-79|CG0074088|-17|-77|CG0074089|-18|-78|CG0074090|-17|-79|CG0074091|-17|-77
135|5|2|400|1|CG0188597|-19|-60
135|5|3|400|6|CG0074056|-15|-60|CG0074057|-15|-62|CG0074058|-15|-61|CG0074059|-15|-60|CG0074060|-15|-62|CG0074061|-15|-61
135|5|4|100|1|CG0196544|-24|-45
135|5|5|1500|48|CG0074044|-22|-79|CG0074044|-22|-79|CG0074044|-22|-79|CG0074044|-22|-79|CG0074048|-29|-78|CG0074048|-29|-78|CG0074048|-29|-78|CG0074048|-29|-78|CG0074049|-25|-68|CG0074049|-25|-68|CG0074049|-25|-68|CG0074049|-25|-68|CG0074049|-25|-68|CG0074049|-25|-68|CG0074050|-48|-61|CG0074050|-48|-61|CG0074051|-14|-56|CG0074051|-14|-56|CG0074052|-14|-56|CG0074052|-14|-56|CG0074052|-14|-56|CG0074052|-14|-56|CG0074052|-14|-56|CG0074052|-14|-56|CG0074053|-15|-59|CG0074053|-15|-59|CG0074053|-15|-59|CG0074053|-15|-59|CG0074054|-16|-56|CG0074054|-16|-56|CG0074055|-16|-56|CG0074055|-16|-56|CG0074045|-63|-59|CG0074045|-63|-59|CG0074045|-63|-59|CG0074045|-63|-59|CG0074045|-63|-59|CG0074045|-63|-59|CG0074045|-63|-59|CG0074045|-63|-59|CG0074046|-31|-66|CG0074046|-31|-66|CG0074046|-31|-66|CG0074046|-31|-66|CG0074047|-27|-75|CG0074047|-27|-75|CG0074047|-27|-75|CG0074047|-27|-75
135|5|6|1500|9|CG0074075|-22|-78|CG0074075|-22|-78|CG0074076|-48|-77|CG0074076|-48|-77|CG0074076|-48|-77|CG0074076|-48|-77|CG0074076|-48|-77|CG0074076|-48|-77|CG0074077|-16|-95
135|5|7|1200|11|CG0073647|-17|-77|CG0073647|-17|-77|CG0073647|-17|-77|CG0073648|-16|-72|CG0073649|-16|-59|CG0073649|-16|-59|CG0073649|-16|-59|CG0073649|-16|-59|CG0073650|-20|-49|CG0073651|-20|-49|CG0073652|-30|-62
135|5|8|1000|2|CG0074070|-16|-56|CG0074071|-28|-85
135|5|9|1000|1|CG0074072|-28|-74
135|5|10|1200|7|CG0074064|-18|-78|CG0074065|-19|-66|CG0074066|-19|-45|CG0074066|-19|-45|CG0074067|-23|-32|CG0074068|-22|-17|CG0074069|-21|-16
135|6|0|1500|4|CG0074131|-41|-77|CG0074132|-40|-77|CG0074133|-38|-77|CG0074132|-40|-77
135|6|1|1000|6|CG0074136|-36|-78|CG0074137|-37|-79|CG0074138|-38|-77|CG0074139|-36|-78|CG0074140|-34|-79|CG0074141|-34|-77
135|6|2|400|1|CG0188642|-38|-63
135|6|3|400|6|CG0074106|-30|-63|CG0074107|-30|-65|CG0074108|-30|-64|CG0074109|-30|-63|CG0074110|-30|-65|CG0074111|-30|-64
135|6|4|100|1|CG0196584|-20|-48
135|6|5|1500|48|CG0074094|-33|-78|CG0074094|-33|-78|CG0074094|-33|-78|CG0074094|-33|-78|CG0074098|-20|-85|CG0074098|-20|-85|CG0074098|-20|-85|CG0074098|-20|-85|CG0074099|-36|-70|CG0074099|-36|-70|CG0074099|-36|-70|CG0074099|-36|-70|CG0074099|-36|-70|CG0074099|-36|-70|CG0074100|-54|-64|CG0074100|-54|-64|CG0074101|-69|-59|CG0074101|-69|-59|CG0074102|-33|-59|CG0074102|-33|-59|CG0074102|-33|-59|CG0074102|-33|-59|CG0074102|-33|-59|CG0074102|-33|-59|CG0074103|-34|-59|CG0074103|-34|-59|CG0074103|-34|-59|CG0074103|-34|-59|CG0074104|-33|-58|CG0074104|-33|-58|CG0074105|-51|-59|CG0074105|-51|-59|CG0074095|-89|-62|CG0074095|-89|-62|CG0074095|-89|-62|CG0074095|-89|-62|CG0074095|-89|-62|CG0074095|-89|-62|CG0074095|-89|-62|CG0074095|-89|-62|CG0074096|-53|-69|CG0074096|-53|-69|CG0074096|-53|-69|CG0074096|-53|-69|CG0074097|-37|-75|CG0074097|-37|-75|CG0074097|-37|-75|CG0074097|-37|-75
135|6|6|1500|9|CG0074125|-29|-78|CG0074125|-29|-78|CG0074126|-46|-77|CG0074126|-46|-77|CG0074126|-46|-77|CG0074126|-46|-77|CG0074126|-46|-77|CG0074126|-46|-77|CG0074127|-19|-86
135|6|7|1200|11|CG0073712|-22|-77|CG0073712|-22|-77|CG0073712|-22|-77|CG0073713|-18|-72|CG0073714|-23|-58|CG0073714|-23|-58|CG0073714|-23|-58|CG0073714|-23|-58|CG0073715|-31|-50|CG0073716|-48|-53|CG0073717|-32|-71
135|6|8|1000|2|CG0074120|-42|-59|CG0074121|-29|-85
135|6|9|1000|1|CG0074122|-25|-83
135|6|10|1200|7|CG0074114|-30|-77|CG0074115|-30|-67|CG0074116|-34|-50|CG0074116|-34|-50|CG0074117|-44|-42|CG0074118|-59|-21|CG0074119|-61|-18
135|7|0|1500|4|CG0074181|-41|-77|CG0074182|-41|-77|CG0074183|-42|-77|CG0074182|-41|-77
135|7|1|1000|6|CG0074186|-36|-77|CG0074187|-38|-78|CG0074188|-39|-76|CG0074189|-36|-77|CG0074190|-35|-79|CG0074191|-33|-76
135|7|2|400|1|CG0188687|-44|-60
135|7|3|400|6|CG0074156|-35|-70|CG0074157|-35|-71|CG0074158|-35|-70|CG0074159|-35|-70|CG0074160|-35|-71|CG0074161|-35|-70
135|7|4|100|1|CG0196624|-25|-51
135|7|5|1500|48|CG0074144|-24|-76|CG0074144|-24|-76|CG0074144|-24|-76|CG0074144|-24|-76|CG0074148|-31|-84|CG0074148|-31|-84|CG0074148|-31|-84|CG0074148|-31|-84|CG0074149|-46|-70|CG0074149|-46|-70|CG0074149|-46|-70|CG0074149|-46|-70|CG0074149|-46|-70|CG0074149|-46|-70|CG0074150|-42|-71|CG0074150|-42|-71|CG0074151|-92|-69|CG0074151|-92|-69|CG0074152|-63|-69|CG0074152|-63|-69|CG0074152|-63|-69|CG0074152|-63|-69|CG0074152|-63|-69|CG0074152|-63|-69|CG0074153|-43|-68|CG0074153|-43|-68|CG0074153|-43|-68|CG0074153|-43|-68|CG0074154|-43|-67|CG0074154|-43|-67|CG0074155|-81|-68|CG0074155|-81|-68|CG0074145|-64|-80|CG0074145|-64|-80|CG0074145|-64|-80|CG0074145|-64|-80|CG0074145|-64|-80|CG0074145|-64|-80|CG0074145|-64|-80|CG0074145|-64|-80|CG0074146|-53|-75|CG0074146|-53|-75|CG0074146|-53|-75|CG0074146|-53|-75|CG0074147|-37|-75|CG0074147|-37|-75|CG0074147|-37|-75|CG0074147|-37|-75
135|7|6|1500|9|CG0074175|-23|-79|CG0074175|-23|-79|CG0074176|-20|-85|CG0074176|-20|-85|CG0074176|-20|-85|CG0074176|-20|-85|CG0074176|-20|-85|CG0074176|-20|-85|CG0074177|-18|-82
135|7|7|1200|11|CG0073777|-16|-76|CG0073777|-16|-76|CG0073777|-16|-76|CG0073778|-23|-73|CG0073779|-27|-62|CG0073779|-27|-62|CG0073779|-27|-62|CG0073779|-27|-62|CG0073780|-38|-59|CG0073781|-56|-65|CG0073782|-40|-75
135|7|8|1000|2|CG0074170|-48|-66|CG0074171|-29|-85
135|7|9|1000|1|CG0074172|-29|-89
135|7|10|1200|7|CG0074164|-43|-77|CG0074165|-46|-69|CG0074166|-57|-57|CG0074166|-57|-57|CG0074167|-69|-55|CG0074168|-75|-42|CG0074169|-80|-24
