168|0|0|1200|4|CG0087069|-19|-66|CG0087070|-15|-66|CG0087071|-15|-65|CG0087070|-15|-66
168|0|1|1000|6|CG0087074|-17|-64|CG0087075|-25|-66|CG0087076|-19|-64|CG0087077|-17|-64|CG0087078|-23|-66|CG0087079|-19|-64
168|0|2|400|1|CG0188372|-32|-70
168|0|3|500|6|CG0087042|-23|-69|CG0087043|-23|-72|CG0087044|-23|-71|CG0087045|-23|-69|CG0087046|-23|-72|CG0087047|-24|-71
168|0|4|100|1|CG0196344|-27|-55
168|0|5|1500|30|CG0087034|-18|-68|CG0087034|-18|-68|CG0087034|-18|-68|CG0087034|-18|-68|CG0087035|-27|-106|CG0087035|-27|-106|CG0087036|-17|-100|CG0087036|-17|-100|CG0087036|-17|-100|CG0087036|-17|-100|CG0087037|-20|-108|CG0087037|-20|-108|CG0087037|-20|-108|CG0087037|-20|-108|CG0087038|-61|-95|CG0087038|-61|-95|CG0087039|-59|-73|CG0087039|-59|-73|CG0087039|-59|-73|CG0087039|-59|-73|CG0087039|-59|-73|CG0087039|-59|-73|CG0087040|-55|-88|CG0087040|-55|-88|CG0087040|-55|-88|CG0087040|-55|-88|CG0087041|-35|-69|CG0087041|-35|-69|CG0087041|-35|-69|CG0087041|-35|-69
168|0|6|1200|15|CG0087062|-31|-86|CG0087063|-25|-82|CG0087064|-26|-82|CG0087065|-25|-87|CG0087062|-31|-86|CG0087063|-25|-82|CG0087064|-26|-82|CG0087065|-25|-87|CG0087062|-31|-86|CG0087063|-25|-82|CG0087064|-26|-82|CG0087065|-25|-87|CG0087062|-31|-86|CG0087063|-25|-82|CG0087064|-26|-82
168|0|7|1000|28|CG0087804|-16|-65|CG0087804|-16|-65|CG0087804|-16|-65|CG0087804|-16|-65|CG0087805|-18|-64|CG0087805|-18|-64|CG0087805|-18|-64|CG0087805|-18|-64|CG0087806|-21|-64|CG0087806|-21|-64|CG0087806|-21|-64|CG0087806|-21|-64|CG0087806|-21|-64|CG0087806|-21|-64|CG0087806|-21|-64|CG0087806|-21|-64|CG0087807|-29|-62|CG0087807|-29|-62|CG0087807|-29|-62|CG0087807|-29|-62|CG0087808|-35|-67|CG0087808|-35|-67|CG0087809|-43|-78|CG0087809|-43|-78|CG0087809|-43|-78|CG0087809|-43|-78|CG0087809|-43|-78|CG0087809|-43|-78
168|0|8|1000|2|CG0087057|-34|-76|CG0087058|-19|-85
168|0|9|1000|1|CG0087059|-33|-66
168|0|10|1000|11|CG0087050|-29|-85|CG0087050|-29|-85|CG0087051|-43|-75|CG0087051|-43|-75|CG0087052|-18|-70|CG0087052|-18|-70|CG0087053|-39|-85|CG0087053|-39|-85|CG0087054|-51|-55|CG0087055|-57|-45|CG0087056|-66|-34
168|1|0|1200|4|CG0087117|-22|-65|CG0087118|-23|-65|CG0087119|-22|-65|CG0087118|-23|-65
168|1|1|1000|6|CG0087122|-22|-63|CG0087123|-23|-65|CG0087124|-23|-64|CG0087125|-22|-63|CG0087126|-22|-65|CG0087127|-23|-63
168|1|2|400|1|CG0188417|-17|-71
168|1|3|500|6|CG0087090|-22|-65|CG0087091|-22|-68|CG0087092|-22|-67|CG0087093|-22|-65|CG0087094|-22|-68|CG0087095|-22|-67
168|1|4|100|1|CG0196384|-26|-58
168|1|5|1500|30|CG0087082|-22|-63|CG0087082|-22|-63|CG0087082|-22|-63|CG0087082|-22|-63|CG0087083|-23|-105|CG0087083|-23|-105|CG0087084|-23|-93|CG0087084|-23|-93|CG0087084|-23|-93|CG0087084|-23|-93|CG0087085|-23|-98|CG0087085|-23|-98|CG0087085|-23|-98|CG0087085|-23|-98|CG0087086|-26|-97|CG0087086|-26|-97|CG0087087|-26|-76|CG0087087|-26|-76|CG0087087|-26|-76|CG0087087|-26|-76|CG0087087|-26|-76|CG0087087|-26|-76|CG0087088|-21|-88|CG0087088|-21|-88|CG0087088|-21|-88|CG0087088|-21|-88|CG0087089|-22|-67|CG0087089|-22|-67|CG0087089|-22|-67|CG0087089|-22|-67
168|1|6|1200|15|CG0087110|-23|-88|CG0087111|-28|-80|CG0087112|-22|-79|CG0087113|-19|-80|CG0087110|-23|-88|CG0087111|-28|-80|CG0087112|-22|-79|CG0087113|-19|-80|CG0087110|-23|-88|CG0087111|-28|-80|CG0087112|-22|-79|CG0087113|-19|-80|CG0087110|-23|-88|CG0087111|-28|-80|CG0087112|-22|-79
168|1|7|1000|28|CG0087871|-25|-64|CG0087871|-25|-64|CG0087871|-25|-64|CG0087871|-25|-64|CG0087872|-22|-62|CG0087872|-22|-62|CG0087872|-22|-62|CG0087872|-22|-62|CG0087873|-21|-65|CG0087873|-21|-65|CG0087873|-21|-65|CG0087873|-21|-65|CG0087873|-21|-65|CG0087873|-21|-65|CG0087873|-21|-65|CG0087873|-21|-65|CG0087874|-23|-61|CG0087874|-23|-61|CG0087874|-23|-61|CG0087874|-23|-61|CG0087875|-28|-68|CG0087875|-28|-68|CG0087876|-30|-81|CG0087876|-30|-81|CG0087876|-30|-81|CG0087876|-30|-81|CG0087876|-30|-81|CG0087876|-30|-81
168|1|8|1000|2|CG0087105|-22|-72|CG0087106|-31|-81
168|1|9|1000|1|CG0087107|-21|-67
168|1|10|1000|11|CG0087098|-23|-83|CG0087098|-23|-83|CG0087099|-33|-81|CG0087099|-33|-81|CG0087100|-38|-70|CG0087100|-38|-70|CG0087101|-17|-90|CG0087101|-17|-90|CG0087102|-16|-67|CG0087103|-37|-63|CG0087104|-47|-38
168|2|0|1200|4|CG0087165|-25|-65|CG0087166|-26|-66|CG0087167|-25|-66|CG0087166|-26|-66
168|2|1|1000|6|CG0087170|-29|-63|CG0087171|-30|-66|CG0087172|-29|-64|CG0087173|-29|-63|CG0087174|-29|-65|CG0087175|-29|-64
168|2|2|400|1|CG0188462|-33|-62
168|2|3|500|6|CG0087138|-23|-69|CG0087139|-23|-72|CG0087140|-29|-71|CG0087141|-23|-69|CG0087142|-23|-72|CG0087143|-23|-71
168|2|4|100|1|CG0196424|-14|-57
168|2|5|1500|30|CG0087130|-18|-68|CG0087130|-18|-68|CG0087130|-18|-68|CG0087130|-18|-68|CG0087131|-24|-101|CG0087131|-24|-101|CG0087132|-24|-92|CG0087132|-24|-92|CG0087132|-24|-92|CG0087132|-24|-92|CG0087133|-22|-91|CG0087133|-22|-91|CG0087133|-22|-91|CG0087133|-22|-91|CG0087134|-6|-94|CG0087134|-6|-94|CG0087135|-3|-72|CG0087135|-3|-72|CG0087135|-3|-72|CG0087135|-3|-72|CG0087135|-3|-72|CG0087135|-3|-72|CG0087136|-11|-87|CG0087136|-11|-87|CG0087136|-11|-87|CG0087136|-11|-87|CG0087137|-20|-69|CG0087137|-20|-69|CG0087137|-20|-69|CG0087137|-20|-69
168|2|6|1200|15|CG0087158|-25|-87|CG0087159|-31|-86|CG0087160|-25|-82|CG0087161|-26|-82|CG0087158|-25|-87|CG0087159|-31|-86|CG0087160|-25|-82|CG0087161|-26|-82|CG0087158|-25|-87|CG0087159|-31|-86|CG0087160|-25|-82|CG0087161|-26|-82|CG0087158|-25|-87|CG0087159|-31|-86|CG0087160|-25|-82
168|2|7|1000|28|CG0087938|-25|-70|CG0087938|-25|-70|CG0087938|-25|-70|CG0087938|-25|-70|CG0087939|-30|-63|CG0087939|-30|-63|CG0087939|-30|-63|CG0087939|-30|-63|CG0087940|-37|-57|CG0087940|-37|-57|CG0087940|-37|-57|CG0087940|-37|-57|CG0087940|-37|-57|CG0087940|-37|-57|CG0087940|-37|-57|CG0087940|-37|-57|CG0087941|-32|-63|CG0087941|-32|-63|CG0087941|-32|-63|CG0087941|-32|-63|CG0087942|-22|-70|CG0087942|-22|-70|CG0087943|-19|-81|CG0087943|-19|-81|CG0087943|-19|-81|CG0087943|-19|-81|CG0087943|-19|-81|CG0087943|-19|-81
168|2|8|1000|2|CG0087153|-14|-75|CG0087154|-43|-74
168|2|9|1000|1|CG0087155|-12|-62
168|2|10|1000|11|CG0087146|-38|-76|CG0087146|-38|-76|CG0087147|-19|-84|CG0087147|-19|-84|CG0087148|-39|-77|CG0087148|-39|-77|CG0087149|-23|-91|CG0087149|-23|-91|CG0087150|-17|-64|CG0087151|-20|-68|CG0087152|-23|-35
168|3|0|1200|4|CG0087213|-27|-72|CG0087214|-29|-73|CG0087215|-29|-73|CG0087214|-29|-73
168|3|1|1000|6|CG0087218|-32|-72|CG0087219|-30|-74|CG0087220|-30|-72|CG0087221|-32|-72|CG0087222|-35|-74|CG0087223|-33|-72
168|3|2|400|1|CG0188507|-36|-53
168|3|3|500|6|CG0087186|-31|-70|CG0087187|-31|-73|CG0087188|-33|-71|CG0087189|-31|-70|CG0087190|-31|-73|CG0087191|-35|-71
168|3|4|100|1|CG0196464|-10|-51
168|3|5|1500|30|CG0087178|-29|-71|CG0087178|-29|-71|CG0087178|-29|-71|CG0087178|-29|-71|CG0087179|-18|-97|CG0087179|-18|-97|CG0087180|-42|-98|CG0087180|-42|-98|CG0087180|-42|-98|CG0087180|-42|-98|CG0087181|-40|-94|CG0087181|-40|-94|CG0087181|-40|-94|CG0087181|-40|-94|CG0087182|8|-83|CG0087182|8|-83|CG0087183|17|-54|CG0087183|17|-54|CG0087183|17|-54|CG0087183|17|-54|CG0087183|17|-54|CG0087183|17|-54|CG0087184|-6|-76|CG0087184|-6|-76|CG0087184|-6|-76|CG0087184|-6|-76|CG0087185|-12|-73|CG0087185|-12|-73|CG0087185|-12|-73|CG0087185|-12|-73
168|3|6|1200|15|CG0087206|-19|-80|CG0087207|-23|-88|CG0087208|-28|-80|CG0087209|-22|-79|CG0087206|-19|-80|CG0087207|-23|-88|CG0087208|-28|-80|CG0087209|-22|-79|CG0087206|-19|-80|CG0087207|-23|-88|CG0087208|-28|-80|CG0087209|-22|-79|CG0087206|-19|-80|CG0087207|-23|-88|CG0087208|-28|-80
168|3|7|1000|28|CG0088005|-25|-75|CG0088005|-25|-75|CG0088005|-25|-75|CG0088005|-25|-75|CG0088006|-29|-72|CG0088006|-29|-72|CG0088006|-29|-72|CG0088006|-29|-72|CG0088007|-39|-70|CG0088007|-39|-70|CG0088007|-39|-70|CG0088007|-39|-70|CG0088007|-39|-70|CG0088007|-39|-70|CG0088007|-39|-70|CG0088007|-39|-70|CG0088008|-35|-72|CG0088008|-35|-72|CG0088008|-35|-72|CG0088008|-35|-72|CG0088009|-15|-73|CG0088009|-15|-73|CG0088010|-20|-77|CG0088010|-20|-77|CG0088010|-20|-77|CG0088010|-20|-77|CG0088010|-20|-77|CG0088010|-20|-77
168|3|8|1000|2|CG0087201|-16|-72|CG0087202|-43|-67
168|3|9|1000|1|CG0087203|-13|-54
168|3|10|1000|11|CG0087194|-37|-67|CG0087194|-37|-67|CG0087195|-33|-78|CG0087195|-33|-78|CG0087196|-31|-82|CG0087196|-31|-82|CG0087197|-39|-87|CG0087197|-39|-87|CG0087198|-21|-47|CG0087199|-25|-59|CG0087200|-27|-27
168|4|0|1200|4|CG0087261|-28|-74|CG0087262|-26|-75|CG0087263|-27|-75|CG0087262|-26|-75
168|4|1|1000|6|CG0087266|-31|-76|CG0087267|-29|-78|CG0087268|-30|-76|CG0087269|-31|-76|CG0087270|-32|-78|CG0087271|-32|-76
168|4|2|400|1|CG0188552|-25|-51
168|4|3|500|6|CG0087234|-30|-65|CG0087235|-30|-68|CG0087236|-30|-66|CG0087237|-30|-65|CG0087238|-30|-68|CG0087239|-30|-66
168|4|4|100|1|CG0196504|-21|-46
168|4|5|1500|30|CG0087226|-31|-69|CG0087226|-31|-69|CG0087226|-31|-69|CG0087226|-31|-69|CG0087227|-24|-95|CG0087227|-24|-95|CG0087228|-37|-108|CG0087228|-37|-108|CG0087228|-37|-108|CG0087228|-37|-108|CG0087229|-43|-105|CG0087229|-43|-105|CG0087229|-43|-105|CG0087229|-43|-105|CG0087230|-6|-67|CG0087230|-6|-67|CG0087231|-2|-30|CG0087231|-2|-30|CG0087231|-2|-30|CG0087231|-2|-30|CG0087231|-2|-30|CG0087231|-2|-30|CG0087232|-10|-61|CG0087232|-10|-61|CG0087232|-10|-61|CG0087232|-10|-61|CG0087233|-21|-73|CG0087233|-21|-73|CG0087233|-21|-73|CG0087233|-21|-73
168|4|6|1200|15|CG0087254|-26|-82|CG0087255|-25|-87|CG0087256|-31|-86|CG0087257|-25|-82|CG0087254|-26|-82|CG0087255|-25|-87|CG0087256|-31|-86|CG0087257|-25|-82|CG0087254|-26|-82|CG0087255|-25|-87|CG0087256|-31|-86|CG0087257|-25|-82|CG0087254|-26|-82|CG0087255|-25|-87|CG0087256|-31|-86
168|4|7|1000|28|CG0088072|-26|-75|CG0088072|-26|-75|CG0088072|-26|-75|CG0088072|-26|-75|CG0088073|-32|-77|CG0088073|-32|-77|CG0088073|-32|-77|CG0088073|-32|-77|CG0088074|-39|-78|CG0088074|-39|-78|CG0088074|-39|-78|CG0088074|-39|-78|CG0088074|-39|-78|CG0088074|-39|-78|CG0088074|-39|-78|CG0088074|-39|-78|CG0088075|-34|-77|CG0088075|-34|-77|CG0088075|-34|-77|CG0088075|-34|-77|CG0088076|-17|-71|CG0088076|-17|-71|CG0088077|-25|-67|CG0088077|-25|-67|CG0088077|-25|-67|CG0088077|-25|-67|CG0088077|-25|-67|CG0088077|-25|-67
168|4|8|1000|2|CG0087249|-22|-66|CG0087250|-42|-70
168|4|9|1000|1|CG0087251|-14|-51
168|4|10|1000|11|CG0087242|-37|-71|CG0087242|-37|-71|CG0087243|-43|-71|CG0087243|-43|-71|CG0087244|-27|-82|CG0087244|-27|-82|CG0087245|-34|-81|CG0087245|-34|-81|CG0087246|-16|-36|CG0087247|-22|-40|CG0087248|-27|-25
168|5|0|1200|4|CG0087309|-22|-72|CG0087310|-22|-72|CG0087311|-25|-72|CG0087310|-22|-72
168|5|1|1000|6|CG0087314|-22|-73|CG0087315|-22|-75|CG0087316|-22|-73|CG0087317|-22|-73|CG0087318|-22|-75|CG0087319|-22|-73
168|5|2|400|1|CG0188597|-19|-60
168|5|3|500|6|CG0087282|-32|-59|CG0087283|-32|-62|CG0087284|-32|-60|CG0087285|-32|-59|CG0087286|-32|-62|CG0087287|-32|-60
168|5|4|100|1|CG0196544|-24|-45
168|5|5|1500|30|CG0087274|-22|-64|CG0087274|-22|-64|CG0087274|-22|-64|CG0087274|-22|-64|CG0087275|-22|-96|CG0087275|-22|-96|CG0087276|-22|-115|CG0087276|-22|-115|CG0087276|-22|-115|CG0087276|-22|-115|CG0087277|-26|-116|CG0087277|-26|-116|CG0087277|-26|-116|CG0087277|-26|-116|CG0087278|-24|-55|CG0087278|-24|-55|CG0087279|-26|-26|CG0087279|-26|-26|CG0087279|-26|-26|CG0087279|-26|-26|CG0087279|-26|-26|CG0087279|-26|-26|CG0087280|-23|-50|CG0087280|-23|-50|CG0087280|-23|-50|CG0087280|-23|-50|CG0087281|-22|-68|CG0087281|-22|-68|CG0087281|-22|-68|CG0087281|-22|-68
168|5|6|1200|15|CG0087302|-22|-79|CG0087303|-19|-80|CG0087304|-23|-88|CG0087305|-28|-80|CG0087302|-22|-79|CG0087303|-19|-80|CG0087304|-23|-88|CG0087305|-28|-80|CG0087302|-22|-79|CG0087303|-19|-80|CG0087304|-23|-88|CG0087305|-28|-80|CG0087302|-22|-79|CG0087303|-19|-80|CG0087304|-23|-88
168|5|7|1000|28|CG0088139|-16|-73|CG0088139|-16|-73|CG0088139|-16|-73|CG0088139|-16|-73|CG0088140|-22|-75|CG0088140|-22|-75|CG0088140|-22|-75|CG0088140|-22|-75|CG0088141|-22|-77|CG0088141|-22|-77|CG0088141|-22|-77|CG0088141|-22|-77|CG0088141|-22|-77|CG0088141|-22|-77|CG0088141|-22|-77|CG0088141|-22|-77|CG0088142|-20|-74|CG0088142|-20|-74|CG0088142|-20|-74|CG0088142|-20|-74|CG0088143|-19|-70|CG0088143|-19|-70|CG0088144|-19|-56|CG0088144|-19|-56|CG0088144|-19|-56|CG0088144|-19|-56|CG0088144|-19|-56|CG0088144|-19|-56
168|5|8|1000|2|CG0087297|-23|-59|CG0087298|-34|-74
168|5|9|1000|1|CG0087299|-22|-54
168|5|10|1000|11|CG0087290|-22|-70|CG0087290|-22|-70|CG0087291|-43|-67|CG0087291|-43|-67|CG0087292|-42|-76|CG0087292|-42|-76|CG0087293|-27|-75|CG0087293|-27|-75|CG0087294|-27|-40|CG0087295|-33|-40|CG0087296|-34|-29
168|6|0|1200|4|CG0087357|-36|-76|CG0087358|-38|-75|CG0087359|-40|-74|CG0087358|-38|-75
168|6|1|1000|6|CG0087362|-32|-75|CG0087363|-34|-78|CG0087364|-34|-76|CG0087365|-32|-75|CG0087366|-30|-78|CG0087367|-31|-76
168|6|2|400|1|CG0188642|-38|-63
168|6|3|500|6|CG0087330|-39|-65|CG0087331|-39|-68|CG0087332|-39|-67|CG0087333|-39|-65|CG0087334|-39|-68|CG0087335|-39|-67
168|6|4|100|1|CG0196584|-20|-48
168|6|5|1500|30|CG0087322|-37|-69|CG0087322|-37|-69|CG0087322|-37|-69|CG0087322|-37|-69|CG0087323|-31|-99|CG0087323|-31|-99|CG0087324|-27|-115|CG0087324|-27|-115|CG0087324|-27|-115|CG0087324|-27|-115|CG0087325|-26|-121|CG0087325|-26|-121|CG0087325|-26|-121|CG0087325|-26|-121|CG0087326|-71|-67|CG0087326|-71|-67|CG0087327|-64|-30|CG0087327|-64|-30|CG0087327|-64|-30|CG0087327|-64|-30|CG0087327|-64|-30|CG0087327|-64|-30|CG0087328|-53|-61|CG0087328|-53|-61|CG0087328|-53|-61|CG0087328|-53|-61|CG0087329|-45|-73|CG0087329|-45|-73|CG0087329|-45|-73|CG0087329|-45|-73
168|6|6|1200|15|CG0087350|-25|-82|CG0087351|-26|-82|CG0087352|-25|-87|CG0087353|-31|-86|CG0087350|-25|-82|CG0087351|-26|-82|CG0087352|-25|-87|CG0087353|-31|-86|CG0087350|-25|-82|CG0087351|-26|-82|CG0087352|-25|-87|CG0087353|-31|-86|CG0087350|-25|-82|CG0087351|-26|-82|CG0087352|-25|-87
168|6|7|1000|28|CG0088206|-14|-73|CG0088206|-14|-73|CG0088206|-14|-73|CG0088206|-14|-73|CG0088207|-36|-74|CG0088207|-36|-74|CG0088207|-36|-74|CG0088207|-36|-74|CG0088208|-34|-74|CG0088208|-34|-74|CG0088208|-34|-74|CG0088208|-34|-74|CG0088208|-34|-74|CG0088208|-34|-74|CG0088208|-34|-74|CG0088208|-34|-74|CG0088209|-37|-73|CG0088209|-37|-73|CG0088209|-37|-73|CG0088209|-37|-73|CG0088210|-20|-71|CG0088210|-20|-71|CG0088211|-35|-54|CG0088211|-35|-54|CG0088211|-35|-54|CG0088211|-35|-54|CG0088211|-35|-54|CG0088211|-35|-54
168|6|8|1000|2|CG0087345|-37|-66|CG0087346|-42|-72
168|6|9|1000|1|CG0087347|-34|-59
168|6|10|1000|11|CG0087338|-42|-71|CG0087338|-42|-71|CG0087339|-33|-72|CG0087339|-33|-72|CG0087340|-39|-68|CG0087340|-39|-68|CG0087341|-46|-74|CG0087341|-46|-74|CG0087342|-53|-43|CG0087343|-53|-41|CG0087344|-53|-28
168|7|0|1200|4|CG0087405|-39|-73|CG0087406|-36|-73|CG0087407|-32|-72|CG0087406|-36|-73
168|7|1|1000|6|CG0087410|-34|-72|CG0087411|-37|-74|CG0087412|-36|-72|CG0087413|-34|-72|CG0087414|-32|-74|CG0087415|-33|-72
168|7|2|400|1|CG0188687|-44|-60
168|7|3|500|6|CG0087378|-29|-70|CG0087379|-30|-73|CG0087380|-30|-71|CG0087381|-29|-70|CG0087382|-30|-73|CG0087383|-30|-71
168|7|4|100|1|CG0196624|-25|-51
168|7|5|1500|30|CG0087370|-37|-71|CG0087370|-37|-71|CG0087370|-37|-71|CG0087370|-37|-71|CG0087371|-30|-104|CG0087371|-30|-104|CG0087372|-25|-108|CG0087372|-25|-108|CG0087372|-25|-108|CG0087372|-25|-108|CG0087373|-26|-117|CG0087373|-26|-117|CG0087373|-26|-117|CG0087373|-26|-117|CG0087374|-93|-83|CG0087374|-93|-83|CG0087375|-85|-53|CG0087375|-85|-53|CG0087375|-85|-53|CG0087375|-85|-53|CG0087375|-85|-53|CG0087375|-85|-53|CG0087376|-76|-76|CG0087376|-76|-76|CG0087376|-76|-76|CG0087376|-76|-76|CG0087377|-55|-73|CG0087377|-55|-73|CG0087377|-55|-73|CG0087377|-55|-73
168|7|6|1200|15|CG0087398|-28|-80|CG0087399|-22|-79|CG0087400|-19|-80|CG0087401|-23|-88|CG0087398|-28|-80|CG0087399|-22|-79|CG0087400|-19|-80|CG0087401|-23|-88|CG0087398|-28|-80|CG0087399|-22|-79|CG0087400|-19|-80|CG0087401|-23|-88|CG0087398|-28|-80|CG0087399|-22|-79|CG0087400|-19|-80
168|7|7|1000|28|CG0088273|-14|-68|CG0088273|-14|-68|CG0088273|-14|-68|CG0088273|-14|-68|CG0088274|-33|-69|CG0088274|-33|-69|CG0088274|-33|-69|CG0088274|-33|-69|CG0088275|-33|-65|CG0088275|-33|-65|CG0088275|-33|-65|CG0088275|-33|-65|CG0088275|-33|-65|CG0088275|-33|-65|CG0088275|-33|-65|CG0088275|-33|-65|CG0088276|-43|-65|CG0088276|-43|-65|CG0088276|-43|-65|CG0088276|-43|-65|CG0088277|-29|-71|CG0088277|-29|-71|CG0088278|-45|-66|CG0088278|-45|-66|CG0088278|-45|-66|CG0088278|-45|-66|CG0088278|-45|-66|CG0088278|-45|-66
168|7|8|1000|2|CG0087393|-50|-73|CG0087394|-31|-81
168|7|9|1000|1|CG0087395|-30|-61
168|7|10|1000|11|CG0087386|-41|-79|CG0087386|-41|-79|CG0087387|-29|-72|CG0087387|-29|-72|CG0087388|-36|-72|CG0087388|-36|-72|CG0087389|-43|-78|CG0087389|-43|-78|CG0087390|-67|-42|CG0087391|-57|-36|CG0087392|-56|-23
