211|0|0|1200|4|CG0104110|-17|-68|CG0104111|-19|-68|CG0104112|-20|-67|CG0104111|-19|-68
211|0|1|1000|6|CG0104115|-13|-68|CG0104116|-13|-69|CG0104117|-19|-67|CG0104118|-13|-68|CG0104119|-13|-69|CG0104120|-13|-67
211|0|2|400|1|CG0188372|-32|-70
211|0|3|700|6|CG0104418|-19|-71|CG0104419|-20|-74|CG0104420|-20|-71|CG0104421|-23|-71|CG0104422|-22|-74|CG0104423|-22|-71
211|0|4|100|1|CG0196344|-27|-55
211|0|5|1500|22|CG0104082|-19|-66|CG0104082|-19|-66|CG0104083|-21|-83|CG0104083|-21|-83|CG0104084|-18|-66|CG0104084|-18|-66|CG0104084|-18|-66|CG0104085|-19|-66|CG0104085|-19|-66|CG0104085|-19|-66|CG0104086|-20|-68|CG0104086|-20|-68|CG0104086|-20|-68|CG0104086|-20|-68|CG0104086|-20|-68|CG0104087|-27|-67|CG0104087|-27|-67|CG0104087|-27|-67|CG0104088|-27|-66|CG0104088|-27|-66|CG0104089|-22|-66|CG0104089|-22|-66
211|0|6|1500|8|CG0104103|-18|-68|CG0104104|-17|-68|CG0104104|-17|-68|CG0104105|-17|-73|CG0104106|-19|-75|CG0104106|-19|-75|CG0104106|-19|-75|CG0104106|-19|-75
211|0|7|1000|13|CG0104459|-19|-66|CG0104459|-19|-66|CG0104460|-16|-65|CG0104460|-16|-65|CG0104461|-17|-64|CG0104461|-17|-64|CG0104461|-17|-64|CG0104462|-25|-67|CG0104463|-27|-68|CG0104464|-29|-73|CG0104464|-29|-73|CG0104464|-29|-73|CG0104465|-27|-70
211|0|8|1000|2|CG0104098|-19|-73|CG0104099|-16|-52
211|0|9|1000|1|CG0104100|-21|-70
211|0|10|1500|12|CG0104092|-22|-65|CG0104092|-22|-65|CG0104093|-28|-58|CG0104093|-28|-58|CG0104094|-30|-46|CG0104094|-30|-46|CG0104094|-30|-46|CG0104095|-35|-52|CG0104095|-35|-52|CG0104096|-44|-55|CG0104097|-52|-44|CG0104097|-52|-44
211|1|0|1200|4|CG0104151|-24|-67|CG0104152|-24|-67|CG0104153|-23|-67|CG0104152|-24|-67
211|1|1|1000|6|CG0104156|-21|-67|CG0104157|-21|-68|CG0104158|-21|-66|CG0104159|-21|-67|CG0104160|-21|-68|CG0104161|-21|-66
211|1|2|400|1|CG0188417|-17|-71
211|1|3|700|6|CG0104485|-17|-68|CG0104486|-21|-72|CG0104487|-25|-69|CG0104488|-16|-69|CG0104489|-17|-71|CG0104490|-16|-69
211|1|4|100|1|CG0196384|-26|-58
211|1|5|1500|22|CG0104123|-22|-66|CG0104123|-22|-66|CG0104124|-17|-69|CG0104124|-17|-69|CG0104125|-14|-65|CG0104125|-14|-65|CG0104125|-14|-65|CG0104126|-13|-66|CG0104126|-13|-66|CG0104126|-13|-66|CG0104127|-13|-67|CG0104127|-13|-67|CG0104127|-13|-67|CG0104127|-13|-67|CG0104127|-13|-67|CG0104128|-14|-67|CG0104128|-14|-67|CG0104128|-14|-67|CG0104129|-22|-66|CG0104129|-22|-66|CG0104130|-23|-66|CG0104130|-23|-66
211|1|6|1500|8|CG0104144|-17|-67|CG0104145|-16|-67|CG0104145|-16|-67|CG0104146|-16|-71|CG0104147|-17|-74|CG0104147|-17|-74|CG0104147|-17|-74|CG0104147|-17|-74
211|1|7|1000|13|CG0104526|-17|-66|CG0104526|-17|-66|CG0104527|-15|-64|CG0104527|-15|-64|CG0104528|-15|-63|CG0104528|-15|-63|CG0104528|-15|-63|CG0104529|-16|-66|CG0104530|-17|-69|CG0104531|-20|-74|CG0104531|-20|-74|CG0104531|-20|-74|CG0104532|-20|-69
211|1|8|1000|2|CG0104139|-17|-73|CG0104140|-24|-47
211|1|9|1000|1|CG0104141|-23|-69
211|1|10|1500|12|CG0104133|-16|-65|CG0104133|-16|-65|CG0104134|-16|-59|CG0104134|-16|-59|CG0104135|-18|-46|CG0104135|-18|-46|CG0104135|-18|-46|CG0104136|-17|-54|CG0104136|-17|-54|CG0104137|-25|-58|CG0104138|-25|-54|CG0104138|-25|-54
211|2|0|1200|4|CG0104192|-17|-67|CG0104193|-17|-68|CG0104194|-17|-68|CG0104193|-17|-68
211|2|1|1000|6|CG0104197|-17|-68|CG0104198|-17|-69|CG0104199|-17|-67|CG0104200|-17|-68|CG0104201|-17|-69|CG0104202|-17|-67
211|2|2|400|1|CG0188462|-33|-62
211|2|3|700|6|CG0104552|-21|-71|CG0104553|-21|-74|CG0104554|-20|-71|CG0104555|-21|-71|CG0104556|-20|-74|CG0104557|-21|-71
211|2|4|100|1|CG0196424|-14|-57
211|2|5|1500|22|CG0104164|-18|-67|CG0104164|-18|-67|CG0104165|-18|-67|CG0104165|-18|-67|CG0104166|-18|-66|CG0104166|-18|-66|CG0104166|-18|-66|CG0104167|-17|-67|CG0104167|-17|-67|CG0104167|-17|-67|CG0104168|-15|-67|CG0104168|-15|-67|CG0104168|-15|-67|CG0104168|-15|-67|CG0104168|-15|-67|CG0104169|-16|-67|CG0104169|-16|-67|CG0104169|-16|-67|CG0104170|-17|-67|CG0104170|-17|-67|CG0104171|-17|-67|CG0104171|-17|-67
211|2|6|1500|8|CG0104185|-17|-68|CG0104186|-17|-68|CG0104186|-17|-68|CG0104187|-17|-73|CG0104188|-18|-75|CG0104188|-18|-75|CG0104188|-18|-75|CG0104188|-18|-75
211|2|7|1000|13|CG0104593|-18|-69|CG0104593|-18|-69|CG0104594|-21|-67|CG0104594|-21|-67|CG0104595|-22|-67|CG0104595|-22|-67|CG0104595|-22|-67|CG0104596|-19|-68|CG0104597|-12|-69|CG0104598|-6|-74|CG0104598|-6|-74|CG0104598|-6|-74|CG0104599|-13|-68
211|2|8|1000|2|CG0104180|-22|-73|CG0104181|-41|-50
211|2|9|1000|1|CG0104182|-18|-69
211|2|10|1500|12|CG0104174|-22|-65|CG0104174|-22|-65|CG0104175|-18|-58|CG0104175|-18|-58|CG0104176|-17|-46|CG0104176|-17|-46|CG0104176|-17|-46|CG0104177|-13|-51|CG0104177|-13|-51|CG0104178|-13|-49|CG0104179|-11|-47|CG0104179|-11|-47
211|3|0|1200|4|CG0104233|-19|-72|CG0104234|-19|-72|CG0104235|-18|-72|CG0104234|-19|-72
211|3|1|1000|6|CG0104238|-19|-72|CG0104239|-20|-73|CG0104240|-19|-71|CG0104241|-20|-72|CG0104242|-19|-73|CG0104243|-19|-71
211|3|2|400|1|CG0188507|-36|-53
211|3|3|700|6|CG0104619|-29|-71|CG0104620|-28|-75|CG0104621|-28|-72|CG0104622|-28|-72|CG0104623|-29|-74|CG0104624|-28|-72
211|3|4|100|1|CG0196464|-10|-51
211|3|5|1500|22|CG0104205|-20|-72|CG0104205|-20|-72|CG0104206|-20|-71|CG0104206|-20|-71|CG0104207|-20|-71|CG0104207|-20|-71|CG0104207|-20|-71|CG0104208|-19|-71|CG0104208|-19|-71|CG0104208|-19|-71|CG0104209|-17|-71|CG0104209|-17|-71|CG0104209|-17|-71|CG0104209|-17|-71|CG0104209|-17|-71|CG0104210|-21|-71|CG0104210|-21|-71|CG0104210|-21|-71|CG0104211|-19|-71|CG0104211|-19|-71|CG0104212|-19|-71|CG0104212|-19|-71
211|3|6|1500|8|CG0104226|-18|-72|CG0104227|-19|-72|CG0104227|-19|-72|CG0104228|-13|-73|CG0104229|-14|-73|CG0104229|-14|-73|CG0104229|-14|-73|CG0104229|-14|-73
211|3|7|1000|13|CG0104660|-19|-73|CG0104660|-19|-73|CG0104661|-22|-72|CG0104661|-22|-72|CG0104662|-27|-72|CG0104662|-27|-72|CG0104662|-27|-72|CG0104663|-20|-71|CG0104664|-15|-71|CG0104665|-11|-73|CG0104665|-11|-73|CG0104665|-11|-73|CG0104666|-13|-71
211|3|8|1000|2|CG0104221|-19|-69|CG0104222|-49|-59
211|3|9|1000|1|CG0104223|-16|-68
211|3|10|1500|12|CG0104215|-24|-68|CG0104215|-24|-68|CG0104216|-17|-58|CG0104216|-17|-58|CG0104217|-19|-44|CG0104217|-19|-44|CG0104217|-19|-44|CG0104218|-13|-45|CG0104218|-13|-45|CG0104219|-11|-33|CG0104220|-10|-24|CG0104220|-10|-24
211|4|0|1200|4|CG0104274|-16|-74|CG0104275|-17|-74|CG0104276|-17|-74|CG0104275|-17|-74
211|4|1|1000|6|CG0104279|-17|-74|CG0104280|-17|-75|CG0104281|-17|-73|CG0104282|-17|-74|CG0104283|-17|-75|CG0104284|-17|-73
211|4|2|400|1|CG0188552|-25|-51
211|4|3|700|6|CG0104686|-20|-69|CG0104687|-21|-73|CG0104688|-21|-70|CG0104689|-20|-70|CG0104690|-21|-72|CG0104691|-20|-70
211|4|4|100|1|CG0196504|-21|-46
211|4|5|1500|22|CG0104246|-18|-74|CG0104246|-18|-74|CG0104247|-32|-74|CG0104247|-32|-74|CG0104248|-18|-73|CG0104248|-18|-73|CG0104248|-18|-73|CG0104249|-17|-72|CG0104249|-17|-72|CG0104249|-17|-72|CG0104250|-16|-72|CG0104250|-16|-72|CG0104250|-16|-72|CG0104250|-16|-72|CG0104250|-16|-72|CG0104251|-25|-72|CG0104251|-25|-72|CG0104251|-25|-72|CG0104252|-28|-73|CG0104252|-28|-73|CG0104253|-28|-73|CG0104253|-28|-73
211|4|6|1500|8|CG0104267|-17|-74|CG0104268|-17|-74|CG0104268|-17|-74|CG0104269|-17|-71|CG0104270|-18|-68|CG0104270|-18|-68|CG0104270|-18|-68|CG0104270|-18|-68
211|4|7|1000|13|CG0104727|-20|-73|CG0104727|-20|-73|CG0104728|-28|-74|CG0104728|-28|-74|CG0104729|-31|-74|CG0104729|-31|-74|CG0104729|-31|-74|CG0104730|-19|-71|CG0104731|-12|-70|CG0104732|-13|-69|CG0104732|-13|-69|CG0104732|-13|-69|CG0104733|-13|-72
211|4|8|1000|2|CG0104262|-22|-65|CG0104263|-39|-69
211|4|9|1000|1|CG0104264|-19|-65
211|4|10|1500|12|CG0104256|-22|-73|CG0104256|-22|-73|CG0104257|-17|-61|CG0104257|-17|-61|CG0104258|-17|-45|CG0104258|-17|-45|CG0104258|-17|-45|CG0104259|-13|-44|CG0104259|-13|-44|CG0104260|-13|-18|CG0104261|-12|-10|CG0104261|-12|-10
211|5|0|1200|4|CG0104315|-17|-73|CG0104316|-16|-73|CG0104317|-15|-73|CG0104316|-16|-73
211|5|1|1000|6|CG0104320|-16|-73|CG0104321|-16|-75|CG0104322|-16|-72|CG0104323|-16|-73|CG0104324|-16|-75|CG0104325|-16|-72
211|5|2|400|1|CG0188597|-19|-60
211|5|3|700|6|CG0104753|-19|-69|CG0104754|-16|-72|CG0104755|-16|-68|CG0104756|-16|-69|CG0104757|-21|-71|CG0104758|-24|-68
211|5|4|100|1|CG0196544|-24|-45
211|5|5|1500|22|CG0104287|-13|-73|CG0104287|-13|-73|CG0104288|-39|-74|CG0104288|-39|-74|CG0104289|-20|-73|CG0104289|-20|-73|CG0104289|-20|-73|CG0104290|-27|-72|CG0104290|-27|-72|CG0104290|-27|-72|CG0104291|-13|-71|CG0104291|-13|-71|CG0104291|-13|-71|CG0104291|-13|-71|CG0104291|-13|-71|CG0104292|-16|-71|CG0104292|-16|-71|CG0104292|-16|-71|CG0104293|-22|-72|CG0104293|-22|-72|CG0104294|-26|-73|CG0104294|-26|-73
211|5|6|1500|8|CG0104308|-16|-73|CG0104309|-16|-73|CG0104309|-16|-73|CG0104310|-16|-71|CG0104311|-16|-67|CG0104311|-16|-67|CG0104311|-16|-67|CG0104311|-16|-67
211|5|7|1000|13|CG0104794|-23|-73|CG0104794|-23|-73|CG0104795|-22|-75|CG0104795|-22|-75|CG0104796|-19|-75|CG0104796|-19|-75|CG0104796|-19|-75|CG0104797|-18|-71|CG0104798|-16|-68|CG0104799|-16|-66|CG0104799|-16|-66|CG0104799|-16|-66|CG0104800|-16|-70
211|5|8|1000|2|CG0104303|-16|-64|CG0104304|-18|-73
211|5|9|1000|1|CG0104305|-17|-64
211|5|10|1500|12|CG0104297|-16|-73|CG0104297|-16|-73|CG0104298|-16|-59|CG0104298|-16|-59|CG0104299|-16|-43|CG0104299|-16|-43|CG0104299|-16|-43|CG0104300|-17|-40|CG0104300|-17|-40|CG0104301|-25|-15|CG0104302|-17|-10|CG0104302|-17|-10
211|6|0|1200|4|CG0104356|-14|-74|CG0104357|-14|-74|CG0104358|-14|-74|CG0104357|-14|-74
211|6|1|1000|6|CG0104361|-13|-74|CG0104362|-13|-75|CG0104363|-13|-73|CG0104364|-13|-74|CG0104365|-13|-75|CG0104366|-20|-73
211|6|2|400|1|CG0188642|-38|-63
211|6|3|700|6|CG0104820|-21|-69|CG0104821|-22|-73|CG0104822|-23|-70|CG0104823|-23|-70|CG0104824|-23|-72|CG0104825|-21|-70
211|6|4|100|1|CG0196584|-20|-48
211|6|5|1500|22|CG0104328|-20|-73|CG0104328|-20|-73|CG0104329|-23|-86|CG0104329|-23|-86|CG0104330|-33|-73|CG0104330|-33|-73|CG0104330|-33|-73|CG0104331|-31|-72|CG0104331|-31|-72|CG0104331|-31|-72|CG0104332|-30|-72|CG0104332|-30|-72|CG0104332|-30|-72|CG0104332|-30|-72|CG0104332|-30|-72|CG0104333|-29|-72|CG0104333|-29|-72|CG0104333|-29|-72|CG0104334|-28|-72|CG0104334|-28|-72|CG0104335|-21|-73|CG0104335|-21|-73
211|6|6|1500|8|CG0104349|-19|-74|CG0104350|-17|-74|CG0104350|-17|-74|CG0104351|-19|-71|CG0104352|-19|-68|CG0104352|-19|-68|CG0104352|-19|-68|CG0104352|-19|-68
211|6|7|1000|13|CG0104861|-15|-73|CG0104861|-15|-73|CG0104862|-17|-74|CG0104862|-17|-74|CG0104863|-20|-74|CG0104863|-20|-74|CG0104863|-20|-74|CG0104864|-19|-71|CG0104865|-30|-69|CG0104866|-25|-68|CG0104866|-25|-68|CG0104866|-25|-68|CG0104867|-21|-71
211|6|8|1000|2|CG0104344|-21|-65|CG0104345|-22|-69
211|6|9|1000|1|CG0104346|-19|-65
211|6|10|1500|12|CG0104338|-16|-73|CG0104338|-16|-73|CG0104339|-23|-61|CG0104339|-23|-61|CG0104340|-25|-45|CG0104340|-25|-45|CG0104340|-25|-45|CG0104341|-26|-44|CG0104341|-26|-44|CG0104342|-52|-25|CG0104343|-58|-13|CG0104343|-58|-13
211|7|0|1200|4|CG0104397|-12|-72|CG0104398|-12|-72|CG0104399|-13|-72|CG0104398|-12|-72
211|7|1|1000|6|CG0104402|-13|-72|CG0104403|-13|-73|CG0104404|-19|-71|CG0104405|-13|-72|CG0104406|-13|-73|CG0104407|-21|-71
211|7|2|400|1|CG0188687|-44|-60
211|7|3|700|6|CG0104887|-20|-71|CG0104888|-20|-75|CG0104889|-25|-72|CG0104890|-20|-72|CG0104891|-22|-74|CG0104892|-25|-72
211|7|4|100|1|CG0196624|-25|-51
211|7|5|1500|22|CG0104369|-21|-70|CG0104369|-21|-70|CG0104370|-18|-89|CG0104370|-18|-89|CG0104371|-28|-70|CG0104371|-28|-70|CG0104371|-28|-70|CG0104372|-33|-70|CG0104372|-33|-70|CG0104372|-33|-70|CG0104373|-33|-70|CG0104373|-33|-70|CG0104373|-33|-70|CG0104373|-33|-70|CG0104373|-33|-70|CG0104374|-34|-70|CG0104374|-34|-70|CG0104374|-34|-70|CG0104375|-29|-70|CG0104375|-29|-70|CG0104376|-24|-70|CG0104376|-24|-70
211|7|6|1500|8|CG0104390|-17|-72|CG0104391|-22|-72|CG0104391|-22|-72|CG0104392|-22|-73|CG0104393|-22|-73|CG0104393|-22|-73|CG0104393|-22|-73|CG0104393|-22|-73
211|7|7|1000|13|CG0104928|-20|-70|CG0104928|-20|-70|CG0104929|-21|-69|CG0104929|-21|-69|CG0104930|-21|-69|CG0104930|-21|-69|CG0104930|-21|-69|CG0104931|-31|-69|CG0104932|-28|-70|CG0104933|-35|-72|CG0104933|-35|-72|CG0104933|-35|-72|CG0104934|-23|-72
211|7|8|1000|2|CG0104385|-22|-69|CG0104386|-19|-59
211|7|9|1000|1|CG0104387|-20|-67
211|7|10|1500|12|CG0104379|-27|-68|CG0104379|-27|-68|CG0104380|-36|-58|CG0104380|-36|-58|CG0104381|-37|-44|CG0104381|-37|-44|CG0104381|-37|-44|CG0104382|-42|-46|CG0104382|-42|-46|CG0104383|-59|-42|CG0104384|-73|-21|CG0104384|-73|-21
