188|0|0|1200|4|CG0094977|-15|-66|CG0094978|-15|-66|CG0094979|-15|-65|CG0094978|-15|-66
188|0|1|1000|6|CG0094989|-11|-64|CG0094990|-25|-66|CG0094991|-19|-64|CG0094992|-14|-64|CG0094993|-23|-66|CG0094994|-19|-64
188|0|2|400|1|CG0188372|-32|-70
188|0|3|500|6|CG0094938|-23|-69|CG0094939|-23|-72|CG0094940|-23|-71|CG0094941|-23|-69|CG0094942|-23|-72|CG0094943|-24|-71
188|0|4|100|1|CG0196344|-27|-55
188|0|5|1200|35|CG0094930|-20|-64|CG0094930|-20|-64|CG0094930|-20|-64|CG0094930|-20|-64|CG0094931|-17|-62|CG0094931|-17|-62|CG0094931|-17|-62|CG0094931|-17|-62|CG0094932|-14|-62|CG0094932|-14|-62|CG0094932|-14|-62|CG0094932|-14|-62|CG0094932|-14|-62|CG0094932|-14|-62|CG0094932|-14|-62|CG0094933|-20|-63|CG0094933|-20|-63|CG0094933|-20|-63|CG0094933|-20|-63|CG0094934|-29|-73|CG0094934|-29|-73|CG0094935|-37|-74|CG0094935|-37|-74|CG0094935|-37|-74|CG0094935|-37|-74|CG0094935|-37|-74|CG0094935|-37|-74|CG0094936|-27|-74|CG0094936|-27|-74|CG0094936|-27|-74|CG0094936|-27|-74|CG0094937|-17|-66|CG0094937|-17|-66|CG0094937|-17|-66|CG0094937|-17|-66
188|0|6|1000|16|CG0094966|-13|-74|CG0094967|-13|-82|CG0094968|-26|-82|CG0094969|-25|-74|CG0094966|-13|-74|CG0094967|-13|-82|CG0094968|-26|-82|CG0094969|-25|-74|CG0094966|-13|-74|CG0094967|-13|-82|CG0094968|-26|-82|CG0094969|-25|-74|CG0094966|-13|-74|CG0094967|-13|-82|CG0094968|-26|-82|CG0094969|-25|-74
188|0|7|1000|28|CG0094980|-16|-65|CG0094980|-16|-65|CG0094980|-16|-65|CG0094980|-16|-65|CG0094981|-18|-64|CG0094981|-18|-64|CG0094981|-18|-64|CG0094981|-18|-64|CG0094982|-21|-64|CG0094982|-21|-64|CG0094982|-21|-64|CG0094982|-21|-64|CG0094982|-21|-64|CG0094982|-21|-64|CG0094982|-21|-64|CG0094982|-21|-64|CG0094983|-29|-62|CG0094983|-29|-62|CG0094983|-29|-62|CG0094983|-29|-62|CG0094984|-35|-67|CG0094984|-35|-67|CG0094985|-43|-78|CG0094985|-43|-78|CG0094985|-43|-78|CG0094985|-43|-78|CG0094985|-43|-78|CG0094985|-43|-78
188|0|8|1000|2|CG0094957|-26|-76|CG0094958|-19|-55
188|0|9|1000|1|CG0094963|-33|-55
188|0|10|1000|11|CG0094950|-29|-57|CG0094950|-29|-57|CG0094951|-30|-67|CG0094951|-30|-67|CG0094952|-18|-70|CG0094952|-18|-70|CG0094953|-39|-66|CG0094953|-39|-66|CG0094954|-46|-39|CG0094955|-45|-37|CG0094956|-46|-34
188|1|0|1200|4|CG0095044|-22|-65|CG0095045|-23|-65|CG0095046|-22|-65|CG0095045|-23|-65
188|1|1|1000|6|CG0095056|-22|-63|CG0095057|-23|-65|CG0095058|-23|-64|CG0095059|-22|-63|CG0095060|-22|-65|CG0095061|-23|-63
188|1|2|400|1|CG0188417|-17|-71
188|1|3|500|6|CG0095005|-22|-65|CG0095006|-22|-68|CG0095007|-22|-67|CG0095008|-22|-65|CG0095009|-22|-68|CG0095010|-22|-67
188|1|4|100|1|CG0196384|-26|-58
188|1|5|1200|35|CG0094997|-25|-63|CG0094997|-25|-63|CG0094997|-25|-63|CG0094997|-25|-63|CG0094998|-21|-62|CG0094998|-21|-62|CG0094998|-21|-62|CG0094998|-21|-62|CG0094999|-18|-65|CG0094999|-18|-65|CG0094999|-18|-65|CG0094999|-18|-65|CG0094999|-18|-65|CG0094999|-18|-65|CG0094999|-18|-65|CG0095000|-18|-66|CG0095000|-18|-66|CG0095000|-18|-66|CG0095000|-18|-66|CG0095001|-16|-69|CG0095001|-16|-69|CG0095002|-18|-74|CG0095002|-18|-74|CG0095002|-18|-74|CG0095002|-18|-74|CG0095002|-18|-74|CG0095002|-18|-74|CG0095003|-21|-71|CG0095003|-21|-71|CG0095003|-21|-71|CG0095003|-21|-71|CG0095004|-21|-66|CG0095004|-21|-66|CG0095004|-21|-66|CG0095004|-21|-66
188|1|6|1000|16|CG0095033|-23|-70|CG0095034|-13|-80|CG0095035|-22|-79|CG0095036|-19|-80|CG0095033|-23|-70|CG0095034|-13|-80|CG0095035|-22|-79|CG0095036|-19|-80|CG0095033|-23|-70|CG0095034|-13|-80|CG0095035|-22|-79|CG0095036|-19|-80|CG0095033|-23|-70|CG0095034|-13|-80|CG0095035|-22|-79|CG0095036|-19|-80
188|1|7|1000|28|CG0095047|-25|-64|CG0095047|-25|-64|CG0095047|-25|-64|CG0095047|-25|-64|CG0095048|-22|-62|CG0095048|-22|-62|CG0095048|-22|-62|CG0095048|-22|-62|CG0095049|-21|-65|CG0095049|-21|-65|CG0095049|-21|-65|CG0095049|-21|-65|CG0095049|-21|-65|CG0095049|-21|-65|CG0095049|-21|-65|CG0095049|-21|-65|CG0095050|-23|-61|CG0095050|-23|-61|CG0095050|-23|-61|CG0095050|-23|-61|CG0095051|-28|-68|CG0095051|-28|-68|CG0095052|-30|-81|CG0095052|-30|-81|CG0095052|-30|-81|CG0095052|-30|-81|CG0095052|-30|-81|CG0095052|-30|-81
188|1|8|1000|2|CG0095024|-22|-72|CG0095025|-31|-51
188|1|9|1000|1|CG0095030|-21|-54
188|1|10|1000|11|CG0095017|-23|-54|CG0095017|-23|-54|CG0095018|-33|-59|CG0095018|-33|-59|CG0095019|-21|-70|CG0095019|-21|-70|CG0095020|-17|-64|CG0095020|-17|-64|CG0095021|-16|-39|CG0095022|-24|-41|CG0095023|-23|-38
188|2|0|1200|4|CG0095111|-25|-65|CG0095112|-26|-66|CG0095113|-25|-66|CG0095112|-26|-66
188|2|1|1000|6|CG0095123|-29|-63|CG0095124|-30|-66|CG0095125|-29|-64|CG0095126|-29|-63|CG0095127|-29|-65|CG0095128|-29|-64
188|2|2|400|1|CG0188462|-33|-62
188|2|3|500|6|CG0095072|-23|-69|CG0095073|-23|-72|CG0095074|-29|-71|CG0095075|-23|-69|CG0095076|-23|-72|CG0095077|-23|-71
188|2|4|100|1|CG0196424|-14|-57
188|2|5|1200|35|CG0095064|-22|-70|CG0095064|-22|-70|CG0095064|-22|-70|CG0095064|-22|-70|CG0095065|-20|-69|CG0095065|-20|-69|CG0095065|-20|-69|CG0095065|-20|-69|CG0095066|-22|-70|CG0095066|-22|-70|CG0095066|-22|-70|CG0095066|-22|-70|CG0095066|-22|-70|CG0095066|-22|-70|CG0095066|-22|-70|CG0095067|-14|-70|CG0095067|-14|-70|CG0095067|-14|-70|CG0095067|-14|-70|CG0095068|-12|-71|CG0095068|-12|-71|CG0095069|-7|-75|CG0095069|-7|-75|CG0095069|-7|-75|CG0095069|-7|-75|CG0095069|-7|-75|CG0095069|-7|-75|CG0095070|-11|-74|CG0095070|-11|-74|CG0095070|-11|-74|CG0095070|-11|-74|CG0095071|-19|-70|CG0095071|-19|-70|CG0095071|-19|-70|CG0095071|-19|-70
188|2|6|1000|16|CG0095100|-25|-74|CG0095101|-13|-74|CG0095102|-13|-82|CG0095103|-26|-82|CG0095100|-25|-74|CG0095101|-13|-74|CG0095102|-13|-82|CG0095103|-26|-82|CG0095100|-25|-74|CG0095101|-13|-74|CG0095102|-13|-82|CG0095103|-26|-82|CG0095100|-25|-74|CG0095101|-13|-74|CG0095102|-13|-82|CG0095103|-26|-82
188|2|7|1000|28|CG0095114|-25|-70|CG0095114|-25|-70|CG0095114|-25|-70|CG0095114|-25|-70|CG0095115|-30|-63|CG0095115|-30|-63|CG0095115|-30|-63|CG0095115|-30|-63|CG0095116|-37|-57|CG0095116|-37|-57|CG0095116|-37|-57|CG0095116|-37|-57|CG0095116|-37|-57|CG0095116|-37|-57|CG0095116|-37|-57|CG0095116|-37|-57|CG0095117|-32|-63|CG0095117|-32|-63|CG0095117|-32|-63|CG0095117|-32|-63|CG0095118|-22|-70|CG0095118|-22|-70|CG0095119|-19|-81|CG0095119|-19|-81|CG0095119|-19|-81|CG0095119|-19|-81|CG0095119|-19|-81|CG0095119|-19|-81
188|2|8|1000|2|CG0095091|-14|-75|CG0095092|-43|-55
188|2|9|1000|1|CG0095097|-12|-56
188|2|10|1000|11|CG0095084|-38|-57|CG0095084|-38|-57|CG0095085|-19|-53|CG0095085|-19|-53|CG0095086|-35|-60|CG0095086|-35|-60|CG0095087|-23|-63|CG0095087|-23|-63|CG0095088|-17|-35|CG0095089|-20|-35|CG0095090|-23|-33
188|3|0|1200|4|CG0095178|-20|-72|CG0095179|-20|-73|CG0095180|-20|-73|CG0095179|-20|-73
188|3|1|1000|6|CG0095190|-25|-72|CG0095191|-30|-74|CG0095192|-25|-72|CG0095193|-25|-72|CG0095194|-31|-74|CG0095195|-25|-72
188|3|2|400|1|CG0188507|-36|-53
188|3|3|500|6|CG0095139|-24|-70|CG0095140|-23|-73|CG0095141|-33|-71|CG0095142|-19|-70|CG0095143|-23|-73|CG0095144|-35|-71
188|3|4|100|1|CG0196464|-10|-51
188|3|5|1200|35|CG0095131|-25|-74|CG0095131|-25|-74|CG0095131|-25|-74|CG0095131|-25|-74|CG0095132|-27|-72|CG0095132|-27|-72|CG0095132|-27|-72|CG0095132|-27|-72|CG0095133|-31|-71|CG0095133|-31|-71|CG0095133|-31|-71|CG0095133|-31|-71|CG0095133|-31|-71|CG0095133|-31|-71|CG0095133|-31|-71|CG0095134|-24|-71|CG0095134|-24|-71|CG0095134|-24|-71|CG0095134|-24|-71|CG0095135|-25|-70|CG0095135|-25|-70|CG0095136|-22|-71|CG0095136|-22|-71|CG0095136|-22|-71|CG0095136|-22|-71|CG0095136|-22|-71|CG0095136|-22|-71|CG0095137|-17|-73|CG0095137|-17|-73|CG0095137|-17|-73|CG0095137|-17|-73|CG0095138|-17|-73|CG0095138|-17|-73|CG0095138|-17|-73|CG0095138|-17|-73
188|3|6|1000|16|CG0095167|-19|-80|CG0095168|-23|-70|CG0095169|-13|-80|CG0095170|-22|-79|CG0095167|-19|-80|CG0095168|-23|-70|CG0095169|-13|-80|CG0095170|-22|-79|CG0095167|-19|-80|CG0095168|-23|-70|CG0095169|-13|-80|CG0095170|-22|-79|CG0095167|-19|-80|CG0095168|-23|-70|CG0095169|-13|-80|CG0095170|-22|-79
188|3|7|1000|28|CG0095181|-25|-75|CG0095181|-25|-75|CG0095181|-25|-75|CG0095181|-25|-75|CG0095182|-29|-72|CG0095182|-29|-72|CG0095182|-29|-72|CG0095182|-29|-72|CG0095183|-39|-70|CG0095183|-39|-70|CG0095183|-39|-70|CG0095183|-39|-70|CG0095183|-39|-70|CG0095183|-39|-70|CG0095183|-39|-70|CG0095183|-39|-70|CG0095184|-35|-72|CG0095184|-35|-72|CG0095184|-35|-72|CG0095184|-35|-72|CG0095185|-15|-73|CG0095185|-15|-73|CG0095186|-20|-77|CG0095186|-20|-77|CG0095186|-20|-77|CG0095186|-20|-77|CG0095186|-20|-77|CG0095186|-20|-77
188|3|8|1000|2|CG0095158|-16|-72|CG0095159|-43|-63
188|3|9|1000|1|CG0095164|-13|-50
188|3|10|1000|11|CG0095151|-37|-62|CG0095151|-37|-62|CG0095152|-33|-53|CG0095152|-33|-53|CG0095153|-31|-55|CG0095153|-31|-55|CG0095154|-39|-56|CG0095154|-39|-56|CG0095155|-21|-33|CG0095156|-25|-29|CG0095157|-27|-19
188|4|0|1200|4|CG0095245|-26|-74|CG0095246|-26|-75|CG0095247|-27|-75|CG0095246|-26|-75
188|4|1|1000|6|CG0095257|-29|-76|CG0095258|-29|-78|CG0095259|-29|-76|CG0095260|-29|-76|CG0095261|-29|-78|CG0095262|-29|-76
188|4|2|400|1|CG0188552|-25|-51
188|4|3|500|6|CG0095206|-24|-65|CG0095207|-24|-68|CG0095208|-24|-66|CG0095209|-24|-65|CG0095210|-24|-68|CG0095211|-29|-66
188|4|4|100|1|CG0196504|-21|-46
188|4|5|1200|35|CG0095198|-25|-72|CG0095198|-25|-72|CG0095198|-25|-72|CG0095198|-25|-72|CG0095199|-28|-71|CG0095199|-28|-71|CG0095199|-28|-71|CG0095199|-28|-71|CG0095200|-29|-70|CG0095200|-29|-70|CG0095200|-29|-70|CG0095200|-29|-70|CG0095200|-29|-70|CG0095200|-29|-70|CG0095200|-29|-70|CG0095201|-27|-69|CG0095201|-27|-69|CG0095201|-27|-69|CG0095201|-27|-69|CG0095202|-27|-66|CG0095202|-27|-66|CG0095203|-27|-63|CG0095203|-27|-63|CG0095203|-27|-63|CG0095203|-27|-63|CG0095203|-27|-63|CG0095203|-27|-63|CG0095204|-15|-67|CG0095204|-15|-67|CG0095204|-15|-67|CG0095204|-15|-67|CG0095205|-24|-72|CG0095205|-24|-72|CG0095205|-24|-72|CG0095205|-24|-72
188|4|6|1000|16|CG0095234|-26|-82|CG0095235|-25|-74|CG0095236|-13|-74|CG0095237|-13|-82|CG0095234|-26|-82|CG0095235|-25|-74|CG0095236|-13|-74|CG0095237|-13|-82|CG0095234|-26|-82|CG0095235|-25|-74|CG0095236|-13|-74|CG0095237|-13|-82|CG0095234|-26|-82|CG0095235|-25|-74|CG0095236|-13|-74|CG0095237|-13|-82
188|4|7|1000|28|CG0095248|-26|-75|CG0095248|-26|-75|CG0095248|-26|-75|CG0095248|-26|-75|CG0095249|-32|-77|CG0095249|-32|-77|CG0095249|-32|-77|CG0095249|-32|-77|CG0095250|-39|-78|CG0095250|-39|-78|CG0095250|-39|-78|CG0095250|-39|-78|CG0095250|-39|-78|CG0095250|-39|-78|CG0095250|-39|-78|CG0095250|-39|-78|CG0095251|-34|-77|CG0095251|-34|-77|CG0095251|-34|-77|CG0095251|-34|-77|CG0095252|-17|-71|CG0095252|-17|-71|CG0095253|-25|-67|CG0095253|-25|-67|CG0095253|-25|-67|CG0095253|-25|-67|CG0095253|-25|-67|CG0095253|-25|-67
188|4|8|1000|2|CG0095225|-14|-66|CG0095226|-42|-70
188|4|9|1000|1|CG0095231|-12|-39
188|4|10|1000|11|CG0095218|-37|-71|CG0095218|-37|-71|CG0095219|-43|-58|CG0095219|-43|-58|CG0095220|-27|-53|CG0095220|-27|-53|CG0095221|-34|-53|CG0095221|-34|-53|CG0095222|-16|-36|CG0095223|-22|-35|CG0095224|-27|-25
188|5|0|1200|4|CG0095312|-22|-72|CG0095313|-22|-72|CG0095314|-23|-72|CG0095313|-22|-72
188|5|1|1000|6|CG0095324|-22|-73|CG0095325|-22|-75|CG0095326|-22|-73|CG0095327|-22|-73|CG0095328|-22|-75|CG0095329|-22|-73
188|5|2|400|1|CG0188597|-19|-60
188|5|3|500|6|CG0095273|-22|-59|CG0095274|-22|-62|CG0095275|-22|-60|CG0095276|-22|-59|CG0095277|-22|-62|CG0095278|-22|-60
188|5|4|100|1|CG0196544|-24|-45
188|5|5|1200|35|CG0095265|-15|-73|CG0095265|-15|-73|CG0095265|-15|-73|CG0095265|-15|-73|CG0095266|-17|-71|CG0095266|-17|-71|CG0095266|-17|-71|CG0095266|-17|-71|CG0095267|-21|-69|CG0095267|-21|-69|CG0095267|-21|-69|CG0095267|-21|-69|CG0095267|-21|-69|CG0095267|-21|-69|CG0095267|-21|-69|CG0095268|-21|-68|CG0095268|-21|-68|CG0095268|-21|-68|CG0095268|-21|-68|CG0095269|-25|-61|CG0095269|-25|-61|CG0095270|-20|-56|CG0095270|-20|-56|CG0095270|-20|-56|CG0095270|-20|-56|CG0095270|-20|-56|CG0095270|-20|-56|CG0095271|-24|-61|CG0095271|-24|-61|CG0095271|-24|-61|CG0095271|-24|-61|CG0095272|-23|-69|CG0095272|-23|-69|CG0095272|-23|-69|CG0095272|-23|-69
188|5|6|1000|16|CG0095301|-22|-79|CG0095302|-19|-80|CG0095303|-23|-70|CG0095304|-13|-80|CG0095301|-22|-79|CG0095302|-19|-80|CG0095303|-23|-70|CG0095304|-13|-80|CG0095301|-22|-79|CG0095302|-19|-80|CG0095303|-23|-70|CG0095304|-13|-80|CG0095301|-22|-79|CG0095302|-19|-80|CG0095303|-23|-70|CG0095304|-13|-80
188|5|7|1000|28|CG0095315|-16|-73|CG0095315|-16|-73|CG0095315|-16|-73|CG0095315|-16|-73|CG0095316|-22|-75|CG0095316|-22|-75|CG0095316|-22|-75|CG0095316|-22|-75|CG0095317|-22|-77|CG0095317|-22|-77|CG0095317|-22|-77|CG0095317|-22|-77|CG0095317|-22|-77|CG0095317|-22|-77|CG0095317|-22|-77|CG0095317|-22|-77|CG0095318|-20|-74|CG0095318|-20|-74|CG0095318|-20|-74|CG0095318|-20|-74|CG0095319|-19|-70|CG0095319|-19|-70|CG0095320|-19|-56|CG0095320|-19|-56|CG0095320|-19|-56|CG0095320|-19|-56|CG0095320|-19|-56|CG0095320|-19|-56
188|5|8|1000|2|CG0095292|-23|-59|CG0095293|-28|-74
188|5|9|1000|1|CG0095298|-22|-31
188|5|10|1000|11|CG0095285|-22|-70|CG0095285|-22|-70|CG0095286|-43|-67|CG0095286|-43|-67|CG0095287|-42|-57|CG0095287|-42|-57|CG0095288|-27|-59|CG0095288|-27|-59|CG0095289|-27|-40|CG0095290|-33|-40|CG0095291|-34|-29
188|6|0|1200|4|CG0095379|-14|-76|CG0095380|-14|-75|CG0095381|-14|-74|CG0095380|-14|-75
188|6|1|1000|6|CG0095391|-14|-75|CG0095392|-24|-78|CG0095393|-21|-76|CG0095394|-11|-75|CG0095395|-26|-78|CG0095396|-19|-76
188|6|2|400|1|CG0188642|-38|-63
188|6|3|500|6|CG0095340|-24|-65|CG0095341|-25|-68|CG0095342|-25|-67|CG0095343|-24|-65|CG0095344|-25|-68|CG0095345|-24|-67
188|6|4|100|1|CG0196584|-20|-48
188|6|5|1200|35|CG0095332|-14|-73|CG0095332|-14|-73|CG0095332|-14|-73|CG0095332|-14|-73|CG0095333|-24|-71|CG0095333|-24|-71|CG0095333|-24|-71|CG0095333|-24|-71|CG0095334|-28|-71|CG0095334|-28|-71|CG0095334|-28|-71|CG0095334|-28|-71|CG0095334|-28|-71|CG0095334|-28|-71|CG0095334|-28|-71|CG0095335|-29|-71|CG0095335|-29|-71|CG0095335|-29|-71|CG0095335|-29|-71|CG0095336|-41|-59|CG0095336|-41|-59|CG0095337|-43|-54|CG0095337|-43|-54|CG0095337|-43|-54|CG0095337|-43|-54|CG0095337|-43|-54|CG0095337|-43|-54|CG0095338|-31|-65|CG0095338|-31|-65|CG0095338|-31|-65|CG0095338|-31|-65|CG0095339|-24|-73|CG0095339|-24|-73|CG0095339|-24|-73|CG0095339|-24|-73
188|6|6|1000|16|CG0095368|-13|-82|CG0095369|-26|-82|CG0095370|-25|-74|CG0095371|-13|-74|CG0095368|-13|-82|CG0095369|-26|-82|CG0095370|-25|-74|CG0095371|-13|-74|CG0095368|-13|-82|CG0095369|-26|-82|CG0095370|-25|-74|CG0095371|-13|-74|CG0095368|-13|-82|CG0095369|-26|-82|CG0095370|-25|-74|CG0095371|-13|-74
188|6|7|1000|28|CG0095382|-14|-73|CG0095382|-14|-73|CG0095382|-14|-73|CG0095382|-14|-73|CG0095383|-35|-74|CG0095383|-35|-74|CG0095383|-35|-74|CG0095383|-35|-74|CG0095384|-34|-74|CG0095384|-34|-74|CG0095384|-34|-74|CG0095384|-34|-74|CG0095384|-34|-74|CG0095384|-34|-74|CG0095384|-34|-74|CG0095384|-34|-74|CG0095385|-37|-73|CG0095385|-37|-73|CG0095385|-37|-73|CG0095385|-37|-73|CG0095386|-20|-71|CG0095386|-20|-71|CG0095387|-35|-54|CG0095387|-35|-54|CG0095387|-35|-54|CG0095387|-35|-54|CG0095387|-35|-54|CG0095387|-35|-54
188|6|8|1000|2|CG0095359|-26|-66|CG0095360|-30|-71
188|6|9|1000|1|CG0095365|-34|-40
188|6|10|1000|11|CG0095352|-25|-71|CG0095352|-25|-71|CG0095353|-33|-72|CG0095353|-33|-72|CG0095354|-39|-64|CG0095354|-39|-64|CG0095355|-46|-57|CG0095355|-46|-57|CG0095356|-53|-43|CG0095357|-53|-41|CG0095358|-53|-28
188|7|0|1200|4|CG0095446|-12|-73|CG0095447|-12|-73|CG0095448|-12|-72|CG0095447|-12|-73
188|7|1|1000|6|CG0095458|-9|-72|CG0095459|-30|-74|CG0095460|-21|-72|CG0095461|-9|-72|CG0095462|-30|-74|CG0095463|-21|-72
188|7|2|400|1|CG0188687|-44|-60
188|7|3|500|6|CG0095407|-28|-70|CG0095408|-28|-73|CG0095409|-29|-71|CG0095410|-28|-70|CG0095411|-28|-73|CG0095412|-28|-71
188|7|4|100|1|CG0196624|-25|-51
188|7|5|1200|35|CG0095399|-17|-67|CG0095399|-17|-67|CG0095399|-17|-67|CG0095399|-17|-67|CG0095400|-26|-66|CG0095400|-26|-66|CG0095400|-26|-66|CG0095400|-26|-66|CG0095401|-24|-67|CG0095401|-24|-67|CG0095401|-24|-67|CG0095401|-24|-67|CG0095401|-24|-67|CG0095401|-24|-67|CG0095401|-24|-67|CG0095402|-28|-68|CG0095402|-28|-68|CG0095402|-28|-68|CG0095402|-28|-68|CG0095403|-44|-69|CG0095403|-44|-69|CG0095404|-52|-64|CG0095404|-52|-64|CG0095404|-52|-64|CG0095404|-52|-64|CG0095404|-52|-64|CG0095404|-52|-64|CG0095405|-35|-72|CG0095405|-35|-72|CG0095405|-35|-72|CG0095405|-35|-72|CG0095406|-20|-72|CG0095406|-20|-72|CG0095406|-20|-72|CG0095406|-20|-72
188|7|6|1000|16|CG0095435|-13|-80|CG0095436|-22|-79|CG0095437|-19|-80|CG0095438|-23|-70|CG0095435|-13|-80|CG0095436|-22|-79|CG0095437|-19|-80|CG0095438|-23|-70|CG0095435|-13|-80|CG0095436|-22|-79|CG0095437|-19|-80|CG0095438|-23|-70|CG0095435|-13|-80|CG0095436|-22|-79|CG0095437|-19|-80|CG0095438|-23|-70
188|7|7|1000|28|CG0095449|-14|-68|CG0095449|-14|-68|CG0095449|-14|-68|CG0095449|-14|-68|CG0095450|-33|-69|CG0095450|-33|-69|CG0095450|-33|-69|CG0095450|-33|-69|CG0095451|-33|-65|CG0095451|-33|-65|CG0095451|-33|-65|CG0095451|-33|-65|CG0095451|-33|-65|CG0095451|-33|-65|CG0095451|-33|-65|CG0095451|-33|-65|CG0095452|-43|-65|CG0095452|-43|-65|CG0095452|-43|-65|CG0095452|-43|-65|CG0095453|-29|-71|CG0095453|-29|-71|CG0095454|-45|-66|CG0095454|-45|-66|CG0095454|-45|-66|CG0095454|-45|-66|CG0095454|-45|-66|CG0095454|-45|-66
188|7|8|1000|2|CG0095426|-25|-73|CG0095427|-31|-64
188|7|9|1000|1|CG0095432|-30|-50
188|7|10|1000|11|CG0095419|-36|-62|CG0095419|-36|-62|CG0095420|-20|-72|CG0095420|-20|-72|CG0095421|-36|-72|CG0095421|-36|-72|CG0095422|-43|-60|CG0095422|-43|-60|CG0095423|-54|-42|CG0095424|-54|-36|CG0095425|-54|-23
