199|0|0|1200|4|CG0099374|-17|-68|CG0099375|-19|-68|CG0099376|-20|-67|CG0099375|-19|-68
199|0|1|1000|6|CG0099379|-13|-68|CG0099380|-13|-69|CG0099381|-19|-67|CG0099382|-13|-68|CG0099383|-13|-69|CG0099384|-13|-67
199|0|2|400|1|CG0188372|-32|-70
199|0|3|700|6|CG0099682|-19|-71|CG0099683|-20|-74|CG0099684|-20|-71|CG0099685|-23|-71|CG0099686|-22|-74|CG0099687|-22|-71
199|0|4|100|1|CG0196344|-27|-55
199|0|5|1500|22|CG0099346|-19|-66|CG0099346|-19|-66|CG0099347|-21|-83|CG0099347|-21|-83|CG0099348|-18|-66|CG0099348|-18|-66|CG0099348|-18|-66|CG0099349|-19|-66|CG0099349|-19|-66|CG0099349|-19|-66|CG0099350|-20|-68|CG0099350|-20|-68|CG0099350|-20|-68|CG0099350|-20|-68|CG0099350|-20|-68|CG0099351|-27|-67|CG0099351|-27|-67|CG0099351|-27|-67|CG0099352|-27|-66|CG0099352|-27|-66|CG0099353|-22|-66|CG0099353|-22|-66
199|0|6|1500|8|CG0099367|-18|-68|CG0099368|-17|-68|CG0099368|-17|-68|CG0099369|-17|-73|CG0099370|-19|-75|CG0099370|-19|-75|CG0099370|-19|-75|CG0099370|-19|-75
199|0|7|1000|13|CG0099723|-19|-66|CG0099723|-19|-66|CG0099724|-16|-65|CG0099724|-16|-65|CG0099725|-17|-64|CG0099725|-17|-64|CG0099725|-17|-64|CG0099726|-25|-67|CG0099727|-27|-68|CG0099728|-29|-73|CG0099728|-29|-73|CG0099728|-29|-73|CG0099729|-27|-70
199|0|8|1000|2|CG0099362|-19|-73|CG0099363|-16|-52
199|0|9|1000|1|CG0099364|-21|-70
199|0|10|1500|12|CG0099356|-22|-65|CG0099356|-22|-65|CG0099357|-28|-58|CG0099357|-28|-58|CG0099358|-30|-46|CG0099358|-30|-46|CG0099358|-30|-46|CG0099359|-35|-52|CG0099359|-35|-52|CG0099360|-44|-55|CG0099361|-52|-44|CG0099361|-52|-44
199|1|0|1200|4|CG0099415|-24|-67|CG0099416|-24|-67|CG0099417|-23|-67|CG0099416|-24|-67
199|1|1|1000|6|CG0099420|-21|-67|CG0099421|-21|-68|CG0099422|-21|-66|CG0099423|-21|-67|CG0099424|-21|-68|CG0099425|-21|-66
199|1|2|400|1|CG0188417|-17|-71
199|1|3|700|6|CG0099749|-17|-68|CG0099750|-21|-72|CG0099751|-25|-69|CG0099752|-16|-69|CG0099753|-17|-71|CG0099754|-16|-69
199|1|4|100|1|CG0196384|-26|-58
199|1|5|1500|22|CG0099387|-22|-66|CG0099387|-22|-66|CG0099388|-17|-69|CG0099388|-17|-69|CG0099389|-14|-65|CG0099389|-14|-65|CG0099389|-14|-65|CG0099390|-13|-66|CG0099390|-13|-66|CG0099390|-13|-66|CG0099391|-13|-67|CG0099391|-13|-67|CG0099391|-13|-67|CG0099391|-13|-67|CG0099391|-13|-67|CG0099392|-14|-67|CG0099392|-14|-67|CG0099392|-14|-67|CG0099393|-22|-66|CG0099393|-22|-66|CG0099394|-23|-66|CG0099394|-23|-66
199|1|6|1500|8|CG0099408|-17|-67|CG0099409|-16|-67|CG0099409|-16|-67|CG0099410|-16|-71|CG0099411|-17|-74|CG0099411|-17|-74|CG0099411|-17|-74|CG0099411|-17|-74
199|1|7|1000|13|CG0099790|-17|-66|CG0099790|-17|-66|CG0099791|-15|-64|CG0099791|-15|-64|CG0099792|-15|-63|CG0099792|-15|-63|CG0099792|-15|-63|CG0099793|-16|-66|CG0099794|-17|-69|CG0099795|-20|-74|CG0099795|-20|-74|CG0099795|-20|-74|CG0099796|-20|-69
199|1|8|1000|2|CG0099403|-17|-73|CG0099404|-24|-47
199|1|9|1000|1|CG0099405|-23|-69
199|1|10|1500|12|CG0099397|-16|-65|CG0099397|-16|-65|CG0099398|-16|-59|CG0099398|-16|-59|CG0099399|-18|-46|CG0099399|-18|-46|CG0099399|-18|-46|CG0099400|-17|-54|CG0099400|-17|-54|CG0099401|-25|-58|CG0099402|-25|-54|CG0099402|-25|-54
199|2|0|1200|4|CG0099456|-17|-67|CG0099457|-17|-68|CG0099458|-17|-68|CG0099457|-17|-68
199|2|1|1000|6|CG0099461|-17|-68|CG0099462|-17|-69|CG0099463|-17|-67|CG0099464|-17|-68|CG0099465|-17|-69|CG0099466|-17|-67
199|2|2|400|1|CG0188462|-33|-62
199|2|3|700|6|CG0099816|-22|-71|CG0099817|-21|-74|CG0099818|-20|-71|CG0099819|-22|-71|CG0099820|-21|-74|CG0099821|-21|-71
199|2|4|100|1|CG0196424|-14|-57
199|2|5|1500|22|CG0099428|-18|-67|CG0099428|-18|-67|CG0099429|-18|-67|CG0099429|-18|-67|CG0099430|-18|-66|CG0099430|-18|-66|CG0099430|-18|-66|CG0099431|-17|-67|CG0099431|-17|-67|CG0099431|-17|-67|CG0099432|-15|-67|CG0099432|-15|-67|CG0099432|-15|-67|CG0099432|-15|-67|CG0099432|-15|-67|CG0099433|-16|-67|CG0099433|-16|-67|CG0099433|-16|-67|CG0099434|-17|-67|CG0099434|-17|-67|CG0099435|-17|-67|CG0099435|-17|-67
199|2|6|1500|8|CG0099449|-17|-68|CG0099450|-17|-68|CG0099450|-17|-68|CG0099451|-17|-73|CG0099452|-18|-75|CG0099452|-18|-75|CG0099452|-18|-75|CG0099452|-18|-75
199|2|7|1000|13|CG0099857|-18|-69|CG0099857|-18|-69|CG0099858|-21|-67|CG0099858|-21|-67|CG0099859|-22|-67|CG0099859|-22|-67|CG0099859|-22|-67|CG0099860|-19|-68|CG0099861|-12|-69|CG0099862|-6|-74|CG0099862|-6|-74|CG0099862|-6|-74|CG0099863|-13|-68
199|2|8|1000|2|CG0099444|-22|-73|CG0099445|-41|-50
199|2|9|1000|1|CG0099446|-18|-69
199|2|10|1500|12|CG0099438|-22|-65|CG0099438|-22|-65|CG0099439|-18|-58|CG0099439|-18|-58|CG0099440|-17|-46|CG0099440|-17|-46|CG0099440|-17|-46|CG0099441|-13|-52|CG0099441|-13|-52|CG0099442|-13|-49|CG0099443|-11|-47|CG0099443|-11|-47
199|3|0|1200|4|CG0099497|-19|-72|CG0099498|-19|-72|CG0099499|-19|-72|CG0099498|-19|-72
199|3|1|1000|6|CG0099502|-19|-72|CG0099503|-20|-73|CG0099504|-19|-71|CG0099505|-20|-72|CG0099506|-19|-73|CG0099507|-19|-71
199|3|2|400|1|CG0188507|-36|-53
199|3|3|700|6|CG0099883|-29|-71|CG0099884|-28|-75|CG0099885|-27|-72|CG0099886|-29|-72|CG0099887|-29|-74|CG0099888|-27|-72
199|3|4|100|1|CG0196464|-10|-51
199|3|5|1500|22|CG0099469|-20|-72|CG0099469|-20|-72|CG0099470|-20|-71|CG0099470|-20|-71|CG0099471|-20|-71|CG0099471|-20|-71|CG0099471|-20|-71|CG0099472|-19|-71|CG0099472|-19|-71|CG0099472|-19|-71|CG0099473|-17|-71|CG0099473|-17|-71|CG0099473|-17|-71|CG0099473|-17|-71|CG0099473|-17|-71|CG0099474|-21|-71|CG0099474|-21|-71|CG0099474|-21|-71|CG0099475|-19|-71|CG0099475|-19|-71|CG0099476|-19|-71|CG0099476|-19|-71
199|3|6|1500|8|CG0099490|-18|-72|CG0099491|-19|-72|CG0099491|-19|-72|CG0099492|-13|-73|CG0099493|-14|-73|CG0099493|-14|-73|CG0099493|-14|-73|CG0099493|-14|-73
199|3|7|1000|13|CG0099924|-19|-73|CG0099924|-19|-73|CG0099925|-22|-72|CG0099925|-22|-72|CG0099926|-27|-72|CG0099926|-27|-72|CG0099926|-27|-72|CG0099927|-20|-71|CG0099928|-15|-71|CG0099929|-13|-73|CG0099929|-13|-73|CG0099929|-13|-73|CG0099930|-13|-71
199|3|8|1000|2|CG0099485|-19|-69|CG0099486|-49|-59
199|3|9|1000|1|CG0099487|-16|-68
199|3|10|1500|12|CG0099479|-24|-68|CG0099479|-24|-68|CG0099480|-17|-58|CG0099480|-17|-58|CG0099481|-19|-44|CG0099481|-19|-44|CG0099481|-19|-44|CG0099482|-14|-45|CG0099482|-14|-45|CG0099483|-11|-33|CG0099484|-10|-24|CG0099484|-10|-24
199|4|0|1200|4|CG0099538|-16|-74|CG0099539|-17|-74|CG0099540|-17|-74|CG0099539|-17|-74
199|4|1|1000|6|CG0099543|-17|-74|CG0099544|-17|-75|CG0099545|-17|-73|CG0099546|-17|-74|CG0099547|-17|-75|CG0099548|-17|-73
199|4|2|400|1|CG0188552|-25|-51
199|4|3|700|6|CG0099950|-20|-69|CG0099951|-21|-73|CG0099952|-21|-70|CG0099953|-20|-70|CG0099954|-21|-72|CG0099955|-20|-70
199|4|4|100|1|CG0196504|-21|-46
199|4|5|1500|22|CG0099510|-18|-74|CG0099510|-18|-74|CG0099511|-32|-74|CG0099511|-32|-74|CG0099512|-18|-73|CG0099512|-18|-73|CG0099512|-18|-73|CG0099513|-17|-72|CG0099513|-17|-72|CG0099513|-17|-72|CG0099514|-16|-72|CG0099514|-16|-72|CG0099514|-16|-72|CG0099514|-16|-72|CG0099514|-16|-72|CG0099515|-25|-72|CG0099515|-25|-72|CG0099515|-25|-72|CG0099516|-28|-73|CG0099516|-28|-73|CG0099517|-28|-73|CG0099517|-28|-73
199|4|6|1500|8|CG0099531|-17|-74|CG0099532|-17|-74|CG0099532|-17|-74|CG0099533|-17|-71|CG0099534|-18|-68|CG0099534|-18|-68|CG0099534|-18|-68|CG0099534|-18|-68
199|4|7|1000|13|CG0099991|-20|-73|CG0099991|-20|-73|CG0099992|-28|-74|CG0099992|-28|-74|CG0099993|-31|-74|CG0099993|-31|-74|CG0099993|-31|-74|CG0099994|-19|-71|CG0099995|-12|-70|CG0099996|-12|-69|CG0099996|-12|-69|CG0099996|-12|-69|CG0099997|-13|-72
199|4|8|1000|2|CG0099526|-22|-65|CG0099527|-39|-69
199|4|9|1000|1|CG0099528|-19|-65
199|4|10|1500|12|CG0099520|-22|-73|CG0099520|-22|-73|CG0099521|-17|-61|CG0099521|-17|-61|CG0099522|-17|-45|CG0099522|-17|-45|CG0099522|-17|-45|CG0099523|-13|-44|CG0099523|-13|-44|CG0099524|-13|-18|CG0099525|-12|-10|CG0099525|-12|-10
199|5|0|1200|4|CG0099579|-17|-73|CG0099580|-16|-73|CG0099581|-15|-73|CG0099580|-16|-73
199|5|1|1000|6|CG0099584|-16|-73|CG0099585|-16|-75|CG0099586|-16|-72|CG0099587|-16|-73|CG0099588|-16|-75|CG0099589|-16|-72
199|5|2|400|1|CG0188597|-19|-60
199|5|3|700|6|CG0100017|-19|-69|CG0100018|-16|-72|CG0100019|-16|-69|CG0100020|-16|-69|CG0100021|-21|-71|CG0100022|-24|-69
199|5|4|100|1|CG0196544|-24|-45
199|5|5|1500|22|CG0099551|-13|-73|CG0099551|-13|-73|CG0099552|-39|-74|CG0099552|-39|-74|CG0099553|-20|-73|CG0099553|-20|-73|CG0099553|-20|-73|CG0099554|-27|-72|CG0099554|-27|-72|CG0099554|-27|-72|CG0099555|-13|-71|CG0099555|-13|-71|CG0099555|-13|-71|CG0099555|-13|-71|CG0099555|-13|-71|CG0099556|-16|-71|CG0099556|-16|-71|CG0099556|-16|-71|CG0099557|-22|-72|CG0099557|-22|-72|CG0099558|-26|-73|CG0099558|-26|-73
199|5|6|1500|8|CG0099572|-16|-73|CG0099573|-16|-73|CG0099573|-16|-73|CG0099574|-16|-71|CG0099575|-16|-68|CG0099575|-16|-68|CG0099575|-16|-68|CG0099575|-16|-68
199|5|7|1000|13|CG0100058|-23|-73|CG0100058|-23|-73|CG0100059|-22|-75|CG0100059|-22|-75|CG0100060|-19|-75|CG0100060|-19|-75|CG0100060|-19|-75|CG0100061|-18|-71|CG0100062|-16|-68|CG0100063|-16|-66|CG0100063|-16|-66|CG0100063|-16|-66|CG0100064|-16|-70
199|5|8|1000|2|CG0099567|-16|-64|CG0099568|-18|-73
199|5|9|1000|1|CG0099569|-17|-64
199|5|10|1500|12|CG0099561|-16|-73|CG0099561|-16|-73|CG0099562|-16|-59|CG0099562|-16|-59|CG0099563|-16|-43|CG0099563|-16|-43|CG0099563|-16|-43|CG0099564|-17|-40|CG0099564|-17|-40|CG0099565|-25|-15|CG0099566|-17|-10|CG0099566|-17|-10
199|6|0|1200|4|CG0099620|-14|-74|CG0099621|-14|-74|CG0099622|-14|-74|CG0099621|-14|-74
199|6|1|1000|6|CG0099625|-13|-74|CG0099626|-13|-75|CG0099627|-13|-73|CG0099628|-13|-74|CG0099629|-13|-75|CG0099630|-20|-73
199|6|2|400|1|CG0188642|-38|-63
199|6|3|700|6|CG0100084|-21|-69|CG0100085|-22|-73|CG0100086|-23|-70|CG0100087|-23|-70|CG0100088|-23|-72|CG0100089|-21|-70
199|6|4|100|1|CG0196584|-20|-48
199|6|5|1500|22|CG0099592|-20|-73|CG0099592|-20|-73|CG0099593|-23|-86|CG0099593|-23|-86|CG0099594|-33|-73|CG0099594|-33|-73|CG0099594|-33|-73|CG0099595|-31|-72|CG0099595|-31|-72|CG0099595|-31|-72|CG0099596|-30|-72|CG0099596|-30|-72|CG0099596|-30|-72|CG0099596|-30|-72|CG0099596|-30|-72|CG0099597|-29|-72|CG0099597|-29|-72|CG0099597|-29|-72|CG0099598|-28|-72|CG0099598|-28|-72|CG0099599|-21|-73|CG0099599|-21|-73
199|6|6|1500|8|CG0099613|-19|-74|CG0099614|-17|-74|CG0099614|-17|-74|CG0099615|-19|-71|CG0099616|-20|-68|CG0099616|-20|-68|CG0099616|-20|-68|CG0099616|-20|-68
199|6|7|1000|13|CG0100125|-15|-73|CG0100125|-15|-73|CG0100126|-17|-74|CG0100126|-17|-74|CG0100127|-20|-74|CG0100127|-20|-74|CG0100127|-20|-74|CG0100128|-19|-71|CG0100129|-30|-69|CG0100130|-25|-68|CG0100130|-25|-68|CG0100130|-25|-68|CG0100131|-21|-71
199|6|8|1000|2|CG0099608|-21|-65|CG0099609|-22|-69
199|6|9|1000|1|CG0099610|-20|-65
199|6|10|1500|12|CG0099602|-16|-73|CG0099602|-16|-73|CG0099603|-23|-61|CG0099603|-23|-61|CG0099604|-25|-45|CG0099604|-25|-45|CG0099604|-25|-45|CG0099605|-26|-44|CG0099605|-26|-44|CG0099606|-52|-25|CG0099607|-58|-13|CG0099607|-58|-13
199|7|0|1200|4|CG0099661|-12|-72|CG0099662|-12|-72|CG0099663|-12|-72|CG0099662|-12|-72
199|7|1|1000|6|CG0099666|-13|-72|CG0099667|-13|-73|CG0099668|-19|-71|CG0099669|-13|-72|CG0099670|-13|-73|CG0099671|-21|-71
199|7|2|400|1|CG0188687|-44|-60
199|7|3|700|6|CG0100151|-20|-71|CG0100152|-20|-75|CG0100153|-25|-72|CG0100154|-20|-72|CG0100155|-22|-74|CG0100156|-25|-72
199|7|4|100|1|CG0196624|-25|-51
199|7|5|1500|22|CG0099633|-21|-70|CG0099633|-21|-70|CG0099634|-18|-89|CG0099634|-18|-89|CG0099635|-28|-70|CG0099635|-28|-70|CG0099635|-28|-70|CG0099636|-33|-70|CG0099636|-33|-70|CG0099636|-33|-70|CG0099637|-33|-70|CG0099637|-33|-70|CG0099637|-33|-70|CG0099637|-33|-70|CG0099637|-33|-70|CG0099638|-34|-70|CG0099638|-34|-70|CG0099638|-34|-70|CG0099639|-29|-70|CG0099639|-29|-70|CG0099640|-24|-70|CG0099640|-24|-70
199|7|6|1500|8|CG0099654|-17|-72|CG0099655|-22|-72|CG0099655|-22|-72|CG0099656|-22|-73|CG0099657|-23|-73|CG0099657|-23|-73|CG0099657|-23|-73|CG0099657|-23|-73
199|7|7|1000|13|CG0100192|-20|-70|CG0100192|-20|-70|CG0100193|-21|-69|CG0100193|-21|-69|CG0100194|-21|-69|CG0100194|-21|-69|CG0100194|-21|-69|CG0100195|-31|-69|CG0100196|-28|-70|CG0100197|-35|-72|CG0100197|-35|-72|CG0100197|-35|-72|CG0100198|-23|-72
199|7|8|1000|2|CG0099649|-22|-69|CG0099650|-19|-59
199|7|9|1000|1|CG0099651|-20|-67
199|7|10|1500|12|CG0099643|-27|-68|CG0099643|-27|-68|CG0099644|-36|-58|CG0099644|-36|-58|CG0099645|-37|-44|CG0099645|-37|-44|CG0099645|-37|-44|CG0099646|-42|-46|CG0099646|-42|-46|CG0099647|-59|-42|CG0099648|-73|-21|CG0099648|-73|-21
