209|0|0|1200|4|CG0103364|-22|-68|CG0103365|-19|-68|CG0103366|-15|-67|CG0103365|-19|-68
209|0|1|1000|6|CG0103369|-22|-68|CG0103370|-23|-69|CG0103371|-23|-67|CG0103372|-22|-68|CG0103373|-23|-69|CG0103374|-23|-67
209|0|2|400|1|CG0188372|-32|-70
209|0|3|700|6|CG0103338|-19|-71|CG0103339|-20|-74|CG0103340|-20|-71|CG0103341|-23|-71|CG0103342|-22|-74|CG0103343|-22|-71
209|0|4|100|1|CG0196344|-27|-55
209|0|5|1300|36|CG0103330|-16|-66|CG0103330|-16|-66|CG0103330|-16|-66|CG0103330|-16|-66|CG0103331|-17|-67|CG0103331|-17|-67|CG0103331|-17|-67|CG0103331|-17|-67|CG0103332|-18|-67|CG0103332|-18|-67|CG0103332|-18|-67|CG0103332|-18|-67|CG0103332|-18|-67|CG0103332|-18|-67|CG0103333|-21|-71|CG0103333|-21|-71|CG0103334|-51|-76|CG0103334|-51|-76|CG0103335|-59|-76|CG0103335|-59|-76|CG0103335|-59|-76|CG0103335|-59|-76|CG0103335|-59|-76|CG0103335|-59|-76|CG0103335|-59|-76|CG0103335|-59|-76|CG0103336|-39|-77|CG0103336|-39|-77|CG0103336|-39|-77|CG0103336|-39|-77|CG0103336|-39|-77|CG0103336|-39|-77|CG0103337|-17|-68|CG0103337|-17|-68|CG0103337|-17|-68|CG0103337|-17|-68
209|0|6|1500|8|CG0103357|-18|-80|CG0103358|-17|-85|CG0103358|-17|-85|CG0103359|-21|-84|CG0103360|-25|-80|CG0103360|-25|-80|CG0103360|-25|-80|CG0103360|-25|-80
209|0|7|1000|13|CG0102091|-19|-66|CG0102091|-19|-66|CG0102092|-16|-65|CG0102092|-16|-65|CG0102093|-17|-64|CG0102093|-17|-64|CG0102093|-17|-64|CG0102094|-25|-67|CG0102095|-27|-68|CG0102096|-29|-73|CG0102096|-29|-73|CG0102096|-29|-73|CG0102097|-27|-70
209|0|8|1000|2|CG0103352|-26|-73|CG0103353|-16|-81
209|0|9|1000|1|CG0103354|-46|-70
209|0|10|1500|12|CG0103346|-41|-65|CG0103346|-41|-65|CG0103347|-34|-64|CG0103347|-34|-64|CG0103348|-32|-66|CG0103348|-32|-66|CG0103348|-32|-66|CG0103349|-37|-76|CG0103349|-37|-76|CG0103350|-57|-55|CG0103351|-64|-44|CG0103351|-64|-44
209|1|0|1200|4|CG0103411|-16|-67|CG0103412|-16|-67|CG0103413|-17|-67|CG0103412|-16|-67
209|1|1|1000|6|CG0103416|-16|-67|CG0103417|-16|-68|CG0103418|-16|-66|CG0103419|-16|-67|CG0103420|-16|-68|CG0103421|-16|-66
209|1|2|400|1|CG0188417|-17|-71
209|1|3|700|6|CG0103385|-17|-68|CG0103386|-21|-72|CG0103387|-25|-69|CG0103388|-16|-69|CG0103389|-17|-71|CG0103390|-16|-69
209|1|4|100|1|CG0196384|-26|-58
209|1|5|1300|36|CG0103377|-17|-66|CG0103377|-17|-66|CG0103377|-17|-66|CG0103377|-17|-66|CG0103378|-16|-66|CG0103378|-16|-66|CG0103378|-16|-66|CG0103378|-16|-66|CG0103379|-14|-67|CG0103379|-14|-67|CG0103379|-14|-67|CG0103379|-14|-67|CG0103379|-14|-67|CG0103379|-14|-67|CG0103380|-15|-72|CG0103380|-15|-72|CG0103381|-15|-78|CG0103381|-15|-78|CG0103382|-15|-81|CG0103382|-15|-81|CG0103382|-15|-81|CG0103382|-15|-81|CG0103382|-15|-81|CG0103382|-15|-81|CG0103382|-15|-81|CG0103382|-15|-81|CG0103383|-16|-81|CG0103383|-16|-81|CG0103383|-16|-81|CG0103383|-16|-81|CG0103383|-16|-81|CG0103383|-16|-81|CG0103384|-18|-68|CG0103384|-18|-68|CG0103384|-18|-68|CG0103384|-18|-68
209|1|6|1500|8|CG0103404|-16|-81|CG0103405|-16|-86|CG0103405|-16|-86|CG0103406|-16|-86|CG0103407|-17|-84|CG0103407|-17|-84|CG0103407|-17|-84|CG0103407|-17|-84
209|1|7|1000|13|CG0102158|-17|-66|CG0102158|-17|-66|CG0102159|-15|-64|CG0102159|-15|-64|CG0102160|-15|-63|CG0102160|-15|-63|CG0102160|-15|-63|CG0102161|-16|-66|CG0102162|-17|-69|CG0102163|-20|-74|CG0102163|-20|-74|CG0102163|-20|-74|CG0102164|-20|-69
209|1|8|1000|2|CG0103399|-17|-73|CG0103400|-23|-76
209|1|9|1000|1|CG0103401|-50|-69
209|1|10|1500|12|CG0103393|-16|-71|CG0103393|-16|-71|CG0103394|-16|-73|CG0103394|-16|-73|CG0103395|-18|-65|CG0103395|-18|-65|CG0103395|-18|-65|CG0103396|-17|-78|CG0103396|-17|-78|CG0103397|-16|-58|CG0103398|-20|-54|CG0103398|-20|-54
209|2|0|1200|4|CG0103458|-17|-67|CG0103459|-17|-68|CG0103460|-18|-68|CG0103459|-17|-68
209|2|1|1000|6|CG0103463|-17|-68|CG0103464|-17|-69|CG0103465|-17|-67|CG0103466|-17|-68|CG0103467|-17|-69|CG0103468|-17|-67
209|2|2|400|1|CG0188462|-33|-62
209|2|3|700|6|CG0103432|-22|-71|CG0103433|-21|-74|CG0103434|-21|-71|CG0103435|-22|-71|CG0103436|-21|-74|CG0103437|-21|-71
209|2|4|100|1|CG0196424|-14|-57
209|2|5|1300|36|CG0103424|-26|-68|CG0103424|-26|-68|CG0103424|-26|-68|CG0103424|-26|-68|CG0103425|-35|-68|CG0103425|-35|-68|CG0103425|-35|-68|CG0103425|-35|-68|CG0103426|-38|-69|CG0103426|-38|-69|CG0103426|-38|-69|CG0103426|-38|-69|CG0103426|-38|-69|CG0103426|-38|-69|CG0103427|-25|-72|CG0103427|-25|-72|CG0103428|-6|-75|CG0103428|-6|-75|CG0103429|-4|-75|CG0103429|-4|-75|CG0103429|-4|-75|CG0103429|-4|-75|CG0103429|-4|-75|CG0103429|-4|-75|CG0103429|-4|-75|CG0103429|-4|-75|CG0103430|-5|-77|CG0103430|-5|-77|CG0103430|-5|-77|CG0103430|-5|-77|CG0103430|-5|-77|CG0103430|-5|-77|CG0103431|-21|-70|CG0103431|-21|-70|CG0103431|-21|-70|CG0103431|-21|-70
209|2|6|1500|8|CG0103451|-17|-77|CG0103452|-17|-83|CG0103452|-17|-83|CG0103453|-17|-83|CG0103454|-18|-77|CG0103454|-18|-77|CG0103454|-18|-77|CG0103454|-18|-77
209|2|7|1000|13|CG0102225|-18|-69|CG0102225|-18|-69|CG0102226|-21|-67|CG0102226|-21|-67|CG0102227|-22|-67|CG0102227|-22|-67|CG0102227|-22|-67|CG0102228|-19|-68|CG0102229|-12|-69|CG0102230|-6|-74|CG0102230|-6|-74|CG0102230|-6|-74|CG0102231|-13|-68
209|2|8|1000|2|CG0103446|-22|-73|CG0103447|-41|-74
209|2|9|1000|1|CG0103448|-25|-69
209|2|10|1500|12|CG0103440|-22|-68|CG0103440|-22|-68|CG0103441|-18|-75|CG0103441|-18|-75|CG0103442|-17|-62|CG0103442|-17|-62|CG0103442|-17|-62|CG0103443|-13|-72|CG0103443|-13|-72|CG0103444|-13|-49|CG0103445|-11|-47|CG0103445|-11|-47
209|3|0|1200|4|CG0103505|-30|-72|CG0103506|-31|-72|CG0103507|-32|-72|CG0103506|-31|-72
209|3|1|1000|6|CG0103510|-32|-72|CG0103511|-32|-73|CG0103512|-32|-71|CG0103513|-32|-72|CG0103514|-32|-73|CG0103515|-32|-71
209|3|2|400|1|CG0188507|-36|-53
209|3|3|700|6|CG0103479|-32|-71|CG0103480|-32|-75|CG0103481|-32|-72|CG0103482|-32|-72|CG0103483|-32|-74|CG0103484|-32|-72
209|3|4|100|1|CG0196464|-10|-51
209|3|5|1300|36|CG0103471|-35|-72|CG0103471|-35|-72|CG0103471|-35|-72|CG0103471|-35|-72|CG0103472|-42|-72|CG0103472|-42|-72|CG0103472|-42|-72|CG0103472|-42|-72|CG0103473|-46|-71|CG0103473|-46|-71|CG0103473|-46|-71|CG0103473|-46|-71|CG0103473|-46|-71|CG0103473|-46|-71|CG0103474|-39|-70|CG0103474|-39|-70|CG0103475|-9|-66|CG0103475|-9|-66|CG0103476|-7|-61|CG0103476|-7|-61|CG0103476|-7|-61|CG0103476|-7|-61|CG0103476|-7|-61|CG0103476|-7|-61|CG0103476|-7|-61|CG0103476|-7|-61|CG0103477|-9|-67|CG0103477|-9|-67|CG0103477|-9|-67|CG0103477|-9|-67|CG0103477|-9|-67|CG0103477|-9|-67|CG0103478|-28|-72|CG0103478|-28|-72|CG0103478|-28|-72|CG0103478|-28|-72
209|3|6|1500|8|CG0103498|-18|-72|CG0103499|-19|-78|CG0103499|-19|-78|CG0103500|-13|-74|CG0103501|-14|-73|CG0103501|-14|-73|CG0103501|-14|-73|CG0103501|-14|-73
209|3|7|1000|13|CG0102292|-19|-73|CG0102292|-19|-73|CG0102293|-22|-72|CG0102293|-22|-72|CG0102294|-27|-72|CG0102294|-27|-72|CG0102294|-27|-72|CG0102295|-20|-71|CG0102296|-15|-71|CG0102297|-13|-73|CG0102297|-13|-73|CG0102297|-13|-73|CG0102298|-13|-71
209|3|8|1000|2|CG0103493|-27|-69|CG0103494|-49|-75
209|3|9|1000|1|CG0103495|-16|-68
209|3|10|1500|12|CG0103487|-24|-68|CG0103487|-24|-68|CG0103488|-17|-66|CG0103488|-17|-66|CG0103489|-19|-57|CG0103489|-19|-57|CG0103489|-19|-57|CG0103490|-14|-61|CG0103490|-14|-61|CG0103491|-11|-33|CG0103492|-10|-24|CG0103492|-10|-24
209|4|0|1200|4|CG0103552|-31|-74|CG0103553|-30|-74|CG0103554|-28|-74|CG0103553|-30|-74
209|4|1|1000|6|CG0103557|-33|-74|CG0103558|-33|-75|CG0103559|-33|-73|CG0103560|-33|-74|CG0103561|-33|-75|CG0103562|-33|-73
209|4|2|400|1|CG0188552|-25|-51
209|4|3|700|6|CG0103526|-33|-69|CG0103527|-33|-73|CG0103528|-33|-70|CG0103529|-33|-70|CG0103530|-33|-72|CG0103531|-33|-70
209|4|4|100|1|CG0196504|-21|-46
209|4|5|1300|36|CG0103518|-25|-74|CG0103518|-25|-74|CG0103518|-25|-74|CG0103518|-25|-74|CG0103519|-26|-73|CG0103519|-26|-73|CG0103519|-26|-73|CG0103519|-26|-73|CG0103520|-29|-71|CG0103520|-29|-71|CG0103520|-29|-71|CG0103520|-29|-71|CG0103520|-29|-71|CG0103520|-29|-71|CG0103521|-31|-66|CG0103521|-31|-66|CG0103522|-13|-57|CG0103522|-13|-57|CG0103523|-12|-54|CG0103523|-12|-54|CG0103523|-12|-54|CG0103523|-12|-54|CG0103523|-12|-54|CG0103523|-12|-54|CG0103523|-12|-54|CG0103523|-12|-54|CG0103524|-14|-56|CG0103524|-14|-56|CG0103524|-14|-56|CG0103524|-14|-56|CG0103524|-14|-56|CG0103524|-14|-56|CG0103525|-20|-72|CG0103525|-20|-72|CG0103525|-20|-72|CG0103525|-20|-72
209|4|6|1500|8|CG0103545|-17|-74|CG0103546|-17|-74|CG0103546|-17|-74|CG0103547|-17|-71|CG0103548|-18|-68|CG0103548|-18|-68|CG0103548|-18|-68|CG0103548|-18|-68
209|4|7|1000|13|CG0102359|-20|-73|CG0102359|-20|-73|CG0102360|-28|-74|CG0102360|-28|-74|CG0102361|-31|-74|CG0102361|-31|-74|CG0102361|-31|-74|CG0102362|-19|-71|CG0102363|-12|-70|CG0102364|-13|-69|CG0102364|-13|-69|CG0102364|-13|-69|CG0102365|-13|-72
209|4|8|1000|2|CG0103540|-29|-65|CG0103541|-39|-80
209|4|9|1000|1|CG0103542|-15|-65
209|4|10|1500|12|CG0103534|-25|-73|CG0103534|-25|-73|CG0103535|-17|-61|CG0103535|-17|-61|CG0103536|-17|-55|CG0103536|-17|-55|CG0103536|-17|-55|CG0103537|-13|-51|CG0103537|-13|-51|CG0103538|-13|-18|CG0103539|-12|-10|CG0103539|-12|-10
209|5|0|1200|4|CG0103599|-17|-73|CG0103600|-16|-73|CG0103601|-19|-73|CG0103600|-16|-73
209|5|1|1000|6|CG0103604|-17|-73|CG0103605|-17|-75|CG0103606|-17|-72|CG0103607|-17|-73|CG0103608|-17|-75|CG0103609|-17|-72
209|5|2|400|1|CG0188597|-19|-60
209|5|3|700|6|CG0103573|-17|-69|CG0103574|-17|-72|CG0103575|-17|-69|CG0103576|-17|-69|CG0103577|-17|-71|CG0103578|-17|-69
209|5|4|100|1|CG0196544|-24|-45
209|5|5|1300|36|CG0103565|-32|-73|CG0103565|-32|-73|CG0103565|-32|-73|CG0103565|-32|-73|CG0103566|-36|-73|CG0103566|-36|-73|CG0103566|-36|-73|CG0103566|-36|-73|CG0103567|-27|-72|CG0103567|-27|-72|CG0103567|-27|-72|CG0103567|-27|-72|CG0103567|-27|-72|CG0103567|-27|-72|CG0103568|-20|-66|CG0103568|-20|-66|CG0103569|-19|-53|CG0103569|-19|-53|CG0103570|-19|-50|CG0103570|-19|-50|CG0103570|-19|-50|CG0103570|-19|-50|CG0103570|-19|-50|CG0103570|-19|-50|CG0103570|-19|-50|CG0103570|-19|-50|CG0103571|-15|-52|CG0103571|-15|-52|CG0103571|-15|-52|CG0103571|-15|-52|CG0103571|-15|-52|CG0103571|-15|-52|CG0103572|-33|-72|CG0103572|-33|-72|CG0103572|-33|-72|CG0103572|-33|-72
209|5|6|1500|8|CG0103592|-16|-73|CG0103593|-16|-73|CG0103593|-16|-73|CG0103594|-16|-71|CG0103595|-16|-68|CG0103595|-16|-68|CG0103595|-16|-68|CG0103595|-16|-68
209|5|7|1000|13|CG0102426|-23|-73|CG0102426|-23|-73|CG0102427|-22|-75|CG0102427|-22|-75|CG0102428|-19|-75|CG0102428|-19|-75|CG0102428|-19|-75|CG0102429|-18|-71|CG0102430|-16|-68|CG0102431|-16|-66|CG0102431|-16|-66|CG0102431|-16|-66|CG0102432|-16|-70
209|5|8|1000|2|CG0103587|-17|-64|CG0103588|-21|-84
209|5|9|1000|1|CG0103589|-29|-64
209|5|10|1500|12|CG0103581|-22|-73|CG0103581|-22|-73|CG0103582|-25|-59|CG0103582|-25|-59|CG0103583|-16|-56|CG0103583|-16|-56|CG0103583|-16|-56|CG0103584|-17|-47|CG0103584|-17|-47|CG0103585|-25|-15|CG0103586|-17|-10|CG0103586|-17|-10
209|6|0|1200|4|CG0103646|-37|-74|CG0103647|-38|-74|CG0103648|-40|-74|CG0103647|-38|-74
209|6|1|1000|6|CG0103651|-33|-74|CG0103652|-33|-75|CG0103653|-33|-73|CG0103654|-33|-74|CG0103655|-33|-75|CG0103656|-33|-73
209|6|2|400|1|CG0188642|-38|-63
209|6|3|700|6|CG0103620|-37|-69|CG0103621|-37|-73|CG0103622|-38|-70|CG0103623|-37|-70|CG0103624|-37|-72|CG0103625|-38|-70
209|6|4|100|1|CG0196584|-20|-48
209|6|5|1300|36|CG0103612|-48|-73|CG0103612|-48|-73|CG0103612|-48|-73|CG0103612|-48|-73|CG0103613|-40|-74|CG0103613|-40|-74|CG0103613|-40|-74|CG0103613|-40|-74|CG0103614|-31|-73|CG0103614|-31|-73|CG0103614|-31|-73|CG0103614|-31|-73|CG0103614|-31|-73|CG0103614|-31|-73|CG0103615|-39|-69|CG0103615|-39|-69|CG0103616|-62|-58|CG0103616|-62|-58|CG0103617|-68|-49|CG0103617|-68|-49|CG0103617|-68|-49|CG0103617|-68|-49|CG0103617|-68|-49|CG0103617|-68|-49|CG0103617|-68|-49|CG0103617|-68|-49|CG0103618|-61|-54|CG0103618|-61|-54|CG0103618|-61|-54|CG0103618|-61|-54|CG0103618|-61|-54|CG0103618|-61|-54|CG0103619|-53|-73|CG0103619|-53|-73|CG0103619|-53|-73|CG0103619|-53|-73
209|6|6|1500|8|CG0103639|-25|-74|CG0103640|-17|-74|CG0103640|-17|-74|CG0103641|-20|-71|CG0103642|-27|-68|CG0103642|-27|-68|CG0103642|-27|-68|CG0103642|-27|-68
209|6|7|1000|13|CG0102493|-15|-73|CG0102493|-15|-73|CG0102494|-17|-74|CG0102494|-17|-74|CG0102495|-20|-74|CG0102495|-20|-74|CG0102495|-20|-74|CG0102496|-19|-71|CG0102497|-30|-69|CG0102498|-25|-68|CG0102498|-25|-68|CG0102498|-25|-68|CG0102499|-21|-71
209|6|8|1000|2|CG0103634|-46|-65|CG0103635|-22|-87
209|6|9|1000|1|CG0103636|-34|-65
209|6|10|1500|12|CG0103628|-29|-73|CG0103628|-29|-73|CG0103629|-31|-61|CG0103629|-31|-61|CG0103630|-37|-59|CG0103630|-37|-59|CG0103630|-37|-59|CG0103631|-30|-54|CG0103631|-30|-54|CG0103632|-56|-25|CG0103633|-58|-13|CG0103633|-58|-13
209|7|0|1200|4|CG0103693|-41|-72|CG0103694|-39|-72|CG0103695|-38|-72|CG0103694|-39|-72
209|7|1|1000|6|CG0103698|-38|-72|CG0103699|-38|-73|CG0103700|-38|-71|CG0103701|-38|-72|CG0103702|-38|-73|CG0103703|-38|-71
209|7|2|400|1|CG0188687|-44|-60
209|7|3|700|6|CG0103667|-37|-71|CG0103668|-38|-75|CG0103669|-38|-72|CG0103670|-38|-72|CG0103671|-38|-74|CG0103672|-38|-72
209|7|4|100|1|CG0196624|-25|-51
209|7|5|1300|36|CG0103659|-36|-71|CG0103659|-36|-71|CG0103659|-36|-71|CG0103659|-36|-71|CG0103660|-22|-71|CG0103660|-22|-71|CG0103660|-22|-71|CG0103660|-22|-71|CG0103661|-19|-72|CG0103661|-19|-72|CG0103661|-19|-72|CG0103661|-19|-72|CG0103661|-19|-72|CG0103661|-19|-72|CG0103662|-36|-72|CG0103662|-36|-72|CG0103663|-80|-68|CG0103663|-80|-68|CG0103664|-89|-61|CG0103664|-89|-61|CG0103664|-89|-61|CG0103664|-89|-61|CG0103664|-89|-61|CG0103664|-89|-61|CG0103664|-89|-61|CG0103664|-89|-61|CG0103665|-70|-67|CG0103665|-70|-67|CG0103665|-70|-67|CG0103665|-70|-67|CG0103665|-70|-67|CG0103665|-70|-67|CG0103666|-42|-71|CG0103666|-42|-71|CG0103666|-42|-71|CG0103666|-42|-71
209|7|6|1500|8|CG0103686|-29|-72|CG0103687|-23|-80|CG0103687|-23|-80|CG0103688|-28|-76|CG0103689|-36|-73|CG0103689|-36|-73|CG0103689|-36|-73|CG0103689|-36|-73
209|7|7|1000|13|CG0102560|-20|-70|CG0102560|-20|-70|CG0102561|-21|-69|CG0102561|-21|-69|CG0102562|-21|-69|CG0102562|-21|-69|CG0102562|-21|-69|CG0102563|-31|-69|CG0102564|-28|-70|CG0102565|-35|-72|CG0102565|-35|-72|CG0102565|-35|-72|CG0102566|-23|-72
209|7|8|1000|2|CG0103681|-50|-69|CG0103682|-19|-85
209|7|9|1000|1|CG0103683|-21|-67
209|7|10|1500|12|CG0103675|-50|-68|CG0103675|-50|-68|CG0103676|-35|-58|CG0103676|-35|-58|CG0103677|-41|-63|CG0103677|-41|-63|CG0103677|-41|-63|CG0103678|-42|-66|CG0103678|-42|-66|CG0103679|-80|-42|CG0103680|-78|-21|CG0103680|-78|-21
