178|0|0|1200|4|CG0091099|-18|-66|CG0091100|-15|-66|CG0091101|-15|-65|CG0091100|-15|-66
178|0|1|1000|6|CG0091104|-20|-64|CG0091105|-25|-66|CG0091106|-21|-64|CG0091107|-20|-64|CG0091108|-23|-66|CG0091109|-19|-64
178|0|2|400|1|CG0188372|-32|-70
178|0|3|500|6|CG0091072|-23|-69|CG0091073|-23|-72|CG0091074|-23|-71|CG0091075|-23|-69|CG0091076|-23|-72|CG0091077|-24|-71
178|0|4|100|1|CG0196344|-27|-55
178|0|5|2000|38|CG0091066|-23|-72|CG0091066|-23|-72|CG0091066|-23|-72|CG0091066|-23|-72|CG0091067|-23|-74|CG0091067|-23|-74|CG0091067|-23|-74|CG0091067|-23|-74|CG0091068|-26|-80|CG0091068|-26|-80|CG0091068|-26|-80|CG0091068|-26|-80|CG0091068|-26|-80|CG0091068|-26|-80|CG0091069|-60|-72|CG0091069|-60|-72|CG0091070|-44|-97|CG0091070|-44|-97|CG0091069|-60|-72|CG0091069|-60|-72|CG0091070|-44|-97|CG0091070|-44|-97|CG0091069|-60|-72|CG0091069|-60|-72|CG0091070|-44|-97|CG0091070|-44|-97|CG0091069|-60|-72|CG0091069|-60|-72|CG0091070|-44|-97|CG0091070|-44|-97|CG0091069|-60|-72|CG0091069|-60|-72|CG0091070|-44|-97|CG0091070|-44|-97|CG0091071|-45|-71|CG0091071|-45|-71|CG0091071|-45|-71|CG0091071|-45|-71
178|0|6|1000|16|CG0091092|-23|-75|CG0091093|-23|-82|CG0091094|-26|-82|CG0091095|-25|-75|CG0091092|-23|-75|CG0091093|-23|-82|CG0091094|-26|-82|CG0091095|-25|-75|CG0091092|-23|-75|CG0091093|-23|-82|CG0091094|-26|-82|CG0091095|-25|-75|CG0091092|-23|-75|CG0091093|-23|-82|CG0091094|-26|-82|CG0091095|-25|-75
178|0|7|1000|28|CG0090196|-16|-65|CG0090196|-16|-65|CG0090196|-16|-65|CG0090196|-16|-65|CG0090197|-18|-64|CG0090197|-18|-64|CG0090197|-18|-64|CG0090197|-18|-64|CG0090198|-21|-64|CG0090198|-21|-64|CG0090198|-21|-64|CG0090198|-21|-64|CG0090198|-21|-64|CG0090198|-21|-64|CG0090198|-21|-64|CG0090198|-21|-64|CG0090199|-29|-62|CG0090199|-29|-62|CG0090199|-29|-62|CG0090199|-29|-62|CG0090200|-35|-67|CG0090200|-35|-67|CG0090201|-43|-78|CG0090201|-43|-78|CG0090201|-43|-78|CG0090201|-43|-78|CG0090201|-43|-78|CG0090201|-43|-78
178|0|8|1000|2|CG0091087|-26|-76|CG0091088|-19|-76
178|0|9|1000|1|CG0091089|-33|-55
178|0|10|1000|11|CG0091080|-29|-74|CG0091080|-29|-74|CG0091081|-30|-67|CG0091081|-30|-67|CG0091082|-19|-70|CG0091082|-19|-70|CG0091083|-39|-74|CG0091083|-39|-74|CG0091084|-46|-44|CG0091085|-48|-42|CG0091086|-53|-34
178|1|0|1200|4|CG0091145|-22|-65|CG0091146|-23|-65|CG0091147|-22|-65|CG0091146|-23|-65
178|1|1|1000|6|CG0091150|-22|-63|CG0091151|-23|-65|CG0091152|-23|-64|CG0091153|-22|-63|CG0091154|-22|-65|CG0091155|-23|-63
178|1|2|400|1|CG0188417|-17|-71
178|1|3|500|6|CG0091118|-22|-65|CG0091119|-22|-68|CG0091120|-22|-67|CG0091121|-22|-65|CG0091122|-22|-68|CG0091123|-22|-67
178|1|4|100|1|CG0196384|-26|-58
178|1|5|2000|38|CG0091112|-19|-71|CG0091112|-19|-71|CG0091112|-19|-71|CG0091112|-19|-71|CG0091113|-26|-66|CG0091113|-26|-66|CG0091113|-26|-66|CG0091113|-26|-66|CG0091114|-22|-76|CG0091114|-22|-76|CG0091114|-22|-76|CG0091114|-22|-76|CG0091114|-22|-76|CG0091114|-22|-76|CG0091115|-17|-78|CG0091115|-17|-78|CG0091116|-19|-105|CG0091116|-19|-105|CG0091115|-17|-78|CG0091115|-17|-78|CG0091116|-19|-105|CG0091116|-19|-105|CG0091115|-17|-78|CG0091115|-17|-78|CG0091116|-19|-105|CG0091116|-19|-105|CG0091115|-17|-78|CG0091115|-17|-78|CG0091116|-19|-105|CG0091116|-19|-105|CG0091115|-17|-78|CG0091115|-17|-78|CG0091116|-19|-105|CG0091116|-19|-105|CG0091117|-22|-71|CG0091117|-22|-71|CG0091117|-22|-71|CG0091117|-22|-71
178|1|6|1000|16|CG0091138|-23|-78|CG0091139|-29|-80|CG0091140|-22|-79|CG0091141|-19|-80|CG0091138|-23|-78|CG0091139|-29|-80|CG0091140|-22|-79|CG0091141|-19|-80|CG0091138|-23|-78|CG0091139|-29|-80|CG0091140|-22|-79|CG0091141|-19|-80|CG0091138|-23|-78|CG0091139|-29|-80|CG0091140|-22|-79|CG0091141|-19|-80
178|1|7|1000|28|CG0090263|-25|-64|CG0090263|-25|-64|CG0090263|-25|-64|CG0090263|-25|-64|CG0090264|-22|-62|CG0090264|-22|-62|CG0090264|-22|-62|CG0090264|-22|-62|CG0090265|-21|-65|CG0090265|-21|-65|CG0090265|-21|-65|CG0090265|-21|-65|CG0090265|-21|-65|CG0090265|-21|-65|CG0090265|-21|-65|CG0090265|-21|-65|CG0090266|-23|-61|CG0090266|-23|-61|CG0090266|-23|-61|CG0090266|-23|-61|CG0090267|-28|-68|CG0090267|-28|-68|CG0090268|-30|-81|CG0090268|-30|-81|CG0090268|-30|-81|CG0090268|-30|-81|CG0090268|-30|-81|CG0090268|-30|-81
178|1|8|1000|2|CG0091133|-22|-72|CG0091134|-31|-71
178|1|9|1000|1|CG0091135|-21|-54
178|1|10|1000|11|CG0091126|-23|-73|CG0091126|-23|-73|CG0091127|-33|-72|CG0091127|-33|-72|CG0091128|-23|-70|CG0091128|-23|-70|CG0091129|-21|-78|CG0091129|-21|-78|CG0091130|-20|-53|CG0091131|-27|-53|CG0091132|-36|-38
178|2|0|1200|4|CG0091191|-25|-65|CG0091192|-26|-66|CG0091193|-25|-66|CG0091192|-26|-66
178|2|1|1000|6|CG0091196|-29|-63|CG0091197|-30|-66|CG0091198|-29|-64|CG0091199|-29|-63|CG0091200|-29|-65|CG0091201|-29|-64
178|2|2|400|1|CG0188462|-33|-62
178|2|3|500|6|CG0091164|-24|-69|CG0091165|-24|-72|CG0091166|-29|-71|CG0091167|-24|-69|CG0091168|-24|-72|CG0091169|-24|-71
178|2|4|100|1|CG0196424|-14|-57
178|2|5|2000|38|CG0091158|-26|-65|CG0091158|-26|-65|CG0091158|-26|-65|CG0091158|-26|-65|CG0091159|-25|-66|CG0091159|-25|-66|CG0091159|-25|-66|CG0091159|-25|-66|CG0091160|-21|-74|CG0091160|-21|-74|CG0091160|-21|-74|CG0091160|-21|-74|CG0091160|-21|-74|CG0091160|-21|-74|CG0091161|-23|-69|CG0091161|-23|-69|CG0091162|-24|-103|CG0091162|-24|-103|CG0091161|-23|-69|CG0091161|-23|-69|CG0091162|-24|-103|CG0091162|-24|-103|CG0091161|-23|-69|CG0091161|-23|-69|CG0091162|-24|-103|CG0091162|-24|-103|CG0091161|-23|-69|CG0091161|-23|-69|CG0091162|-24|-103|CG0091162|-24|-103|CG0091161|-23|-69|CG0091161|-23|-69|CG0091162|-24|-103|CG0091162|-24|-103|CG0091163|-25|-70|CG0091163|-25|-70|CG0091163|-25|-70|CG0091163|-25|-70
178|2|6|1000|16|CG0091184|-25|-75|CG0091185|-23|-75|CG0091186|-23|-82|CG0091187|-26|-82|CG0091184|-25|-75|CG0091185|-23|-75|CG0091186|-23|-82|CG0091187|-26|-82|CG0091184|-25|-75|CG0091185|-23|-75|CG0091186|-23|-82|CG0091187|-26|-82|CG0091184|-25|-75|CG0091185|-23|-75|CG0091186|-23|-82|CG0091187|-26|-82
178|2|7|1000|28|CG0090330|-25|-70|CG0090330|-25|-70|CG0090330|-25|-70|CG0090330|-25|-70|CG0090331|-30|-63|CG0090331|-30|-63|CG0090331|-30|-63|CG0090331|-30|-63|CG0090332|-37|-57|CG0090332|-37|-57|CG0090332|-37|-57|CG0090332|-37|-57|CG0090332|-37|-57|CG0090332|-37|-57|CG0090332|-37|-57|CG0090332|-37|-57|CG0090333|-32|-63|CG0090333|-32|-63|CG0090333|-32|-63|CG0090333|-32|-63|CG0090334|-22|-70|CG0090334|-22|-70|CG0090335|-19|-81|CG0090335|-19|-81|CG0090335|-19|-81|CG0090335|-19|-81|CG0090335|-19|-81|CG0090335|-19|-81
178|2|8|1000|2|CG0091179|-14|-75|CG0091180|-43|-62
178|2|9|1000|1|CG0091181|-12|-56
178|2|10|1000|11|CG0091172|-38|-67|CG0091172|-38|-67|CG0091173|-19|-73|CG0091173|-19|-73|CG0091174|-35|-69|CG0091174|-35|-69|CG0091175|-28|-77|CG0091175|-28|-77|CG0091176|-17|-48|CG0091177|-22|-54|CG0091178|-23|-37
178|3|0|1200|4|CG0091237|-27|-72|CG0091238|-29|-73|CG0091239|-29|-73|CG0091238|-29|-73
178|3|1|1000|6|CG0091242|-25|-72|CG0091243|-30|-74|CG0091244|-25|-72|CG0091245|-25|-72|CG0091246|-28|-74|CG0091247|-26|-72
178|3|2|400|1|CG0188507|-36|-53
178|3|3|500|6|CG0091210|-31|-70|CG0091211|-31|-73|CG0091212|-33|-71|CG0091213|-31|-70|CG0091214|-31|-73|CG0091215|-35|-71
178|3|4|100|1|CG0196464|-10|-51
178|3|5|2000|38|CG0091204|-23|-70|CG0091204|-23|-70|CG0091204|-23|-70|CG0091204|-23|-70|CG0091205|-23|-68|CG0091205|-23|-68|CG0091205|-23|-68|CG0091205|-23|-68|CG0091206|-15|-74|CG0091206|-15|-74|CG0091206|-15|-74|CG0091206|-15|-74|CG0091206|-15|-74|CG0091206|-15|-74|CG0091207|-18|-64|CG0091207|-18|-64|CG0091208|-18|-91|CG0091208|-18|-91|CG0091207|-18|-64|CG0091207|-18|-64|CG0091208|-18|-91|CG0091208|-18|-91|CG0091207|-18|-64|CG0091207|-18|-64|CG0091208|-18|-91|CG0091208|-18|-91|CG0091207|-18|-64|CG0091207|-18|-64|CG0091208|-18|-91|CG0091208|-18|-91|CG0091207|-18|-64|CG0091207|-18|-64|CG0091208|-18|-91|CG0091208|-18|-91|CG0091209|-21|-68|CG0091209|-21|-68|CG0091209|-21|-68|CG0091209|-21|-68
178|3|6|1000|16|CG0091230|-19|-80|CG0091231|-23|-78|CG0091232|-29|-80|CG0091233|-22|-79|CG0091230|-19|-80|CG0091231|-23|-78|CG0091232|-29|-80|CG0091233|-22|-79|CG0091230|-19|-80|CG0091231|-23|-78|CG0091232|-29|-80|CG0091233|-22|-79|CG0091230|-19|-80|CG0091231|-23|-78|CG0091232|-29|-80|CG0091233|-22|-79
178|3|7|1000|28|CG0090397|-25|-75|CG0090397|-25|-75|CG0090397|-25|-75|CG0090397|-25|-75|CG0090398|-29|-72|CG0090398|-29|-72|CG0090398|-29|-72|CG0090398|-29|-72|CG0090399|-39|-70|CG0090399|-39|-70|CG0090399|-39|-70|CG0090399|-39|-70|CG0090399|-39|-70|CG0090399|-39|-70|CG0090399|-39|-70|CG0090399|-39|-70|CG0090400|-35|-72|CG0090400|-35|-72|CG0090400|-35|-72|CG0090400|-35|-72|CG0090401|-15|-73|CG0090401|-15|-73|CG0090402|-20|-77|CG0090402|-20|-77|CG0090402|-20|-77|CG0090402|-20|-77|CG0090402|-20|-77|CG0090402|-20|-77
178|3|8|1000|2|CG0091225|-16|-72|CG0091226|-43|-63
178|3|9|1000|1|CG0091227|-13|-50
178|3|10|1000|11|CG0091218|-37|-62|CG0091218|-37|-62|CG0091219|-33|-70|CG0091219|-33|-70|CG0091220|-31|-72|CG0091220|-31|-72|CG0091221|-39|-71|CG0091221|-39|-71|CG0091222|-21|-33|CG0091223|-25|-44|CG0091224|-27|-29
178|4|0|1200|4|CG0091283|-28|-74|CG0091284|-26|-75|CG0091285|-27|-75|CG0091284|-26|-75
178|4|1|1000|6|CG0091288|-29|-76|CG0091289|-29|-78|CG0091290|-29|-76|CG0091291|-29|-76|CG0091292|-29|-78|CG0091293|-29|-76
178|4|2|400|1|CG0188552|-25|-51
178|4|3|500|6|CG0091256|-31|-65|CG0091257|-31|-68|CG0091258|-31|-66|CG0091259|-31|-65|CG0091260|-31|-68|CG0091261|-31|-66
178|4|4|100|1|CG0196504|-21|-46
178|4|5|2000|38|CG0091250|-24|-74|CG0091250|-24|-74|CG0091250|-24|-74|CG0091250|-24|-74|CG0091251|-36|-70|CG0091251|-36|-70|CG0091251|-36|-70|CG0091251|-36|-70|CG0091252|-20|-77|CG0091252|-20|-77|CG0091252|-20|-77|CG0091252|-20|-77|CG0091252|-20|-77|CG0091252|-20|-77|CG0091253|-8|-66|CG0091253|-8|-66|CG0091254|-9|-75|CG0091254|-9|-75|CG0091253|-8|-66|CG0091253|-8|-66|CG0091254|-9|-75|CG0091254|-9|-75|CG0091253|-8|-66|CG0091253|-8|-66|CG0091254|-9|-75|CG0091254|-9|-75|CG0091253|-8|-66|CG0091253|-8|-66|CG0091254|-9|-75|CG0091254|-9|-75|CG0091253|-8|-66|CG0091253|-8|-66|CG0091254|-9|-75|CG0091254|-9|-75|CG0091255|-18|-71|CG0091255|-18|-71|CG0091255|-18|-71|CG0091255|-18|-71
178|4|6|1000|16|CG0091276|-26|-82|CG0091277|-25|-75|CG0091278|-23|-75|CG0091279|-23|-82|CG0091276|-26|-82|CG0091277|-25|-75|CG0091278|-23|-75|CG0091279|-23|-82|CG0091276|-26|-82|CG0091277|-25|-75|CG0091278|-23|-75|CG0091279|-23|-82|CG0091276|-26|-82|CG0091277|-25|-75|CG0091278|-23|-75|CG0091279|-23|-82
178|4|7|1000|28|CG0090464|-26|-75|CG0090464|-26|-75|CG0090464|-26|-75|CG0090464|-26|-75|CG0090465|-32|-77|CG0090465|-32|-77|CG0090465|-32|-77|CG0090465|-32|-77|CG0090466|-39|-78|CG0090466|-39|-78|CG0090466|-39|-78|CG0090466|-39|-78|CG0090466|-39|-78|CG0090466|-39|-78|CG0090466|-39|-78|CG0090466|-39|-78|CG0090467|-34|-77|CG0090467|-34|-77|CG0090467|-34|-77|CG0090467|-34|-77|CG0090468|-17|-71|CG0090468|-17|-71|CG0090469|-25|-67|CG0090469|-25|-67|CG0090469|-25|-67|CG0090469|-25|-67|CG0090469|-25|-67|CG0090469|-25|-67
178|4|8|1000|2|CG0091271|-24|-66|CG0091272|-42|-70
178|4|9|1000|1|CG0091273|-12|-45
178|4|10|1000|11|CG0091264|-37|-71|CG0091264|-37|-71|CG0091265|-43|-63|CG0091265|-43|-63|CG0091266|-27|-72|CG0091266|-27|-72|CG0091267|-34|-64|CG0091267|-34|-64|CG0091268|-16|-36|CG0091269|-22|-35|CG0091270|-27|-25
178|5|0|1200|4|CG0091329|-22|-72|CG0091330|-26|-72|CG0091331|-30|-72|CG0091330|-26|-72
178|5|1|1000|6|CG0091334|-22|-73|CG0091335|-22|-75|CG0091336|-22|-73|CG0091337|-22|-73|CG0091338|-22|-75|CG0091339|-22|-73
178|5|2|400|1|CG0188597|-19|-60
178|5|3|500|6|CG0091302|-42|-59|CG0091303|-42|-62|CG0091304|-43|-60|CG0091305|-42|-59|CG0091306|-42|-62|CG0091307|-43|-60
178|5|4|100|1|CG0196544|-24|-45
178|5|5|2000|38|CG0091296|-24|-73|CG0091296|-24|-73|CG0091296|-24|-73|CG0091296|-24|-73|CG0091297|-33|-77|CG0091297|-33|-77|CG0091297|-33|-77|CG0091297|-33|-77|CG0091298|-20|-81|CG0091298|-20|-81|CG0091298|-20|-81|CG0091298|-20|-81|CG0091298|-20|-81|CG0091298|-20|-81|CG0091299|-19|-64|CG0091299|-19|-64|CG0091300|-20|-66|CG0091300|-20|-66|CG0091299|-19|-64|CG0091299|-19|-64|CG0091300|-20|-66|CG0091300|-20|-66|CG0091299|-19|-64|CG0091299|-19|-64|CG0091300|-20|-66|CG0091300|-20|-66|CG0091299|-19|-64|CG0091299|-19|-64|CG0091300|-20|-66|CG0091300|-20|-66|CG0091299|-19|-64|CG0091299|-19|-64|CG0091300|-20|-66|CG0091300|-20|-66|CG0091301|-23|-70|CG0091301|-23|-70|CG0091301|-23|-70|CG0091301|-23|-70
178|5|6|1000|16|CG0091322|-22|-79|CG0091323|-19|-80|CG0091324|-23|-78|CG0091325|-29|-80|CG0091322|-22|-79|CG0091323|-19|-80|CG0091324|-23|-78|CG0091325|-29|-80|CG0091322|-22|-79|CG0091323|-19|-80|CG0091324|-23|-78|CG0091325|-29|-80|CG0091322|-22|-79|CG0091323|-19|-80|CG0091324|-23|-78|CG0091325|-29|-80
178|5|7|1000|28|CG0090531|-16|-73|CG0090531|-16|-73|CG0090531|-16|-73|CG0090531|-16|-73|CG0090532|-22|-75|CG0090532|-22|-75|CG0090532|-22|-75|CG0090532|-22|-75|CG0090533|-22|-77|CG0090533|-22|-77|CG0090533|-22|-77|CG0090533|-22|-77|CG0090533|-22|-77|CG0090533|-22|-77|CG0090533|-22|-77|CG0090533|-22|-77|CG0090534|-20|-74|CG0090534|-20|-74|CG0090534|-20|-74|CG0090534|-20|-74|CG0090535|-19|-70|CG0090535|-19|-70|CG0090536|-19|-56|CG0090536|-19|-56|CG0090536|-19|-56|CG0090536|-19|-56|CG0090536|-19|-56|CG0090536|-19|-56
178|5|8|1000|2|CG0091317|-23|-59|CG0091318|-30|-74
178|5|9|1000|1|CG0091319|-22|-48
178|5|10|1000|11|CG0091310|-23|-70|CG0091310|-23|-70|CG0091311|-43|-67|CG0091311|-43|-67|CG0091312|-42|-68|CG0091312|-42|-68|CG0091313|-27|-59|CG0091313|-27|-59|CG0091314|-27|-40|CG0091315|-33|-40|CG0091316|-34|-29
178|6|0|1200|4|CG0091375|-35|-76|CG0091376|-36|-75|CG0091377|-36|-74|CG0091376|-36|-75
178|6|1|1000|6|CG0091380|-34|-75|CG0091381|-36|-78|CG0091382|-36|-76|CG0091383|-34|-75|CG0091384|-32|-78|CG0091385|-34|-76
178|6|2|400|1|CG0188642|-38|-63
178|6|3|500|6|CG0091348|-34|-65|CG0091349|-34|-68|CG0091350|-34|-67|CG0091351|-34|-65|CG0091352|-34|-68|CG0091353|-34|-67
178|6|4|100|1|CG0196584|-20|-48
178|6|5|2000|38|CG0091342|-34|-75|CG0091342|-34|-75|CG0091342|-34|-75|CG0091342|-34|-75|CG0091343|-32|-83|CG0091343|-32|-83|CG0091343|-32|-83|CG0091343|-32|-83|CG0091344|-30|-84|CG0091344|-30|-84|CG0091344|-30|-84|CG0091344|-30|-84|CG0091344|-30|-84|CG0091344|-30|-84|CG0091345|-61|-65|CG0091345|-61|-65|CG0091346|-34|-70|CG0091346|-34|-70|CG0091345|-61|-65|CG0091345|-61|-65|CG0091346|-34|-70|CG0091346|-34|-70|CG0091345|-61|-65|CG0091345|-61|-65|CG0091346|-34|-70|CG0091346|-34|-70|CG0091345|-61|-65|CG0091345|-61|-65|CG0091346|-34|-70|CG0091346|-34|-70|CG0091345|-61|-65|CG0091345|-61|-65|CG0091346|-34|-70|CG0091346|-34|-70|CG0091347|-34|-71|CG0091347|-34|-71|CG0091347|-34|-71|CG0091347|-34|-71
178|6|6|1000|16|CG0091368|-23|-82|CG0091369|-26|-82|CG0091370|-25|-75|CG0091371|-23|-75|CG0091368|-23|-82|CG0091369|-26|-82|CG0091370|-25|-75|CG0091371|-23|-75|CG0091368|-23|-82|CG0091369|-26|-82|CG0091370|-25|-75|CG0091371|-23|-75|CG0091368|-23|-82|CG0091369|-26|-82|CG0091370|-25|-75|CG0091371|-23|-75
178|6|7|1000|28|CG0090598|-14|-73|CG0090598|-14|-73|CG0090598|-14|-73|CG0090598|-14|-73|CG0090599|-36|-74|CG0090599|-36|-74|CG0090599|-36|-74|CG0090599|-36|-74|CG0090600|-34|-74|CG0090600|-34|-74|CG0090600|-34|-74|CG0090600|-34|-74|CG0090600|-34|-74|CG0090600|-34|-74|CG0090600|-34|-74|CG0090600|-34|-74|CG0090601|-37|-73|CG0090601|-37|-73|CG0090601|-37|-73|CG0090601|-37|-73|CG0090602|-20|-71|CG0090602|-20|-71|CG0090603|-35|-54|CG0090603|-35|-54|CG0090603|-35|-54|CG0090603|-35|-54|CG0090603|-35|-54|CG0090603|-35|-54
178|6|8|1000|2|CG0091363|-35|-66|CG0091364|-33|-71
178|6|9|1000|1|CG0091365|-34|-51
178|6|10|1000|11|CG0091356|-27|-71|CG0091356|-27|-71|CG0091357|-33|-72|CG0091357|-33|-72|CG0091358|-39|-64|CG0091358|-39|-64|CG0091359|-46|-60|CG0091359|-46|-60|CG0091360|-53|-43|CG0091361|-53|-41|CG0091362|-53|-28
178|7|0|1200|4|CG0091421|-34|-73|CG0091422|-31|-73|CG0091423|-28|-72|CG0091422|-31|-73
178|7|1|1000|6|CG0091426|-34|-72|CG0091427|-38|-74|CG0091428|-36|-72|CG0091429|-34|-72|CG0091430|-32|-74|CG0091431|-33|-72
178|7|2|400|1|CG0188687|-44|-60
178|7|3|500|6|CG0091394|-28|-70|CG0091395|-28|-73|CG0091396|-29|-71|CG0091397|-28|-70|CG0091398|-28|-73|CG0091399|-28|-71
178|7|4|100|1|CG0196624|-25|-51
178|7|5|2000|38|CG0091388|-32|-75|CG0091388|-32|-75|CG0091388|-32|-75|CG0091388|-32|-75|CG0091389|-30|-82|CG0091389|-30|-82|CG0091389|-30|-82|CG0091389|-30|-82|CG0091390|-38|-83|CG0091390|-38|-83|CG0091390|-38|-83|CG0091390|-38|-83|CG0091390|-38|-83|CG0091390|-38|-83|CG0091391|-82|-70|CG0091391|-82|-70|CG0091392|-50|-87|CG0091392|-50|-87|CG0091391|-82|-70|CG0091391|-82|-70|CG0091392|-50|-87|CG0091392|-50|-87|CG0091391|-82|-70|CG0091391|-82|-70|CG0091392|-50|-87|CG0091392|-50|-87|CG0091391|-82|-70|CG0091391|-82|-70|CG0091392|-50|-87|CG0091392|-50|-87|CG0091391|-82|-70|CG0091391|-82|-70|CG0091392|-50|-87|CG0091392|-50|-87|CG0091393|-56|-73|CG0091393|-56|-73|CG0091393|-56|-73|CG0091393|-56|-73
178|7|6|1000|16|CG0091414|-29|-80|CG0091415|-22|-79|CG0091416|-19|-80|CG0091417|-23|-78|CG0091414|-29|-80|CG0091415|-22|-79|CG0091416|-19|-80|CG0091417|-23|-78|CG0091414|-29|-80|CG0091415|-22|-79|CG0091416|-19|-80|CG0091417|-23|-78|CG0091414|-29|-80|CG0091415|-22|-79|CG0091416|-19|-80|CG0091417|-23|-78
178|7|7|1000|28|CG0090665|-14|-68|CG0090665|-14|-68|CG0090665|-14|-68|CG0090665|-14|-68|CG0090666|-33|-69|CG0090666|-33|-69|CG0090666|-33|-69|CG0090666|-33|-69|CG0090667|-33|-65|CG0090667|-33|-65|CG0090667|-33|-65|CG0090667|-33|-65|CG0090667|-33|-65|CG0090667|-33|-65|CG0090667|-33|-65|CG0090667|-33|-65|CG0090668|-43|-65|CG0090668|-43|-65|CG0090668|-43|-65|CG0090668|-43|-65|CG0090669|-29|-71|CG0090669|-29|-71|CG0090670|-45|-66|CG0090670|-45|-66|CG0090670|-45|-66|CG0090670|-45|-66|CG0090670|-45|-66|CG0090670|-45|-66
178|7|8|1000|2|CG0091409|-39|-73|CG0091410|-31|-76
178|7|9|1000|1|CG0091411|-30|-55
178|7|10|1000|11|CG0091402|-36|-71|CG0091402|-36|-71|CG0091403|-23|-72|CG0091403|-23|-72|CG0091404|-36|-72|CG0091404|-36|-72|CG0091405|-43|-66|CG0091405|-43|-66|CG0091406|-56|-42|CG0091407|-53|-36|CG0091408|-54|-23
