210|0|0|1200|4|CG0103740|-13|-68|CG0103741|-13|-68|CG0103742|-13|-67|CG0103741|-13|-68
210|0|1|1000|6|CG0103745|-13|-68|CG0103746|-13|-69|CG0103747|-19|-67|CG0103748|-13|-68|CG0103749|-13|-69|CG0103750|-13|-67
210|0|2|400|1|CG0188372|-32|-70
210|0|3|700|6|CG0103714|-19|-71|CG0103715|-20|-74|CG0103716|-20|-71|CG0103717|-23|-71|CG0103718|-22|-74|CG0103719|-22|-71
210|0|4|100|1|CG0196344|-27|-55
210|0|5|1500|34|CG0103706|-13|-67|CG0103706|-13|-67|CG0103706|-13|-67|CG0103706|-13|-67|CG0103707|-14|-70|CG0103707|-14|-70|CG0103707|-14|-70|CG0103707|-14|-70|CG0103708|-15|-65|CG0103708|-15|-65|CG0103708|-15|-65|CG0103708|-15|-65|CG0103708|-15|-65|CG0103708|-15|-65|CG0103709|-19|-64|CG0103709|-19|-64|CG0103710|-33|-76|CG0103710|-33|-76|CG0103711|-45|-77|CG0103711|-45|-77|CG0103711|-45|-77|CG0103711|-45|-77|CG0103711|-45|-77|CG0103711|-45|-77|CG0103711|-45|-77|CG0103711|-45|-77|CG0103712|-29|-78|CG0103712|-29|-78|CG0103712|-29|-78|CG0103712|-29|-78|CG0103713|-16|-72|CG0103713|-16|-72|CG0103713|-16|-72|CG0103713|-16|-72
210|0|6|1500|8|CG0103733|-21|-68|CG0103734|-27|-68|CG0103734|-27|-68|CG0103735|-32|-73|CG0103736|-31|-75|CG0103736|-31|-75|CG0103736|-31|-75|CG0103736|-31|-75
210|0|7|1000|13|CG0104459|-19|-66|CG0104459|-19|-66|CG0104460|-16|-65|CG0104460|-16|-65|CG0104461|-17|-64|CG0104461|-17|-64|CG0104461|-17|-64|CG0104462|-25|-67|CG0104463|-27|-68|CG0104464|-29|-73|CG0104464|-29|-73|CG0104464|-29|-73|CG0104465|-27|-70
210|0|8|1000|2|CG0103728|-19|-73|CG0103729|-16|-70
210|0|9|1000|1|CG0103730|-37|-70
210|0|10|1500|12|CG0103722|-21|-65|CG0103722|-21|-65|CG0103723|-28|-58|CG0103723|-28|-58|CG0103724|-33|-46|CG0103724|-33|-46|CG0103724|-33|-46|CG0103725|-38|-52|CG0103725|-38|-52|CG0103726|-54|-55|CG0103727|-56|-44|CG0103727|-56|-44
210|1|0|1200|4|CG0103787|-16|-67|CG0103788|-16|-67|CG0103789|-17|-67|CG0103788|-16|-67
210|1|1|1000|6|CG0103792|-16|-67|CG0103793|-16|-68|CG0103794|-16|-66|CG0103795|-16|-67|CG0103796|-16|-68|CG0103797|-16|-66
210|1|2|400|1|CG0188417|-17|-71
210|1|3|700|6|CG0103761|-17|-68|CG0103762|-21|-72|CG0103763|-25|-69|CG0103764|-16|-69|CG0103765|-17|-71|CG0103766|-16|-69
210|1|4|100|1|CG0196384|-26|-58
210|1|5|1500|34|CG0103753|-17|-66|CG0103753|-17|-66|CG0103753|-17|-66|CG0103753|-17|-66|CG0103754|-17|-68|CG0103754|-17|-68|CG0103754|-17|-68|CG0103754|-17|-68|CG0103755|-17|-64|CG0103755|-17|-64|CG0103755|-17|-64|CG0103755|-17|-64|CG0103755|-17|-64|CG0103755|-17|-64|CG0103756|-17|-63|CG0103756|-17|-63|CG0103757|-12|-75|CG0103757|-12|-75|CG0103758|-12|-80|CG0103758|-12|-80|CG0103758|-12|-80|CG0103758|-12|-80|CG0103758|-12|-80|CG0103758|-12|-80|CG0103758|-12|-80|CG0103758|-12|-80|CG0103759|-17|-80|CG0103759|-17|-80|CG0103759|-17|-80|CG0103759|-17|-80|CG0103760|-19|-70|CG0103760|-19|-70|CG0103760|-19|-70|CG0103760|-19|-70
210|1|6|1500|8|CG0103780|-16|-67|CG0103781|-16|-74|CG0103781|-16|-74|CG0103782|-16|-71|CG0103783|-17|-74|CG0103783|-17|-74|CG0103783|-17|-74|CG0103783|-17|-74
210|1|7|1000|13|CG0104526|-17|-66|CG0104526|-17|-66|CG0104527|-15|-64|CG0104527|-15|-64|CG0104528|-15|-63|CG0104528|-15|-63|CG0104528|-15|-63|CG0104529|-16|-66|CG0104530|-17|-69|CG0104531|-20|-74|CG0104531|-20|-74|CG0104531|-20|-74|CG0104532|-20|-69
210|1|8|1000|2|CG0103775|-17|-73|CG0103776|-23|-65
210|1|9|1000|1|CG0103777|-30|-69
210|1|10|1500|12|CG0103769|-16|-65|CG0103769|-16|-65|CG0103770|-16|-59|CG0103770|-16|-59|CG0103771|-18|-46|CG0103771|-18|-46|CG0103771|-18|-46|CG0103772|-17|-54|CG0103772|-17|-54|CG0103773|-23|-58|CG0103774|-28|-54|CG0103774|-28|-54
210|2|0|1200|4|CG0103834|-17|-67|CG0103835|-17|-68|CG0103836|-17|-68|CG0103835|-17|-68
210|2|1|1000|6|CG0103839|-17|-68|CG0103840|-17|-69|CG0103841|-17|-67|CG0103842|-17|-68|CG0103843|-17|-69|CG0103844|-17|-67
210|2|2|400|1|CG0188462|-33|-62
210|2|3|700|6|CG0103808|-21|-71|CG0103809|-21|-74|CG0103810|-20|-71|CG0103811|-21|-71|CG0103812|-20|-74|CG0103813|-21|-71
210|2|4|100|1|CG0196424|-14|-57
210|2|5|1500|34|CG0103800|-17|-68|CG0103800|-17|-68|CG0103800|-17|-68|CG0103800|-17|-68|CG0103801|-18|-67|CG0103801|-18|-67|CG0103801|-18|-67|CG0103801|-18|-67|CG0103802|-19|-66|CG0103802|-19|-66|CG0103802|-19|-66|CG0103802|-19|-66|CG0103802|-19|-66|CG0103802|-19|-66|CG0103803|-23|-63|CG0103803|-23|-63|CG0103804|-18|-75|CG0103804|-18|-75|CG0103805|-16|-76|CG0103805|-16|-76|CG0103805|-16|-76|CG0103805|-16|-76|CG0103805|-16|-76|CG0103805|-16|-76|CG0103805|-16|-76|CG0103805|-16|-76|CG0103806|-19|-75|CG0103806|-19|-75|CG0103806|-19|-75|CG0103806|-19|-75|CG0103807|-17|-71|CG0103807|-17|-71|CG0103807|-17|-71|CG0103807|-17|-71
210|2|6|1500|8|CG0103827|-17|-68|CG0103828|-17|-71|CG0103828|-17|-71|CG0103829|-17|-73|CG0103830|-18|-75|CG0103830|-18|-75|CG0103830|-18|-75|CG0103830|-18|-75
210|2|7|1000|13|CG0104593|-18|-69|CG0104593|-18|-69|CG0104594|-21|-67|CG0104594|-21|-67|CG0104595|-22|-67|CG0104595|-22|-67|CG0104595|-22|-67|CG0104596|-19|-68|CG0104597|-12|-69|CG0104598|-6|-74|CG0104598|-6|-74|CG0104598|-6|-74|CG0104599|-13|-68
210|2|8|1000|2|CG0103822|-22|-73|CG0103823|-41|-59
210|2|9|1000|1|CG0103824|-18|-69
210|2|10|1500|12|CG0103816|-22|-65|CG0103816|-22|-65|CG0103817|-18|-58|CG0103817|-18|-58|CG0103818|-17|-46|CG0103818|-17|-46|CG0103818|-17|-46|CG0103819|-13|-51|CG0103819|-13|-51|CG0103820|-13|-49|CG0103821|-11|-47|CG0103821|-11|-47
210|3|0|1200|4|CG0103881|-19|-72|CG0103882|-19|-72|CG0103883|-18|-72|CG0103882|-19|-72
210|3|1|1000|6|CG0103886|-19|-72|CG0103887|-20|-73|CG0103888|-20|-71|CG0103889|-20|-72|CG0103890|-19|-73|CG0103891|-19|-71
210|3|2|400|1|CG0188507|-36|-53
210|3|3|700|6|CG0103855|-29|-71|CG0103856|-28|-75|CG0103857|-28|-72|CG0103858|-28|-72|CG0103859|-29|-74|CG0103860|-28|-72
210|3|4|100|1|CG0196464|-10|-51
210|3|5|1500|34|CG0103847|-19|-72|CG0103847|-19|-72|CG0103847|-19|-72|CG0103847|-19|-72|CG0103848|-20|-71|CG0103848|-20|-71|CG0103848|-20|-71|CG0103848|-20|-71|CG0103849|-34|-71|CG0103849|-34|-71|CG0103849|-34|-71|CG0103849|-34|-71|CG0103849|-34|-71|CG0103849|-34|-71|CG0103850|-31|-69|CG0103850|-31|-69|CG0103851|-15|-73|CG0103851|-15|-73|CG0103852|-12|-65|CG0103852|-12|-65|CG0103852|-12|-65|CG0103852|-12|-65|CG0103852|-12|-65|CG0103852|-12|-65|CG0103852|-12|-65|CG0103852|-12|-65|CG0103853|-14|-63|CG0103853|-14|-63|CG0103853|-14|-63|CG0103853|-14|-63|CG0103854|-16|-72|CG0103854|-16|-72|CG0103854|-16|-72|CG0103854|-16|-72
210|3|6|1500|8|CG0103874|-18|-72|CG0103875|-19|-72|CG0103875|-19|-72|CG0103876|-13|-73|CG0103877|-14|-73|CG0103877|-14|-73|CG0103877|-14|-73|CG0103877|-14|-73
210|3|7|1000|13|CG0104660|-19|-73|CG0104660|-19|-73|CG0104661|-22|-72|CG0104661|-22|-72|CG0104662|-27|-72|CG0104662|-27|-72|CG0104662|-27|-72|CG0104663|-20|-71|CG0104664|-15|-71|CG0104665|-11|-73|CG0104665|-11|-73|CG0104665|-11|-73|CG0104666|-13|-71
210|3|8|1000|2|CG0103869|-19|-69|CG0103870|-49|-59
210|3|9|1000|1|CG0103871|-16|-68
210|3|10|1500|12|CG0103863|-24|-68|CG0103863|-24|-68|CG0103864|-17|-58|CG0103864|-17|-58|CG0103865|-19|-44|CG0103865|-19|-44|CG0103865|-19|-44|CG0103866|-13|-45|CG0103866|-13|-45|CG0103867|-11|-33|CG0103868|-10|-24|CG0103868|-10|-24
210|4|0|1200|4|CG0103928|-19|-74|CG0103929|-19|-74|CG0103930|-19|-74|CG0103929|-19|-74
210|4|1|1000|6|CG0103933|-21|-74|CG0103934|-20|-75|CG0103935|-20|-73|CG0103936|-21|-74|CG0103937|-20|-75|CG0103938|-20|-73
210|4|2|400|1|CG0188552|-25|-51
210|4|3|700|6|CG0103902|-21|-69|CG0103903|-22|-73|CG0103904|-22|-70|CG0103905|-21|-70|CG0103906|-22|-72|CG0103907|-22|-70
210|4|4|100|1|CG0196504|-21|-46
210|4|5|1500|34|CG0103894|-18|-74|CG0103894|-18|-74|CG0103894|-18|-74|CG0103894|-18|-74|CG0103895|-18|-73|CG0103895|-18|-73|CG0103895|-18|-73|CG0103895|-18|-73|CG0103896|-28|-73|CG0103896|-28|-73|CG0103896|-28|-73|CG0103896|-28|-73|CG0103896|-28|-73|CG0103896|-28|-73|CG0103897|-29|-73|CG0103897|-29|-73|CG0103898|-21|-68|CG0103898|-21|-68|CG0103899|-20|-56|CG0103899|-20|-56|CG0103899|-20|-56|CG0103899|-20|-56|CG0103899|-20|-56|CG0103899|-20|-56|CG0103899|-20|-56|CG0103899|-20|-56|CG0103900|-21|-58|CG0103900|-21|-58|CG0103900|-21|-58|CG0103900|-21|-58|CG0103901|-19|-71|CG0103901|-19|-71|CG0103901|-19|-71|CG0103901|-19|-71
210|4|6|1500|8|CG0103921|-17|-74|CG0103922|-17|-74|CG0103922|-17|-74|CG0103923|-17|-71|CG0103924|-18|-68|CG0103924|-18|-68|CG0103924|-18|-68|CG0103924|-18|-68
210|4|7|1000|13|CG0104727|-20|-73|CG0104727|-20|-73|CG0104728|-28|-74|CG0104728|-28|-74|CG0104729|-31|-74|CG0104729|-31|-74|CG0104729|-31|-74|CG0104730|-19|-71|CG0104731|-12|-70|CG0104732|-13|-69|CG0104732|-13|-69|CG0104732|-13|-69|CG0104733|-13|-72
210|4|8|1000|2|CG0103916|-22|-65|CG0103917|-39|-69
210|4|9|1000|1|CG0103918|-15|-65
210|4|10|1500|12|CG0103910|-22|-73|CG0103910|-22|-73|CG0103911|-17|-61|CG0103911|-17|-61|CG0103912|-17|-45|CG0103912|-17|-45|CG0103912|-17|-45|CG0103913|-13|-44|CG0103913|-13|-44|CG0103914|-13|-18|CG0103915|-12|-10|CG0103915|-12|-10
210|5|0|1200|4|CG0103975|-17|-73|CG0103976|-16|-73|CG0103977|-17|-73|CG0103976|-16|-73
210|5|1|1000|6|CG0103980|-16|-73|CG0103981|-16|-75|CG0103982|-16|-72|CG0103983|-16|-73|CG0103984|-16|-75|CG0103985|-16|-72
210|5|2|400|1|CG0188597|-19|-60
210|5|3|700|6|CG0103949|-17|-69|CG0103950|-17|-72|CG0103951|-17|-68|CG0103952|-17|-69|CG0103953|-17|-71|CG0103954|-17|-68
210|5|4|100|1|CG0196544|-24|-45
210|5|5|1500|34|CG0103941|-21|-73|CG0103941|-21|-73|CG0103941|-21|-73|CG0103941|-21|-73|CG0103942|-22|-73|CG0103942|-22|-73|CG0103942|-22|-73|CG0103942|-22|-73|CG0103943|-15|-73|CG0103943|-15|-73|CG0103943|-15|-73|CG0103943|-15|-73|CG0103943|-15|-73|CG0103943|-15|-73|CG0103944|-16|-72|CG0103944|-16|-72|CG0103945|-20|-67|CG0103945|-20|-67|CG0103946|-21|-53|CG0103946|-21|-53|CG0103946|-21|-53|CG0103946|-21|-53|CG0103946|-21|-53|CG0103946|-21|-53|CG0103946|-21|-53|CG0103946|-21|-53|CG0103947|-19|-61|CG0103947|-19|-61|CG0103947|-19|-61|CG0103947|-19|-61|CG0103948|-16|-71|CG0103948|-16|-71|CG0103948|-16|-71|CG0103948|-16|-71
210|5|6|1500|8|CG0103968|-16|-73|CG0103969|-16|-73|CG0103969|-16|-73|CG0103970|-16|-71|CG0103971|-16|-67|CG0103971|-16|-67|CG0103971|-16|-67|CG0103971|-16|-67
210|5|7|1000|13|CG0104794|-23|-73|CG0104794|-23|-73|CG0104795|-22|-75|CG0104795|-22|-75|CG0104796|-19|-75|CG0104796|-19|-75|CG0104796|-19|-75|CG0104797|-18|-71|CG0104798|-16|-68|CG0104799|-16|-66|CG0104799|-16|-66|CG0104799|-16|-66|CG0104800|-16|-70
210|5|8|1000|2|CG0103963|-17|-64|CG0103964|-20|-73
210|5|9|1000|1|CG0103965|-17|-64
210|5|10|1500|12|CG0103957|-16|-73|CG0103957|-16|-73|CG0103958|-16|-59|CG0103958|-16|-59|CG0103959|-16|-43|CG0103959|-16|-43|CG0103959|-16|-43|CG0103960|-17|-40|CG0103960|-17|-40|CG0103961|-25|-15|CG0103962|-17|-10|CG0103962|-17|-10
210|6|0|1200|4|CG0104022|-24|-74|CG0104023|-25|-74|CG0104024|-25|-74|CG0104023|-25|-74
210|6|1|1000|6|CG0104027|-21|-74|CG0104028|-21|-75|CG0104029|-21|-73|CG0104030|-21|-74|CG0104031|-21|-75|CG0104032|-21|-73
210|6|2|400|1|CG0188642|-38|-63
210|6|3|700|6|CG0103996|-25|-69|CG0103997|-25|-73|CG0103998|-25|-70|CG0103999|-25|-70|CG0104000|-25|-72|CG0104001|-25|-70
210|6|4|100|1|CG0196584|-20|-48
210|6|5|1500|34|CG0103988|-32|-74|CG0103988|-32|-74|CG0103988|-32|-74|CG0103988|-32|-74|CG0103989|-38|-73|CG0103989|-38|-73|CG0103989|-38|-73|CG0103989|-38|-73|CG0103990|-14|-73|CG0103990|-14|-73|CG0103990|-14|-73|CG0103990|-14|-73|CG0103990|-14|-73|CG0103990|-14|-73|CG0103991|-18|-71|CG0103991|-18|-71|CG0103992|-44|-68|CG0103992|-44|-68|CG0103993|-47|-57|CG0103993|-47|-57|CG0103993|-47|-57|CG0103993|-47|-57|CG0103993|-47|-57|CG0103993|-47|-57|CG0103993|-47|-57|CG0103993|-47|-57|CG0103994|-40|-63|CG0103994|-40|-63|CG0103994|-40|-63|CG0103994|-40|-63|CG0103995|-32|-72|CG0103995|-32|-72|CG0103995|-32|-72|CG0103995|-32|-72
210|6|6|1500|8|CG0104015|-30|-74|CG0104016|-20|-74|CG0104016|-20|-74|CG0104017|-20|-71|CG0104018|-23|-68|CG0104018|-23|-68|CG0104018|-23|-68|CG0104018|-23|-68
210|6|7|1000|13|CG0104861|-15|-73|CG0104861|-15|-73|CG0104862|-17|-74|CG0104862|-17|-74|CG0104863|-20|-74|CG0104863|-20|-74|CG0104863|-20|-74|CG0104864|-19|-71|CG0104865|-30|-69|CG0104866|-25|-68|CG0104866|-25|-68|CG0104866|-25|-68|CG0104867|-21|-71
210|6|8|1000|2|CG0104010|-33|-65|CG0104011|-22|-69
210|6|9|1000|1|CG0104012|-21|-65
210|6|10|1500|12|CG0104004|-22|-73|CG0104004|-22|-73|CG0104005|-30|-61|CG0104005|-30|-61|CG0104006|-32|-45|CG0104006|-32|-45|CG0104006|-32|-45|CG0104007|-30|-44|CG0104007|-30|-44|CG0104008|-52|-25|CG0104009|-58|-13|CG0104009|-58|-13
210|7|0|1200|4|CG0104069|-24|-72|CG0104070|-23|-72|CG0104071|-21|-72|CG0104070|-23|-72
210|7|1|1000|6|CG0104074|-21|-72|CG0104075|-21|-73|CG0104076|-21|-71|CG0104077|-21|-72|CG0104078|-21|-73|CG0104079|-22|-71
210|7|2|400|1|CG0188687|-44|-60
210|7|3|700|6|CG0104043|-21|-71|CG0104044|-21|-75|CG0104045|-22|-72|CG0104046|-21|-72|CG0104047|-22|-74|CG0104048|-25|-72
210|7|4|100|1|CG0196624|-25|-51
210|7|5|1500|34|CG0104035|-25|-71|CG0104035|-25|-71|CG0104035|-25|-71|CG0104035|-25|-71|CG0104036|-32|-70|CG0104036|-32|-70|CG0104036|-32|-70|CG0104036|-32|-70|CG0104037|-13|-69|CG0104037|-13|-69|CG0104037|-13|-69|CG0104037|-13|-69|CG0104037|-13|-69|CG0104037|-13|-69|CG0104038|-12|-66|CG0104038|-12|-66|CG0104039|-54|-73|CG0104039|-54|-73|CG0104040|-55|-69|CG0104040|-55|-69|CG0104040|-55|-69|CG0104040|-55|-69|CG0104040|-55|-69|CG0104040|-55|-69|CG0104040|-55|-69|CG0104040|-55|-69|CG0104041|-41|-69|CG0104041|-41|-69|CG0104041|-41|-69|CG0104041|-41|-69|CG0104042|-32|-74|CG0104042|-32|-74|CG0104042|-32|-74|CG0104042|-32|-74
210|7|6|1500|8|CG0104062|-36|-72|CG0104063|-33|-72|CG0104063|-33|-72|CG0104064|-36|-73|CG0104065|-38|-73|CG0104065|-38|-73|CG0104065|-38|-73|CG0104065|-38|-73
210|7|7|1000|13|CG0104928|-20|-70|CG0104928|-20|-70|CG0104929|-21|-69|CG0104929|-21|-69|CG0104930|-21|-69|CG0104930|-21|-69|CG0104930|-21|-69|CG0104931|-31|-69|CG0104932|-28|-70|CG0104933|-35|-72|CG0104933|-35|-72|CG0104933|-35|-72|CG0104934|-23|-72
210|7|8|1000|2|CG0104057|-31|-69|CG0104058|-19|-71
210|7|9|1000|1|CG0104059|-26|-67
210|7|10|1500|12|CG0104051|-30|-68|CG0104051|-30|-68|CG0104052|-41|-58|CG0104052|-41|-58|CG0104053|-45|-44|CG0104053|-45|-44|CG0104053|-45|-44|CG0104054|-44|-46|CG0104054|-44|-46|CG0104055|-59|-42|CG0104056|-73|-21|CG0104056|-73|-21
