171|0|0|1200|4|CG0088325|-35|-66|CG0088326|-27|-66|CG0088327|-17|-65|CG0088326|-27|-66
171|0|1|1000|6|CG0088330|-34|-64|CG0088331|-36|-66|CG0088332|-35|-64|CG0088333|-34|-64|CG0088334|-33|-66|CG0088335|-33|-64
171|0|2|400|1|CG0188372|-32|-70
171|0|3|500|6|CG0088298|-32|-69|CG0088299|-32|-72|CG0088300|-32|-71|CG0088301|-32|-69|CG0088302|-32|-72|CG0088303|-32|-71
171|0|4|100|1|CG0196344|-27|-55
171|0|5|1300|45|CG0088290|-17|-65|CG0088290|-17|-65|CG0088290|-17|-65|CG0088290|-17|-65|CG0088290|-17|-65|CG0088290|-17|-65|CG0088291|-21|-63|CG0088291|-21|-63|CG0088291|-21|-63|CG0088291|-21|-63|CG0088291|-21|-63|CG0088291|-21|-63|CG0088292|-28|-62|CG0088292|-28|-62|CG0088292|-28|-62|CG0088292|-28|-62|CG0088292|-28|-62|CG0088292|-28|-62|CG0088292|-28|-62|CG0088292|-28|-62|CG0088292|-28|-62|CG0088293|-26|-68|CG0088293|-26|-68|CG0088294|-67|-71|CG0088294|-67|-71|CG0088295|-91|-73|CG0088295|-91|-73|CG0088295|-91|-73|CG0088295|-91|-73|CG0088295|-91|-73|CG0088295|-91|-73|CG0088295|-91|-73|CG0088295|-91|-73|CG0088296|-63|-72|CG0088296|-63|-72|CG0088296|-63|-72|CG0088296|-63|-72|CG0088296|-63|-72|CG0088296|-63|-72|CG0088297|-53|-70|CG0088297|-53|-70|CG0088297|-53|-70|CG0088297|-53|-70|CG0088297|-53|-70|CG0088297|-53|-70
171|0|6|1000|16|CG0088318|-27|-113|CG0088319|-25|-91|CG0088320|-26|-91|CG0088321|-25|-113|CG0088318|-27|-113|CG0088319|-25|-91|CG0088320|-26|-91|CG0088321|-25|-113|CG0088318|-27|-113|CG0088319|-25|-91|CG0088320|-26|-91|CG0088321|-25|-113|CG0088318|-27|-113|CG0088319|-25|-91|CG0088320|-26|-91|CG0088321|-25|-113
171|0|7|1000|28|CG0087804|-16|-65|CG0087804|-16|-65|CG0087804|-16|-65|CG0087804|-16|-65|CG0087805|-18|-64|CG0087805|-18|-64|CG0087805|-18|-64|CG0087805|-18|-64|CG0087806|-21|-64|CG0087806|-21|-64|CG0087806|-21|-64|CG0087806|-21|-64|CG0087806|-21|-64|CG0087806|-21|-64|CG0087806|-21|-64|CG0087806|-21|-64|CG0087807|-29|-62|CG0087807|-29|-62|CG0087807|-29|-62|CG0087807|-29|-62|CG0087808|-35|-67|CG0087808|-35|-67|CG0087809|-43|-78|CG0087809|-43|-78|CG0087809|-43|-78|CG0087809|-43|-78|CG0087809|-43|-78|CG0087809|-43|-78
171|0|8|1000|2|CG0088313|-55|-76|CG0088314|-19|-110
171|0|9|1000|1|CG0088315|-33|-88
171|0|10|1000|11|CG0088306|-66|-57|CG0088306|-66|-57|CG0088307|-36|-67|CG0088307|-36|-67|CG0088308|-26|-70|CG0088308|-26|-70|CG0088309|-39|-94|CG0088309|-39|-94|CG0088310|-46|-74|CG0088311|-45|-47|CG0088312|-46|-34
171|1|0|1200|4|CG0088373|-22|-65|CG0088374|-23|-65|CG0088375|-22|-65|CG0088374|-23|-65
171|1|1|1000|6|CG0088378|-22|-63|CG0088379|-23|-65|CG0088380|-23|-64|CG0088381|-22|-63|CG0088382|-22|-65|CG0088383|-23|-63
171|1|2|400|1|CG0188417|-17|-71
171|1|3|500|6|CG0088346|-22|-65|CG0088347|-22|-68|CG0088348|-22|-67|CG0088349|-22|-65|CG0088350|-22|-68|CG0088351|-22|-67
171|1|4|100|1|CG0196384|-26|-58
171|1|5|1300|45|CG0088338|-22|-64|CG0088338|-22|-64|CG0088338|-22|-64|CG0088338|-22|-64|CG0088338|-22|-64|CG0088338|-22|-64|CG0088339|-19|-64|CG0088339|-19|-64|CG0088339|-19|-64|CG0088339|-19|-64|CG0088339|-19|-64|CG0088339|-19|-64|CG0088340|-20|-64|CG0088340|-20|-64|CG0088340|-20|-64|CG0088340|-20|-64|CG0088340|-20|-64|CG0088340|-20|-64|CG0088340|-20|-64|CG0088340|-20|-64|CG0088340|-20|-64|CG0088341|-18|-67|CG0088341|-18|-67|CG0088342|-22|-81|CG0088342|-22|-81|CG0088343|-75|-70|CG0088343|-75|-70|CG0088343|-75|-70|CG0088343|-75|-70|CG0088343|-75|-70|CG0088343|-75|-70|CG0088343|-75|-70|CG0088343|-75|-70|CG0088344|-61|-72|CG0088344|-61|-72|CG0088344|-61|-72|CG0088344|-61|-72|CG0088344|-61|-72|CG0088344|-61|-72|CG0088345|-21|-66|CG0088345|-21|-66|CG0088345|-21|-66|CG0088345|-21|-66|CG0088345|-21|-66|CG0088345|-21|-66
171|1|6|1000|16|CG0088366|-23|-117|CG0088367|-35|-102|CG0088368|-22|-86|CG0088369|-19|-102|CG0088366|-23|-117|CG0088367|-35|-102|CG0088368|-22|-86|CG0088369|-19|-102|CG0088366|-23|-117|CG0088367|-35|-102|CG0088368|-22|-86|CG0088369|-19|-102|CG0088366|-23|-117|CG0088367|-35|-102|CG0088368|-22|-86|CG0088369|-19|-102
171|1|7|1000|28|CG0087871|-25|-64|CG0087871|-25|-64|CG0087871|-25|-64|CG0087871|-25|-64|CG0087872|-22|-62|CG0087872|-22|-62|CG0087872|-22|-62|CG0087872|-22|-62|CG0087873|-21|-65|CG0087873|-21|-65|CG0087873|-21|-65|CG0087873|-21|-65|CG0087873|-21|-65|CG0087873|-21|-65|CG0087873|-21|-65|CG0087873|-21|-65|CG0087874|-23|-61|CG0087874|-23|-61|CG0087874|-23|-61|CG0087874|-23|-61|CG0087875|-28|-68|CG0087875|-28|-68|CG0087876|-30|-81|CG0087876|-30|-81|CG0087876|-30|-81|CG0087876|-30|-81|CG0087876|-30|-81|CG0087876|-30|-81
171|1|8|1000|2|CG0088361|-22|-88|CG0088362|-31|-111
171|1|9|1000|1|CG0088363|-21|-85
171|1|10|1000|11|CG0088354|-39|-72|CG0088354|-39|-72|CG0088355|-63|-59|CG0088355|-63|-59|CG0088356|-26|-70|CG0088356|-26|-70|CG0088357|-25|-77|CG0088357|-25|-77|CG0088358|-24|-61|CG0088359|-32|-45|CG0088360|-32|-38
171|2|0|1200|4|CG0088421|-25|-65|CG0088422|-26|-66|CG0088423|-25|-66|CG0088422|-26|-66
171|2|1|1000|6|CG0088426|-29|-63|CG0088427|-30|-66|CG0088428|-29|-64|CG0088429|-29|-63|CG0088430|-29|-65|CG0088431|-29|-64
171|2|2|400|1|CG0188462|-33|-62
171|2|3|500|6|CG0088394|-23|-69|CG0088395|-23|-72|CG0088396|-29|-71|CG0088397|-23|-69|CG0088398|-23|-72|CG0088399|-23|-71
171|2|4|100|1|CG0196424|-14|-57
171|2|5|1300|45|CG0088386|-21|-70|CG0088386|-21|-70|CG0088386|-21|-70|CG0088386|-21|-70|CG0088386|-21|-70|CG0088386|-21|-70|CG0088387|-17|-68|CG0088387|-17|-68|CG0088387|-17|-68|CG0088387|-17|-68|CG0088387|-17|-68|CG0088387|-17|-68|CG0088388|-51|-68|CG0088388|-51|-68|CG0088388|-51|-68|CG0088388|-51|-68|CG0088388|-51|-68|CG0088388|-51|-68|CG0088388|-51|-68|CG0088388|-51|-68|CG0088388|-51|-68|CG0088389|-12|-70|CG0088389|-12|-70|CG0088390|-15|-70|CG0088390|-15|-70|CG0088391|-22|-76|CG0088391|-22|-76|CG0088391|-22|-76|CG0088391|-22|-76|CG0088391|-22|-76|CG0088391|-22|-76|CG0088391|-22|-76|CG0088391|-22|-76|CG0088392|-26|-88|CG0088392|-26|-88|CG0088392|-26|-88|CG0088392|-26|-88|CG0088392|-26|-88|CG0088392|-26|-88|CG0088393|-20|-69|CG0088393|-20|-69|CG0088393|-20|-69|CG0088393|-20|-69|CG0088393|-20|-69|CG0088393|-20|-69
171|2|6|1000|16|CG0088414|-25|-113|CG0088415|-27|-113|CG0088416|-25|-91|CG0088417|-26|-91|CG0088414|-25|-113|CG0088415|-27|-113|CG0088416|-25|-91|CG0088417|-26|-91|CG0088414|-25|-113|CG0088415|-27|-113|CG0088416|-25|-91|CG0088417|-26|-91|CG0088414|-25|-113|CG0088415|-27|-113|CG0088416|-25|-91|CG0088417|-26|-91
171|2|7|1000|28|CG0087938|-25|-70|CG0087938|-25|-70|CG0087938|-25|-70|CG0087938|-25|-70|CG0087939|-30|-63|CG0087939|-30|-63|CG0087939|-30|-63|CG0087939|-30|-63|CG0087940|-37|-57|CG0087940|-37|-57|CG0087940|-37|-57|CG0087940|-37|-57|CG0087940|-37|-57|CG0087940|-37|-57|CG0087940|-37|-57|CG0087940|-37|-57|CG0087941|-32|-63|CG0087941|-32|-63|CG0087941|-32|-63|CG0087941|-32|-63|CG0087942|-22|-70|CG0087942|-22|-70|CG0087943|-19|-81|CG0087943|-19|-81|CG0087943|-19|-81|CG0087943|-19|-81|CG0087943|-19|-81|CG0087943|-19|-81
171|2|8|1000|2|CG0088409|-14|-80|CG0088410|-43|-101
171|2|9|1000|1|CG0088411|-12|-82
171|2|10|1000|11|CG0088402|-38|-78|CG0088402|-38|-78|CG0088403|-58|-60|CG0088403|-58|-60|CG0088404|-55|-60|CG0088404|-55|-60|CG0088405|-23|-63|CG0088405|-23|-63|CG0088406|-17|-46|CG0088407|-26|-51|CG0088408|-49|-33
171|3|0|1200|4|CG0088469|-20|-72|CG0088470|-22|-73|CG0088471|-23|-73|CG0088470|-22|-73
171|3|1|1000|6|CG0088474|-25|-72|CG0088475|-30|-74|CG0088476|-25|-72|CG0088477|-25|-72|CG0088478|-27|-74|CG0088479|-26|-72
171|3|2|400|1|CG0188507|-36|-53
171|3|3|500|6|CG0088442|-24|-70|CG0088443|-23|-73|CG0088444|-33|-71|CG0088445|-22|-70|CG0088446|-23|-73|CG0088447|-35|-71
171|3|4|100|1|CG0196464|-10|-51
171|3|5|1300|45|CG0088434|-24|-74|CG0088434|-24|-74|CG0088434|-24|-74|CG0088434|-24|-74|CG0088434|-24|-74|CG0088434|-24|-74|CG0088435|-22|-71|CG0088435|-22|-71|CG0088435|-22|-71|CG0088435|-22|-71|CG0088435|-22|-71|CG0088435|-22|-71|CG0088436|-78|-68|CG0088436|-78|-68|CG0088436|-78|-68|CG0088436|-78|-68|CG0088436|-78|-68|CG0088436|-78|-68|CG0088436|-78|-68|CG0088436|-78|-68|CG0088436|-78|-68|CG0088437|-20|-71|CG0088437|-20|-71|CG0088438|-10|-72|CG0088438|-10|-72|CG0088439|-10|-70|CG0088439|-10|-70|CG0088439|-10|-70|CG0088439|-10|-70|CG0088439|-10|-70|CG0088439|-10|-70|CG0088439|-10|-70|CG0088439|-10|-70|CG0088440|-10|-89|CG0088440|-10|-89|CG0088440|-10|-89|CG0088440|-10|-89|CG0088440|-10|-89|CG0088440|-10|-89|CG0088441|-14|-73|CG0088441|-14|-73|CG0088441|-14|-73|CG0088441|-14|-73|CG0088441|-14|-73|CG0088441|-14|-73
171|3|6|1000|16|CG0088462|-19|-102|CG0088463|-23|-117|CG0088464|-35|-102|CG0088465|-22|-86|CG0088462|-19|-102|CG0088463|-23|-117|CG0088464|-35|-102|CG0088465|-22|-86|CG0088462|-19|-102|CG0088463|-23|-117|CG0088464|-35|-102|CG0088465|-22|-86|CG0088462|-19|-102|CG0088463|-23|-117|CG0088464|-35|-102|CG0088465|-22|-86
171|3|7|1000|28|CG0088005|-25|-75|CG0088005|-25|-75|CG0088005|-25|-75|CG0088005|-25|-75|CG0088006|-29|-72|CG0088006|-29|-72|CG0088006|-29|-72|CG0088006|-29|-72|CG0088007|-39|-70|CG0088007|-39|-70|CG0088007|-39|-70|CG0088007|-39|-70|CG0088007|-39|-70|CG0088007|-39|-70|CG0088007|-39|-70|CG0088007|-39|-70|CG0088008|-35|-72|CG0088008|-35|-72|CG0088008|-35|-72|CG0088008|-35|-72|CG0088009|-15|-73|CG0088009|-15|-73|CG0088010|-20|-77|CG0088010|-20|-77|CG0088010|-20|-77|CG0088010|-20|-77|CG0088010|-20|-77|CG0088010|-20|-77
171|3|8|1000|2|CG0088457|-16|-72|CG0088458|-43|-87
171|3|9|1000|1|CG0088459|-13|-79
171|3|10|1000|11|CG0088450|-37|-66|CG0088450|-37|-66|CG0088451|-33|-76|CG0088451|-33|-76|CG0088452|-69|-55|CG0088452|-69|-55|CG0088453|-39|-62|CG0088453|-39|-62|CG0088454|-21|-38|CG0088455|-28|-61|CG0088456|-57|-19
171|4|0|1200|4|CG0088517|-26|-74|CG0088518|-26|-75|CG0088519|-27|-75|CG0088518|-26|-75
171|4|1|1000|6|CG0088522|-29|-76|CG0088523|-29|-78|CG0088524|-29|-76|CG0088525|-29|-76|CG0088526|-29|-78|CG0088527|-29|-76
171|4|2|400|1|CG0188552|-25|-51
171|4|3|500|6|CG0088490|-26|-65|CG0088491|-26|-68|CG0088492|-26|-66|CG0088493|-26|-65|CG0088494|-26|-68|CG0088495|-29|-66
171|4|4|100|1|CG0196504|-21|-46
171|4|5|1300|45|CG0088482|-24|-73|CG0088482|-24|-73|CG0088482|-24|-73|CG0088482|-24|-73|CG0088482|-24|-73|CG0088482|-24|-73|CG0088483|-60|-70|CG0088483|-60|-70|CG0088483|-60|-70|CG0088483|-60|-70|CG0088483|-60|-70|CG0088483|-60|-70|CG0088484|-60|-67|CG0088484|-60|-67|CG0088484|-60|-67|CG0088484|-60|-67|CG0088484|-60|-67|CG0088484|-60|-67|CG0088484|-60|-67|CG0088484|-60|-67|CG0088484|-60|-67|CG0088485|-71|-68|CG0088485|-71|-68|CG0088486|-13|-69|CG0088486|-13|-69|CG0088487|-11|-68|CG0088487|-11|-68|CG0088487|-11|-68|CG0088487|-11|-68|CG0088487|-11|-68|CG0088487|-11|-68|CG0088487|-11|-68|CG0088487|-11|-68|CG0088488|-16|-74|CG0088488|-16|-74|CG0088488|-16|-74|CG0088488|-16|-74|CG0088488|-16|-74|CG0088488|-16|-74|CG0088489|-23|-73|CG0088489|-23|-73|CG0088489|-23|-73|CG0088489|-23|-73|CG0088489|-23|-73|CG0088489|-23|-73
171|4|6|1000|16|CG0088510|-26|-91|CG0088511|-25|-113|CG0088512|-27|-113|CG0088513|-25|-91|CG0088510|-26|-91|CG0088511|-25|-113|CG0088512|-27|-113|CG0088513|-25|-91|CG0088510|-26|-91|CG0088511|-25|-113|CG0088512|-27|-113|CG0088513|-25|-91|CG0088510|-26|-91|CG0088511|-25|-113|CG0088512|-27|-113|CG0088513|-25|-91
171|4|7|1000|28|CG0088072|-26|-75|CG0088072|-26|-75|CG0088072|-26|-75|CG0088072|-26|-75|CG0088073|-32|-77|CG0088073|-32|-77|CG0088073|-32|-77|CG0088073|-32|-77|CG0088074|-39|-78|CG0088074|-39|-78|CG0088074|-39|-78|CG0088074|-39|-78|CG0088074|-39|-78|CG0088074|-39|-78|CG0088074|-39|-78|CG0088074|-39|-78|CG0088075|-34|-77|CG0088075|-34|-77|CG0088075|-34|-77|CG0088075|-34|-77|CG0088076|-17|-71|CG0088076|-17|-71|CG0088077|-25|-67|CG0088077|-25|-67|CG0088077|-25|-67|CG0088077|-25|-67|CG0088077|-25|-67|CG0088077|-25|-67
171|4|8|1000|2|CG0088505|-14|-66|CG0088506|-42|-76
171|4|9|1000|1|CG0088507|-12|-78
171|4|10|1000|11|CG0088498|-37|-71|CG0088498|-37|-71|CG0088499|-43|-74|CG0088499|-43|-74|CG0088500|-42|-71|CG0088500|-42|-71|CG0088501|-44|-73|CG0088501|-44|-73|CG0088502|-27|-40|CG0088503|-22|-70|CG0088504|-33|-26
171|5|0|1200|4|CG0088565|-22|-72|CG0088566|-23|-72|CG0088567|-33|-72|CG0088566|-23|-72
171|5|1|1000|6|CG0088570|-22|-73|CG0088571|-22|-75|CG0088572|-22|-73|CG0088573|-22|-73|CG0088574|-22|-75|CG0088575|-22|-73
171|5|2|400|1|CG0188597|-19|-60
171|5|3|500|6|CG0088538|-22|-59|CG0088539|-22|-62|CG0088540|-22|-60|CG0088541|-22|-59|CG0088542|-22|-62|CG0088543|-22|-60
171|5|4|100|1|CG0196544|-24|-45
171|5|5|1300|45|CG0088530|-50|-69|CG0088530|-50|-69|CG0088530|-50|-69|CG0088530|-50|-69|CG0088530|-50|-69|CG0088530|-50|-69|CG0088531|-82|-69|CG0088531|-82|-69|CG0088531|-82|-69|CG0088531|-82|-69|CG0088531|-82|-69|CG0088531|-82|-69|CG0088532|-28|-67|CG0088532|-28|-67|CG0088532|-28|-67|CG0088532|-28|-67|CG0088532|-28|-67|CG0088532|-28|-67|CG0088532|-28|-67|CG0088532|-28|-67|CG0088532|-28|-67|CG0088533|-78|-64|CG0088533|-78|-64|CG0088534|-22|-64|CG0088534|-22|-64|CG0088535|-24|-65|CG0088535|-24|-65|CG0088535|-24|-65|CG0088535|-24|-65|CG0088535|-24|-65|CG0088535|-24|-65|CG0088535|-24|-65|CG0088535|-24|-65|CG0088536|-24|-67|CG0088536|-24|-67|CG0088536|-24|-67|CG0088536|-24|-67|CG0088536|-24|-67|CG0088536|-24|-67|CG0088537|-23|-69|CG0088537|-23|-69|CG0088537|-23|-69|CG0088537|-23|-69|CG0088537|-23|-69|CG0088537|-23|-69
171|5|6|1000|16|CG0088558|-22|-86|CG0088559|-19|-102|CG0088560|-23|-117|CG0088561|-35|-102|CG0088558|-22|-86|CG0088559|-19|-102|CG0088560|-23|-117|CG0088561|-35|-102|CG0088558|-22|-86|CG0088559|-19|-102|CG0088560|-23|-117|CG0088561|-35|-102|CG0088558|-22|-86|CG0088559|-19|-102|CG0088560|-23|-117|CG0088561|-35|-102
171|5|7|1000|28|CG0088139|-16|-73|CG0088139|-16|-73|CG0088139|-16|-73|CG0088139|-16|-73|CG0088140|-22|-75|CG0088140|-22|-75|CG0088140|-22|-75|CG0088140|-22|-75|CG0088141|-22|-77|CG0088141|-22|-77|CG0088141|-22|-77|CG0088141|-22|-77|CG0088141|-22|-77|CG0088141|-22|-77|CG0088141|-22|-77|CG0088141|-22|-77|CG0088142|-20|-74|CG0088142|-20|-74|CG0088142|-20|-74|CG0088142|-20|-74|CG0088143|-19|-70|CG0088143|-19|-70|CG0088144|-19|-56|CG0088144|-19|-56|CG0088144|-19|-56|CG0088144|-19|-56|CG0088144|-19|-56|CG0088144|-19|-56
171|5|8|1000|2|CG0088553|-23|-59|CG0088554|-34|-76
171|5|9|1000|1|CG0088555|-22|-79
171|5|10|1000|11|CG0088546|-30|-70|CG0088546|-30|-70|CG0088547|-43|-67|CG0088547|-43|-67|CG0088548|-42|-79|CG0088548|-42|-79|CG0088549|-47|-89|CG0088549|-47|-89|CG0088550|-44|-53|CG0088551|-33|-72|CG0088552|-34|-31
171|6|0|1200|4|CG0088613|-54|-76|CG0088614|-59|-75|CG0088615|-62|-74|CG0088614|-59|-75
171|6|1|1000|6|CG0088618|-50|-75|CG0088619|-52|-78|CG0088620|-52|-76|CG0088621|-50|-75|CG0088622|-49|-78|CG0088623|-50|-76
171|6|2|400|1|CG0188642|-38|-63
171|6|3|500|6|CG0088586|-59|-65|CG0088587|-59|-68|CG0088588|-59|-67|CG0088589|-59|-65|CG0088590|-59|-68|CG0088591|-59|-67
171|6|4|100|1|CG0196584|-20|-48
171|6|5|1300|45|CG0088578|-64|-73|CG0088578|-64|-73|CG0088578|-64|-73|CG0088578|-64|-73|CG0088578|-64|-73|CG0088578|-64|-73|CG0088579|-56|-72|CG0088579|-56|-72|CG0088579|-56|-72|CG0088579|-56|-72|CG0088579|-56|-72|CG0088579|-56|-72|CG0088580|-20|-70|CG0088580|-20|-70|CG0088580|-20|-70|CG0088580|-20|-70|CG0088580|-20|-70|CG0088580|-20|-70|CG0088580|-20|-70|CG0088580|-20|-70|CG0088580|-20|-70|CG0088581|-44|-68|CG0088581|-44|-68|CG0088582|-80|-67|CG0088582|-80|-67|CG0088583|-28|-65|CG0088583|-28|-65|CG0088583|-28|-65|CG0088583|-28|-65|CG0088583|-28|-65|CG0088583|-28|-65|CG0088583|-28|-65|CG0088583|-28|-65|CG0088584|-23|-70|CG0088584|-23|-70|CG0088584|-23|-70|CG0088584|-23|-70|CG0088584|-23|-70|CG0088584|-23|-70|CG0088585|-47|-74|CG0088585|-47|-74|CG0088585|-47|-74|CG0088585|-47|-74|CG0088585|-47|-74|CG0088585|-47|-74
171|6|6|1000|16|CG0088606|-25|-91|CG0088607|-26|-91|CG0088608|-25|-113|CG0088609|-27|-113|CG0088606|-25|-91|CG0088607|-26|-91|CG0088608|-25|-113|CG0088609|-27|-113|CG0088606|-25|-91|CG0088607|-26|-91|CG0088608|-25|-113|CG0088609|-27|-113|CG0088606|-25|-91|CG0088607|-26|-91|CG0088608|-25|-113|CG0088609|-27|-113
171|6|7|1000|28|CG0088206|-14|-73|CG0088206|-14|-73|CG0088206|-14|-73|CG0088206|-14|-73|CG0088207|-36|-74|CG0088207|-36|-74|CG0088207|-36|-74|CG0088207|-36|-74|CG0088208|-34|-74|CG0088208|-34|-74|CG0088208|-34|-74|CG0088208|-34|-74|CG0088208|-34|-74|CG0088208|-34|-74|CG0088208|-34|-74|CG0088208|-34|-74|CG0088209|-37|-73|CG0088209|-37|-73|CG0088209|-37|-73|CG0088209|-37|-73|CG0088210|-20|-71|CG0088210|-20|-71|CG0088211|-35|-54|CG0088211|-35|-54|CG0088211|-35|-54|CG0088211|-35|-54|CG0088211|-35|-54|CG0088211|-35|-54
171|6|8|1000|2|CG0088601|-51|-66|CG0088602|-41|-86
171|6|9|1000|1|CG0088603|-34|-83
171|6|10|1000|11|CG0088594|-30|-71|CG0088594|-30|-71|CG0088595|-33|-72|CG0088595|-33|-72|CG0088596|-39|-68|CG0088596|-39|-68|CG0088597|-46|-102|CG0088597|-46|-102|CG0088598|-53|-69|CG0088599|-53|-66|CG0088600|-53|-28
171|7|0|1200|4|CG0088661|-62|-73|CG0088662|-59|-73|CG0088663|-54|-72|CG0088662|-59|-73
171|7|1|1000|6|CG0088666|-59|-72|CG0088667|-62|-74|CG0088668|-61|-72|CG0088669|-59|-72|CG0088670|-57|-74|CG0088671|-58|-72
171|7|2|400|1|CG0188687|-44|-60
171|7|3|500|6|CG0088634|-63|-70|CG0088635|-63|-73|CG0088636|-63|-71|CG0088637|-63|-70|CG0088638|-63|-73|CG0088639|-63|-71
171|7|4|100|1|CG0196624|-25|-51
171|7|5|1300|45|CG0088626|-41|-71|CG0088626|-41|-71|CG0088626|-41|-71|CG0088626|-41|-71|CG0088626|-41|-71|CG0088626|-41|-71|CG0088627|-21|-69|CG0088627|-21|-69|CG0088627|-21|-69|CG0088627|-21|-69|CG0088627|-21|-69|CG0088627|-21|-69|CG0088628|-28|-65|CG0088628|-28|-65|CG0088628|-28|-65|CG0088628|-28|-65|CG0088628|-28|-65|CG0088628|-28|-65|CG0088628|-28|-65|CG0088628|-28|-65|CG0088628|-28|-65|CG0088629|-27|-71|CG0088629|-27|-71|CG0088630|-102|-71|CG0088630|-102|-71|CG0088631|-53|-71|CG0088631|-53|-71|CG0088631|-53|-71|CG0088631|-53|-71|CG0088631|-53|-71|CG0088631|-53|-71|CG0088631|-53|-71|CG0088631|-53|-71|CG0088632|-28|-74|CG0088632|-28|-74|CG0088632|-28|-74|CG0088632|-28|-74|CG0088632|-28|-74|CG0088632|-28|-74|CG0088633|-71|-74|CG0088633|-71|-74|CG0088633|-71|-74|CG0088633|-71|-74|CG0088633|-71|-74|CG0088633|-71|-74
171|7|6|1000|16|CG0088654|-35|-102|CG0088655|-22|-86|CG0088656|-19|-102|CG0088657|-23|-117|CG0088654|-35|-102|CG0088655|-22|-86|CG0088656|-19|-102|CG0088657|-23|-117|CG0088654|-35|-102|CG0088655|-22|-86|CG0088656|-19|-102|CG0088657|-23|-117|CG0088654|-35|-102|CG0088655|-22|-86|CG0088656|-19|-102|CG0088657|-23|-117
171|7|7|1000|28|CG0088273|-14|-68|CG0088273|-14|-68|CG0088273|-14|-68|CG0088273|-14|-68|CG0088274|-33|-69|CG0088274|-33|-69|CG0088274|-33|-69|CG0088274|-33|-69|CG0088275|-33|-65|CG0088275|-33|-65|CG0088275|-33|-65|CG0088275|-33|-65|CG0088275|-33|-65|CG0088275|-33|-65|CG0088275|-33|-65|CG0088275|-33|-65|CG0088276|-43|-65|CG0088276|-43|-65|CG0088276|-43|-65|CG0088276|-43|-65|CG0088277|-29|-71|CG0088277|-29|-71|CG0088278|-45|-66|CG0088278|-45|-66|CG0088278|-45|-66|CG0088278|-45|-66|CG0088278|-45|-66|CG0088278|-45|-66
171|7|8|1000|2|CG0088649|-75|-73|CG0088650|-38|-101
171|7|9|1000|1|CG0088651|-30|-86
171|7|10|1000|11|CG0088642|-57|-62|CG0088642|-57|-62|CG0088643|-27|-72|CG0088643|-27|-72|CG0088644|-36|-72|CG0088644|-36|-72|CG0088645|-43|-104|CG0088645|-43|-104|CG0088646|-53|-78|CG0088647|-53|-56|CG0088648|-54|-23
