193|0|0|1200|4|CG0097006|-17|-68|CG0097007|-19|-68|CG0097008|-20|-67|CG0097007|-19|-68
193|0|1|1000|6|CG0097011|-13|-68|CG0097012|-13|-69|CG0097013|-19|-67|CG0097014|-13|-68|CG0097015|-13|-69|CG0097016|-13|-67
193|0|2|400|1|CG0188372|-32|-70
193|0|3|700|6|CG0097314|-19|-71|CG0097315|-20|-74|CG0097316|-20|-71|CG0097317|-23|-71|CG0097318|-22|-74|CG0097319|-22|-71
193|0|4|100|1|CG0196344|-27|-55
193|0|5|1500|22|CG0096978|-19|-66|CG0096978|-19|-66|CG0096979|-21|-83|CG0096979|-21|-83|CG0096980|-18|-66|CG0096980|-18|-66|CG0096980|-18|-66|CG0096981|-19|-66|CG0096981|-19|-66|CG0096981|-19|-66|CG0096982|-20|-68|CG0096982|-20|-68|CG0096982|-20|-68|CG0096982|-20|-68|CG0096982|-20|-68|CG0096983|-27|-67|CG0096983|-27|-67|CG0096983|-27|-67|CG0096984|-27|-66|CG0096984|-27|-66|CG0096985|-22|-66|CG0096985|-22|-66
193|0|6|1500|8|CG0096999|-18|-68|CG0097000|-17|-68|CG0097000|-17|-68|CG0097001|-17|-73|CG0097002|-19|-75|CG0097002|-19|-75|CG0097002|-19|-75|CG0097002|-19|-75
193|0|7|1000|13|CG0097355|-19|-66|CG0097355|-19|-66|CG0097356|-16|-65|CG0097356|-16|-65|CG0097357|-17|-64|CG0097357|-17|-64|CG0097357|-17|-64|CG0097358|-25|-67|CG0097359|-27|-68|CG0097360|-29|-73|CG0097360|-29|-73|CG0097360|-29|-73|CG0097361|-27|-70
193|0|8|1000|2|CG0096994|-19|-73|CG0096995|-16|-52
193|0|9|1000|1|CG0096996|-21|-70
193|0|10|1500|12|CG0096988|-22|-65|CG0096988|-22|-65|CG0096989|-28|-58|CG0096989|-28|-58|CG0096990|-30|-46|CG0096990|-30|-46|CG0096990|-30|-46|CG0096991|-35|-52|CG0096991|-35|-52|CG0096992|-44|-55|CG0096993|-52|-44|CG0096993|-52|-44
193|1|0|1200|4|CG0097047|-24|-67|CG0097048|-24|-67|CG0097049|-23|-67|CG0097048|-24|-67
193|1|1|1000|6|CG0097052|-21|-67|CG0097053|-21|-68|CG0097054|-21|-66|CG0097055|-21|-67|CG0097056|-21|-68|CG0097057|-21|-66
193|1|2|400|1|CG0188417|-17|-71
193|1|3|700|6|CG0097381|-17|-68|CG0097382|-21|-72|CG0097383|-25|-69|CG0097384|-16|-69|CG0097385|-17|-71|CG0097386|-16|-69
193|1|4|100|1|CG0196384|-26|-58
193|1|5|1500|22|CG0097019|-22|-66|CG0097019|-22|-66|CG0097020|-17|-69|CG0097020|-17|-69|CG0097021|-14|-65|CG0097021|-14|-65|CG0097021|-14|-65|CG0097022|-13|-66|CG0097022|-13|-66|CG0097022|-13|-66|CG0097023|-13|-67|CG0097023|-13|-67|CG0097023|-13|-67|CG0097023|-13|-67|CG0097023|-13|-67|CG0097024|-14|-67|CG0097024|-14|-67|CG0097024|-14|-67|CG0097025|-22|-66|CG0097025|-22|-66|CG0097026|-23|-66|CG0097026|-23|-66
193|1|6|1500|8|CG0097040|-17|-67|CG0097041|-16|-67|CG0097041|-16|-67|CG0097042|-16|-71|CG0097043|-17|-74|CG0097043|-17|-74|CG0097043|-17|-74|CG0097043|-17|-74
193|1|7|1000|13|CG0097422|-17|-66|CG0097422|-17|-66|CG0097423|-15|-64|CG0097423|-15|-64|CG0097424|-15|-63|CG0097424|-15|-63|CG0097424|-15|-63|CG0097425|-16|-66|CG0097426|-17|-69|CG0097427|-20|-74|CG0097427|-20|-74|CG0097427|-20|-74|CG0097428|-20|-69
193|1|8|1000|2|CG0097035|-17|-73|CG0097036|-24|-47
193|1|9|1000|1|CG0097037|-23|-69
193|1|10|1500|12|CG0097029|-16|-65|CG0097029|-16|-65|CG0097030|-16|-59|CG0097030|-16|-59|CG0097031|-18|-46|CG0097031|-18|-46|CG0097031|-18|-46|CG0097032|-17|-54|CG0097032|-17|-54|CG0097033|-25|-58|CG0097034|-25|-54|CG0097034|-25|-54
193|2|0|1200|4|CG0097088|-17|-67|CG0097089|-17|-68|CG0097090|-17|-68|CG0097089|-17|-68
193|2|1|1000|6|CG0097093|-17|-68|CG0097094|-17|-69|CG0097095|-17|-67|CG0097096|-17|-68|CG0097097|-17|-69|CG0097098|-17|-67
193|2|2|400|1|CG0188462|-33|-62
193|2|3|700|6|CG0097448|-22|-71|CG0097449|-21|-74|CG0097450|-21|-71|CG0097451|-22|-71|CG0097452|-21|-74|CG0097453|-21|-71
193|2|4|100|1|CG0196424|-14|-57
193|2|5|1500|22|CG0097060|-18|-67|CG0097060|-18|-67|CG0097061|-18|-67|CG0097061|-18|-67|CG0097062|-18|-66|CG0097062|-18|-66|CG0097062|-18|-66|CG0097063|-17|-67|CG0097063|-17|-67|CG0097063|-17|-67|CG0097064|-15|-67|CG0097064|-15|-67|CG0097064|-15|-67|CG0097064|-15|-67|CG0097064|-15|-67|CG0097065|-16|-67|CG0097065|-16|-67|CG0097065|-16|-67|CG0097066|-17|-67|CG0097066|-17|-67|CG0097067|-17|-67|CG0097067|-17|-67
193|2|6|1500|8|CG0097081|-17|-68|CG0097082|-17|-68|CG0097082|-17|-68|CG0097083|-17|-73|CG0097084|-18|-75|CG0097084|-18|-75|CG0097084|-18|-75|CG0097084|-18|-75
193|2|7|1000|13|CG0097489|-18|-69|CG0097489|-18|-69|CG0097490|-21|-67|CG0097490|-21|-67|CG0097491|-22|-67|CG0097491|-22|-67|CG0097491|-22|-67|CG0097492|-19|-68|CG0097493|-12|-69|CG0097494|-6|-74|CG0097494|-6|-74|CG0097494|-6|-74|CG0097495|-13|-68
193|2|8|1000|2|CG0097076|-22|-73|CG0097077|-41|-50
193|2|9|1000|1|CG0097078|-18|-69
193|2|10|1500|12|CG0097070|-22|-65|CG0097070|-22|-65|CG0097071|-18|-59|CG0097071|-18|-59|CG0097072|-17|-46|CG0097072|-17|-46|CG0097072|-17|-46|CG0097073|-13|-52|CG0097073|-13|-52|CG0097074|-13|-49|CG0097075|-11|-47|CG0097075|-11|-47
193|3|0|1200|4|CG0097129|-19|-72|CG0097130|-19|-72|CG0097131|-19|-72|CG0097130|-19|-72
193|3|1|1000|6|CG0097134|-19|-72|CG0097135|-20|-73|CG0097136|-19|-71|CG0097137|-21|-72|CG0097138|-19|-73|CG0097139|-19|-71
193|3|2|400|1|CG0188507|-36|-53
193|3|3|700|6|CG0097515|-30|-71|CG0097516|-29|-75|CG0097517|-28|-72|CG0097518|-29|-72|CG0097519|-29|-74|CG0097520|-28|-72
193|3|4|100|1|CG0196464|-10|-51
193|3|5|1500|22|CG0097101|-20|-72|CG0097101|-20|-72|CG0097102|-20|-71|CG0097102|-20|-71|CG0097103|-20|-71|CG0097103|-20|-71|CG0097103|-20|-71|CG0097104|-19|-71|CG0097104|-19|-71|CG0097104|-19|-71|CG0097105|-17|-71|CG0097105|-17|-71|CG0097105|-17|-71|CG0097105|-17|-71|CG0097105|-17|-71|CG0097106|-21|-71|CG0097106|-21|-71|CG0097106|-21|-71|CG0097107|-19|-71|CG0097107|-19|-71|CG0097108|-19|-71|CG0097108|-19|-71
193|3|6|1500|8|CG0097122|-18|-72|CG0097123|-19|-72|CG0097123|-19|-72|CG0097124|-13|-73|CG0097125|-14|-73|CG0097125|-14|-73|CG0097125|-14|-73|CG0097125|-14|-73
193|3|7|1000|13|CG0097556|-19|-73|CG0097556|-19|-73|CG0097557|-22|-72|CG0097557|-22|-72|CG0097558|-27|-72|CG0097558|-27|-72|CG0097558|-27|-72|CG0097559|-20|-71|CG0097560|-15|-71|CG0097561|-13|-73|CG0097561|-13|-73|CG0097561|-13|-73|CG0097562|-13|-71
193|3|8|1000|2|CG0097117|-19|-69|CG0097118|-49|-59
193|3|9|1000|1|CG0097119|-16|-68
193|3|10|1500|12|CG0097111|-24|-68|CG0097111|-24|-68|CG0097112|-17|-58|CG0097112|-17|-58|CG0097113|-19|-44|CG0097113|-19|-44|CG0097113|-19|-44|CG0097114|-14|-45|CG0097114|-14|-45|CG0097115|-11|-33|CG0097116|-10|-24|CG0097116|-10|-24
193|4|0|1200|4|CG0097170|-16|-74|CG0097171|-17|-74|CG0097172|-17|-74|CG0097171|-17|-74
193|4|1|1000|6|CG0097175|-17|-74|CG0097176|-17|-75|CG0097177|-17|-73|CG0097178|-17|-74|CG0097179|-17|-75|CG0097180|-17|-73
193|4|2|400|1|CG0188552|-25|-51
193|4|3|700|6|CG0097582|-20|-69|CG0097583|-21|-73|CG0097584|-21|-70|CG0097585|-20|-70|CG0097586|-21|-72|CG0097587|-20|-70
193|4|4|100|1|CG0196504|-21|-46
193|4|5|1500|22|CG0097142|-18|-74|CG0097142|-18|-74|CG0097143|-32|-74|CG0097143|-32|-74|CG0097144|-18|-73|CG0097144|-18|-73|CG0097144|-18|-73|CG0097145|-17|-72|CG0097145|-17|-72|CG0097145|-17|-72|CG0097146|-16|-72|CG0097146|-16|-72|CG0097146|-16|-72|CG0097146|-16|-72|CG0097146|-16|-72|CG0097147|-25|-72|CG0097147|-25|-72|CG0097147|-25|-72|CG0097148|-28|-73|CG0097148|-28|-73|CG0097149|-28|-73|CG0097149|-28|-73
193|4|6|1500|8|CG0097163|-17|-74|CG0097164|-17|-74|CG0097164|-17|-74|CG0097165|-17|-71|CG0097166|-18|-68|CG0097166|-18|-68|CG0097166|-18|-68|CG0097166|-18|-68
193|4|7|1000|13|CG0097623|-20|-73|CG0097623|-20|-73|CG0097624|-28|-74|CG0097624|-28|-74|CG0097625|-31|-74|CG0097625|-31|-74|CG0097625|-31|-74|CG0097626|-19|-71|CG0097627|-12|-70|CG0097628|-13|-69|CG0097628|-13|-69|CG0097628|-13|-69|CG0097629|-13|-72
193|4|8|1000|2|CG0097158|-22|-65|CG0097159|-39|-69
193|4|9|1000|1|CG0097160|-19|-65
193|4|10|1500|12|CG0097152|-22|-73|CG0097152|-22|-73|CG0097153|-17|-61|CG0097153|-17|-61|CG0097154|-17|-45|CG0097154|-17|-45|CG0097154|-17|-45|CG0097155|-13|-44|CG0097155|-13|-44|CG0097156|-13|-18|CG0097157|-12|-10|CG0097157|-12|-10
193|5|0|1200|4|CG0097211|-17|-73|CG0097212|-16|-73|CG0097213|-15|-73|CG0097212|-16|-73
193|5|1|1000|6|CG0097216|-16|-73|CG0097217|-16|-75|CG0097218|-16|-72|CG0097219|-16|-73|CG0097220|-16|-75|CG0097221|-16|-72
193|5|2|400|1|CG0188597|-19|-60
193|5|3|700|6|CG0097649|-19|-69|CG0097650|-16|-72|CG0097651|-16|-69|CG0097652|-16|-69|CG0097653|-21|-71|CG0097654|-24|-69
193|5|4|100|1|CG0196544|-24|-45
193|5|5|1500|22|CG0097183|-13|-73|CG0097183|-13|-73|CG0097184|-39|-74|CG0097184|-39|-74|CG0097185|-20|-73|CG0097185|-20|-73|CG0097185|-20|-73|CG0097186|-27|-72|CG0097186|-27|-72|CG0097186|-27|-72|CG0097187|-13|-71|CG0097187|-13|-71|CG0097187|-13|-71|CG0097187|-13|-71|CG0097187|-13|-71|CG0097188|-16|-71|CG0097188|-16|-71|CG0097188|-16|-71|CG0097189|-22|-72|CG0097189|-22|-72|CG0097190|-26|-73|CG0097190|-26|-73
193|5|6|1500|8|CG0097204|-16|-73|CG0097205|-16|-73|CG0097205|-16|-73|CG0097206|-16|-71|CG0097207|-16|-68|CG0097207|-16|-68|CG0097207|-16|-68|CG0097207|-16|-68
193|5|7|1000|13|CG0097690|-23|-73|CG0097690|-23|-73|CG0097691|-22|-75|CG0097691|-22|-75|CG0097692|-19|-75|CG0097692|-19|-75|CG0097692|-19|-75|CG0097693|-18|-71|CG0097694|-16|-68|CG0097695|-16|-66|CG0097695|-16|-66|CG0097695|-16|-66|CG0097696|-16|-70
193|5|8|1000|2|CG0097199|-16|-64|CG0097200|-18|-73
193|5|9|1000|1|CG0097201|-17|-64
193|5|10|1500|12|CG0097193|-16|-73|CG0097193|-16|-73|CG0097194|-16|-59|CG0097194|-16|-59|CG0097195|-16|-43|CG0097195|-16|-43|CG0097195|-16|-43|CG0097196|-17|-40|CG0097196|-17|-40|CG0097197|-25|-15|CG0097198|-17|-10|CG0097198|-17|-10
193|6|0|1200|4|CG0097252|-14|-74|CG0097253|-14|-74|CG0097254|-14|-74|CG0097253|-14|-74
193|6|1|1000|6|CG0097257|-13|-74|CG0097258|-13|-75|CG0097259|-13|-73|CG0097260|-13|-74|CG0097261|-13|-75|CG0097262|-20|-73
193|6|2|400|1|CG0188642|-38|-63
193|6|3|700|6|CG0097716|-21|-69|CG0097717|-22|-73|CG0097718|-23|-70|CG0097719|-23|-70|CG0097720|-23|-72|CG0097721|-21|-70
193|6|4|100|1|CG0196584|-20|-48
193|6|5|1500|22|CG0097224|-20|-73|CG0097224|-20|-73|CG0097225|-23|-86|CG0097225|-23|-86|CG0097226|-33|-73|CG0097226|-33|-73|CG0097226|-33|-73|CG0097227|-31|-72|CG0097227|-31|-72|CG0097227|-31|-72|CG0097228|-30|-72|CG0097228|-30|-72|CG0097228|-30|-72|CG0097228|-30|-72|CG0097228|-30|-72|CG0097229|-29|-72|CG0097229|-29|-72|CG0097229|-29|-72|CG0097230|-28|-72|CG0097230|-28|-72|CG0097231|-21|-73|CG0097231|-21|-73
193|6|6|1500|8|CG0097245|-19|-74|CG0097246|-17|-74|CG0097246|-17|-74|CG0097247|-19|-71|CG0097248|-20|-68|CG0097248|-20|-68|CG0097248|-20|-68|CG0097248|-20|-68
193|6|7|1000|13|CG0097757|-15|-73|CG0097757|-15|-73|CG0097758|-17|-74|CG0097758|-17|-74|CG0097759|-20|-74|CG0097759|-20|-74|CG0097759|-20|-74|CG0097760|-19|-71|CG0097761|-30|-69|CG0097762|-25|-68|CG0097762|-25|-68|CG0097762|-25|-68|CG0097763|-21|-71
193|6|8|1000|2|CG0097240|-21|-65|CG0097241|-22|-69
193|6|9|1000|1|CG0097242|-20|-65
193|6|10|1500|12|CG0097234|-16|-73|CG0097234|-16|-73|CG0097235|-23|-61|CG0097235|-23|-61|CG0097236|-25|-45|CG0097236|-25|-45|CG0097236|-25|-45|CG0097237|-26|-44|CG0097237|-26|-44|CG0097238|-52|-25|CG0097239|-58|-13|CG0097239|-58|-13
193|7|0|1200|4|CG0097293|-12|-72|CG0097294|-12|-72|CG0097295|-13|-72|CG0097294|-12|-72
193|7|1|1000|6|CG0097298|-13|-72|CG0097299|-13|-73|CG0097300|-19|-71|CG0097301|-13|-72|CG0097302|-13|-73|CG0097303|-21|-71
193|7|2|400|1|CG0188687|-44|-60
193|7|3|700|6|CG0097783|-20|-71|CG0097784|-20|-75|CG0097785|-25|-72|CG0097786|-20|-72|CG0097787|-22|-74|CG0097788|-25|-72
193|7|4|100|1|CG0196624|-25|-51
193|7|5|1500|22|CG0097265|-21|-70|CG0097265|-21|-70|CG0097266|-18|-89|CG0097266|-18|-89|CG0097267|-28|-70|CG0097267|-28|-70|CG0097267|-28|-70|CG0097268|-33|-70|CG0097268|-33|-70|CG0097268|-33|-70|CG0097269|-33|-70|CG0097269|-33|-70|CG0097269|-33|-70|CG0097269|-33|-70|CG0097269|-33|-70|CG0097270|-34|-70|CG0097270|-34|-70|CG0097270|-34|-70|CG0097271|-29|-70|CG0097271|-29|-70|CG0097272|-24|-70|CG0097272|-24|-70
193|7|6|1500|8|CG0097286|-17|-72|CG0097287|-22|-72|CG0097287|-22|-72|CG0097288|-22|-73|CG0097289|-23|-73|CG0097289|-23|-73|CG0097289|-23|-73|CG0097289|-23|-73
193|7|7|1000|13|CG0097824|-20|-70|CG0097824|-20|-70|CG0097825|-21|-69|CG0097825|-21|-69|CG0097826|-21|-69|CG0097826|-21|-69|CG0097826|-21|-69|CG0097827|-31|-69|CG0097828|-28|-70|CG0097829|-35|-72|CG0097829|-35|-72|CG0097829|-35|-72|CG0097830|-23|-72
193|7|8|1000|2|CG0097281|-22|-69|CG0097282|-19|-59
193|7|9|1000|1|CG0097283|-20|-67
193|7|10|1500|12|CG0097275|-27|-68|CG0097275|-27|-68|CG0097276|-36|-58|CG0097276|-36|-58|CG0097277|-37|-44|CG0097277|-37|-44|CG0097277|-37|-44|CG0097278|-42|-46|CG0097278|-42|-46|CG0097279|-59|-42|CG0097280|-73|-21|CG0097280|-73|-21
