201|0|0|1200|4|CG0100244|-20|-68|CG0100245|-17|-68|CG0100246|-14|-67|CG0100245|-17|-68
201|0|1|1000|6|CG0100249|-21|-68|CG0100250|-21|-69|CG0100251|-21|-67|CG0100252|-21|-68|CG0100253|-21|-69|CG0100254|-21|-67
201|0|2|400|1|CG0188372|-32|-70
201|0|3|700|6|CG0100218|-19|-71|CG0100219|-20|-74|CG0100220|-20|-71|CG0100221|-23|-71|CG0100222|-22|-74|CG0100223|-22|-71
201|0|4|100|1|CG0196344|-27|-55
201|0|5|1200|36|CG0100210|-15|-67|CG0100210|-15|-67|CG0100210|-15|-67|CG0100210|-15|-67|CG0100211|-16|-66|CG0100211|-16|-66|CG0100211|-16|-66|CG0100211|-16|-66|CG0100211|-16|-66|CG0100211|-16|-66|CG0100212|-17|-65|CG0100212|-17|-65|CG0100212|-17|-65|CG0100212|-17|-65|CG0100212|-17|-65|CG0100212|-17|-65|CG0100213|-19|-68|CG0100213|-19|-68|CG0100214|-34|-76|CG0100214|-34|-76|CG0100215|-52|-75|CG0100215|-52|-75|CG0100215|-52|-75|CG0100215|-52|-75|CG0100215|-52|-75|CG0100215|-52|-75|CG0100215|-52|-75|CG0100215|-52|-75|CG0100216|-36|-76|CG0100216|-36|-76|CG0100216|-36|-76|CG0100216|-36|-76|CG0100217|-26|-71|CG0100217|-26|-71|CG0100217|-26|-71|CG0100217|-26|-71
201|0|6|1500|8|CG0100237|-18|-74|CG0100238|-17|-80|CG0100238|-17|-80|CG0100239|-20|-78|CG0100240|-23|-75|CG0100240|-23|-75|CG0100240|-23|-75|CG0100240|-23|-75
201|0|7|1000|13|CG0099723|-19|-66|CG0099723|-19|-66|CG0099724|-16|-65|CG0099724|-16|-65|CG0099725|-17|-64|CG0099725|-17|-64|CG0099725|-17|-64|CG0099726|-25|-67|CG0099727|-27|-68|CG0099728|-29|-73|CG0099728|-29|-73|CG0099728|-29|-73|CG0099729|-27|-70
201|0|8|1000|2|CG0100232|-23|-73|CG0100233|-16|-65
201|0|9|1000|1|CG0100234|-43|-70
201|0|10|1500|12|CG0100226|-37|-65|CG0100226|-37|-65|CG0100227|-42|-58|CG0100227|-42|-58|CG0100228|-44|-46|CG0100228|-44|-46|CG0100228|-44|-46|CG0100229|-45|-52|CG0100229|-45|-52|CG0100230|-59|-55|CG0100231|-64|-44|CG0100231|-64|-44
201|1|0|1200|4|CG0100291|-16|-67|CG0100292|-16|-67|CG0100293|-17|-67|CG0100292|-16|-67
201|1|1|1000|6|CG0100296|-16|-67|CG0100297|-16|-68|CG0100298|-16|-66|CG0100299|-16|-67|CG0100300|-16|-68|CG0100301|-16|-66
201|1|2|400|1|CG0188417|-17|-71
201|1|3|700|6|CG0100265|-17|-68|CG0100266|-21|-72|CG0100267|-25|-69|CG0100268|-16|-69|CG0100269|-17|-71|CG0100270|-16|-69
201|1|4|100|1|CG0196384|-26|-58
201|1|5|1200|36|CG0100257|-17|-66|CG0100257|-17|-66|CG0100257|-17|-66|CG0100257|-17|-66|CG0100258|-16|-65|CG0100258|-16|-65|CG0100258|-16|-65|CG0100258|-16|-65|CG0100258|-16|-65|CG0100258|-16|-65|CG0100259|-18|-65|CG0100259|-18|-65|CG0100259|-18|-65|CG0100259|-18|-65|CG0100259|-18|-65|CG0100259|-18|-65|CG0100260|-13|-68|CG0100260|-13|-68|CG0100261|-14|-73|CG0100261|-14|-73|CG0100262|-23|-80|CG0100262|-23|-80|CG0100262|-23|-80|CG0100262|-23|-80|CG0100262|-23|-80|CG0100262|-23|-80|CG0100262|-23|-80|CG0100262|-23|-80|CG0100263|-17|-76|CG0100263|-17|-76|CG0100263|-17|-76|CG0100263|-17|-76|CG0100264|-17|-69|CG0100264|-17|-69|CG0100264|-17|-69|CG0100264|-17|-69
201|1|6|1500|8|CG0100284|-16|-76|CG0100285|-16|-81|CG0100285|-16|-81|CG0100286|-16|-81|CG0100287|-17|-77|CG0100287|-17|-77|CG0100287|-17|-77|CG0100287|-17|-77
201|1|7|1000|13|CG0099790|-17|-66|CG0099790|-17|-66|CG0099791|-15|-64|CG0099791|-15|-64|CG0099792|-15|-63|CG0099792|-15|-63|CG0099792|-15|-63|CG0099793|-16|-66|CG0099794|-17|-69|CG0099795|-20|-74|CG0099795|-20|-74|CG0099795|-20|-74|CG0099796|-20|-69
201|1|8|1000|2|CG0100279|-17|-73|CG0100280|-23|-61
201|1|9|1000|1|CG0100281|-44|-69
201|1|10|1500|12|CG0100273|-16|-65|CG0100273|-16|-65|CG0100274|-16|-59|CG0100274|-16|-59|CG0100275|-18|-46|CG0100275|-18|-46|CG0100275|-18|-46|CG0100276|-17|-54|CG0100276|-17|-54|CG0100277|-16|-58|CG0100278|-24|-54|CG0100278|-24|-54
201|2|0|1200|4|CG0100338|-17|-67|CG0100339|-17|-68|CG0100340|-17|-68|CG0100339|-17|-68
201|2|1|1000|6|CG0100343|-17|-68|CG0100344|-17|-69|CG0100345|-17|-67|CG0100346|-17|-68|CG0100347|-17|-69|CG0100348|-17|-67
201|2|2|400|1|CG0188462|-33|-62
201|2|3|700|6|CG0100312|-22|-71|CG0100313|-21|-74|CG0100314|-20|-71|CG0100315|-22|-71|CG0100316|-21|-74|CG0100317|-21|-71
201|2|4|100|1|CG0196424|-14|-57
201|2|5|1200|36|CG0100304|-17|-68|CG0100304|-17|-68|CG0100304|-17|-68|CG0100304|-17|-68|CG0100305|-26|-67|CG0100305|-26|-67|CG0100305|-26|-67|CG0100305|-26|-67|CG0100305|-26|-67|CG0100305|-26|-67|CG0100306|-32|-66|CG0100306|-32|-66|CG0100306|-32|-66|CG0100306|-32|-66|CG0100306|-32|-66|CG0100306|-32|-66|CG0100307|-17|-68|CG0100307|-17|-68|CG0100308|-10|-74|CG0100308|-10|-74|CG0100309|-12|-79|CG0100309|-12|-79|CG0100309|-12|-79|CG0100309|-12|-79|CG0100309|-12|-79|CG0100309|-12|-79|CG0100309|-12|-79|CG0100309|-12|-79|CG0100310|-12|-75|CG0100310|-12|-75|CG0100310|-12|-75|CG0100310|-12|-75|CG0100311|-13|-70|CG0100311|-13|-70|CG0100311|-13|-70|CG0100311|-13|-70
201|2|6|1500|8|CG0100331|-17|-72|CG0100332|-17|-79|CG0100332|-17|-79|CG0100333|-17|-78|CG0100334|-18|-75|CG0100334|-18|-75|CG0100334|-18|-75|CG0100334|-18|-75
201|2|7|1000|13|CG0099857|-18|-69|CG0099857|-18|-69|CG0099858|-21|-67|CG0099858|-21|-67|CG0099859|-22|-67|CG0099859|-22|-67|CG0099859|-22|-67|CG0099860|-19|-68|CG0099861|-12|-69|CG0099862|-6|-74|CG0099862|-6|-74|CG0099862|-6|-74|CG0099863|-13|-68
201|2|8|1000|2|CG0100326|-22|-73|CG0100327|-41|-62
201|2|9|1000|1|CG0100328|-21|-69
201|2|10|1500|12|CG0100320|-22|-65|CG0100320|-22|-65|CG0100321|-18|-58|CG0100321|-18|-58|CG0100322|-17|-46|CG0100322|-17|-46|CG0100322|-17|-46|CG0100323|-13|-52|CG0100323|-13|-52|CG0100324|-13|-49|CG0100325|-11|-47|CG0100325|-11|-47
201|3|0|1200|4|CG0100385|-19|-72|CG0100386|-19|-72|CG0100387|-19|-72|CG0100386|-19|-72
201|3|1|1000|6|CG0100390|-19|-72|CG0100391|-20|-73|CG0100392|-20|-71|CG0100393|-20|-72|CG0100394|-19|-73|CG0100395|-19|-71
201|3|2|400|1|CG0188507|-36|-53
201|3|3|700|6|CG0100359|-29|-71|CG0100360|-28|-75|CG0100361|-27|-72|CG0100362|-29|-72|CG0100363|-29|-74|CG0100364|-27|-72
201|3|4|100|1|CG0196464|-10|-51
201|3|5|1200|36|CG0100351|-19|-72|CG0100351|-19|-72|CG0100351|-19|-72|CG0100351|-19|-72|CG0100352|-28|-72|CG0100352|-28|-72|CG0100352|-28|-72|CG0100352|-28|-72|CG0100352|-28|-72|CG0100352|-28|-72|CG0100353|-27|-71|CG0100353|-27|-71|CG0100353|-27|-71|CG0100353|-27|-71|CG0100353|-27|-71|CG0100353|-27|-71|CG0100354|-37|-70|CG0100354|-37|-70|CG0100355|-11|-71|CG0100355|-11|-71|CG0100356|-5|-71|CG0100356|-5|-71|CG0100356|-5|-71|CG0100356|-5|-71|CG0100356|-5|-71|CG0100356|-5|-71|CG0100356|-5|-71|CG0100356|-5|-71|CG0100357|-8|-70|CG0100357|-8|-70|CG0100357|-8|-70|CG0100357|-8|-70|CG0100358|-14|-71|CG0100358|-14|-71|CG0100358|-14|-71|CG0100358|-14|-71
201|3|6|1500|8|CG0100378|-18|-72|CG0100379|-19|-73|CG0100379|-19|-73|CG0100380|-13|-73|CG0100381|-14|-73|CG0100381|-14|-73|CG0100381|-14|-73|CG0100381|-14|-73
201|3|7|1000|13|CG0099924|-19|-73|CG0099924|-19|-73|CG0099925|-22|-72|CG0099925|-22|-72|CG0099926|-27|-72|CG0099926|-27|-72|CG0099926|-27|-72|CG0099927|-20|-71|CG0099928|-15|-71|CG0099929|-13|-73|CG0099929|-13|-73|CG0099929|-13|-73|CG0099930|-13|-71
201|3|8|1000|2|CG0100373|-19|-69|CG0100374|-49|-70
201|3|9|1000|1|CG0100375|-16|-68
201|3|10|1500|12|CG0100367|-24|-68|CG0100367|-24|-68|CG0100368|-17|-58|CG0100368|-17|-58|CG0100369|-19|-44|CG0100369|-19|-44|CG0100369|-19|-44|CG0100370|-14|-45|CG0100370|-14|-45|CG0100371|-11|-33|CG0100372|-10|-24|CG0100372|-10|-24
201|4|0|1200|4|CG0100432|-18|-74|CG0100433|-18|-74|CG0100434|-18|-74|CG0100433|-18|-74
201|4|1|1000|6|CG0100437|-20|-74|CG0100438|-20|-75|CG0100439|-20|-73|CG0100440|-20|-74|CG0100441|-20|-75|CG0100442|-20|-73
201|4|2|400|1|CG0188552|-25|-51
201|4|3|700|6|CG0100406|-24|-69|CG0100407|-24|-73|CG0100408|-24|-70|CG0100409|-24|-70|CG0100410|-24|-72|CG0100411|-24|-70
201|4|4|100|1|CG0196504|-21|-46
201|4|5|1200|36|CG0100398|-18|-73|CG0100398|-18|-73|CG0100398|-18|-73|CG0100398|-18|-73|CG0100399|-18|-74|CG0100399|-18|-74|CG0100399|-18|-74|CG0100399|-18|-74|CG0100399|-18|-74|CG0100399|-18|-74|CG0100400|-18|-72|CG0100400|-18|-72|CG0100400|-18|-72|CG0100400|-18|-72|CG0100400|-18|-72|CG0100400|-18|-72|CG0100401|-34|-71|CG0100401|-34|-71|CG0100402|-13|-66|CG0100402|-13|-66|CG0100403|-11|-57|CG0100403|-11|-57|CG0100403|-11|-57|CG0100403|-11|-57|CG0100403|-11|-57|CG0100403|-11|-57|CG0100403|-11|-57|CG0100403|-11|-57|CG0100404|-11|-64|CG0100404|-11|-64|CG0100404|-11|-64|CG0100404|-11|-64|CG0100405|-16|-70|CG0100405|-16|-70|CG0100405|-16|-70|CG0100405|-16|-70
201|4|6|1500|8|CG0100425|-17|-74|CG0100426|-17|-74|CG0100426|-17|-74|CG0100427|-17|-71|CG0100428|-18|-68|CG0100428|-18|-68|CG0100428|-18|-68|CG0100428|-18|-68
201|4|7|1000|13|CG0099991|-20|-73|CG0099991|-20|-73|CG0099992|-28|-74|CG0099992|-28|-74|CG0099993|-31|-74|CG0099993|-31|-74|CG0099993|-31|-74|CG0099994|-19|-71|CG0099995|-12|-70|CG0099996|-12|-69|CG0099996|-12|-69|CG0099996|-12|-69|CG0099997|-13|-72
201|4|8|1000|2|CG0100420|-22|-65|CG0100421|-39|-78
201|4|9|1000|1|CG0100422|-15|-65
201|4|10|1500|12|CG0100414|-22|-73|CG0100414|-22|-73|CG0100415|-17|-61|CG0100415|-17|-61|CG0100416|-17|-45|CG0100416|-17|-45|CG0100416|-17|-45|CG0100417|-13|-44|CG0100417|-13|-44|CG0100418|-13|-18|CG0100419|-12|-10|CG0100419|-12|-10
201|5|0|1200|4|CG0100479|-17|-73|CG0100480|-16|-73|CG0100481|-17|-73|CG0100480|-16|-73
201|5|1|1000|6|CG0100484|-16|-73|CG0100485|-16|-75|CG0100486|-16|-72|CG0100487|-16|-73|CG0100488|-16|-75|CG0100489|-16|-72
201|5|2|400|1|CG0188597|-19|-60
201|5|3|700|6|CG0100453|-18|-69|CG0100454|-19|-72|CG0100455|-18|-69|CG0100456|-19|-69|CG0100457|-19|-71|CG0100458|-18|-69
201|5|4|100|1|CG0196544|-24|-45
201|5|5|1200|36|CG0100445|-36|-73|CG0100445|-36|-73|CG0100445|-36|-73|CG0100445|-36|-73|CG0100446|-22|-76|CG0100446|-22|-76|CG0100446|-22|-76|CG0100446|-22|-76|CG0100446|-22|-76|CG0100446|-22|-76|CG0100447|-22|-72|CG0100447|-22|-72|CG0100447|-22|-72|CG0100447|-22|-72|CG0100447|-22|-72|CG0100447|-22|-72|CG0100448|-18|-76|CG0100448|-18|-76|CG0100449|-18|-64|CG0100449|-18|-64|CG0100450|-15|-58|CG0100450|-15|-58|CG0100450|-15|-58|CG0100450|-15|-58|CG0100450|-15|-58|CG0100450|-15|-58|CG0100450|-15|-58|CG0100450|-15|-58|CG0100451|-16|-61|CG0100451|-16|-61|CG0100451|-16|-61|CG0100451|-16|-61|CG0100452|-16|-70|CG0100452|-16|-70|CG0100452|-16|-70|CG0100452|-16|-70
201|5|6|1500|8|CG0100472|-16|-73|CG0100473|-16|-73|CG0100473|-16|-73|CG0100474|-16|-71|CG0100475|-16|-68|CG0100475|-16|-68|CG0100475|-16|-68|CG0100475|-16|-68
201|5|7|1000|13|CG0100058|-23|-73|CG0100058|-23|-73|CG0100059|-22|-75|CG0100059|-22|-75|CG0100060|-19|-75|CG0100060|-19|-75|CG0100060|-19|-75|CG0100061|-18|-71|CG0100062|-16|-68|CG0100063|-16|-66|CG0100063|-16|-66|CG0100063|-16|-66|CG0100064|-16|-70
201|5|8|1000|2|CG0100467|-17|-64|CG0100468|-20|-81
201|5|9|1000|1|CG0100469|-17|-64
201|5|10|1500|12|CG0100461|-16|-73|CG0100461|-16|-73|CG0100462|-16|-59|CG0100462|-16|-59|CG0100463|-16|-43|CG0100463|-16|-43|CG0100463|-16|-43|CG0100464|-17|-40|CG0100464|-17|-40|CG0100465|-25|-15|CG0100466|-17|-10|CG0100466|-17|-10
201|6|0|1200|4|CG0100526|-33|-74|CG0100527|-35|-74|CG0100528|-37|-74|CG0100527|-35|-74
201|6|1|1000|6|CG0100531|-29|-74|CG0100532|-29|-75|CG0100533|-29|-73|CG0100534|-29|-74|CG0100535|-29|-75|CG0100536|-29|-73
201|6|2|400|1|CG0188642|-38|-63
201|6|3|700|6|CG0100500|-26|-69|CG0100501|-27|-73|CG0100502|-27|-70|CG0100503|-26|-70|CG0100504|-26|-72|CG0100505|-27|-70
201|6|4|100|1|CG0196584|-20|-48
201|6|5|1200|36|CG0100492|-44|-73|CG0100492|-44|-73|CG0100492|-44|-73|CG0100492|-44|-73|CG0100493|-20|-73|CG0100493|-20|-73|CG0100493|-20|-73|CG0100493|-20|-73|CG0100493|-20|-73|CG0100493|-20|-73|CG0100494|-21|-72|CG0100494|-21|-72|CG0100494|-21|-72|CG0100494|-21|-72|CG0100494|-21|-72|CG0100494|-21|-72|CG0100495|-22|-76|CG0100495|-22|-76|CG0100496|-60|-67|CG0100496|-60|-67|CG0100497|-30|-59|CG0100497|-30|-59|CG0100497|-30|-59|CG0100497|-30|-59|CG0100497|-30|-59|CG0100497|-30|-59|CG0100497|-30|-59|CG0100497|-30|-59|CG0100498|-44|-64|CG0100498|-44|-64|CG0100498|-44|-64|CG0100498|-44|-64|CG0100499|-34|-72|CG0100499|-34|-72|CG0100499|-34|-72|CG0100499|-34|-72
201|6|6|1500|8|CG0100519|-24|-74|CG0100520|-17|-74|CG0100520|-17|-74|CG0100521|-19|-71|CG0100522|-26|-68|CG0100522|-26|-68|CG0100522|-26|-68|CG0100522|-26|-68
201|6|7|1000|13|CG0100125|-15|-73|CG0100125|-15|-73|CG0100126|-17|-74|CG0100126|-17|-74|CG0100127|-20|-74|CG0100127|-20|-74|CG0100127|-20|-74|CG0100128|-19|-71|CG0100129|-30|-69|CG0100130|-25|-68|CG0100130|-25|-68|CG0100130|-25|-68|CG0100131|-21|-71
201|6|8|1000|2|CG0100514|-39|-65|CG0100515|-22|-81
201|6|9|1000|1|CG0100516|-20|-65
201|6|10|1500|12|CG0100508|-25|-73|CG0100508|-25|-73|CG0100509|-31|-61|CG0100509|-31|-61|CG0100510|-33|-45|CG0100510|-33|-45|CG0100510|-33|-45|CG0100511|-34|-44|CG0100511|-34|-44|CG0100512|-52|-25|CG0100513|-58|-13|CG0100513|-58|-13
201|7|0|1200|4|CG0100573|-37|-72|CG0100574|-36|-72|CG0100575|-35|-72|CG0100574|-36|-72
201|7|1|1000|6|CG0100578|-34|-72|CG0100579|-35|-73|CG0100580|-35|-71|CG0100581|-34|-72|CG0100582|-35|-73|CG0100583|-35|-71
201|7|2|400|1|CG0188687|-44|-60
201|7|3|700|6|CG0100547|-28|-71|CG0100548|-28|-75|CG0100549|-28|-72|CG0100550|-28|-72|CG0100551|-29|-74|CG0100552|-28|-72
201|7|4|100|1|CG0196624|-25|-51
201|7|5|1200|36|CG0100539|-27|-71|CG0100539|-27|-71|CG0100539|-27|-71|CG0100539|-27|-71|CG0100540|-16|-69|CG0100540|-16|-69|CG0100540|-16|-69|CG0100540|-16|-69|CG0100540|-16|-69|CG0100540|-16|-69|CG0100541|-13|-69|CG0100541|-13|-69|CG0100541|-13|-69|CG0100541|-13|-69|CG0100541|-13|-69|CG0100541|-13|-69|CG0100542|-18|-71|CG0100542|-18|-71|CG0100543|-65|-73|CG0100543|-65|-73|CG0100544|-53|-62|CG0100544|-53|-62|CG0100544|-53|-62|CG0100544|-53|-62|CG0100544|-53|-62|CG0100544|-53|-62|CG0100544|-53|-62|CG0100544|-53|-62|CG0100545|-56|-71|CG0100545|-56|-71|CG0100545|-56|-71|CG0100545|-56|-71|CG0100546|-43|-73|CG0100546|-43|-73|CG0100546|-43|-73|CG0100546|-43|-73
201|7|6|1500|8|CG0100566|-28|-72|CG0100567|-24|-75|CG0100567|-24|-75|CG0100568|-26|-73|CG0100569|-34|-73|CG0100569|-34|-73|CG0100569|-34|-73|CG0100569|-34|-73
201|7|7|1000|13|CG0100192|-20|-70|CG0100192|-20|-70|CG0100193|-21|-69|CG0100193|-21|-69|CG0100194|-21|-69|CG0100194|-21|-69|CG0100194|-21|-69|CG0100195|-31|-69|CG0100196|-28|-70|CG0100197|-35|-72|CG0100197|-35|-72|CG0100197|-35|-72|CG0100198|-23|-72
201|7|8|1000|2|CG0100561|-44|-69|CG0100562|-19|-75
201|7|9|1000|1|CG0100563|-22|-67
201|7|10|1500|12|CG0100555|-43|-68|CG0100555|-43|-68|CG0100556|-52|-58|CG0100556|-52|-58|CG0100557|-54|-44|CG0100557|-54|-44|CG0100557|-54|-44|CG0100558|-57|-46|CG0100558|-57|-46|CG0100559|-73|-42|CG0100560|-73|-21|CG0100560|-73|-21
