205|0|0|1200|4|CG0101742|-17|-68|CG0101743|-19|-68|CG0101744|-20|-67|CG0101743|-19|-68
205|0|1|1000|6|CG0101747|-13|-68|CG0101748|-13|-69|CG0101749|-19|-67|CG0101750|-13|-68|CG0101751|-13|-69|CG0101752|-13|-67
205|0|2|400|1|CG0188372|-32|-70
205|0|3|700|6|CG0102050|-19|-71|CG0102051|-20|-74|CG0102052|-20|-71|CG0102053|-23|-71|CG0102054|-22|-74|CG0102055|-22|-71
205|0|4|100|1|CG0196344|-27|-55
205|0|5|1500|22|CG0101714|-19|-66|CG0101714|-19|-66|CG0101715|-21|-83|CG0101715|-21|-83|CG0101716|-18|-66|CG0101716|-18|-66|CG0101716|-18|-66|CG0101717|-19|-66|CG0101717|-19|-66|CG0101717|-19|-66|CG0101718|-20|-68|CG0101718|-20|-68|CG0101718|-20|-68|CG0101718|-20|-68|CG0101718|-20|-68|CG0101719|-27|-67|CG0101719|-27|-67|CG0101719|-27|-67|CG0101720|-27|-66|CG0101720|-27|-66|CG0101721|-22|-66|CG0101721|-22|-66
205|0|6|1500|8|CG0101735|-18|-68|CG0101736|-17|-68|CG0101736|-17|-68|CG0101737|-17|-73|CG0101738|-19|-75|CG0101738|-19|-75|CG0101738|-19|-75|CG0101738|-19|-75
205|0|7|1000|13|CG0102091|-19|-66|CG0102091|-19|-66|CG0102092|-16|-65|CG0102092|-16|-65|CG0102093|-17|-64|CG0102093|-17|-64|CG0102093|-17|-64|CG0102094|-25|-67|CG0102095|-27|-68|CG0102096|-29|-73|CG0102096|-29|-73|CG0102096|-29|-73|CG0102097|-27|-70
205|0|8|1000|2|CG0101730|-19|-73|CG0101731|-16|-52
205|0|9|1000|1|CG0101732|-21|-70
205|0|10|1500|12|CG0101724|-22|-65|CG0101724|-22|-65|CG0101725|-28|-58|CG0101725|-28|-58|CG0101726|-30|-46|CG0101726|-30|-46|CG0101726|-30|-46|CG0101727|-35|-52|CG0101727|-35|-52|CG0101728|-44|-55|CG0101729|-52|-44|CG0101729|-52|-44
205|1|0|1200|4|CG0101783|-24|-67|CG0101784|-24|-67|CG0101785|-23|-67|CG0101784|-24|-67
205|1|1|1000|6|CG0101788|-21|-67|CG0101789|-21|-68|CG0101790|-21|-66|CG0101791|-21|-67|CG0101792|-21|-68|CG0101793|-21|-66
205|1|2|400|1|CG0188417|-17|-71
205|1|3|700|6|CG0102117|-17|-68|CG0102118|-21|-72|CG0102119|-25|-69|CG0102120|-16|-69|CG0102121|-17|-71|CG0102122|-16|-69
205|1|4|100|1|CG0196384|-26|-58
205|1|5|1500|22|CG0101755|-22|-66|CG0101755|-22|-66|CG0101756|-17|-69|CG0101756|-17|-69|CG0101757|-14|-65|CG0101757|-14|-65|CG0101757|-14|-65|CG0101758|-13|-66|CG0101758|-13|-66|CG0101758|-13|-66|CG0101759|-13|-67|CG0101759|-13|-67|CG0101759|-13|-67|CG0101759|-13|-67|CG0101759|-13|-67|CG0101760|-14|-67|CG0101760|-14|-67|CG0101760|-14|-67|CG0101761|-22|-66|CG0101761|-22|-66|CG0101762|-23|-66|CG0101762|-23|-66
205|1|6|1500|8|CG0101776|-17|-67|CG0101777|-16|-67|CG0101777|-16|-67|CG0101778|-16|-71|CG0101779|-17|-74|CG0101779|-17|-74|CG0101779|-17|-74|CG0101779|-17|-74
205|1|7|1000|13|CG0102158|-17|-66|CG0102158|-17|-66|CG0102159|-15|-64|CG0102159|-15|-64|CG0102160|-15|-63|CG0102160|-15|-63|CG0102160|-15|-63|CG0102161|-16|-66|CG0102162|-17|-69|CG0102163|-20|-74|CG0102163|-20|-74|CG0102163|-20|-74|CG0102164|-20|-69
205|1|8|1000|2|CG0101771|-17|-73|CG0101772|-24|-47
205|1|9|1000|1|CG0101773|-23|-69
205|1|10|1500|12|CG0101765|-16|-65|CG0101765|-16|-65|CG0101766|-16|-59|CG0101766|-16|-59|CG0101767|-18|-46|CG0101767|-18|-46|CG0101767|-18|-46|CG0101768|-17|-54|CG0101768|-17|-54|CG0101769|-25|-58|CG0101770|-25|-54|CG0101770|-25|-54
205|2|0|1200|4|CG0101824|-17|-67|CG0101825|-17|-68|CG0101826|-17|-68|CG0101825|-17|-68
205|2|1|1000|6|CG0101829|-17|-68|CG0101830|-17|-69|CG0101831|-17|-67|CG0101832|-17|-68|CG0101833|-17|-69|CG0101834|-17|-67
205|2|2|400|1|CG0188462|-33|-62
205|2|3|700|6|CG0102184|-22|-71|CG0102185|-21|-74|CG0102186|-21|-71|CG0102187|-22|-71|CG0102188|-21|-74|CG0102189|-21|-71
205|2|4|100|1|CG0196424|-14|-57
205|2|5|1500|22|CG0101796|-18|-67|CG0101796|-18|-67|CG0101797|-18|-67|CG0101797|-18|-67|CG0101798|-18|-66|CG0101798|-18|-66|CG0101798|-18|-66|CG0101799|-17|-67|CG0101799|-17|-67|CG0101799|-17|-67|CG0101800|-15|-67|CG0101800|-15|-67|CG0101800|-15|-67|CG0101800|-15|-67|CG0101800|-15|-67|CG0101801|-16|-67|CG0101801|-16|-67|CG0101801|-16|-67|CG0101802|-17|-67|CG0101802|-17|-67|CG0101803|-17|-67|CG0101803|-17|-67
205|2|6|1500|8|CG0101817|-17|-68|CG0101818|-17|-68|CG0101818|-17|-68|CG0101819|-17|-73|CG0101820|-18|-75|CG0101820|-18|-75|CG0101820|-18|-75|CG0101820|-18|-75
205|2|7|1000|13|CG0102225|-18|-69|CG0102225|-18|-69|CG0102226|-21|-67|CG0102226|-21|-67|CG0102227|-22|-67|CG0102227|-22|-67|CG0102227|-22|-67|CG0102228|-19|-68|CG0102229|-12|-69|CG0102230|-6|-74|CG0102230|-6|-74|CG0102230|-6|-74|CG0102231|-13|-68
205|2|8|1000|2|CG0101812|-22|-73|CG0101813|-41|-50
205|2|9|1000|1|CG0101814|-18|-69
205|2|10|1500|12|CG0101806|-22|-65|CG0101806|-22|-65|CG0101807|-18|-58|CG0101807|-18|-58|CG0101808|-17|-46|CG0101808|-17|-46|CG0101808|-17|-46|CG0101809|-13|-52|CG0101809|-13|-52|CG0101810|-13|-49|CG0101811|-11|-47|CG0101811|-11|-47
205|3|0|1200|4|CG0101865|-19|-72|CG0101866|-19|-72|CG0101867|-19|-72|CG0101866|-19|-72
205|3|1|1000|6|CG0101870|-19|-72|CG0101871|-20|-73|CG0101872|-19|-71|CG0101873|-21|-72|CG0101874|-19|-73|CG0101875|-19|-71
205|3|2|400|1|CG0188507|-36|-53
205|3|3|700|6|CG0102251|-30|-71|CG0102252|-29|-75|CG0102253|-28|-72|CG0102254|-29|-72|CG0102255|-29|-74|CG0102256|-28|-72
205|3|4|100|1|CG0196464|-10|-51
205|3|5|1500|22|CG0101837|-20|-72|CG0101837|-20|-72|CG0101838|-20|-71|CG0101838|-20|-71|CG0101839|-20|-71|CG0101839|-20|-71|CG0101839|-20|-71|CG0101840|-19|-71|CG0101840|-19|-71|CG0101840|-19|-71|CG0101841|-17|-71|CG0101841|-17|-71|CG0101841|-17|-71|CG0101841|-17|-71|CG0101841|-17|-71|CG0101842|-21|-71|CG0101842|-21|-71|CG0101842|-21|-71|CG0101843|-19|-71|CG0101843|-19|-71|CG0101844|-19|-71|CG0101844|-19|-71
205|3|6|1500|8|CG0101858|-18|-72|CG0101859|-19|-72|CG0101859|-19|-72|CG0101860|-13|-73|CG0101861|-14|-73|CG0101861|-14|-73|CG0101861|-14|-73|CG0101861|-14|-73
205|3|7|1000|13|CG0102292|-19|-73|CG0102292|-19|-73|CG0102293|-22|-72|CG0102293|-22|-72|CG0102294|-27|-72|CG0102294|-27|-72|CG0102294|-27|-72|CG0102295|-20|-71|CG0102296|-15|-71|CG0102297|-13|-73|CG0102297|-13|-73|CG0102297|-13|-73|CG0102298|-13|-71
205|3|8|1000|2|CG0101853|-19|-69|CG0101854|-49|-59
205|3|9|1000|1|CG0101855|-16|-68
205|3|10|1500|12|CG0101847|-24|-68|CG0101847|-24|-68|CG0101848|-17|-58|CG0101848|-17|-58|CG0101849|-19|-44|CG0101849|-19|-44|CG0101849|-19|-44|CG0101850|-14|-45|CG0101850|-14|-45|CG0101851|-11|-33|CG0101852|-10|-24|CG0101852|-10|-24
205|4|0|1200|4|CG0101906|-16|-74|CG0101907|-17|-74|CG0101908|-17|-74|CG0101907|-17|-74
205|4|1|1000|6|CG0101911|-17|-74|CG0101912|-17|-75|CG0101913|-17|-73|CG0101914|-17|-74|CG0101915|-17|-75|CG0101916|-17|-73
205|4|2|400|1|CG0188552|-25|-51
205|4|3|700|6|CG0102318|-20|-69|CG0102319|-21|-73|CG0102320|-21|-70|CG0102321|-20|-70|CG0102322|-21|-72|CG0102323|-20|-70
205|4|4|100|1|CG0196504|-21|-46
205|4|5|1500|22|CG0101878|-18|-74|CG0101878|-18|-74|CG0101879|-32|-74|CG0101879|-32|-74|CG0101880|-18|-73|CG0101880|-18|-73|CG0101880|-18|-73|CG0101881|-17|-72|CG0101881|-17|-72|CG0101881|-17|-72|CG0101882|-16|-72|CG0101882|-16|-72|CG0101882|-16|-72|CG0101882|-16|-72|CG0101882|-16|-72|CG0101883|-25|-72|CG0101883|-25|-72|CG0101883|-25|-72|CG0101884|-28|-73|CG0101884|-28|-73|CG0101885|-28|-73|CG0101885|-28|-73
205|4|6|1500|8|CG0101899|-17|-74|CG0101900|-17|-74|CG0101900|-17|-74|CG0101901|-17|-71|CG0101902|-18|-68|CG0101902|-18|-68|CG0101902|-18|-68|CG0101902|-18|-68
205|4|7|1000|13|CG0102359|-20|-73|CG0102359|-20|-73|CG0102360|-28|-74|CG0102360|-28|-74|CG0102361|-31|-74|CG0102361|-31|-74|CG0102361|-31|-74|CG0102362|-19|-71|CG0102363|-12|-70|CG0102364|-13|-69|CG0102364|-13|-69|CG0102364|-13|-69|CG0102365|-13|-72
205|4|8|1000|2|CG0101894|-22|-65|CG0101895|-39|-69
205|4|9|1000|1|CG0101896|-19|-65
205|4|10|1500|12|CG0101888|-22|-73|CG0101888|-22|-73|CG0101889|-17|-61|CG0101889|-17|-61|CG0101890|-17|-45|CG0101890|-17|-45|CG0101890|-17|-45|CG0101891|-13|-44|CG0101891|-13|-44|CG0101892|-13|-18|CG0101893|-12|-10|CG0101893|-12|-10
205|5|0|1200|4|CG0101947|-17|-73|CG0101948|-16|-73|CG0101949|-15|-73|CG0101948|-16|-73
205|5|1|1000|6|CG0101952|-16|-73|CG0101953|-16|-75|CG0101954|-16|-72|CG0101955|-16|-73|CG0101956|-16|-75|CG0101957|-16|-72
205|5|2|400|1|CG0188597|-19|-60
205|5|3|700|6|CG0102385|-19|-69|CG0102386|-16|-72|CG0102387|-16|-69|CG0102388|-16|-69|CG0102389|-21|-71|CG0102390|-24|-69
205|5|4|100|1|CG0196544|-24|-45
205|5|5|1500|22|CG0101919|-13|-73|CG0101919|-13|-73|CG0101920|-39|-74|CG0101920|-39|-74|CG0101921|-20|-73|CG0101921|-20|-73|CG0101921|-20|-73|CG0101922|-27|-72|CG0101922|-27|-72|CG0101922|-27|-72|CG0101923|-13|-71|CG0101923|-13|-71|CG0101923|-13|-71|CG0101923|-13|-71|CG0101923|-13|-71|CG0101924|-16|-71|CG0101924|-16|-71|CG0101924|-16|-71|CG0101925|-22|-72|CG0101925|-22|-72|CG0101926|-26|-73|CG0101926|-26|-73
205|5|6|1500|8|CG0101940|-16|-73|CG0101941|-16|-73|CG0101941|-16|-73|CG0101942|-16|-71|CG0101943|-16|-68|CG0101943|-16|-68|CG0101943|-16|-68|CG0101943|-16|-68
205|5|7|1000|13|CG0102426|-23|-73|CG0102426|-23|-73|CG0102427|-22|-75|CG0102427|-22|-75|CG0102428|-19|-75|CG0102428|-19|-75|CG0102428|-19|-75|CG0102429|-18|-71|CG0102430|-16|-68|CG0102431|-16|-66|CG0102431|-16|-66|CG0102431|-16|-66|CG0102432|-16|-70
205|5|8|1000|2|CG0101935|-16|-64|CG0101936|-18|-73
205|5|9|1000|1|CG0101937|-17|-64
205|5|10|1500|12|CG0101929|-16|-73|CG0101929|-16|-73|CG0101930|-16|-59|CG0101930|-16|-59|CG0101931|-16|-43|CG0101931|-16|-43|CG0101931|-16|-43|CG0101932|-17|-40|CG0101932|-17|-40|CG0101933|-25|-15|CG0101934|-17|-10|CG0101934|-17|-10
205|6|0|1200|4|CG0101988|-14|-74|CG0101989|-14|-74|CG0101990|-14|-74|CG0101989|-14|-74
205|6|1|1000|6|CG0101993|-13|-74|CG0101994|-13|-75|CG0101995|-13|-73|CG0101996|-13|-74|CG0101997|-13|-75|CG0101998|-20|-73
205|6|2|400|1|CG0188642|-38|-63
205|6|3|700|6|CG0102452|-21|-69|CG0102453|-22|-73|CG0102454|-23|-70|CG0102455|-23|-70|CG0102456|-23|-72|CG0102457|-21|-70
205|6|4|100|1|CG0196584|-20|-48
205|6|5|1500|22|CG0101960|-20|-73|CG0101960|-20|-73|CG0101961|-23|-86|CG0101961|-23|-86|CG0101962|-33|-73|CG0101962|-33|-73|CG0101962|-33|-73|CG0101963|-31|-72|CG0101963|-31|-72|CG0101963|-31|-72|CG0101964|-30|-72|CG0101964|-30|-72|CG0101964|-30|-72|CG0101964|-30|-72|CG0101964|-30|-72|CG0101965|-29|-72|CG0101965|-29|-72|CG0101965|-29|-72|CG0101966|-28|-72|CG0101966|-28|-72|CG0101967|-21|-73|CG0101967|-21|-73
205|6|6|1500|8|CG0101981|-19|-74|CG0101982|-17|-74|CG0101982|-17|-74|CG0101983|-19|-71|CG0101984|-20|-68|CG0101984|-20|-68|CG0101984|-20|-68|CG0101984|-20|-68
205|6|7|1000|13|CG0102493|-15|-73|CG0102493|-15|-73|CG0102494|-17|-74|CG0102494|-17|-74|CG0102495|-20|-74|CG0102495|-20|-74|CG0102495|-20|-74|CG0102496|-19|-71|CG0102497|-30|-69|CG0102498|-25|-68|CG0102498|-25|-68|CG0102498|-25|-68|CG0102499|-21|-71
205|6|8|1000|2|CG0101976|-21|-65|CG0101977|-22|-69
205|6|9|1000|1|CG0101978|-20|-65
205|6|10|1500|12|CG0101970|-16|-73|CG0101970|-16|-73|CG0101971|-23|-61|CG0101971|-23|-61|CG0101972|-25|-45|CG0101972|-25|-45|CG0101972|-25|-45|CG0101973|-26|-44|CG0101973|-26|-44|CG0101974|-52|-25|CG0101975|-58|-13|CG0101975|-58|-13
205|7|0|1200|4|CG0102029|-12|-72|CG0102030|-12|-72|CG0102031|-13|-72|CG0102030|-12|-72
205|7|1|1000|6|CG0102034|-13|-72|CG0102035|-13|-73|CG0102036|-19|-71|CG0102037|-13|-72|CG0102038|-13|-73|CG0102039|-21|-71
205|7|2|400|1|CG0188687|-44|-60
205|7|3|700|6|CG0102519|-20|-71|CG0102520|-20|-75|CG0102521|-25|-72|CG0102522|-20|-72|CG0102523|-22|-74|CG0102524|-25|-72
205|7|4|100|1|CG0196624|-25|-51
205|7|5|1500|22|CG0102001|-21|-70|CG0102001|-21|-70|CG0102002|-18|-89|CG0102002|-18|-89|CG0102003|-28|-70|CG0102003|-28|-70|CG0102003|-28|-70|CG0102004|-33|-70|CG0102004|-33|-70|CG0102004|-33|-70|CG0102005|-33|-70|CG0102005|-33|-70|CG0102005|-33|-70|CG0102005|-33|-70|CG0102005|-33|-70|CG0102006|-34|-70|CG0102006|-34|-70|CG0102006|-34|-70|CG0102007|-29|-70|CG0102007|-29|-70|CG0102008|-24|-70|CG0102008|-24|-70
205|7|6|1500|8|CG0102022|-17|-72|CG0102023|-22|-72|CG0102023|-22|-72|CG0102024|-22|-73|CG0102025|-23|-73|CG0102025|-23|-73|CG0102025|-23|-73|CG0102025|-23|-73
205|7|7|1000|13|CG0102560|-20|-70|CG0102560|-20|-70|CG0102561|-21|-69|CG0102561|-21|-69|CG0102562|-21|-69|CG0102562|-21|-69|CG0102562|-21|-69|CG0102563|-31|-69|CG0102564|-28|-70|CG0102565|-35|-72|CG0102565|-35|-72|CG0102565|-35|-72|CG0102566|-23|-72
205|7|8|1000|2|CG0102017|-22|-69|CG0102018|-19|-59
205|7|9|1000|1|CG0102019|-20|-67
205|7|10|1500|12|CG0102011|-27|-68|CG0102011|-27|-68|CG0102012|-36|-58|CG0102012|-36|-58|CG0102013|-37|-44|CG0102013|-37|-44|CG0102013|-37|-44|CG0102014|-42|-46|CG0102014|-42|-46|CG0102015|-59|-42|CG0102016|-73|-21|CG0102016|-73|-21
