195|0|0|1200|4|CG0097876|-20|-68|CG0097877|-17|-68|CG0097878|-14|-67|CG0097877|-17|-68
195|0|1|1000|6|CG0097881|-21|-68|CG0097882|-21|-69|CG0097883|-21|-67|CG0097884|-21|-68|CG0097885|-21|-69|CG0097886|-21|-67
195|0|2|400|1|CG0188372|-32|-70
195|0|3|700|6|CG0097850|-19|-71|CG0097851|-20|-74|CG0097852|-20|-71|CG0097853|-23|-71|CG0097854|-22|-74|CG0097855|-22|-71
195|0|4|100|1|CG0196344|-27|-55
195|0|5|1200|36|CG0097842|-15|-67|CG0097842|-15|-67|CG0097842|-15|-67|CG0097842|-15|-67|CG0097843|-16|-66|CG0097843|-16|-66|CG0097843|-16|-66|CG0097843|-16|-66|CG0097843|-16|-66|CG0097843|-16|-66|CG0097844|-17|-65|CG0097844|-17|-65|CG0097844|-17|-65|CG0097844|-17|-65|CG0097844|-17|-65|CG0097844|-17|-65|CG0097845|-19|-68|CG0097845|-19|-68|CG0097846|-34|-76|CG0097846|-34|-76|CG0097847|-52|-75|CG0097847|-52|-75|CG0097847|-52|-75|CG0097847|-52|-75|CG0097847|-52|-75|CG0097847|-52|-75|CG0097847|-52|-75|CG0097847|-52|-75|CG0097848|-36|-76|CG0097848|-36|-76|CG0097848|-36|-76|CG0097848|-36|-76|CG0097849|-26|-71|CG0097849|-26|-71|CG0097849|-26|-71|CG0097849|-26|-71
195|0|6|1500|8|CG0097869|-18|-74|CG0097870|-17|-80|CG0097870|-17|-80|CG0097871|-20|-78|CG0097872|-23|-75|CG0097872|-23|-75|CG0097872|-23|-75|CG0097872|-23|-75
195|0|7|1000|13|CG0097355|-19|-66|CG0097355|-19|-66|CG0097356|-16|-65|CG0097356|-16|-65|CG0097357|-17|-64|CG0097357|-17|-64|CG0097357|-17|-64|CG0097358|-25|-67|CG0097359|-27|-68|CG0097360|-29|-73|CG0097360|-29|-73|CG0097360|-29|-73|CG0097361|-27|-70
195|0|8|1000|2|CG0097864|-23|-73|CG0097865|-16|-65
195|0|9|1000|1|CG0097866|-43|-70
195|0|10|1500|12|CG0097858|-37|-65|CG0097858|-37|-65|CG0097859|-42|-58|CG0097859|-42|-58|CG0097860|-44|-46|CG0097860|-44|-46|CG0097860|-44|-46|CG0097861|-45|-52|CG0097861|-45|-52|CG0097862|-59|-55|CG0097863|-64|-44|CG0097863|-64|-44
195|1|0|1200|4|CG0097923|-16|-67|CG0097924|-16|-67|CG0097925|-17|-67|CG0097924|-16|-67
195|1|1|1000|6|CG0097928|-16|-67|CG0097929|-16|-68|CG0097930|-16|-66|CG0097931|-16|-67|CG0097932|-16|-68|CG0097933|-16|-66
195|1|2|400|1|CG0188417|-17|-71
195|1|3|700|6|CG0097897|-17|-68|CG0097898|-21|-72|CG0097899|-25|-69|CG0097900|-16|-69|CG0097901|-17|-71|CG0097902|-16|-69
195|1|4|100|1|CG0196384|-26|-58
195|1|5|1200|36|CG0097889|-17|-66|CG0097889|-17|-66|CG0097889|-17|-66|CG0097889|-17|-66|CG0097890|-16|-65|CG0097890|-16|-65|CG0097890|-16|-65|CG0097890|-16|-65|CG0097890|-16|-65|CG0097890|-16|-65|CG0097891|-18|-65|CG0097891|-18|-65|CG0097891|-18|-65|CG0097891|-18|-65|CG0097891|-18|-65|CG0097891|-18|-65|CG0097892|-13|-68|CG0097892|-13|-68|CG0097893|-14|-73|CG0097893|-14|-73|CG0097894|-23|-80|CG0097894|-23|-80|CG0097894|-23|-80|CG0097894|-23|-80|CG0097894|-23|-80|CG0097894|-23|-80|CG0097894|-23|-80|CG0097894|-23|-80|CG0097895|-17|-76|CG0097895|-17|-76|CG0097895|-17|-76|CG0097895|-17|-76|CG0097896|-17|-69|CG0097896|-17|-69|CG0097896|-17|-69|CG0097896|-17|-69
195|1|6|1500|8|CG0097916|-16|-76|CG0097917|-16|-81|CG0097917|-16|-81|CG0097918|-16|-81|CG0097919|-17|-77|CG0097919|-17|-77|CG0097919|-17|-77|CG0097919|-17|-77
195|1|7|1000|13|CG0097422|-17|-66|CG0097422|-17|-66|CG0097423|-15|-64|CG0097423|-15|-64|CG0097424|-15|-63|CG0097424|-15|-63|CG0097424|-15|-63|CG0097425|-16|-66|CG0097426|-17|-69|CG0097427|-20|-74|CG0097427|-20|-74|CG0097427|-20|-74|CG0097428|-20|-69
195|1|8|1000|2|CG0097911|-17|-73|CG0097912|-23|-61
195|1|9|1000|1|CG0097913|-44|-69
195|1|10|1500|12|CG0097905|-16|-65|CG0097905|-16|-65|CG0097906|-16|-59|CG0097906|-16|-59|CG0097907|-18|-46|CG0097907|-18|-46|CG0097907|-18|-46|CG0097908|-17|-54|CG0097908|-17|-54|CG0097909|-16|-58|CG0097910|-24|-54|CG0097910|-24|-54
195|2|0|1200|4|CG0097970|-17|-67|CG0097971|-17|-68|CG0097972|-17|-68|CG0097971|-17|-68
195|2|1|1000|6|CG0097975|-17|-68|CG0097976|-17|-69|CG0097977|-17|-67|CG0097978|-17|-68|CG0097979|-17|-69|CG0097980|-17|-67
195|2|2|400|1|CG0188462|-33|-62
195|2|3|700|6|CG0097944|-22|-71|CG0097945|-21|-74|CG0097946|-21|-71|CG0097947|-22|-71|CG0097948|-21|-74|CG0097949|-21|-71
195|2|4|100|1|CG0196424|-14|-57
195|2|5|1200|36|CG0097936|-17|-68|CG0097936|-17|-68|CG0097936|-17|-68|CG0097936|-17|-68|CG0097937|-26|-67|CG0097937|-26|-67|CG0097937|-26|-67|CG0097937|-26|-67|CG0097937|-26|-67|CG0097937|-26|-67|CG0097938|-32|-66|CG0097938|-32|-66|CG0097938|-32|-66|CG0097938|-32|-66|CG0097938|-32|-66|CG0097938|-32|-66|CG0097939|-17|-68|CG0097939|-17|-68|CG0097940|-10|-74|CG0097940|-10|-74|CG0097941|-12|-79|CG0097941|-12|-79|CG0097941|-12|-79|CG0097941|-12|-79|CG0097941|-12|-79|CG0097941|-12|-79|CG0097941|-12|-79|CG0097941|-12|-79|CG0097942|-12|-75|CG0097942|-12|-75|CG0097942|-12|-75|CG0097942|-12|-75|CG0097943|-13|-70|CG0097943|-13|-70|CG0097943|-13|-70|CG0097943|-13|-70
195|2|6|1500|8|CG0097963|-17|-72|CG0097964|-17|-79|CG0097964|-17|-79|CG0097965|-17|-78|CG0097966|-18|-75|CG0097966|-18|-75|CG0097966|-18|-75|CG0097966|-18|-75
195|2|7|1000|13|CG0097489|-18|-69|CG0097489|-18|-69|CG0097490|-21|-67|CG0097490|-21|-67|CG0097491|-22|-67|CG0097491|-22|-67|CG0097491|-22|-67|CG0097492|-19|-68|CG0097493|-12|-69|CG0097494|-6|-74|CG0097494|-6|-74|CG0097494|-6|-74|CG0097495|-13|-68
195|2|8|1000|2|CG0097958|-22|-73|CG0097959|-41|-62
195|2|9|1000|1|CG0097960|-21|-69
195|2|10|1500|12|CG0097952|-22|-65|CG0097952|-22|-65|CG0097953|-18|-59|CG0097953|-18|-59|CG0097954|-17|-46|CG0097954|-17|-46|CG0097954|-17|-46|CG0097955|-13|-52|CG0097955|-13|-52|CG0097956|-13|-49|CG0097957|-11|-47|CG0097957|-11|-47
195|3|0|1200|4|CG0098017|-19|-72|CG0098018|-19|-72|CG0098019|-19|-72|CG0098018|-19|-72
195|3|1|1000|6|CG0098022|-19|-72|CG0098023|-20|-73|CG0098024|-20|-71|CG0098025|-21|-72|CG0098026|-19|-73|CG0098027|-19|-71
195|3|2|400|1|CG0188507|-36|-53
195|3|3|700|6|CG0097991|-30|-71|CG0097992|-29|-75|CG0097993|-28|-72|CG0097994|-29|-72|CG0097995|-29|-74|CG0097996|-28|-72
195|3|4|100|1|CG0196464|-10|-51
195|3|5|1200|36|CG0097983|-19|-72|CG0097983|-19|-72|CG0097983|-19|-72|CG0097983|-19|-72|CG0097984|-28|-72|CG0097984|-28|-72|CG0097984|-28|-72|CG0097984|-28|-72|CG0097984|-28|-72|CG0097984|-28|-72|CG0097985|-27|-71|CG0097985|-27|-71|CG0097985|-27|-71|CG0097985|-27|-71|CG0097985|-27|-71|CG0097985|-27|-71|CG0097986|-37|-70|CG0097986|-37|-70|CG0097987|-11|-71|CG0097987|-11|-71|CG0097988|-5|-71|CG0097988|-5|-71|CG0097988|-5|-71|CG0097988|-5|-71|CG0097988|-5|-71|CG0097988|-5|-71|CG0097988|-5|-71|CG0097988|-5|-71|CG0097989|-9|-70|CG0097989|-9|-70|CG0097989|-9|-70|CG0097989|-9|-70|CG0097990|-15|-71|CG0097990|-15|-71|CG0097990|-15|-71|CG0097990|-15|-71
195|3|6|1500|8|CG0098010|-18|-72|CG0098011|-19|-73|CG0098011|-19|-73|CG0098012|-13|-73|CG0098013|-14|-73|CG0098013|-14|-73|CG0098013|-14|-73|CG0098013|-14|-73
195|3|7|1000|13|CG0097556|-19|-73|CG0097556|-19|-73|CG0097557|-22|-72|CG0097557|-22|-72|CG0097558|-27|-72|CG0097558|-27|-72|CG0097558|-27|-72|CG0097559|-20|-71|CG0097560|-15|-71|CG0097561|-13|-73|CG0097561|-13|-73|CG0097561|-13|-73|CG0097562|-13|-71
195|3|8|1000|2|CG0098005|-19|-69|CG0098006|-49|-70
195|3|9|1000|1|CG0098007|-16|-68
195|3|10|1500|12|CG0097999|-24|-68|CG0097999|-24|-68|CG0098000|-17|-58|CG0098000|-17|-58|CG0098001|-19|-44|CG0098001|-19|-44|CG0098001|-19|-44|CG0098002|-14|-45|CG0098002|-14|-45|CG0098003|-11|-33|CG0098004|-10|-24|CG0098004|-10|-24
195|4|0|1200|4|CG0098064|-18|-74|CG0098065|-18|-74|CG0098066|-18|-74|CG0098065|-18|-74
195|4|1|1000|6|CG0098069|-20|-74|CG0098070|-20|-75|CG0098071|-20|-73|CG0098072|-20|-74|CG0098073|-20|-75|CG0098074|-20|-73
195|4|2|400|1|CG0188552|-25|-51
195|4|3|700|6|CG0098038|-24|-69|CG0098039|-24|-73|CG0098040|-24|-70|CG0098041|-24|-70|CG0098042|-24|-72|CG0098043|-24|-70
195|4|4|100|1|CG0196504|-21|-46
195|4|5|1200|36|CG0098030|-18|-73|CG0098030|-18|-73|CG0098030|-18|-73|CG0098030|-18|-73|CG0098031|-18|-74|CG0098031|-18|-74|CG0098031|-18|-74|CG0098031|-18|-74|CG0098031|-18|-74|CG0098031|-18|-74|CG0098032|-18|-72|CG0098032|-18|-72|CG0098032|-18|-72|CG0098032|-18|-72|CG0098032|-18|-72|CG0098032|-18|-72|CG0098033|-34|-71|CG0098033|-34|-71|CG0098034|-13|-66|CG0098034|-13|-66|CG0098035|-11|-57|CG0098035|-11|-57|CG0098035|-11|-57|CG0098035|-11|-57|CG0098035|-11|-57|CG0098035|-11|-57|CG0098035|-11|-57|CG0098035|-11|-57|CG0098036|-11|-64|CG0098036|-11|-64|CG0098036|-11|-64|CG0098036|-11|-64|CG0098037|-16|-70|CG0098037|-16|-70|CG0098037|-16|-70|CG0098037|-16|-70
195|4|6|1500|8|CG0098057|-17|-74|CG0098058|-17|-74|CG0098058|-17|-74|CG0098059|-17|-71|CG0098060|-18|-68|CG0098060|-18|-68|CG0098060|-18|-68|CG0098060|-18|-68
195|4|7|1000|13|CG0097623|-20|-73|CG0097623|-20|-73|CG0097624|-28|-74|CG0097624|-28|-74|CG0097625|-31|-74|CG0097625|-31|-74|CG0097625|-31|-74|CG0097626|-19|-71|CG0097627|-12|-70|CG0097628|-13|-69|CG0097628|-13|-69|CG0097628|-13|-69|CG0097629|-13|-72
195|4|8|1000|2|CG0098052|-22|-65|CG0098053|-39|-78
195|4|9|1000|1|CG0098054|-15|-65
195|4|10|1500|12|CG0098046|-22|-73|CG0098046|-22|-73|CG0098047|-17|-61|CG0098047|-17|-61|CG0098048|-17|-45|CG0098048|-17|-45|CG0098048|-17|-45|CG0098049|-13|-44|CG0098049|-13|-44|CG0098050|-13|-18|CG0098051|-12|-10|CG0098051|-12|-10
195|5|0|1200|4|CG0098111|-17|-73|CG0098112|-16|-73|CG0098113|-17|-73|CG0098112|-16|-73
195|5|1|1000|6|CG0098116|-16|-73|CG0098117|-16|-75|CG0098118|-16|-72|CG0098119|-16|-73|CG0098120|-16|-75|CG0098121|-16|-72
195|5|2|400|1|CG0188597|-19|-60
195|5|3|700|6|CG0098085|-18|-69|CG0098086|-19|-72|CG0098087|-18|-69|CG0098088|-19|-69|CG0098089|-19|-71|CG0098090|-18|-69
195|5|4|100|1|CG0196544|-24|-45
195|5|5|1200|36|CG0098077|-36|-73|CG0098077|-36|-73|CG0098077|-36|-73|CG0098077|-36|-73|CG0098078|-22|-76|CG0098078|-22|-76|CG0098078|-22|-76|CG0098078|-22|-76|CG0098078|-22|-76|CG0098078|-22|-76|CG0098079|-22|-72|CG0098079|-22|-72|CG0098079|-22|-72|CG0098079|-22|-72|CG0098079|-22|-72|CG0098079|-22|-72|CG0098080|-18|-76|CG0098080|-18|-76|CG0098081|-18|-64|CG0098081|-18|-64|CG0098082|-15|-58|CG0098082|-15|-58|CG0098082|-15|-58|CG0098082|-15|-58|CG0098082|-15|-58|CG0098082|-15|-58|CG0098082|-15|-58|CG0098082|-15|-58|CG0098083|-16|-61|CG0098083|-16|-61|CG0098083|-16|-61|CG0098083|-16|-61|CG0098084|-16|-70|CG0098084|-16|-70|CG0098084|-16|-70|CG0098084|-16|-70
195|5|6|1500|8|CG0098104|-16|-73|CG0098105|-16|-73|CG0098105|-16|-73|CG0098106|-16|-71|CG0098107|-16|-68|CG0098107|-16|-68|CG0098107|-16|-68|CG0098107|-16|-68
195|5|7|1000|13|CG0097690|-23|-73|CG0097690|-23|-73|CG0097691|-22|-75|CG0097691|-22|-75|CG0097692|-19|-75|CG0097692|-19|-75|CG0097692|-19|-75|CG0097693|-18|-71|CG0097694|-16|-68|CG0097695|-16|-66|CG0097695|-16|-66|CG0097695|-16|-66|CG0097696|-16|-70
195|5|8|1000|2|CG0098099|-17|-64|CG0098100|-20|-81
195|5|9|1000|1|CG0098101|-17|-64
195|5|10|1500|12|CG0098093|-16|-73|CG0098093|-16|-73|CG0098094|-16|-59|CG0098094|-16|-59|CG0098095|-16|-43|CG0098095|-16|-43|CG0098095|-16|-43|CG0098096|-17|-40|CG0098096|-17|-40|CG0098097|-25|-15|CG0098098|-17|-10|CG0098098|-17|-10
195|6|0|1200|4|CG0098158|-33|-74|CG0098159|-35|-74|CG0098160|-37|-74|CG0098159|-35|-74
195|6|1|1000|6|CG0098163|-29|-74|CG0098164|-29|-75|CG0098165|-29|-73|CG0098166|-29|-74|CG0098167|-29|-75|CG0098168|-29|-73
195|6|2|400|1|CG0188642|-38|-63
195|6|3|700|6|CG0098132|-26|-69|CG0098133|-27|-73|CG0098134|-27|-70|CG0098135|-26|-70|CG0098136|-26|-72|CG0098137|-27|-70
195|6|4|100|1|CG0196584|-20|-48
195|6|5|1200|36|CG0098124|-44|-73|CG0098124|-44|-73|CG0098124|-44|-73|CG0098124|-44|-73|CG0098125|-20|-73|CG0098125|-20|-73|CG0098125|-20|-73|CG0098125|-20|-73|CG0098125|-20|-73|CG0098125|-20|-73|CG0098126|-21|-72|CG0098126|-21|-72|CG0098126|-21|-72|CG0098126|-21|-72|CG0098126|-21|-72|CG0098126|-21|-72|CG0098127|-22|-76|CG0098127|-22|-76|CG0098128|-60|-67|CG0098128|-60|-67|CG0098129|-30|-59|CG0098129|-30|-59|CG0098129|-30|-59|CG0098129|-30|-59|CG0098129|-30|-59|CG0098129|-30|-59|CG0098129|-30|-59|CG0098129|-30|-59|CG0098130|-44|-64|CG0098130|-44|-64|CG0098130|-44|-64|CG0098130|-44|-64|CG0098131|-34|-72|CG0098131|-34|-72|CG0098131|-34|-72|CG0098131|-34|-72
195|6|6|1500|8|CG0098151|-24|-74|CG0098152|-17|-74|CG0098152|-17|-74|CG0098153|-19|-71|CG0098154|-26|-68|CG0098154|-26|-68|CG0098154|-26|-68|CG0098154|-26|-68
195|6|7|1000|13|CG0097757|-15|-73|CG0097757|-15|-73|CG0097758|-17|-74|CG0097758|-17|-74|CG0097759|-20|-74|CG0097759|-20|-74|CG0097759|-20|-74|CG0097760|-19|-71|CG0097761|-30|-69|CG0097762|-25|-68|CG0097762|-25|-68|CG0097762|-25|-68|CG0097763|-21|-71
195|6|8|1000|2|CG0098146|-39|-65|CG0098147|-22|-81
195|6|9|1000|1|CG0098148|-20|-65
195|6|10|1500|12|CG0098140|-25|-73|CG0098140|-25|-73|CG0098141|-31|-61|CG0098141|-31|-61|CG0098142|-33|-45|CG0098142|-33|-45|CG0098142|-33|-45|CG0098143|-34|-44|CG0098143|-34|-44|CG0098144|-52|-25|CG0098145|-58|-13|CG0098145|-58|-13
195|7|0|1200|4|CG0098205|-37|-72|CG0098206|-36|-72|CG0098207|-35|-72|CG0098206|-36|-72
195|7|1|1000|6|CG0098210|-34|-72|CG0098211|-35|-73|CG0098212|-35|-71|CG0098213|-34|-72|CG0098214|-35|-73|CG0098215|-35|-71
195|7|2|400|1|CG0188687|-44|-60
195|7|3|700|6|CG0098179|-28|-71|CG0098180|-28|-75|CG0098181|-28|-72|CG0098182|-28|-72|CG0098183|-29|-74|CG0098184|-28|-72
195|7|4|100|1|CG0196624|-25|-51
195|7|5|1200|36|CG0098171|-27|-71|CG0098171|-27|-71|CG0098171|-27|-71|CG0098171|-27|-71|CG0098172|-16|-69|CG0098172|-16|-69|CG0098172|-16|-69|CG0098172|-16|-69|CG0098172|-16|-69|CG0098172|-16|-69|CG0098173|-13|-69|CG0098173|-13|-69|CG0098173|-13|-69|CG0098173|-13|-69|CG0098173|-13|-69|CG0098173|-13|-69|CG0098174|-18|-71|CG0098174|-18|-71|CG0098175|-65|-73|CG0098175|-65|-73|CG0098176|-53|-62|CG0098176|-53|-62|CG0098176|-53|-62|CG0098176|-53|-62|CG0098176|-53|-62|CG0098176|-53|-62|CG0098176|-53|-62|CG0098176|-53|-62|CG0098177|-56|-71|CG0098177|-56|-71|CG0098177|-56|-71|CG0098177|-56|-71|CG0098178|-43|-73|CG0098178|-43|-73|CG0098178|-43|-73|CG0098178|-43|-73
195|7|6|1500|8|CG0098198|-28|-72|CG0098199|-24|-75|CG0098199|-24|-75|CG0098200|-26|-73|CG0098201|-34|-73|CG0098201|-34|-73|CG0098201|-34|-73|CG0098201|-34|-73
195|7|7|1000|13|CG0097824|-20|-70|CG0097824|-20|-70|CG0097825|-21|-69|CG0097825|-21|-69|CG0097826|-21|-69|CG0097826|-21|-69|CG0097826|-21|-69|CG0097827|-31|-69|CG0097828|-28|-70|CG0097829|-35|-72|CG0097829|-35|-72|CG0097829|-35|-72|CG0097830|-23|-72
195|7|8|1000|2|CG0098193|-44|-69|CG0098194|-19|-75
195|7|9|1000|1|CG0098195|-22|-67
195|7|10|1500|12|CG0098187|-43|-68|CG0098187|-43|-68|CG0098188|-52|-58|CG0098188|-52|-58|CG0098189|-54|-44|CG0098189|-54|-44|CG0098189|-54|-44|CG0098190|-57|-46|CG0098190|-57|-46|CG0098191|-73|-42|CG0098192|-73|-21|CG0098192|-73|-21
