260|0|0|1200|4|CG0123200|-15|-71|CG0123201|-15|-71|CG0123202|-15|-71|CG0123201|-15|-71
260|0|1|1000|6|CG0123212|-19|-72|CG0123213|-14|-73|CG0123214|-21|-70|CG0123215|-14|-72|CG0123216|-19|-73|CG0123217|-23|-70
260|0|2|400|1|CG0188372|-32|-70
260|0|3|600|6|CG0123162|-28|-72|CG0123163|-25|-75|CG0123164|-19|-73|CG0123165|-23|-72|CG0123166|-25|-75|CG0123167|-27|-73
260|0|4|100|1|CG0196344|-27|-55
260|0|5|1300|38|CG0123154|-24|-72|CG0123154|-24|-72|CG0123154|-24|-72|CG0123154|-24|-72|CG0123155|-22|-72|CG0123155|-22|-72|CG0123155|-22|-72|CG0123155|-22|-72|CG0123156|-21|-73|CG0123156|-21|-73|CG0123156|-21|-73|CG0123156|-21|-73|CG0123156|-21|-73|CG0123156|-21|-73|CG0123156|-21|-73|CG0123156|-21|-73|CG0123157|-26|-74|CG0123157|-26|-74|CG0123158|-26|-76|CG0123158|-26|-76|CG0123159|-35|-76|CG0123159|-35|-76|CG0123159|-35|-76|CG0123159|-35|-76|CG0123159|-35|-76|CG0123159|-35|-76|CG0123159|-35|-76|CG0123159|-35|-76|CG0123159|-35|-76|CG0123159|-35|-76|CG0123160|-28|-75|CG0123160|-28|-75|CG0123160|-28|-75|CG0123160|-28|-75|CG0123161|-26|-73|CG0123161|-26|-73|CG0123161|-26|-73|CG0123161|-26|-73
260|0|6|1500|13|CG0123189|-21|-73|CG0123189|-21|-73|CG0123190|-17|-75|CG0123190|-17|-75|CG0123190|-17|-75|CG0123190|-17|-75|CG0123191|-20|-72|CG0123191|-20|-72|CG0123192|-21|-71|CG0123192|-21|-71|CG0123192|-21|-71|CG0123192|-21|-71|CG0123192|-21|-71
260|0|7|1200|12|CG0123203|-24|-70|CG0123203|-24|-70|CG0123204|-24|-69|CG0123204|-24|-69|CG0123205|-18|-68|CG0123205|-18|-68|CG0123205|-18|-68|CG0123206|-32|-69|CG0123206|-32|-69|CG0123207|-36|-73|CG0123208|-47|-74|CG0123208|-47|-74
260|0|8|1000|2|CG0123180|-24|-73|CG0123181|-19|-51
260|0|9|1000|1|CG0123186|-27|-68
260|0|10|1500|16|CG0123174|-13|-72|CG0123174|-13|-72|CG0123175|-9|-64|CG0123175|-9|-64|CG0123176|-7|-52|CG0123176|-7|-52|CG0123176|-7|-52|CG0123176|-7|-52|CG0123176|-7|-52|CG0123177|-11|-48|CG0123177|-11|-48|CG0123178|-26|-51|CG0123178|-26|-51|CG0123179|-49|-34|CG0123179|-49|-34|CG0123179|-49|-34
260|1|0|1200|4|CG0123266|-21|-71|CG0123267|-21|-71|CG0123268|-20|-71|CG0123267|-21|-71
260|1|1|1000|6|CG0123278|-17|-71|CG0123279|-17|-73|CG0123280|-17|-70|CG0123281|-17|-71|CG0123282|-17|-72|CG0123283|-17|-70
260|1|2|400|1|CG0188417|-17|-71
260|1|3|600|6|CG0123228|-27|-73|CG0123229|-20|-75|CG0123230|-17|-73|CG0123231|-19|-73|CG0123232|-28|-75|CG0123233|-33|-73
260|1|4|100|1|CG0196384|-26|-58
260|1|5|1300|38|CG0123220|-19|-71|CG0123220|-19|-71|CG0123220|-19|-71|CG0123220|-19|-71|CG0123221|-19|-72|CG0123221|-19|-72|CG0123221|-19|-72|CG0123221|-19|-72|CG0123222|-18|-74|CG0123222|-18|-74|CG0123222|-18|-74|CG0123222|-18|-74|CG0123222|-18|-74|CG0123222|-18|-74|CG0123222|-18|-74|CG0123222|-18|-74|CG0123223|-18|-74|CG0123223|-18|-74|CG0123224|-24|-76|CG0123224|-24|-76|CG0123225|-26|-78|CG0123225|-26|-78|CG0123225|-26|-78|CG0123225|-26|-78|CG0123225|-26|-78|CG0123225|-26|-78|CG0123225|-26|-78|CG0123225|-26|-78|CG0123225|-26|-78|CG0123225|-26|-78|CG0123226|-26|-75|CG0123226|-26|-75|CG0123226|-26|-75|CG0123226|-26|-75|CG0123227|-21|-73|CG0123227|-21|-73|CG0123227|-21|-73|CG0123227|-21|-73
260|1|6|1500|13|CG0123255|-17|-72|CG0123255|-17|-72|CG0123256|-17|-75|CG0123256|-17|-75|CG0123256|-17|-75|CG0123256|-17|-75|CG0123257|-17|-72|CG0123257|-17|-72|CG0123258|-17|-71|CG0123258|-17|-71|CG0123258|-17|-71|CG0123258|-17|-71|CG0123258|-17|-71
260|1|7|1200|12|CG0123269|-21|-70|CG0123269|-21|-70|CG0123270|-20|-68|CG0123270|-20|-68|CG0123271|-16|-64|CG0123271|-16|-64|CG0123271|-16|-64|CG0123272|-16|-68|CG0123272|-16|-68|CG0123273|-26|-78|CG0123274|-26|-83|CG0123274|-26|-83
260|1|8|1000|2|CG0123246|-17|-75|CG0123247|-25|-46
260|1|9|1000|1|CG0123252|-17|-70
260|1|10|1500|16|CG0123240|-17|-71|CG0123240|-17|-71|CG0123241|-19|-63|CG0123241|-19|-63|CG0123242|-21|-52|CG0123242|-21|-52|CG0123242|-21|-52|CG0123242|-21|-52|CG0123242|-21|-52|CG0123243|-23|-48|CG0123243|-23|-48|CG0123244|-27|-56|CG0123244|-27|-56|CG0123245|-22|-42|CG0123245|-22|-42|CG0123245|-22|-42
260|2|0|1200|4|CG0123332|-22|-73|CG0123333|-22|-73|CG0123334|-21|-73|CG0123333|-22|-73
260|2|1|1000|6|CG0123344|-19|-72|CG0123345|-19|-73|CG0123346|-20|-70|CG0123347|-20|-72|CG0123348|-19|-73|CG0123349|-22|-71
260|2|2|400|1|CG0188462|-33|-62
260|2|3|600|6|CG0123294|-22|-72|CG0123295|-22|-75|CG0123296|-30|-73|CG0123297|-22|-72|CG0123298|-22|-75|CG0123299|-22|-73
260|2|4|100|1|CG0196424|-14|-57
260|2|5|1300|38|CG0123286|-19|-72|CG0123286|-19|-72|CG0123286|-19|-72|CG0123286|-19|-72|CG0123287|-16|-72|CG0123287|-16|-72|CG0123287|-16|-72|CG0123287|-16|-72|CG0123288|-13|-73|CG0123288|-13|-73|CG0123288|-13|-73|CG0123288|-13|-73|CG0123288|-13|-73|CG0123288|-13|-73|CG0123288|-13|-73|CG0123288|-13|-73|CG0123289|-13|-73|CG0123289|-13|-73|CG0123290|-11|-74|CG0123290|-11|-74|CG0123291|-18|-76|CG0123291|-18|-76|CG0123291|-18|-76|CG0123291|-18|-76|CG0123291|-18|-76|CG0123291|-18|-76|CG0123291|-18|-76|CG0123291|-18|-76|CG0123291|-18|-76|CG0123291|-18|-76|CG0123292|-13|-74|CG0123292|-13|-74|CG0123292|-13|-74|CG0123292|-13|-74|CG0123293|-18|-73|CG0123293|-18|-73|CG0123293|-18|-73|CG0123293|-18|-73
260|2|6|1500|13|CG0123321|-21|-73|CG0123321|-21|-73|CG0123322|-22|-75|CG0123322|-22|-75|CG0123322|-22|-75|CG0123322|-22|-75|CG0123323|-20|-72|CG0123323|-20|-72|CG0123324|-20|-71|CG0123324|-20|-71|CG0123324|-20|-71|CG0123324|-20|-71|CG0123324|-20|-71
260|2|7|1200|12|CG0123335|-20|-71|CG0123335|-20|-71|CG0123336|-22|-68|CG0123336|-22|-68|CG0123337|-22|-63|CG0123337|-22|-63|CG0123337|-22|-63|CG0123338|-13|-65|CG0123338|-13|-65|CG0123339|-8|-77|CG0123340|-13|-81|CG0123340|-13|-81
260|2|8|1000|2|CG0123312|-25|-73|CG0123313|-35|-51
260|2|9|1000|1|CG0123318|-26|-68
260|2|10|1500|16|CG0123306|-19|-72|CG0123306|-19|-72|CG0123307|-24|-65|CG0123307|-24|-65|CG0123308|-30|-56|CG0123308|-30|-56|CG0123308|-30|-56|CG0123308|-30|-56|CG0123308|-30|-56|CG0123309|-28|-52|CG0123309|-28|-52|CG0123310|-31|-59|CG0123310|-31|-59|CG0123311|-31|-41|CG0123311|-31|-41|CG0123311|-31|-41
260|3|0|1200|4|CG0123398|-17|-75|CG0123399|-17|-75|CG0123400|-17|-74|CG0123399|-17|-75
260|3|1|1000|6|CG0123410|-18|-73|CG0123411|-17|-74|CG0123412|-24|-71|CG0123413|-18|-73|CG0123414|-18|-74|CG0123415|-23|-72
260|3|2|400|1|CG0188507|-36|-53
260|3|3|600|6|CG0123360|-23|-71|CG0123361|-22|-74|CG0123362|-33|-71|CG0123363|-21|-71|CG0123364|-22|-74|CG0123365|-32|-71
260|3|4|100|1|CG0196464|-10|-51
260|3|5|1300|38|CG0123352|-18|-73|CG0123352|-18|-73|CG0123352|-18|-73|CG0123352|-18|-73|CG0123353|-16|-72|CG0123353|-16|-72|CG0123353|-16|-72|CG0123353|-16|-72|CG0123354|-14|-72|CG0123354|-14|-72|CG0123354|-14|-72|CG0123354|-14|-72|CG0123354|-14|-72|CG0123354|-14|-72|CG0123354|-14|-72|CG0123354|-14|-72|CG0123355|-11|-71|CG0123355|-11|-71|CG0123356|-7|-71|CG0123356|-7|-71|CG0123357|-6|-71|CG0123357|-6|-71|CG0123357|-6|-71|CG0123357|-6|-71|CG0123357|-6|-71|CG0123357|-6|-71|CG0123357|-6|-71|CG0123357|-6|-71|CG0123357|-6|-71|CG0123357|-6|-71|CG0123358|-9|-72|CG0123358|-9|-72|CG0123358|-9|-72|CG0123358|-9|-72|CG0123359|-14|-73|CG0123359|-14|-73|CG0123359|-14|-73|CG0123359|-14|-73
260|3|6|1500|13|CG0123387|-16|-73|CG0123387|-16|-73|CG0123388|-17|-72|CG0123388|-17|-72|CG0123388|-17|-72|CG0123388|-17|-72|CG0123389|-17|-73|CG0123389|-17|-73|CG0123390|-18|-73|CG0123390|-18|-73|CG0123390|-18|-73|CG0123390|-18|-73|CG0123390|-18|-73
260|3|7|1200|12|CG0123401|-17|-72|CG0123401|-17|-72|CG0123402|-21|-70|CG0123402|-21|-70|CG0123403|-36|-66|CG0123403|-36|-66|CG0123403|-36|-66|CG0123404|-19|-64|CG0123404|-19|-64|CG0123405|-9|-71|CG0123406|-14|-70|CG0123406|-14|-70
260|3|8|1000|2|CG0123378|-20|-68|CG0123379|-45|-63
260|3|9|1000|1|CG0123384|-23|-61
260|3|10|1500|16|CG0123372|-17|-73|CG0123372|-17|-73|CG0123373|-22|-68|CG0123373|-22|-68|CG0123374|-29|-61|CG0123374|-29|-61|CG0123374|-29|-61|CG0123374|-29|-61|CG0123374|-29|-61|CG0123375|-29|-57|CG0123375|-29|-57|CG0123376|-30|-58|CG0123376|-30|-58|CG0123377|-29|-29|CG0123377|-29|-29|CG0123377|-29|-29
260|4|0|1200|4|CG0123464|-17|-75|CG0123465|-17|-75|CG0123466|-17|-75|CG0123465|-17|-75
260|4|1|1000|6|CG0123476|-20|-74|CG0123477|-20|-75|CG0123478|-22|-72|CG0123479|-20|-74|CG0123480|-20|-75|CG0123481|-20|-73
260|4|2|400|1|CG0188552|-25|-51
260|4|3|600|6|CG0123426|-22|-68|CG0123427|-22|-71|CG0123428|-22|-68|CG0123429|-22|-68|CG0123430|-22|-71|CG0123431|-28|-68
260|4|4|100|1|CG0196504|-21|-46
260|4|5|1300|38|CG0123418|-19|-74|CG0123418|-19|-74|CG0123418|-19|-74|CG0123418|-19|-74|CG0123419|-22|-72|CG0123419|-22|-72|CG0123419|-22|-72|CG0123419|-22|-72|CG0123420|-22|-71|CG0123420|-22|-71|CG0123420|-22|-71|CG0123420|-22|-71|CG0123420|-22|-71|CG0123420|-22|-71|CG0123420|-22|-71|CG0123420|-22|-71|CG0123421|-29|-70|CG0123421|-29|-70|CG0123422|-14|-68|CG0123422|-14|-68|CG0123423|-12|-67|CG0123423|-12|-67|CG0123423|-12|-67|CG0123423|-12|-67|CG0123423|-12|-67|CG0123423|-12|-67|CG0123423|-12|-67|CG0123423|-12|-67|CG0123423|-12|-67|CG0123423|-12|-67|CG0123424|-13|-70|CG0123424|-13|-70|CG0123424|-13|-70|CG0123424|-13|-70|CG0123425|-17|-73|CG0123425|-17|-73|CG0123425|-17|-73|CG0123425|-17|-73
260|4|6|1500|13|CG0123453|-21|-73|CG0123453|-21|-73|CG0123454|-22|-69|CG0123454|-22|-69|CG0123454|-22|-69|CG0123454|-22|-69|CG0123455|-20|-74|CG0123455|-20|-74|CG0123456|-20|-74|CG0123456|-20|-74|CG0123456|-20|-74|CG0123456|-20|-74|CG0123456|-20|-74
260|4|7|1200|12|CG0123467|-18|-73|CG0123467|-18|-73|CG0123468|-25|-73|CG0123468|-25|-73|CG0123469|-35|-72|CG0123469|-35|-72|CG0123469|-35|-72|CG0123470|-26|-64|CG0123470|-26|-64|CG0123471|-12|-61|CG0123472|-22|-54|CG0123472|-22|-54
260|4|8|1000|2|CG0123444|-25|-64|CG0123445|-34|-74
260|4|9|1000|1|CG0123450|-26|-55
260|4|10|1500|16|CG0123438|-20|-74|CG0123438|-20|-74|CG0123439|-22|-71|CG0123439|-22|-71|CG0123440|-24|-65|CG0123440|-24|-65|CG0123440|-24|-65|CG0123440|-24|-65|CG0123440|-24|-65|CG0123441|-21|-62|CG0123441|-21|-62|CG0123442|-24|-53|CG0123442|-24|-53|CG0123443|-17|-26|CG0123443|-17|-26|CG0123443|-17|-26
260|5|0|1200|4|CG0123530|-13|-74|CG0123531|-14|-74|CG0123532|-14|-74|CG0123531|-14|-74
260|5|1|1000|6|CG0123542|-17|-74|CG0123543|-17|-75|CG0123544|-17|-73|CG0123545|-17|-74|CG0123546|-17|-75|CG0123547|-17|-73
260|5|2|400|1|CG0188597|-19|-60
260|5|3|600|6|CG0123492|-22|-67|CG0123493|-28|-70|CG0123494|-33|-67|CG0123495|-28|-67|CG0123496|-22|-70|CG0123497|-17|-67
260|5|4|100|1|CG0196544|-24|-45
260|5|5|1300|38|CG0123484|-17|-74|CG0123484|-17|-74|CG0123484|-17|-74|CG0123484|-17|-74|CG0123485|-28|-73|CG0123485|-28|-73|CG0123485|-28|-73|CG0123485|-28|-73|CG0123486|-18|-71|CG0123486|-18|-71|CG0123486|-18|-71|CG0123486|-18|-71|CG0123486|-18|-71|CG0123486|-18|-71|CG0123486|-18|-71|CG0123486|-18|-71|CG0123487|-31|-70|CG0123487|-31|-70|CG0123488|-21|-67|CG0123488|-21|-67|CG0123489|-20|-66|CG0123489|-20|-66|CG0123489|-20|-66|CG0123489|-20|-66|CG0123489|-20|-66|CG0123489|-20|-66|CG0123489|-20|-66|CG0123489|-20|-66|CG0123489|-20|-66|CG0123489|-20|-66|CG0123490|-19|-69|CG0123490|-19|-69|CG0123490|-19|-69|CG0123490|-19|-69|CG0123491|-16|-72|CG0123491|-16|-72|CG0123491|-16|-72|CG0123491|-16|-72
260|5|6|1500|13|CG0123519|-17|-73|CG0123519|-17|-73|CG0123520|-17|-68|CG0123520|-17|-68|CG0123520|-17|-68|CG0123520|-17|-68|CG0123521|-17|-74|CG0123521|-17|-74|CG0123522|-17|-74|CG0123522|-17|-74|CG0123522|-17|-74|CG0123522|-17|-74|CG0123522|-17|-74
260|5|7|1200|12|CG0123533|-16|-73|CG0123533|-16|-73|CG0123534|-17|-75|CG0123534|-17|-75|CG0123535|-18|-76|CG0123535|-18|-76|CG0123535|-18|-76|CG0123536|-20|-66|CG0123536|-20|-66|CG0123537|-20|-55|CG0123538|-20|-44|CG0123538|-20|-44
260|5|8|1000|2|CG0123510|-17|-62|CG0123511|-27|-78
260|5|9|1000|1|CG0123516|-17|-53
260|5|10|1500|16|CG0123504|-17|-74|CG0123504|-17|-74|CG0123505|-17|-71|CG0123505|-17|-71|CG0123506|-16|-65|CG0123506|-16|-65|CG0123506|-16|-65|CG0123506|-16|-65|CG0123506|-16|-65|CG0123507|-14|-62|CG0123507|-14|-62|CG0123508|-16|-48|CG0123508|-16|-48|CG0123509|-14|-21|CG0123509|-14|-21|CG0123509|-14|-21
260|6|0|1200|4|CG0123596|-14|-72|CG0123597|-14|-73|CG0123598|-14|-73|CG0123597|-14|-73
260|6|1|1000|6|CG0123608|-13|-74|CG0123609|-19|-75|CG0123610|-23|-72|CG0123611|-20|-74|CG0123612|-13|-75|CG0123613|-22|-72
260|6|2|400|1|CG0188642|-38|-63
260|6|3|600|6|CG0123558|-26|-68|CG0123559|-27|-71|CG0123560|-26|-68|CG0123561|-26|-68|CG0123562|-28|-71|CG0123563|-23|-68
260|6|4|100|1|CG0196584|-20|-48
260|6|5|1300|38|CG0123550|-14|-74|CG0123550|-14|-74|CG0123550|-14|-74|CG0123550|-14|-74|CG0123551|-20|-73|CG0123551|-20|-73|CG0123551|-20|-73|CG0123551|-20|-73|CG0123552|-23|-72|CG0123552|-23|-72|CG0123552|-23|-72|CG0123552|-23|-72|CG0123552|-23|-72|CG0123552|-23|-72|CG0123552|-23|-72|CG0123552|-23|-72|CG0123553|-22|-71|CG0123553|-22|-71|CG0123554|-43|-69|CG0123554|-43|-69|CG0123555|-28|-68|CG0123555|-28|-68|CG0123555|-28|-68|CG0123555|-28|-68|CG0123555|-28|-68|CG0123555|-28|-68|CG0123555|-28|-68|CG0123555|-28|-68|CG0123555|-28|-68|CG0123555|-28|-68|CG0123556|-22|-70|CG0123556|-22|-70|CG0123556|-22|-70|CG0123556|-22|-70|CG0123557|-19|-72|CG0123557|-19|-72|CG0123557|-19|-72|CG0123557|-19|-72
260|6|6|1500|13|CG0123585|-21|-73|CG0123585|-21|-73|CG0123586|-17|-68|CG0123586|-17|-68|CG0123586|-17|-68|CG0123586|-17|-68|CG0123587|-19|-74|CG0123587|-19|-74|CG0123588|-23|-74|CG0123588|-23|-74|CG0123588|-23|-74|CG0123588|-23|-74|CG0123588|-23|-74
260|6|7|1200|12|CG0123599|-13|-72|CG0123599|-13|-72|CG0123600|-15|-75|CG0123600|-15|-75|CG0123601|-22|-76|CG0123601|-22|-76|CG0123601|-22|-76|CG0123602|-22|-68|CG0123602|-22|-68|CG0123603|-43|-56|CG0123604|-33|-46|CG0123604|-33|-46
260|6|8|1000|2|CG0123576|-24|-64|CG0123577|-23|-74
260|6|9|1000|1|CG0123582|-26|-55
260|6|10|1500|16|CG0123570|-13|-74|CG0123570|-13|-74|CG0123571|-13|-69|CG0123571|-13|-69|CG0123572|-13|-61|CG0123572|-13|-61|CG0123572|-13|-61|CG0123572|-13|-61|CG0123572|-13|-61|CG0123573|-16|-58|CG0123573|-16|-58|CG0123574|-17|-44|CG0123574|-17|-44|CG0123575|-36|-19|CG0123575|-36|-19|CG0123575|-36|-19
260|7|0|1200|4|CG0123662|-10|-71|CG0123663|-10|-71|CG0123664|-11|-71|CG0123663|-10|-71
260|7|1|1000|6|CG0123674|-13|-73|CG0123675|-12|-74|CG0123676|-23|-71|CG0123677|-13|-73|CG0123678|-13|-74|CG0123679|-24|-71
260|7|2|400|1|CG0188687|-44|-60
260|7|3|600|6|CG0123624|-19|-71|CG0123625|-19|-74|CG0123626|-23|-71|CG0123627|-19|-71|CG0123628|-21|-74|CG0123629|-25|-71
260|7|4|100|1|CG0196624|-25|-51
260|7|5|1300|38|CG0123616|-21|-72|CG0123616|-21|-72|CG0123616|-21|-72|CG0123616|-21|-72|CG0123617|-25|-73|CG0123617|-25|-73|CG0123617|-25|-73|CG0123617|-25|-73|CG0123618|-27|-73|CG0123618|-27|-73|CG0123618|-27|-73|CG0123618|-27|-73|CG0123618|-27|-73|CG0123618|-27|-73|CG0123618|-27|-73|CG0123618|-27|-73|CG0123619|-31|-73|CG0123619|-31|-73|CG0123620|-42|-73|CG0123620|-42|-73|CG0123621|-28|-72|CG0123621|-28|-72|CG0123621|-28|-72|CG0123621|-28|-72|CG0123621|-28|-72|CG0123621|-28|-72|CG0123621|-28|-72|CG0123621|-28|-72|CG0123621|-28|-72|CG0123621|-28|-72|CG0123622|-30|-72|CG0123622|-30|-72|CG0123622|-30|-72|CG0123622|-30|-72|CG0123623|-24|-73|CG0123623|-24|-73|CG0123623|-24|-73|CG0123623|-24|-73
260|7|6|1500|13|CG0123651|-17|-73|CG0123651|-17|-73|CG0123652|-20|-72|CG0123652|-20|-72|CG0123652|-20|-72|CG0123652|-20|-72|CG0123653|-21|-73|CG0123653|-21|-73|CG0123654|-24|-72|CG0123654|-24|-72|CG0123654|-24|-72|CG0123654|-24|-72|CG0123654|-24|-72
260|7|7|1200|12|CG0123665|-18|-71|CG0123665|-18|-71|CG0123666|-22|-72|CG0123666|-22|-72|CG0123667|-25|-72|CG0123667|-25|-72|CG0123667|-25|-72|CG0123668|-37|-69|CG0123668|-37|-69|CG0123669|-53|-63|CG0123670|-52|-58|CG0123670|-52|-58
260|7|8|1000|2|CG0123642|-25|-68|CG0123643|-25|-63
260|7|9|1000|1|CG0123648|-30|-61
260|7|10|1500|16|CG0123636|-10|-73|CG0123636|-10|-73|CG0123637|-11|-66|CG0123637|-11|-66|CG0123638|-11|-56|CG0123638|-11|-56|CG0123638|-11|-56|CG0123638|-11|-56|CG0123638|-11|-56|CG0123639|-15|-52|CG0123639|-15|-52|CG0123640|-22|-46|CG0123640|-22|-46|CG0123641|-55|-19|CG0123641|-55|-19|CG0123641|-55|-19
