309|0|0|1000|4|CG0142381|-18|-78|CG0142382|-18|-78|CG0142383|-18|-77|CG0142382|-18|-78
309|0|1|1000|6|CG0142386|-19|-77|CG0142387|-17|-78|CG0142388|-25|-76|CG0142389|-15|-77|CG0142390|-21|-78|CG0142391|-24|-75
309|0|2|400|1|CG0188372|-32|-70
309|0|3|650|6|CG0142356|-26|-77|CG0142357|-26|-79|CG0142358|-24|-77|CG0142359|-24|-76|CG0142360|-29|-79|CG0142361|-21|-77
309|0|4|100|1|CG0196344|-27|-55
309|0|5|1300|35|CG0142346|-27|-78|CG0142346|-27|-78|CG0142346|-27|-78|CG0142346|-27|-78|CG0142348|-25|-78|CG0142348|-25|-78|CG0142348|-25|-78|CG0142348|-25|-78|CG0142349|-25|-77|CG0142349|-25|-77|CG0142349|-25|-77|CG0142349|-25|-77|CG0142349|-25|-77|CG0142350|-29|-78|CG0142350|-29|-78|CG0142351|-37|-72|CG0142351|-37|-72|CG0142352|-55|-68|CG0142352|-55|-68|CG0142352|-55|-68|CG0142352|-55|-68|CG0142352|-55|-68|CG0142352|-55|-68|CG0142353|-41|-66|CG0142353|-41|-66|CG0142354|-40|-73|CG0142354|-40|-73|CG0142355|-30|-79|CG0142355|-30|-79|CG0142355|-30|-79|CG0142355|-30|-79|CG0142355|-30|-79|CG0142355|-30|-79|CG0142347|-31|-80|CG0142347|-31|-80
309|0|6|1000|7|CG0142375|-20|-77|CG0142375|-20|-77|CG0142375|-20|-77|CG0142375|-20|-77|CG0142376|-21|-76|CG0142377|-18|-82|CG0142377|-18|-82
309|0|7|1200|11|CG0141874|-13|-78|CG0141874|-13|-78|CG0141875|-14|-77|CG0141875|-14|-77|CG0141876|-14|-78|CG0141876|-14|-78|CG0141876|-14|-78|CG0141877|-28|-81|CG0141878|-38|-80|CG0141879|-40|-82|CG0141879|-40|-82
309|0|8|1000|2|CG0142370|-27|-74|CG0142371|-22|-65
309|0|9|1000|1|CG0142372|-34|-75
309|0|10|1500|10|CG0142364|-15|-75|CG0142364|-15|-75|CG0142365|-15|-64|CG0142366|-15|-55|CG0142367|-21|-57|CG0142367|-21|-57|CG0142367|-21|-57|CG0142368|-31|-51|CG0142369|-42|-38|CG0142369|-42|-38
309|1|0|1000|4|CG0142429|-17|-77|CG0142430|-16|-77|CG0142431|-17|-77|CG0142430|-16|-77
309|1|1|1000|6|CG0142434|-17|-76|CG0142435|-17|-77|CG0142436|-17|-75|CG0142437|-17|-77|CG0142438|-17|-78|CG0142439|-17|-75
309|1|2|400|1|CG0188417|-17|-71
309|1|3|650|6|CG0142404|-19|-77|CG0142405|-22|-80|CG0142406|-28|-78|CG0142407|-21|-77|CG0142408|-17|-80|CG0142409|-17|-77
309|1|4|100|1|CG0196384|-26|-58
309|1|5|1300|35|CG0142394|-15|-76|CG0142394|-15|-76|CG0142394|-15|-76|CG0142394|-15|-76|CG0142396|-15|-77|CG0142396|-15|-77|CG0142396|-15|-77|CG0142396|-15|-77|CG0142397|-24|-75|CG0142397|-24|-75|CG0142397|-24|-75|CG0142397|-24|-75|CG0142397|-24|-75|CG0142398|-18|-79|CG0142398|-18|-79|CG0142399|-25|-79|CG0142399|-25|-79|CG0142400|-36|-75|CG0142400|-36|-75|CG0142400|-36|-75|CG0142400|-36|-75|CG0142400|-36|-75|CG0142400|-36|-75|CG0142401|-28|-74|CG0142401|-28|-74|CG0142402|-26|-79|CG0142402|-26|-79|CG0142403|-27|-79|CG0142403|-27|-79|CG0142403|-27|-79|CG0142403|-27|-79|CG0142403|-27|-79|CG0142403|-27|-79|CG0142395|-19|-80|CG0142395|-19|-80
309|1|6|1000|7|CG0142423|-25|-76|CG0142423|-25|-76|CG0142423|-25|-76|CG0142423|-25|-76|CG0142424|-27|-76|CG0142425|-26|-74|CG0142425|-26|-74
309|1|7|1200|11|CG0141939|-11|-75|CG0141939|-11|-75|CG0141940|-8|-73|CG0141940|-8|-73|CG0141941|-5|-73|CG0141941|-5|-73|CG0141941|-5|-73|CG0141942|-12|-75|CG0141943|-22|-81|CG0141944|-28|-85|CG0141944|-28|-85
309|1|8|1000|2|CG0142418|-17|-75|CG0142419|-28|-58
309|1|9|1000|1|CG0142420|-17|-77
309|1|10|1500|10|CG0142412|-17|-75|CG0142412|-17|-75|CG0142413|-17|-63|CG0142414|-17|-54|CG0142415|-22|-57|CG0142415|-22|-57|CG0142415|-22|-57|CG0142416|-23|-53|CG0142417|-28|-44|CG0142417|-28|-44
309|2|0|1000|4|CG0142477|-16|-78|CG0142478|-16|-78|CG0142479|-17|-78|CG0142478|-16|-78
309|2|1|1000|6|CG0142482|-19|-77|CG0142483|-18|-77|CG0142484|-21|-75|CG0142485|-17|-77|CG0142486|-18|-78|CG0142487|-25|-75
309|2|2|400|1|CG0188462|-33|-62
309|2|3|650|6|CG0142452|-22|-77|CG0142453|-16|-79|CG0142454|-21|-77|CG0142455|-15|-76|CG0142456|-24|-79|CG0142457|-31|-77
309|2|4|100|1|CG0196424|-14|-57
309|2|5|1300|35|CG0142442|-12|-75|CG0142442|-12|-75|CG0142442|-12|-75|CG0142442|-12|-75|CG0142444|-25|-72|CG0142444|-25|-72|CG0142444|-25|-72|CG0142444|-25|-72|CG0142445|-30|-71|CG0142445|-30|-71|CG0142445|-30|-71|CG0142445|-30|-71|CG0142445|-30|-71|CG0142446|-16|-79|CG0142446|-16|-79|CG0142447|-8|-78|CG0142447|-8|-78|CG0142448|-21|-76|CG0142448|-21|-76|CG0142448|-21|-76|CG0142448|-21|-76|CG0142448|-21|-76|CG0142448|-21|-76|CG0142449|-21|-75|CG0142449|-21|-75|CG0142450|-18|-78|CG0142450|-18|-78|CG0142451|-12|-78|CG0142451|-12|-78|CG0142451|-12|-78|CG0142451|-12|-78|CG0142451|-12|-78|CG0142451|-12|-78|CG0142443|-10|-79|CG0142443|-10|-79
309|2|6|1000|7|CG0142471|-17|-77|CG0142471|-17|-77|CG0142471|-17|-77|CG0142471|-17|-77|CG0142472|-20|-76|CG0142473|-22|-75|CG0142473|-22|-75
309|2|7|1200|11|CG0142004|-15|-74|CG0142004|-15|-74|CG0142005|-15|-71|CG0142005|-15|-71|CG0142006|-14|-67|CG0142006|-14|-67|CG0142006|-14|-67|CG0142007|-6|-69|CG0142008|-4|-78|CG0142009|-7|-82|CG0142009|-7|-82
309|2|8|1000|2|CG0142466|-14|-74|CG0142467|-35|-61
309|2|9|1000|1|CG0142468|-15|-75
309|2|10|1500|10|CG0142460|-19|-75|CG0142460|-19|-75|CG0142461|-25|-64|CG0142462|-25|-55|CG0142463|-25|-55|CG0142463|-25|-55|CG0142463|-25|-55|CG0142464|-35|-49|CG0142465|-37|-39|CG0142465|-37|-39
309|3|0|1000|4|CG0142525|-27|-78|CG0142526|-25|-78|CG0142527|-22|-78|CG0142526|-25|-78
309|3|1|1000|6|CG0142530|-29|-78|CG0142531|-28|-79|CG0142532|-28|-76|CG0142533|-29|-78|CG0142534|-30|-80|CG0142535|-30|-77
309|3|2|400|1|CG0188507|-36|-53
309|3|3|650|6|CG0142500|-28|-76|CG0142501|-27|-79|CG0142502|-32|-76|CG0142503|-28|-76|CG0142504|-29|-79|CG0142505|-34|-77
309|3|4|100|1|CG0196464|-10|-51
309|3|5|1300|35|CG0142490|-18|-73|CG0142490|-18|-73|CG0142490|-18|-73|CG0142490|-18|-73|CG0142492|-31|-67|CG0142492|-31|-67|CG0142492|-31|-67|CG0142492|-31|-67|CG0142493|-28|-70|CG0142493|-28|-70|CG0142493|-28|-70|CG0142493|-28|-70|CG0142493|-28|-70|CG0142494|-32|-76|CG0142494|-32|-76|CG0142495|-14|-72|CG0142495|-14|-72|CG0142496|-14|-70|CG0142496|-14|-70|CG0142496|-14|-70|CG0142496|-14|-70|CG0142496|-14|-70|CG0142496|-14|-70|CG0142497|-15|-69|CG0142497|-15|-69|CG0142498|-14|-70|CG0142498|-14|-70|CG0142499|-14|-74|CG0142499|-14|-74|CG0142499|-14|-74|CG0142499|-14|-74|CG0142499|-14|-74|CG0142499|-14|-74|CG0142491|-14|-76|CG0142491|-14|-76
309|3|6|1000|7|CG0142519|-16|-76|CG0142519|-16|-76|CG0142519|-16|-76|CG0142519|-16|-76|CG0142520|-18|-77|CG0142521|-24|-78|CG0142521|-24|-78
309|3|7|1200|11|CG0142069|-20|-74|CG0142069|-20|-74|CG0142070|-27|-71|CG0142070|-27|-71|CG0142071|-33|-66|CG0142071|-33|-66|CG0142071|-33|-66|CG0142072|-25|-64|CG0142073|-8|-72|CG0142074|-8|-74|CG0142074|-8|-74
309|3|8|1000|2|CG0142514|-15|-68|CG0142515|-43|-70
309|3|9|1000|1|CG0142516|-10|-70
309|3|10|1500|10|CG0142508|-20|-77|CG0142508|-20|-77|CG0142509|-28|-68|CG0142510|-40|-59|CG0142511|-41|-52|CG0142511|-41|-52|CG0142511|-41|-52|CG0142512|-41|-39|CG0142513|-40|-26|CG0142513|-40|-26
309|4|0|1000|4|CG0142573|-25|-78|CG0142574|-27|-78|CG0142575|-28|-78|CG0142574|-27|-78
309|4|1|1000|6|CG0142578|-32|-78|CG0142579|-32|-79|CG0142580|-32|-77|CG0142581|-32|-79|CG0142582|-33|-80|CG0142583|-33|-77
309|4|2|400|1|CG0188552|-25|-51
309|4|3|650|6|CG0142548|-35|-74|CG0142549|-35|-77|CG0142550|-35|-75|CG0142551|-35|-74|CG0142552|-36|-77|CG0142553|-36|-75
309|4|4|100|1|CG0196504|-21|-46
309|4|5|1300|35|CG0142538|-18|-71|CG0142538|-18|-71|CG0142538|-18|-71|CG0142538|-18|-71|CG0142540|-29|-65|CG0142540|-29|-65|CG0142540|-29|-65|CG0142540|-29|-65|CG0142541|-26|-73|CG0142541|-26|-73|CG0142541|-26|-73|CG0142541|-26|-73|CG0142541|-26|-73|CG0142542|-34|-73|CG0142542|-34|-73|CG0142543|-19|-64|CG0142543|-19|-64|CG0142544|-19|-61|CG0142544|-19|-61|CG0142544|-19|-61|CG0142544|-19|-61|CG0142544|-19|-61|CG0142544|-19|-61|CG0142545|-19|-60|CG0142545|-19|-60|CG0142546|-18|-61|CG0142546|-18|-61|CG0142547|-29|-68|CG0142547|-29|-68|CG0142547|-29|-68|CG0142547|-29|-68|CG0142547|-29|-68|CG0142547|-29|-68|CG0142539|-39|-73|CG0142539|-39|-73
309|4|6|1000|7|CG0142567|-34|-74|CG0142567|-34|-74|CG0142567|-34|-74|CG0142567|-34|-74|CG0142568|-39|-78|CG0142569|-25|-80|CG0142569|-25|-80
309|4|7|1200|11|CG0142134|-23|-76|CG0142134|-23|-76|CG0142135|-32|-75|CG0142135|-32|-75|CG0142136|-34|-69|CG0142136|-34|-69|CG0142136|-34|-69|CG0142137|-40|-66|CG0142138|-16|-66|CG0142139|-16|-65|CG0142139|-16|-65
309|4|8|1000|2|CG0142562|-14|-62|CG0142563|-34|-79
309|4|9|1000|1|CG0142564|-11|-66
309|4|10|1500|10|CG0142556|-19|-78|CG0142556|-19|-78|CG0142557|-27|-72|CG0142558|-35|-62|CG0142559|-36|-49|CG0142559|-36|-49|CG0142559|-36|-49|CG0142560|-36|-30|CG0142561|-36|-25|CG0142561|-36|-25
309|5|0|1000|4|CG0142621|-17|-78|CG0142622|-16|-78|CG0142623|-18|-78|CG0142622|-16|-78
309|5|1|1000|6|CG0142626|-19|-78|CG0142627|-19|-79|CG0142628|-19|-77|CG0142629|-19|-79|CG0142630|-18|-80|CG0142631|-18|-77
309|5|2|400|1|CG0188597|-19|-60
309|5|3|650|6|CG0142596|-25|-74|CG0142597|-25|-76|CG0142598|-25|-74|CG0142599|-25|-73|CG0142600|-25|-76|CG0142601|-24|-74
309|5|4|100|1|CG0196544|-24|-45
309|5|5|1300|35|CG0142586|-25|-73|CG0142586|-25|-73|CG0142586|-25|-73|CG0142586|-25|-73|CG0142588|-27|-66|CG0142588|-27|-66|CG0142588|-27|-66|CG0142588|-27|-66|CG0142589|-30|-69|CG0142589|-30|-69|CG0142589|-30|-69|CG0142589|-30|-69|CG0142589|-30|-69|CG0142590|-30|-71|CG0142590|-30|-71|CG0142591|-20|-57|CG0142591|-20|-57|CG0142592|-20|-53|CG0142592|-20|-53|CG0142592|-20|-53|CG0142592|-20|-53|CG0142592|-20|-53|CG0142592|-20|-53|CG0142593|-20|-52|CG0142593|-20|-52|CG0142594|-20|-54|CG0142594|-20|-54|CG0142595|-32|-72|CG0142595|-32|-72|CG0142595|-32|-72|CG0142595|-32|-72|CG0142595|-32|-72|CG0142595|-32|-72|CG0142587|-44|-72|CG0142587|-44|-72
309|5|6|1000|7|CG0142615|-39|-74|CG0142615|-39|-74|CG0142615|-39|-74|CG0142615|-39|-74|CG0142616|-39|-78|CG0142617|-46|-80|CG0142617|-46|-80
309|5|7|1200|11|CG0142199|-26|-79|CG0142199|-26|-79|CG0142200|-26|-79|CG0142200|-26|-79|CG0142201|-32|-76|CG0142201|-32|-76|CG0142201|-32|-76|CG0142202|-35|-72|CG0142203|-37|-65|CG0142204|-20|-61|CG0142204|-20|-61
309|5|8|1000|2|CG0142610|-20|-59|CG0142611|-27|-82
309|5|9|1000|1|CG0142612|-16|-64
309|5|10|1500|10|CG0142604|-19|-78|CG0142604|-19|-78|CG0142605|-18|-74|CG0142606|-19|-63|CG0142607|-22|-50|CG0142607|-22|-50|CG0142607|-22|-50|CG0142608|-28|-28|CG0142609|-29|-28|CG0142609|-29|-28
309|6|0|1000|4|CG0142669|-17|-78|CG0142670|-17|-78|CG0142671|-17|-78|CG0142670|-17|-78
309|6|1|1000|6|CG0142674|-16|-78|CG0142675|-16|-80|CG0142676|-18|-77|CG0142677|-16|-79|CG0142678|-17|-80|CG0142679|-26|-77
309|6|2|400|1|CG0188642|-38|-63
309|6|3|650|6|CG0142644|-20|-75|CG0142645|-21|-77|CG0142646|-21|-75|CG0142647|-20|-74|CG0142648|-20|-77|CG0142649|-24|-75
309|6|4|100|1|CG0196584|-20|-48
309|6|5|1300|35|CG0142634|-23|-75|CG0142634|-23|-75|CG0142634|-23|-75|CG0142634|-23|-75|CG0142636|-30|-71|CG0142636|-30|-71|CG0142636|-30|-71|CG0142636|-30|-71|CG0142637|-37|-72|CG0142637|-37|-72|CG0142637|-37|-72|CG0142637|-37|-72|CG0142637|-37|-72|CG0142638|-24|-71|CG0142638|-24|-71|CG0142639|-52|-58|CG0142639|-52|-58|CG0142640|-22|-52|CG0142640|-22|-52|CG0142640|-22|-52|CG0142640|-22|-52|CG0142640|-22|-52|CG0142640|-22|-52|CG0142641|-22|-51|CG0142641|-22|-51|CG0142642|-52|-55|CG0142642|-52|-55|CG0142643|-34|-82|CG0142643|-34|-82|CG0142643|-34|-82|CG0142643|-34|-82|CG0142643|-34|-82|CG0142643|-34|-82|CG0142635|-30|-74|CG0142635|-30|-74
309|6|6|1000|7|CG0142663|-24|-74|CG0142663|-24|-74|CG0142663|-24|-74|CG0142663|-24|-74|CG0142664|-22|-78|CG0142665|-42|-80|CG0142665|-42|-80
309|6|7|1200|11|CG0142264|-26|-81|CG0142264|-26|-81|CG0142265|-27|-82|CG0142265|-27|-82|CG0142266|-32|-80|CG0142266|-32|-80|CG0142266|-32|-80|CG0142267|-32|-79|CG0142268|-47|-68|CG0142269|-33|-65|CG0142269|-33|-65
309|6|8|1000|2|CG0142658|-32|-63|CG0142659|-30|-79
309|6|9|1000|1|CG0142660|-25|-66
309|6|10|1500|10|CG0142652|-17|-78|CG0142652|-17|-78|CG0142653|-10|-73|CG0142654|-8|-62|CG0142655|-22|-52|CG0142655|-22|-52|CG0142655|-22|-52|CG0142656|-35|-32|CG0142657|-43|-26|CG0142657|-43|-26
309|7|0|1000|4|CG0142717|-15|-78|CG0142718|-15|-78|CG0142719|-15|-78|CG0142718|-15|-78
309|7|1|1000|6|CG0142722|-14|-78|CG0142723|-17|-79|CG0142724|-28|-77|CG0142725|-15|-78|CG0142726|-16|-79|CG0142727|-29|-76
309|7|2|400|1|CG0188687|-44|-60
309|7|3|650|6|CG0142692|-20|-76|CG0142693|-19|-79|CG0142694|-27|-77|CG0142695|-19|-76|CG0142696|-26|-79|CG0142697|-26|-76
309|7|4|100|1|CG0196624|-25|-51
309|7|5|1300|35|CG0142682|-28|-77|CG0142682|-28|-77|CG0142682|-28|-77|CG0142682|-28|-77|CG0142684|-32|-76|CG0142684|-32|-76|CG0142684|-32|-76|CG0142684|-32|-76|CG0142685|-26|-76|CG0142685|-26|-76|CG0142685|-26|-76|CG0142685|-26|-76|CG0142685|-26|-76|CG0142686|-36|-74|CG0142686|-36|-74|CG0142687|-59|-63|CG0142687|-59|-63|CG0142688|-42|-59|CG0142688|-42|-59|CG0142688|-42|-59|CG0142688|-42|-59|CG0142688|-42|-59|CG0142688|-42|-59|CG0142689|-38|-57|CG0142689|-38|-57|CG0142690|-64|-62|CG0142690|-64|-62|CG0142691|-32|-84|CG0142691|-32|-84|CG0142691|-32|-84|CG0142691|-32|-84|CG0142691|-32|-84|CG0142691|-32|-84|CG0142683|-26|-78|CG0142683|-26|-78
309|7|6|1000|7|CG0142711|-20|-76|CG0142711|-20|-76|CG0142711|-20|-76|CG0142711|-20|-76|CG0142712|-14|-78|CG0142713|-15|-85|CG0142713|-15|-85
309|7|7|1200|11|CG0142329|-19|-80|CG0142329|-19|-80|CG0142330|-17|-81|CG0142330|-17|-81|CG0142331|-21|-81|CG0142331|-21|-81|CG0142331|-21|-81|CG0142332|-33|-83|CG0142333|-43|-75|CG0142334|-49|-74|CG0142334|-49|-74
309|7|8|1000|2|CG0142706|-32|-68|CG0142707|-28|-70
309|7|9|1000|1|CG0142708|-34|-71
309|7|10|1500|10|CG0142700|-14|-77|CG0142700|-14|-77|CG0142701|-14|-69|CG0142702|-14|-59|CG0142703|-23|-55|CG0142703|-23|-55|CG0142703|-23|-55|CG0142704|-41|-42|CG0142705|-53|-25|CG0142705|-53|-25
