282|0|0|1000|4|CG0131851|-17|-78|CG0131852|-17|-78|CG0131853|-17|-78|CG0131852|-17|-78
282|0|1|1000|6|CG0131856|-18|-76|CG0131857|-14|-78|CG0131858|-24|-75|CG0131859|-15|-76|CG0131860|-20|-78|CG0131861|-22|-75
282|0|2|400|1|CG0188372|-32|-70
282|0|3|600|6|CG0131826|-19|-78|CG0131827|-19|-80|CG0131828|-25|-79|CG0131829|-19|-78|CG0131830|-29|-80|CG0131831|-29|-79
282|0|4|100|1|CG0196344|-27|-55
282|0|5|1000|20|CG0131818|-24|-78|CG0131818|-24|-78|CG0131818|-24|-78|CG0131818|-24|-78|CG0131819|-39|-104|CG0131819|-39|-104|CG0131820|-31|-98|CG0131820|-31|-98|CG0131821|-60|-108|CG0131821|-60|-108|CG0131822|-51|-100|CG0131822|-51|-100|CG0131823|-68|-77|CG0131823|-68|-77|CG0131823|-68|-77|CG0131823|-68|-77|CG0131824|-58|-87|CG0131824|-58|-87|CG0131825|-42|-91|CG0131825|-42|-91
282|0|6|800|10|CG0131845|-26|-77|CG0131845|-26|-77|CG0131846|-33|-78|CG0131846|-33|-78|CG0131847|-42|-77|CG0131847|-42|-77|CG0131847|-42|-77|CG0131847|-42|-77|CG0131847|-42|-77|CG0131847|-42|-77
282|0|7|1200|12|CG0132554|-17|-78|CG0132554|-17|-78|CG0132555|-19|-80|CG0132555|-19|-80|CG0132556|-20|-78|CG0132556|-20|-78|CG0132556|-20|-78|CG0132556|-20|-78|CG0132557|-36|-79|CG0132558|-43|-81|CG0132559|-42|-78|CG0132559|-42|-78
282|0|8|1000|2|CG0131840|-26|-76|CG0131841|-29|-67
282|0|9|1000|1|CG0131842|-19|-76
282|0|10|1000|8|CG0131834|-12|-76|CG0131834|-12|-76|CG0131835|-17|-60|CG0131836|-21|-48|CG0131837|-17|-56|CG0131837|-17|-56|CG0131838|-34|-63|CG0131839|-51|-44
282|1|0|1000|4|CG0131897|-17|-74|CG0131898|-17|-74|CG0131899|-17|-74|CG0131898|-17|-74
282|1|1|1000|6|CG0131902|-17|-72|CG0131903|-17|-74|CG0131904|-17|-72|CG0131905|-17|-72|CG0131906|-17|-74|CG0131907|-17|-71
282|1|2|400|1|CG0188417|-17|-71
282|1|3|600|6|CG0131872|-17|-75|CG0131873|-17|-77|CG0131874|-20|-77|CG0131875|-17|-76|CG0131876|-17|-78|CG0131877|-17|-77
282|1|4|100|1|CG0196384|-26|-58
282|1|5|1000|20|CG0131864|-23|-77|CG0131864|-23|-77|CG0131864|-23|-77|CG0131864|-23|-77|CG0131865|-21|-103|CG0131865|-21|-103|CG0131866|-19|-98|CG0131866|-19|-98|CG0131867|-20|-114|CG0131867|-20|-114|CG0131868|-17|-96|CG0131868|-17|-96|CG0131869|-16|-85|CG0131869|-16|-85|CG0131869|-16|-85|CG0131869|-16|-85|CG0131870|-16|-93|CG0131870|-16|-93|CG0131871|-18|-94|CG0131871|-18|-94
282|1|6|800|10|CG0131891|-17|-75|CG0131891|-17|-75|CG0131892|-12|-78|CG0131892|-12|-78|CG0131893|-13|-75|CG0131893|-13|-75|CG0131893|-13|-75|CG0131893|-13|-75|CG0131893|-13|-75|CG0131893|-13|-75
282|1|7|1200|12|CG0132619|-17|-74|CG0132619|-17|-74|CG0132620|-17|-78|CG0132620|-17|-78|CG0132621|-21|-79|CG0132621|-21|-79|CG0132621|-21|-79|CG0132621|-21|-79|CG0132622|-18|-79|CG0132623|-31|-83|CG0132624|-25|-83|CG0132624|-25|-83
282|1|8|1000|2|CG0131886|-21|-74|CG0131887|-33|-60
282|1|9|1000|1|CG0131888|-17|-71
282|1|10|1000|8|CG0131880|-17|-71|CG0131880|-17|-71|CG0131881|-21|-48|CG0131882|-26|-46|CG0131883|-30|-56|CG0131883|-30|-56|CG0131884|-27|-65|CG0131885|-23|-54
282|2|0|1000|4|CG0131943|-17|-78|CG0131944|-17|-78|CG0131945|-17|-78|CG0131944|-17|-78
282|2|1|1000|6|CG0131948|-20|-76|CG0131949|-19|-77|CG0131950|-21|-75|CG0131951|-19|-75|CG0131952|-19|-77|CG0131953|-24|-75
282|2|2|400|1|CG0188462|-33|-62
282|2|3|600|6|CG0131918|-20|-77|CG0131919|-17|-79|CG0131920|-23|-79|CG0131921|-19|-78|CG0131922|-20|-80|CG0131923|-29|-79
282|2|4|100|1|CG0196424|-14|-57
282|2|5|1000|20|CG0131910|-15|-77|CG0131910|-15|-77|CG0131910|-15|-77|CG0131910|-15|-77|CG0131911|-8|-95|CG0131911|-8|-95|CG0131912|-9|-97|CG0131912|-9|-97|CG0131913|-3|-108|CG0131913|-3|-108|CG0131914|9|-91|CG0131914|9|-91|CG0131915|11|-77|CG0131915|11|-77|CG0131915|11|-77|CG0131915|11|-77|CG0131916|12|-87|CG0131916|12|-87|CG0131917|-2|-86|CG0131917|-2|-86
282|2|6|800|10|CG0131937|-8|-77|CG0131937|-8|-77|CG0131938|-3|-76|CG0131938|-3|-76|CG0131939|2|-70|CG0131939|2|-70|CG0131939|2|-70|CG0131939|2|-70|CG0131939|2|-70|CG0131939|2|-70
282|2|7|1200|12|CG0132684|-17|-78|CG0132684|-17|-78|CG0132685|-13|-82|CG0132685|-13|-82|CG0132686|-15|-84|CG0132686|-15|-84|CG0132686|-15|-84|CG0132686|-15|-84|CG0132687|-6|-79|CG0132688|-7|-80|CG0132689|-12|-80|CG0132689|-12|-80
282|2|8|1000|2|CG0131932|-13|-76|CG0131933|-41|-58
282|2|9|1000|1|CG0131934|-11|-73
282|2|10|1000|8|CG0131926|-20|-75|CG0131926|-20|-75|CG0131927|-34|-51|CG0131928|-29|-47|CG0131929|-30|-56|CG0131929|-30|-56|CG0131930|-28|-62|CG0131931|-25|-47
282|3|0|1000|4|CG0131989|-28|-80|CG0131990|-26|-80|CG0131991|-24|-80|CG0131990|-26|-80
282|3|1|1000|6|CG0131994|-27|-80|CG0131995|-26|-81|CG0131996|-25|-79|CG0131997|-27|-79|CG0131998|-27|-81|CG0131999|-28|-79
282|3|2|400|1|CG0188507|-36|-53
282|3|3|600|6|CG0131964|-23|-76|CG0131965|-22|-78|CG0131966|-34|-77|CG0131967|-27|-77|CG0131968|-26|-79|CG0131969|-32|-78
282|3|4|100|1|CG0196464|-10|-51
282|3|5|1000|20|CG0131956|-21|-74|CG0131956|-21|-74|CG0131956|-21|-74|CG0131956|-21|-74|CG0131957|-6|-86|CG0131957|-6|-86|CG0131958|-2|-97|CG0131958|-2|-97|CG0131959|8|-86|CG0131959|8|-86|CG0131960|15|-81|CG0131960|15|-81|CG0131961|17|-51|CG0131961|17|-51|CG0131961|17|-51|CG0131961|17|-51|CG0131962|22|-67|CG0131962|22|-67|CG0131963|-1|-76|CG0131963|-1|-76
282|3|6|800|10|CG0131983|-15|-75|CG0131983|-15|-75|CG0131984|-17|-68|CG0131984|-17|-68|CG0131985|-13|-58|CG0131985|-13|-58|CG0131985|-13|-58|CG0131985|-13|-58|CG0131985|-13|-58|CG0131985|-13|-58
282|3|7|1200|12|CG0132749|-13|-80|CG0132749|-13|-80|CG0132750|-21|-83|CG0132750|-21|-83|CG0132751|-23|-84|CG0132751|-23|-84|CG0132751|-23|-84|CG0132751|-23|-84|CG0132752|-6|-75|CG0132753|-6|-72|CG0132754|-6|-68|CG0132754|-6|-68
282|3|8|1000|2|CG0131978|-14|-75|CG0131979|-45|-68
282|3|9|1000|1|CG0131980|-11|-72
282|3|10|1000|8|CG0131972|-25|-79|CG0131972|-25|-79|CG0131973|-37|-62|CG0131974|-30|-55|CG0131975|-21|-59|CG0131975|-21|-59|CG0131976|-20|-53|CG0131977|-20|-27
282|4|0|1000|4|CG0132035|-26|-80|CG0132036|-28|-80|CG0132037|-29|-80|CG0132036|-28|-80
282|4|1|1000|6|CG0132040|-27|-81|CG0132041|-26|-82|CG0132042|-26|-80|CG0132043|-27|-80|CG0132044|-27|-82|CG0132045|-28|-80
282|4|2|400|1|CG0188552|-25|-51
282|4|3|600|6|CG0132010|-21|-72|CG0132011|-20|-74|CG0132012|-29|-73|CG0132013|-21|-73|CG0132014|-22|-75|CG0132015|-22|-74
282|4|4|100|1|CG0196504|-21|-46
282|4|5|1000|20|CG0132002|-31|-67|CG0132002|-31|-67|CG0132002|-31|-67|CG0132002|-31|-67|CG0132003|-10|-82|CG0132003|-10|-82|CG0132004|-11|-95|CG0132004|-11|-95|CG0132005|-4|-66|CG0132005|-4|-66|CG0132006|-4|-69|CG0132006|-4|-69|CG0132007|12|-19|CG0132007|12|-19|CG0132007|12|-19|CG0132007|12|-19|CG0132008|11|-42|CG0132008|11|-42|CG0132009|-7|-63|CG0132009|-7|-63
282|4|6|800|10|CG0132029|-22|-71|CG0132029|-22|-71|CG0132030|-29|-59|CG0132030|-29|-59|CG0132031|-22|-48|CG0132031|-22|-48|CG0132031|-22|-48|CG0132031|-22|-48|CG0132031|-22|-48|CG0132031|-22|-48
282|4|7|1200|12|CG0132814|-16|-80|CG0132814|-16|-80|CG0132815|-30|-81|CG0132815|-30|-81|CG0132816|-22|-81|CG0132816|-22|-81|CG0132816|-22|-81|CG0132816|-22|-81|CG0132817|-12|-67|CG0132818|-10|-60|CG0132819|-10|-53|CG0132819|-10|-53
282|4|8|1000|2|CG0132024|-17|-71|CG0132025|-46|-79
282|4|9|1000|1|CG0132026|-20|-68
282|4|10|1000|8|CG0132018|-27|-81|CG0132018|-27|-81|CG0132019|-34|-70|CG0132020|-28|-61|CG0132021|-30|-59|CG0132021|-30|-59|CG0132022|-29|-43|CG0132023|-24|-21
282|5|0|1000|4|CG0132081|-20|-78|CG0132082|-17|-78|CG0132083|-18|-78|CG0132082|-17|-78
282|5|1|1000|6|CG0132086|-16|-79|CG0132087|-16|-80|CG0132088|-16|-78|CG0132089|-16|-79|CG0132090|-16|-81|CG0132091|-16|-78
282|5|2|400|1|CG0188597|-19|-60
282|5|3|600|6|CG0132056|-29|-68|CG0132057|-29|-70|CG0132058|-28|-70|CG0132059|-29|-69|CG0132060|-29|-71|CG0132061|-28|-70
282|5|4|100|1|CG0196544|-24|-45
282|5|5|1000|20|CG0132048|-24|-62|CG0132048|-24|-62|CG0132048|-24|-62|CG0132048|-24|-62|CG0132049|-24|-84|CG0132049|-24|-84|CG0132050|-21|-93|CG0132050|-21|-93|CG0132051|-22|-60|CG0132051|-22|-60|CG0132052|-26|-74|CG0132052|-26|-74|CG0132053|-18|-13|CG0132053|-18|-13|CG0132053|-18|-13|CG0132053|-18|-13|CG0132054|-17|-30|CG0132054|-17|-30|CG0132055|-22|-55|CG0132055|-22|-55
282|5|6|800|10|CG0132075|-22|-67|CG0132075|-22|-67|CG0132076|-41|-54|CG0132076|-41|-54|CG0132077|-44|-48|CG0132077|-44|-48|CG0132077|-44|-48|CG0132077|-44|-48|CG0132077|-44|-48|CG0132077|-44|-48
282|5|7|1200|12|CG0132879|-20|-78|CG0132879|-20|-78|CG0132880|-23|-79|CG0132880|-23|-79|CG0132881|-21|-80|CG0132881|-21|-80|CG0132881|-21|-80|CG0132881|-21|-80|CG0132882|-20|-61|CG0132883|-16|-52|CG0132884|-15|-43|CG0132884|-15|-43
282|5|8|1000|2|CG0132070|-22|-67|CG0132071|-36|-81
282|5|9|1000|1|CG0132072|-20|-71
282|5|10|1000|8|CG0132064|-16|-79|CG0132064|-16|-79|CG0132065|-19|-71|CG0132066|-26|-61|CG0132067|-27|-57|CG0132067|-27|-57|CG0132068|-36|-36|CG0132069|-50|-16
282|6|0|1000|4|CG0132127|-24|-80|CG0132128|-24|-80|CG0132129|-24|-80|CG0132128|-24|-80
282|6|1|1000|6|CG0132132|-23|-81|CG0132133|-23|-83|CG0132134|-23|-80|CG0132135|-23|-81|CG0132136|-22|-83|CG0132137|-25|-80
282|6|2|400|1|CG0188642|-38|-63
282|6|3|600|6|CG0132102|-23|-73|CG0132103|-23|-75|CG0132104|-24|-74|CG0132105|-23|-73|CG0132106|-22|-75|CG0132107|-26|-74
282|6|4|100|1|CG0196584|-20|-48
282|6|5|1000|20|CG0132094|-29|-68|CG0132094|-29|-68|CG0132094|-29|-68|CG0132094|-29|-68|CG0132095|-46|-91|CG0132095|-46|-91|CG0132096|-46|-96|CG0132096|-46|-96|CG0132097|-64|-68|CG0132097|-64|-68|CG0132098|-54|-85|CG0132098|-54|-85|CG0132099|-75|-19|CG0132099|-75|-19|CG0132099|-75|-19|CG0132099|-75|-19|CG0132100|-68|-42|CG0132100|-68|-42|CG0132101|-66|-63|CG0132101|-66|-63
282|6|6|800|10|CG0132121|-38|-71|CG0132121|-38|-71|CG0132122|-47|-63|CG0132122|-47|-63|CG0132123|-50|-62|CG0132123|-50|-62|CG0132123|-50|-62|CG0132123|-50|-62|CG0132123|-50|-62|CG0132123|-50|-62
282|6|7|1200|12|CG0132944|-18|-80|CG0132944|-18|-80|CG0132945|-22|-82|CG0132945|-22|-82|CG0132946|-23|-81|CG0132946|-23|-81|CG0132946|-23|-81|CG0132946|-23|-81|CG0132947|-29|-66|CG0132948|-43|-57|CG0132949|-46|-46|CG0132949|-46|-46
282|6|8|1000|2|CG0132116|-37|-71|CG0132117|-33|-79
282|6|9|1000|1|CG0132118|-24|-77
282|6|10|1000|8|CG0132110|-26|-81|CG0132110|-26|-81|CG0132111|-25|-70|CG0132112|-30|-61|CG0132113|-42|-60|CG0132113|-42|-60|CG0132114|-60|-40|CG0132115|-72|-20
282|7|0|1000|4|CG0132173|-16|-80|CG0132174|-18|-80|CG0132175|-21|-80|CG0132174|-18|-80
282|7|1|1000|6|CG0132178|-18|-80|CG0132179|-19|-81|CG0132180|-28|-79|CG0132181|-18|-79|CG0132182|-17|-81|CG0132183|-28|-79
282|7|2|400|1|CG0188687|-44|-60
282|7|3|600|6|CG0132148|-24|-76|CG0132149|-24|-78|CG0132150|-29|-78|CG0132151|-24|-77|CG0132152|-30|-79|CG0132153|-32|-77
282|7|4|100|1|CG0196624|-25|-51
282|7|5|1000|20|CG0132140|-27|-74|CG0132140|-27|-74|CG0132140|-27|-74|CG0132140|-27|-74|CG0132141|-45|-100|CG0132141|-45|-100|CG0132142|-51|-98|CG0132142|-51|-98|CG0132143|-75|-86|CG0132143|-75|-86|CG0132144|-59|-96|CG0132144|-59|-96|CG0132145|-95|-51|CG0132145|-95|-51|CG0132145|-95|-51|CG0132145|-95|-51|CG0132146|-81|-67|CG0132146|-81|-67|CG0132147|-70|-76|CG0132147|-70|-76
282|7|6|800|10|CG0132167|-33|-76|CG0132167|-33|-76|CG0132168|-39|-72|CG0132168|-39|-72|CG0132169|-54|-75|CG0132169|-54|-75|CG0132169|-54|-75|CG0132169|-54|-75|CG0132169|-54|-75|CG0132169|-54|-75
282|7|7|1200|12|CG0133009|-16|-80|CG0133009|-16|-80|CG0133010|-22|-82|CG0133010|-22|-82|CG0133011|-21|-80|CG0133011|-21|-80|CG0133011|-21|-80|CG0133011|-21|-80|CG0133012|-45|-74|CG0133013|-58|-70|CG0133014|-54|-64|CG0133014|-54|-64
282|7|8|1000|2|CG0132162|-33|-75|CG0132163|-30|-68
282|7|9|1000|1|CG0132164|-27|-78
282|7|10|1000|8|CG0132156|-24|-80|CG0132156|-24|-80|CG0132157|-21|-61|CG0132158|-26|-54|CG0132159|-34|-59|CG0132159|-34|-59|CG0132160|-53|-53|CG0132161|-69|-25
