228|0|0|1200|4|CG0110764|-21|-72|CG0110765|-19|-72|CG0110766|-18|-72|CG0110765|-19|-72
228|0|1|1000|6|CG0110769|-20|-71|CG0110770|-20|-73|CG0110771|-20|-70|CG0110772|-21|-72|CG0110773|-20|-73|CG0110774|-23|-71
228|0|2|400|1|CG0188372|-32|-70
228|0|3|500|6|CG0110739|-19|-72|CG0110740|-19|-73|CG0110741|-25|-72|CG0110742|-19|-73|CG0110743|-19|-74|CG0110744|-19|-73
228|0|4|100|1|CG0196344|-27|-55
228|0|5|1200|30|CG0110730|-21|-72|CG0110730|-21|-72|CG0110731|-16|-69|CG0110731|-16|-69|CG0110732|-12|-67|CG0110732|-12|-67|CG0110732|-12|-67|CG0110732|-12|-67|CG0110733|-12|-70|CG0110733|-12|-70|CG0110734|-18|-85|CG0110734|-18|-85|CG0110735|-35|-74|CG0110735|-35|-74|CG0110736|-34|-70|CG0110736|-34|-70|CG0110736|-34|-70|CG0110736|-34|-70|CG0110736|-34|-70|CG0110736|-34|-70|CG0110736|-34|-70|CG0110736|-34|-70|CG0110737|-24|-73|CG0110737|-24|-73|CG0110737|-24|-73|CG0110737|-24|-73|CG0110738|-21|-74|CG0110738|-21|-74|CG0110738|-21|-74|CG0110738|-21|-74
228|0|6|1000|5|CG0110758|-21|-71|CG0110758|-21|-71|CG0110759|-19|-80|CG0110760|-25|-87|CG0110760|-25|-87
228|0|7|1000|10|CG0111474|-18|-71|CG0111474|-18|-71|CG0111475|-19|-71|CG0111475|-19|-71|CG0111476|-17|-69|CG0111476|-17|-69|CG0111476|-17|-69|CG0111477|-27|-70|CG0111478|-30|-74|CG0111479|-30|-73
228|0|8|1000|2|CG0110753|-24|-71|CG0110754|-27|-58
228|0|9|1000|1|CG0110755|-35|-62
228|0|10|1200|10|CG0110747|-15|-72|CG0110748|-23|-63|CG0110749|-33|-57|CG0110749|-33|-57|CG0110750|-50|-61|CG0110750|-50|-61|CG0110751|-68|-56|CG0110751|-68|-56|CG0110752|-70|-45|CG0110752|-70|-45
228|1|0|1200|4|CG0110811|-19|-73|CG0110812|-20|-73|CG0110813|-21|-73|CG0110812|-20|-73
228|1|1|1000|6|CG0110816|-18|-72|CG0110817|-19|-74|CG0110818|-18|-71|CG0110819|-18|-73|CG0110820|-19|-74|CG0110821|-18|-72
228|1|2|400|1|CG0188417|-17|-71
228|1|3|500|6|CG0110786|-19|-75|CG0110787|-19|-76|CG0110788|-19|-75|CG0110789|-19|-75|CG0110790|-19|-77|CG0110791|-19|-75
228|1|4|100|1|CG0196384|-26|-58
228|1|5|1200|30|CG0110777|-21|-73|CG0110777|-21|-73|CG0110778|-21|-70|CG0110778|-21|-70|CG0110779|-20|-68|CG0110779|-20|-68|CG0110779|-20|-68|CG0110779|-20|-68|CG0110780|-20|-71|CG0110780|-20|-71|CG0110781|-17|-79|CG0110781|-17|-79|CG0110782|-17|-78|CG0110782|-17|-78|CG0110783|-16|-74|CG0110783|-16|-74|CG0110783|-16|-74|CG0110783|-16|-74|CG0110783|-16|-74|CG0110783|-16|-74|CG0110783|-16|-74|CG0110783|-16|-74|CG0110784|-16|-76|CG0110784|-16|-76|CG0110784|-16|-76|CG0110784|-16|-76|CG0110785|-18|-75|CG0110785|-18|-75|CG0110785|-18|-75|CG0110785|-18|-75
228|1|6|1000|5|CG0110805|-19|-72|CG0110805|-19|-72|CG0110806|-18|-75|CG0110807|-18|-91|CG0110807|-18|-91
228|1|7|1000|10|CG0111539|-20|-73|CG0111539|-20|-73|CG0111540|-19|-70|CG0111540|-19|-70|CG0111541|-17|-67|CG0111541|-17|-67|CG0111541|-17|-67|CG0111542|-21|-71|CG0111543|-27|-77|CG0111544|-27|-76
228|1|8|1000|2|CG0110800|-25|-74|CG0110801|-28|-55
228|1|9|1000|1|CG0110802|-23|-62
228|1|10|1200|10|CG0110794|-21|-73|CG0110795|-23|-62|CG0110796|-24|-60|CG0110796|-24|-60|CG0110797|-27|-67|CG0110797|-27|-67|CG0110798|-29|-64|CG0110798|-29|-64|CG0110799|-28|-54|CG0110799|-28|-54
228|2|0|1200|4|CG0110858|-20|-73|CG0110859|-20|-73|CG0110860|-19|-73|CG0110859|-20|-73
228|2|1|1000|6|CG0110863|-20|-72|CG0110864|-20|-74|CG0110865|-22|-71|CG0110866|-19|-73|CG0110867|-19|-75|CG0110868|-20|-72
228|2|2|400|1|CG0188462|-33|-62
228|2|3|500|6|CG0110833|-20|-74|CG0110834|-16|-75|CG0110835|-20|-73|CG0110836|-13|-74|CG0110837|-23|-76|CG0110838|-28|-74
228|2|4|100|1|CG0196424|-14|-57
228|2|5|1200|30|CG0110824|-21|-73|CG0110824|-21|-73|CG0110825|-22|-70|CG0110825|-22|-70|CG0110826|-22|-68|CG0110826|-22|-68|CG0110826|-22|-68|CG0110826|-22|-68|CG0110827|-20|-71|CG0110827|-20|-71|CG0110828|-12|-74|CG0110828|-12|-74|CG0110829|-10|-76|CG0110829|-10|-76|CG0110830|-11|-71|CG0110830|-11|-71|CG0110830|-11|-71|CG0110830|-11|-71|CG0110830|-11|-71|CG0110830|-11|-71|CG0110830|-11|-71|CG0110830|-11|-71|CG0110831|-11|-74|CG0110831|-11|-74|CG0110831|-11|-74|CG0110831|-11|-74|CG0110832|-16|-73|CG0110832|-16|-73|CG0110832|-16|-73|CG0110832|-16|-73
228|2|6|1000|5|CG0110852|-20|-72|CG0110852|-20|-72|CG0110853|-19|-73|CG0110854|-18|-89|CG0110854|-18|-89
228|2|7|1000|10|CG0111604|-19|-74|CG0111604|-19|-74|CG0111605|-21|-72|CG0111605|-21|-72|CG0111606|-20|-69|CG0111606|-20|-69|CG0111606|-20|-69|CG0111607|-19|-72|CG0111608|-14|-75|CG0111609|-17|-75
228|2|8|1000|2|CG0110847|-20|-74|CG0110848|-29|-57
228|2|9|1000|1|CG0110849|-13|-61
228|2|10|1200|10|CG0110841|-19|-73|CG0110842|-20|-63|CG0110843|-19|-58|CG0110843|-19|-58|CG0110844|-19|-62|CG0110844|-19|-62|CG0110845|-19|-58|CG0110845|-19|-58|CG0110846|-19|-46|CG0110846|-19|-46
228|3|0|1200|4|CG0110905|-19|-74|CG0110906|-19|-74|CG0110907|-19|-74|CG0110906|-19|-74
228|3|1|1000|6|CG0110910|-19|-73|CG0110911|-19|-75|CG0110912|-23|-72|CG0110913|-18|-74|CG0110914|-18|-76|CG0110915|-23|-73
228|3|2|400|1|CG0188507|-36|-53
228|3|3|500|6|CG0110880|-22|-72|CG0110881|-26|-73|CG0110882|-30|-72|CG0110883|-22|-72|CG0110884|-24|-74|CG0110885|-30|-72
228|3|4|100|1|CG0196464|-10|-51
228|3|5|1200|30|CG0110871|-18|-75|CG0110871|-18|-75|CG0110872|-19|-73|CG0110872|-19|-73|CG0110873|-33|-70|CG0110873|-33|-70|CG0110873|-33|-70|CG0110873|-33|-70|CG0110874|-31|-72|CG0110874|-31|-72|CG0110875|-13|-73|CG0110875|-13|-73|CG0110876|-12|-69|CG0110876|-12|-69|CG0110877|-15|-64|CG0110877|-15|-64|CG0110877|-15|-64|CG0110877|-15|-64|CG0110877|-15|-64|CG0110877|-15|-64|CG0110877|-15|-64|CG0110877|-15|-64|CG0110878|-14|-68|CG0110878|-14|-68|CG0110878|-14|-68|CG0110878|-14|-68|CG0110879|-13|-75|CG0110879|-13|-75|CG0110879|-13|-75|CG0110879|-13|-75
228|3|6|1000|5|CG0110899|-19|-73|CG0110899|-19|-73|CG0110900|-18|-74|CG0110901|-17|-80|CG0110901|-17|-80
228|3|7|1000|10|CG0111669|-17|-75|CG0111669|-17|-75|CG0111670|-20|-74|CG0111670|-20|-74|CG0111671|-24|-71|CG0111671|-24|-71|CG0111671|-24|-71|CG0111672|-22|-73|CG0111673|-14|-70|CG0111674|-19|-69
228|3|8|1000|2|CG0110894|-10|-71|CG0110895|-35|-63
228|3|9|1000|1|CG0110896|-9|-55
228|3|10|1200|10|CG0110888|-18|-74|CG0110889|-18|-63|CG0110890|-9|-53|CG0110890|-9|-53|CG0110891|-10|-52|CG0110891|-10|-52|CG0110892|-11|-41|CG0110892|-11|-41|CG0110893|-10|-25|CG0110893|-10|-25
228|4|0|1200|4|CG0110952|-21|-75|CG0110953|-17|-75|CG0110954|-18|-75|CG0110953|-17|-75
228|4|1|1000|6|CG0110957|-26|-75|CG0110958|-26|-76|CG0110959|-25|-73|CG0110960|-25|-75|CG0110961|-25|-77|CG0110962|-25|-74
228|4|2|400|1|CG0188552|-25|-51
228|4|3|500|6|CG0110927|-29|-69|CG0110928|-29|-70|CG0110929|-29|-69|CG0110930|-29|-69|CG0110931|-29|-71|CG0110932|-29|-69
228|4|4|100|1|CG0196504|-21|-46
228|4|5|1200|30|CG0110918|-29|-76|CG0110918|-29|-76|CG0110919|-32|-74|CG0110919|-32|-74|CG0110920|-34|-72|CG0110920|-34|-72|CG0110920|-34|-72|CG0110920|-34|-72|CG0110921|-31|-74|CG0110921|-31|-74|CG0110922|-18|-74|CG0110922|-18|-74|CG0110923|-15|-62|CG0110923|-15|-62|CG0110924|-15|-55|CG0110924|-15|-55|CG0110924|-15|-55|CG0110924|-15|-55|CG0110924|-15|-55|CG0110924|-15|-55|CG0110924|-15|-55|CG0110924|-15|-55|CG0110925|-14|-62|CG0110925|-14|-62|CG0110925|-14|-62|CG0110925|-14|-62|CG0110926|-21|-73|CG0110926|-21|-73|CG0110926|-21|-73|CG0110926|-21|-73
228|4|6|1000|5|CG0110946|-17|-74|CG0110946|-17|-74|CG0110947|-17|-75|CG0110948|-17|-75|CG0110948|-17|-75
228|4|7|1000|10|CG0111734|-18|-74|CG0111734|-18|-74|CG0111735|-23|-74|CG0111735|-23|-74|CG0111736|-20|-72|CG0111736|-20|-72|CG0111736|-20|-72|CG0111737|-25|-71|CG0111738|-15|-63|CG0111739|-21|-61
228|4|8|1000|2|CG0110941|-12|-68|CG0110942|-32|-71
228|4|9|1000|1|CG0110943|-10|-51
228|4|10|1200|10|CG0110935|-17|-75|CG0110936|-18|-65|CG0110937|-19|-50|CG0110937|-19|-50|CG0110938|-19|-41|CG0110938|-19|-41|CG0110939|-19|-21|CG0110939|-19|-21|CG0110940|-19|-17|CG0110940|-19|-17
228|5|0|1200|4|CG0110999|-30|-74|CG0111000|-30|-74|CG0111001|-28|-74|CG0111000|-30|-74
228|5|1|1000|6|CG0111004|-23|-73|CG0111005|-23|-75|CG0111006|-23|-72|CG0111007|-23|-73|CG0111008|-23|-75|CG0111009|-23|-73
228|5|2|400|1|CG0188597|-19|-60
228|5|3|500|6|CG0110974|-21|-66|CG0110975|-21|-67|CG0110976|-21|-66|CG0110977|-21|-67|CG0110978|-21|-68|CG0110979|-21|-67
228|5|4|100|1|CG0196544|-24|-45
228|5|5|1200|30|CG0110965|-29|-74|CG0110965|-29|-74|CG0110966|-28|-72|CG0110966|-28|-72|CG0110967|-16|-71|CG0110967|-16|-71|CG0110967|-16|-71|CG0110967|-16|-71|CG0110968|-16|-73|CG0110968|-16|-73|CG0110969|-18|-80|CG0110969|-18|-80|CG0110970|-17|-58|CG0110970|-17|-58|CG0110971|-17|-49|CG0110971|-17|-49|CG0110971|-17|-49|CG0110971|-17|-49|CG0110971|-17|-49|CG0110971|-17|-49|CG0110971|-17|-49|CG0110971|-17|-49|CG0110972|-19|-58|CG0110972|-19|-58|CG0110972|-19|-58|CG0110972|-19|-58|CG0110973|-35|-72|CG0110973|-35|-72|CG0110973|-35|-72|CG0110973|-35|-72
228|5|6|1000|5|CG0110993|-32|-73|CG0110993|-32|-73|CG0110994|-24|-73|CG0110995|-17|-74|CG0110995|-17|-74
228|5|7|1000|10|CG0111799|-16|-72|CG0111799|-16|-72|CG0111800|-17|-73|CG0111800|-17|-73|CG0111801|-16|-73|CG0111801|-16|-73|CG0111801|-16|-73|CG0111802|-16|-70|CG0111803|-17|-59|CG0111804|-17|-57
228|5|8|1000|2|CG0110988|-17|-66|CG0110989|-26|-76
228|5|9|1000|1|CG0110990|-28|-47
228|5|10|1200|10|CG0110982|-17|-74|CG0110983|-21|-65|CG0110984|-22|-47|CG0110984|-22|-47|CG0110985|-21|-35|CG0110985|-21|-35|CG0110986|-19|-13|CG0110986|-19|-13|CG0110987|-20|-12|CG0110987|-20|-12
228|6|0|1200|4|CG0111046|-23|-73|CG0111047|-26|-73|CG0111048|-28|-73|CG0111047|-26|-73
228|6|1|1000|6|CG0111051|-15|-72|CG0111052|-15|-74|CG0111053|-22|-71|CG0111054|-15|-72|CG0111055|-15|-74|CG0111056|-16|-71
228|6|2|400|1|CG0188642|-38|-63
228|6|3|500|6|CG0111021|-22|-66|CG0111022|-22|-67|CG0111023|-22|-66|CG0111024|-22|-67|CG0111025|-22|-68|CG0111026|-25|-67
228|6|4|100|1|CG0196584|-20|-48
228|6|5|1200|30|CG0111012|-17|-72|CG0111012|-17|-72|CG0111013|-16|-70|CG0111013|-16|-70|CG0111014|-18|-69|CG0111014|-18|-69|CG0111014|-18|-69|CG0111014|-18|-69|CG0111015|-15|-70|CG0111015|-15|-70|CG0111016|-26|-85|CG0111016|-26|-85|CG0111017|-40|-59|CG0111017|-40|-59|CG0111018|-36|-53|CG0111018|-36|-53|CG0111018|-36|-53|CG0111018|-36|-53|CG0111018|-36|-53|CG0111018|-36|-53|CG0111018|-36|-53|CG0111018|-36|-53|CG0111019|-45|-60|CG0111019|-45|-60|CG0111019|-45|-60|CG0111019|-45|-60|CG0111020|-32|-71|CG0111020|-32|-71|CG0111020|-32|-71|CG0111020|-32|-71
228|6|6|1000|5|CG0111040|-33|-72|CG0111040|-33|-72|CG0111041|-34|-72|CG0111042|-23|-72|CG0111042|-23|-72
228|6|7|1000|10|CG0111864|-16|-71|CG0111864|-16|-71|CG0111865|-19|-72|CG0111865|-19|-72|CG0111866|-26|-72|CG0111866|-26|-72|CG0111866|-26|-72|CG0111867|-18|-69|CG0111868|-37|-61|CG0111869|-28|-59
228|6|8|1000|2|CG0111035|-27|-66|CG0111036|-26|-73
228|6|9|1000|1|CG0111037|-41|-48
228|6|10|1200|10|CG0111029|-33|-73|CG0111030|-34|-63|CG0111031|-45|-47|CG0111031|-45|-47|CG0111032|-54|-38|CG0111032|-54|-38|CG0111033|-64|-20|CG0111033|-64|-20|CG0111034|-68|-17|CG0111034|-68|-17
228|7|0|1200|4|CG0111093|-11|-72|CG0111094|-11|-72|CG0111095|-14|-73|CG0111094|-11|-72
228|7|1|1000|6|CG0111098|-23|-72|CG0111099|-23|-73|CG0111100|-25|-71|CG0111101|-24|-72|CG0111102|-24|-74|CG0111103|-26|-71
228|7|2|400|1|CG0188687|-44|-60
228|7|3|500|6|CG0111068|-26|-69|CG0111069|-26|-70|CG0111070|-28|-69|CG0111071|-26|-70|CG0111072|-26|-71|CG0111073|-28|-70
228|7|4|100|1|CG0196624|-25|-51
228|7|5|1200|30|CG0111059|-21|-71|CG0111059|-21|-71|CG0111060|-21|-69|CG0111060|-21|-69|CG0111061|-16|-67|CG0111061|-16|-67|CG0111061|-16|-67|CG0111061|-16|-67|CG0111062|-14|-70|CG0111062|-14|-70|CG0111063|-25|-87|CG0111063|-25|-87|CG0111064|-53|-67|CG0111064|-53|-67|CG0111065|-48|-61|CG0111065|-48|-61|CG0111065|-48|-61|CG0111065|-48|-61|CG0111065|-48|-61|CG0111065|-48|-61|CG0111065|-48|-61|CG0111065|-48|-61|CG0111066|-50|-68|CG0111066|-50|-68|CG0111066|-50|-68|CG0111066|-50|-68|CG0111067|-17|-72|CG0111067|-17|-72|CG0111067|-17|-72|CG0111067|-17|-72
228|7|6|1000|5|CG0111087|-17|-71|CG0111087|-17|-71|CG0111088|-27|-76|CG0111089|-34|-79|CG0111089|-34|-79
228|7|7|1000|10|CG0111929|-22|-71|CG0111929|-22|-71|CG0111930|-25|-70|CG0111930|-25|-70|CG0111931|-29|-70|CG0111931|-29|-70|CG0111931|-29|-70|CG0111932|-31|-69|CG0111933|-45|-67|CG0111934|-36|-66
228|7|8|1000|2|CG0111082|-34|-69|CG0111083|-30|-68
228|7|9|1000|1|CG0111084|-32|-53
228|7|10|1200|10|CG0111076|-30|-72|CG0111077|-29|-62|CG0111078|-47|-52|CG0111078|-47|-52|CG0111079|-69|-50|CG0111079|-69|-50|CG0111080|-90|-39|CG0111080|-90|-39|CG0111081|-94|-23|CG0111081|-94|-23
