236|0|0|1200|4|CG0113791|-16|-71|CG0113792|-16|-72|CG0113793|-16|-72|CG0113792|-16|-72
236|0|1|1000|6|CG0113803|-16|-72|CG0113804|-18|-73|CG0113805|-23|-70|CG0113806|-18|-72|CG0113807|-14|-74|CG0113808|-23|-71
236|0|2|400|1|CG0188372|-32|-70
236|0|3|500|6|CG0113754|-28|-72|CG0113755|-26|-73|CG0113756|-25|-72|CG0113757|-28|-72|CG0113758|-32|-74|CG0113759|-29|-72
236|0|4|100|1|CG0196344|-27|-55
236|0|5|800|20|CG0113746|-20|-72|CG0113746|-20|-72|CG0113747|-19|-72|CG0113747|-19|-72|CG0113748|-16|-72|CG0113748|-16|-72|CG0113748|-16|-72|CG0113748|-16|-72|CG0113749|-25|-72|CG0113749|-25|-72|CG0113750|-37|-72|CG0113750|-37|-72|CG0113751|-44|-70|CG0113751|-44|-70|CG0113751|-44|-70|CG0113751|-44|-70|CG0113752|-29|-74|CG0113752|-29|-74|CG0113753|-21|-72|CG0113753|-21|-72
236|0|6|1000|5|CG0113781|-29|-71|CG0113781|-29|-71|CG0113782|-26|-72|CG0113783|-16|-72|CG0113783|-16|-72
236|0|7|1000|10|CG0113794|-19|-71|CG0113794|-19|-71|CG0113795|-19|-71|CG0113795|-19|-71|CG0113796|-17|-69|CG0113796|-17|-69|CG0113796|-17|-69|CG0113797|-27|-70|CG0113798|-30|-73|CG0113799|-30|-73
236|0|8|1000|2|CG0113772|-29|-71|CG0113773|-28|-58
236|0|9|1000|1|CG0113778|-25|-58
236|0|10|1200|10|CG0113766|-15|-72|CG0113767|-16|-62|CG0113768|-25|-57|CG0113768|-25|-57|CG0113769|-34|-61|CG0113769|-34|-61|CG0113770|-48|-56|CG0113770|-48|-56|CG0113771|-56|-43|CG0113771|-56|-43
236|1|0|1200|4|CG0113856|-18|-73|CG0113857|-18|-73|CG0113858|-18|-73|CG0113857|-18|-73
236|1|1|1000|6|CG0113868|-16|-72|CG0113869|-17|-74|CG0113870|-17|-71|CG0113871|-16|-73|CG0113872|-16|-75|CG0113873|-17|-72
236|1|2|400|1|CG0188417|-17|-71
236|1|3|500|6|CG0113819|-19|-74|CG0113820|-28|-75|CG0113821|-27|-74|CG0113822|-30|-75|CG0113823|-24|-77|CG0113824|-18|-75
236|1|4|100|1|CG0196384|-26|-58
236|1|5|800|20|CG0113811|-20|-73|CG0113811|-20|-73|CG0113812|-17|-71|CG0113812|-17|-71|CG0113813|-13|-69|CG0113813|-13|-69|CG0113813|-13|-69|CG0113813|-13|-69|CG0113814|-15|-72|CG0113814|-15|-72|CG0113815|-21|-77|CG0113815|-21|-77|CG0113816|-21|-76|CG0113816|-21|-76|CG0113816|-21|-76|CG0113816|-21|-76|CG0113817|-18|-77|CG0113817|-18|-77|CG0113818|-17|-74|CG0113818|-17|-74
236|1|6|1000|5|CG0113846|-37|-72|CG0113846|-37|-72|CG0113847|-21|-73|CG0113848|-18|-74|CG0113848|-18|-74
236|1|7|1000|10|CG0113859|-20|-73|CG0113859|-20|-73|CG0113860|-19|-70|CG0113860|-19|-70|CG0113861|-16|-66|CG0113861|-16|-66|CG0113861|-16|-66|CG0113862|-21|-71|CG0113863|-27|-76|CG0113864|-28|-76
236|1|8|1000|2|CG0113837|-19|-73|CG0113838|-25|-54
236|1|9|1000|1|CG0113843|-21|-62
236|1|10|1200|10|CG0113831|-18|-73|CG0113832|-18|-61|CG0113833|-23|-60|CG0113833|-23|-60|CG0113834|-22|-66|CG0113834|-22|-66|CG0113835|-21|-64|CG0113835|-21|-64|CG0113836|-20|-53|CG0113836|-20|-53
236|2|0|1200|4|CG0113921|-19|-73|CG0113922|-19|-73|CG0113923|-18|-73|CG0113922|-19|-73
236|2|1|1000|6|CG0113933|-18|-72|CG0113934|-18|-73|CG0113935|-22|-70|CG0113936|-19|-72|CG0113937|-17|-74|CG0113938|-19|-71
236|2|2|400|1|CG0188462|-33|-62
236|2|3|500|6|CG0113884|-21|-73|CG0113885|-17|-74|CG0113886|-27|-73|CG0113887|-18|-74|CG0113888|-23|-75|CG0113889|-29|-73
236|2|4|100|1|CG0196424|-14|-57
236|2|5|800|20|CG0113876|-20|-74|CG0113876|-20|-74|CG0113877|-20|-69|CG0113877|-20|-69|CG0113878|-18|-66|CG0113878|-18|-66|CG0113878|-18|-66|CG0113878|-18|-66|CG0113879|-13|-71|CG0113879|-13|-71|CG0113880|-10|-73|CG0113880|-10|-73|CG0113881|-9|-74|CG0113881|-9|-74|CG0113881|-9|-74|CG0113881|-9|-74|CG0113882|-7|-75|CG0113882|-7|-75|CG0113883|-15|-74|CG0113883|-15|-74
236|2|6|1000|5|CG0113911|-27|-72|CG0113911|-27|-72|CG0113912|-19|-73|CG0113913|-17|-74|CG0113913|-17|-74
236|2|7|1000|10|CG0113924|-19|-74|CG0113924|-19|-74|CG0113925|-20|-71|CG0113925|-20|-71|CG0113926|-20|-68|CG0113926|-20|-68|CG0113926|-20|-68|CG0113927|-19|-72|CG0113928|-14|-75|CG0113929|-17|-75
236|2|8|1000|2|CG0113902|-14|-73|CG0113903|-28|-58
236|2|9|1000|1|CG0113908|-14|-60
236|2|10|1200|10|CG0113896|-19|-73|CG0113897|-19|-62|CG0113898|-20|-58|CG0113898|-20|-58|CG0113899|-20|-62|CG0113899|-20|-62|CG0113900|-20|-58|CG0113900|-20|-58|CG0113901|-19|-45|CG0113901|-19|-45
236|3|0|1200|4|CG0113986|-18|-74|CG0113987|-18|-74|CG0113988|-18|-74|CG0113987|-18|-74
236|3|1|1000|6|CG0113998|-18|-73|CG0113999|-18|-75|CG0114000|-23|-72|CG0114001|-18|-73|CG0114002|-18|-75|CG0114003|-23|-72
236|3|2|400|1|CG0188507|-36|-53
236|3|3|500|6|CG0113949|-19|-71|CG0113950|-26|-72|CG0113951|-30|-71|CG0113952|-21|-72|CG0113953|-24|-74|CG0113954|-30|-72
236|3|4|100|1|CG0196464|-10|-51
236|3|5|800|20|CG0113941|-16|-75|CG0113941|-16|-75|CG0113942|-20|-72|CG0113942|-20|-72|CG0113943|-25|-69|CG0113943|-25|-69|CG0113943|-25|-69|CG0113943|-25|-69|CG0113944|-12|-70|CG0113944|-12|-70|CG0113945|-17|-65|CG0113945|-17|-65|CG0113946|-22|-64|CG0113946|-22|-64|CG0113946|-22|-64|CG0113946|-22|-64|CG0113947|-10|-68|CG0113947|-10|-68|CG0113948|-13|-74|CG0113948|-13|-74
236|3|6|1000|5|CG0113976|-20|-74|CG0113976|-20|-74|CG0113977|-18|-74|CG0113978|-16|-75|CG0113978|-16|-75
236|3|7|1000|10|CG0113989|-17|-75|CG0113989|-17|-75|CG0113990|-19|-73|CG0113990|-19|-73|CG0113991|-24|-71|CG0113991|-24|-71|CG0113991|-24|-71|CG0113992|-22|-72|CG0113993|-14|-70|CG0113994|-20|-69
236|3|8|1000|2|CG0113967|-10|-71|CG0113968|-36|-63
236|3|9|1000|1|CG0113973|-9|-54
236|3|10|1200|10|CG0113961|-18|-74|CG0113962|-18|-62|CG0113963|-10|-52|CG0113963|-10|-52|CG0113964|-10|-51|CG0113964|-10|-51|CG0113965|-11|-41|CG0113965|-11|-41|CG0113966|-11|-25|CG0113966|-11|-25
236|4|0|1200|4|CG0114051|-16|-74|CG0114052|-17|-74|CG0114053|-17|-74|CG0114052|-17|-74
236|4|1|1000|6|CG0114063|-18|-73|CG0114064|-18|-75|CG0114065|-18|-72|CG0114066|-17|-73|CG0114067|-18|-75|CG0114068|-21|-72
236|4|2|400|1|CG0188552|-25|-51
236|4|3|500|6|CG0114014|-18|-68|CG0114015|-24|-69|CG0114016|-27|-68|CG0114017|-21|-69|CG0114018|-17|-70|CG0114019|-26|-68
236|4|4|100|1|CG0196504|-21|-46
236|4|5|800|20|CG0114006|-18|-75|CG0114006|-18|-75|CG0114007|-23|-74|CG0114007|-23|-74|CG0114008|-27|-72|CG0114008|-27|-72|CG0114008|-27|-72|CG0114008|-27|-72|CG0114009|-17|-68|CG0114009|-17|-68|CG0114010|-18|-57|CG0114010|-18|-57|CG0114011|-25|-54|CG0114011|-25|-54|CG0114011|-25|-54|CG0114011|-25|-54|CG0114012|-13|-61|CG0114012|-13|-61|CG0114013|-14|-72|CG0114013|-14|-72
236|4|6|1000|5|CG0114041|-23|-75|CG0114041|-23|-75|CG0114042|-17|-75|CG0114043|-16|-74|CG0114043|-16|-74
236|4|7|1000|10|CG0114054|-18|-73|CG0114054|-18|-73|CG0114055|-23|-74|CG0114055|-23|-74|CG0114056|-19|-72|CG0114056|-19|-72|CG0114056|-19|-72|CG0114057|-25|-71|CG0114058|-15|-62|CG0114059|-22|-61
236|4|8|1000|2|CG0114032|-12|-68|CG0114033|-32|-71
236|4|9|1000|1|CG0114038|-11|-50
236|4|10|1200|10|CG0114026|-17|-74|CG0114027|-17|-65|CG0114028|-20|-49|CG0114028|-20|-49|CG0114029|-20|-41|CG0114029|-20|-41|CG0114030|-19|-21|CG0114030|-19|-21|CG0114031|-18|-17|CG0114031|-18|-17
236|5|0|1200|4|CG0114116|-16|-73|CG0114117|-17|-73|CG0114118|-17|-73|CG0114117|-17|-73
236|5|1|1000|6|CG0114128|-17|-73|CG0114129|-17|-75|CG0114130|-17|-72|CG0114131|-17|-73|CG0114132|-18|-75|CG0114133|-17|-72
236|5|2|400|1|CG0188597|-19|-60
236|5|3|500|6|CG0114079|-31|-66|CG0114080|-20|-67|CG0114081|-16|-65|CG0114082|-27|-66|CG0114083|-29|-68|CG0114084|-27|-66
236|5|4|100|1|CG0196544|-24|-45
236|5|5|800|20|CG0114071|-15|-73|CG0114071|-15|-73|CG0114072|-16|-74|CG0114072|-16|-74|CG0114073|-19|-74|CG0114073|-19|-74|CG0114073|-19|-74|CG0114073|-19|-74|CG0114074|-19|-68|CG0114074|-19|-68|CG0114075|-16|-53|CG0114075|-16|-53|CG0114076|-17|-47|CG0114076|-17|-47|CG0114076|-17|-47|CG0114076|-17|-47|CG0114077|-17|-59|CG0114077|-17|-59|CG0114078|-16|-70|CG0114078|-16|-70
236|5|6|1000|5|CG0114106|-34|-74|CG0114106|-34|-74|CG0114107|-18|-73|CG0114108|-16|-73|CG0114108|-16|-73
236|5|7|1000|10|CG0114119|-17|-72|CG0114119|-17|-72|CG0114120|-17|-73|CG0114120|-17|-73|CG0114121|-16|-73|CG0114121|-16|-73|CG0114121|-16|-73|CG0114122|-16|-70|CG0114123|-16|-58|CG0114124|-16|-56
236|5|8|1000|2|CG0114097|-17|-65|CG0114098|-26|-75
236|5|9|1000|1|CG0114103|-16|-46
236|5|10|1200|10|CG0114091|-16|-73|CG0114092|-16|-64|CG0114093|-22|-46|CG0114093|-22|-46|CG0114094|-21|-34|CG0114094|-21|-34|CG0114095|-20|-13|CG0114095|-20|-13|CG0114096|-20|-12|CG0114096|-20|-12
236|6|0|1200|4|CG0114181|-16|-72|CG0114182|-16|-72|CG0114183|-16|-72|CG0114182|-16|-72
236|6|1|1000|6|CG0114193|-17|-72|CG0114194|-14|-74|CG0114195|-22|-71|CG0114196|-15|-72|CG0114197|-18|-74|CG0114198|-22|-71
236|6|2|400|1|CG0188642|-38|-63
236|6|3|500|6|CG0114144|-27|-66|CG0114145|-28|-67|CG0114146|-26|-66|CG0114147|-33|-67|CG0114148|-26|-68|CG0114149|-25|-66
236|6|4|100|1|CG0196584|-20|-48
236|6|5|800|20|CG0114136|-12|-72|CG0114136|-12|-72|CG0114137|-27|-73|CG0114137|-27|-73|CG0114138|-25|-74|CG0114138|-25|-74|CG0114138|-25|-74|CG0114138|-25|-74|CG0114139|-21|-69|CG0114139|-21|-69|CG0114140|-44|-57|CG0114140|-44|-57|CG0114141|-47|-51|CG0114141|-47|-51|CG0114141|-47|-51|CG0114141|-47|-51|CG0114142|-37|-59|CG0114142|-37|-59|CG0114143|-19|-71|CG0114143|-19|-71
236|6|6|1000|5|CG0114171|-27|-73|CG0114171|-27|-73|CG0114172|-23|-72|CG0114173|-15|-72|CG0114173|-15|-72
236|6|7|1000|10|CG0114184|-16|-71|CG0114184|-16|-71|CG0114185|-19|-71|CG0114185|-19|-71|CG0114186|-26|-72|CG0114186|-26|-72|CG0114186|-26|-72|CG0114187|-18|-69|CG0114188|-37|-60|CG0114189|-28|-59
236|6|8|1000|2|CG0114162|-26|-66|CG0114163|-26|-73
236|6|9|1000|1|CG0114168|-26|-47
236|6|10|1200|10|CG0114156|-15|-72|CG0114157|-17|-62|CG0114158|-24|-47|CG0114158|-24|-47|CG0114159|-35|-38|CG0114159|-35|-38|CG0114160|-51|-19|CG0114160|-51|-19|CG0114161|-60|-17|CG0114161|-60|-17
236|7|0|1200|4|CG0114246|-13|-72|CG0114247|-13|-72|CG0114248|-13|-72|CG0114247|-13|-72
236|7|1|1000|6|CG0114258|-15|-72|CG0114259|-14|-74|CG0114260|-25|-71|CG0114261|-16|-72|CG0114262|-15|-74|CG0114263|-26|-72
236|7|2|400|1|CG0188687|-44|-60
236|7|3|500|6|CG0114209|-24|-69|CG0114210|-23|-70|CG0114211|-29|-69|CG0114212|-23|-70|CG0114213|-24|-71|CG0114214|-29|-70
236|7|4|100|1|CG0196624|-25|-51
236|7|5|800|20|CG0114201|-19|-71|CG0114201|-19|-71|CG0114202|-26|-72|CG0114202|-26|-72|CG0114203|-21|-73|CG0114203|-21|-73|CG0114203|-21|-73|CG0114203|-21|-73|CG0114204|-28|-71|CG0114204|-28|-71|CG0114205|-53|-63|CG0114205|-53|-63|CG0114206|-60|-60|CG0114206|-60|-60|CG0114206|-60|-60|CG0114206|-60|-60|CG0114207|-33|-68|CG0114207|-33|-68|CG0114208|-20|-71|CG0114208|-20|-71
236|7|6|1000|5|CG0114236|-11|-72|CG0114236|-11|-72|CG0114237|-18|-72|CG0114238|-15|-72|CG0114238|-15|-72
236|7|7|1000|10|CG0114249|-22|-71|CG0114249|-22|-71|CG0114250|-25|-70|CG0114250|-25|-70|CG0114251|-29|-70|CG0114251|-29|-70|CG0114251|-29|-70|CG0114252|-31|-69|CG0114253|-45|-67|CG0114254|-36|-66
236|7|8|1000|2|CG0114227|-26|-68|CG0114228|-30|-67
236|7|9|1000|1|CG0114233|-32|-52
236|7|10|1200|10|CG0114221|-13|-72|CG0114222|-19|-62|CG0114223|-26|-52|CG0114223|-26|-52|CG0114224|-44|-49|CG0114224|-44|-49|CG0114225|-65|-39|CG0114225|-65|-39|CG0114226|-77|-23|CG0114226|-77|-23
