257|0|0|1200|4|CG0122108|-30|-71|CG0122109|-28|-71|CG0122110|-25|-71|CG0122109|-28|-71
257|0|1|1000|6|CG0122113|-29|-72|CG0122114|-29|-73|CG0122115|-29|-70|CG0122116|-29|-72|CG0122117|-29|-73|CG0122118|-29|-71
257|0|2|400|1|CG0188372|-32|-70
257|0|3|600|6|CG0122082|-19|-72|CG0122083|-19|-75|CG0122084|-19|-73|CG0122085|-19|-72|CG0122086|-19|-75|CG0122087|-21|-73
257|0|4|100|1|CG0196344|-27|-55
257|0|5|1500|38|CG0122074|-14|-71|CG0122074|-14|-71|CG0122074|-14|-71|CG0122074|-14|-71|CG0122075|-19|-74|CG0122075|-19|-74|CG0122075|-19|-74|CG0122075|-19|-74|CG0122076|-22|-74|CG0122076|-22|-74|CG0122076|-22|-74|CG0122076|-22|-74|CG0122076|-22|-74|CG0122076|-22|-74|CG0122076|-22|-74|CG0122076|-22|-74|CG0122077|-39|-74|CG0122077|-39|-74|CG0122078|-49|-76|CG0122078|-49|-76|CG0122079|-46|-90|CG0122079|-46|-90|CG0122079|-46|-90|CG0122079|-46|-90|CG0122079|-46|-90|CG0122079|-46|-90|CG0122079|-46|-90|CG0122079|-46|-90|CG0122079|-46|-90|CG0122079|-46|-90|CG0122080|-20|-91|CG0122080|-20|-91|CG0122080|-20|-91|CG0122080|-20|-91|CG0122081|-26|-72|CG0122081|-26|-72|CG0122081|-26|-72|CG0122081|-26|-72
257|0|6|1500|13|CG0122101|-27|-73|CG0122101|-27|-73|CG0122102|-33|-75|CG0122102|-33|-75|CG0122102|-33|-75|CG0122102|-33|-75|CG0122103|-34|-72|CG0122103|-34|-72|CG0122104|-36|-73|CG0122104|-36|-73|CG0122104|-36|-73|CG0122104|-36|-73|CG0122104|-36|-73
257|0|7|1200|12|CG0120843|-24|-70|CG0120843|-24|-70|CG0120844|-24|-69|CG0120844|-24|-69|CG0120845|-18|-68|CG0120845|-18|-68|CG0120845|-18|-68|CG0120846|-32|-69|CG0120846|-32|-69|CG0120847|-36|-73|CG0120848|-47|-74|CG0120848|-47|-74
257|0|8|1000|2|CG0122096|-29|-73|CG0122097|-19|-51
257|0|9|1000|1|CG0122098|-42|-69
257|0|10|1500|16|CG0122090|-21|-72|CG0122090|-21|-72|CG0122091|-19|-64|CG0122091|-19|-64|CG0122092|-15|-52|CG0122092|-15|-52|CG0122092|-15|-52|CG0122092|-15|-52|CG0122092|-15|-52|CG0122093|-23|-48|CG0122093|-23|-48|CG0122094|-30|-51|CG0122094|-30|-51|CG0122095|-65|-34|CG0122095|-65|-34|CG0122095|-65|-34
257|1|0|1200|4|CG0122155|-31|-71|CG0122156|-32|-71|CG0122157|-33|-71|CG0122156|-32|-71
257|1|1|1000|6|CG0122160|-31|-71|CG0122161|-32|-73|CG0122162|-31|-70|CG0122163|-31|-71|CG0122164|-31|-72|CG0122165|-31|-70
257|1|2|400|1|CG0188417|-17|-71
257|1|3|600|6|CG0122129|-20|-73|CG0122130|-20|-76|CG0122131|-20|-74|CG0122132|-20|-73|CG0122133|-20|-76|CG0122134|-20|-74
257|1|4|100|1|CG0196384|-26|-58
257|1|5|1500|38|CG0122121|-19|-71|CG0122121|-19|-71|CG0122121|-19|-71|CG0122121|-19|-71|CG0122122|-19|-75|CG0122122|-19|-75|CG0122122|-19|-75|CG0122122|-19|-75|CG0122123|-20|-75|CG0122123|-20|-75|CG0122123|-20|-75|CG0122123|-20|-75|CG0122123|-20|-75|CG0122123|-20|-75|CG0122123|-20|-75|CG0122123|-20|-75|CG0122124|-20|-74|CG0122124|-20|-74|CG0122125|-15|-81|CG0122125|-15|-81|CG0122126|-27|-105|CG0122126|-27|-105|CG0122126|-27|-105|CG0122126|-27|-105|CG0122126|-27|-105|CG0122126|-27|-105|CG0122126|-27|-105|CG0122126|-27|-105|CG0122126|-27|-105|CG0122126|-27|-105|CG0122127|-22|-89|CG0122127|-22|-89|CG0122127|-22|-89|CG0122127|-22|-89|CG0122128|-20|-72|CG0122128|-20|-72|CG0122128|-20|-72|CG0122128|-20|-72
257|1|6|1500|13|CG0122148|-29|-72|CG0122148|-29|-72|CG0122149|-29|-75|CG0122149|-29|-75|CG0122149|-29|-75|CG0122149|-29|-75|CG0122150|-28|-72|CG0122150|-28|-72|CG0122151|-28|-71|CG0122151|-28|-71|CG0122151|-28|-71|CG0122151|-28|-71|CG0122151|-28|-71
257|1|7|1200|12|CG0120909|-21|-70|CG0120909|-21|-70|CG0120910|-20|-68|CG0120910|-20|-68|CG0120911|-16|-64|CG0120911|-16|-64|CG0120911|-16|-64|CG0120912|-16|-68|CG0120912|-16|-68|CG0120913|-26|-78|CG0120914|-26|-83|CG0120914|-26|-83
257|1|8|1000|2|CG0122143|-29|-75|CG0122144|-35|-46
257|1|9|1000|1|CG0122145|-32|-70
257|1|10|1500|16|CG0122137|-29|-71|CG0122137|-29|-71|CG0122138|-30|-63|CG0122138|-30|-63|CG0122139|-30|-52|CG0122139|-30|-52|CG0122139|-30|-52|CG0122139|-30|-52|CG0122139|-30|-52|CG0122140|-30|-48|CG0122140|-30|-48|CG0122141|-27|-56|CG0122141|-27|-56|CG0122142|-22|-42|CG0122142|-22|-42|CG0122142|-22|-42
257|2|0|1200|4|CG0122202|-22|-73|CG0122203|-22|-73|CG0122204|-23|-73|CG0122203|-22|-73
257|2|1|1000|6|CG0122207|-19|-72|CG0122208|-19|-73|CG0122209|-19|-70|CG0122210|-20|-72|CG0122211|-19|-73|CG0122212|-22|-71
257|2|2|400|1|CG0188462|-33|-62
257|2|3|600|6|CG0122176|-19|-74|CG0122177|-21|-77|CG0122178|-30|-74|CG0122179|-20|-74|CG0122180|-17|-77|CG0122181|-21|-74
257|2|4|100|1|CG0196424|-14|-57
257|2|5|1500|38|CG0122168|-39|-71|CG0122168|-39|-71|CG0122168|-39|-71|CG0122168|-39|-71|CG0122169|-35|-74|CG0122169|-35|-74|CG0122169|-35|-74|CG0122169|-35|-74|CG0122170|-24|-73|CG0122170|-24|-73|CG0122170|-24|-73|CG0122170|-24|-73|CG0122170|-24|-73|CG0122170|-24|-73|CG0122170|-24|-73|CG0122170|-24|-73|CG0122171|-17|-71|CG0122171|-17|-71|CG0122172|-13|-75|CG0122172|-13|-75|CG0122173|-11|-108|CG0122173|-11|-108|CG0122173|-11|-108|CG0122173|-11|-108|CG0122173|-11|-108|CG0122173|-11|-108|CG0122173|-11|-108|CG0122173|-11|-108|CG0122173|-11|-108|CG0122173|-11|-108|CG0122174|-14|-75|CG0122174|-14|-75|CG0122174|-14|-75|CG0122174|-14|-75|CG0122175|-18|-73|CG0122175|-18|-73|CG0122175|-18|-73|CG0122175|-18|-73
257|2|6|1500|13|CG0122195|-21|-73|CG0122195|-21|-73|CG0122196|-22|-75|CG0122196|-22|-75|CG0122196|-22|-75|CG0122196|-22|-75|CG0122197|-20|-72|CG0122197|-20|-72|CG0122198|-20|-71|CG0122198|-20|-71|CG0122198|-20|-71|CG0122198|-20|-71|CG0122198|-20|-71
257|2|7|1200|12|CG0120975|-20|-71|CG0120975|-20|-71|CG0120976|-22|-68|CG0120976|-22|-68|CG0120977|-22|-63|CG0120977|-22|-63|CG0120977|-22|-63|CG0120978|-13|-65|CG0120978|-13|-65|CG0120979|-8|-77|CG0120980|-13|-81|CG0120980|-13|-81
257|2|8|1000|2|CG0122190|-25|-73|CG0122191|-35|-51
257|2|9|1000|1|CG0122192|-26|-68
257|2|10|1500|16|CG0122184|-20|-72|CG0122184|-20|-72|CG0122185|-24|-65|CG0122185|-24|-65|CG0122186|-30|-56|CG0122186|-30|-56|CG0122186|-30|-56|CG0122186|-30|-56|CG0122186|-30|-56|CG0122187|-28|-52|CG0122187|-28|-52|CG0122188|-31|-59|CG0122188|-31|-59|CG0122189|-30|-41|CG0122189|-30|-41|CG0122189|-30|-41
257|3|0|1200|4|CG0122249|-17|-75|CG0122250|-17|-75|CG0122251|-17|-74|CG0122250|-17|-75
257|3|1|1000|6|CG0122254|-18|-73|CG0122255|-17|-74|CG0122256|-24|-71|CG0122257|-18|-73|CG0122258|-18|-74|CG0122259|-23|-71
257|3|2|400|1|CG0188507|-36|-53
257|3|3|600|6|CG0122223|-50|-72|CG0122224|-51|-75|CG0122225|-50|-72|CG0122226|-50|-72|CG0122227|-51|-75|CG0122228|-50|-72
257|3|4|100|1|CG0196464|-10|-51
257|3|5|1500|38|CG0122215|-59|-71|CG0122215|-59|-71|CG0122215|-59|-71|CG0122215|-59|-71|CG0122216|-51|-70|CG0122216|-51|-70|CG0122216|-51|-70|CG0122216|-51|-70|CG0122217|-43|-68|CG0122217|-43|-68|CG0122217|-43|-68|CG0122217|-43|-68|CG0122217|-43|-68|CG0122217|-43|-68|CG0122217|-43|-68|CG0122217|-43|-68|CG0122218|-13|-64|CG0122218|-13|-64|CG0122219|-8|-70|CG0122219|-8|-70|CG0122220|-7|-99|CG0122220|-7|-99|CG0122220|-7|-99|CG0122220|-7|-99|CG0122220|-7|-99|CG0122220|-7|-99|CG0122220|-7|-99|CG0122220|-7|-99|CG0122220|-7|-99|CG0122220|-7|-99|CG0122221|-11|-72|CG0122221|-11|-72|CG0122221|-11|-72|CG0122221|-11|-72|CG0122222|-38|-72|CG0122222|-38|-72|CG0122222|-38|-72|CG0122222|-38|-72
257|3|6|1500|13|CG0122242|-16|-73|CG0122242|-16|-73|CG0122243|-17|-72|CG0122243|-17|-72|CG0122243|-17|-72|CG0122243|-17|-72|CG0122244|-17|-73|CG0122244|-17|-73|CG0122245|-18|-73|CG0122245|-18|-73|CG0122245|-18|-73|CG0122245|-18|-73|CG0122245|-18|-73
257|3|7|1200|12|CG0121041|-17|-72|CG0121041|-17|-72|CG0121042|-21|-70|CG0121042|-21|-70|CG0121043|-36|-66|CG0121043|-36|-66|CG0121043|-36|-66|CG0121044|-19|-64|CG0121044|-19|-64|CG0121045|-9|-71|CG0121046|-14|-70|CG0121046|-14|-70
257|3|8|1000|2|CG0122237|-20|-68|CG0122238|-45|-63
257|3|9|1000|1|CG0122239|-23|-61
257|3|10|1500|16|CG0122231|-17|-73|CG0122231|-17|-73|CG0122232|-22|-68|CG0122232|-22|-68|CG0122233|-29|-61|CG0122233|-29|-61|CG0122233|-29|-61|CG0122233|-29|-61|CG0122233|-29|-61|CG0122234|-29|-57|CG0122234|-29|-57|CG0122235|-30|-58|CG0122235|-30|-58|CG0122236|-29|-29|CG0122236|-29|-29|CG0122236|-29|-29
257|4|0|1200|4|CG0122296|-35|-75|CG0122297|-28|-75|CG0122298|-19|-75|CG0122297|-28|-75
257|4|1|1000|6|CG0122301|-31|-74|CG0122302|-32|-75|CG0122303|-32|-72|CG0122304|-32|-74|CG0122305|-31|-75|CG0122306|-31|-72
257|4|2|400|1|CG0188552|-25|-51
257|4|3|600|6|CG0122270|-53|-68|CG0122271|-53|-71|CG0122272|-53|-68|CG0122273|-53|-68|CG0122274|-53|-71|CG0122275|-53|-68
257|4|4|100|1|CG0196504|-21|-46
257|4|5|1500|38|CG0122262|-45|-71|CG0122262|-45|-71|CG0122262|-45|-71|CG0122262|-45|-71|CG0122263|-38|-66|CG0122263|-38|-66|CG0122263|-38|-66|CG0122263|-38|-66|CG0122264|-37|-70|CG0122264|-37|-70|CG0122264|-37|-70|CG0122264|-37|-70|CG0122264|-37|-70|CG0122264|-37|-70|CG0122264|-37|-70|CG0122264|-37|-70|CG0122265|-30|-59|CG0122265|-30|-59|CG0122266|-7|-64|CG0122266|-7|-64|CG0122267|-6|-83|CG0122267|-6|-83|CG0122267|-6|-83|CG0122267|-6|-83|CG0122267|-6|-83|CG0122267|-6|-83|CG0122267|-6|-83|CG0122267|-6|-83|CG0122267|-6|-83|CG0122267|-6|-83|CG0122268|-11|-70|CG0122268|-11|-70|CG0122268|-11|-70|CG0122268|-11|-70|CG0122269|-56|-71|CG0122269|-56|-71|CG0122269|-56|-71|CG0122269|-56|-71
257|4|6|1500|13|CG0122289|-32|-73|CG0122289|-32|-73|CG0122290|-26|-69|CG0122290|-26|-69|CG0122290|-26|-69|CG0122290|-26|-69|CG0122291|-24|-74|CG0122291|-24|-74|CG0122292|-26|-74|CG0122292|-26|-74|CG0122292|-26|-74|CG0122292|-26|-74|CG0122292|-26|-74
257|4|7|1200|12|CG0121107|-18|-73|CG0121107|-18|-73|CG0121108|-25|-73|CG0121108|-25|-73|CG0121109|-35|-72|CG0121109|-35|-72|CG0121109|-35|-72|CG0121110|-26|-64|CG0121110|-26|-64|CG0121111|-12|-61|CG0121112|-22|-54|CG0121112|-22|-54
257|4|8|1000|2|CG0122284|-25|-64|CG0122285|-34|-74
257|4|9|1000|1|CG0122286|-26|-55
257|4|10|1500|16|CG0122278|-20|-74|CG0122278|-20|-74|CG0122279|-22|-71|CG0122279|-22|-71|CG0122280|-24|-65|CG0122280|-24|-65|CG0122280|-24|-65|CG0122280|-24|-65|CG0122280|-24|-65|CG0122281|-21|-62|CG0122281|-21|-62|CG0122282|-24|-53|CG0122282|-24|-53|CG0122283|-17|-26|CG0122283|-17|-26|CG0122283|-17|-26
257|5|0|1200|4|CG0122343|-51|-74|CG0122344|-50|-74|CG0122345|-48|-74|CG0122344|-50|-74
257|5|1|1000|6|CG0122348|-51|-74|CG0122349|-52|-75|CG0122350|-51|-73|CG0122351|-52|-74|CG0122352|-51|-75|CG0122353|-51|-73
257|5|2|400|1|CG0188597|-19|-60
257|5|3|600|6|CG0122317|-27|-69|CG0122318|-27|-71|CG0122319|-27|-69|CG0122320|-27|-69|CG0122321|-27|-71|CG0122322|-27|-69
257|5|4|100|1|CG0196544|-24|-45
257|5|5|1500|38|CG0122309|-13|-71|CG0122309|-13|-71|CG0122309|-13|-71|CG0122309|-13|-71|CG0122310|-16|-72|CG0122310|-16|-72|CG0122310|-16|-72|CG0122310|-16|-72|CG0122311|-18|-79|CG0122311|-18|-79|CG0122311|-18|-79|CG0122311|-18|-79|CG0122311|-18|-79|CG0122311|-18|-79|CG0122311|-18|-79|CG0122311|-18|-79|CG0122312|-39|-58|CG0122312|-39|-58|CG0122313|-19|-62|CG0122313|-19|-62|CG0122314|-18|-68|CG0122314|-18|-68|CG0122314|-18|-68|CG0122314|-18|-68|CG0122314|-18|-68|CG0122314|-18|-68|CG0122314|-18|-68|CG0122314|-18|-68|CG0122314|-18|-68|CG0122314|-18|-68|CG0122315|-30|-68|CG0122315|-30|-68|CG0122315|-30|-68|CG0122315|-30|-68|CG0122316|-42|-70|CG0122316|-42|-70|CG0122316|-42|-70|CG0122316|-42|-70
257|5|6|1500|13|CG0122336|-54|-73|CG0122336|-54|-73|CG0122337|-53|-68|CG0122337|-53|-68|CG0122337|-53|-68|CG0122337|-53|-68|CG0122338|-53|-74|CG0122338|-53|-74|CG0122339|-55|-74|CG0122339|-55|-74|CG0122339|-55|-74|CG0122339|-55|-74|CG0122339|-55|-74
257|5|7|1200|12|CG0121173|-16|-73|CG0121173|-16|-73|CG0121174|-17|-75|CG0121174|-17|-75|CG0121175|-18|-76|CG0121175|-18|-76|CG0121175|-18|-76|CG0121176|-20|-66|CG0121176|-20|-66|CG0121177|-20|-55|CG0121178|-20|-44|CG0121178|-20|-44
257|5|8|1000|2|CG0122331|-48|-62|CG0122332|-27|-78
257|5|9|1000|1|CG0122333|-51|-53
257|5|10|1500|16|CG0122325|-40|-74|CG0122325|-40|-74|CG0122326|-40|-71|CG0122326|-40|-71|CG0122327|-39|-65|CG0122327|-39|-65|CG0122327|-39|-65|CG0122327|-39|-65|CG0122327|-39|-65|CG0122328|-43|-62|CG0122328|-43|-62|CG0122329|-26|-48|CG0122329|-26|-48|CG0122330|-20|-21|CG0122330|-20|-21|CG0122330|-20|-21
257|6|0|1200|4|CG0122390|-37|-72|CG0122391|-43|-73|CG0122392|-48|-73|CG0122391|-43|-73
257|6|1|1000|6|CG0122395|-41|-74|CG0122396|-41|-75|CG0122397|-41|-72|CG0122398|-41|-74|CG0122399|-41|-75|CG0122400|-41|-73
257|6|2|400|1|CG0188642|-38|-63
257|6|3|600|6|CG0122364|-22|-70|CG0122365|-22|-73|CG0122366|-22|-71|CG0122367|-22|-70|CG0122368|-22|-73|CG0122369|-22|-71
257|6|4|100|1|CG0196584|-20|-48
257|6|5|1500|38|CG0122356|-24|-71|CG0122356|-24|-71|CG0122356|-24|-71|CG0122356|-24|-71|CG0122357|-27|-66|CG0122357|-27|-66|CG0122357|-27|-66|CG0122357|-27|-66|CG0122358|-27|-76|CG0122358|-27|-76|CG0122358|-27|-76|CG0122358|-27|-76|CG0122358|-27|-76|CG0122358|-27|-76|CG0122358|-27|-76|CG0122358|-27|-76|CG0122359|-28|-63|CG0122359|-28|-63|CG0122360|-56|-65|CG0122360|-56|-65|CG0122361|-29|-66|CG0122361|-29|-66|CG0122361|-29|-66|CG0122361|-29|-66|CG0122361|-29|-66|CG0122361|-29|-66|CG0122361|-29|-66|CG0122361|-29|-66|CG0122361|-29|-66|CG0122361|-29|-66|CG0122362|-56|-68|CG0122362|-56|-68|CG0122362|-56|-68|CG0122362|-56|-68|CG0122363|-14|-70|CG0122363|-14|-70|CG0122363|-14|-70|CG0122363|-14|-70
257|6|6|1500|13|CG0122383|-44|-73|CG0122383|-44|-73|CG0122384|-49|-68|CG0122384|-49|-68|CG0122384|-49|-68|CG0122384|-49|-68|CG0122385|-52|-74|CG0122385|-52|-74|CG0122386|-50|-74|CG0122386|-50|-74|CG0122386|-50|-74|CG0122386|-50|-74|CG0122386|-50|-74
257|6|7|1200|12|CG0121239|-13|-72|CG0121239|-13|-72|CG0121240|-15|-75|CG0121240|-15|-75|CG0121241|-22|-76|CG0121241|-22|-76|CG0121241|-22|-76|CG0121242|-22|-68|CG0121242|-22|-68|CG0121243|-43|-56|CG0121244|-33|-46|CG0121244|-33|-46
257|6|8|1000|2|CG0122378|-52|-64|CG0122379|-40|-74
257|6|9|1000|1|CG0122380|-53|-55
257|6|10|1500|16|CG0122372|-45|-74|CG0122372|-45|-74|CG0122373|-47|-69|CG0122373|-47|-69|CG0122374|-50|-61|CG0122374|-50|-61|CG0122374|-50|-61|CG0122374|-50|-61|CG0122374|-50|-61|CG0122375|-55|-58|CG0122375|-55|-58|CG0122376|-66|-44|CG0122376|-66|-44|CG0122377|-53|-19|CG0122377|-53|-19|CG0122377|-53|-19
257|7|0|1200|4|CG0122437|-13|-71|CG0122438|-14|-71|CG0122439|-21|-71|CG0122438|-14|-71
257|7|1|1000|6|CG0122442|-12|-73|CG0122443|-12|-74|CG0122444|-23|-71|CG0122445|-12|-73|CG0122446|-12|-74|CG0122447|-24|-71
257|7|2|400|1|CG0188687|-44|-60
257|7|3|600|6|CG0122411|-27|-69|CG0122412|-27|-72|CG0122413|-27|-70|CG0122414|-27|-69|CG0122415|-27|-72|CG0122416|-27|-70
257|7|4|100|1|CG0196624|-25|-51
257|7|5|1500|38|CG0122403|-24|-71|CG0122403|-24|-71|CG0122403|-24|-71|CG0122403|-24|-71|CG0122404|-27|-71|CG0122404|-27|-71|CG0122404|-27|-71|CG0122404|-27|-71|CG0122405|-30|-69|CG0122405|-30|-69|CG0122405|-30|-69|CG0122405|-30|-69|CG0122405|-30|-69|CG0122405|-30|-69|CG0122405|-30|-69|CG0122405|-30|-69|CG0122406|-38|-70|CG0122406|-38|-70|CG0122407|-74|-71|CG0122407|-74|-71|CG0122408|-41|-75|CG0122408|-41|-75|CG0122408|-41|-75|CG0122408|-41|-75|CG0122408|-41|-75|CG0122408|-41|-75|CG0122408|-41|-75|CG0122408|-41|-75|CG0122408|-41|-75|CG0122408|-41|-75|CG0122409|-48|-79|CG0122409|-48|-79|CG0122409|-48|-79|CG0122409|-48|-79|CG0122410|-27|-71|CG0122410|-27|-71|CG0122410|-27|-71|CG0122410|-27|-71
257|7|6|1500|13|CG0122430|-13|-73|CG0122430|-13|-73|CG0122431|-21|-72|CG0122431|-21|-72|CG0122431|-21|-72|CG0122431|-21|-72|CG0122432|-24|-73|CG0122432|-24|-73|CG0122433|-25|-73|CG0122433|-25|-73|CG0122433|-25|-73|CG0122433|-25|-73|CG0122433|-25|-73
257|7|7|1200|12|CG0121305|-18|-71|CG0121305|-18|-71|CG0121306|-22|-72|CG0121306|-22|-72|CG0121307|-25|-72|CG0121307|-25|-72|CG0121307|-25|-72|CG0121308|-37|-69|CG0121308|-37|-69|CG0121309|-53|-63|CG0121310|-52|-58|CG0121310|-52|-58
257|7|8|1000|2|CG0122425|-28|-68|CG0122426|-37|-63
257|7|9|1000|1|CG0122427|-30|-66
257|7|10|1500|16|CG0122419|-25|-73|CG0122419|-25|-73|CG0122420|-27|-66|CG0122420|-27|-66|CG0122421|-31|-56|CG0122421|-31|-56|CG0122421|-31|-56|CG0122421|-31|-56|CG0122421|-31|-56|CG0122422|-35|-52|CG0122422|-35|-52|CG0122423|-67|-46|CG0122423|-67|-46|CG0122424|-83|-19|CG0122424|-83|-19|CG0122424|-83|-19
