269|0|0|1000|4|CG0126811|-17|-78|CG0126812|-17|-78|CG0126813|-21|-78|CG0126812|-17|-78
269|0|1|1000|6|CG0126816|-18|-76|CG0126817|-16|-78|CG0126818|-24|-75|CG0126819|-16|-76|CG0126820|-20|-78|CG0126821|-22|-75
269|0|2|400|1|CG0188372|-32|-70
269|0|3|600|6|CG0126786|-19|-78|CG0126787|-19|-80|CG0126788|-25|-79|CG0126789|-20|-78|CG0126790|-29|-80|CG0126791|-29|-79
269|0|4|100|1|CG0196344|-27|-55
269|0|5|1500|32|CG0126778|-25|-78|CG0126779|-25|-95|CG0126780|-25|-78|CG0126778|-25|-78|CG0126779|-25|-95|CG0126780|-25|-78|CG0126778|-25|-78|CG0126779|-25|-95|CG0126780|-25|-78|CG0126778|-25|-78|CG0126779|-25|-95|CG0126779|-25|-95|CG0126780|-25|-78|CG0126780|-25|-78|CG0126781|-25|-79|CG0126781|-25|-79|CG0126781|-25|-79|CG0126781|-25|-79|CG0126782|-30|-75|CG0126782|-30|-75|CG0126783|-54|-80|CG0126783|-54|-80|CG0126784|-59|-95|CG0126784|-59|-95|CG0126784|-59|-95|CG0126784|-59|-95|CG0126784|-59|-95|CG0126784|-59|-95|CG0126785|-25|-80|CG0126785|-25|-80|CG0126785|-25|-80|CG0126785|-25|-80
269|0|6|800|10|CG0126784|-59|-95|CG0126805|-26|-77|CG0126806|-33|-78|CG0126806|-33|-78|CG0126807|-42|-81|CG0126807|-42|-81|CG0126807|-42|-81|CG0126807|-42|-81|CG0126807|-42|-81|CG0126807|-42|-81
269|0|7|1200|12|CG0125546|-17|-78|CG0125546|-17|-78|CG0125547|-19|-80|CG0125547|-19|-80|CG0125548|-20|-78|CG0125548|-20|-78|CG0125548|-20|-78|CG0125548|-20|-78|CG0125549|-36|-79|CG0125550|-43|-81|CG0125551|-42|-78|CG0125551|-42|-78
269|0|8|1000|2|CG0126800|-26|-84|CG0126801|-29|-74
269|0|9|1000|1|CG0126802|-26|-73
269|0|10|1000|8|CG0126794|-22|-76|CG0126794|-22|-76|CG0126795|-18|-60|CG0126796|-21|-48|CG0126797|-17|-56|CG0126797|-17|-56|CG0126798|-34|-64|CG0126799|-51|-45
269|1|0|1000|4|CG0126857|-17|-74|CG0126858|-17|-74|CG0126859|-17|-74|CG0126858|-17|-74
269|1|1|1000|6|CG0126862|-17|-73|CG0126863|-17|-74|CG0126864|-17|-72|CG0126865|-17|-72|CG0126866|-17|-74|CG0126867|-17|-72
269|1|2|400|1|CG0188417|-17|-71
269|1|3|600|6|CG0126832|-17|-75|CG0126833|-17|-77|CG0126834|-20|-77|CG0126835|-17|-76|CG0126836|-17|-78|CG0126837|-17|-77
269|1|4|100|1|CG0196384|-26|-58
269|1|5|1500|32|CG0126824|-18|-76|CG0126825|-18|-83|CG0126826|-42|-77|CG0126824|-18|-76|CG0126825|-18|-83|CG0126826|-42|-77|CG0126824|-18|-76|CG0126825|-18|-83|CG0126826|-42|-77|CG0126824|-18|-76|CG0126825|-18|-83|CG0126825|-18|-83|CG0126826|-42|-77|CG0126826|-42|-77|CG0126827|-13|-78|CG0126827|-13|-78|CG0126827|-13|-78|CG0126827|-13|-78|CG0126828|-13|-74|CG0126828|-13|-74|CG0126829|-17|-89|CG0126829|-17|-89|CG0126830|-16|-109|CG0126830|-16|-109|CG0126830|-16|-109|CG0126830|-16|-109|CG0126830|-16|-109|CG0126830|-16|-109|CG0126831|-17|-77|CG0126831|-17|-77|CG0126831|-17|-77|CG0126831|-17|-77
269|1|6|800|10|CG0126830|-16|-109|CG0126851|-17|-75|CG0126852|-12|-78|CG0126852|-12|-78|CG0126853|-13|-75|CG0126853|-13|-75|CG0126853|-13|-75|CG0126853|-13|-75|CG0126853|-13|-75|CG0126853|-13|-75
269|1|7|1200|12|CG0125611|-17|-74|CG0125611|-17|-74|CG0125612|-17|-78|CG0125612|-17|-78|CG0125613|-21|-79|CG0125613|-21|-79|CG0125613|-21|-79|CG0125613|-21|-79|CG0125614|-18|-79|CG0125615|-31|-83|CG0125616|-25|-83|CG0125616|-25|-83
269|1|8|1000|2|CG0126846|-21|-85|CG0126847|-33|-74
269|1|9|1000|1|CG0126848|-17|-71
269|1|10|1000|8|CG0126840|-17|-71|CG0126840|-17|-71|CG0126841|-21|-48|CG0126842|-26|-46|CG0126843|-30|-56|CG0126843|-30|-56|CG0126844|-27|-65|CG0126845|-23|-54
269|2|0|1000|4|CG0126903|-26|-78|CG0126904|-20|-78|CG0126905|-17|-78|CG0126904|-20|-78
269|2|1|1000|6|CG0126908|-21|-76|CG0126909|-21|-77|CG0126910|-21|-75|CG0126911|-21|-75|CG0126912|-22|-77|CG0126913|-24|-75
269|2|2|400|1|CG0188462|-33|-62
269|2|3|600|6|CG0126878|-28|-77|CG0126879|-27|-79|CG0126880|-27|-79|CG0126881|-28|-78|CG0126882|-30|-80|CG0126883|-30|-79
269|2|4|100|1|CG0196424|-14|-57
269|2|5|1500|32|CG0126870|-19|-81|CG0126871|-37|-80|CG0126872|-42|-80|CG0126870|-19|-81|CG0126871|-37|-80|CG0126872|-42|-80|CG0126870|-19|-81|CG0126871|-37|-80|CG0126872|-42|-80|CG0126870|-19|-81|CG0126871|-37|-80|CG0126871|-37|-80|CG0126872|-42|-80|CG0126872|-42|-80|CG0126873|-48|-79|CG0126873|-48|-79|CG0126873|-48|-79|CG0126873|-48|-79|CG0126874|-7|-72|CG0126874|-7|-72|CG0126875|-6|-78|CG0126875|-6|-78|CG0126876|-7|-105|CG0126876|-7|-105|CG0126876|-7|-105|CG0126876|-7|-105|CG0126876|-7|-105|CG0126876|-7|-105|CG0126877|-10|-79|CG0126877|-10|-79|CG0126877|-10|-79|CG0126877|-10|-79
269|2|6|800|10|CG0126876|-7|-105|CG0126897|-11|-77|CG0126898|-7|-76|CG0126898|-7|-76|CG0126899|-12|-70|CG0126899|-12|-70|CG0126899|-12|-70|CG0126899|-12|-70|CG0126899|-12|-70|CG0126899|-12|-70
269|2|7|1200|12|CG0125676|-17|-78|CG0125676|-17|-78|CG0125677|-13|-82|CG0125677|-13|-82|CG0125678|-15|-84|CG0125678|-15|-84|CG0125678|-15|-84|CG0125678|-15|-84|CG0125679|-6|-79|CG0125680|-7|-80|CG0125681|-12|-80|CG0125681|-12|-80
269|2|8|1000|2|CG0126892|-13|-77|CG0126893|-41|-67
269|2|9|1000|1|CG0126894|-11|-73
269|2|10|1000|8|CG0126886|-20|-75|CG0126886|-20|-75|CG0126887|-34|-51|CG0126888|-29|-47|CG0126889|-30|-56|CG0126889|-30|-56|CG0126890|-28|-62|CG0126891|-25|-47
269|3|0|1000|4|CG0126949|-41|-80|CG0126950|-39|-80|CG0126951|-37|-80|CG0126950|-39|-80
269|3|1|1000|6|CG0126954|-40|-80|CG0126955|-39|-81|CG0126956|-38|-79|CG0126957|-40|-79|CG0126958|-40|-81|CG0126959|-41|-79
269|3|2|400|1|CG0188507|-36|-53
269|3|3|600|6|CG0126924|-32|-76|CG0126925|-31|-78|CG0126926|-34|-77|CG0126927|-32|-77|CG0126928|-34|-79|CG0126929|-34|-78
269|3|4|100|1|CG0196464|-10|-51
269|3|5|1500|32|CG0126916|-43|-87|CG0126917|-38|-81|CG0126918|-31|-81|CG0126916|-43|-87|CG0126917|-38|-81|CG0126918|-31|-81|CG0126916|-43|-87|CG0126917|-38|-81|CG0126918|-31|-81|CG0126916|-43|-87|CG0126917|-38|-81|CG0126917|-38|-81|CG0126918|-31|-81|CG0126918|-31|-81|CG0126919|-57|-76|CG0126919|-57|-76|CG0126919|-57|-76|CG0126919|-57|-76|CG0126920|-7|-67|CG0126920|-7|-67|CG0126921|-9|-73|CG0126921|-9|-73|CG0126922|-10|-84|CG0126922|-10|-84|CG0126922|-10|-84|CG0126922|-10|-84|CG0126922|-10|-84|CG0126922|-10|-84|CG0126923|-19|-79|CG0126923|-19|-79|CG0126923|-19|-79|CG0126923|-19|-79
269|3|6|800|10|CG0126922|-10|-84|CG0126943|-29|-75|CG0126944|-31|-68|CG0126944|-31|-68|CG0126945|-25|-58|CG0126945|-25|-58|CG0126945|-25|-58|CG0126945|-25|-58|CG0126945|-25|-58|CG0126945|-25|-58
269|3|7|1200|12|CG0125741|-13|-80|CG0125741|-13|-80|CG0125742|-21|-83|CG0125742|-21|-83|CG0125743|-23|-84|CG0125743|-23|-84|CG0125743|-23|-84|CG0125743|-23|-84|CG0125744|-6|-75|CG0125745|-6|-72|CG0125746|-6|-68|CG0125746|-6|-68
269|3|8|1000|2|CG0126938|-14|-75|CG0126939|-45|-68
269|3|9|1000|1|CG0126940|-28|-72
269|3|10|1000|8|CG0126932|-39|-79|CG0126932|-39|-79|CG0126933|-44|-63|CG0126934|-37|-55|CG0126935|-25|-59|CG0126935|-25|-59|CG0126936|-20|-53|CG0126937|-20|-27
269|4|0|1000|4|CG0126995|-32|-80|CG0126996|-36|-80|CG0126997|-39|-80|CG0126996|-36|-80
269|4|1|1000|6|CG0127000|-35|-81|CG0127001|-35|-82|CG0127002|-34|-80|CG0127003|-35|-80|CG0127004|-36|-82|CG0127005|-36|-80
269|4|2|400|1|CG0188552|-25|-51
269|4|3|600|6|CG0126970|-20|-72|CG0126971|-20|-74|CG0126972|-29|-73|CG0126973|-21|-73|CG0126974|-21|-75|CG0126975|-21|-74
269|4|4|100|1|CG0196504|-21|-46
269|4|5|1500|32|CG0126962|-50|-89|CG0126963|-35|-80|CG0126964|-51|-79|CG0126962|-50|-89|CG0126963|-35|-80|CG0126964|-51|-79|CG0126962|-50|-89|CG0126963|-35|-80|CG0126964|-51|-79|CG0126962|-50|-89|CG0126963|-35|-80|CG0126963|-35|-80|CG0126964|-51|-79|CG0126964|-51|-79|CG0126965|-35|-73|CG0126965|-35|-73|CG0126965|-35|-73|CG0126965|-35|-73|CG0126966|-28|-62|CG0126966|-28|-62|CG0126967|-10|-65|CG0126967|-10|-65|CG0126968|-10|-70|CG0126968|-10|-70|CG0126968|-10|-70|CG0126968|-10|-70|CG0126968|-10|-70|CG0126968|-10|-70|CG0126969|-53|-76|CG0126969|-53|-76|CG0126969|-53|-76|CG0126969|-53|-76
269|4|6|800|10|CG0126968|-10|-70|CG0126989|-32|-71|CG0126990|-37|-59|CG0126990|-37|-59|CG0126991|-26|-48|CG0126991|-26|-48|CG0126991|-26|-48|CG0126991|-26|-48|CG0126991|-26|-48|CG0126991|-26|-48
269|4|7|1200|12|CG0125806|-16|-80|CG0125806|-16|-80|CG0125807|-30|-81|CG0125807|-30|-81|CG0125808|-22|-81|CG0125808|-22|-81|CG0125808|-22|-81|CG0125808|-22|-81|CG0125809|-12|-67|CG0125810|-10|-60|CG0125811|-10|-53|CG0125811|-10|-53
269|4|8|1000|2|CG0126984|-23|-71|CG0126985|-57|-79
269|4|9|1000|1|CG0126986|-37|-73
269|4|10|1000|8|CG0126978|-36|-81|CG0126978|-36|-81|CG0126979|-38|-70|CG0126980|-33|-61|CG0126981|-30|-59|CG0126981|-30|-59|CG0126982|-29|-43|CG0126983|-24|-21
269|5|0|1000|4|CG0127041|-24|-78|CG0127042|-17|-78|CG0127043|-19|-78|CG0127042|-17|-78
269|5|1|1000|6|CG0127046|-16|-79|CG0127047|-16|-81|CG0127048|-16|-78|CG0127049|-16|-79|CG0127050|-16|-81|CG0127051|-16|-78
269|5|2|400|1|CG0188597|-19|-60
269|5|3|600|6|CG0127016|-49|-68|CG0127017|-50|-70|CG0127018|-49|-70|CG0127019|-49|-69|CG0127020|-49|-71|CG0127021|-49|-70
269|5|4|100|1|CG0196544|-24|-45
269|5|5|1500|32|CG0127008|-28|-87|CG0127009|-36|-93|CG0127010|-42|-75|CG0127008|-28|-87|CG0127009|-36|-93|CG0127010|-42|-75|CG0127008|-28|-87|CG0127009|-36|-93|CG0127010|-42|-75|CG0127008|-28|-87|CG0127009|-36|-93|CG0127009|-36|-93|CG0127010|-42|-75|CG0127010|-42|-75|CG0127011|-23|-69|CG0127011|-23|-69|CG0127011|-23|-69|CG0127011|-23|-69|CG0127012|-45|-61|CG0127012|-45|-61|CG0127013|-19|-60|CG0127013|-19|-60|CG0127014|-19|-66|CG0127014|-19|-66|CG0127014|-19|-66|CG0127014|-19|-66|CG0127014|-19|-66|CG0127014|-19|-66|CG0127015|-54|-72|CG0127015|-54|-72|CG0127015|-54|-72|CG0127015|-54|-72
269|5|6|800|10|CG0127014|-19|-66|CG0127035|-20|-67|CG0127036|-33|-54|CG0127036|-33|-54|CG0127037|-46|-52|CG0127037|-46|-52|CG0127037|-46|-52|CG0127037|-46|-52|CG0127037|-46|-52|CG0127037|-46|-52
269|5|7|1200|12|CG0125871|-20|-78|CG0125871|-20|-78|CG0125872|-23|-79|CG0125872|-23|-79|CG0125873|-21|-80|CG0125873|-21|-80|CG0125873|-21|-80|CG0125873|-21|-80|CG0125874|-20|-61|CG0125875|-16|-52|CG0125876|-15|-43|CG0125876|-15|-43
269|5|8|1000|2|CG0127030|-23|-67|CG0127031|-39|-81
269|5|9|1000|1|CG0127032|-25|-84
269|5|10|1000|8|CG0127024|-16|-79|CG0127024|-16|-79|CG0127025|-19|-71|CG0127026|-26|-61|CG0127027|-31|-57|CG0127027|-31|-57|CG0127028|-29|-36|CG0127029|-45|-16
269|6|0|1000|4|CG0127087|-41|-80|CG0127088|-39|-80|CG0127089|-36|-80|CG0127088|-39|-80
269|6|1|1000|6|CG0127092|-38|-81|CG0127093|-38|-83|CG0127094|-38|-80|CG0127095|-37|-81|CG0127096|-37|-83|CG0127097|-37|-80
269|6|2|400|1|CG0188642|-38|-63
269|6|3|600|6|CG0127062|-53|-73|CG0127063|-54|-75|CG0127064|-54|-74|CG0127065|-53|-73|CG0127066|-52|-75|CG0127067|-51|-74
269|6|4|100|1|CG0196584|-20|-48
269|6|5|1500|32|CG0127054|-17|-81|CG0127055|-18|-103|CG0127056|-17|-83|CG0127054|-17|-81|CG0127055|-18|-103|CG0127056|-17|-83|CG0127054|-17|-81|CG0127055|-18|-103|CG0127056|-17|-83|CG0127054|-17|-81|CG0127055|-18|-103|CG0127055|-18|-103|CG0127056|-17|-83|CG0127056|-17|-83|CG0127057|-28|-73|CG0127057|-28|-73|CG0127057|-28|-73|CG0127057|-28|-73|CG0127058|-37|-67|CG0127058|-37|-67|CG0127059|-74|-64|CG0127059|-74|-64|CG0127060|-45|-67|CG0127060|-45|-67|CG0127060|-45|-67|CG0127060|-45|-67|CG0127060|-45|-67|CG0127060|-45|-67|CG0127061|-27|-75|CG0127061|-27|-75|CG0127061|-27|-75|CG0127061|-27|-75
269|6|6|800|10|CG0127060|-45|-67|CG0127081|-52|-71|CG0127082|-58|-63|CG0127082|-58|-63|CG0127083|-64|-58|CG0127083|-64|-58|CG0127083|-64|-58|CG0127083|-64|-58|CG0127083|-64|-58|CG0127083|-64|-58
269|6|7|1200|12|CG0125936|-18|-80|CG0125936|-18|-80|CG0125937|-22|-82|CG0125937|-22|-82|CG0125938|-23|-81|CG0125938|-23|-81|CG0125938|-23|-81|CG0125938|-23|-81|CG0125939|-29|-66|CG0125940|-43|-57|CG0125941|-46|-46|CG0125941|-46|-46
269|6|8|1000|2|CG0127076|-35|-71|CG0127077|-29|-79
269|6|9|1000|1|CG0127078|-29|-89
269|6|10|1000|8|CG0127070|-40|-81|CG0127070|-40|-81|CG0127071|-37|-70|CG0127072|-43|-61|CG0127073|-58|-60|CG0127073|-58|-60|CG0127074|-71|-40|CG0127075|-86|-20
269|7|0|1000|4|CG0127133|-34|-80|CG0127134|-37|-80|CG0127135|-40|-80|CG0127134|-37|-80
269|7|1|1000|6|CG0127138|-37|-80|CG0127139|-38|-81|CG0127140|-38|-79|CG0127141|-37|-79|CG0127142|-36|-81|CG0127143|-35|-79
269|7|2|400|1|CG0188687|-44|-60
269|7|3|600|6|CG0127108|-27|-76|CG0127109|-29|-78|CG0127110|-30|-78|CG0127111|-27|-77|CG0127112|-30|-79|CG0127113|-32|-77
269|7|4|100|1|CG0196624|-25|-51
269|7|5|1500|32|CG0127100|-26|-79|CG0127101|-26|-103|CG0127102|-26|-80|CG0127100|-26|-79|CG0127101|-26|-103|CG0127102|-26|-80|CG0127100|-26|-79|CG0127101|-26|-103|CG0127102|-26|-80|CG0127100|-26|-79|CG0127101|-26|-103|CG0127101|-26|-103|CG0127102|-26|-80|CG0127102|-26|-80|CG0127103|-29|-78|CG0127103|-29|-78|CG0127103|-29|-78|CG0127103|-29|-78|CG0127104|-38|-73|CG0127104|-38|-73|CG0127105|-88|-73|CG0127105|-88|-73|CG0127106|-73|-76|CG0127106|-73|-76|CG0127106|-73|-76|CG0127106|-73|-76|CG0127106|-73|-76|CG0127106|-73|-76|CG0127107|-28|-78|CG0127107|-28|-78|CG0127107|-28|-78|CG0127107|-28|-78
269|7|6|800|10|CG0127106|-73|-76|CG0127127|-52|-76|CG0127128|-49|-72|CG0127128|-49|-72|CG0127129|-54|-71|CG0127129|-54|-71|CG0127129|-54|-71|CG0127129|-54|-71|CG0127129|-54|-71|CG0127129|-54|-71
269|7|7|1200|12|CG0126001|-16|-80|CG0126001|-16|-80|CG0126002|-22|-82|CG0126002|-22|-82|CG0126003|-21|-80|CG0126003|-21|-80|CG0126003|-21|-80|CG0126003|-21|-80|CG0126004|-45|-74|CG0126005|-58|-70|CG0126006|-54|-64|CG0126006|-54|-64
269|7|8|1000|2|CG0127122|-35|-75|CG0127123|-30|-69
269|7|9|1000|1|CG0127124|-38|-84
269|7|10|1000|8|CG0127116|-43|-80|CG0127116|-43|-80|CG0127117|-38|-61|CG0127118|-42|-54|CG0127119|-51|-59|CG0127119|-51|-59|CG0127120|-71|-53|CG0127121|-76|-24
