305|0|0|1000|4|CG0140803|-18|-77|CG0140804|-22|-77|CG0140805|-29|-77|CG0140804|-22|-77
305|0|1|1000|6|CG0140808|-23|-77|CG0140809|-23|-78|CG0140810|-25|-76|CG0140811|-23|-77|CG0140812|-22|-78|CG0140813|-24|-75
305|0|2|400|1|CG0188372|-32|-70
305|0|3|650|6|CG0140778|-26|-77|CG0140779|-26|-79|CG0140780|-24|-77|CG0140781|-24|-76|CG0140782|-29|-79|CG0140783|-21|-77
305|0|4|100|1|CG0196344|-27|-55
305|0|5|1200|30|CG0140770|-18|-76|CG0140770|-18|-76|CG0140770|-18|-76|CG0140770|-18|-76|CG0140771|-20|-78|CG0140771|-20|-78|CG0140771|-20|-78|CG0140771|-20|-78|CG0140772|-19|-77|CG0140772|-19|-77|CG0140772|-19|-77|CG0140772|-19|-77|CG0140773|-26|-79|CG0140773|-26|-79|CG0140774|-50|-78|CG0140774|-50|-78|CG0140775|-63|-76|CG0140775|-63|-76|CG0140775|-63|-76|CG0140775|-63|-76|CG0140775|-63|-76|CG0140775|-63|-76|CG0140776|-41|-79|CG0140776|-41|-79|CG0140776|-41|-79|CG0140776|-41|-79|CG0140777|-21|-79|CG0140777|-21|-79|CG0140777|-21|-79|CG0140777|-21|-79
305|0|6|1000|7|CG0140797|-20|-77|CG0140797|-20|-77|CG0140797|-20|-77|CG0140797|-20|-77|CG0140798|-21|-87|CG0140799|-18|-92|CG0140799|-18|-92
305|0|7|1200|11|CG0139546|-13|-78|CG0139546|-13|-78|CG0139547|-14|-77|CG0139547|-14|-77|CG0139548|-14|-78|CG0139548|-14|-78|CG0139548|-14|-78|CG0139549|-28|-81|CG0139550|-38|-80|CG0139551|-40|-82|CG0139551|-40|-82
305|0|8|1000|2|CG0140792|-27|-92|CG0140793|-22|-99
305|0|9|1000|1|CG0140794|-55|-75
305|0|10|1500|10|CG0140786|-18|-75|CG0140786|-18|-75|CG0140787|-15|-64|CG0140788|-15|-55|CG0140789|-21|-57|CG0140789|-21|-57|CG0140789|-21|-57|CG0140790|-31|-51|CG0140791|-42|-39|CG0140791|-42|-39
305|1|0|1000|4|CG0140849|-16|-77|CG0140850|-17|-77|CG0140851|-17|-77|CG0140850|-17|-77
305|1|1|1000|6|CG0140854|-17|-76|CG0140855|-17|-77|CG0140856|-17|-75|CG0140857|-17|-76|CG0140858|-17|-78|CG0140859|-17|-75
305|1|2|400|1|CG0188417|-17|-71
305|1|3|650|6|CG0140824|-19|-77|CG0140825|-22|-80|CG0140826|-28|-78|CG0140827|-21|-77|CG0140828|-17|-80|CG0140829|-16|-77
305|1|4|100|1|CG0196384|-26|-58
305|1|5|1200|30|CG0140816|-17|-76|CG0140816|-17|-76|CG0140816|-17|-76|CG0140816|-17|-76|CG0140817|-24|-78|CG0140817|-24|-78|CG0140817|-24|-78|CG0140817|-24|-78|CG0140818|-14|-76|CG0140818|-14|-76|CG0140818|-14|-76|CG0140818|-14|-76|CG0140819|-13|-79|CG0140819|-13|-79|CG0140820|-16|-81|CG0140820|-16|-81|CG0140821|-16|-80|CG0140821|-16|-80|CG0140821|-16|-80|CG0140821|-16|-80|CG0140821|-16|-80|CG0140821|-16|-80|CG0140822|-16|-81|CG0140822|-16|-81|CG0140822|-16|-81|CG0140822|-16|-81|CG0140823|-15|-80|CG0140823|-15|-80|CG0140823|-15|-80|CG0140823|-15|-80
305|1|6|1000|7|CG0140843|-25|-76|CG0140843|-25|-76|CG0140843|-25|-76|CG0140843|-25|-76|CG0140844|-27|-79|CG0140845|-26|-89|CG0140845|-26|-89
305|1|7|1200|11|CG0139611|-11|-75|CG0139611|-11|-75|CG0139612|-8|-73|CG0139612|-8|-73|CG0139613|-5|-73|CG0139613|-5|-73|CG0139613|-5|-73|CG0139614|-12|-75|CG0139615|-22|-81|CG0139616|-28|-85|CG0139616|-28|-85
305|1|8|1000|2|CG0140838|-17|-93|CG0140839|-28|-88
305|1|9|1000|1|CG0140840|-44|-76
305|1|10|1500|10|CG0140832|-17|-75|CG0140832|-17|-75|CG0140833|-17|-62|CG0140834|-17|-54|CG0140835|-22|-57|CG0140835|-22|-57|CG0140835|-22|-57|CG0140836|-23|-53|CG0140837|-28|-44|CG0140837|-28|-44
305|2|0|1000|4|CG0140895|-19|-77|CG0140896|-16|-77|CG0140897|-17|-77|CG0140896|-16|-77
305|2|1|1000|6|CG0140900|-19|-77|CG0140901|-18|-77|CG0140902|-21|-75|CG0140903|-17|-77|CG0140904|-18|-78|CG0140905|-25|-75
305|2|2|400|1|CG0188462|-33|-62
305|2|3|650|6|CG0140870|-23|-77|CG0140871|-22|-79|CG0140872|-22|-77|CG0140873|-23|-76|CG0140874|-24|-79|CG0140875|-31|-77
305|2|4|100|1|CG0196424|-14|-57
305|2|5|1200|30|CG0140862|-40|-77|CG0140862|-40|-77|CG0140862|-40|-77|CG0140862|-40|-77|CG0140863|-37|-76|CG0140863|-37|-76|CG0140863|-37|-76|CG0140863|-37|-76|CG0140864|-24|-71|CG0140864|-24|-71|CG0140864|-24|-71|CG0140864|-24|-71|CG0140865|-16|-73|CG0140865|-16|-73|CG0140866|-8|-76|CG0140866|-8|-76|CG0140867|-9|-74|CG0140867|-9|-74|CG0140867|-9|-74|CG0140867|-9|-74|CG0140867|-9|-74|CG0140867|-9|-74|CG0140868|-8|-77|CG0140868|-8|-77|CG0140868|-8|-77|CG0140868|-8|-77|CG0140869|-27|-78|CG0140869|-27|-78|CG0140869|-27|-78|CG0140869|-27|-78
305|2|6|1000|7|CG0140889|-28|-77|CG0140889|-28|-77|CG0140889|-28|-77|CG0140889|-28|-77|CG0140890|-29|-76|CG0140891|-22|-79|CG0140891|-22|-79
305|2|7|1200|11|CG0139676|-15|-74|CG0139676|-15|-74|CG0139677|-15|-71|CG0139677|-15|-71|CG0139678|-14|-67|CG0139678|-14|-67|CG0139678|-14|-67|CG0139679|-6|-69|CG0139680|-4|-78|CG0139681|-7|-82|CG0139681|-7|-82
305|2|8|1000|2|CG0140884|-14|-80|CG0140885|-35|-81
305|2|9|1000|1|CG0140886|-16|-75
305|2|10|1500|10|CG0140878|-19|-75|CG0140878|-19|-75|CG0140879|-25|-64|CG0140880|-25|-55|CG0140881|-25|-55|CG0140881|-25|-55|CG0140881|-25|-55|CG0140882|-35|-49|CG0140883|-37|-39|CG0140883|-37|-39
305|3|0|1000|4|CG0140941|-32|-78|CG0140942|-31|-78|CG0140943|-28|-78|CG0140942|-31|-78
305|3|1|1000|6|CG0140946|-36|-78|CG0140947|-35|-79|CG0140948|-35|-76|CG0140949|-36|-78|CG0140950|-37|-80|CG0140951|-37|-77
305|3|2|400|1|CG0188507|-36|-53
305|3|3|650|6|CG0140916|-24|-76|CG0140917|-26|-79|CG0140918|-32|-76|CG0140919|-24|-76|CG0140920|-26|-79|CG0140921|-34|-77
305|3|4|100|1|CG0196464|-10|-51
305|3|5|1200|30|CG0140908|-41|-78|CG0140908|-41|-78|CG0140908|-41|-78|CG0140908|-41|-78|CG0140909|-30|-73|CG0140909|-30|-73|CG0140909|-30|-73|CG0140909|-30|-73|CG0140910|-24|-74|CG0140910|-24|-74|CG0140910|-24|-74|CG0140910|-24|-74|CG0140911|-35|-66|CG0140911|-35|-66|CG0140912|-15|-66|CG0140912|-15|-66|CG0140913|-15|-63|CG0140913|-15|-63|CG0140913|-15|-63|CG0140913|-15|-63|CG0140913|-15|-63|CG0140913|-15|-63|CG0140914|-15|-69|CG0140914|-15|-69|CG0140914|-15|-69|CG0140914|-15|-69|CG0140915|-34|-74|CG0140915|-34|-74|CG0140915|-34|-74|CG0140915|-34|-74
305|3|6|1000|7|CG0140935|-54|-76|CG0140935|-54|-76|CG0140935|-54|-76|CG0140935|-54|-76|CG0140936|-42|-77|CG0140937|-46|-78|CG0140937|-46|-78
305|3|7|1200|11|CG0139741|-20|-74|CG0139741|-20|-74|CG0139742|-27|-71|CG0139742|-27|-71|CG0139743|-33|-66|CG0139743|-33|-66|CG0139743|-33|-66|CG0139744|-25|-64|CG0139745|-8|-72|CG0139746|-8|-74|CG0139746|-8|-74
305|3|8|1000|2|CG0140930|-15|-68|CG0140931|-43|-81
305|3|9|1000|1|CG0140932|-11|-70
305|3|10|1500|10|CG0140924|-31|-77|CG0140924|-31|-77|CG0140925|-38|-68|CG0140926|-41|-59|CG0140927|-41|-52|CG0140927|-41|-52|CG0140927|-41|-52|CG0140928|-41|-39|CG0140929|-41|-26|CG0140929|-41|-26
305|4|0|1000|4|CG0140987|-28|-78|CG0140988|-30|-78|CG0140989|-32|-78|CG0140988|-30|-78
305|4|1|1000|6|CG0140992|-36|-78|CG0140993|-35|-79|CG0140994|-35|-77|CG0140995|-36|-79|CG0140996|-36|-80|CG0140997|-36|-77
305|4|2|400|1|CG0188552|-25|-51
305|4|3|650|6|CG0140962|-37|-74|CG0140963|-37|-77|CG0140964|-37|-75|CG0140965|-37|-74|CG0140966|-38|-77|CG0140967|-38|-75
305|4|4|100|1|CG0196504|-21|-46
305|4|5|1200|30|CG0140954|-20|-78|CG0140954|-20|-78|CG0140954|-20|-78|CG0140954|-20|-78|CG0140955|-57|-72|CG0140955|-57|-72|CG0140955|-57|-72|CG0140955|-57|-72|CG0140956|-60|-79|CG0140956|-60|-79|CG0140956|-60|-79|CG0140956|-60|-79|CG0140957|-35|-62|CG0140957|-35|-62|CG0140958|-18|-56|CG0140958|-18|-56|CG0140959|-18|-51|CG0140959|-18|-51|CG0140959|-18|-51|CG0140959|-18|-51|CG0140959|-18|-51|CG0140959|-18|-51|CG0140960|-21|-62|CG0140960|-21|-62|CG0140960|-21|-62|CG0140960|-21|-62|CG0140961|-22|-71|CG0140961|-22|-71|CG0140961|-22|-71|CG0140961|-22|-71
305|4|6|1000|7|CG0140981|-49|-74|CG0140981|-49|-74|CG0140981|-49|-74|CG0140981|-49|-74|CG0140982|-31|-78|CG0140983|-50|-80|CG0140983|-50|-80
305|4|7|1200|11|CG0139806|-23|-76|CG0139806|-23|-76|CG0139807|-32|-75|CG0139807|-32|-75|CG0139808|-34|-69|CG0139808|-34|-69|CG0139808|-34|-69|CG0139809|-40|-66|CG0139810|-16|-66|CG0139811|-16|-65|CG0139811|-16|-65
305|4|8|1000|2|CG0140976|-14|-62|CG0140977|-34|-90
305|4|9|1000|1|CG0140978|-15|-65
305|4|10|1500|10|CG0140970|-29|-78|CG0140970|-29|-78|CG0140971|-30|-72|CG0140972|-35|-62|CG0140973|-36|-49|CG0140973|-36|-49|CG0140973|-36|-49|CG0140974|-36|-30|CG0140975|-35|-25|CG0140975|-35|-25
305|5|0|1000|4|CG0141033|-27|-77|CG0141034|-19|-77|CG0141035|-19|-77|CG0141034|-19|-77
305|5|1|1000|6|CG0141038|-18|-78|CG0141039|-18|-79|CG0141040|-18|-77|CG0141041|-18|-79|CG0141042|-18|-80|CG0141043|-18|-77
305|5|2|400|1|CG0188597|-19|-60
305|5|3|650|6|CG0141008|-60|-74|CG0141009|-60|-76|CG0141010|-60|-74|CG0141011|-60|-73|CG0141012|-60|-76|CG0141013|-59|-74
305|5|4|100|1|CG0196544|-24|-45
305|5|5|1200|30|CG0141000|-41|-78|CG0141000|-41|-78|CG0141000|-41|-78|CG0141000|-41|-78|CG0141001|-53|-73|CG0141001|-53|-73|CG0141001|-53|-73|CG0141001|-53|-73|CG0141002|-60|-78|CG0141002|-60|-78|CG0141002|-60|-78|CG0141002|-60|-78|CG0141003|-40|-63|CG0141003|-40|-63|CG0141004|-21|-54|CG0141004|-21|-54|CG0141005|-20|-47|CG0141005|-20|-47|CG0141005|-20|-47|CG0141005|-20|-47|CG0141005|-20|-47|CG0141005|-20|-47|CG0141006|-20|-61|CG0141006|-20|-61|CG0141006|-20|-61|CG0141006|-20|-61|CG0141007|-39|-72|CG0141007|-39|-72|CG0141007|-39|-72|CG0141007|-39|-72
305|5|6|1000|7|CG0141027|-26|-74|CG0141027|-26|-74|CG0141027|-26|-74|CG0141027|-26|-74|CG0141028|-35|-78|CG0141029|-28|-80|CG0141029|-28|-80
305|5|7|1200|11|CG0139871|-26|-79|CG0139871|-26|-79|CG0139872|-26|-79|CG0139872|-26|-79|CG0139873|-32|-76|CG0139873|-32|-76|CG0139873|-32|-76|CG0139874|-35|-72|CG0139875|-37|-65|CG0139876|-20|-61|CG0139876|-20|-61
305|5|8|1000|2|CG0141022|-21|-59|CG0141023|-30|-101
305|5|9|1000|1|CG0141024|-36|-64
305|5|10|1500|10|CG0141016|-22|-78|CG0141016|-22|-78|CG0141017|-28|-74|CG0141018|-28|-63|CG0141019|-36|-50|CG0141019|-36|-50|CG0141019|-36|-50|CG0141020|-37|-28|CG0141021|-51|-28|CG0141021|-51|-28
305|6|0|1000|4|CG0141079|-50|-78|CG0141080|-47|-78|CG0141081|-43|-78|CG0141080|-47|-78
305|6|1|1000|6|CG0141084|-42|-78|CG0141085|-43|-80|CG0141086|-44|-77|CG0141087|-42|-79|CG0141088|-42|-80|CG0141089|-41|-77
305|6|2|400|1|CG0188642|-38|-63
305|6|3|650|6|CG0141054|-48|-75|CG0141055|-48|-77|CG0141056|-49|-75|CG0141057|-47|-74|CG0141058|-47|-77|CG0141059|-47|-75
305|6|4|100|1|CG0196584|-20|-48
305|6|5|1200|30|CG0141046|-41|-77|CG0141046|-41|-77|CG0141046|-41|-77|CG0141046|-41|-77|CG0141047|-24|-76|CG0141047|-24|-76|CG0141047|-24|-76|CG0141047|-24|-76|CG0141048|-32|-71|CG0141048|-32|-71|CG0141048|-32|-71|CG0141048|-32|-71|CG0141049|-57|-68|CG0141049|-57|-68|CG0141050|-67|-59|CG0141050|-67|-59|CG0141051|-68|-54|CG0141051|-68|-54|CG0141051|-68|-54|CG0141051|-68|-54|CG0141051|-68|-54|CG0141051|-68|-54|CG0141052|-53|-65|CG0141052|-53|-65|CG0141052|-53|-65|CG0141052|-53|-65|CG0141053|-52|-74|CG0141053|-52|-74|CG0141053|-52|-74|CG0141053|-52|-74
305|6|6|1000|7|CG0141073|-37|-74|CG0141073|-37|-74|CG0141073|-37|-74|CG0141073|-37|-74|CG0141074|-40|-78|CG0141075|-37|-80|CG0141075|-37|-80
305|6|7|1200|11|CG0139936|-26|-81|CG0139936|-26|-81|CG0139937|-27|-82|CG0139937|-27|-82|CG0139938|-32|-80|CG0139938|-32|-80|CG0139938|-32|-80|CG0139939|-32|-79|CG0139940|-47|-68|CG0139941|-33|-65|CG0139941|-33|-65
305|6|8|1000|2|CG0141068|-55|-63|CG0141069|-30|-108
305|6|9|1000|1|CG0141070|-37|-66
305|6|10|1500|10|CG0141062|-48|-78|CG0141062|-48|-78|CG0141063|-45|-73|CG0141064|-45|-62|CG0141065|-60|-52|CG0141065|-60|-52|CG0141065|-60|-52|CG0141066|-66|-32|CG0141067|-75|-26|CG0141067|-75|-26
305|7|0|1000|4|CG0141125|-44|-78|CG0141126|-48|-78|CG0141127|-50|-78|CG0141126|-48|-78
305|7|1|1000|6|CG0141130|-45|-78|CG0141131|-46|-79|CG0141132|-46|-77|CG0141133|-45|-78|CG0141134|-44|-79|CG0141135|-44|-76
305|7|2|400|1|CG0188687|-44|-60
305|7|3|650|6|CG0141100|-20|-76|CG0141101|-19|-79|CG0141102|-27|-77|CG0141103|-19|-76|CG0141104|-26|-79|CG0141105|-27|-76
305|7|4|100|1|CG0196624|-25|-51
305|7|5|1200|30|CG0141092|-21|-77|CG0141092|-21|-77|CG0141092|-21|-77|CG0141092|-21|-77|CG0141093|-28|-78|CG0141093|-28|-78|CG0141093|-28|-78|CG0141093|-28|-78|CG0141094|-34|-76|CG0141094|-34|-76|CG0141094|-34|-76|CG0141094|-34|-76|CG0141095|-41|-75|CG0141095|-41|-75|CG0141096|-81|-70|CG0141096|-81|-70|CG0141097|-92|-66|CG0141097|-92|-66|CG0141097|-92|-66|CG0141097|-92|-66|CG0141097|-92|-66|CG0141097|-92|-66|CG0141098|-61|-73|CG0141098|-61|-73|CG0141098|-61|-73|CG0141098|-61|-73|CG0141099|-28|-77|CG0141099|-28|-77|CG0141099|-28|-77|CG0141099|-28|-77
305|7|6|1000|7|CG0141119|-28|-76|CG0141119|-28|-76|CG0141119|-28|-76|CG0141119|-28|-76|CG0141120|-23|-84|CG0141121|-30|-86|CG0141121|-30|-86
305|7|7|1200|11|CG0140001|-19|-80|CG0140001|-19|-80|CG0140002|-17|-81|CG0140002|-17|-81|CG0140003|-21|-81|CG0140003|-21|-81|CG0140003|-21|-81|CG0140004|-33|-83|CG0140005|-43|-75|CG0140006|-49|-74|CG0140006|-49|-74
305|7|8|1000|2|CG0141114|-56|-77|CG0141115|-28|-107
305|7|9|1000|1|CG0141116|-36|-70
305|7|10|1500|10|CG0141108|-45|-77|CG0141108|-45|-77|CG0141109|-36|-69|CG0141110|-35|-59|CG0141111|-49|-55|CG0141111|-49|-55|CG0141111|-49|-55|CG0141112|-57|-42|CG0141113|-55|-26|CG0141113|-55|-26
