281|0|0|1000|4|CG0131483|-17|-78|CG0131484|-17|-78|CG0131485|-21|-78|CG0131484|-17|-78
281|0|1|1000|6|CG0131488|-18|-76|CG0131489|-16|-78|CG0131490|-24|-75|CG0131491|-16|-76|CG0131492|-20|-78|CG0131493|-22|-75
281|0|2|400|1|CG0188372|-32|-70
281|0|3|600|6|CG0131458|-19|-78|CG0131459|-19|-80|CG0131460|-25|-79|CG0131461|-20|-78|CG0131462|-29|-80|CG0131463|-29|-79
281|0|4|100|1|CG0196344|-27|-55
281|0|5|1500|32|CG0131450|-25|-78|CG0131451|-25|-95|CG0131452|-25|-78|CG0131450|-25|-78|CG0131451|-25|-95|CG0131452|-25|-78|CG0131450|-25|-78|CG0131451|-25|-95|CG0131452|-25|-78|CG0131450|-25|-78|CG0131451|-25|-95|CG0131451|-25|-95|CG0131452|-25|-78|CG0131452|-25|-78|CG0131453|-25|-79|CG0131453|-25|-79|CG0131453|-25|-79|CG0131453|-25|-79|CG0131454|-30|-75|CG0131454|-30|-75|CG0131455|-54|-80|CG0131455|-54|-80|CG0131456|-59|-95|CG0131456|-59|-95|CG0131456|-59|-95|CG0131456|-59|-95|CG0131456|-59|-95|CG0131456|-59|-95|CG0131457|-25|-80|CG0131457|-25|-80|CG0131457|-25|-80|CG0131457|-25|-80
281|0|6|800|10|CG0131456|-59|-95|CG0131477|-26|-77|CG0131478|-33|-78|CG0131478|-33|-78|CG0131479|-42|-81|CG0131479|-42|-81|CG0131479|-42|-81|CG0131479|-42|-81|CG0131479|-42|-81|CG0131479|-42|-81
281|0|7|1200|12|CG0130218|-17|-78|CG0130218|-17|-78|CG0130219|-19|-80|CG0130219|-19|-80|CG0130220|-20|-78|CG0130220|-20|-78|CG0130220|-20|-78|CG0130220|-20|-78|CG0130221|-36|-79|CG0130222|-43|-81|CG0130223|-42|-78|CG0130223|-42|-78
281|0|8|1000|2|CG0131472|-26|-84|CG0131473|-29|-74
281|0|9|1000|1|CG0131474|-26|-73
281|0|10|1000|8|CG0131466|-22|-76|CG0131466|-22|-76|CG0131467|-18|-60|CG0131468|-21|-48|CG0131469|-17|-56|CG0131469|-17|-56|CG0131470|-34|-64|CG0131471|-51|-45
281|1|0|1000|4|CG0131529|-17|-74|CG0131530|-17|-74|CG0131531|-17|-74|CG0131530|-17|-74
281|1|1|1000|6|CG0131534|-17|-72|CG0131535|-17|-74|CG0131536|-17|-72|CG0131537|-17|-72|CG0131538|-17|-74|CG0131539|-17|-72
281|1|2|400|1|CG0188417|-17|-71
281|1|3|600|6|CG0131504|-17|-75|CG0131505|-17|-77|CG0131506|-20|-77|CG0131507|-17|-76|CG0131508|-17|-78|CG0131509|-17|-77
281|1|4|100|1|CG0196384|-26|-58
281|1|5|1500|32|CG0131496|-18|-76|CG0131497|-18|-83|CG0131498|-42|-77|CG0131496|-18|-76|CG0131497|-18|-83|CG0131498|-42|-77|CG0131496|-18|-76|CG0131497|-18|-83|CG0131498|-42|-77|CG0131496|-18|-76|CG0131497|-18|-83|CG0131497|-18|-83|CG0131498|-42|-77|CG0131498|-42|-77|CG0131499|-13|-78|CG0131499|-13|-78|CG0131499|-13|-78|CG0131499|-13|-78|CG0131500|-13|-74|CG0131500|-13|-74|CG0131501|-17|-89|CG0131501|-17|-89|CG0131502|-16|-109|CG0131502|-16|-109|CG0131502|-16|-109|CG0131502|-16|-109|CG0131502|-16|-109|CG0131502|-16|-109|CG0131503|-17|-77|CG0131503|-17|-77|CG0131503|-17|-77|CG0131503|-17|-77
281|1|6|800|10|CG0131502|-16|-109|CG0131523|-17|-75|CG0131524|-12|-78|CG0131524|-12|-78|CG0131525|-13|-75|CG0131525|-13|-75|CG0131525|-13|-75|CG0131525|-13|-75|CG0131525|-13|-75|CG0131525|-13|-75
281|1|7|1200|12|CG0130283|-17|-74|CG0130283|-17|-74|CG0130284|-17|-78|CG0130284|-17|-78|CG0130285|-21|-79|CG0130285|-21|-79|CG0130285|-21|-79|CG0130285|-21|-79|CG0130286|-18|-79|CG0130287|-31|-83|CG0130288|-25|-83|CG0130288|-25|-83
281|1|8|1000|2|CG0131518|-21|-85|CG0131519|-33|-74
281|1|9|1000|1|CG0131520|-17|-71
281|1|10|1000|8|CG0131512|-17|-71|CG0131512|-17|-71|CG0131513|-21|-48|CG0131514|-26|-46|CG0131515|-30|-56|CG0131515|-30|-56|CG0131516|-27|-65|CG0131517|-23|-54
281|2|0|1000|4|CG0131575|-26|-78|CG0131576|-20|-78|CG0131577|-17|-78|CG0131576|-20|-78
281|2|1|1000|6|CG0131580|-21|-76|CG0131581|-21|-77|CG0131582|-21|-75|CG0131583|-21|-75|CG0131584|-22|-77|CG0131585|-24|-75
281|2|2|400|1|CG0188462|-33|-62
281|2|3|600|6|CG0131550|-28|-77|CG0131551|-27|-79|CG0131552|-27|-79|CG0131553|-28|-78|CG0131554|-30|-80|CG0131555|-30|-79
281|2|4|100|1|CG0196424|-14|-57
281|2|5|1500|32|CG0131542|-19|-81|CG0131543|-37|-80|CG0131544|-42|-80|CG0131542|-19|-81|CG0131543|-37|-80|CG0131544|-42|-80|CG0131542|-19|-81|CG0131543|-37|-80|CG0131544|-42|-80|CG0131542|-19|-81|CG0131543|-37|-80|CG0131543|-37|-80|CG0131544|-42|-80|CG0131544|-42|-80|CG0131545|-48|-79|CG0131545|-48|-79|CG0131545|-48|-79|CG0131545|-48|-79|CG0131546|-7|-72|CG0131546|-7|-72|CG0131547|-6|-78|CG0131547|-6|-78|CG0131548|-7|-105|CG0131548|-7|-105|CG0131548|-7|-105|CG0131548|-7|-105|CG0131548|-7|-105|CG0131548|-7|-105|CG0131549|-10|-79|CG0131549|-10|-79|CG0131549|-10|-79|CG0131549|-10|-79
281|2|6|800|10|CG0131548|-7|-105|CG0131569|-11|-77|CG0131570|-7|-76|CG0131570|-7|-76|CG0131571|-12|-70|CG0131571|-12|-70|CG0131571|-12|-70|CG0131571|-12|-70|CG0131571|-12|-70|CG0131571|-12|-70
281|2|7|1200|12|CG0130348|-17|-78|CG0130348|-17|-78|CG0130349|-13|-82|CG0130349|-13|-82|CG0130350|-15|-84|CG0130350|-15|-84|CG0130350|-15|-84|CG0130350|-15|-84|CG0130351|-6|-79|CG0130352|-7|-80|CG0130353|-12|-80|CG0130353|-12|-80
281|2|8|1000|2|CG0131564|-13|-77|CG0131565|-41|-67
281|2|9|1000|1|CG0131566|-11|-73
281|2|10|1000|8|CG0131558|-20|-75|CG0131558|-20|-75|CG0131559|-34|-51|CG0131560|-29|-47|CG0131561|-30|-56|CG0131561|-30|-56|CG0131562|-28|-62|CG0131563|-25|-47
281|3|0|1000|4|CG0131621|-41|-80|CG0131622|-39|-80|CG0131623|-37|-80|CG0131622|-39|-80
281|3|1|1000|6|CG0131626|-40|-80|CG0131627|-39|-81|CG0131628|-38|-79|CG0131629|-40|-79|CG0131630|-40|-81|CG0131631|-41|-79
281|3|2|400|1|CG0188507|-36|-53
281|3|3|600|6|CG0131596|-32|-76|CG0131597|-31|-78|CG0131598|-34|-77|CG0131599|-32|-77|CG0131600|-34|-79|CG0131601|-34|-78
281|3|4|100|1|CG0196464|-10|-51
281|3|5|1500|32|CG0131588|-43|-87|CG0131589|-38|-81|CG0131590|-31|-81|CG0131588|-43|-87|CG0131589|-38|-81|CG0131590|-31|-81|CG0131588|-43|-87|CG0131589|-38|-81|CG0131590|-31|-81|CG0131588|-43|-87|CG0131589|-38|-81|CG0131589|-38|-81|CG0131590|-31|-81|CG0131590|-31|-81|CG0131591|-57|-76|CG0131591|-57|-76|CG0131591|-57|-76|CG0131591|-57|-76|CG0131592|-7|-67|CG0131592|-7|-67|CG0131593|-9|-73|CG0131593|-9|-73|CG0131594|-10|-84|CG0131594|-10|-84|CG0131594|-10|-84|CG0131594|-10|-84|CG0131594|-10|-84|CG0131594|-10|-84|CG0131595|-19|-79|CG0131595|-19|-79|CG0131595|-19|-79|CG0131595|-19|-79
281|3|6|800|10|CG0131594|-10|-84|CG0131615|-29|-75|CG0131616|-31|-68|CG0131616|-31|-68|CG0131617|-25|-58|CG0131617|-25|-58|CG0131617|-25|-58|CG0131617|-25|-58|CG0131617|-25|-58|CG0131617|-25|-58
281|3|7|1200|12|CG0130413|-13|-80|CG0130413|-13|-80|CG0130414|-21|-83|CG0130414|-21|-83|CG0130415|-23|-84|CG0130415|-23|-84|CG0130415|-23|-84|CG0130415|-23|-84|CG0130416|-6|-75|CG0130417|-6|-72|CG0130418|-6|-68|CG0130418|-6|-68
281|3|8|1000|2|CG0131610|-14|-75|CG0131611|-45|-68
281|3|9|1000|1|CG0131612|-28|-72
281|3|10|1000|8|CG0131604|-39|-79|CG0131604|-39|-79|CG0131605|-44|-63|CG0131606|-37|-55|CG0131607|-25|-59|CG0131607|-25|-59|CG0131608|-20|-53|CG0131609|-20|-27
281|4|0|1000|4|CG0131667|-32|-80|CG0131668|-36|-80|CG0131669|-39|-80|CG0131668|-36|-80
281|4|1|1000|6|CG0131672|-35|-81|CG0131673|-35|-82|CG0131674|-34|-80|CG0131675|-35|-80|CG0131676|-36|-82|CG0131677|-36|-80
281|4|2|400|1|CG0188552|-25|-51
281|4|3|600|6|CG0131642|-20|-72|CG0131643|-20|-74|CG0131644|-29|-73|CG0131645|-21|-73|CG0131646|-21|-75|CG0131647|-21|-74
281|4|4|100|1|CG0196504|-21|-46
281|4|5|1500|32|CG0131634|-50|-89|CG0131635|-35|-80|CG0131636|-51|-79|CG0131634|-50|-89|CG0131635|-35|-80|CG0131636|-51|-79|CG0131634|-50|-89|CG0131635|-35|-80|CG0131636|-51|-79|CG0131634|-50|-89|CG0131635|-35|-80|CG0131635|-35|-80|CG0131636|-51|-79|CG0131636|-51|-79|CG0131637|-35|-73|CG0131637|-35|-73|CG0131637|-35|-73|CG0131637|-35|-73|CG0131638|-28|-62|CG0131638|-28|-62|CG0131639|-10|-65|CG0131639|-10|-65|CG0131640|-10|-70|CG0131640|-10|-70|CG0131640|-10|-70|CG0131640|-10|-70|CG0131640|-10|-70|CG0131640|-10|-70|CG0131641|-53|-76|CG0131641|-53|-76|CG0131641|-53|-76|CG0131641|-53|-76
281|4|6|800|10|CG0131640|-10|-70|CG0131661|-32|-71|CG0131662|-37|-59|CG0131662|-37|-59|CG0131663|-26|-48|CG0131663|-26|-48|CG0131663|-26|-48|CG0131663|-26|-48|CG0131663|-26|-48|CG0131663|-26|-48
281|4|7|1200|12|CG0130478|-16|-80|CG0130478|-16|-80|CG0130479|-30|-81|CG0130479|-30|-81|CG0130480|-22|-81|CG0130480|-22|-81|CG0130480|-22|-81|CG0130480|-22|-81|CG0130481|-12|-67|CG0130482|-10|-60|CG0130483|-10|-53|CG0130483|-10|-53
281|4|8|1000|2|CG0131656|-23|-71|CG0131657|-57|-79
281|4|9|1000|1|CG0131658|-37|-73
281|4|10|1000|8|CG0131650|-36|-81|CG0131650|-36|-81|CG0131651|-38|-70|CG0131652|-33|-61|CG0131653|-30|-59|CG0131653|-30|-59|CG0131654|-29|-43|CG0131655|-24|-21
281|5|0|1000|4|CG0131713|-24|-78|CG0131714|-17|-78|CG0131715|-19|-78|CG0131714|-17|-78
281|5|1|1000|6|CG0131718|-16|-79|CG0131719|-16|-81|CG0131720|-16|-78|CG0131721|-16|-79|CG0131722|-16|-81|CG0131723|-16|-78
281|5|2|400|1|CG0188597|-19|-60
281|5|3|600|6|CG0131688|-49|-68|CG0131689|-50|-70|CG0131690|-49|-70|CG0131691|-49|-69|CG0131692|-49|-71|CG0131693|-49|-70
281|5|4|100|1|CG0196544|-24|-45
281|5|5|1500|32|CG0131680|-28|-87|CG0131681|-36|-93|CG0131682|-42|-75|CG0131680|-28|-87|CG0131681|-36|-93|CG0131682|-42|-75|CG0131680|-28|-87|CG0131681|-36|-93|CG0131682|-42|-75|CG0131680|-28|-87|CG0131681|-36|-93|CG0131681|-36|-93|CG0131682|-42|-75|CG0131682|-42|-75|CG0131683|-23|-69|CG0131683|-23|-69|CG0131683|-23|-69|CG0131683|-23|-69|CG0131684|-45|-61|CG0131684|-45|-61|CG0131685|-19|-60|CG0131685|-19|-60|CG0131686|-19|-66|CG0131686|-19|-66|CG0131686|-19|-66|CG0131686|-19|-66|CG0131686|-19|-66|CG0131686|-19|-66|CG0131687|-54|-72|CG0131687|-54|-72|CG0131687|-54|-72|CG0131687|-54|-72
281|5|6|800|10|CG0131686|-19|-66|CG0131707|-20|-67|CG0131708|-33|-54|CG0131708|-33|-54|CG0131709|-46|-52|CG0131709|-46|-52|CG0131709|-46|-52|CG0131709|-46|-52|CG0131709|-46|-52|CG0131709|-46|-52
281|5|7|1200|12|CG0130543|-20|-78|CG0130543|-20|-78|CG0130544|-23|-79|CG0130544|-23|-79|CG0130545|-21|-80|CG0130545|-21|-80|CG0130545|-21|-80|CG0130545|-21|-80|CG0130546|-20|-61|CG0130547|-16|-52|CG0130548|-15|-43|CG0130548|-15|-43
281|5|8|1000|2|CG0131702|-23|-67|CG0131703|-39|-81
281|5|9|1000|1|CG0131704|-25|-84
281|5|10|1000|8|CG0131696|-16|-79|CG0131696|-16|-79|CG0131697|-19|-71|CG0131698|-26|-61|CG0131699|-31|-57|CG0131699|-31|-57|CG0131700|-29|-36|CG0131701|-45|-16
281|6|0|1000|4|CG0131759|-41|-80|CG0131760|-39|-80|CG0131761|-36|-80|CG0131760|-39|-80
281|6|1|1000|6|CG0131764|-38|-81|CG0131765|-38|-83|CG0131766|-38|-80|CG0131767|-37|-81|CG0131768|-37|-83|CG0131769|-37|-80
281|6|2|400|1|CG0188642|-38|-63
281|6|3|600|6|CG0131734|-53|-73|CG0131735|-54|-75|CG0131736|-54|-74|CG0131737|-53|-73|CG0131738|-52|-75|CG0131739|-51|-74
281|6|4|100|1|CG0196584|-20|-48
281|6|5|1500|32|CG0131726|-17|-81|CG0131727|-18|-103|CG0131728|-17|-83|CG0131726|-17|-81|CG0131727|-18|-103|CG0131728|-17|-83|CG0131726|-17|-81|CG0131727|-18|-103|CG0131728|-17|-83|CG0131726|-17|-81|CG0131727|-18|-103|CG0131727|-18|-103|CG0131728|-17|-83|CG0131728|-17|-83|CG0131729|-28|-73|CG0131729|-28|-73|CG0131729|-28|-73|CG0131729|-28|-73|CG0131730|-37|-67|CG0131730|-37|-67|CG0131731|-74|-64|CG0131731|-74|-64|CG0131732|-45|-67|CG0131732|-45|-67|CG0131732|-45|-67|CG0131732|-45|-67|CG0131732|-45|-67|CG0131732|-45|-67|CG0131733|-27|-75|CG0131733|-27|-75|CG0131733|-27|-75|CG0131733|-27|-75
281|6|6|800|10|CG0131732|-45|-67|CG0131753|-52|-71|CG0131754|-58|-63|CG0131754|-58|-63|CG0131755|-64|-58|CG0131755|-64|-58|CG0131755|-64|-58|CG0131755|-64|-58|CG0131755|-64|-58|CG0131755|-64|-58
281|6|7|1200|12|CG0130608|-18|-80|CG0130608|-18|-80|CG0130609|-22|-82|CG0130609|-22|-82|CG0130610|-23|-81|CG0130610|-23|-81|CG0130610|-23|-81|CG0130610|-23|-81|CG0130611|-29|-66|CG0130612|-43|-57|CG0130613|-46|-46|CG0130613|-46|-46
281|6|8|1000|2|CG0131748|-35|-71|CG0131749|-29|-79
281|6|9|1000|1|CG0131750|-29|-89
281|6|10|1000|8|CG0131742|-40|-81|CG0131742|-40|-81|CG0131743|-37|-70|CG0131744|-43|-61|CG0131745|-58|-60|CG0131745|-58|-60|CG0131746|-71|-40|CG0131747|-86|-20
281|7|0|1000|4|CG0131805|-34|-80|CG0131806|-37|-80|CG0131807|-40|-80|CG0131806|-37|-80
281|7|1|1000|6|CG0131810|-37|-80|CG0131811|-38|-81|CG0131812|-38|-79|CG0131813|-37|-79|CG0131814|-36|-81|CG0131815|-35|-79
281|7|2|400|1|CG0188687|-44|-60
281|7|3|600|6|CG0131780|-27|-76|CG0131781|-29|-78|CG0131782|-30|-78|CG0131783|-27|-77|CG0131784|-30|-79|CG0131785|-32|-77
281|7|4|100|1|CG0196624|-25|-51
281|7|5|1500|32|CG0131772|-26|-79|CG0131773|-26|-103|CG0131774|-26|-80|CG0131772|-26|-79|CG0131773|-26|-103|CG0131774|-26|-80|CG0131772|-26|-79|CG0131773|-26|-103|CG0131774|-26|-80|CG0131772|-26|-79|CG0131773|-26|-103|CG0131773|-26|-103|CG0131774|-26|-80|CG0131774|-26|-80|CG0131775|-29|-78|CG0131775|-29|-78|CG0131775|-29|-78|CG0131775|-29|-78|CG0131776|-38|-73|CG0131776|-38|-73|CG0131777|-88|-73|CG0131777|-88|-73|CG0131778|-73|-76|CG0131778|-73|-76|CG0131778|-73|-76|CG0131778|-73|-76|CG0131778|-73|-76|CG0131778|-73|-76|CG0131779|-28|-78|CG0131779|-28|-78|CG0131779|-28|-78|CG0131779|-28|-78
281|7|6|800|10|CG0131778|-73|-76|CG0131799|-52|-76|CG0131800|-49|-72|CG0131800|-49|-72|CG0131801|-54|-71|CG0131801|-54|-71|CG0131801|-54|-71|CG0131801|-54|-71|CG0131801|-54|-71|CG0131801|-54|-71
281|7|7|1200|12|CG0130673|-16|-80|CG0130673|-16|-80|CG0130674|-22|-82|CG0130674|-22|-82|CG0130675|-21|-80|CG0130675|-21|-80|CG0130675|-21|-80|CG0130675|-21|-80|CG0130676|-45|-74|CG0130677|-58|-70|CG0130678|-54|-64|CG0130678|-54|-64
281|7|8|1000|2|CG0131794|-35|-75|CG0131795|-30|-69
281|7|9|1000|1|CG0131796|-38|-84
281|7|10|1000|8|CG0131788|-43|-80|CG0131788|-43|-80|CG0131789|-38|-61|CG0131790|-42|-54|CG0131791|-51|-59|CG0131791|-51|-59|CG0131792|-71|-53|CG0131793|-76|-24
