238|0|0|1200|4|CG0114667|-16|-71|CG0114668|-16|-72|CG0114669|-16|-72|CG0114668|-16|-72
238|0|1|1000|6|CG0114672|-16|-72|CG0114673|-18|-73|CG0114674|-23|-70|CG0114675|-18|-72|CG0114676|-14|-74|CG0114677|-23|-71
238|0|2|400|1|CG0188372|-32|-70
238|0|3|500|6|CG0114642|-28|-72|CG0114643|-26|-73|CG0114644|-25|-72|CG0114645|-28|-72|CG0114646|-32|-74|CG0114647|-29|-72
238|0|4|100|1|CG0196344|-27|-55
238|0|5|1000|20|CG0114634|-24|-67|CG0114634|-24|-67|CG0114635|-24|-66|CG0114635|-24|-66|CG0114636|-23|-79|CG0114636|-23|-79|CG0114636|-23|-79|CG0114636|-23|-79|CG0114637|-24|-72|CG0114637|-24|-72|CG0114638|-58|-75|CG0114638|-58|-75|CG0114639|-59|-71|CG0114639|-59|-71|CG0114639|-59|-71|CG0114639|-59|-71|CG0114640|-32|-71|CG0114640|-32|-71|CG0114641|-26|-69|CG0114641|-26|-69
238|0|6|1000|5|CG0114661|-29|-71|CG0114661|-29|-71|CG0114662|-26|-72|CG0114663|-16|-72|CG0114663|-16|-72
238|0|7|1000|10|CG0113794|-19|-71|CG0113794|-19|-71|CG0113795|-19|-71|CG0113795|-19|-71|CG0113796|-17|-69|CG0113796|-17|-69|CG0113796|-17|-69|CG0113797|-27|-70|CG0113798|-30|-73|CG0113799|-30|-73
238|0|8|1000|2|CG0114656|-29|-71|CG0114657|-28|-64
238|0|9|1000|1|CG0114658|-25|-58
238|0|10|1200|10|CG0114650|-15|-72|CG0114651|-16|-62|CG0114652|-25|-57|CG0114652|-25|-57|CG0114653|-34|-61|CG0114653|-34|-61|CG0114654|-48|-56|CG0114654|-48|-56|CG0114655|-56|-43|CG0114655|-56|-43
238|1|0|1200|4|CG0114713|-18|-73|CG0114714|-18|-73|CG0114715|-18|-73|CG0114714|-18|-73
238|1|1|1000|6|CG0114718|-16|-72|CG0114719|-17|-74|CG0114720|-17|-71|CG0114721|-16|-73|CG0114722|-16|-75|CG0114723|-17|-72
238|1|2|400|1|CG0188417|-17|-71
238|1|3|500|6|CG0114688|-19|-74|CG0114689|-28|-75|CG0114690|-27|-74|CG0114691|-30|-75|CG0114692|-24|-77|CG0114693|-18|-75
238|1|4|100|1|CG0196384|-26|-58
238|1|5|1000|20|CG0114680|-16|-67|CG0114680|-16|-67|CG0114681|-16|-65|CG0114681|-16|-65|CG0114682|-17|-73|CG0114682|-17|-73|CG0114682|-17|-73|CG0114682|-17|-73|CG0114683|-17|-73|CG0114683|-17|-73|CG0114684|-28|-80|CG0114684|-28|-80|CG0114685|-28|-77|CG0114685|-28|-77|CG0114685|-28|-77|CG0114685|-28|-77|CG0114686|-28|-75|CG0114686|-28|-75|CG0114687|-18|-70|CG0114687|-18|-70
238|1|6|1000|5|CG0114707|-37|-72|CG0114707|-37|-72|CG0114708|-21|-73|CG0114709|-18|-74|CG0114709|-18|-74
238|1|7|1000|10|CG0113859|-20|-73|CG0113859|-20|-73|CG0113860|-19|-70|CG0113860|-19|-70|CG0113861|-16|-66|CG0113861|-16|-66|CG0113861|-16|-66|CG0113862|-21|-71|CG0113863|-27|-76|CG0113864|-28|-76
238|1|8|1000|2|CG0114702|-19|-73|CG0114703|-25|-55
238|1|9|1000|1|CG0114704|-21|-62
238|1|10|1200|10|CG0114696|-18|-73|CG0114697|-18|-61|CG0114698|-23|-60|CG0114698|-23|-60|CG0114699|-22|-66|CG0114699|-22|-66|CG0114700|-21|-64|CG0114700|-21|-64|CG0114701|-21|-53|CG0114701|-21|-53
238|2|0|1200|4|CG0114759|-19|-73|CG0114760|-19|-73|CG0114761|-18|-73|CG0114760|-19|-73
238|2|1|1000|6|CG0114764|-18|-72|CG0114765|-18|-73|CG0114766|-22|-70|CG0114767|-19|-72|CG0114768|-17|-74|CG0114769|-19|-71
238|2|2|400|1|CG0188462|-33|-62
238|2|3|500|6|CG0114734|-21|-73|CG0114735|-17|-74|CG0114736|-27|-73|CG0114737|-18|-74|CG0114738|-23|-75|CG0114739|-29|-73
238|2|4|100|1|CG0196424|-14|-57
238|2|5|1000|20|CG0114726|-16|-66|CG0114726|-16|-66|CG0114727|-18|-65|CG0114727|-18|-65|CG0114728|-18|-66|CG0114728|-18|-66|CG0114728|-18|-66|CG0114728|-18|-66|CG0114729|-17|-72|CG0114729|-17|-72|CG0114730|-15|-77|CG0114730|-15|-77|CG0114731|-16|-73|CG0114731|-16|-73|CG0114731|-16|-73|CG0114731|-16|-73|CG0114732|-10|-71|CG0114732|-10|-71|CG0114733|-10|-67|CG0114733|-10|-67
238|2|6|1000|5|CG0114753|-27|-72|CG0114753|-27|-72|CG0114754|-19|-73|CG0114755|-17|-74|CG0114755|-17|-74
238|2|7|1000|10|CG0113924|-19|-74|CG0113924|-19|-74|CG0113925|-20|-71|CG0113925|-20|-71|CG0113926|-20|-68|CG0113926|-20|-68|CG0113926|-20|-68|CG0113927|-19|-72|CG0113928|-14|-75|CG0113929|-17|-75
238|2|8|1000|2|CG0114748|-14|-73|CG0114749|-28|-58
238|2|9|1000|1|CG0114750|-14|-60
238|2|10|1200|10|CG0114742|-19|-73|CG0114743|-19|-62|CG0114744|-20|-58|CG0114744|-20|-58|CG0114745|-20|-62|CG0114745|-20|-62|CG0114746|-20|-58|CG0114746|-20|-58|CG0114747|-20|-45|CG0114747|-20|-45
238|3|0|1200|4|CG0114805|-18|-74|CG0114806|-18|-74|CG0114807|-18|-74|CG0114806|-18|-74
238|3|1|1000|6|CG0114810|-23|-73|CG0114811|-25|-75|CG0114812|-25|-72|CG0114813|-23|-73|CG0114814|-22|-75|CG0114815|-23|-72
238|3|2|400|1|CG0188507|-36|-53
238|3|3|500|6|CG0114780|-19|-71|CG0114781|-26|-72|CG0114782|-30|-71|CG0114783|-21|-72|CG0114784|-24|-74|CG0114785|-30|-72
238|3|4|100|1|CG0196464|-10|-51
238|3|5|1000|20|CG0114772|-25|-66|CG0114772|-25|-66|CG0114773|-27|-66|CG0114773|-27|-66|CG0114774|-28|-66|CG0114774|-28|-66|CG0114774|-28|-66|CG0114774|-28|-66|CG0114775|-29|-72|CG0114775|-29|-72|CG0114776|-12|-69|CG0114776|-12|-69|CG0114777|-12|-63|CG0114777|-12|-63|CG0114777|-12|-63|CG0114777|-12|-63|CG0114778|-14|-64|CG0114778|-14|-64|CG0114779|-18|-66|CG0114779|-18|-66
238|3|6|1000|5|CG0114799|-23|-74|CG0114799|-23|-74|CG0114800|-18|-74|CG0114801|-16|-75|CG0114801|-16|-75
238|3|7|1000|10|CG0113989|-17|-75|CG0113989|-17|-75|CG0113990|-19|-73|CG0113990|-19|-73|CG0113991|-24|-71|CG0113991|-24|-71|CG0113991|-24|-71|CG0113992|-22|-72|CG0113993|-14|-70|CG0113994|-20|-69
238|3|8|1000|2|CG0114794|-10|-71|CG0114795|-36|-63
238|3|9|1000|1|CG0114796|-9|-54
238|3|10|1200|10|CG0114788|-26|-74|CG0114789|-19|-62|CG0114790|-10|-52|CG0114790|-10|-52|CG0114791|-10|-51|CG0114791|-10|-51|CG0114792|-11|-41|CG0114792|-11|-41|CG0114793|-10|-25|CG0114793|-10|-25
238|4|0|1200|4|CG0114851|-22|-74|CG0114852|-22|-74|CG0114853|-21|-74|CG0114852|-22|-74
238|4|1|1000|6|CG0114856|-24|-73|CG0114857|-25|-75|CG0114858|-25|-72|CG0114859|-24|-73|CG0114860|-23|-75|CG0114861|-23|-72
238|4|2|400|1|CG0188552|-25|-51
238|4|3|500|6|CG0114826|-29|-68|CG0114827|-29|-69|CG0114828|-29|-68|CG0114829|-29|-69|CG0114830|-29|-70|CG0114831|-29|-68
238|4|4|100|1|CG0196504|-21|-46
238|4|5|1000|20|CG0114818|-27|-66|CG0114818|-27|-66|CG0114819|-31|-66|CG0114819|-31|-66|CG0114820|-32|-67|CG0114820|-32|-67|CG0114820|-32|-67|CG0114820|-32|-67|CG0114821|-27|-73|CG0114821|-27|-73|CG0114822|-20|-58|CG0114822|-20|-58|CG0114823|-18|-51|CG0114823|-18|-51|CG0114823|-18|-51|CG0114823|-18|-51|CG0114824|-18|-54|CG0114824|-18|-54|CG0114825|-25|-63|CG0114825|-25|-63
238|4|6|1000|5|CG0114845|-39|-75|CG0114845|-39|-75|CG0114846|-17|-75|CG0114847|-16|-74|CG0114847|-16|-74
238|4|7|1000|10|CG0114054|-18|-73|CG0114054|-18|-73|CG0114055|-23|-74|CG0114055|-23|-74|CG0114056|-19|-72|CG0114056|-19|-72|CG0114056|-19|-72|CG0114057|-25|-71|CG0114058|-15|-62|CG0114059|-22|-61
238|4|8|1000|2|CG0114840|-12|-68|CG0114841|-32|-71
238|4|9|1000|1|CG0114842|-13|-50
238|4|10|1200|10|CG0114834|-27|-74|CG0114835|-21|-65|CG0114836|-20|-49|CG0114836|-20|-49|CG0114837|-20|-41|CG0114837|-20|-41|CG0114838|-19|-21|CG0114838|-19|-21|CG0114839|-19|-17|CG0114839|-19|-17
238|5|0|1200|4|CG0114897|-16|-73|CG0114898|-18|-73|CG0114899|-20|-73|CG0114898|-18|-73
238|5|1|1000|6|CG0114902|-20|-73|CG0114903|-20|-75|CG0114904|-19|-72|CG0114905|-20|-73|CG0114906|-20|-75|CG0114907|-19|-72
238|5|2|400|1|CG0188597|-19|-60
238|5|3|500|6|CG0114872|-27|-66|CG0114873|-27|-67|CG0114874|-27|-65|CG0114875|-27|-66|CG0114876|-27|-68|CG0114877|-27|-66
238|5|4|100|1|CG0196544|-24|-45
238|5|5|1000|20|CG0114864|-28|-66|CG0114864|-28|-66|CG0114865|-31|-67|CG0114865|-31|-67|CG0114866|-24|-74|CG0114866|-24|-74|CG0114866|-24|-74|CG0114866|-24|-74|CG0114867|-20|-80|CG0114867|-20|-80|CG0114868|-20|-54|CG0114868|-20|-54|CG0114869|-19|-46|CG0114869|-19|-46|CG0114869|-19|-46|CG0114869|-19|-46|CG0114870|-19|-51|CG0114870|-19|-51|CG0114871|-26|-62|CG0114871|-26|-62
238|5|6|1000|5|CG0114891|-35|-74|CG0114891|-35|-74|CG0114892|-18|-73|CG0114893|-16|-73|CG0114893|-16|-73
238|5|7|1000|10|CG0114119|-17|-72|CG0114119|-17|-72|CG0114120|-17|-73|CG0114120|-17|-73|CG0114121|-16|-73|CG0114121|-16|-73|CG0114121|-16|-73|CG0114122|-16|-70|CG0114123|-16|-58|CG0114124|-16|-56
238|5|8|1000|2|CG0114886|-24|-65|CG0114887|-28|-75
238|5|9|1000|1|CG0114888|-20|-48
238|5|10|1200|10|CG0114880|-17|-73|CG0114881|-16|-64|CG0114882|-22|-46|CG0114882|-22|-46|CG0114883|-28|-34|CG0114883|-28|-34|CG0114884|-39|-13|CG0114884|-39|-13|CG0114885|-41|-12|CG0114885|-41|-12
238|6|0|1200|4|CG0114943|-22|-72|CG0114944|-22|-72|CG0114945|-21|-72|CG0114944|-22|-72
238|6|1|1000|6|CG0114948|-25|-72|CG0114949|-24|-74|CG0114950|-23|-71|CG0114951|-25|-72|CG0114952|-26|-74|CG0114953|-26|-71
238|6|2|400|1|CG0188642|-38|-63
238|6|3|500|6|CG0114918|-27|-66|CG0114919|-27|-67|CG0114920|-27|-66|CG0114921|-27|-67|CG0114922|-27|-68|CG0114923|-27|-66
238|6|4|100|1|CG0196584|-20|-48
238|6|5|1000|20|CG0114910|-30|-66|CG0114910|-30|-66|CG0114911|-28|-66|CG0114911|-28|-66|CG0114912|-23|-81|CG0114912|-23|-81|CG0114912|-23|-81|CG0114912|-23|-81|CG0114913|-24|-79|CG0114913|-24|-79|CG0114914|-53|-58|CG0114914|-53|-58|CG0114915|-50|-48|CG0114915|-50|-48|CG0114915|-50|-48|CG0114915|-50|-48|CG0114916|-35|-56|CG0114916|-35|-56|CG0114917|-34|-64|CG0114917|-34|-64
238|6|6|1000|5|CG0114937|-36|-73|CG0114937|-36|-73|CG0114938|-25|-72|CG0114939|-18|-72|CG0114939|-18|-72
238|6|7|1000|10|CG0114184|-16|-71|CG0114184|-16|-71|CG0114185|-19|-71|CG0114185|-19|-71|CG0114186|-26|-72|CG0114186|-26|-72|CG0114186|-26|-72|CG0114187|-18|-69|CG0114188|-37|-60|CG0114189|-28|-59
238|6|8|1000|2|CG0114932|-33|-66|CG0114933|-33|-73
238|6|9|1000|1|CG0114934|-32|-54
238|6|10|1200|10|CG0114926|-24|-72|CG0114927|-27|-62|CG0114928|-40|-47|CG0114928|-40|-47|CG0114929|-53|-38|CG0114929|-53|-38|CG0114930|-63|-19|CG0114930|-63|-19|CG0114931|-69|-17|CG0114931|-69|-17
238|7|0|1200|4|CG0114989|-18|-72|CG0114990|-21|-72|CG0114991|-22|-72|CG0114990|-21|-72
238|7|1|1000|6|CG0114994|-19|-72|CG0114995|-18|-74|CG0114996|-25|-71|CG0114997|-20|-72|CG0114998|-20|-74|CG0114999|-26|-72
238|7|2|400|1|CG0188687|-44|-60
238|7|3|500|6|CG0114964|-24|-69|CG0114965|-23|-70|CG0114966|-29|-69|CG0114967|-23|-70|CG0114968|-24|-71|CG0114969|-29|-70
238|7|4|100|1|CG0196624|-25|-51
238|7|5|1000|20|CG0114956|-22|-67|CG0114956|-22|-67|CG0114957|-23|-66|CG0114957|-23|-66|CG0114958|-25|-83|CG0114958|-25|-83|CG0114958|-25|-83|CG0114958|-25|-83|CG0114959|-31|-72|CG0114959|-31|-72|CG0114960|-76|-66|CG0114960|-76|-66|CG0114961|-76|-60|CG0114961|-76|-60|CG0114961|-76|-60|CG0114961|-76|-60|CG0114962|-43|-65|CG0114962|-43|-65|CG0114963|-25|-67|CG0114963|-25|-67
238|7|6|1000|5|CG0114983|-21|-72|CG0114983|-21|-72|CG0114984|-22|-72|CG0114985|-21|-72|CG0114985|-21|-72
238|7|7|1000|10|CG0114249|-22|-71|CG0114249|-22|-71|CG0114250|-25|-70|CG0114250|-25|-70|CG0114251|-29|-70|CG0114251|-29|-70|CG0114251|-29|-70|CG0114252|-31|-69|CG0114253|-45|-67|CG0114254|-36|-66
238|7|8|1000|2|CG0114978|-26|-68|CG0114979|-30|-68
238|7|9|1000|1|CG0114980|-40|-58
238|7|10|1200|10|CG0114972|-21|-72|CG0114973|-27|-62|CG0114974|-37|-52|CG0114974|-37|-52|CG0114975|-48|-49|CG0114975|-48|-49|CG0114976|-65|-39|CG0114976|-65|-39|CG0114977|-77|-24|CG0114977|-77|-24
