250|0|0|1200|4|CG0119372|-15|-71|CG0119373|-15|-71|CG0119374|-17|-71|CG0119373|-15|-71
250|0|1|1000|6|CG0119377|-19|-72|CG0119378|-14|-73|CG0119379|-21|-70|CG0119380|-14|-72|CG0119381|-19|-73|CG0119382|-23|-70
250|0|2|400|1|CG0188372|-32|-70
250|0|3|600|6|CG0119346|-28|-72|CG0119347|-25|-75|CG0119348|-19|-73|CG0119349|-23|-72|CG0119350|-25|-75|CG0119351|-27|-73
250|0|4|100|1|CG0196344|-27|-55
250|0|5|1500|38|CG0119338|-22|-70|CG0119338|-22|-70|CG0119338|-22|-70|CG0119338|-22|-70|CG0119339|-21|-70|CG0119339|-21|-70|CG0119339|-21|-70|CG0119339|-21|-70|CG0119340|-19|-70|CG0119340|-19|-70|CG0119340|-19|-70|CG0119340|-19|-70|CG0119340|-19|-70|CG0119340|-19|-70|CG0119340|-19|-70|CG0119340|-19|-70|CG0119341|-30|-72|CG0119341|-30|-72|CG0119342|-53|-75|CG0119342|-53|-75|CG0119343|-63|-74|CG0119343|-63|-74|CG0119343|-63|-74|CG0119343|-63|-74|CG0119343|-63|-74|CG0119343|-63|-74|CG0119343|-63|-74|CG0119343|-63|-74|CG0119343|-63|-74|CG0119343|-63|-74|CG0119344|-49|-76|CG0119344|-49|-76|CG0119344|-49|-76|CG0119344|-49|-76|CG0119345|-27|-73|CG0119345|-27|-73|CG0119345|-27|-73|CG0119345|-27|-73
250|0|6|1500|13|CG0119365|-21|-73|CG0119365|-21|-73|CG0119366|-17|-75|CG0119366|-17|-75|CG0119366|-17|-75|CG0119366|-17|-75|CG0119367|-20|-72|CG0119367|-20|-72|CG0119368|-21|-75|CG0119368|-21|-75|CG0119368|-21|-75|CG0119368|-21|-75|CG0119368|-21|-75
250|0|7|1200|12|CG0118483|-24|-70|CG0118483|-24|-70|CG0118484|-24|-69|CG0118484|-24|-69|CG0118485|-18|-68|CG0118485|-18|-68|CG0118485|-18|-68|CG0118486|-32|-69|CG0118486|-32|-69|CG0118487|-36|-72|CG0118488|-47|-74|CG0118488|-47|-74
250|0|8|1500|2|CG0119360|-24|-73|CG0119361|-19|-59
250|0|9|1000|1|CG0119362|-27|-68
250|0|10|1500|16|CG0119354|-13|-72|CG0119354|-13|-72|CG0119355|-9|-64|CG0119355|-9|-64|CG0119356|-7|-52|CG0119356|-7|-52|CG0119356|-7|-52|CG0119356|-7|-52|CG0119356|-7|-52|CG0119357|-11|-48|CG0119357|-11|-48|CG0119358|-26|-51|CG0119358|-26|-51|CG0119359|-49|-34|CG0119359|-49|-34|CG0119359|-49|-34
250|1|0|1200|4|CG0119419|-21|-71|CG0119420|-20|-71|CG0119421|-20|-71|CG0119420|-20|-71
250|1|1|1000|6|CG0119424|-17|-71|CG0119425|-17|-73|CG0119426|-17|-70|CG0119427|-17|-71|CG0119428|-17|-72|CG0119429|-17|-70
250|1|2|400|1|CG0188417|-17|-71
250|1|3|600|6|CG0119393|-27|-73|CG0119394|-20|-75|CG0119395|-17|-73|CG0119396|-19|-73|CG0119397|-28|-75|CG0119398|-33|-73
250|1|4|100|1|CG0196384|-26|-58
250|1|5|1500|38|CG0119385|-20|-70|CG0119385|-20|-70|CG0119385|-20|-70|CG0119385|-20|-70|CG0119386|-19|-69|CG0119386|-19|-69|CG0119386|-19|-69|CG0119386|-19|-69|CG0119387|-17|-69|CG0119387|-17|-69|CG0119387|-17|-69|CG0119387|-17|-69|CG0119387|-17|-69|CG0119387|-17|-69|CG0119387|-17|-69|CG0119387|-17|-69|CG0119388|-20|-71|CG0119388|-20|-71|CG0119389|-32|-79|CG0119389|-32|-79|CG0119390|-36|-82|CG0119390|-36|-82|CG0119390|-36|-82|CG0119390|-36|-82|CG0119390|-36|-82|CG0119390|-36|-82|CG0119390|-36|-82|CG0119390|-36|-82|CG0119390|-36|-82|CG0119390|-36|-82|CG0119391|-27|-79|CG0119391|-27|-79|CG0119391|-27|-79|CG0119391|-27|-79|CG0119392|-21|-73|CG0119392|-21|-73|CG0119392|-21|-73|CG0119392|-21|-73
250|1|6|1500|13|CG0119412|-17|-72|CG0119412|-17|-72|CG0119413|-17|-75|CG0119413|-17|-75|CG0119413|-17|-75|CG0119413|-17|-75|CG0119414|-17|-72|CG0119414|-17|-72|CG0119415|-17|-77|CG0119415|-17|-77|CG0119415|-17|-77|CG0119415|-17|-77|CG0119415|-17|-77
250|1|7|1200|12|CG0118549|-21|-70|CG0118549|-21|-70|CG0118550|-20|-68|CG0118550|-20|-68|CG0118551|-16|-64|CG0118551|-16|-64|CG0118551|-16|-64|CG0118552|-16|-68|CG0118552|-16|-68|CG0118553|-26|-78|CG0118554|-26|-83|CG0118554|-26|-83
250|1|8|1500|2|CG0119407|-17|-75|CG0119408|-25|-54
250|1|9|1000|1|CG0119409|-17|-70
250|1|10|1500|16|CG0119401|-17|-71|CG0119401|-17|-71|CG0119402|-18|-63|CG0119402|-18|-63|CG0119403|-21|-52|CG0119403|-21|-52|CG0119403|-21|-52|CG0119403|-21|-52|CG0119403|-21|-52|CG0119404|-23|-48|CG0119404|-23|-48|CG0119405|-27|-56|CG0119405|-27|-56|CG0119406|-22|-42|CG0119406|-22|-42|CG0119406|-22|-42
250|2|0|1200|4|CG0119466|-22|-73|CG0119467|-22|-73|CG0119468|-21|-73|CG0119467|-22|-73
250|2|1|1000|6|CG0119471|-19|-72|CG0119472|-19|-73|CG0119473|-20|-70|CG0119474|-20|-72|CG0119475|-19|-73|CG0119476|-22|-71
250|2|2|400|1|CG0188462|-33|-62
250|2|3|600|6|CG0119440|-22|-72|CG0119441|-22|-75|CG0119442|-30|-73|CG0119443|-22|-72|CG0119444|-22|-75|CG0119445|-22|-73
250|2|4|100|1|CG0196424|-14|-57
250|2|5|1500|38|CG0119432|-19|-71|CG0119432|-19|-71|CG0119432|-19|-71|CG0119432|-19|-71|CG0119433|-20|-70|CG0119433|-20|-70|CG0119433|-20|-70|CG0119433|-20|-70|CG0119434|-19|-69|CG0119434|-19|-69|CG0119434|-19|-69|CG0119434|-19|-69|CG0119434|-19|-69|CG0119434|-19|-69|CG0119434|-19|-69|CG0119434|-19|-69|CG0119435|-17|-71|CG0119435|-17|-71|CG0119436|-16|-78|CG0119436|-16|-78|CG0119437|-16|-80|CG0119437|-16|-80|CG0119437|-16|-80|CG0119437|-16|-80|CG0119437|-16|-80|CG0119437|-16|-80|CG0119437|-16|-80|CG0119437|-16|-80|CG0119437|-16|-80|CG0119437|-16|-80|CG0119438|-12|-77|CG0119438|-12|-77|CG0119438|-12|-77|CG0119438|-12|-77|CG0119439|-18|-73|CG0119439|-18|-73|CG0119439|-18|-73|CG0119439|-18|-73
250|2|6|1500|13|CG0119459|-21|-73|CG0119459|-21|-73|CG0119460|-22|-74|CG0119460|-22|-74|CG0119460|-22|-74|CG0119460|-22|-74|CG0119461|-20|-72|CG0119461|-20|-72|CG0119462|-20|-71|CG0119462|-20|-71|CG0119462|-20|-71|CG0119462|-20|-71|CG0119462|-20|-71
250|2|7|1200|12|CG0118615|-19|-71|CG0118615|-19|-71|CG0118616|-22|-68|CG0118616|-22|-68|CG0118617|-22|-63|CG0118617|-22|-63|CG0118617|-22|-63|CG0118618|-13|-65|CG0118618|-13|-65|CG0118619|-8|-77|CG0118620|-13|-81|CG0118620|-13|-81
250|2|8|1500|2|CG0119454|-25|-73|CG0119455|-35|-51
250|2|9|1000|1|CG0119456|-26|-68
250|2|10|1500|16|CG0119448|-19|-72|CG0119448|-19|-72|CG0119449|-24|-65|CG0119449|-24|-65|CG0119450|-29|-56|CG0119450|-29|-56|CG0119450|-29|-56|CG0119450|-29|-56|CG0119450|-29|-56|CG0119451|-28|-52|CG0119451|-28|-52|CG0119452|-31|-59|CG0119452|-31|-59|CG0119453|-31|-41|CG0119453|-31|-41|CG0119453|-31|-41
250|3|0|1200|4|CG0119513|-17|-75|CG0119514|-17|-75|CG0119515|-17|-74|CG0119514|-17|-75
250|3|1|1000|6|CG0119518|-18|-73|CG0119519|-17|-74|CG0119520|-24|-71|CG0119521|-18|-73|CG0119522|-18|-74|CG0119523|-23|-72
250|3|2|400|1|CG0188507|-36|-53
250|3|3|600|6|CG0119487|-23|-71|CG0119488|-22|-73|CG0119489|-33|-71|CG0119490|-21|-71|CG0119491|-22|-73|CG0119492|-32|-71
250|3|4|100|1|CG0196464|-10|-51
250|3|5|1500|38|CG0119479|-29|-72|CG0119479|-29|-72|CG0119479|-29|-72|CG0119479|-29|-72|CG0119480|-39|-71|CG0119480|-39|-71|CG0119480|-39|-71|CG0119480|-39|-71|CG0119481|-32|-70|CG0119481|-32|-70|CG0119481|-32|-70|CG0119481|-32|-70|CG0119481|-32|-70|CG0119481|-32|-70|CG0119481|-32|-70|CG0119481|-32|-70|CG0119482|-33|-71|CG0119482|-33|-71|CG0119483|-7|-72|CG0119483|-7|-72|CG0119484|-6|-69|CG0119484|-6|-69|CG0119484|-6|-69|CG0119484|-6|-69|CG0119484|-6|-69|CG0119484|-6|-69|CG0119484|-6|-69|CG0119484|-6|-69|CG0119484|-6|-69|CG0119484|-6|-69|CG0119485|-11|-69|CG0119485|-11|-69|CG0119485|-11|-69|CG0119485|-11|-69|CG0119486|-11|-72|CG0119486|-11|-72|CG0119486|-11|-72|CG0119486|-11|-72
250|3|6|1500|13|CG0119506|-16|-73|CG0119506|-16|-73|CG0119507|-17|-72|CG0119507|-17|-72|CG0119507|-17|-72|CG0119507|-17|-72|CG0119508|-17|-73|CG0119508|-17|-73|CG0119509|-18|-72|CG0119509|-18|-72|CG0119509|-18|-72|CG0119509|-18|-72|CG0119509|-18|-72
250|3|7|1200|12|CG0118681|-17|-72|CG0118681|-17|-72|CG0118682|-21|-70|CG0118682|-21|-70|CG0118683|-36|-66|CG0118683|-36|-66|CG0118683|-36|-66|CG0118684|-19|-63|CG0118684|-19|-63|CG0118685|-9|-71|CG0118686|-14|-70|CG0118686|-14|-70
250|3|8|1500|2|CG0119501|-20|-68|CG0119502|-45|-63
250|3|9|1000|1|CG0119503|-23|-61
250|3|10|1500|16|CG0119495|-17|-73|CG0119495|-17|-73|CG0119496|-22|-68|CG0119496|-22|-68|CG0119497|-29|-61|CG0119497|-29|-61|CG0119497|-29|-61|CG0119497|-29|-61|CG0119497|-29|-61|CG0119498|-34|-57|CG0119498|-34|-57|CG0119499|-30|-58|CG0119499|-30|-58|CG0119500|-29|-29|CG0119500|-29|-29|CG0119500|-29|-29
250|4|0|1200|4|CG0119560|-17|-75|CG0119561|-17|-75|CG0119562|-17|-75|CG0119561|-17|-75
250|4|1|1000|6|CG0119565|-20|-74|CG0119566|-20|-75|CG0119567|-22|-72|CG0119568|-20|-74|CG0119569|-20|-75|CG0119570|-20|-72
250|4|2|400|1|CG0188552|-25|-51
250|4|3|600|6|CG0119534|-23|-68|CG0119535|-23|-71|CG0119536|-23|-68|CG0119537|-23|-68|CG0119538|-23|-71|CG0119539|-28|-68
250|4|4|100|1|CG0196504|-21|-46
250|4|5|1500|38|CG0119526|-25|-73|CG0119526|-25|-73|CG0119526|-25|-73|CG0119526|-25|-73|CG0119527|-35|-73|CG0119527|-35|-73|CG0119527|-35|-73|CG0119527|-35|-73|CG0119528|-37|-74|CG0119528|-37|-74|CG0119528|-37|-74|CG0119528|-37|-74|CG0119528|-37|-74|CG0119528|-37|-74|CG0119528|-37|-74|CG0119528|-37|-74|CG0119529|-43|-71|CG0119529|-43|-71|CG0119530|-7|-64|CG0119530|-7|-64|CG0119531|-8|-55|CG0119531|-8|-55|CG0119531|-8|-55|CG0119531|-8|-55|CG0119531|-8|-55|CG0119531|-8|-55|CG0119531|-8|-55|CG0119531|-8|-55|CG0119531|-8|-55|CG0119531|-8|-55|CG0119532|-9|-60|CG0119532|-9|-60|CG0119532|-9|-60|CG0119532|-9|-60|CG0119533|-17|-69|CG0119533|-17|-69|CG0119533|-17|-69|CG0119533|-17|-69
250|4|6|1500|13|CG0119553|-21|-73|CG0119553|-21|-73|CG0119554|-22|-69|CG0119554|-22|-69|CG0119554|-22|-69|CG0119554|-22|-69|CG0119555|-20|-74|CG0119555|-20|-74|CG0119556|-20|-74|CG0119556|-20|-74|CG0119556|-20|-74|CG0119556|-20|-74|CG0119556|-20|-74
250|4|7|1200|12|CG0118747|-18|-73|CG0118747|-18|-73|CG0118748|-25|-73|CG0118748|-25|-73|CG0118749|-35|-72|CG0118749|-35|-72|CG0118749|-35|-72|CG0118750|-26|-64|CG0118750|-26|-64|CG0118751|-12|-61|CG0118752|-22|-54|CG0118752|-22|-54
250|4|8|1500|2|CG0119548|-25|-64|CG0119549|-34|-74
250|4|9|1000|1|CG0119550|-26|-55
250|4|10|1500|16|CG0119542|-20|-74|CG0119542|-20|-74|CG0119543|-22|-70|CG0119543|-22|-70|CG0119544|-35|-65|CG0119544|-35|-65|CG0119544|-35|-65|CG0119544|-35|-65|CG0119544|-35|-65|CG0119545|-31|-62|CG0119545|-31|-62|CG0119546|-24|-53|CG0119546|-24|-53|CG0119547|-17|-26|CG0119547|-17|-26|CG0119547|-17|-26
250|5|0|1200|4|CG0119607|-14|-74|CG0119608|-14|-74|CG0119609|-14|-74|CG0119608|-14|-74
250|5|1|1000|6|CG0119612|-21|-74|CG0119613|-21|-75|CG0119614|-20|-72|CG0119615|-21|-74|CG0119616|-20|-75|CG0119617|-20|-73
250|5|2|400|1|CG0188597|-19|-60
250|5|3|600|6|CG0119581|-24|-67|CG0119582|-24|-70|CG0119583|-24|-67|CG0119584|-24|-67|CG0119585|-24|-70|CG0119586|-24|-67
250|5|4|100|1|CG0196544|-24|-45
250|5|5|1500|38|CG0119573|-26|-73|CG0119573|-26|-73|CG0119573|-26|-73|CG0119573|-26|-73|CG0119574|-28|-73|CG0119574|-28|-73|CG0119574|-28|-73|CG0119574|-28|-73|CG0119575|-32|-80|CG0119575|-32|-80|CG0119575|-32|-80|CG0119575|-32|-80|CG0119575|-32|-80|CG0119575|-32|-80|CG0119575|-32|-80|CG0119575|-32|-80|CG0119576|-31|-81|CG0119576|-31|-81|CG0119577|-18|-59|CG0119577|-18|-59|CG0119578|-17|-47|CG0119578|-17|-47|CG0119578|-17|-47|CG0119578|-17|-47|CG0119578|-17|-47|CG0119578|-17|-47|CG0119578|-17|-47|CG0119578|-17|-47|CG0119578|-17|-47|CG0119578|-17|-47|CG0119579|-18|-56|CG0119579|-18|-56|CG0119579|-18|-56|CG0119579|-18|-56|CG0119580|-19|-68|CG0119580|-19|-68|CG0119580|-19|-68|CG0119580|-19|-68
250|5|6|1500|13|CG0119600|-17|-73|CG0119600|-17|-73|CG0119601|-17|-68|CG0119601|-17|-68|CG0119601|-17|-68|CG0119601|-17|-68|CG0119602|-17|-74|CG0119602|-17|-74|CG0119603|-17|-74|CG0119603|-17|-74|CG0119603|-17|-74|CG0119603|-17|-74|CG0119603|-17|-74
250|5|7|1200|12|CG0118813|-16|-73|CG0118813|-16|-73|CG0118814|-17|-75|CG0118814|-17|-75|CG0118815|-18|-76|CG0118815|-18|-76|CG0118815|-18|-76|CG0118816|-20|-66|CG0118816|-20|-66|CG0118817|-20|-55|CG0118818|-20|-44|CG0118818|-20|-44
250|5|8|1500|2|CG0119595|-18|-62|CG0119596|-34|-78
250|5|9|1000|1|CG0119597|-21|-54
250|5|10|1500|16|CG0119589|-20|-74|CG0119589|-20|-74|CG0119590|-21|-71|CG0119590|-21|-71|CG0119591|-23|-65|CG0119591|-23|-65|CG0119591|-23|-65|CG0119591|-23|-65|CG0119591|-23|-65|CG0119592|-15|-62|CG0119592|-15|-62|CG0119593|-19|-47|CG0119593|-19|-47|CG0119594|-16|-21|CG0119594|-16|-21|CG0119594|-16|-21
250|6|0|1200|4|CG0119654|-22|-72|CG0119655|-21|-73|CG0119656|-20|-73|CG0119655|-21|-73
250|6|1|1000|6|CG0119659|-26|-74|CG0119660|-26|-75|CG0119661|-26|-72|CG0119662|-26|-74|CG0119663|-25|-75|CG0119664|-24|-72
250|6|2|400|1|CG0188642|-38|-63
250|6|3|600|6|CG0119628|-31|-68|CG0119629|-31|-71|CG0119630|-31|-68|CG0119631|-31|-68|CG0119632|-31|-71|CG0119633|-31|-68
250|6|4|100|1|CG0196584|-20|-48
250|6|5|1500|38|CG0119620|-26|-72|CG0119620|-26|-72|CG0119620|-26|-72|CG0119620|-26|-72|CG0119621|-21|-73|CG0119621|-21|-73|CG0119621|-21|-73|CG0119621|-21|-73|CG0119622|-24|-79|CG0119622|-24|-79|CG0119622|-24|-79|CG0119622|-24|-79|CG0119622|-24|-79|CG0119622|-24|-79|CG0119622|-24|-79|CG0119622|-24|-79|CG0119623|-23|-87|CG0119623|-23|-87|CG0119624|-52|-60|CG0119624|-52|-60|CG0119625|-30|-49|CG0119625|-30|-49|CG0119625|-30|-49|CG0119625|-30|-49|CG0119625|-30|-49|CG0119625|-30|-49|CG0119625|-30|-49|CG0119625|-30|-49|CG0119625|-30|-49|CG0119625|-30|-49|CG0119626|-27|-59|CG0119626|-27|-59|CG0119626|-27|-59|CG0119626|-27|-59|CG0119627|-35|-68|CG0119627|-35|-68|CG0119627|-35|-68|CG0119627|-35|-68
250|6|6|1500|13|CG0119647|-25|-73|CG0119647|-25|-73|CG0119648|-22|-68|CG0119648|-22|-68|CG0119648|-22|-68|CG0119648|-22|-68|CG0119649|-25|-74|CG0119649|-25|-74|CG0119650|-30|-74|CG0119650|-30|-74|CG0119650|-30|-74|CG0119650|-30|-74|CG0119650|-30|-74
250|6|7|1200|12|CG0118879|-13|-72|CG0118879|-13|-72|CG0118880|-15|-75|CG0118880|-15|-75|CG0118881|-22|-76|CG0118881|-22|-76|CG0118881|-22|-76|CG0118882|-22|-68|CG0118882|-22|-68|CG0118883|-43|-56|CG0118884|-33|-46|CG0118884|-33|-46
250|6|8|1500|2|CG0119642|-32|-64|CG0119643|-23|-74
250|6|9|1000|1|CG0119644|-36|-61
250|6|10|1500|16|CG0119636|-26|-74|CG0119636|-26|-74|CG0119637|-25|-69|CG0119637|-25|-69|CG0119638|-16|-61|CG0119638|-16|-61|CG0119638|-16|-61|CG0119638|-16|-61|CG0119638|-16|-61|CG0119639|-16|-58|CG0119639|-16|-58|CG0119640|-26|-44|CG0119640|-26|-44|CG0119641|-36|-19|CG0119641|-36|-19|CG0119641|-36|-19
250|7|0|1200|4|CG0119701|-22|-71|CG0119702|-24|-71|CG0119703|-25|-71|CG0119702|-24|-71
250|7|1|1000|6|CG0119706|-24|-73|CG0119707|-25|-74|CG0119708|-26|-71|CG0119709|-24|-73|CG0119710|-23|-74|CG0119711|-24|-71
250|7|2|400|1|CG0188687|-44|-60
250|7|3|600|6|CG0119675|-23|-71|CG0119676|-24|-74|CG0119677|-23|-71|CG0119678|-23|-71|CG0119679|-24|-74|CG0119680|-23|-71
250|7|4|100|1|CG0196624|-25|-51
250|7|5|1500|38|CG0119667|-19|-71|CG0119667|-19|-71|CG0119667|-19|-71|CG0119667|-19|-71|CG0119668|-26|-71|CG0119668|-26|-71|CG0119668|-26|-71|CG0119668|-26|-71|CG0119669|-29|-72|CG0119669|-29|-72|CG0119669|-29|-72|CG0119669|-29|-72|CG0119669|-29|-72|CG0119669|-29|-72|CG0119669|-29|-72|CG0119669|-29|-72|CG0119670|-24|-81|CG0119670|-24|-81|CG0119671|-72|-68|CG0119671|-72|-68|CG0119672|-57|-60|CG0119672|-57|-60|CG0119672|-57|-60|CG0119672|-57|-60|CG0119672|-57|-60|CG0119672|-57|-60|CG0119672|-57|-60|CG0119672|-57|-60|CG0119672|-57|-60|CG0119672|-57|-60|CG0119673|-46|-68|CG0119673|-46|-68|CG0119673|-46|-68|CG0119673|-46|-68|CG0119674|-37|-70|CG0119674|-37|-70|CG0119674|-37|-70|CG0119674|-37|-70
250|7|6|1500|13|CG0119694|-24|-73|CG0119694|-24|-73|CG0119695|-22|-72|CG0119695|-22|-72|CG0119695|-22|-72|CG0119695|-22|-72|CG0119696|-26|-73|CG0119696|-26|-73|CG0119697|-33|-72|CG0119697|-33|-72|CG0119697|-33|-72|CG0119697|-33|-72|CG0119697|-33|-72
250|7|7|1200|12|CG0118945|-18|-71|CG0118945|-18|-71|CG0118946|-22|-72|CG0118946|-22|-72|CG0118947|-25|-72|CG0118947|-25|-72|CG0118947|-25|-72|CG0118948|-37|-69|CG0118948|-37|-69|CG0118949|-53|-63|CG0118950|-52|-58|CG0118950|-52|-58
250|7|8|1500|2|CG0119689|-34|-68|CG0119690|-25|-63
250|7|9|1000|1|CG0119691|-41|-65
250|7|10|1500|16|CG0119683|-23|-73|CG0119683|-23|-73|CG0119684|-22|-66|CG0119684|-22|-66|CG0119685|-13|-56|CG0119685|-13|-56|CG0119685|-13|-56|CG0119685|-13|-56|CG0119685|-13|-56|CG0119686|-15|-52|CG0119686|-15|-52|CG0119687|-34|-46|CG0119687|-34|-46|CG0119688|-55|-19|CG0119688|-55|-19|CG0119688|-55|-19
