289|0|0|1000|4|CG0134549|-28|-77|CG0134550|-29|-77|CG0134551|-28|-77|CG0134550|-29|-77
289|0|1|1000|6|CG0134554|-20|-77|CG0134555|-21|-78|CG0134556|-25|-76|CG0134557|-20|-77|CG0134558|-21|-78|CG0134559|-24|-75
289|0|2|400|1|CG0188372|-32|-70
289|0|3|650|6|CG0134850|-26|-77|CG0134851|-26|-79|CG0134852|-24|-77|CG0134853|-24|-76|CG0134854|-29|-79|CG0134855|-21|-77
289|0|4|100|1|CG0196344|-27|-55
289|0|5|1200|18|CG0134522|-17|-76|CG0134522|-17|-76|CG0134523|-22|-77|CG0134523|-22|-77|CG0134524|-15|-77|CG0134524|-15|-77|CG0134525|-18|-77|CG0134525|-18|-77|CG0134526|-23|-77|CG0134526|-23|-77|CG0134526|-23|-77|CG0134527|-27|-77|CG0134527|-27|-77|CG0134527|-27|-77|CG0134528|-27|-77|CG0134528|-27|-77|CG0134529|-21|-76|CG0134529|-21|-76
289|0|6|1000|6|CG0134543|-22|-77|CG0134543|-22|-77|CG0134543|-22|-77|CG0134544|-23|-76|CG0134545|-27|-75|CG0134545|-27|-75
289|0|7|1200|11|CG0134890|-14|-78|CG0134890|-14|-78|CG0134891|-14|-77|CG0134891|-14|-77|CG0134892|-15|-78|CG0134892|-15|-78|CG0134892|-15|-78|CG0134893|-28|-81|CG0134894|-38|-80|CG0134895|-41|-82|CG0134895|-41|-82
289|0|8|1000|2|CG0134538|-29|-74|CG0134539|-22|-65
289|0|9|1000|1|CG0134540|-28|-75
289|0|10|1500|10|CG0134532|-22|-75|CG0134532|-22|-75|CG0134533|-19|-64|CG0134534|-19|-55|CG0134535|-23|-57|CG0134535|-23|-57|CG0134535|-23|-57|CG0134536|-31|-51|CG0134537|-42|-38|CG0134537|-42|-38
289|1|0|1000|4|CG0134589|-18|-77|CG0134590|-20|-77|CG0134591|-23|-77|CG0134590|-20|-77
289|1|1|1000|6|CG0134594|-17|-76|CG0134595|-17|-77|CG0134596|-17|-75|CG0134597|-17|-77|CG0134598|-17|-78|CG0134599|-17|-75
289|1|2|400|1|CG0188417|-17|-71
289|1|3|650|6|CG0134915|-19|-77|CG0134916|-22|-80|CG0134917|-28|-78|CG0134918|-21|-77|CG0134919|-18|-80|CG0134920|-17|-77
289|1|4|100|1|CG0196384|-26|-58
289|1|5|1200|18|CG0134562|-23|-76|CG0134562|-23|-76|CG0134563|-20|-76|CG0134563|-20|-76|CG0134564|-16|-76|CG0134564|-16|-76|CG0134565|-15|-76|CG0134565|-15|-76|CG0134566|-15|-77|CG0134566|-15|-77|CG0134566|-15|-77|CG0134567|-21|-76|CG0134567|-21|-76|CG0134567|-21|-76|CG0134568|-24|-76|CG0134568|-24|-76|CG0134569|-23|-76|CG0134569|-23|-76
289|1|6|1000|6|CG0134583|-23|-76|CG0134583|-23|-76|CG0134583|-23|-76|CG0134584|-28|-76|CG0134585|-26|-74|CG0134585|-26|-74
289|1|7|1200|11|CG0134955|-11|-75|CG0134955|-11|-75|CG0134956|-9|-73|CG0134956|-9|-73|CG0134957|-5|-73|CG0134957|-5|-73|CG0134957|-5|-73|CG0134958|-13|-75|CG0134959|-22|-81|CG0134960|-29|-85|CG0134960|-29|-85
289|1|8|1000|2|CG0134578|-17|-75|CG0134579|-28|-58
289|1|9|1000|1|CG0134580|-29|-76
289|1|10|1500|10|CG0134572|-17|-75|CG0134572|-17|-75|CG0134573|-17|-63|CG0134574|-17|-54|CG0134575|-22|-57|CG0134575|-22|-57|CG0134575|-22|-57|CG0134576|-23|-53|CG0134577|-29|-44|CG0134577|-29|-44
289|2|0|1000|4|CG0134629|-26|-77|CG0134630|-26|-77|CG0134631|-24|-77|CG0134630|-26|-77
289|2|1|1000|6|CG0134634|-20|-77|CG0134635|-24|-77|CG0134636|-28|-75|CG0134637|-26|-77|CG0134638|-18|-78|CG0134639|-25|-75
289|2|2|400|1|CG0188462|-33|-62
289|2|3|650|6|CG0134980|-22|-77|CG0134981|-16|-79|CG0134982|-21|-77|CG0134983|-15|-76|CG0134984|-24|-79|CG0134985|-31|-77
289|2|4|100|1|CG0196424|-14|-57
289|2|5|1200|18|CG0134602|-19|-77|CG0134602|-19|-77|CG0134603|-18|-77|CG0134603|-18|-77|CG0134604|-17|-77|CG0134604|-17|-77|CG0134605|-17|-77|CG0134605|-17|-77|CG0134606|-17|-77|CG0134606|-17|-77|CG0134606|-17|-77|CG0134607|-18|-77|CG0134607|-18|-77|CG0134607|-18|-77|CG0134608|-17|-77|CG0134608|-17|-77|CG0134609|-18|-77|CG0134609|-18|-77
289|2|6|1000|6|CG0134623|-26|-77|CG0134623|-26|-77|CG0134623|-26|-77|CG0134624|-32|-76|CG0134625|-23|-76|CG0134625|-23|-76
289|2|7|1200|11|CG0135020|-15|-74|CG0135020|-15|-74|CG0135021|-15|-71|CG0135021|-15|-71|CG0135022|-14|-67|CG0135022|-14|-67|CG0135022|-14|-67|CG0135023|-6|-68|CG0135024|-4|-78|CG0135025|-7|-82|CG0135025|-7|-82
289|2|8|1000|2|CG0134618|-16|-74|CG0134619|-35|-64
289|2|9|1000|1|CG0134620|-16|-75
289|2|10|1500|10|CG0134612|-24|-75|CG0134612|-24|-75|CG0134613|-28|-64|CG0134614|-27|-55|CG0134615|-25|-55|CG0134615|-25|-55|CG0134615|-25|-55|CG0134616|-35|-49|CG0134617|-37|-39|CG0134617|-37|-39
289|3|0|1000|4|CG0134669|-20|-78|CG0134670|-22|-78|CG0134671|-24|-78|CG0134670|-22|-78
289|3|1|1000|6|CG0134674|-19|-78|CG0134675|-22|-79|CG0134676|-28|-76|CG0134677|-23|-78|CG0134678|-19|-80|CG0134679|-27|-77
289|3|2|400|1|CG0188507|-36|-53
289|3|3|650|6|CG0135045|-22|-76|CG0135046|-26|-79|CG0135047|-31|-76|CG0135048|-19|-76|CG0135049|-26|-79|CG0135050|-34|-77
289|3|4|100|1|CG0196464|-10|-51
289|3|5|1200|18|CG0134642|-19|-78|CG0134642|-19|-78|CG0134643|-18|-78|CG0134643|-18|-78|CG0134644|-18|-77|CG0134644|-18|-77|CG0134645|-18|-77|CG0134645|-18|-77|CG0134646|-18|-77|CG0134646|-18|-77|CG0134646|-18|-77|CG0134647|-22|-77|CG0134647|-22|-77|CG0134647|-22|-77|CG0134648|-20|-78|CG0134648|-20|-78|CG0134649|-18|-78|CG0134649|-18|-78
289|3|6|1000|6|CG0134663|-23|-76|CG0134663|-23|-76|CG0134663|-23|-76|CG0134664|-18|-77|CG0134665|-24|-77|CG0134665|-24|-77
289|3|7|1200|11|CG0135085|-20|-74|CG0135085|-20|-74|CG0135086|-27|-71|CG0135086|-27|-71|CG0135087|-33|-66|CG0135087|-33|-66|CG0135087|-33|-66|CG0135088|-25|-64|CG0135089|-8|-72|CG0135090|-8|-74|CG0135090|-8|-74
289|3|8|1000|2|CG0134658|-15|-68|CG0134659|-43|-70
289|3|9|1000|1|CG0134660|-11|-70
289|3|10|1500|10|CG0134652|-23|-77|CG0134652|-23|-77|CG0134653|-29|-68|CG0134654|-40|-59|CG0134655|-41|-52|CG0134655|-41|-52|CG0134655|-41|-52|CG0134656|-41|-39|CG0134657|-41|-26|CG0134657|-41|-26
289|4|0|1000|4|CG0134709|-17|-78|CG0134710|-16|-78|CG0134711|-16|-78|CG0134710|-16|-78
289|4|1|1000|6|CG0134714|-18|-78|CG0134715|-18|-79|CG0134716|-24|-77|CG0134717|-18|-79|CG0134718|-18|-80|CG0134719|-21|-77
289|4|2|400|1|CG0188552|-25|-51
289|4|3|650|6|CG0135110|-15|-75|CG0135111|-23|-77|CG0135112|-28|-75|CG0135113|-20|-74|CG0135114|-16|-77|CG0135115|-22|-75
289|4|4|100|1|CG0196504|-21|-46
289|4|5|1200|18|CG0134682|-16|-79|CG0134682|-16|-79|CG0134683|-32|-78|CG0134683|-32|-78|CG0134684|-19|-78|CG0134684|-19|-78|CG0134685|-18|-77|CG0134685|-18|-77|CG0134686|-18|-77|CG0134686|-18|-77|CG0134686|-18|-77|CG0134687|-32|-78|CG0134687|-32|-78|CG0134687|-32|-78|CG0134688|-30|-78|CG0134688|-30|-78|CG0134689|-24|-79|CG0134689|-24|-79
289|4|6|1000|6|CG0134703|-19|-74|CG0134703|-19|-74|CG0134703|-19|-74|CG0134704|-22|-78|CG0134705|-22|-80|CG0134705|-22|-80
289|4|7|1200|11|CG0135150|-24|-76|CG0135150|-24|-76|CG0135151|-32|-74|CG0135151|-32|-74|CG0135152|-35|-69|CG0135152|-35|-69|CG0135152|-35|-69|CG0135153|-40|-66|CG0135154|-16|-66|CG0135155|-17|-65|CG0135155|-17|-65
289|4|8|1000|2|CG0134698|-16|-62|CG0134699|-34|-79
289|4|9|1000|1|CG0134700|-13|-65
289|4|10|1500|10|CG0134692|-19|-78|CG0134692|-19|-78|CG0134693|-26|-72|CG0134694|-35|-62|CG0134695|-36|-50|CG0134695|-36|-50|CG0134695|-36|-50|CG0134696|-36|-30|CG0134697|-35|-25|CG0134697|-35|-25
289|5|0|1000|4|CG0134749|-17|-78|CG0134750|-17|-77|CG0134751|-16|-78|CG0134750|-17|-77
289|5|1|1000|6|CG0134754|-17|-78|CG0134755|-17|-79|CG0134756|-16|-77|CG0134757|-16|-79|CG0134758|-17|-80|CG0134759|-17|-77
289|5|2|400|1|CG0188597|-19|-60
289|5|3|650|6|CG0135175|-24|-74|CG0135176|-17|-76|CG0135177|-16|-74|CG0135178|-20|-73|CG0135179|-26|-76|CG0135180|-27|-74
289|5|4|100|1|CG0196544|-24|-45
289|5|5|1200|18|CG0134722|-17|-78|CG0134722|-17|-78|CG0134723|-46|-78|CG0134723|-46|-78|CG0134724|-30|-78|CG0134724|-30|-78|CG0134725|-29|-78|CG0134725|-29|-78|CG0134726|-30|-78|CG0134726|-30|-78|CG0134726|-30|-78|CG0134727|-26|-78|CG0134727|-26|-78|CG0134727|-26|-78|CG0134728|-25|-78|CG0134728|-25|-78|CG0134729|-20|-78|CG0134729|-20|-78
289|5|6|1000|6|CG0134743|-26|-74|CG0134743|-26|-74|CG0134743|-26|-74|CG0134744|-28|-78|CG0134745|-26|-80|CG0134745|-26|-80
289|5|7|1200|11|CG0135215|-26|-79|CG0135215|-26|-79|CG0135216|-26|-79|CG0135216|-26|-79|CG0135217|-32|-75|CG0135217|-32|-75|CG0135217|-32|-75|CG0135218|-35|-72|CG0135219|-37|-64|CG0135220|-20|-61|CG0135220|-20|-61
289|5|8|1000|2|CG0134738|-20|-59|CG0134739|-27|-82
289|5|9|1000|1|CG0134740|-17|-64
289|5|10|1500|10|CG0134732|-16|-78|CG0134732|-16|-78|CG0134733|-16|-74|CG0134734|-16|-63|CG0134735|-19|-50|CG0134735|-19|-50|CG0134735|-19|-50|CG0134736|-19|-28|CG0134737|-15|-28|CG0134737|-15|-28
289|6|0|1000|4|CG0134789|-17|-78|CG0134790|-17|-78|CG0134791|-17|-78|CG0134790|-17|-78
289|6|1|1000|6|CG0134794|-15|-78|CG0134795|-21|-80|CG0134796|-24|-77|CG0134797|-19|-79|CG0134798|-17|-80|CG0134799|-26|-77
289|6|2|400|1|CG0188642|-38|-63
289|6|3|650|6|CG0135240|-25|-75|CG0135241|-28|-77|CG0135242|-24|-75|CG0135243|-27|-74|CG0135244|-24|-77|CG0135245|-24|-75
289|6|4|100|1|CG0196584|-20|-48
289|6|5|1200|18|CG0134762|-22|-78|CG0134762|-22|-78|CG0134763|-33|-78|CG0134763|-33|-78|CG0134764|-28|-79|CG0134764|-28|-79|CG0134765|-34|-79|CG0134765|-34|-79|CG0134766|-32|-79|CG0134766|-32|-79|CG0134766|-32|-79|CG0134767|-28|-79|CG0134767|-28|-79|CG0134767|-28|-79|CG0134768|-23|-79|CG0134768|-23|-79|CG0134769|-21|-78|CG0134769|-21|-78
289|6|6|1000|6|CG0134783|-20|-74|CG0134783|-20|-74|CG0134783|-20|-74|CG0134784|-22|-78|CG0134785|-18|-80|CG0134785|-18|-80
289|6|7|1200|11|CG0135280|-26|-81|CG0135280|-26|-81|CG0135281|-27|-82|CG0135281|-27|-82|CG0135282|-32|-80|CG0135282|-32|-80|CG0135282|-32|-80|CG0135283|-32|-79|CG0135284|-48|-68|CG0135285|-33|-65|CG0135285|-33|-65
289|6|8|1000|2|CG0134778|-32|-63|CG0134779|-30|-79
289|6|9|1000|1|CG0134780|-25|-66
289|6|10|1500|10|CG0134772|-13|-78|CG0134772|-13|-78|CG0134773|-8|-73|CG0134774|-8|-62|CG0134775|-22|-52|CG0134775|-22|-52|CG0134775|-22|-52|CG0134776|-35|-32|CG0134777|-43|-26|CG0134777|-43|-26
289|7|0|1000|4|CG0134829|-24|-78|CG0134830|-21|-78|CG0134831|-18|-78|CG0134830|-21|-78
289|7|1|1000|6|CG0134834|-19|-78|CG0134835|-20|-79|CG0134836|-28|-77|CG0134837|-19|-78|CG0134838|-18|-79|CG0134839|-29|-76
289|7|2|400|1|CG0188687|-44|-60
289|7|3|650|6|CG0135305|-20|-76|CG0135306|-24|-79|CG0135307|-27|-77|CG0135308|-20|-76|CG0135309|-26|-79|CG0135310|-26|-76
289|7|4|100|1|CG0196624|-25|-51
289|7|5|1200|18|CG0134802|-20|-77|CG0134802|-20|-77|CG0134803|-18|-78|CG0134803|-18|-78|CG0134804|-29|-79|CG0134804|-29|-79|CG0134805|-29|-79|CG0134805|-29|-79|CG0134806|-31|-79|CG0134806|-31|-79|CG0134806|-31|-79|CG0134807|-30|-79|CG0134807|-30|-79|CG0134807|-30|-79|CG0134808|-26|-79|CG0134808|-26|-79|CG0134809|-21|-79|CG0134809|-21|-79
289|7|6|1000|6|CG0134823|-20|-76|CG0134823|-20|-76|CG0134823|-20|-76|CG0134824|-23|-78|CG0134825|-26|-77|CG0134825|-26|-77
289|7|7|1200|11|CG0135345|-20|-80|CG0135345|-20|-80|CG0135346|-18|-80|CG0135346|-18|-80|CG0135347|-21|-81|CG0135347|-21|-81|CG0135347|-21|-81|CG0135348|-33|-82|CG0135349|-43|-75|CG0135350|-49|-74|CG0135350|-49|-74
289|7|8|1000|2|CG0134818|-32|-68|CG0134819|-28|-70
289|7|9|1000|1|CG0134820|-30|-71
289|7|10|1500|10|CG0134812|-21|-77|CG0134812|-21|-77|CG0134813|-15|-69|CG0134814|-16|-59|CG0134815|-23|-55|CG0134815|-23|-55|CG0134815|-23|-55|CG0134816|-41|-42|CG0134817|-53|-25|CG0134817|-53|-25
