267|0|0|1000|4|CG0126054|-17|-78|CG0126055|-17|-78|CG0126056|-23|-78|CG0126055|-17|-78
267|0|1|1000|6|CG0126059|-18|-76|CG0126060|-18|-78|CG0126061|-24|-75|CG0126062|-17|-76|CG0126063|-20|-78|CG0126064|-22|-75
267|0|2|400|1|CG0188372|-32|-70
267|0|3|600|6|CG0126029|-19|-78|CG0126030|-19|-80|CG0126031|-25|-79|CG0126032|-20|-78|CG0126033|-29|-80|CG0126034|-29|-79
267|0|4|100|1|CG0196344|-27|-55
267|0|5|1000|90|CG0126018|-40|-84|CG0126018|-40|-84|CG0126018|-40|-84|CG0126018|-40|-84|CG0126018|-40|-84|CG0126018|-40|-84|CG0126018|-40|-84|CG0126018|-40|-84|CG0126021|-45|-85|CG0126021|-45|-85|CG0126021|-45|-85|CG0126021|-45|-85|CG0126021|-45|-85|CG0126021|-45|-85|CG0126022|-41|-91|CG0126022|-41|-91|CG0126022|-41|-91|CG0126022|-41|-91|CG0126023|-31|-91|CG0126023|-31|-91|CG0126024|-39|-92|CG0126024|-39|-92|CG0126025|-72|-102|CG0126025|-72|-102|CG0126026|-79|-109|CG0126026|-79|-109|CG0126026|-79|-109|CG0126026|-79|-109|CG0126026|-79|-109|CG0126026|-79|-109|CG0126027|-69|-91|CG0126027|-69|-91|CG0126027|-69|-91|CG0126027|-69|-91|CG0126028|-47|-83|CG0126028|-47|-83|CG0126028|-47|-83|CG0126028|-47|-83|CG0126019|-48|-86|CG0126019|-48|-86|CG0126019|-48|-86|CG0126019|-48|-86|CG0126023|-31|-91|CG0126023|-31|-91|CG0126024|-39|-92|CG0126024|-39|-92|CG0126025|-72|-102|CG0126025|-72|-102|CG0126026|-79|-109|CG0126026|-79|-109|CG0126026|-79|-109|CG0126026|-79|-109|CG0126026|-79|-109|CG0126026|-79|-109|CG0126027|-69|-91|CG0126027|-69|-91|CG0126027|-69|-91|CG0126027|-69|-91|CG0126028|-47|-83|CG0126028|-47|-83|CG0126028|-47|-83|CG0126028|-47|-83|CG0126019|-48|-86|CG0126019|-48|-86|CG0126019|-48|-86|CG0126019|-48|-86|CG0126023|-31|-91|CG0126023|-31|-91|CG0126024|-39|-92|CG0126024|-39|-92|CG0126025|-72|-102|CG0126025|-72|-102|CG0126026|-79|-109|CG0126026|-79|-109|CG0126026|-79|-109|CG0126026|-79|-109|CG0126026|-79|-109|CG0126026|-79|-109|CG0126027|-69|-91|CG0126027|-69|-91|CG0126027|-69|-91|CG0126027|-69|-91|CG0126028|-47|-83|CG0126028|-47|-83|CG0126028|-47|-83|CG0126028|-47|-83|CG0126020|-35|-83|CG0126020|-35|-83|CG0126020|-35|-83|CG0126020|-35|-83
267|0|6|800|10|CG0126048|-26|-77|CG0126048|-26|-77|CG0126049|-33|-78|CG0126049|-33|-78|CG0126050|-42|-80|CG0126050|-42|-80|CG0126050|-42|-80|CG0126050|-42|-80|CG0126050|-42|-80|CG0126050|-42|-80
267|0|7|1200|12|CG0125546|-17|-78|CG0125546|-17|-78|CG0125547|-19|-80|CG0125547|-19|-80|CG0125548|-20|-78|CG0125548|-20|-78|CG0125548|-20|-78|CG0125548|-20|-78|CG0125549|-36|-79|CG0125550|-43|-81|CG0125551|-42|-78|CG0125551|-42|-78
267|0|8|1000|2|CG0126043|-26|-85|CG0126044|-29|-73
267|0|9|1000|1|CG0126045|-19|-73
267|0|10|1000|8|CG0126037|-23|-76|CG0126037|-23|-76|CG0126038|-21|-60|CG0126039|-23|-48|CG0126040|-28|-56|CG0126040|-28|-56|CG0126041|-34|-64|CG0126042|-51|-44
267|1|0|1000|4|CG0126103|-17|-74|CG0126104|-17|-74|CG0126105|-17|-74|CG0126104|-17|-74
267|1|1|1000|6|CG0126108|-17|-73|CG0126109|-17|-74|CG0126110|-17|-72|CG0126111|-17|-72|CG0126112|-17|-74|CG0126113|-17|-72
267|1|2|400|1|CG0188417|-17|-71
267|1|3|600|6|CG0126078|-17|-75|CG0126079|-17|-77|CG0126080|-20|-77|CG0126081|-17|-76|CG0126082|-17|-78|CG0126083|-17|-77
267|1|4|100|1|CG0196384|-26|-58
267|1|5|1000|90|CG0126067|-23|-80|CG0126067|-23|-80|CG0126067|-23|-80|CG0126067|-23|-80|CG0126067|-23|-80|CG0126067|-23|-80|CG0126067|-23|-80|CG0126067|-23|-80|CG0126070|-32|-87|CG0126070|-32|-87|CG0126070|-32|-87|CG0126070|-32|-87|CG0126070|-32|-87|CG0126070|-32|-87|CG0126071|-33|-90|CG0126071|-33|-90|CG0126071|-33|-90|CG0126071|-33|-90|CG0126072|-26|-89|CG0126072|-26|-89|CG0126073|-14|-94|CG0126073|-14|-94|CG0126074|-19|-117|CG0126074|-19|-117|CG0126075|-38|-128|CG0126075|-38|-128|CG0126075|-38|-128|CG0126075|-38|-128|CG0126075|-38|-128|CG0126075|-38|-128|CG0126076|-76|-92|CG0126076|-76|-92|CG0126076|-76|-92|CG0126076|-76|-92|CG0126077|-15|-86|CG0126077|-15|-86|CG0126077|-15|-86|CG0126077|-15|-86|CG0126068|-29|-85|CG0126068|-29|-85|CG0126068|-29|-85|CG0126068|-29|-85|CG0126072|-26|-89|CG0126072|-26|-89|CG0126073|-14|-94|CG0126073|-14|-94|CG0126074|-19|-117|CG0126074|-19|-117|CG0126075|-38|-128|CG0126075|-38|-128|CG0126075|-38|-128|CG0126075|-38|-128|CG0126075|-38|-128|CG0126075|-38|-128|CG0126076|-76|-92|CG0126076|-76|-92|CG0126076|-76|-92|CG0126076|-76|-92|CG0126077|-15|-86|CG0126077|-15|-86|CG0126077|-15|-86|CG0126077|-15|-86|CG0126068|-29|-85|CG0126068|-29|-85|CG0126068|-29|-85|CG0126068|-29|-85|CG0126072|-26|-89|CG0126072|-26|-89|CG0126073|-14|-94|CG0126073|-14|-94|CG0126074|-19|-117|CG0126074|-19|-117|CG0126075|-38|-128|CG0126075|-38|-128|CG0126075|-38|-128|CG0126075|-38|-128|CG0126075|-38|-128|CG0126075|-38|-128|CG0126076|-76|-92|CG0126076|-76|-92|CG0126076|-76|-92|CG0126076|-76|-92|CG0126077|-15|-86|CG0126077|-15|-86|CG0126077|-15|-86|CG0126077|-15|-86|CG0126069|-24|-79|CG0126069|-24|-79|CG0126069|-24|-79|CG0126069|-24|-79
267|1|6|800|10|CG0126097|-17|-75|CG0126097|-17|-75|CG0126098|-12|-78|CG0126098|-12|-78|CG0126099|-13|-75|CG0126099|-13|-75|CG0126099|-13|-75|CG0126099|-13|-75|CG0126099|-13|-75|CG0126099|-13|-75
267|1|7|1200|12|CG0125611|-17|-74|CG0125611|-17|-74|CG0125612|-17|-78|CG0125612|-17|-78|CG0125613|-21|-79|CG0125613|-21|-79|CG0125613|-21|-79|CG0125613|-21|-79|CG0125614|-18|-79|CG0125615|-31|-83|CG0125616|-25|-83|CG0125616|-25|-83
267|1|8|1000|2|CG0126092|-21|-85|CG0126093|-33|-74
267|1|9|1000|1|CG0126094|-17|-71
267|1|10|1000|8|CG0126086|-17|-71|CG0126086|-17|-71|CG0126087|-21|-48|CG0126088|-26|-46|CG0126089|-30|-56|CG0126089|-30|-56|CG0126090|-27|-65|CG0126091|-23|-54
267|2|0|1000|4|CG0126152|-17|-78|CG0126153|-17|-78|CG0126154|-17|-78|CG0126153|-17|-78
267|2|1|1000|6|CG0126157|-20|-76|CG0126158|-19|-77|CG0126159|-21|-75|CG0126160|-19|-75|CG0126161|-20|-77|CG0126162|-24|-75
267|2|2|400|1|CG0188462|-33|-62
267|2|3|600|6|CG0126127|-20|-77|CG0126128|-17|-79|CG0126129|-23|-79|CG0126130|-19|-78|CG0126131|-20|-80|CG0126132|-29|-79
267|2|4|100|1|CG0196424|-14|-57
267|2|5|1000|90|CG0126116|-10|-82|CG0126116|-10|-82|CG0126116|-10|-82|CG0126116|-10|-82|CG0126116|-10|-82|CG0126116|-10|-82|CG0126116|-10|-82|CG0126116|-10|-82|CG0126119|-7|-85|CG0126119|-7|-85|CG0126119|-7|-85|CG0126119|-7|-85|CG0126119|-7|-85|CG0126119|-7|-85|CG0126120|-14|-85|CG0126120|-14|-85|CG0126120|-14|-85|CG0126120|-14|-85|CG0126121|-11|-81|CG0126121|-11|-81|CG0126122|-13|-88|CG0126122|-13|-88|CG0126123|-5|-108|CG0126123|-5|-108|CG0126124|-1|-128|CG0126124|-1|-128|CG0126124|-1|-128|CG0126124|-1|-128|CG0126124|-1|-128|CG0126124|-1|-128|CG0126125|-42|-106|CG0126125|-42|-106|CG0126125|-42|-106|CG0126125|-42|-106|CG0126126|-43|-85|CG0126126|-43|-85|CG0126126|-43|-85|CG0126126|-43|-85|CG0126117|3|-82|CG0126117|3|-82|CG0126117|3|-82|CG0126117|3|-82|CG0126121|-11|-81|CG0126121|-11|-81|CG0126122|-13|-88|CG0126122|-13|-88|CG0126123|-5|-108|CG0126123|-5|-108|CG0126124|-1|-128|CG0126124|-1|-128|CG0126124|-1|-128|CG0126124|-1|-128|CG0126124|-1|-128|CG0126124|-1|-128|CG0126125|-42|-106|CG0126125|-42|-106|CG0126125|-42|-106|CG0126125|-42|-106|CG0126126|-43|-85|CG0126126|-43|-85|CG0126126|-43|-85|CG0126126|-43|-85|CG0126117|3|-82|CG0126117|3|-82|CG0126117|3|-82|CG0126117|3|-82|CG0126121|-11|-81|CG0126121|-11|-81|CG0126122|-13|-88|CG0126122|-13|-88|CG0126123|-5|-108|CG0126123|-5|-108|CG0126124|-1|-128|CG0126124|-1|-128|CG0126124|-1|-128|CG0126124|-1|-128|CG0126124|-1|-128|CG0126124|-1|-128|CG0126125|-42|-106|CG0126125|-42|-106|CG0126125|-42|-106|CG0126125|-42|-106|CG0126126|-43|-85|CG0126126|-43|-85|CG0126126|-43|-85|CG0126126|-43|-85|CG0126118|-9|-80|CG0126118|-9|-80|CG0126118|-9|-80|CG0126118|-9|-80
267|2|6|800|10|CG0126146|-8|-77|CG0126146|-8|-77|CG0126147|-3|-76|CG0126147|-3|-76|CG0126148|0|-70|CG0126148|0|-70|CG0126148|0|-70|CG0126148|0|-70|CG0126148|0|-70|CG0126148|0|-70
267|2|7|1200|12|CG0125676|-17|-78|CG0125676|-17|-78|CG0125677|-13|-82|CG0125677|-13|-82|CG0125678|-15|-84|CG0125678|-15|-84|CG0125678|-15|-84|CG0125678|-15|-84|CG0125679|-6|-79|CG0125680|-7|-80|CG0125681|-12|-80|CG0125681|-12|-80
267|2|8|1000|2|CG0126141|-13|-78|CG0126142|-41|-68
267|2|9|1000|1|CG0126143|-11|-73
267|2|10|1000|8|CG0126135|-20|-75|CG0126135|-20|-75|CG0126136|-34|-51|CG0126137|-29|-47|CG0126138|-30|-56|CG0126138|-30|-56|CG0126139|-28|-62|CG0126140|-25|-47
267|3|0|1000|4|CG0126201|-27|-80|CG0126202|-25|-80|CG0126203|-23|-80|CG0126202|-25|-80
267|3|1|1000|6|CG0126206|-25|-80|CG0126207|-25|-81|CG0126208|-25|-79|CG0126209|-25|-79|CG0126210|-26|-81|CG0126211|-27|-79
267|3|2|400|1|CG0188507|-36|-53
267|3|3|600|6|CG0126176|-23|-76|CG0126177|-22|-78|CG0126178|-34|-77|CG0126179|-27|-77|CG0126180|-26|-79|CG0126181|-32|-78
267|3|4|100|1|CG0196464|-10|-51
267|3|5|1000|90|CG0126165|-24|-82|CG0126165|-24|-82|CG0126165|-24|-82|CG0126165|-24|-82|CG0126165|-24|-82|CG0126165|-24|-82|CG0126165|-24|-82|CG0126165|-24|-82|CG0126168|-17|-83|CG0126168|-17|-83|CG0126168|-17|-83|CG0126168|-17|-83|CG0126168|-17|-83|CG0126168|-17|-83|CG0126169|-22|-80|CG0126169|-22|-80|CG0126169|-22|-80|CG0126169|-22|-80|CG0126170|-8|-79|CG0126170|-8|-79|CG0126171|-7|-78|CG0126171|-7|-78|CG0126172|-1|-83|CG0126172|-1|-83|CG0126173|6|-114|CG0126173|6|-114|CG0126173|6|-114|CG0126173|6|-114|CG0126173|6|-114|CG0126173|6|-114|CG0126174|4|-111|CG0126174|4|-111|CG0126174|4|-111|CG0126174|4|-111|CG0126175|-58|-81|CG0126175|-58|-81|CG0126175|-58|-81|CG0126175|-58|-81|CG0126166|-37|-75|CG0126166|-37|-75|CG0126166|-37|-75|CG0126166|-37|-75|CG0126170|-8|-79|CG0126170|-8|-79|CG0126171|-7|-78|CG0126171|-7|-78|CG0126172|-1|-83|CG0126172|-1|-83|CG0126173|6|-114|CG0126173|6|-114|CG0126173|6|-114|CG0126173|6|-114|CG0126173|6|-114|CG0126173|6|-114|CG0126174|4|-111|CG0126174|4|-111|CG0126174|4|-111|CG0126174|4|-111|CG0126175|-58|-81|CG0126175|-58|-81|CG0126175|-58|-81|CG0126175|-58|-81|CG0126166|-37|-75|CG0126166|-37|-75|CG0126166|-37|-75|CG0126166|-37|-75|CG0126170|-8|-79|CG0126170|-8|-79|CG0126171|-7|-78|CG0126171|-7|-78|CG0126172|-1|-83|CG0126172|-1|-83|CG0126173|6|-114|CG0126173|6|-114|CG0126173|6|-114|CG0126173|6|-114|CG0126173|6|-114|CG0126173|6|-114|CG0126174|4|-111|CG0126174|4|-111|CG0126174|4|-111|CG0126174|4|-111|CG0126175|-58|-81|CG0126175|-58|-81|CG0126175|-58|-81|CG0126175|-58|-81|CG0126167|-6|-80|CG0126167|-6|-80|CG0126167|-6|-80|CG0126167|-6|-80
267|3|6|800|10|CG0126195|-14|-75|CG0126195|-14|-75|CG0126196|-15|-68|CG0126196|-15|-68|CG0126197|-12|-58|CG0126197|-12|-58|CG0126197|-12|-58|CG0126197|-12|-58|CG0126197|-12|-58|CG0126197|-12|-58
267|3|7|1200|12|CG0125741|-13|-80|CG0125741|-13|-80|CG0125742|-21|-83|CG0125742|-21|-83|CG0125743|-23|-84|CG0125743|-23|-84|CG0125743|-23|-84|CG0125743|-23|-84|CG0125744|-6|-75|CG0125745|-6|-72|CG0125746|-6|-68|CG0125746|-6|-68
267|3|8|1000|2|CG0126190|-14|-75|CG0126191|-45|-68
267|3|9|1000|1|CG0126192|-31|-72
267|3|10|1000|8|CG0126184|-24|-79|CG0126184|-24|-79|CG0126185|-37|-63|CG0126186|-30|-55|CG0126187|-21|-59|CG0126187|-21|-59|CG0126188|-20|-53|CG0126189|-20|-27
267|4|0|1000|4|CG0126250|-25|-80|CG0126251|-27|-80|CG0126252|-28|-80|CG0126251|-27|-80
267|4|1|1000|6|CG0126255|-26|-81|CG0126256|-25|-82|CG0126257|-25|-80|CG0126258|-26|-80|CG0126259|-26|-82|CG0126260|-27|-80
267|4|2|400|1|CG0188552|-25|-51
267|4|3|600|6|CG0126225|-20|-72|CG0126226|-20|-74|CG0126227|-29|-73|CG0126228|-21|-73|CG0126229|-21|-75|CG0126230|-21|-74
267|4|4|100|1|CG0196504|-21|-46
267|4|5|1000|90|CG0126214|-26|-87|CG0126214|-26|-87|CG0126214|-26|-87|CG0126214|-26|-87|CG0126214|-26|-87|CG0126214|-26|-87|CG0126214|-26|-87|CG0126214|-26|-87|CG0126217|-21|-85|CG0126217|-21|-85|CG0126217|-21|-85|CG0126217|-21|-85|CG0126217|-21|-85|CG0126217|-21|-85|CG0126218|-18|-79|CG0126218|-18|-79|CG0126218|-18|-79|CG0126218|-18|-79|CG0126219|-37|-71|CG0126219|-37|-71|CG0126220|1|-68|CG0126220|1|-68|CG0126221|-7|-77|CG0126221|-7|-77|CG0126222|-9|-86|CG0126222|-9|-86|CG0126222|-9|-86|CG0126222|-9|-86|CG0126222|-9|-86|CG0126222|-9|-86|CG0126223|0|-96|CG0126223|0|-96|CG0126223|0|-96|CG0126223|0|-96|CG0126224|-41|-77|CG0126224|-41|-77|CG0126224|-41|-77|CG0126224|-41|-77|CG0126215|-55|-71|CG0126215|-55|-71|CG0126215|-55|-71|CG0126215|-55|-71|CG0126219|-37|-71|CG0126219|-37|-71|CG0126220|1|-68|CG0126220|1|-68|CG0126221|-7|-77|CG0126221|-7|-77|CG0126222|-9|-86|CG0126222|-9|-86|CG0126222|-9|-86|CG0126222|-9|-86|CG0126222|-9|-86|CG0126222|-9|-86|CG0126223|0|-96|CG0126223|0|-96|CG0126223|0|-96|CG0126223|0|-96|CG0126224|-41|-77|CG0126224|-41|-77|CG0126224|-41|-77|CG0126224|-41|-77|CG0126215|-55|-71|CG0126215|-55|-71|CG0126215|-55|-71|CG0126215|-55|-71|CG0126219|-37|-71|CG0126219|-37|-71|CG0126220|1|-68|CG0126220|1|-68|CG0126221|-7|-77|CG0126221|-7|-77|CG0126222|-9|-86|CG0126222|-9|-86|CG0126222|-9|-86|CG0126222|-9|-86|CG0126222|-9|-86|CG0126222|-9|-86|CG0126223|0|-96|CG0126223|0|-96|CG0126223|0|-96|CG0126223|0|-96|CG0126224|-41|-77|CG0126224|-41|-77|CG0126224|-41|-77|CG0126224|-41|-77|CG0126216|-15|-78|CG0126216|-15|-78|CG0126216|-15|-78|CG0126216|-15|-78
267|4|6|800|10|CG0126244|-21|-71|CG0126244|-21|-71|CG0126245|-29|-59|CG0126245|-29|-59|CG0126246|-23|-48|CG0126246|-23|-48|CG0126246|-23|-48|CG0126246|-23|-48|CG0126246|-23|-48|CG0126246|-23|-48
267|4|7|1200|12|CG0125806|-16|-80|CG0125806|-16|-80|CG0125807|-30|-81|CG0125807|-30|-81|CG0125808|-22|-81|CG0125808|-22|-81|CG0125808|-22|-81|CG0125808|-22|-81|CG0125809|-12|-67|CG0125810|-10|-60|CG0125811|-10|-53|CG0125811|-10|-53
267|4|8|1000|2|CG0126239|-16|-71|CG0126240|-45|-79
267|4|9|1000|1|CG0126241|-39|-71
267|4|10|1000|8|CG0126233|-26|-81|CG0126233|-26|-81|CG0126234|-34|-70|CG0126235|-28|-61|CG0126236|-30|-59|CG0126236|-30|-59|CG0126237|-29|-43|CG0126238|-24|-21
267|5|0|1000|4|CG0126299|-24|-78|CG0126300|-17|-78|CG0126301|-18|-78|CG0126300|-17|-78
267|5|1|1000|6|CG0126304|-16|-79|CG0126305|-16|-81|CG0126306|-16|-78|CG0126307|-16|-79|CG0126308|-16|-81|CG0126309|-16|-78
267|5|2|400|1|CG0188597|-19|-60
267|5|3|600|6|CG0126274|-50|-68|CG0126275|-49|-70|CG0126276|-49|-70|CG0126277|-49|-69|CG0126278|-49|-71|CG0126279|-49|-70
267|5|4|100|1|CG0196544|-24|-45
267|5|5|1000|90|CG0126263|-16|-90|CG0126263|-16|-90|CG0126263|-16|-90|CG0126263|-16|-90|CG0126263|-16|-90|CG0126263|-16|-90|CG0126263|-16|-90|CG0126263|-16|-90|CG0126266|-24|-85|CG0126266|-24|-85|CG0126266|-24|-85|CG0126266|-24|-85|CG0126266|-24|-85|CG0126266|-24|-85|CG0126267|-31|-81|CG0126267|-31|-81|CG0126267|-31|-81|CG0126267|-31|-81|CG0126268|-45|-69|CG0126268|-45|-69|CG0126269|-49|-66|CG0126269|-49|-66|CG0126270|-13|-73|CG0126270|-13|-73|CG0126271|-28|-70|CG0126271|-28|-70|CG0126271|-28|-70|CG0126271|-28|-70|CG0126271|-28|-70|CG0126271|-28|-70|CG0126272|-26|-71|CG0126272|-26|-71|CG0126272|-26|-71|CG0126272|-26|-71|CG0126273|-17|-74|CG0126273|-17|-74|CG0126273|-17|-74|CG0126273|-17|-74|CG0126264|-44|-72|CG0126264|-44|-72|CG0126264|-44|-72|CG0126264|-44|-72|CG0126268|-45|-69|CG0126268|-45|-69|CG0126269|-49|-66|CG0126269|-49|-66|CG0126270|-13|-73|CG0126270|-13|-73|CG0126271|-28|-70|CG0126271|-28|-70|CG0126271|-28|-70|CG0126271|-28|-70|CG0126271|-28|-70|CG0126271|-28|-70|CG0126272|-26|-71|CG0126272|-26|-71|CG0126272|-26|-71|CG0126272|-26|-71|CG0126273|-17|-74|CG0126273|-17|-74|CG0126273|-17|-74|CG0126273|-17|-74|CG0126264|-44|-72|CG0126264|-44|-72|CG0126264|-44|-72|CG0126264|-44|-72|CG0126268|-45|-69|CG0126268|-45|-69|CG0126269|-49|-66|CG0126269|-49|-66|CG0126270|-13|-73|CG0126270|-13|-73|CG0126271|-28|-70|CG0126271|-28|-70|CG0126271|-28|-70|CG0126271|-28|-70|CG0126271|-28|-70|CG0126271|-28|-70|CG0126272|-26|-71|CG0126272|-26|-71|CG0126272|-26|-71|CG0126272|-26|-71|CG0126273|-17|-74|CG0126273|-17|-74|CG0126273|-17|-74|CG0126273|-17|-74|CG0126265|-60|-75|CG0126265|-60|-75|CG0126265|-60|-75|CG0126265|-60|-75
267|5|6|800|10|CG0126293|-20|-67|CG0126293|-20|-67|CG0126294|-33|-54|CG0126294|-33|-54|CG0126295|-45|-48|CG0126295|-45|-48|CG0126295|-45|-48|CG0126295|-45|-48|CG0126295|-45|-48|CG0126295|-45|-48
267|5|7|1200|12|CG0125871|-20|-78|CG0125871|-20|-78|CG0125872|-23|-79|CG0125872|-23|-79|CG0125873|-21|-80|CG0125873|-21|-80|CG0125873|-21|-80|CG0125873|-21|-80|CG0125874|-20|-61|CG0125875|-16|-52|CG0125876|-15|-43|CG0125876|-15|-43
267|5|8|1000|2|CG0126288|-22|-67|CG0126289|-37|-81
267|5|9|1000|1|CG0126290|-25|-83
267|5|10|1000|8|CG0126282|-16|-79|CG0126282|-16|-79|CG0126283|-19|-71|CG0126284|-26|-61|CG0126285|-27|-57|CG0126285|-27|-57|CG0126286|-27|-36|CG0126287|-45|-16
267|6|0|1000|4|CG0126348|-43|-80|CG0126349|-41|-80|CG0126350|-37|-80|CG0126349|-41|-80
267|6|1|1000|6|CG0126353|-39|-81|CG0126354|-40|-83|CG0126355|-40|-80|CG0126356|-39|-81|CG0126357|-39|-83|CG0126358|-38|-80
267|6|2|400|1|CG0188642|-38|-63
267|6|3|600|6|CG0126323|-55|-73|CG0126324|-56|-75|CG0126325|-56|-74|CG0126326|-55|-73|CG0126327|-54|-75|CG0126328|-53|-74
267|6|4|100|1|CG0196584|-20|-48
267|6|5|1000|90|CG0126312|-23|-91|CG0126312|-23|-91|CG0126312|-23|-91|CG0126312|-23|-91|CG0126312|-23|-91|CG0126312|-23|-91|CG0126312|-23|-91|CG0126312|-23|-91|CG0126315|-30|-84|CG0126315|-30|-84|CG0126315|-30|-84|CG0126315|-30|-84|CG0126315|-30|-84|CG0126315|-30|-84|CG0126316|-37|-80|CG0126316|-37|-80|CG0126316|-37|-80|CG0126316|-37|-80|CG0126317|-44|-77|CG0126317|-44|-77|CG0126318|-74|-72|CG0126318|-74|-72|CG0126319|-72|-73|CG0126319|-72|-73|CG0126320|-34|-75|CG0126320|-34|-75|CG0126320|-34|-75|CG0126320|-34|-75|CG0126320|-34|-75|CG0126320|-34|-75|CG0126321|-50|-74|CG0126321|-50|-74|CG0126321|-50|-74|CG0126321|-50|-74|CG0126322|-33|-75|CG0126322|-33|-75|CG0126322|-33|-75|CG0126322|-33|-75|CG0126313|-36|-77|CG0126313|-36|-77|CG0126313|-36|-77|CG0126313|-36|-77|CG0126317|-44|-77|CG0126317|-44|-77|CG0126318|-74|-72|CG0126318|-74|-72|CG0126319|-72|-73|CG0126319|-72|-73|CG0126320|-34|-75|CG0126320|-34|-75|CG0126320|-34|-75|CG0126320|-34|-75|CG0126320|-34|-75|CG0126320|-34|-75|CG0126321|-50|-74|CG0126321|-50|-74|CG0126321|-50|-74|CG0126321|-50|-74|CG0126322|-33|-75|CG0126322|-33|-75|CG0126322|-33|-75|CG0126322|-33|-75|CG0126313|-36|-77|CG0126313|-36|-77|CG0126313|-36|-77|CG0126313|-36|-77|CG0126317|-44|-77|CG0126317|-44|-77|CG0126318|-74|-72|CG0126318|-74|-72|CG0126319|-72|-73|CG0126319|-72|-73|CG0126320|-34|-75|CG0126320|-34|-75|CG0126320|-34|-75|CG0126320|-34|-75|CG0126320|-34|-75|CG0126320|-34|-75|CG0126321|-50|-74|CG0126321|-50|-74|CG0126321|-50|-74|CG0126321|-50|-74|CG0126322|-33|-75|CG0126322|-33|-75|CG0126322|-33|-75|CG0126322|-33|-75|CG0126314|-68|-79|CG0126314|-68|-79|CG0126314|-68|-79|CG0126314|-68|-79
267|6|6|800|10|CG0126342|-52|-71|CG0126342|-52|-71|CG0126343|-56|-63|CG0126343|-56|-63|CG0126344|-64|-58|CG0126344|-64|-58|CG0126344|-64|-58|CG0126344|-64|-58|CG0126344|-64|-58|CG0126344|-64|-58
267|6|7|1200|12|CG0125936|-18|-80|CG0125936|-18|-80|CG0125937|-22|-82|CG0125937|-22|-82|CG0125938|-23|-81|CG0125938|-23|-81|CG0125938|-23|-81|CG0125938|-23|-81|CG0125939|-29|-66|CG0125940|-43|-57|CG0125941|-46|-46|CG0125941|-46|-46
267|6|8|1000|2|CG0126337|-34|-71|CG0126338|-28|-79
267|6|9|1000|1|CG0126339|-24|-88
267|6|10|1000|8|CG0126331|-41|-81|CG0126331|-41|-81|CG0126332|-35|-70|CG0126333|-38|-61|CG0126334|-49|-60|CG0126334|-49|-60|CG0126335|-71|-40|CG0126336|-84|-20
267|7|0|1000|4|CG0126397|-36|-80|CG0126398|-39|-80|CG0126399|-42|-80|CG0126398|-39|-80
267|7|1|1000|6|CG0126402|-39|-80|CG0126403|-41|-81|CG0126404|-40|-79|CG0126405|-39|-79|CG0126406|-39|-81|CG0126407|-38|-79
267|7|2|400|1|CG0188687|-44|-60
267|7|3|600|6|CG0126372|-29|-76|CG0126373|-31|-78|CG0126374|-31|-78|CG0126375|-29|-77|CG0126376|-30|-79|CG0126377|-32|-77
267|7|4|100|1|CG0196624|-25|-51
267|7|5|1000|90|CG0126361|-36|-88|CG0126361|-36|-88|CG0126361|-36|-88|CG0126361|-36|-88|CG0126361|-36|-88|CG0126361|-36|-88|CG0126361|-36|-88|CG0126361|-36|-88|CG0126364|-36|-83|CG0126364|-36|-83|CG0126364|-36|-83|CG0126364|-36|-83|CG0126364|-36|-83|CG0126364|-36|-83|CG0126365|-36|-86|CG0126365|-36|-86|CG0126365|-36|-86|CG0126365|-36|-86|CG0126366|-43|-86|CG0126366|-43|-86|CG0126367|-60|-84|CG0126367|-60|-84|CG0126368|-103|-78|CG0126368|-103|-78|CG0126369|-80|-84|CG0126369|-80|-84|CG0126369|-80|-84|CG0126369|-80|-84|CG0126369|-80|-84|CG0126369|-80|-84|CG0126370|-46|-81|CG0126370|-46|-81|CG0126370|-46|-81|CG0126370|-46|-81|CG0126371|-55|-78|CG0126371|-55|-78|CG0126371|-55|-78|CG0126371|-55|-78|CG0126362|-42|-82|CG0126362|-42|-82|CG0126362|-42|-82|CG0126362|-42|-82|CG0126366|-43|-86|CG0126366|-43|-86|CG0126367|-60|-84|CG0126367|-60|-84|CG0126368|-103|-78|CG0126368|-103|-78|CG0126369|-80|-84|CG0126369|-80|-84|CG0126369|-80|-84|CG0126369|-80|-84|CG0126369|-80|-84|CG0126369|-80|-84|CG0126370|-46|-81|CG0126370|-46|-81|CG0126370|-46|-81|CG0126370|-46|-81|CG0126371|-55|-78|CG0126371|-55|-78|CG0126371|-55|-78|CG0126371|-55|-78|CG0126362|-42|-82|CG0126362|-42|-82|CG0126362|-42|-82|CG0126362|-42|-82|CG0126366|-43|-86|CG0126366|-43|-86|CG0126367|-60|-84|CG0126367|-60|-84|CG0126368|-103|-78|CG0126368|-103|-78|CG0126369|-80|-84|CG0126369|-80|-84|CG0126369|-80|-84|CG0126369|-80|-84|CG0126369|-80|-84|CG0126369|-80|-84|CG0126370|-46|-81|CG0126370|-46|-81|CG0126370|-46|-81|CG0126370|-46|-81|CG0126371|-55|-78|CG0126371|-55|-78|CG0126371|-55|-78|CG0126371|-55|-78|CG0126363|-38|-83|CG0126363|-38|-83|CG0126363|-38|-83|CG0126363|-38|-83
267|7|6|800|10|CG0126391|-53|-76|CG0126391|-53|-76|CG0126392|-51|-72|CG0126392|-51|-72|CG0126393|-54|-70|CG0126393|-54|-70|CG0126393|-54|-70|CG0126393|-54|-70|CG0126393|-54|-70|CG0126393|-54|-70
267|7|7|1200|12|CG0126001|-16|-80|CG0126001|-16|-80|CG0126002|-22|-82|CG0126002|-22|-82|CG0126003|-21|-80|CG0126003|-21|-80|CG0126003|-21|-80|CG0126003|-21|-80|CG0126004|-45|-74|CG0126005|-58|-70|CG0126006|-54|-64|CG0126006|-54|-64
267|7|8|1000|2|CG0126386|-34|-76|CG0126387|-30|-69
267|7|9|1000|1|CG0126388|-27|-83
267|7|10|1000|8|CG0126380|-44|-80|CG0126380|-44|-80|CG0126381|-38|-61|CG0126382|-44|-54|CG0126383|-54|-59|CG0126383|-54|-59|CG0126384|-72|-53|CG0126385|-76|-22
