235|0|0|1200|4|CG0113453|-16|-71|CG0113454|-16|-72|CG0113455|-16|-72|CG0113454|-16|-72
235|0|1|1000|6|CG0113458|-20|-72|CG0113459|-19|-73|CG0113460|-23|-70|CG0113461|-21|-72|CG0113462|-18|-74|CG0113463|-23|-71
235|0|2|400|1|CG0188372|-32|-70
235|0|3|500|6|CG0113754|-28|-72|CG0113755|-26|-73|CG0113756|-25|-72|CG0113757|-28|-72|CG0113758|-32|-74|CG0113759|-29|-72
235|0|4|100|1|CG0196344|-27|-55
235|0|5|1200|13|CG0113426|-24|-72|CG0113427|-21|-76|CG0113428|-22|-73|CG0113428|-22|-73|CG0113429|-20|-72|CG0113429|-20|-72|CG0113430|-23|-72|CG0113430|-23|-72|CG0113430|-23|-72|CG0113431|-30|-71|CG0113431|-30|-71|CG0113432|-27|-71|CG0113433|-23|-72
235|0|6|1000|5|CG0113447|-27|-71|CG0113447|-27|-71|CG0113448|-29|-72|CG0113449|-17|-72|CG0113449|-17|-72
235|0|7|1000|10|CG0113794|-19|-71|CG0113794|-19|-71|CG0113795|-19|-71|CG0113795|-19|-71|CG0113796|-17|-69|CG0113796|-17|-69|CG0113796|-17|-69|CG0113797|-27|-70|CG0113798|-30|-73|CG0113799|-30|-73
235|0|8|1000|2|CG0113442|-29|-71|CG0113443|-28|-58
235|0|9|1000|1|CG0113444|-25|-58
235|0|10|1200|10|CG0113436|-22|-72|CG0113437|-24|-62|CG0113438|-33|-57|CG0113438|-33|-57|CG0113439|-41|-61|CG0113439|-41|-61|CG0113440|-51|-56|CG0113440|-51|-56|CG0113441|-56|-43|CG0113441|-56|-43
235|1|0|1200|4|CG0113493|-22|-73|CG0113494|-19|-73|CG0113495|-18|-73|CG0113494|-19|-73
235|1|1|1000|6|CG0113498|-16|-72|CG0113499|-17|-74|CG0113500|-17|-71|CG0113501|-16|-73|CG0113502|-16|-75|CG0113503|-17|-72
235|1|2|400|1|CG0188417|-17|-71
235|1|3|500|6|CG0113819|-19|-74|CG0113820|-28|-75|CG0113821|-27|-74|CG0113822|-30|-75|CG0113823|-24|-77|CG0113824|-18|-75
235|1|4|100|1|CG0196384|-26|-58
235|1|5|1200|13|CG0113466|-22|-73|CG0113467|-21|-73|CG0113468|-22|-73|CG0113468|-22|-73|CG0113469|-21|-74|CG0113469|-21|-74|CG0113470|-22|-74|CG0113470|-22|-74|CG0113470|-22|-74|CG0113471|-21|-72|CG0113471|-21|-72|CG0113472|-22|-72|CG0113473|-23|-73
235|1|6|1000|5|CG0113487|-35|-71|CG0113487|-35|-71|CG0113488|-23|-73|CG0113489|-18|-74|CG0113489|-18|-74
235|1|7|1000|10|CG0113859|-20|-73|CG0113859|-20|-73|CG0113860|-19|-70|CG0113860|-19|-70|CG0113861|-16|-66|CG0113861|-16|-66|CG0113861|-16|-66|CG0113862|-21|-71|CG0113863|-27|-76|CG0113864|-28|-76
235|1|8|1000|2|CG0113482|-19|-73|CG0113483|-25|-54
235|1|9|1000|1|CG0113484|-24|-62
235|1|10|1200|10|CG0113476|-18|-73|CG0113477|-18|-61|CG0113478|-23|-60|CG0113478|-23|-60|CG0113479|-22|-66|CG0113479|-22|-66|CG0113480|-25|-64|CG0113480|-25|-64|CG0113481|-29|-53|CG0113481|-29|-53
235|2|0|1200|4|CG0113533|-26|-73|CG0113534|-27|-73|CG0113535|-26|-73|CG0113534|-27|-73
235|2|1|1000|6|CG0113538|-25|-72|CG0113539|-19|-73|CG0113540|-22|-70|CG0113541|-20|-72|CG0113542|-27|-74|CG0113543|-29|-71
235|2|2|400|1|CG0188462|-33|-62
235|2|3|500|6|CG0113884|-21|-73|CG0113885|-17|-74|CG0113886|-27|-73|CG0113887|-18|-74|CG0113888|-23|-75|CG0113889|-29|-73
235|2|4|100|1|CG0196424|-14|-57
235|2|5|1200|13|CG0113506|-20|-74|CG0113507|-20|-74|CG0113508|-20|-74|CG0113508|-20|-74|CG0113509|-20|-74|CG0113509|-20|-74|CG0113510|-18|-73|CG0113510|-18|-73|CG0113510|-18|-73|CG0113511|-20|-72|CG0113511|-20|-72|CG0113512|-20|-72|CG0113513|-20|-73
235|2|6|1000|5|CG0113527|-31|-72|CG0113527|-31|-72|CG0113528|-20|-73|CG0113529|-18|-73|CG0113529|-18|-73
235|2|7|1000|10|CG0113924|-19|-74|CG0113924|-19|-74|CG0113925|-20|-71|CG0113925|-20|-71|CG0113926|-20|-68|CG0113926|-20|-68|CG0113926|-20|-68|CG0113927|-19|-72|CG0113928|-14|-75|CG0113929|-17|-75
235|2|8|1000|2|CG0113522|-14|-73|CG0113523|-28|-58
235|2|9|1000|1|CG0113524|-17|-60
235|2|10|1200|10|CG0113516|-24|-73|CG0113517|-21|-62|CG0113518|-20|-58|CG0113518|-20|-58|CG0113519|-20|-62|CG0113519|-20|-62|CG0113520|-20|-58|CG0113520|-20|-58|CG0113521|-19|-45|CG0113521|-19|-45
235|3|0|1200|4|CG0113573|-18|-74|CG0113574|-19|-74|CG0113575|-22|-74|CG0113574|-19|-74
235|3|1|1000|6|CG0113578|-20|-73|CG0113579|-18|-75|CG0113580|-23|-72|CG0113581|-18|-73|CG0113582|-23|-75|CG0113583|-27|-72
235|3|2|400|1|CG0188507|-36|-53
235|3|3|500|6|CG0113949|-19|-71|CG0113950|-26|-72|CG0113951|-30|-71|CG0113952|-21|-72|CG0113953|-24|-74|CG0113954|-30|-72
235|3|4|100|1|CG0196464|-10|-51
235|3|5|1200|13|CG0113546|-17|-75|CG0113547|-17|-76|CG0113548|-16|-76|CG0113548|-16|-76|CG0113549|-15|-75|CG0113549|-15|-75|CG0113550|-13|-74|CG0113550|-13|-74|CG0113550|-13|-74|CG0113551|-29|-74|CG0113551|-29|-74|CG0113552|-17|-74|CG0113553|-17|-75
235|3|6|1000|5|CG0113567|-21|-73|CG0113567|-21|-73|CG0113568|-19|-74|CG0113569|-17|-75|CG0113569|-17|-75
235|3|7|1000|10|CG0113989|-17|-75|CG0113989|-17|-75|CG0113990|-19|-73|CG0113990|-19|-73|CG0113991|-24|-71|CG0113991|-24|-71|CG0113991|-24|-71|CG0113992|-22|-72|CG0113993|-14|-70|CG0113994|-20|-69
235|3|8|1000|2|CG0113562|-10|-71|CG0113563|-36|-63
235|3|9|1000|1|CG0113564|-9|-54
235|3|10|1200|10|CG0113556|-21|-74|CG0113557|-18|-62|CG0113558|-10|-52|CG0113558|-10|-52|CG0113559|-10|-51|CG0113559|-10|-51|CG0113560|-11|-41|CG0113560|-11|-41|CG0113561|-10|-25|CG0113561|-10|-25
235|4|0|1200|4|CG0113613|-16|-74|CG0113614|-17|-74|CG0113615|-17|-74|CG0113614|-17|-74
235|4|1|1000|6|CG0113618|-18|-73|CG0113619|-18|-75|CG0113620|-18|-72|CG0113621|-17|-73|CG0113622|-18|-75|CG0113623|-21|-72
235|4|2|400|1|CG0188552|-25|-51
235|4|3|500|6|CG0114014|-18|-68|CG0114015|-24|-69|CG0114016|-27|-68|CG0114017|-21|-69|CG0114018|-17|-70|CG0114019|-26|-68
235|4|4|100|1|CG0196504|-21|-46
235|4|5|1200|13|CG0113586|-16|-75|CG0113587|-19|-75|CG0113588|-16|-75|CG0113588|-16|-75|CG0113589|-14|-74|CG0113589|-14|-74|CG0113590|-13|-73|CG0113590|-13|-73|CG0113590|-13|-73|CG0113591|-26|-74|CG0113591|-26|-74|CG0113592|-20|-74|CG0113593|-17|-75
235|4|6|1000|5|CG0113607|-23|-76|CG0113607|-23|-76|CG0113608|-17|-75|CG0113609|-16|-75|CG0113609|-16|-75
235|4|7|1000|10|CG0114054|-18|-73|CG0114054|-18|-73|CG0114055|-23|-74|CG0114055|-23|-74|CG0114056|-19|-72|CG0114056|-19|-72|CG0114056|-19|-72|CG0114057|-25|-71|CG0114058|-15|-62|CG0114059|-22|-61
235|4|8|1000|2|CG0113602|-15|-68|CG0113603|-32|-71
235|4|9|1000|1|CG0113604|-11|-50
235|4|10|1200|10|CG0113596|-17|-74|CG0113597|-17|-65|CG0113598|-20|-49|CG0113598|-20|-49|CG0113599|-20|-41|CG0113599|-20|-41|CG0113600|-19|-21|CG0113600|-19|-21|CG0113601|-19|-17|CG0113601|-19|-17
235|5|0|1200|4|CG0113653|-16|-73|CG0113654|-17|-73|CG0113655|-17|-73|CG0113654|-17|-73
235|5|1|1000|6|CG0113658|-17|-73|CG0113659|-17|-75|CG0113660|-17|-72|CG0113661|-17|-73|CG0113662|-18|-75|CG0113663|-17|-72
235|5|2|400|1|CG0188597|-19|-60
235|5|3|500|6|CG0114079|-31|-66|CG0114080|-20|-67|CG0114081|-16|-65|CG0114082|-27|-66|CG0114083|-29|-68|CG0114084|-27|-66
235|5|4|100|1|CG0196544|-24|-45
235|5|5|1200|13|CG0113626|-16|-73|CG0113627|-41|-73|CG0113628|-22|-73|CG0113628|-22|-73|CG0113629|-23|-72|CG0113629|-23|-72|CG0113630|-17|-71|CG0113630|-17|-71|CG0113630|-17|-71|CG0113631|-13|-72|CG0113631|-13|-72|CG0113632|-17|-72|CG0113633|-19|-73
235|5|6|1000|5|CG0113647|-34|-75|CG0113647|-34|-75|CG0113648|-18|-74|CG0113649|-16|-73|CG0113649|-16|-73
235|5|7|1000|10|CG0114119|-17|-72|CG0114119|-17|-72|CG0114120|-17|-73|CG0114120|-17|-73|CG0114121|-16|-73|CG0114121|-16|-73|CG0114121|-16|-73|CG0114122|-16|-70|CG0114123|-16|-58|CG0114124|-16|-56
235|5|8|1000|2|CG0113642|-17|-65|CG0113643|-26|-75
235|5|9|1000|1|CG0113644|-16|-46
235|5|10|1200|10|CG0113636|-16|-73|CG0113637|-16|-64|CG0113638|-22|-46|CG0113638|-22|-46|CG0113639|-21|-34|CG0113639|-21|-34|CG0113640|-20|-13|CG0113640|-20|-13|CG0113641|-20|-12|CG0113641|-20|-12
235|6|0|1200|4|CG0113693|-16|-72|CG0113694|-16|-72|CG0113695|-16|-72|CG0113694|-16|-72
235|6|1|1000|6|CG0113698|-17|-72|CG0113699|-14|-74|CG0113700|-22|-71|CG0113701|-15|-72|CG0113702|-18|-74|CG0113703|-22|-71
235|6|2|400|1|CG0188642|-38|-63
235|6|3|500|6|CG0114144|-27|-66|CG0114145|-28|-67|CG0114146|-26|-66|CG0114147|-33|-67|CG0114148|-26|-68|CG0114149|-25|-66
235|6|4|100|1|CG0196584|-20|-48
235|6|5|1200|13|CG0113666|-20|-72|CG0113667|-42|-72|CG0113668|-39|-72|CG0113668|-39|-72|CG0113669|-38|-70|CG0113669|-38|-70|CG0113670|-33|-69|CG0113670|-33|-69|CG0113670|-33|-69|CG0113671|-29|-70|CG0113671|-29|-70|CG0113672|-27|-71|CG0113673|-23|-71
235|6|6|1000|5|CG0113687|-27|-73|CG0113687|-27|-73|CG0113688|-23|-73|CG0113689|-15|-72|CG0113689|-15|-72
235|6|7|1000|10|CG0114184|-16|-71|CG0114184|-16|-71|CG0114185|-19|-71|CG0114185|-19|-71|CG0114186|-26|-72|CG0114186|-26|-72|CG0114186|-26|-72|CG0114187|-18|-69|CG0114188|-37|-60|CG0114189|-28|-59
235|6|8|1000|2|CG0113682|-26|-66|CG0113683|-26|-73
235|6|9|1000|1|CG0113684|-26|-47
235|6|10|1200|10|CG0113676|-15|-72|CG0113677|-17|-62|CG0113678|-24|-47|CG0113678|-24|-47|CG0113679|-35|-38|CG0113679|-35|-38|CG0113680|-51|-19|CG0113680|-51|-19|CG0113681|-60|-17|CG0113681|-60|-17
235|7|0|1200|4|CG0113733|-16|-72|CG0113734|-16|-72|CG0113735|-16|-72|CG0113734|-16|-72
235|7|1|1000|6|CG0113738|-17|-72|CG0113739|-17|-74|CG0113740|-25|-71|CG0113741|-18|-72|CG0113742|-15|-74|CG0113743|-26|-72
235|7|2|400|1|CG0188687|-44|-60
235|7|3|500|6|CG0114209|-24|-69|CG0114210|-23|-70|CG0114211|-29|-69|CG0114212|-23|-70|CG0114213|-24|-71|CG0114214|-29|-70
235|7|4|100|1|CG0196624|-25|-51
235|7|5|1200|13|CG0113706|-22|-71|CG0113707|-18|-76|CG0113708|-33|-71|CG0113708|-33|-71|CG0113709|-36|-70|CG0113709|-36|-70|CG0113710|-37|-70|CG0113710|-37|-70|CG0113710|-37|-70|CG0113711|-34|-69|CG0113711|-34|-69|CG0113712|-28|-70|CG0113713|-24|-71
235|7|6|1000|5|CG0113727|-16|-72|CG0113727|-16|-72|CG0113728|-21|-72|CG0113729|-16|-73|CG0113729|-16|-73
235|7|7|1000|10|CG0114249|-22|-71|CG0114249|-22|-71|CG0114250|-25|-70|CG0114250|-25|-70|CG0114251|-29|-70|CG0114251|-29|-70|CG0114251|-29|-70|CG0114252|-31|-69|CG0114253|-45|-67|CG0114254|-36|-66
235|7|8|1000|2|CG0113722|-26|-68|CG0113723|-30|-67
235|7|9|1000|1|CG0113724|-32|-52
235|7|10|1200|10|CG0113716|-18|-72|CG0113717|-24|-62|CG0113718|-37|-52|CG0113718|-37|-52|CG0113719|-47|-49|CG0113719|-47|-49|CG0113720|-65|-39|CG0113720|-65|-39|CG0113721|-77|-23|CG0113721|-77|-23
