220|0|0|1200|4|CG0107707|-16|-71|CG0107708|-16|-72|CG0107709|-16|-72|CG0107708|-16|-72
220|0|1|1000|6|CG0107712|-16|-72|CG0107713|-18|-73|CG0107714|-23|-70|CG0107715|-18|-72|CG0107716|-14|-74|CG0107717|-23|-71
220|0|2|400|1|CG0188372|-32|-70
220|0|3|500|6|CG0107682|-28|-72|CG0107683|-26|-73|CG0107684|-25|-72|CG0107685|-28|-73|CG0107686|-32|-74|CG0107687|-28|-72
220|0|4|100|1|CG0196344|-27|-55
220|0|5|1000|20|CG0107674|-24|-67|CG0107674|-24|-67|CG0107675|-24|-66|CG0107675|-24|-66|CG0107676|-23|-79|CG0107676|-23|-79|CG0107676|-23|-79|CG0107676|-23|-79|CG0107677|-24|-72|CG0107677|-24|-72|CG0107678|-58|-75|CG0107678|-58|-75|CG0107679|-59|-71|CG0107679|-59|-71|CG0107679|-59|-71|CG0107679|-59|-71|CG0107680|-32|-71|CG0107680|-32|-71|CG0107681|-26|-69|CG0107681|-26|-69
220|0|6|1000|5|CG0107701|-29|-71|CG0107701|-29|-71|CG0107702|-26|-72|CG0107703|-16|-72|CG0107703|-16|-72
220|0|7|1000|10|CG0106818|-18|-71|CG0106818|-18|-71|CG0106819|-19|-71|CG0106819|-19|-71|CG0106820|-17|-69|CG0106820|-17|-69|CG0106820|-17|-69|CG0106821|-27|-70|CG0106822|-30|-74|CG0106823|-30|-73
220|0|8|1000|2|CG0107696|-29|-71|CG0107697|-28|-64
220|0|9|1000|1|CG0107698|-25|-58
220|0|10|1200|10|CG0107690|-15|-72|CG0107691|-16|-62|CG0107692|-25|-57|CG0107692|-25|-57|CG0107693|-34|-61|CG0107693|-34|-61|CG0107694|-48|-56|CG0107694|-48|-56|CG0107695|-57|-44|CG0107695|-57|-44
220|1|0|1200|4|CG0107753|-18|-73|CG0107754|-18|-73|CG0107755|-18|-73|CG0107754|-18|-73
220|1|1|1000|6|CG0107758|-16|-72|CG0107759|-17|-74|CG0107760|-17|-71|CG0107761|-17|-73|CG0107762|-17|-75|CG0107763|-17|-72
220|1|2|400|1|CG0188417|-17|-71
220|1|3|500|6|CG0107728|-19|-75|CG0107729|-28|-75|CG0107730|-27|-74|CG0107731|-30|-75|CG0107732|-24|-77|CG0107733|-19|-75
220|1|4|100|1|CG0196384|-26|-58
220|1|5|1000|20|CG0107720|-17|-67|CG0107720|-17|-67|CG0107721|-16|-65|CG0107721|-16|-65|CG0107722|-17|-73|CG0107722|-17|-73|CG0107722|-17|-73|CG0107722|-17|-73|CG0107723|-18|-73|CG0107723|-18|-73|CG0107724|-28|-80|CG0107724|-28|-80|CG0107725|-28|-77|CG0107725|-28|-77|CG0107725|-28|-77|CG0107725|-28|-77|CG0107726|-28|-75|CG0107726|-28|-75|CG0107727|-18|-70|CG0107727|-18|-70
220|1|6|1000|5|CG0107747|-37|-72|CG0107747|-37|-72|CG0107748|-21|-73|CG0107749|-19|-74|CG0107749|-19|-74
220|1|7|1000|10|CG0106885|-20|-73|CG0106885|-20|-73|CG0106886|-19|-70|CG0106886|-19|-70|CG0106887|-17|-67|CG0106887|-17|-67|CG0106887|-17|-67|CG0106888|-21|-71|CG0106889|-27|-77|CG0106890|-27|-76
220|1|8|1000|2|CG0107742|-19|-73|CG0107743|-25|-55
220|1|9|1000|1|CG0107744|-21|-62
220|1|10|1200|10|CG0107736|-18|-73|CG0107737|-19|-61|CG0107738|-23|-60|CG0107738|-23|-60|CG0107739|-22|-66|CG0107739|-22|-66|CG0107740|-21|-64|CG0107740|-21|-64|CG0107741|-21|-54|CG0107741|-21|-54
220|2|0|1200|4|CG0107799|-20|-73|CG0107800|-19|-73|CG0107801|-19|-73|CG0107800|-19|-73
220|2|1|1000|6|CG0107804|-18|-72|CG0107805|-19|-73|CG0107806|-22|-71|CG0107807|-19|-72|CG0107808|-17|-74|CG0107809|-19|-71
220|2|2|400|1|CG0188462|-33|-62
220|2|3|500|6|CG0107774|-21|-73|CG0107775|-17|-74|CG0107776|-27|-73|CG0107777|-18|-74|CG0107778|-23|-75|CG0107779|-29|-73
220|2|4|100|1|CG0196424|-14|-57
220|2|5|1000|20|CG0107766|-16|-66|CG0107766|-16|-66|CG0107767|-18|-65|CG0107767|-18|-65|CG0107768|-18|-66|CG0107768|-18|-66|CG0107768|-18|-66|CG0107768|-18|-66|CG0107769|-17|-72|CG0107769|-17|-72|CG0107770|-15|-77|CG0107770|-15|-77|CG0107771|-16|-73|CG0107771|-16|-73|CG0107771|-16|-73|CG0107771|-16|-73|CG0107772|-10|-71|CG0107772|-10|-71|CG0107773|-11|-67|CG0107773|-11|-67
220|2|6|1000|5|CG0107793|-27|-72|CG0107793|-27|-72|CG0107794|-19|-73|CG0107795|-17|-74|CG0107795|-17|-74
220|2|7|1000|10|CG0106952|-19|-74|CG0106952|-19|-74|CG0106953|-21|-72|CG0106953|-21|-72|CG0106954|-20|-69|CG0106954|-20|-69|CG0106954|-20|-69|CG0106955|-19|-72|CG0106956|-14|-75|CG0106957|-17|-75
220|2|8|1000|2|CG0107788|-14|-73|CG0107789|-28|-58
220|2|9|1000|1|CG0107790|-14|-60
220|2|10|1200|10|CG0107782|-19|-73|CG0107783|-20|-62|CG0107784|-20|-58|CG0107784|-20|-58|CG0107785|-20|-62|CG0107785|-20|-62|CG0107786|-20|-58|CG0107786|-20|-58|CG0107787|-20|-46|CG0107787|-20|-46
220|3|0|1200|4|CG0107845|-18|-74|CG0107846|-18|-74|CG0107847|-18|-74|CG0107846|-18|-74
220|3|1|1000|6|CG0107850|-23|-73|CG0107851|-25|-75|CG0107852|-25|-72|CG0107853|-23|-73|CG0107854|-22|-75|CG0107855|-23|-72
220|3|2|400|1|CG0188507|-36|-53
220|3|3|500|6|CG0107820|-19|-71|CG0107821|-26|-72|CG0107822|-30|-71|CG0107823|-21|-72|CG0107824|-24|-74|CG0107825|-30|-72
220|3|4|100|1|CG0196464|-10|-51
220|3|5|1000|20|CG0107812|-25|-66|CG0107812|-25|-66|CG0107813|-27|-66|CG0107813|-27|-66|CG0107814|-28|-67|CG0107814|-28|-67|CG0107814|-28|-67|CG0107814|-28|-67|CG0107815|-29|-72|CG0107815|-29|-72|CG0107816|-12|-69|CG0107816|-12|-69|CG0107817|-12|-63|CG0107817|-12|-63|CG0107817|-12|-63|CG0107817|-12|-63|CG0107818|-14|-65|CG0107818|-14|-65|CG0107819|-18|-66|CG0107819|-18|-66
220|3|6|1000|5|CG0107839|-23|-74|CG0107839|-23|-74|CG0107840|-18|-74|CG0107841|-16|-75|CG0107841|-16|-75
220|3|7|1000|10|CG0107019|-17|-75|CG0107019|-17|-75|CG0107020|-20|-74|CG0107020|-20|-74|CG0107021|-24|-71|CG0107021|-24|-71|CG0107021|-24|-71|CG0107022|-22|-73|CG0107023|-14|-70|CG0107024|-19|-69
220|3|8|1000|2|CG0107834|-10|-71|CG0107835|-36|-63
220|3|9|1000|1|CG0107836|-9|-54
220|3|10|1200|10|CG0107828|-26|-74|CG0107829|-19|-62|CG0107830|-10|-53|CG0107830|-10|-53|CG0107831|-10|-51|CG0107831|-10|-51|CG0107832|-11|-41|CG0107832|-11|-41|CG0107833|-10|-25|CG0107833|-10|-25
220|4|0|1200|4|CG0107891|-22|-75|CG0107892|-22|-74|CG0107893|-21|-74|CG0107892|-22|-74
220|4|1|1000|6|CG0107896|-24|-73|CG0107897|-25|-75|CG0107898|-25|-72|CG0107899|-24|-73|CG0107900|-23|-75|CG0107901|-23|-72
220|4|2|400|1|CG0188552|-25|-51
220|4|3|500|6|CG0107866|-29|-68|CG0107867|-29|-69|CG0107868|-29|-68|CG0107869|-29|-69|CG0107870|-29|-70|CG0107871|-29|-68
220|4|4|100|1|CG0196504|-21|-46
220|4|5|1000|20|CG0107858|-27|-66|CG0107858|-27|-66|CG0107859|-31|-66|CG0107859|-31|-66|CG0107860|-32|-67|CG0107860|-32|-67|CG0107860|-32|-67|CG0107860|-32|-67|CG0107861|-27|-73|CG0107861|-27|-73|CG0107862|-20|-58|CG0107862|-20|-58|CG0107863|-18|-51|CG0107863|-18|-51|CG0107863|-18|-51|CG0107863|-18|-51|CG0107864|-18|-55|CG0107864|-18|-55|CG0107865|-25|-63|CG0107865|-25|-63
220|4|6|1000|5|CG0107885|-39|-75|CG0107885|-39|-75|CG0107886|-17|-75|CG0107887|-16|-74|CG0107887|-16|-74
220|4|7|1000|10|CG0107086|-18|-74|CG0107086|-18|-74|CG0107087|-23|-74|CG0107087|-23|-74|CG0107088|-20|-72|CG0107088|-20|-72|CG0107088|-20|-72|CG0107089|-25|-71|CG0107090|-15|-63|CG0107091|-21|-62
220|4|8|1000|2|CG0107880|-12|-68|CG0107881|-32|-71
220|4|9|1000|1|CG0107882|-13|-50
220|4|10|1200|10|CG0107874|-27|-74|CG0107875|-21|-65|CG0107876|-20|-49|CG0107876|-20|-49|CG0107877|-20|-41|CG0107877|-20|-41|CG0107878|-19|-21|CG0107878|-19|-21|CG0107879|-19|-17|CG0107879|-19|-17
220|5|0|1200|4|CG0107937|-16|-73|CG0107938|-18|-73|CG0107939|-20|-73|CG0107938|-18|-73
220|5|1|1000|6|CG0107942|-20|-73|CG0107943|-20|-75|CG0107944|-19|-72|CG0107945|-20|-73|CG0107946|-20|-75|CG0107947|-19|-72
220|5|2|400|1|CG0188597|-19|-60
220|5|3|500|6|CG0107912|-27|-66|CG0107913|-27|-67|CG0107914|-27|-65|CG0107915|-27|-66|CG0107916|-27|-68|CG0107917|-27|-66
220|5|4|100|1|CG0196544|-24|-45
220|5|5|1000|20|CG0107904|-28|-66|CG0107904|-28|-66|CG0107905|-31|-67|CG0107905|-31|-67|CG0107906|-24|-74|CG0107906|-24|-74|CG0107906|-24|-74|CG0107906|-24|-74|CG0107907|-20|-80|CG0107907|-20|-80|CG0107908|-20|-54|CG0107908|-20|-54|CG0107909|-19|-47|CG0107909|-19|-47|CG0107909|-19|-47|CG0107909|-19|-47|CG0107910|-20|-52|CG0107910|-20|-52|CG0107911|-26|-62|CG0107911|-26|-62
220|5|6|1000|5|CG0107931|-35|-74|CG0107931|-35|-74|CG0107932|-18|-74|CG0107933|-16|-73|CG0107933|-16|-73
220|5|7|1000|10|CG0107153|-16|-72|CG0107153|-16|-72|CG0107154|-17|-73|CG0107154|-17|-73|CG0107155|-16|-73|CG0107155|-16|-73|CG0107155|-16|-73|CG0107156|-16|-70|CG0107157|-17|-59|CG0107158|-17|-57
220|5|8|1000|2|CG0107926|-24|-65|CG0107927|-28|-75
220|5|9|1000|1|CG0107928|-20|-48
220|5|10|1200|10|CG0107920|-17|-73|CG0107921|-16|-64|CG0107922|-22|-46|CG0107922|-22|-46|CG0107923|-28|-34|CG0107923|-28|-34|CG0107924|-39|-13|CG0107924|-39|-13|CG0107925|-41|-12|CG0107925|-41|-12
220|6|0|1200|4|CG0107983|-22|-72|CG0107984|-22|-72|CG0107985|-21|-72|CG0107984|-22|-72
220|6|1|1000|6|CG0107988|-25|-72|CG0107989|-24|-74|CG0107990|-23|-71|CG0107991|-25|-72|CG0107992|-26|-74|CG0107993|-26|-71
220|6|2|400|1|CG0188642|-38|-63
220|6|3|500|6|CG0107958|-27|-66|CG0107959|-27|-67|CG0107960|-27|-66|CG0107961|-27|-67|CG0107962|-27|-68|CG0107963|-27|-66
220|6|4|100|1|CG0196584|-20|-48
220|6|5|1000|20|CG0107950|-30|-66|CG0107950|-30|-66|CG0107951|-28|-66|CG0107951|-28|-66|CG0107952|-23|-81|CG0107952|-23|-81|CG0107952|-23|-81|CG0107952|-23|-81|CG0107953|-24|-79|CG0107953|-24|-79|CG0107954|-53|-58|CG0107954|-53|-58|CG0107955|-50|-48|CG0107955|-50|-48|CG0107955|-50|-48|CG0107955|-50|-48|CG0107956|-35|-56|CG0107956|-35|-56|CG0107957|-34|-64|CG0107957|-34|-64
220|6|6|1000|5|CG0107977|-36|-73|CG0107977|-36|-73|CG0107978|-25|-73|CG0107979|-18|-72|CG0107979|-18|-72
220|6|7|1000|10|CG0107220|-16|-71|CG0107220|-16|-71|CG0107221|-19|-72|CG0107221|-19|-72|CG0107222|-26|-72|CG0107222|-26|-72|CG0107222|-26|-72|CG0107223|-18|-69|CG0107224|-37|-61|CG0107225|-28|-59
220|6|8|1000|2|CG0107972|-33|-66|CG0107973|-33|-73
220|6|9|1000|1|CG0107974|-32|-54
220|6|10|1200|10|CG0107966|-24|-72|CG0107967|-27|-62|CG0107968|-40|-47|CG0107968|-40|-47|CG0107969|-53|-38|CG0107969|-53|-38|CG0107970|-63|-19|CG0107970|-63|-19|CG0107971|-69|-17|CG0107971|-69|-17
220|7|0|1200|4|CG0108029|-18|-72|CG0108030|-21|-72|CG0108031|-22|-72|CG0108030|-21|-72
220|7|1|1000|6|CG0108034|-19|-72|CG0108035|-18|-74|CG0108036|-25|-71|CG0108037|-20|-73|CG0108038|-20|-74|CG0108039|-26|-72
220|7|2|400|1|CG0188687|-44|-60
220|7|3|500|6|CG0108004|-24|-69|CG0108005|-23|-70|CG0108006|-29|-69|CG0108007|-23|-70|CG0108008|-24|-71|CG0108009|-29|-70
220|7|4|100|1|CG0196624|-25|-51
220|7|5|1000|20|CG0107996|-22|-67|CG0107996|-22|-67|CG0107997|-23|-66|CG0107997|-23|-66|CG0107998|-25|-83|CG0107998|-25|-83|CG0107998|-25|-83|CG0107998|-25|-83|CG0107999|-31|-72|CG0107999|-31|-72|CG0108000|-76|-66|CG0108000|-76|-66|CG0108001|-76|-60|CG0108001|-76|-60|CG0108001|-76|-60|CG0108001|-76|-60|CG0108002|-43|-65|CG0108002|-43|-65|CG0108003|-25|-67|CG0108003|-25|-67
220|7|6|1000|5|CG0108023|-21|-72|CG0108023|-21|-72|CG0108024|-22|-72|CG0108025|-21|-72|CG0108025|-21|-72
220|7|7|1000|10|CG0107287|-22|-71|CG0107287|-22|-71|CG0107288|-25|-70|CG0107288|-25|-70|CG0107289|-29|-70|CG0107289|-29|-70|CG0107289|-29|-70|CG0107290|-31|-69|CG0107291|-45|-67|CG0107292|-36|-66
220|7|8|1000|2|CG0108018|-26|-68|CG0108019|-30|-68
220|7|9|1000|1|CG0108020|-40|-58
220|7|10|1200|10|CG0108012|-21|-72|CG0108013|-27|-62|CG0108014|-37|-52|CG0108014|-37|-52|CG0108015|-48|-50|CG0108015|-48|-50|CG0108016|-65|-39|CG0108016|-65|-39|CG0108017|-77|-24|CG0108017|-77|-24
