230|0|0|1200|4|CG0111471|-16|-72|CG0111472|-16|-72|CG0111473|-16|-72|CG0111472|-16|-72
230|0|1|1000|6|CG0111483|-16|-72|CG0111484|-19|-73|CG0111485|-22|-71|CG0111486|-18|-72|CG0111487|-14|-74|CG0111488|-23|-71
230|0|2|400|1|CG0188372|-32|-70
230|0|3|500|6|CG0111434|-28|-72|CG0111435|-25|-73|CG0111436|-25|-72|CG0111437|-28|-73|CG0111438|-31|-74|CG0111439|-28|-73
230|0|4|100|1|CG0196344|-27|-55
230|0|5|800|20|CG0111426|-20|-72|CG0111426|-20|-72|CG0111427|-19|-72|CG0111427|-19|-72|CG0111428|-16|-72|CG0111428|-16|-72|CG0111428|-16|-72|CG0111428|-16|-72|CG0111429|-25|-72|CG0111429|-25|-72|CG0111430|-37|-72|CG0111430|-37|-72|CG0111431|-44|-70|CG0111431|-44|-70|CG0111431|-44|-70|CG0111431|-44|-70|CG0111432|-29|-74|CG0111432|-29|-74|CG0111433|-21|-72|CG0111433|-21|-72
230|0|6|1000|5|CG0111461|-29|-71|CG0111461|-29|-71|CG0111462|-26|-72|CG0111463|-16|-72|CG0111463|-16|-72
230|0|7|1000|10|CG0111474|-18|-71|CG0111474|-18|-71|CG0111475|-19|-71|CG0111475|-19|-71|CG0111476|-17|-69|CG0111476|-17|-69|CG0111476|-17|-69|CG0111477|-27|-70|CG0111478|-30|-74|CG0111479|-30|-73
230|0|8|1000|2|CG0111452|-29|-71|CG0111453|-27|-58
230|0|9|1000|1|CG0111458|-25|-59
230|0|10|1200|10|CG0111446|-14|-72|CG0111447|-16|-63|CG0111448|-25|-57|CG0111448|-25|-57|CG0111449|-33|-61|CG0111449|-33|-61|CG0111450|-48|-56|CG0111450|-48|-56|CG0111451|-56|-45|CG0111451|-56|-45
230|1|0|1200|4|CG0111536|-19|-73|CG0111537|-18|-73|CG0111538|-18|-73|CG0111537|-18|-73
230|1|1|1000|6|CG0111548|-17|-73|CG0111549|-17|-74|CG0111550|-17|-71|CG0111551|-17|-73|CG0111552|-17|-75|CG0111553|-17|-72
230|1|2|400|1|CG0188417|-17|-71
230|1|3|500|6|CG0111499|-19|-75|CG0111500|-28|-76|CG0111501|-27|-75|CG0111502|-30|-75|CG0111503|-24|-77|CG0111504|-18|-75
230|1|4|100|1|CG0196384|-26|-58
230|1|5|800|20|CG0111491|-21|-74|CG0111491|-21|-74|CG0111492|-17|-71|CG0111492|-17|-71|CG0111493|-14|-69|CG0111493|-14|-69|CG0111493|-14|-69|CG0111493|-14|-69|CG0111494|-15|-72|CG0111494|-15|-72|CG0111495|-21|-77|CG0111495|-21|-77|CG0111496|-21|-76|CG0111496|-21|-76|CG0111496|-21|-76|CG0111496|-21|-76|CG0111497|-18|-77|CG0111497|-18|-77|CG0111498|-18|-74|CG0111498|-18|-74
230|1|6|1000|5|CG0111526|-37|-72|CG0111526|-37|-72|CG0111527|-21|-73|CG0111528|-19|-74|CG0111528|-19|-74
230|1|7|1000|10|CG0111539|-20|-73|CG0111539|-20|-73|CG0111540|-19|-70|CG0111540|-19|-70|CG0111541|-17|-67|CG0111541|-17|-67|CG0111541|-17|-67|CG0111542|-21|-71|CG0111543|-27|-77|CG0111544|-27|-76
230|1|8|1000|2|CG0111517|-18|-74|CG0111518|-25|-55
230|1|9|1000|1|CG0111523|-21|-62
230|1|10|1200|10|CG0111511|-18|-73|CG0111512|-19|-62|CG0111513|-22|-60|CG0111513|-22|-60|CG0111514|-22|-67|CG0111514|-22|-67|CG0111515|-21|-64|CG0111515|-21|-64|CG0111516|-20|-54|CG0111516|-20|-54
230|2|0|1200|4|CG0111601|-19|-73|CG0111602|-19|-73|CG0111603|-19|-73|CG0111602|-19|-73
230|2|1|1000|6|CG0111613|-18|-72|CG0111614|-19|-74|CG0111615|-22|-71|CG0111616|-18|-72|CG0111617|-18|-74|CG0111618|-19|-71
230|2|2|400|1|CG0188462|-33|-62
230|2|3|500|6|CG0111564|-20|-73|CG0111565|-17|-74|CG0111566|-27|-73|CG0111567|-18|-74|CG0111568|-23|-76|CG0111569|-28|-74
230|2|4|100|1|CG0196424|-14|-57
230|2|5|800|20|CG0111556|-20|-74|CG0111556|-20|-74|CG0111557|-20|-69|CG0111557|-20|-69|CG0111558|-19|-66|CG0111558|-19|-66|CG0111558|-19|-66|CG0111558|-19|-66|CG0111559|-13|-71|CG0111559|-13|-71|CG0111560|-10|-73|CG0111560|-10|-73|CG0111561|-9|-75|CG0111561|-9|-75|CG0111561|-9|-75|CG0111561|-9|-75|CG0111562|-7|-75|CG0111562|-7|-75|CG0111563|-15|-74|CG0111563|-15|-74
230|2|6|1000|5|CG0111591|-27|-72|CG0111591|-27|-72|CG0111592|-19|-73|CG0111593|-17|-74|CG0111593|-17|-74
230|2|7|1000|10|CG0111604|-19|-74|CG0111604|-19|-74|CG0111605|-21|-72|CG0111605|-21|-72|CG0111606|-20|-69|CG0111606|-20|-69|CG0111606|-20|-69|CG0111607|-19|-72|CG0111608|-14|-75|CG0111609|-17|-75
230|2|8|1000|2|CG0111582|-13|-74|CG0111583|-28|-58
230|2|9|1000|1|CG0111588|-13|-61
230|2|10|1200|10|CG0111576|-19|-73|CG0111577|-20|-63|CG0111578|-19|-58|CG0111578|-19|-58|CG0111579|-19|-62|CG0111579|-19|-62|CG0111580|-19|-58|CG0111580|-19|-58|CG0111581|-19|-46|CG0111581|-19|-46
230|3|0|1200|4|CG0111666|-18|-75|CG0111667|-18|-74|CG0111668|-18|-74|CG0111667|-18|-74
230|3|1|1000|6|CG0111678|-18|-73|CG0111679|-18|-75|CG0111680|-23|-72|CG0111681|-17|-73|CG0111682|-18|-75|CG0111683|-23|-72
230|3|2|400|1|CG0188507|-36|-53
230|3|3|500|6|CG0111629|-19|-72|CG0111630|-26|-73|CG0111631|-30|-71|CG0111632|-21|-72|CG0111633|-24|-74|CG0111634|-30|-72
230|3|4|100|1|CG0196464|-10|-51
230|3|5|800|20|CG0111621|-16|-75|CG0111621|-16|-75|CG0111622|-20|-72|CG0111622|-20|-72|CG0111623|-25|-70|CG0111623|-25|-70|CG0111623|-25|-70|CG0111623|-25|-70|CG0111624|-12|-70|CG0111624|-12|-70|CG0111625|-17|-66|CG0111625|-17|-66|CG0111626|-22|-65|CG0111626|-22|-65|CG0111626|-22|-65|CG0111626|-22|-65|CG0111627|-10|-69|CG0111627|-10|-69|CG0111628|-13|-74|CG0111628|-13|-74
230|3|6|1000|5|CG0111656|-20|-74|CG0111656|-20|-74|CG0111657|-18|-74|CG0111658|-16|-75|CG0111658|-16|-75
230|3|7|1000|10|CG0111669|-17|-75|CG0111669|-17|-75|CG0111670|-20|-74|CG0111670|-20|-74|CG0111671|-24|-71|CG0111671|-24|-71|CG0111671|-24|-71|CG0111672|-22|-73|CG0111673|-14|-70|CG0111674|-19|-69
230|3|8|1000|2|CG0111647|-10|-71|CG0111648|-35|-63
230|3|9|1000|1|CG0111653|-9|-55
230|3|10|1200|10|CG0111641|-18|-74|CG0111642|-18|-63|CG0111643|-9|-53|CG0111643|-9|-53|CG0111644|-10|-52|CG0111644|-10|-52|CG0111645|-11|-41|CG0111645|-11|-41|CG0111646|-10|-25|CG0111646|-10|-25
230|4|0|1200|4|CG0111731|-16|-75|CG0111732|-17|-75|CG0111733|-17|-75|CG0111732|-17|-75
230|4|1|1000|6|CG0111743|-18|-74|CG0111744|-18|-75|CG0111745|-18|-73|CG0111746|-18|-74|CG0111747|-18|-75|CG0111748|-20|-73
230|4|2|400|1|CG0188552|-25|-51
230|4|3|500|6|CG0111694|-18|-68|CG0111695|-23|-69|CG0111696|-27|-68|CG0111697|-21|-69|CG0111698|-17|-70|CG0111699|-26|-69
230|4|4|100|1|CG0196504|-21|-46
230|4|5|800|20|CG0111686|-18|-75|CG0111686|-18|-75|CG0111687|-23|-74|CG0111687|-23|-74|CG0111688|-27|-72|CG0111688|-27|-72|CG0111688|-27|-72|CG0111688|-27|-72|CG0111689|-17|-68|CG0111689|-17|-68|CG0111690|-18|-58|CG0111690|-18|-58|CG0111691|-25|-54|CG0111691|-25|-54|CG0111691|-25|-54|CG0111691|-25|-54|CG0111692|-13|-61|CG0111692|-13|-61|CG0111693|-14|-72|CG0111693|-14|-72
230|4|6|1000|5|CG0111721|-23|-75|CG0111721|-23|-75|CG0111722|-17|-75|CG0111723|-16|-74|CG0111723|-16|-74
230|4|7|1000|10|CG0111734|-18|-74|CG0111734|-18|-74|CG0111735|-23|-74|CG0111735|-23|-74|CG0111736|-20|-72|CG0111736|-20|-72|CG0111736|-20|-72|CG0111737|-25|-71|CG0111738|-15|-63|CG0111739|-21|-61
230|4|8|1000|2|CG0111712|-12|-68|CG0111713|-32|-71
230|4|9|1000|1|CG0111718|-10|-51
230|4|10|1200|10|CG0111706|-17|-75|CG0111707|-18|-65|CG0111708|-19|-50|CG0111708|-19|-50|CG0111709|-19|-41|CG0111709|-19|-41|CG0111710|-19|-21|CG0111710|-19|-21|CG0111711|-18|-17|CG0111711|-18|-17
230|5|0|1200|4|CG0111796|-16|-73|CG0111797|-17|-74|CG0111798|-16|-74|CG0111797|-17|-74
230|5|1|1000|6|CG0111808|-18|-73|CG0111809|-17|-75|CG0111810|-17|-72|CG0111811|-18|-73|CG0111812|-18|-75|CG0111813|-18|-72
230|5|2|400|1|CG0188597|-19|-60
230|5|3|500|6|CG0111759|-31|-66|CG0111760|-20|-67|CG0111761|-16|-66|CG0111762|-26|-66|CG0111763|-29|-68|CG0111764|-27|-66
230|5|4|100|1|CG0196544|-24|-45
230|5|5|800|20|CG0111751|-15|-73|CG0111751|-15|-73|CG0111752|-16|-75|CG0111752|-16|-75|CG0111753|-19|-74|CG0111753|-19|-74|CG0111753|-19|-74|CG0111753|-19|-74|CG0111754|-19|-68|CG0111754|-19|-68|CG0111755|-17|-53|CG0111755|-17|-53|CG0111756|-17|-47|CG0111756|-17|-47|CG0111756|-17|-47|CG0111756|-17|-47|CG0111757|-18|-59|CG0111757|-18|-59|CG0111758|-16|-70|CG0111758|-16|-70
230|5|6|1000|5|CG0111786|-34|-74|CG0111786|-34|-74|CG0111787|-18|-74|CG0111788|-16|-73|CG0111788|-16|-73
230|5|7|1000|10|CG0111799|-16|-72|CG0111799|-16|-72|CG0111800|-17|-73|CG0111800|-17|-73|CG0111801|-16|-73|CG0111801|-16|-73|CG0111801|-16|-73|CG0111802|-16|-70|CG0111803|-17|-59|CG0111804|-17|-57
230|5|8|1000|2|CG0111777|-17|-66|CG0111778|-26|-76
230|5|9|1000|1|CG0111783|-16|-47
230|5|10|1200|10|CG0111771|-16|-74|CG0111772|-16|-65|CG0111773|-22|-47|CG0111773|-22|-47|CG0111774|-21|-35|CG0111774|-21|-35|CG0111775|-19|-13|CG0111775|-19|-13|CG0111776|-19|-12|CG0111776|-19|-12
230|6|0|1200|4|CG0111861|-15|-72|CG0111862|-15|-73|CG0111863|-15|-73|CG0111862|-15|-73
230|6|1|1000|6|CG0111873|-17|-73|CG0111874|-13|-74|CG0111875|-22|-71|CG0111876|-15|-73|CG0111877|-18|-74|CG0111878|-22|-72
230|6|2|400|1|CG0188642|-38|-63
230|6|3|500|6|CG0111824|-27|-66|CG0111825|-28|-67|CG0111826|-26|-66|CG0111827|-33|-67|CG0111828|-25|-68|CG0111829|-25|-67
230|6|4|100|1|CG0196584|-20|-48
230|6|5|800|20|CG0111816|-12|-72|CG0111816|-12|-72|CG0111817|-27|-73|CG0111817|-27|-73|CG0111818|-25|-74|CG0111818|-25|-74|CG0111818|-25|-74|CG0111818|-25|-74|CG0111819|-21|-69|CG0111819|-21|-69|CG0111820|-44|-57|CG0111820|-44|-57|CG0111821|-47|-51|CG0111821|-47|-51|CG0111821|-47|-51|CG0111821|-47|-51|CG0111822|-37|-60|CG0111822|-37|-60|CG0111823|-19|-71|CG0111823|-19|-71
230|6|6|1000|5|CG0111851|-27|-73|CG0111851|-27|-73|CG0111852|-23|-73|CG0111853|-15|-72|CG0111853|-15|-72
230|6|7|1000|10|CG0111864|-16|-71|CG0111864|-16|-71|CG0111865|-19|-72|CG0111865|-19|-72|CG0111866|-26|-72|CG0111866|-26|-72|CG0111866|-26|-72|CG0111867|-18|-69|CG0111868|-37|-61|CG0111869|-28|-59
230|6|8|1000|2|CG0111842|-26|-66|CG0111843|-26|-73
230|6|9|1000|1|CG0111848|-26|-48
230|6|10|1200|10|CG0111836|-14|-73|CG0111837|-16|-63|CG0111838|-24|-47|CG0111838|-24|-47|CG0111839|-35|-38|CG0111839|-35|-38|CG0111840|-51|-20|CG0111840|-51|-20|CG0111841|-59|-17|CG0111841|-59|-17
230|7|0|1200|4|CG0111926|-13|-72|CG0111927|-13|-72|CG0111928|-13|-73|CG0111927|-13|-72
230|7|1|1000|6|CG0111938|-15|-73|CG0111939|-14|-74|CG0111940|-25|-71|CG0111941|-15|-73|CG0111942|-14|-75|CG0111943|-26|-72
230|7|2|400|1|CG0188687|-44|-60
230|7|3|500|6|CG0111889|-23|-69|CG0111890|-23|-71|CG0111891|-29|-69|CG0111892|-23|-70|CG0111893|-23|-72|CG0111894|-29|-70
230|7|4|100|1|CG0196624|-25|-51
230|7|5|800|20|CG0111881|-19|-71|CG0111881|-19|-71|CG0111882|-26|-72|CG0111882|-26|-72|CG0111883|-21|-73|CG0111883|-21|-73|CG0111883|-21|-73|CG0111883|-21|-73|CG0111884|-28|-71|CG0111884|-28|-71|CG0111885|-53|-63|CG0111885|-53|-63|CG0111886|-60|-60|CG0111886|-60|-60|CG0111886|-60|-60|CG0111886|-60|-60|CG0111887|-33|-68|CG0111887|-33|-68|CG0111888|-20|-71|CG0111888|-20|-71
230|7|6|1000|5|CG0111916|-11|-72|CG0111916|-11|-72|CG0111917|-18|-72|CG0111918|-16|-72|CG0111918|-16|-72
230|7|7|1000|10|CG0111929|-22|-71|CG0111929|-22|-71|CG0111930|-25|-70|CG0111930|-25|-70|CG0111931|-29|-70|CG0111931|-29|-70|CG0111931|-29|-70|CG0111932|-31|-69|CG0111933|-45|-67|CG0111934|-36|-66
230|7|8|1000|2|CG0111907|-26|-69|CG0111908|-30|-68
230|7|9|1000|1|CG0111913|-32|-53
230|7|10|1200|10|CG0111901|-13|-72|CG0111902|-19|-62|CG0111903|-26|-52|CG0111903|-26|-52|CG0111904|-43|-50|CG0111904|-43|-50|CG0111905|-65|-39|CG0111905|-65|-39|CG0111906|-76|-23|CG0111906|-76|-23
