268|0|0|1000|4|CG0126443|-17|-78|CG0126444|-18|-78|CG0126445|-22|-78|CG0126444|-18|-78
268|0|1|1000|6|CG0126448|-18|-76|CG0126449|-15|-78|CG0126450|-24|-75|CG0126451|-15|-76|CG0126452|-20|-78|CG0126453|-22|-75
268|0|2|400|1|CG0188372|-32|-70
268|0|3|600|6|CG0126418|-19|-78|CG0126419|-19|-80|CG0126420|-25|-79|CG0126421|-20|-78|CG0126422|-29|-80|CG0126423|-29|-79
268|0|4|100|1|CG0196344|-27|-55
268|0|5|1200|20|CG0126410|-21|-81|CG0126410|-21|-81|CG0126410|-21|-81|CG0126410|-21|-81|CG0126411|-28|-89|CG0126411|-28|-89|CG0126412|-32|-105|CG0126412|-32|-105|CG0126413|-43|-106|CG0126413|-43|-106|CG0126414|-72|-97|CG0126414|-72|-97|CG0126415|-69|-82|CG0126415|-69|-82|CG0126415|-69|-82|CG0126415|-69|-82|CG0126416|-59|-89|CG0126416|-59|-89|CG0126417|-40|-92|CG0126417|-40|-92
268|0|6|800|10|CG0126437|-26|-77|CG0126437|-26|-77|CG0126438|-33|-78|CG0126438|-33|-78|CG0126439|-42|-74|CG0126439|-42|-74|CG0126439|-42|-74|CG0126439|-42|-74|CG0126439|-42|-74|CG0126439|-42|-74
268|0|7|1200|12|CG0125546|-17|-78|CG0125546|-17|-78|CG0125547|-19|-80|CG0125547|-19|-80|CG0125548|-20|-78|CG0125548|-20|-78|CG0125548|-20|-78|CG0125548|-20|-78|CG0125549|-36|-79|CG0125550|-43|-81|CG0125551|-42|-78|CG0125551|-42|-78
268|0|8|1000|2|CG0126432|-26|-76|CG0126433|-29|-65
268|0|9|1000|1|CG0126434|-21|-73
268|0|10|1000|8|CG0126426|-12|-76|CG0126426|-12|-76|CG0126427|-17|-60|CG0126428|-21|-48|CG0126429|-17|-57|CG0126429|-17|-57|CG0126430|-34|-63|CG0126431|-51|-44
268|1|0|1000|4|CG0126489|-17|-74|CG0126490|-17|-74|CG0126491|-17|-74|CG0126490|-17|-74
268|1|1|1000|6|CG0126494|-17|-73|CG0126495|-17|-74|CG0126496|-17|-72|CG0126497|-17|-72|CG0126498|-17|-74|CG0126499|-17|-72
268|1|2|400|1|CG0188417|-17|-71
268|1|3|600|6|CG0126464|-17|-75|CG0126465|-17|-77|CG0126466|-20|-77|CG0126467|-17|-76|CG0126468|-17|-78|CG0126469|-17|-77
268|1|4|100|1|CG0196384|-26|-58
268|1|5|1200|20|CG0126456|-23|-79|CG0126456|-23|-79|CG0126456|-23|-79|CG0126456|-23|-79|CG0126457|-21|-87|CG0126457|-21|-87|CG0126458|-20|-103|CG0126458|-20|-103|CG0126459|-20|-108|CG0126459|-20|-108|CG0126460|-16|-103|CG0126460|-16|-103|CG0126461|-16|-90|CG0126461|-16|-90|CG0126461|-16|-90|CG0126461|-16|-90|CG0126462|-16|-95|CG0126462|-16|-95|CG0126463|-18|-96|CG0126463|-18|-96
268|1|6|800|10|CG0126483|-17|-75|CG0126483|-17|-75|CG0126484|-12|-78|CG0126484|-12|-78|CG0126485|-13|-75|CG0126485|-13|-75|CG0126485|-13|-75|CG0126485|-13|-75|CG0126485|-13|-75|CG0126485|-13|-75
268|1|7|1200|12|CG0125611|-17|-74|CG0125611|-17|-74|CG0125612|-17|-78|CG0125612|-17|-78|CG0125613|-21|-79|CG0125613|-21|-79|CG0125613|-21|-79|CG0125613|-21|-79|CG0125614|-18|-79|CG0125615|-31|-83|CG0125616|-25|-83|CG0125616|-25|-83
268|1|8|1000|2|CG0126478|-21|-74|CG0126479|-33|-58
268|1|9|1000|1|CG0126480|-17|-71
268|1|10|1000|8|CG0126472|-17|-71|CG0126472|-17|-71|CG0126473|-20|-48|CG0126474|-26|-46|CG0126475|-29|-56|CG0126475|-29|-56|CG0126476|-25|-65|CG0126477|-23|-54
268|2|0|1000|4|CG0126535|-17|-78|CG0126536|-17|-78|CG0126537|-17|-78|CG0126536|-17|-78
268|2|1|1000|6|CG0126540|-20|-76|CG0126541|-19|-77|CG0126542|-21|-75|CG0126543|-19|-75|CG0126544|-20|-77|CG0126545|-24|-75
268|2|2|400|1|CG0188462|-33|-62
268|2|3|600|6|CG0126510|-20|-77|CG0126511|-20|-79|CG0126512|-23|-79|CG0126513|-20|-78|CG0126514|-22|-80|CG0126515|-29|-79
268|2|4|100|1|CG0196424|-14|-57
268|2|5|1200|20|CG0126502|-16|-80|CG0126502|-16|-80|CG0126502|-16|-80|CG0126502|-16|-80|CG0126503|-10|-89|CG0126503|-10|-89|CG0126504|-3|-99|CG0126504|-3|-99|CG0126505|4|-106|CG0126505|4|-106|CG0126506|10|-97|CG0126506|10|-97|CG0126507|15|-82|CG0126507|15|-82|CG0126507|15|-82|CG0126507|15|-82|CG0126508|15|-89|CG0126508|15|-89|CG0126509|-2|-87|CG0126509|-2|-87
268|2|6|800|10|CG0126529|-8|-77|CG0126529|-8|-77|CG0126530|-3|-76|CG0126530|-3|-76|CG0126531|-3|-70|CG0126531|-3|-70|CG0126531|-3|-70|CG0126531|-3|-70|CG0126531|-3|-70|CG0126531|-3|-70
268|2|7|1200|12|CG0125676|-17|-78|CG0125676|-17|-78|CG0125677|-13|-82|CG0125677|-13|-82|CG0125678|-15|-84|CG0125678|-15|-84|CG0125678|-15|-84|CG0125678|-15|-84|CG0125679|-6|-79|CG0125680|-7|-80|CG0125681|-12|-80|CG0125681|-12|-80
268|2|8|1000|2|CG0126524|-13|-76|CG0126525|-41|-58
268|2|9|1000|1|CG0126526|-11|-73
268|2|10|1000|8|CG0126518|-20|-75|CG0126518|-20|-75|CG0126519|-34|-51|CG0126520|-29|-47|CG0126521|-29|-57|CG0126521|-29|-57|CG0126522|-28|-61|CG0126523|-25|-47
268|3|0|1000|4|CG0126581|-13|-80|CG0126582|-13|-80|CG0126583|-13|-80|CG0126582|-13|-80
268|3|1|1000|6|CG0126586|-21|-80|CG0126587|-19|-81|CG0126588|-25|-79|CG0126589|-19|-79|CG0126590|-20|-81|CG0126591|-26|-79
268|3|2|400|1|CG0188507|-36|-53
268|3|3|600|6|CG0126556|-27|-76|CG0126557|-26|-78|CG0126558|-34|-77|CG0126559|-27|-77|CG0126560|-28|-79|CG0126561|-32|-78
268|3|4|100|1|CG0196464|-10|-51
268|3|5|1200|20|CG0126548|-22|-79|CG0126548|-22|-79|CG0126548|-22|-79|CG0126548|-22|-79|CG0126549|-13|-88|CG0126549|-13|-88|CG0126550|-11|-95|CG0126550|-11|-95|CG0126551|8|-94|CG0126551|8|-94|CG0126552|16|-76|CG0126552|16|-76|CG0126553|23|-56|CG0126553|23|-56|CG0126553|23|-56|CG0126553|23|-56|CG0126554|26|-68|CG0126554|26|-68|CG0126555|-1|-79|CG0126555|-1|-79
268|3|6|800|10|CG0126575|-21|-75|CG0126575|-21|-75|CG0126576|-23|-68|CG0126576|-23|-68|CG0126577|-19|-58|CG0126577|-19|-58|CG0126577|-19|-58|CG0126577|-19|-58|CG0126577|-19|-58|CG0126577|-19|-58
268|3|7|1200|12|CG0125741|-13|-80|CG0125741|-13|-80|CG0125742|-21|-83|CG0125742|-21|-83|CG0125743|-23|-84|CG0125743|-23|-84|CG0125743|-23|-84|CG0125743|-23|-84|CG0125744|-6|-75|CG0125745|-6|-72|CG0125746|-6|-68|CG0125746|-6|-68
268|3|8|1000|2|CG0126570|-14|-75|CG0126571|-45|-68
268|3|9|1000|1|CG0126572|-13|-72
268|3|10|1000|8|CG0126564|-31|-79|CG0126564|-31|-79|CG0126565|-37|-63|CG0126566|-31|-55|CG0126567|-21|-59|CG0126567|-21|-59|CG0126568|-21|-53|CG0126569|-20|-27
268|4|0|1000|4|CG0126627|-18|-80|CG0126628|-17|-80|CG0126629|-17|-80|CG0126628|-17|-80
268|4|1|1000|6|CG0126632|-26|-81|CG0126633|-25|-82|CG0126634|-25|-80|CG0126635|-26|-80|CG0126636|-26|-82|CG0126637|-26|-80
268|4|2|400|1|CG0188552|-25|-51
268|4|3|600|6|CG0126602|-20|-72|CG0126603|-20|-74|CG0126604|-29|-73|CG0126605|-21|-73|CG0126606|-21|-75|CG0126607|-21|-74
268|4|4|100|1|CG0196504|-21|-46
268|4|5|1200|20|CG0126594|-32|-75|CG0126594|-32|-75|CG0126594|-32|-75|CG0126594|-32|-75|CG0126595|-18|-85|CG0126595|-18|-85|CG0126596|-17|-88|CG0126596|-17|-88|CG0126597|-6|-79|CG0126597|-6|-79|CG0126598|10|-51|CG0126598|10|-51|CG0126599|16|-24|CG0126599|16|-24|CG0126599|16|-24|CG0126599|16|-24|CG0126600|14|-43|CG0126600|14|-43|CG0126601|-7|-69|CG0126601|-7|-69
268|4|6|800|10|CG0126621|-27|-71|CG0126621|-27|-71|CG0126622|-33|-59|CG0126622|-33|-59|CG0126623|-25|-48|CG0126623|-25|-48|CG0126623|-25|-48|CG0126623|-25|-48|CG0126623|-25|-48|CG0126623|-25|-48
268|4|7|1200|12|CG0125806|-16|-80|CG0125806|-16|-80|CG0125807|-30|-81|CG0125807|-30|-81|CG0125808|-22|-81|CG0125808|-22|-81|CG0125808|-22|-81|CG0125808|-22|-81|CG0125809|-12|-67|CG0125810|-10|-60|CG0125811|-10|-53|CG0125811|-10|-53
268|4|8|1000|2|CG0126616|-20|-71|CG0126617|-52|-79
268|4|9|1000|1|CG0126618|-23|-68
268|4|10|1000|8|CG0126610|-31|-81|CG0126610|-31|-81|CG0126611|-34|-71|CG0126612|-31|-61|CG0126613|-30|-59|CG0126613|-30|-59|CG0126614|-28|-42|CG0126615|-24|-21
268|5|0|1000|4|CG0126673|-17|-78|CG0126674|-16|-78|CG0126675|-16|-78|CG0126674|-16|-78
268|5|1|1000|6|CG0126678|-18|-79|CG0126679|-18|-81|CG0126680|-18|-78|CG0126681|-18|-79|CG0126682|-18|-81|CG0126683|-18|-78
268|5|2|400|1|CG0188597|-19|-60
268|5|3|600|6|CG0126648|-36|-68|CG0126649|-35|-70|CG0126650|-35|-70|CG0126651|-36|-69|CG0126652|-35|-71|CG0126653|-35|-70
268|5|4|100|1|CG0196544|-24|-45
268|5|5|1200|20|CG0126640|-24|-71|CG0126640|-24|-71|CG0126640|-24|-71|CG0126640|-24|-71|CG0126641|-24|-85|CG0126641|-24|-85|CG0126642|-24|-83|CG0126642|-24|-83|CG0126643|-21|-74|CG0126643|-21|-74|CG0126644|-18|-36|CG0126644|-18|-36|CG0126645|-18|-10|CG0126645|-18|-10|CG0126645|-18|-10|CG0126645|-18|-10|CG0126646|-17|-30|CG0126646|-17|-30|CG0126647|-17|-61|CG0126647|-17|-61
268|5|6|800|10|CG0126667|-22|-67|CG0126667|-22|-67|CG0126668|-36|-54|CG0126668|-36|-54|CG0126669|-42|-50|CG0126669|-42|-50|CG0126669|-42|-50|CG0126669|-42|-50|CG0126669|-42|-50|CG0126669|-42|-50
268|5|7|1200|12|CG0125871|-20|-78|CG0125871|-20|-78|CG0125872|-23|-79|CG0125872|-23|-79|CG0125873|-21|-80|CG0125873|-21|-80|CG0125873|-21|-80|CG0125873|-21|-80|CG0125874|-20|-61|CG0125875|-16|-52|CG0125876|-15|-43|CG0125876|-15|-43
268|5|8|1000|2|CG0126662|-23|-67|CG0126663|-38|-81
268|5|9|1000|1|CG0126664|-21|-68
268|5|10|1000|8|CG0126656|-16|-79|CG0126656|-16|-79|CG0126657|-19|-71|CG0126658|-26|-61|CG0126659|-27|-56|CG0126659|-27|-56|CG0126660|-27|-36|CG0126661|-46|-16
268|6|0|1000|4|CG0126719|-32|-80|CG0126720|-30|-80|CG0126721|-27|-80|CG0126720|-30|-80
268|6|1|1000|6|CG0126724|-25|-81|CG0126725|-26|-83|CG0126726|-26|-80|CG0126727|-25|-81|CG0126728|-25|-83|CG0126729|-25|-80
268|6|2|400|1|CG0188642|-38|-63
268|6|3|600|6|CG0126694|-33|-73|CG0126695|-34|-75|CG0126696|-34|-74|CG0126697|-33|-73|CG0126698|-32|-75|CG0126699|-31|-74
268|6|4|100|1|CG0196584|-20|-48
268|6|5|1200|20|CG0126686|-31|-75|CG0126686|-31|-75|CG0126686|-31|-75|CG0126686|-31|-75|CG0126687|-44|-89|CG0126687|-44|-89|CG0126688|-43|-89|CG0126688|-43|-89|CG0126689|-59|-80|CG0126689|-59|-80|CG0126690|-82|-51|CG0126690|-82|-51|CG0126691|-82|-24|CG0126691|-82|-24|CG0126691|-82|-24|CG0126691|-82|-24|CG0126692|-69|-43|CG0126692|-69|-43|CG0126693|-54|-69|CG0126693|-54|-69
268|6|6|800|10|CG0126713|-36|-71|CG0126713|-36|-71|CG0126714|-44|-63|CG0126714|-44|-63|CG0126715|-48|-58|CG0126715|-48|-58|CG0126715|-48|-58|CG0126715|-48|-58|CG0126715|-48|-58|CG0126715|-48|-58
268|6|7|1200|12|CG0125936|-18|-80|CG0125936|-18|-80|CG0125937|-22|-82|CG0125937|-22|-82|CG0125938|-23|-81|CG0125938|-23|-81|CG0125938|-23|-81|CG0125938|-23|-81|CG0125939|-29|-66|CG0125940|-43|-57|CG0125941|-46|-46|CG0125941|-46|-46
268|6|8|1000|2|CG0126708|-34|-71|CG0126709|-28|-79
268|6|9|1000|1|CG0126710|-26|-74
268|6|10|1000|8|CG0126702|-25|-81|CG0126702|-25|-81|CG0126703|-22|-70|CG0126704|-23|-61|CG0126705|-34|-59|CG0126705|-34|-59|CG0126706|-54|-40|CG0126707|-68|-20
268|7|0|1000|4|CG0126765|-30|-80|CG0126766|-32|-80|CG0126767|-33|-80|CG0126766|-32|-80
268|7|1|1000|6|CG0126770|-27|-80|CG0126771|-28|-81|CG0126772|-28|-79|CG0126773|-27|-79|CG0126774|-26|-81|CG0126775|-28|-79
268|7|2|400|1|CG0188687|-44|-60
268|7|3|600|6|CG0126740|-24|-76|CG0126741|-24|-78|CG0126742|-29|-78|CG0126743|-24|-77|CG0126744|-30|-79|CG0126745|-32|-77
268|7|4|100|1|CG0196624|-25|-51
268|7|5|1200|20|CG0126732|-30|-79|CG0126732|-30|-79|CG0126732|-30|-79|CG0126732|-30|-79|CG0126733|-39|-89|CG0126733|-39|-89|CG0126734|-43|-97|CG0126734|-43|-97|CG0126735|-61|-94|CG0126735|-61|-94|CG0126736|-107|-76|CG0126736|-107|-76|CG0126737|-105|-56|CG0126737|-105|-56|CG0126737|-105|-56|CG0126737|-105|-56|CG0126738|-92|-66|CG0126738|-92|-66|CG0126739|-71|-78|CG0126739|-71|-78
268|7|6|800|10|CG0126759|-32|-76|CG0126759|-32|-76|CG0126760|-39|-72|CG0126760|-39|-72|CG0126761|-54|-71|CG0126761|-54|-71|CG0126761|-54|-71|CG0126761|-54|-71|CG0126761|-54|-71|CG0126761|-54|-71
268|7|7|1200|12|CG0126001|-16|-80|CG0126001|-16|-80|CG0126002|-22|-82|CG0126002|-22|-82|CG0126003|-21|-80|CG0126003|-21|-80|CG0126003|-21|-80|CG0126003|-21|-80|CG0126004|-45|-74|CG0126005|-58|-70|CG0126006|-54|-64|CG0126006|-54|-64
268|7|8|1000|2|CG0126754|-29|-75|CG0126755|-30|-69
268|7|9|1000|1|CG0126756|-32|-75
268|7|10|1000|8|CG0126748|-22|-80|CG0126748|-22|-80|CG0126749|-19|-61|CG0126750|-22|-54|CG0126751|-33|-59|CG0126751|-33|-59|CG0126752|-51|-53|CG0126753|-69|-24
