311|0|0|1000|4|CG0143131|-18|-77|CG0143132|-22|-77|CG0143133|-29|-77|CG0143132|-22|-77
311|0|1|1000|6|CG0143136|-23|-77|CG0143137|-23|-78|CG0143138|-25|-76|CG0143139|-23|-77|CG0143140|-22|-78|CG0143141|-24|-75
311|0|2|400|1|CG0188372|-32|-70
311|0|3|650|6|CG0143106|-26|-77|CG0143107|-26|-79|CG0143108|-24|-77|CG0143109|-24|-76|CG0143110|-29|-79|CG0143111|-21|-77
311|0|4|100|1|CG0196344|-27|-55
311|0|5|1200|30|CG0143098|-18|-76|CG0143098|-18|-76|CG0143098|-18|-76|CG0143098|-18|-76|CG0143099|-20|-78|CG0143099|-20|-78|CG0143099|-20|-78|CG0143099|-20|-78|CG0143100|-19|-77|CG0143100|-19|-77|CG0143100|-19|-77|CG0143100|-19|-77|CG0143101|-26|-79|CG0143101|-26|-79|CG0143102|-50|-78|CG0143102|-50|-78|CG0143103|-63|-76|CG0143103|-63|-76|CG0143103|-63|-76|CG0143103|-63|-76|CG0143103|-63|-76|CG0143103|-63|-76|CG0143104|-41|-79|CG0143104|-41|-79|CG0143104|-41|-79|CG0143104|-41|-79|CG0143105|-21|-79|CG0143105|-21|-79|CG0143105|-21|-79|CG0143105|-21|-79
311|0|6|1000|7|CG0143125|-20|-77|CG0143125|-20|-77|CG0143125|-20|-77|CG0143125|-20|-77|CG0143126|-21|-87|CG0143127|-18|-92|CG0143127|-18|-92
311|0|7|1200|11|CG0141874|-13|-78|CG0141874|-13|-78|CG0141875|-14|-77|CG0141875|-14|-77|CG0141876|-14|-78|CG0141876|-14|-78|CG0141876|-14|-78|CG0141877|-28|-81|CG0141878|-38|-80|CG0141879|-40|-82|CG0141879|-40|-82
311|0|8|1000|2|CG0143120|-27|-92|CG0143121|-22|-99
311|0|9|1000|1|CG0143122|-55|-75
311|0|10|1500|10|CG0143114|-18|-75|CG0143114|-18|-75|CG0143115|-15|-64|CG0143116|-15|-55|CG0143117|-21|-57|CG0143117|-21|-57|CG0143117|-21|-57|CG0143118|-31|-51|CG0143119|-42|-39|CG0143119|-42|-39
311|1|0|1000|4|CG0143177|-17|-77|CG0143178|-17|-77|CG0143179|-17|-77|CG0143178|-17|-77
311|1|1|1000|6|CG0143182|-17|-76|CG0143183|-17|-77|CG0143184|-17|-75|CG0143185|-17|-77|CG0143186|-17|-78|CG0143187|-17|-75
311|1|2|400|1|CG0188417|-17|-71
311|1|3|650|6|CG0143152|-19|-77|CG0143153|-22|-80|CG0143154|-28|-78|CG0143155|-21|-77|CG0143156|-17|-80|CG0143157|-17|-77
311|1|4|100|1|CG0196384|-26|-58
311|1|5|1200|30|CG0143144|-17|-76|CG0143144|-17|-76|CG0143144|-17|-76|CG0143144|-17|-76|CG0143145|-24|-78|CG0143145|-24|-78|CG0143145|-24|-78|CG0143145|-24|-78|CG0143146|-14|-76|CG0143146|-14|-76|CG0143146|-14|-76|CG0143146|-14|-76|CG0143147|-13|-79|CG0143147|-13|-79|CG0143148|-16|-81|CG0143148|-16|-81|CG0143149|-16|-80|CG0143149|-16|-80|CG0143149|-16|-80|CG0143149|-16|-80|CG0143149|-16|-80|CG0143149|-16|-80|CG0143150|-16|-81|CG0143150|-16|-81|CG0143150|-16|-81|CG0143150|-16|-81|CG0143151|-15|-80|CG0143151|-15|-80|CG0143151|-15|-80|CG0143151|-15|-80
311|1|6|1000|7|CG0143171|-25|-76|CG0143171|-25|-76|CG0143171|-25|-76|CG0143171|-25|-76|CG0143172|-27|-79|CG0143173|-26|-89|CG0143173|-26|-89
311|1|7|1200|11|CG0141939|-11|-75|CG0141939|-11|-75|CG0141940|-8|-73|CG0141940|-8|-73|CG0141941|-5|-73|CG0141941|-5|-73|CG0141941|-5|-73|CG0141942|-12|-75|CG0141943|-22|-81|CG0141944|-28|-85|CG0141944|-28|-85
311|1|8|1000|2|CG0143166|-17|-93|CG0143167|-28|-88
311|1|9|1000|1|CG0143168|-44|-76
311|1|10|1500|10|CG0143160|-17|-75|CG0143160|-17|-75|CG0143161|-17|-63|CG0143162|-17|-54|CG0143163|-22|-57|CG0143163|-22|-57|CG0143163|-22|-57|CG0143164|-23|-53|CG0143165|-28|-44|CG0143165|-28|-44
311|2|0|1000|4|CG0143223|-19|-77|CG0143224|-16|-77|CG0143225|-17|-77|CG0143224|-16|-77
311|2|1|1000|6|CG0143228|-19|-77|CG0143229|-18|-77|CG0143230|-21|-75|CG0143231|-17|-77|CG0143232|-18|-78|CG0143233|-25|-75
311|2|2|400|1|CG0188462|-33|-62
311|2|3|650|6|CG0143198|-23|-77|CG0143199|-22|-79|CG0143200|-22|-77|CG0143201|-23|-76|CG0143202|-24|-79|CG0143203|-31|-77
311|2|4|100|1|CG0196424|-14|-57
311|2|5|1200|30|CG0143190|-40|-77|CG0143190|-40|-77|CG0143190|-40|-77|CG0143190|-40|-77|CG0143191|-37|-76|CG0143191|-37|-76|CG0143191|-37|-76|CG0143191|-37|-76|CG0143192|-24|-71|CG0143192|-24|-71|CG0143192|-24|-71|CG0143192|-24|-71|CG0143193|-16|-73|CG0143193|-16|-73|CG0143194|-8|-76|CG0143194|-8|-76|CG0143195|-9|-74|CG0143195|-9|-74|CG0143195|-9|-74|CG0143195|-9|-74|CG0143195|-9|-74|CG0143195|-9|-74|CG0143196|-8|-77|CG0143196|-8|-77|CG0143196|-8|-77|CG0143196|-8|-77|CG0143197|-27|-78|CG0143197|-27|-78|CG0143197|-27|-78|CG0143197|-27|-78
311|2|6|1000|7|CG0143217|-28|-77|CG0143217|-28|-77|CG0143217|-28|-77|CG0143217|-28|-77|CG0143218|-29|-76|CG0143219|-22|-79|CG0143219|-22|-79
311|2|7|1200|11|CG0142004|-15|-74|CG0142004|-15|-74|CG0142005|-15|-71|CG0142005|-15|-71|CG0142006|-14|-67|CG0142006|-14|-67|CG0142006|-14|-67|CG0142007|-6|-69|CG0142008|-4|-78|CG0142009|-7|-82|CG0142009|-7|-82
311|2|8|1000|2|CG0143212|-14|-80|CG0143213|-35|-81
311|2|9|1000|1|CG0143214|-16|-75
311|2|10|1500|10|CG0143206|-19|-75|CG0143206|-19|-75|CG0143207|-25|-64|CG0143208|-25|-55|CG0143209|-25|-55|CG0143209|-25|-55|CG0143209|-25|-55|CG0143210|-35|-49|CG0143211|-37|-39|CG0143211|-37|-39
311|3|0|1000|4|CG0143269|-32|-78|CG0143270|-31|-78|CG0143271|-28|-78|CG0143270|-31|-78
311|3|1|1000|6|CG0143274|-36|-78|CG0143275|-35|-79|CG0143276|-35|-76|CG0143277|-36|-78|CG0143278|-37|-80|CG0143279|-37|-77
311|3|2|400|1|CG0188507|-36|-53
311|3|3|650|6|CG0143244|-24|-76|CG0143245|-26|-79|CG0143246|-32|-76|CG0143247|-24|-76|CG0143248|-26|-79|CG0143249|-34|-77
311|3|4|100|1|CG0196464|-10|-51
311|3|5|1200|30|CG0143236|-41|-78|CG0143236|-41|-78|CG0143236|-41|-78|CG0143236|-41|-78|CG0143237|-30|-74|CG0143237|-30|-74|CG0143237|-30|-74|CG0143237|-30|-74|CG0143238|-24|-74|CG0143238|-24|-74|CG0143238|-24|-74|CG0143238|-24|-74|CG0143239|-35|-66|CG0143239|-35|-66|CG0143240|-15|-66|CG0143240|-15|-66|CG0143241|-15|-63|CG0143241|-15|-63|CG0143241|-15|-63|CG0143241|-15|-63|CG0143241|-15|-63|CG0143241|-15|-63|CG0143242|-15|-69|CG0143242|-15|-69|CG0143242|-15|-69|CG0143242|-15|-69|CG0143243|-34|-74|CG0143243|-34|-74|CG0143243|-34|-74|CG0143243|-34|-74
311|3|6|1000|7|CG0143263|-54|-76|CG0143263|-54|-76|CG0143263|-54|-76|CG0143263|-54|-76|CG0143264|-42|-77|CG0143265|-46|-78|CG0143265|-46|-78
311|3|7|1200|11|CG0142069|-20|-74|CG0142069|-20|-74|CG0142070|-27|-71|CG0142070|-27|-71|CG0142071|-33|-66|CG0142071|-33|-66|CG0142071|-33|-66|CG0142072|-25|-64|CG0142073|-8|-72|CG0142074|-8|-74|CG0142074|-8|-74
311|3|8|1000|2|CG0143258|-15|-68|CG0143259|-43|-81
311|3|9|1000|1|CG0143260|-11|-70
311|3|10|1500|10|CG0143252|-31|-77|CG0143252|-31|-77|CG0143253|-38|-68|CG0143254|-41|-59|CG0143255|-41|-52|CG0143255|-41|-52|CG0143255|-41|-52|CG0143256|-41|-39|CG0143257|-41|-26|CG0143257|-41|-26
311|4|0|1000|4|CG0143315|-28|-78|CG0143316|-30|-78|CG0143317|-32|-78|CG0143316|-30|-78
311|4|1|1000|6|CG0143320|-36|-78|CG0143321|-35|-79|CG0143322|-35|-77|CG0143323|-36|-79|CG0143324|-36|-80|CG0143325|-36|-77
311|4|2|400|1|CG0188552|-25|-51
311|4|3|650|6|CG0143290|-37|-74|CG0143291|-37|-77|CG0143292|-37|-75|CG0143293|-37|-74|CG0143294|-38|-77|CG0143295|-38|-75
311|4|4|100|1|CG0196504|-21|-46
311|4|5|1200|30|CG0143282|-20|-78|CG0143282|-20|-78|CG0143282|-20|-78|CG0143282|-20|-78|CG0143283|-57|-72|CG0143283|-57|-72|CG0143283|-57|-72|CG0143283|-57|-72|CG0143284|-60|-79|CG0143284|-60|-79|CG0143284|-60|-79|CG0143284|-60|-79|CG0143285|-35|-62|CG0143285|-35|-62|CG0143286|-18|-56|CG0143286|-18|-56|CG0143287|-18|-51|CG0143287|-18|-51|CG0143287|-18|-51|CG0143287|-18|-51|CG0143287|-18|-51|CG0143287|-18|-51|CG0143288|-21|-62|CG0143288|-21|-62|CG0143288|-21|-62|CG0143288|-21|-62|CG0143289|-22|-71|CG0143289|-22|-71|CG0143289|-22|-71|CG0143289|-22|-71
311|4|6|1000|7|CG0143309|-49|-74|CG0143309|-49|-74|CG0143309|-49|-74|CG0143309|-49|-74|CG0143310|-31|-78|CG0143311|-50|-80|CG0143311|-50|-80
311|4|7|1200|11|CG0142134|-23|-76|CG0142134|-23|-76|CG0142135|-32|-75|CG0142135|-32|-75|CG0142136|-34|-69|CG0142136|-34|-69|CG0142136|-34|-69|CG0142137|-40|-66|CG0142138|-16|-66|CG0142139|-16|-65|CG0142139|-16|-65
311|4|8|1000|2|CG0143304|-14|-62|CG0143305|-34|-90
311|4|9|1000|1|CG0143306|-15|-65
311|4|10|1500|10|CG0143298|-29|-78|CG0143298|-29|-78|CG0143299|-30|-72|CG0143300|-35|-62|CG0143301|-36|-49|CG0143301|-36|-49|CG0143301|-36|-49|CG0143302|-36|-30|CG0143303|-35|-25|CG0143303|-35|-25
311|5|0|1000|4|CG0143361|-27|-77|CG0143362|-19|-77|CG0143363|-19|-77|CG0143362|-19|-77
311|5|1|1000|6|CG0143366|-18|-78|CG0143367|-18|-79|CG0143368|-18|-77|CG0143369|-18|-79|CG0143370|-18|-80|CG0143371|-18|-77
311|5|2|400|1|CG0188597|-19|-60
311|5|3|650|6|CG0143336|-60|-74|CG0143337|-60|-76|CG0143338|-60|-74|CG0143339|-60|-73|CG0143340|-60|-76|CG0143341|-59|-74
311|5|4|100|1|CG0196544|-24|-45
311|5|5|1200|30|CG0143328|-41|-78|CG0143328|-41|-78|CG0143328|-41|-78|CG0143328|-41|-78|CG0143329|-53|-73|CG0143329|-53|-73|CG0143329|-53|-73|CG0143329|-53|-73|CG0143330|-60|-78|CG0143330|-60|-78|CG0143330|-60|-78|CG0143330|-60|-78|CG0143331|-40|-63|CG0143331|-40|-63|CG0143332|-21|-54|CG0143332|-21|-54|CG0143333|-20|-47|CG0143333|-20|-47|CG0143333|-20|-47|CG0143333|-20|-47|CG0143333|-20|-47|CG0143333|-20|-47|CG0143334|-20|-61|CG0143334|-20|-61|CG0143334|-20|-61|CG0143334|-20|-61|CG0143335|-39|-72|CG0143335|-39|-72|CG0143335|-39|-72|CG0143335|-39|-72
311|5|6|1000|7|CG0143355|-26|-74|CG0143355|-26|-74|CG0143355|-26|-74|CG0143355|-26|-74|CG0143356|-35|-78|CG0143357|-28|-80|CG0143357|-28|-80
311|5|7|1200|11|CG0142199|-26|-79|CG0142199|-26|-79|CG0142200|-26|-79|CG0142200|-26|-79|CG0142201|-32|-76|CG0142201|-32|-76|CG0142201|-32|-76|CG0142202|-35|-72|CG0142203|-37|-65|CG0142204|-20|-61|CG0142204|-20|-61
311|5|8|1000|2|CG0143350|-21|-59|CG0143351|-30|-101
311|5|9|1000|1|CG0143352|-36|-64
311|5|10|1500|10|CG0143344|-22|-78|CG0143344|-22|-78|CG0143345|-28|-74|CG0143346|-28|-63|CG0143347|-36|-50|CG0143347|-36|-50|CG0143347|-36|-50|CG0143348|-37|-28|CG0143349|-51|-28|CG0143349|-51|-28
311|6|0|1000|4|CG0143407|-50|-78|CG0143408|-47|-78|CG0143409|-43|-78|CG0143408|-47|-78
311|6|1|1000|6|CG0143412|-42|-78|CG0143413|-43|-80|CG0143414|-44|-77|CG0143415|-42|-79|CG0143416|-42|-80|CG0143417|-41|-77
311|6|2|400|1|CG0188642|-38|-63
311|6|3|650|6|CG0143382|-48|-75|CG0143383|-48|-77|CG0143384|-49|-75|CG0143385|-47|-74|CG0143386|-47|-77|CG0143387|-47|-75
311|6|4|100|1|CG0196584|-20|-48
311|6|5|1200|30|CG0143374|-41|-77|CG0143374|-41|-77|CG0143374|-41|-77|CG0143374|-41|-77|CG0143375|-24|-76|CG0143375|-24|-76|CG0143375|-24|-76|CG0143375|-24|-76|CG0143376|-32|-71|CG0143376|-32|-71|CG0143376|-32|-71|CG0143376|-32|-71|CG0143377|-57|-68|CG0143377|-57|-68|CG0143378|-67|-59|CG0143378|-67|-59|CG0143379|-68|-54|CG0143379|-68|-54|CG0143379|-68|-54|CG0143379|-68|-54|CG0143379|-68|-54|CG0143379|-68|-54|CG0143380|-53|-65|CG0143380|-53|-65|CG0143380|-53|-65|CG0143380|-53|-65|CG0143381|-52|-74|CG0143381|-52|-74|CG0143381|-52|-74|CG0143381|-52|-74
311|6|6|1000|7|CG0143401|-37|-74|CG0143401|-37|-74|CG0143401|-37|-74|CG0143401|-37|-74|CG0143402|-40|-78|CG0143403|-37|-80|CG0143403|-37|-80
311|6|7|1200|11|CG0142264|-26|-81|CG0142264|-26|-81|CG0142265|-27|-82|CG0142265|-27|-82|CG0142266|-32|-80|CG0142266|-32|-80|CG0142266|-32|-80|CG0142267|-32|-79|CG0142268|-47|-68|CG0142269|-33|-65|CG0142269|-33|-65
311|6|8|1000|2|CG0143396|-55|-63|CG0143397|-30|-108
311|6|9|1000|1|CG0143398|-37|-66
311|6|10|1500|10|CG0143390|-48|-78|CG0143390|-48|-78|CG0143391|-45|-73|CG0143392|-45|-62|CG0143393|-60|-52|CG0143393|-60|-52|CG0143393|-60|-52|CG0143394|-66|-32|CG0143395|-75|-26|CG0143395|-75|-26
311|7|0|1000|4|CG0143453|-44|-78|CG0143454|-48|-78|CG0143455|-50|-78|CG0143454|-48|-78
311|7|1|1000|6|CG0143458|-45|-78|CG0143459|-46|-79|CG0143460|-46|-77|CG0143461|-45|-78|CG0143462|-44|-79|CG0143463|-44|-76
311|7|2|400|1|CG0188687|-44|-60
311|7|3|650|6|CG0143428|-20|-76|CG0143429|-19|-79|CG0143430|-27|-77|CG0143431|-19|-76|CG0143432|-26|-79|CG0143433|-27|-76
311|7|4|100|1|CG0196624|-25|-51
311|7|5|1200|30|CG0143420|-21|-77|CG0143420|-21|-77|CG0143420|-21|-77|CG0143420|-21|-77|CG0143421|-28|-78|CG0143421|-28|-78|CG0143421|-28|-78|CG0143421|-28|-78|CG0143422|-34|-76|CG0143422|-34|-76|CG0143422|-34|-76|CG0143422|-34|-76|CG0143423|-41|-75|CG0143423|-41|-75|CG0143424|-81|-70|CG0143424|-81|-70|CG0143425|-92|-66|CG0143425|-92|-66|CG0143425|-92|-66|CG0143425|-92|-66|CG0143425|-92|-66|CG0143425|-92|-66|CG0143426|-61|-73|CG0143426|-61|-73|CG0143426|-61|-73|CG0143426|-61|-73|CG0143427|-28|-77|CG0143427|-28|-77|CG0143427|-28|-77|CG0143427|-28|-77
311|7|6|1000|7|CG0143447|-28|-76|CG0143447|-28|-76|CG0143447|-28|-76|CG0143447|-28|-76|CG0143448|-23|-84|CG0143449|-30|-86|CG0143449|-30|-86
311|7|7|1200|11|CG0142329|-19|-80|CG0142329|-19|-80|CG0142330|-17|-81|CG0142330|-17|-81|CG0142331|-21|-81|CG0142331|-21|-81|CG0142331|-21|-81|CG0142332|-33|-83|CG0142333|-43|-75|CG0142334|-49|-74|CG0142334|-49|-74
311|7|8|1000|2|CG0143442|-56|-77|CG0143443|-28|-107
311|7|9|1000|1|CG0143444|-36|-71
311|7|10|1500|10|CG0143436|-45|-77|CG0143436|-45|-77|CG0143437|-36|-69|CG0143438|-35|-59|CG0143439|-49|-55|CG0143439|-49|-55|CG0143439|-49|-55|CG0143440|-57|-42|CG0143441|-55|-26|CG0143441|-55|-26
