245|0|0|1200|4|CG0117388|-30|-71|CG0117389|-28|-71|CG0117390|-25|-71|CG0117389|-28|-71
245|0|1|1000|6|CG0117393|-29|-72|CG0117394|-29|-73|CG0117395|-29|-70|CG0117396|-29|-72|CG0117397|-29|-73|CG0117398|-29|-71
245|0|2|400|1|CG0188372|-32|-70
245|0|3|600|6|CG0117362|-19|-72|CG0117363|-19|-75|CG0117364|-19|-73|CG0117365|-19|-72|CG0117366|-19|-75|CG0117367|-21|-73
245|0|4|100|1|CG0196344|-27|-55
245|0|5|1500|38|CG0117354|-14|-71|CG0117354|-14|-71|CG0117354|-14|-71|CG0117354|-14|-71|CG0117355|-19|-74|CG0117355|-19|-74|CG0117355|-19|-74|CG0117355|-19|-74|CG0117356|-22|-74|CG0117356|-22|-74|CG0117356|-22|-74|CG0117356|-22|-74|CG0117356|-22|-74|CG0117356|-22|-74|CG0117356|-22|-74|CG0117356|-22|-74|CG0117357|-39|-74|CG0117357|-39|-74|CG0117358|-49|-76|CG0117358|-49|-76|CG0117359|-46|-90|CG0117359|-46|-90|CG0117359|-46|-90|CG0117359|-46|-90|CG0117359|-46|-90|CG0117359|-46|-90|CG0117359|-46|-90|CG0117359|-46|-90|CG0117359|-46|-90|CG0117359|-46|-90|CG0117360|-20|-91|CG0117360|-20|-91|CG0117360|-20|-91|CG0117360|-20|-91|CG0117361|-26|-72|CG0117361|-26|-72|CG0117361|-26|-72|CG0117361|-26|-72
245|0|6|1500|13|CG0117381|-27|-73|CG0117381|-27|-73|CG0117382|-33|-75|CG0117382|-33|-75|CG0117382|-33|-75|CG0117382|-33|-75|CG0117383|-34|-72|CG0117383|-34|-72|CG0117384|-36|-73|CG0117384|-36|-73|CG0117384|-36|-73|CG0117384|-36|-73|CG0117384|-36|-73
245|0|7|1200|12|CG0116123|-24|-70|CG0116123|-24|-70|CG0116124|-24|-69|CG0116124|-24|-69|CG0116125|-18|-68|CG0116125|-18|-68|CG0116125|-18|-68|CG0116126|-32|-69|CG0116126|-32|-69|CG0116127|-36|-73|CG0116128|-47|-74|CG0116128|-47|-74
245|0|8|1000|2|CG0117376|-29|-73|CG0117377|-19|-51
245|0|9|1000|1|CG0117378|-42|-69
245|0|10|1500|16|CG0117370|-21|-72|CG0117370|-21|-72|CG0117371|-19|-64|CG0117371|-19|-64|CG0117372|-15|-52|CG0117372|-15|-52|CG0117372|-15|-52|CG0117372|-15|-52|CG0117372|-15|-52|CG0117373|-23|-48|CG0117373|-23|-48|CG0117374|-30|-51|CG0117374|-30|-51|CG0117375|-65|-34|CG0117375|-65|-34|CG0117375|-65|-34
245|1|0|1200|4|CG0117435|-31|-71|CG0117436|-32|-71|CG0117437|-33|-71|CG0117436|-32|-71
245|1|1|1000|6|CG0117440|-31|-71|CG0117441|-32|-73|CG0117442|-31|-70|CG0117443|-31|-71|CG0117444|-31|-72|CG0117445|-31|-70
245|1|2|400|1|CG0188417|-17|-71
245|1|3|600|6|CG0117409|-20|-73|CG0117410|-20|-76|CG0117411|-20|-74|CG0117412|-20|-73|CG0117413|-20|-76|CG0117414|-20|-74
245|1|4|100|1|CG0196384|-26|-58
245|1|5|1500|38|CG0117401|-19|-71|CG0117401|-19|-71|CG0117401|-19|-71|CG0117401|-19|-71|CG0117402|-19|-75|CG0117402|-19|-75|CG0117402|-19|-75|CG0117402|-19|-75|CG0117403|-20|-75|CG0117403|-20|-75|CG0117403|-20|-75|CG0117403|-20|-75|CG0117403|-20|-75|CG0117403|-20|-75|CG0117403|-20|-75|CG0117403|-20|-75|CG0117404|-20|-74|CG0117404|-20|-74|CG0117405|-15|-81|CG0117405|-15|-81|CG0117406|-27|-105|CG0117406|-27|-105|CG0117406|-27|-105|CG0117406|-27|-105|CG0117406|-27|-105|CG0117406|-27|-105|CG0117406|-27|-105|CG0117406|-27|-105|CG0117406|-27|-105|CG0117406|-27|-105|CG0117407|-22|-89|CG0117407|-22|-89|CG0117407|-22|-89|CG0117407|-22|-89|CG0117408|-20|-72|CG0117408|-20|-72|CG0117408|-20|-72|CG0117408|-20|-72
245|1|6|1500|13|CG0117428|-29|-72|CG0117428|-29|-72|CG0117429|-29|-75|CG0117429|-29|-75|CG0117429|-29|-75|CG0117429|-29|-75|CG0117430|-28|-72|CG0117430|-28|-72|CG0117431|-28|-71|CG0117431|-28|-71|CG0117431|-28|-71|CG0117431|-28|-71|CG0117431|-28|-71
245|1|7|1200|12|CG0116189|-21|-70|CG0116189|-21|-70|CG0116190|-20|-68|CG0116190|-20|-68|CG0116191|-16|-64|CG0116191|-16|-64|CG0116191|-16|-64|CG0116192|-16|-68|CG0116192|-16|-68|CG0116193|-26|-78|CG0116194|-26|-83|CG0116194|-26|-83
245|1|8|1000|2|CG0117423|-29|-75|CG0117424|-35|-46
245|1|9|1000|1|CG0117425|-32|-70
245|1|10|1500|16|CG0117417|-29|-71|CG0117417|-29|-71|CG0117418|-30|-63|CG0117418|-30|-63|CG0117419|-30|-52|CG0117419|-30|-52|CG0117419|-30|-52|CG0117419|-30|-52|CG0117419|-30|-52|CG0117420|-30|-48|CG0117420|-30|-48|CG0117421|-27|-56|CG0117421|-27|-56|CG0117422|-22|-42|CG0117422|-22|-42|CG0117422|-22|-42
245|2|0|1200|4|CG0117482|-22|-73|CG0117483|-22|-73|CG0117484|-23|-73|CG0117483|-22|-73
245|2|1|1000|6|CG0117487|-19|-72|CG0117488|-19|-73|CG0117489|-19|-70|CG0117490|-20|-72|CG0117491|-19|-73|CG0117492|-22|-71
245|2|2|400|1|CG0188462|-33|-62
245|2|3|600|6|CG0117456|-19|-74|CG0117457|-21|-77|CG0117458|-30|-74|CG0117459|-20|-74|CG0117460|-17|-77|CG0117461|-21|-74
245|2|4|100|1|CG0196424|-14|-57
245|2|5|1500|38|CG0117448|-39|-71|CG0117448|-39|-71|CG0117448|-39|-71|CG0117448|-39|-71|CG0117449|-35|-74|CG0117449|-35|-74|CG0117449|-35|-74|CG0117449|-35|-74|CG0117450|-24|-73|CG0117450|-24|-73|CG0117450|-24|-73|CG0117450|-24|-73|CG0117450|-24|-73|CG0117450|-24|-73|CG0117450|-24|-73|CG0117450|-24|-73|CG0117451|-17|-71|CG0117451|-17|-71|CG0117452|-13|-75|CG0117452|-13|-75|CG0117453|-11|-108|CG0117453|-11|-108|CG0117453|-11|-108|CG0117453|-11|-108|CG0117453|-11|-108|CG0117453|-11|-108|CG0117453|-11|-108|CG0117453|-11|-108|CG0117453|-11|-108|CG0117453|-11|-108|CG0117454|-14|-75|CG0117454|-14|-75|CG0117454|-14|-75|CG0117454|-14|-75|CG0117455|-18|-73|CG0117455|-18|-73|CG0117455|-18|-73|CG0117455|-18|-73
245|2|6|1500|13|CG0117475|-21|-73|CG0117475|-21|-73|CG0117476|-22|-75|CG0117476|-22|-75|CG0117476|-22|-75|CG0117476|-22|-75|CG0117477|-20|-72|CG0117477|-20|-72|CG0117478|-20|-71|CG0117478|-20|-71|CG0117478|-20|-71|CG0117478|-20|-71|CG0117478|-20|-71
245|2|7|1200|12|CG0116255|-20|-71|CG0116255|-20|-71|CG0116256|-22|-68|CG0116256|-22|-68|CG0116257|-22|-63|CG0116257|-22|-63|CG0116257|-22|-63|CG0116258|-13|-65|CG0116258|-13|-65|CG0116259|-8|-77|CG0116260|-13|-81|CG0116260|-13|-81
245|2|8|1000|2|CG0117470|-25|-73|CG0117471|-35|-51
245|2|9|1000|1|CG0117472|-26|-68
245|2|10|1500|16|CG0117464|-20|-72|CG0117464|-20|-72|CG0117465|-24|-65|CG0117465|-24|-65|CG0117466|-30|-56|CG0117466|-30|-56|CG0117466|-30|-56|CG0117466|-30|-56|CG0117466|-30|-56|CG0117467|-28|-52|CG0117467|-28|-52|CG0117468|-31|-59|CG0117468|-31|-59|CG0117469|-30|-41|CG0117469|-30|-41|CG0117469|-30|-41
245|3|0|1200|4|CG0117529|-17|-75|CG0117530|-17|-75|CG0117531|-17|-74|CG0117530|-17|-75
245|3|1|1000|6|CG0117534|-18|-73|CG0117535|-17|-74|CG0117536|-24|-71|CG0117537|-18|-73|CG0117538|-18|-74|CG0117539|-23|-71
245|3|2|400|1|CG0188507|-36|-53
245|3|3|600|6|CG0117503|-50|-72|CG0117504|-51|-75|CG0117505|-50|-72|CG0117506|-50|-72|CG0117507|-51|-75|CG0117508|-50|-72
245|3|4|100|1|CG0196464|-10|-51
245|3|5|1500|38|CG0117495|-59|-71|CG0117495|-59|-71|CG0117495|-59|-71|CG0117495|-59|-71|CG0117496|-51|-70|CG0117496|-51|-70|CG0117496|-51|-70|CG0117496|-51|-70|CG0117497|-43|-68|CG0117497|-43|-68|CG0117497|-43|-68|CG0117497|-43|-68|CG0117497|-43|-68|CG0117497|-43|-68|CG0117497|-43|-68|CG0117497|-43|-68|CG0117498|-13|-64|CG0117498|-13|-64|CG0117499|-8|-70|CG0117499|-8|-70|CG0117500|-7|-99|CG0117500|-7|-99|CG0117500|-7|-99|CG0117500|-7|-99|CG0117500|-7|-99|CG0117500|-7|-99|CG0117500|-7|-99|CG0117500|-7|-99|CG0117500|-7|-99|CG0117500|-7|-99|CG0117501|-11|-72|CG0117501|-11|-72|CG0117501|-11|-72|CG0117501|-11|-72|CG0117502|-38|-72|CG0117502|-38|-72|CG0117502|-38|-72|CG0117502|-38|-72
245|3|6|1500|13|CG0117522|-16|-73|CG0117522|-16|-73|CG0117523|-17|-72|CG0117523|-17|-72|CG0117523|-17|-72|CG0117523|-17|-72|CG0117524|-17|-73|CG0117524|-17|-73|CG0117525|-18|-73|CG0117525|-18|-73|CG0117525|-18|-73|CG0117525|-18|-73|CG0117525|-18|-73
245|3|7|1200|12|CG0116321|-17|-72|CG0116321|-17|-72|CG0116322|-21|-70|CG0116322|-21|-70|CG0116323|-36|-67|CG0116323|-36|-67|CG0116323|-36|-67|CG0116324|-19|-64|CG0116324|-19|-64|CG0116325|-9|-71|CG0116326|-14|-70|CG0116326|-14|-70
245|3|8|1000|2|CG0117517|-20|-68|CG0117518|-45|-63
245|3|9|1000|1|CG0117519|-23|-61
245|3|10|1500|16|CG0117511|-17|-73|CG0117511|-17|-73|CG0117512|-22|-68|CG0117512|-22|-68|CG0117513|-29|-61|CG0117513|-29|-61|CG0117513|-29|-61|CG0117513|-29|-61|CG0117513|-29|-61|CG0117514|-29|-57|CG0117514|-29|-57|CG0117515|-30|-58|CG0117515|-30|-58|CG0117516|-29|-29|CG0117516|-29|-29|CG0117516|-29|-29
245|4|0|1200|4|CG0117576|-35|-75|CG0117577|-28|-75|CG0117578|-19|-75|CG0117577|-28|-75
245|4|1|1000|6|CG0117581|-31|-74|CG0117582|-32|-75|CG0117583|-32|-72|CG0117584|-32|-74|CG0117585|-31|-75|CG0117586|-31|-73
245|4|2|400|1|CG0188552|-25|-51
245|4|3|600|6|CG0117550|-53|-68|CG0117551|-53|-71|CG0117552|-53|-68|CG0117553|-53|-68|CG0117554|-53|-71|CG0117555|-53|-68
245|4|4|100|1|CG0196504|-21|-46
245|4|5|1500|38|CG0117542|-45|-71|CG0117542|-45|-71|CG0117542|-45|-71|CG0117542|-45|-71|CG0117543|-38|-66|CG0117543|-38|-66|CG0117543|-38|-66|CG0117543|-38|-66|CG0117544|-37|-70|CG0117544|-37|-70|CG0117544|-37|-70|CG0117544|-37|-70|CG0117544|-37|-70|CG0117544|-37|-70|CG0117544|-37|-70|CG0117544|-37|-70|CG0117545|-30|-59|CG0117545|-30|-59|CG0117546|-7|-64|CG0117546|-7|-64|CG0117547|-6|-83|CG0117547|-6|-83|CG0117547|-6|-83|CG0117547|-6|-83|CG0117547|-6|-83|CG0117547|-6|-83|CG0117547|-6|-83|CG0117547|-6|-83|CG0117547|-6|-83|CG0117547|-6|-83|CG0117548|-11|-70|CG0117548|-11|-70|CG0117548|-11|-70|CG0117548|-11|-70|CG0117549|-56|-71|CG0117549|-56|-71|CG0117549|-56|-71|CG0117549|-56|-71
245|4|6|1500|13|CG0117569|-32|-73|CG0117569|-32|-73|CG0117570|-26|-69|CG0117570|-26|-69|CG0117570|-26|-69|CG0117570|-26|-69|CG0117571|-24|-74|CG0117571|-24|-74|CG0117572|-26|-74|CG0117572|-26|-74|CG0117572|-26|-74|CG0117572|-26|-74|CG0117572|-26|-74
245|4|7|1200|12|CG0116387|-18|-73|CG0116387|-18|-73|CG0116388|-25|-73|CG0116388|-25|-73|CG0116389|-35|-72|CG0116389|-35|-72|CG0116389|-35|-72|CG0116390|-26|-64|CG0116390|-26|-64|CG0116391|-12|-61|CG0116392|-22|-54|CG0116392|-22|-54
245|4|8|1000|2|CG0117564|-25|-64|CG0117565|-34|-74
245|4|9|1000|1|CG0117566|-26|-55
245|4|10|1500|16|CG0117558|-20|-74|CG0117558|-20|-74|CG0117559|-22|-71|CG0117559|-22|-71|CG0117560|-24|-65|CG0117560|-24|-65|CG0117560|-24|-65|CG0117560|-24|-65|CG0117560|-24|-65|CG0117561|-21|-62|CG0117561|-21|-62|CG0117562|-24|-53|CG0117562|-24|-53|CG0117563|-17|-26|CG0117563|-17|-26|CG0117563|-17|-26
245|5|0|1200|4|CG0117623|-51|-74|CG0117624|-50|-74|CG0117625|-48|-74|CG0117624|-50|-74
245|5|1|1000|6|CG0117628|-51|-74|CG0117629|-52|-75|CG0117630|-51|-73|CG0117631|-52|-74|CG0117632|-51|-75|CG0117633|-51|-73
245|5|2|400|1|CG0188597|-19|-60
245|5|3|600|6|CG0117597|-27|-69|CG0117598|-27|-71|CG0117599|-27|-69|CG0117600|-27|-69|CG0117601|-27|-71|CG0117602|-27|-69
245|5|4|100|1|CG0196544|-24|-45
245|5|5|1500|38|CG0117589|-13|-71|CG0117589|-13|-71|CG0117589|-13|-71|CG0117589|-13|-71|CG0117590|-16|-72|CG0117590|-16|-72|CG0117590|-16|-72|CG0117590|-16|-72|CG0117591|-18|-79|CG0117591|-18|-79|CG0117591|-18|-79|CG0117591|-18|-79|CG0117591|-18|-79|CG0117591|-18|-79|CG0117591|-18|-79|CG0117591|-18|-79|CG0117592|-39|-58|CG0117592|-39|-58|CG0117593|-19|-62|CG0117593|-19|-62|CG0117594|-18|-68|CG0117594|-18|-68|CG0117594|-18|-68|CG0117594|-18|-68|CG0117594|-18|-68|CG0117594|-18|-68|CG0117594|-18|-68|CG0117594|-18|-68|CG0117594|-18|-68|CG0117594|-18|-68|CG0117595|-30|-68|CG0117595|-30|-68|CG0117595|-30|-68|CG0117595|-30|-68|CG0117596|-42|-70|CG0117596|-42|-70|CG0117596|-42|-70|CG0117596|-42|-70
245|5|6|1500|13|CG0117616|-54|-73|CG0117616|-54|-73|CG0117617|-53|-68|CG0117617|-53|-68|CG0117617|-53|-68|CG0117617|-53|-68|CG0117618|-53|-74|CG0117618|-53|-74|CG0117619|-55|-74|CG0117619|-55|-74|CG0117619|-55|-74|CG0117619|-55|-74|CG0117619|-55|-74
245|5|7|1200|12|CG0116453|-16|-73|CG0116453|-16|-73|CG0116454|-17|-75|CG0116454|-17|-75|CG0116455|-18|-77|CG0116455|-18|-77|CG0116455|-18|-77|CG0116456|-20|-66|CG0116456|-20|-66|CG0116457|-20|-55|CG0116458|-20|-44|CG0116458|-20|-44
245|5|8|1000|2|CG0117611|-48|-62|CG0117612|-27|-78
245|5|9|1000|1|CG0117613|-51|-53
245|5|10|1500|16|CG0117605|-40|-74|CG0117605|-40|-74|CG0117606|-40|-71|CG0117606|-40|-71|CG0117607|-39|-65|CG0117607|-39|-65|CG0117607|-39|-65|CG0117607|-39|-65|CG0117607|-39|-65|CG0117608|-43|-62|CG0117608|-43|-62|CG0117609|-26|-48|CG0117609|-26|-48|CG0117610|-20|-21|CG0117610|-20|-21|CG0117610|-20|-21
245|6|0|1200|4|CG0117670|-37|-72|CG0117671|-43|-73|CG0117672|-48|-73|CG0117671|-43|-73
245|6|1|1000|6|CG0117675|-41|-74|CG0117676|-41|-75|CG0117677|-41|-72|CG0117678|-41|-74|CG0117679|-41|-75|CG0117680|-41|-73
245|6|2|400|1|CG0188642|-38|-63
245|6|3|600|6|CG0117644|-22|-70|CG0117645|-22|-73|CG0117646|-22|-71|CG0117647|-22|-70|CG0117648|-22|-73|CG0117649|-22|-71
245|6|4|100|1|CG0196584|-20|-48
245|6|5|1500|38|CG0117636|-24|-71|CG0117636|-24|-71|CG0117636|-24|-71|CG0117636|-24|-71|CG0117637|-27|-66|CG0117637|-27|-66|CG0117637|-27|-66|CG0117637|-27|-66|CG0117638|-27|-76|CG0117638|-27|-76|CG0117638|-27|-76|CG0117638|-27|-76|CG0117638|-27|-76|CG0117638|-27|-76|CG0117638|-27|-76|CG0117638|-27|-76|CG0117639|-28|-63|CG0117639|-28|-63|CG0117640|-56|-65|CG0117640|-56|-65|CG0117641|-29|-66|CG0117641|-29|-66|CG0117641|-29|-66|CG0117641|-29|-66|CG0117641|-29|-66|CG0117641|-29|-66|CG0117641|-29|-66|CG0117641|-29|-66|CG0117641|-29|-66|CG0117641|-29|-66|CG0117642|-56|-68|CG0117642|-56|-68|CG0117642|-56|-68|CG0117642|-56|-68|CG0117643|-14|-70|CG0117643|-14|-70|CG0117643|-14|-70|CG0117643|-14|-70
245|6|6|1500|13|CG0117663|-44|-73|CG0117663|-44|-73|CG0117664|-49|-68|CG0117664|-49|-68|CG0117664|-49|-68|CG0117664|-49|-68|CG0117665|-52|-74|CG0117665|-52|-74|CG0117666|-50|-74|CG0117666|-50|-74|CG0117666|-50|-74|CG0117666|-50|-74|CG0117666|-50|-74
245|6|7|1200|12|CG0116519|-13|-72|CG0116519|-13|-72|CG0116520|-15|-75|CG0116520|-15|-75|CG0116521|-22|-76|CG0116521|-22|-76|CG0116521|-22|-76|CG0116522|-22|-68|CG0116522|-22|-68|CG0116523|-43|-56|CG0116524|-33|-46|CG0116524|-33|-46
245|6|8|1000|2|CG0117658|-52|-64|CG0117659|-40|-74
245|6|9|1000|1|CG0117660|-53|-55
245|6|10|1500|16|CG0117652|-45|-74|CG0117652|-45|-74|CG0117653|-47|-69|CG0117653|-47|-69|CG0117654|-50|-61|CG0117654|-50|-61|CG0117654|-50|-61|CG0117654|-50|-61|CG0117654|-50|-61|CG0117655|-55|-58|CG0117655|-55|-58|CG0117656|-66|-44|CG0117656|-66|-44|CG0117657|-53|-19|CG0117657|-53|-19|CG0117657|-53|-19
245|7|0|1200|4|CG0117717|-13|-71|CG0117718|-14|-71|CG0117719|-21|-72|CG0117718|-14|-71
245|7|1|1000|6|CG0117722|-12|-73|CG0117723|-12|-74|CG0117724|-23|-71|CG0117725|-12|-73|CG0117726|-12|-74|CG0117727|-24|-71
245|7|2|400|1|CG0188687|-44|-60
245|7|3|600|6|CG0117691|-27|-69|CG0117692|-27|-72|CG0117693|-27|-70|CG0117694|-27|-69|CG0117695|-27|-72|CG0117696|-27|-70
245|7|4|100|1|CG0196624|-25|-51
245|7|5|1500|38|CG0117683|-24|-71|CG0117683|-24|-71|CG0117683|-24|-71|CG0117683|-24|-71|CG0117684|-27|-71|CG0117684|-27|-71|CG0117684|-27|-71|CG0117684|-27|-71|CG0117685|-30|-69|CG0117685|-30|-69|CG0117685|-30|-69|CG0117685|-30|-69|CG0117685|-30|-69|CG0117685|-30|-69|CG0117685|-30|-69|CG0117685|-30|-69|CG0117686|-38|-70|CG0117686|-38|-70|CG0117687|-74|-71|CG0117687|-74|-71|CG0117688|-41|-75|CG0117688|-41|-75|CG0117688|-41|-75|CG0117688|-41|-75|CG0117688|-41|-75|CG0117688|-41|-75|CG0117688|-41|-75|CG0117688|-41|-75|CG0117688|-41|-75|CG0117688|-41|-75|CG0117689|-48|-79|CG0117689|-48|-79|CG0117689|-48|-79|CG0117689|-48|-79|CG0117690|-27|-71|CG0117690|-27|-71|CG0117690|-27|-71|CG0117690|-27|-71
245|7|6|1500|13|CG0117710|-13|-73|CG0117710|-13|-73|CG0117711|-21|-72|CG0117711|-21|-72|CG0117711|-21|-72|CG0117711|-21|-72|CG0117712|-24|-73|CG0117712|-24|-73|CG0117713|-25|-73|CG0117713|-25|-73|CG0117713|-25|-73|CG0117713|-25|-73|CG0117713|-25|-73
245|7|7|1200|12|CG0116585|-18|-71|CG0116585|-18|-71|CG0116586|-22|-72|CG0116586|-22|-72|CG0116587|-25|-72|CG0116587|-25|-72|CG0116587|-25|-72|CG0116588|-37|-69|CG0116588|-37|-69|CG0116589|-53|-63|CG0116590|-52|-58|CG0116590|-52|-58
245|7|8|1000|2|CG0117705|-28|-68|CG0117706|-37|-63
245|7|9|1000|1|CG0117707|-30|-66
245|7|10|1500|16|CG0117699|-25|-73|CG0117699|-25|-73|CG0117700|-27|-66|CG0117700|-27|-66|CG0117701|-31|-56|CG0117701|-31|-56|CG0117701|-31|-56|CG0117701|-31|-56|CG0117701|-31|-56|CG0117702|-35|-52|CG0117702|-35|-52|CG0117703|-67|-46|CG0117703|-67|-46|CG0117704|-83|-19|CG0117704|-83|-19|CG0117704|-83|-19
