310|0|0|1000|4|CG0142763|-18|-77|CG0142764|-18|-77|CG0142765|-18|-77|CG0142764|-18|-77
310|0|1|1000|6|CG0142768|-19|-77|CG0142769|-17|-78|CG0142770|-25|-76|CG0142771|-15|-77|CG0142772|-21|-78|CG0142773|-24|-75
310|0|2|400|1|CG0188372|-32|-70
310|0|3|650|6|CG0142738|-26|-77|CG0142739|-26|-79|CG0142740|-24|-77|CG0142741|-24|-76|CG0142742|-29|-79|CG0142743|-21|-77
310|0|4|100|1|CG0196344|-27|-55
310|0|5|1200|30|CG0142730|-22|-75|CG0142730|-22|-75|CG0142730|-22|-75|CG0142730|-22|-75|CG0142731|-19|-76|CG0142731|-19|-76|CG0142731|-19|-76|CG0142731|-19|-76|CG0142732|-19|-76|CG0142732|-19|-76|CG0142732|-19|-76|CG0142732|-19|-76|CG0142733|-22|-74|CG0142733|-22|-74|CG0142734|-51|-81|CG0142734|-51|-81|CG0142735|-50|-72|CG0142735|-50|-72|CG0142735|-50|-72|CG0142735|-50|-72|CG0142735|-50|-72|CG0142735|-50|-72|CG0142736|-37|-80|CG0142736|-37|-80|CG0142736|-37|-80|CG0142736|-37|-80|CG0142737|-27|-80|CG0142737|-27|-80|CG0142737|-27|-80|CG0142737|-27|-80
310|0|6|1000|7|CG0142757|-20|-77|CG0142757|-20|-77|CG0142757|-20|-77|CG0142757|-20|-77|CG0142758|-21|-76|CG0142759|-18|-80|CG0142759|-18|-80
310|0|7|1200|11|CG0141874|-13|-78|CG0141874|-13|-78|CG0141875|-14|-77|CG0141875|-14|-77|CG0141876|-14|-78|CG0141876|-14|-78|CG0141876|-14|-78|CG0141877|-28|-81|CG0141878|-38|-80|CG0141879|-40|-82|CG0141879|-40|-82
310|0|8|1000|2|CG0142752|-27|-74|CG0142753|-22|-84
310|0|9|1000|1|CG0142754|-38|-75
310|0|10|1500|10|CG0142746|-15|-75|CG0142746|-15|-75|CG0142747|-15|-64|CG0142748|-15|-55|CG0142749|-21|-57|CG0142749|-21|-57|CG0142749|-21|-57|CG0142750|-31|-51|CG0142751|-42|-38|CG0142751|-42|-38
310|1|0|1000|4|CG0142809|-17|-77|CG0142810|-17|-77|CG0142811|-17|-77|CG0142810|-17|-77
310|1|1|1000|6|CG0142814|-17|-76|CG0142815|-17|-77|CG0142816|-17|-75|CG0142817|-17|-77|CG0142818|-17|-78|CG0142819|-17|-75
310|1|2|400|1|CG0188417|-17|-71
310|1|3|650|6|CG0142784|-19|-77|CG0142785|-22|-80|CG0142786|-28|-78|CG0142787|-21|-77|CG0142788|-17|-80|CG0142789|-17|-77
310|1|4|100|1|CG0196384|-26|-58
310|1|5|1200|30|CG0142776|-17|-76|CG0142776|-17|-76|CG0142776|-17|-76|CG0142776|-17|-76|CG0142777|-18|-75|CG0142777|-18|-75|CG0142777|-18|-75|CG0142777|-18|-75|CG0142778|-18|-76|CG0142778|-18|-76|CG0142778|-18|-76|CG0142778|-18|-76|CG0142779|-17|-74|CG0142779|-17|-74|CG0142780|-30|-86|CG0142780|-30|-86|CG0142781|-34|-80|CG0142781|-34|-80|CG0142781|-34|-80|CG0142781|-34|-80|CG0142781|-34|-80|CG0142781|-34|-80|CG0142782|-27|-84|CG0142782|-27|-84|CG0142782|-27|-84|CG0142782|-27|-84|CG0142783|-18|-80|CG0142783|-18|-80|CG0142783|-18|-80|CG0142783|-18|-80
310|1|6|1000|7|CG0142803|-25|-76|CG0142803|-25|-76|CG0142803|-25|-76|CG0142803|-25|-76|CG0142804|-27|-76|CG0142805|-26|-74|CG0142805|-26|-74
310|1|7|1200|11|CG0141939|-11|-75|CG0141939|-11|-75|CG0141940|-8|-73|CG0141940|-8|-73|CG0141941|-5|-73|CG0141941|-5|-73|CG0141941|-5|-73|CG0141942|-12|-75|CG0141943|-22|-81|CG0141944|-28|-85|CG0141944|-28|-85
310|1|8|1000|2|CG0142798|-17|-75|CG0142799|-28|-74
310|1|9|1000|1|CG0142800|-24|-76
310|1|10|1500|10|CG0142792|-17|-75|CG0142792|-17|-75|CG0142793|-17|-63|CG0142794|-17|-54|CG0142795|-22|-57|CG0142795|-22|-57|CG0142795|-22|-57|CG0142796|-23|-53|CG0142797|-28|-44|CG0142797|-28|-44
310|2|0|1000|4|CG0142855|-17|-77|CG0142856|-16|-77|CG0142857|-17|-77|CG0142856|-16|-77
310|2|1|1000|6|CG0142860|-19|-77|CG0142861|-18|-77|CG0142862|-21|-75|CG0142863|-17|-77|CG0142864|-18|-78|CG0142865|-25|-75
310|2|2|400|1|CG0188462|-33|-62
310|2|3|650|6|CG0142830|-22|-77|CG0142831|-16|-79|CG0142832|-21|-77|CG0142833|-15|-76|CG0142834|-24|-79|CG0142835|-31|-77
310|2|4|100|1|CG0196424|-14|-57
310|2|5|1200|30|CG0142822|-19|-76|CG0142822|-19|-76|CG0142822|-19|-76|CG0142822|-19|-76|CG0142823|-19|-76|CG0142823|-19|-76|CG0142823|-19|-76|CG0142823|-19|-76|CG0142824|-25|-76|CG0142824|-25|-76|CG0142824|-25|-76|CG0142824|-25|-76|CG0142825|-25|-74|CG0142825|-25|-74|CG0142826|-7|-83|CG0142826|-7|-83|CG0142827|-8|-74|CG0142827|-8|-74|CG0142827|-8|-74|CG0142827|-8|-74|CG0142827|-8|-74|CG0142827|-8|-74|CG0142828|-8|-78|CG0142828|-8|-78|CG0142828|-8|-78|CG0142828|-8|-78|CG0142829|-12|-79|CG0142829|-12|-79|CG0142829|-12|-79|CG0142829|-12|-79
310|2|6|1000|7|CG0142849|-17|-77|CG0142849|-17|-77|CG0142849|-17|-77|CG0142849|-17|-77|CG0142850|-20|-76|CG0142851|-22|-75|CG0142851|-22|-75
310|2|7|1200|11|CG0142004|-15|-74|CG0142004|-15|-74|CG0142005|-15|-71|CG0142005|-15|-71|CG0142006|-14|-67|CG0142006|-14|-67|CG0142006|-14|-67|CG0142007|-6|-69|CG0142008|-4|-78|CG0142009|-7|-82|CG0142009|-7|-82
310|2|8|1000|2|CG0142844|-14|-74|CG0142845|-35|-66
310|2|9|1000|1|CG0142846|-16|-75
310|2|10|1500|10|CG0142838|-19|-75|CG0142838|-19|-75|CG0142839|-25|-64|CG0142840|-25|-55|CG0142841|-25|-55|CG0142841|-25|-55|CG0142841|-25|-55|CG0142842|-35|-49|CG0142843|-37|-39|CG0142843|-37|-39
310|3|0|1000|4|CG0142901|-17|-78|CG0142902|-17|-78|CG0142903|-18|-78|CG0142902|-17|-78
310|3|1|1000|6|CG0142906|-20|-78|CG0142907|-19|-79|CG0142908|-26|-76|CG0142909|-19|-78|CG0142910|-19|-80|CG0142911|-27|-77
310|3|2|400|1|CG0188507|-36|-53
310|3|3|650|6|CG0142876|-22|-76|CG0142877|-26|-79|CG0142878|-32|-76|CG0142879|-19|-76|CG0142880|-26|-79|CG0142881|-34|-77
310|3|4|100|1|CG0196464|-10|-51
310|3|5|1200|30|CG0142868|-19|-77|CG0142868|-19|-77|CG0142868|-19|-77|CG0142868|-19|-77|CG0142869|-25|-77|CG0142869|-25|-77|CG0142869|-25|-77|CG0142869|-25|-77|CG0142870|-41|-77|CG0142870|-41|-77|CG0142870|-41|-77|CG0142870|-41|-77|CG0142871|-42|-76|CG0142871|-42|-76|CG0142872|-11|-72|CG0142872|-11|-72|CG0142873|-19|-58|CG0142873|-19|-58|CG0142873|-19|-58|CG0142873|-19|-58|CG0142873|-19|-58|CG0142873|-19|-58|CG0142874|-11|-67|CG0142874|-11|-67|CG0142874|-11|-67|CG0142874|-11|-67|CG0142875|-11|-76|CG0142875|-11|-76|CG0142875|-11|-76|CG0142875|-11|-76
310|3|6|1000|7|CG0142895|-34|-76|CG0142895|-34|-76|CG0142895|-34|-76|CG0142895|-34|-76|CG0142896|-27|-77|CG0142897|-28|-78|CG0142897|-28|-78
310|3|7|1200|11|CG0142069|-20|-74|CG0142069|-20|-74|CG0142070|-27|-71|CG0142070|-27|-71|CG0142071|-33|-66|CG0142071|-33|-66|CG0142071|-33|-66|CG0142072|-25|-64|CG0142073|-8|-72|CG0142074|-8|-74|CG0142074|-8|-74
310|3|8|1000|2|CG0142890|-15|-68|CG0142891|-43|-70
310|3|9|1000|1|CG0142892|-11|-70
310|3|10|1500|10|CG0142884|-20|-77|CG0142884|-20|-77|CG0142885|-29|-68|CG0142886|-40|-59|CG0142887|-41|-52|CG0142887|-41|-52|CG0142887|-41|-52|CG0142888|-41|-39|CG0142889|-41|-26|CG0142889|-41|-26
310|4|0|1000|4|CG0142947|-18|-78|CG0142948|-18|-78|CG0142949|-17|-78|CG0142948|-18|-78
310|4|1|1000|6|CG0142952|-22|-78|CG0142953|-21|-79|CG0142954|-24|-77|CG0142955|-22|-79|CG0142956|-22|-80|CG0142957|-22|-77
310|4|2|400|1|CG0188552|-25|-51
310|4|3|650|6|CG0142922|-32|-74|CG0142923|-31|-77|CG0142924|-31|-75|CG0142925|-32|-74|CG0142926|-32|-77|CG0142927|-32|-75
310|4|4|100|1|CG0196504|-21|-46
310|4|5|1200|30|CG0142914|-17|-78|CG0142914|-17|-78|CG0142914|-17|-78|CG0142914|-17|-78|CG0142915|-40|-78|CG0142915|-40|-78|CG0142915|-40|-78|CG0142915|-40|-78|CG0142916|-45|-78|CG0142916|-45|-78|CG0142916|-45|-78|CG0142916|-45|-78|CG0142917|-37|-78|CG0142917|-37|-78|CG0142918|-17|-59|CG0142918|-17|-59|CG0142919|-22|-46|CG0142919|-22|-46|CG0142919|-22|-46|CG0142919|-22|-46|CG0142919|-22|-46|CG0142919|-22|-46|CG0142920|-15|-56|CG0142920|-15|-56|CG0142920|-15|-56|CG0142920|-15|-56|CG0142921|-14|-74|CG0142921|-14|-74|CG0142921|-14|-74|CG0142921|-14|-74
310|4|6|1000|7|CG0142941|-37|-74|CG0142941|-37|-74|CG0142941|-37|-74|CG0142941|-37|-74|CG0142942|-27|-78|CG0142943|-38|-80|CG0142943|-38|-80
310|4|7|1200|11|CG0142134|-23|-76|CG0142134|-23|-76|CG0142135|-32|-75|CG0142135|-32|-75|CG0142136|-34|-69|CG0142136|-34|-69|CG0142136|-34|-69|CG0142137|-40|-66|CG0142138|-16|-66|CG0142139|-16|-65|CG0142139|-16|-65
310|4|8|1000|2|CG0142936|-14|-62|CG0142937|-34|-79
310|4|9|1000|1|CG0142938|-11|-65
310|4|10|1500|10|CG0142930|-19|-78|CG0142930|-19|-78|CG0142931|-27|-72|CG0142932|-35|-62|CG0142933|-36|-49|CG0142933|-36|-49|CG0142933|-36|-49|CG0142934|-36|-30|CG0142935|-35|-25|CG0142935|-35|-25
310|5|0|1000|4|CG0142993|-24|-77|CG0142994|-19|-77|CG0142995|-18|-77|CG0142994|-19|-77
310|5|1|1000|6|CG0142998|-18|-78|CG0142999|-18|-79|CG0143000|-18|-77|CG0143001|-18|-79|CG0143002|-18|-80|CG0143003|-18|-77
310|5|2|400|1|CG0188597|-19|-60
310|5|3|650|6|CG0142968|-43|-74|CG0142969|-43|-76|CG0142970|-43|-74|CG0142971|-43|-73|CG0142972|-42|-76|CG0142973|-42|-74
310|5|4|100|1|CG0196544|-24|-45
310|5|5|1200|30|CG0142960|-25|-77|CG0142960|-25|-77|CG0142960|-25|-77|CG0142960|-25|-77|CG0142961|-34|-77|CG0142961|-34|-77|CG0142961|-34|-77|CG0142961|-34|-77|CG0142962|-25|-81|CG0142962|-25|-81|CG0142962|-25|-81|CG0142962|-25|-81|CG0142963|-19|-78|CG0142963|-19|-78|CG0142964|-16|-52|CG0142964|-16|-52|CG0142965|-15|-41|CG0142965|-15|-41|CG0142965|-15|-41|CG0142965|-15|-41|CG0142965|-15|-41|CG0142965|-15|-41|CG0142966|-19|-53|CG0142966|-19|-53|CG0142966|-19|-53|CG0142966|-19|-53|CG0142967|-23|-73|CG0142967|-23|-73|CG0142967|-23|-73|CG0142967|-23|-73
310|5|6|1000|7|CG0142987|-24|-74|CG0142987|-24|-74|CG0142987|-24|-74|CG0142987|-24|-74|CG0142988|-27|-78|CG0142989|-28|-80|CG0142989|-28|-80
310|5|7|1200|11|CG0142199|-26|-79|CG0142199|-26|-79|CG0142200|-26|-79|CG0142200|-26|-79|CG0142201|-32|-76|CG0142201|-32|-76|CG0142201|-32|-76|CG0142202|-35|-72|CG0142203|-37|-65|CG0142204|-20|-61|CG0142204|-20|-61
310|5|8|1000|2|CG0142982|-22|-59|CG0142983|-30|-82
310|5|9|1000|1|CG0142984|-17|-64
310|5|10|1500|10|CG0142976|-21|-78|CG0142976|-21|-78|CG0142977|-24|-74|CG0142978|-25|-63|CG0142979|-32|-50|CG0142979|-32|-50|CG0142979|-32|-50|CG0142980|-33|-28|CG0142981|-43|-28|CG0142981|-43|-28
310|6|0|1000|4|CG0143039|-33|-78|CG0143040|-33|-78|CG0143041|-31|-78|CG0143040|-33|-78
310|6|1|1000|6|CG0143044|-29|-78|CG0143045|-29|-80|CG0143046|-30|-77|CG0143047|-29|-79|CG0143048|-28|-80|CG0143049|-27|-77
310|6|2|400|1|CG0188642|-38|-63
310|6|3|650|6|CG0143014|-31|-75|CG0143015|-32|-77|CG0143016|-32|-75|CG0143017|-31|-74|CG0143018|-30|-77|CG0143019|-30|-75
310|6|4|100|1|CG0196584|-20|-48
310|6|5|1200|30|CG0143006|-31|-78|CG0143006|-31|-78|CG0143006|-31|-78|CG0143006|-31|-78|CG0143007|-20|-77|CG0143007|-20|-77|CG0143007|-20|-77|CG0143007|-20|-77|CG0143008|-26|-83|CG0143008|-26|-83|CG0143008|-26|-83|CG0143008|-26|-83|CG0143009|-15|-78|CG0143009|-15|-78|CG0143010|-54|-57|CG0143010|-54|-57|CG0143011|-49|-44|CG0143011|-49|-44|CG0143011|-49|-44|CG0143011|-49|-44|CG0143011|-49|-44|CG0143011|-49|-44|CG0143012|-46|-58|CG0143012|-46|-58|CG0143012|-46|-58|CG0143012|-46|-58|CG0143013|-37|-75|CG0143013|-37|-75|CG0143013|-37|-75|CG0143013|-37|-75
310|6|6|1000|7|CG0143033|-21|-74|CG0143033|-21|-74|CG0143033|-21|-74|CG0143033|-21|-74|CG0143034|-23|-78|CG0143035|-25|-80|CG0143035|-25|-80
310|6|7|1200|11|CG0142264|-26|-81|CG0142264|-26|-81|CG0142265|-27|-82|CG0142265|-27|-82|CG0142266|-32|-80|CG0142266|-32|-80|CG0142266|-32|-80|CG0142267|-32|-79|CG0142268|-47|-68|CG0142269|-33|-65|CG0142269|-33|-65
310|6|8|1000|2|CG0143028|-45|-63|CG0143029|-30|-88
310|6|9|1000|1|CG0143030|-27|-66
310|6|10|1500|10|CG0143022|-32|-78|CG0143022|-32|-78|CG0143023|-28|-73|CG0143024|-28|-62|CG0143025|-43|-52|CG0143025|-43|-52|CG0143025|-43|-52|CG0143026|-49|-32|CG0143027|-55|-26|CG0143027|-55|-26
310|7|0|1000|4|CG0143085|-26|-78|CG0143086|-29|-78|CG0143087|-31|-78|CG0143086|-29|-78
310|7|1|1000|6|CG0143090|-25|-78|CG0143091|-26|-79|CG0143092|-28|-77|CG0143093|-25|-78|CG0143094|-24|-79|CG0143095|-29|-76
310|7|2|400|1|CG0188687|-44|-60
310|7|3|650|6|CG0143060|-20|-76|CG0143061|-19|-79|CG0143062|-27|-77|CG0143063|-19|-76|CG0143064|-26|-79|CG0143065|-27|-76
310|7|4|100|1|CG0196624|-25|-51
310|7|5|1200|30|CG0143052|-21|-77|CG0143052|-21|-77|CG0143052|-21|-77|CG0143052|-21|-77|CG0143053|-24|-77|CG0143053|-24|-77|CG0143053|-24|-77|CG0143053|-24|-77|CG0143054|-24|-77|CG0143054|-24|-77|CG0143054|-24|-77|CG0143054|-24|-77|CG0143055|-25|-75|CG0143055|-25|-75|CG0143056|-73|-69|CG0143056|-73|-69|CG0143057|-63|-55|CG0143057|-63|-55|CG0143057|-63|-55|CG0143057|-63|-55|CG0143057|-63|-55|CG0143057|-63|-55|CG0143058|-55|-70|CG0143058|-55|-70|CG0143058|-55|-70|CG0143058|-55|-70|CG0143059|-32|-78|CG0143059|-32|-78|CG0143059|-32|-78|CG0143059|-32|-78
310|7|6|1000|7|CG0143079|-20|-76|CG0143079|-20|-76|CG0143079|-20|-76|CG0143079|-20|-76|CG0143080|-14|-78|CG0143081|-14|-79|CG0143081|-14|-79
310|7|7|1200|11|CG0142329|-19|-80|CG0142329|-19|-80|CG0142330|-17|-81|CG0142330|-17|-81|CG0142331|-21|-81|CG0142331|-21|-81|CG0142331|-21|-81|CG0142332|-33|-83|CG0142333|-43|-75|CG0142334|-49|-74|CG0142334|-49|-74
310|7|8|1000|2|CG0143074|-43|-68|CG0143075|-28|-89
310|7|9|1000|1|CG0143076|-33|-71
310|7|10|1500|10|CG0143068|-27|-77|CG0143068|-27|-77|CG0143069|-18|-69|CG0143070|-17|-59|CG0143071|-31|-55|CG0143071|-31|-55|CG0143071|-31|-55|CG0143072|-41|-42|CG0143073|-53|-25|CG0143073|-53|-25
