253|0|0|1200|4|CG0120494|-19|-71|CG0120495|-19|-71|CG0120496|-20|-71|CG0120495|-19|-71
253|0|1|1000|6|CG0120499|-20|-72|CG0120500|-20|-73|CG0120501|-21|-70|CG0120502|-21|-72|CG0120503|-21|-73|CG0120504|-23|-70
253|0|2|400|1|CG0188372|-32|-70
253|0|3|600|6|CG0120802|-28|-72|CG0120803|-25|-75|CG0120804|-19|-73|CG0120805|-23|-72|CG0120806|-25|-75|CG0120807|-27|-73
253|0|4|100|1|CG0196344|-27|-55
253|0|5|1300|23|CG0120466|-23|-70|CG0120466|-23|-70|CG0120467|-21|-71|CG0120467|-21|-71|CG0120468|-24|-71|CG0120468|-24|-71|CG0120469|-21|-72|CG0120469|-21|-72|CG0120470|-21|-73|CG0120470|-21|-73|CG0120470|-21|-73|CG0120470|-21|-73|CG0120470|-21|-73|CG0120470|-21|-73|CG0120471|-32|-71|CG0120471|-32|-71|CG0120471|-32|-71|CG0120471|-32|-71|CG0120471|-32|-71|CG0120472|-29|-71|CG0120472|-29|-71|CG0120473|-23|-70|CG0120473|-23|-70
253|0|6|1500|13|CG0120487|-19|-73|CG0120487|-19|-73|CG0120488|-18|-75|CG0120488|-18|-75|CG0120488|-18|-75|CG0120488|-18|-75|CG0120489|-22|-72|CG0120489|-22|-72|CG0120490|-24|-71|CG0120490|-24|-71|CG0120490|-24|-71|CG0120490|-24|-71|CG0120490|-24|-71
253|0|7|1200|12|CG0120843|-24|-70|CG0120843|-24|-70|CG0120844|-24|-69|CG0120844|-24|-69|CG0120845|-18|-68|CG0120845|-18|-68|CG0120845|-18|-68|CG0120846|-32|-69|CG0120846|-32|-69|CG0120847|-36|-73|CG0120848|-47|-74|CG0120848|-47|-74
253|0|8|1000|2|CG0120482|-28|-73|CG0120483|-19|-51
253|0|9|1000|1|CG0120484|-27|-68
253|0|10|1500|16|CG0120476|-19|-72|CG0120476|-19|-72|CG0120477|-15|-64|CG0120477|-15|-64|CG0120478|-11|-52|CG0120478|-11|-52|CG0120478|-11|-52|CG0120478|-11|-52|CG0120478|-11|-52|CG0120479|-11|-48|CG0120479|-11|-48|CG0120480|-26|-51|CG0120480|-26|-51|CG0120481|-49|-34|CG0120481|-49|-34|CG0120481|-49|-34
253|1|0|1200|4|CG0120535|-25|-71|CG0120536|-22|-71|CG0120537|-21|-71|CG0120536|-22|-71
253|1|1|1000|6|CG0120540|-17|-71|CG0120541|-17|-73|CG0120542|-17|-70|CG0120543|-17|-71|CG0120544|-17|-72|CG0120545|-17|-70
253|1|2|400|1|CG0188417|-17|-71
253|1|3|600|6|CG0120868|-27|-73|CG0120869|-20|-75|CG0120870|-17|-73|CG0120871|-19|-73|CG0120872|-28|-75|CG0120873|-33|-73
253|1|4|100|1|CG0196384|-26|-58
253|1|5|1300|23|CG0120507|-23|-71|CG0120507|-23|-71|CG0120508|-22|-72|CG0120508|-22|-72|CG0120509|-21|-72|CG0120509|-21|-72|CG0120510|-19|-73|CG0120510|-19|-73|CG0120511|-19|-73|CG0120511|-19|-73|CG0120511|-19|-73|CG0120511|-19|-73|CG0120511|-19|-73|CG0120511|-19|-73|CG0120512|-20|-72|CG0120512|-20|-72|CG0120512|-20|-72|CG0120512|-20|-72|CG0120512|-20|-72|CG0120513|-26|-71|CG0120513|-26|-71|CG0120514|-24|-71|CG0120514|-24|-71
253|1|6|1500|13|CG0120528|-19|-72|CG0120528|-19|-72|CG0120529|-19|-75|CG0120529|-19|-75|CG0120529|-19|-75|CG0120529|-19|-75|CG0120530|-24|-72|CG0120530|-24|-72|CG0120531|-24|-71|CG0120531|-24|-71|CG0120531|-24|-71|CG0120531|-24|-71|CG0120531|-24|-71
253|1|7|1200|12|CG0120909|-21|-70|CG0120909|-21|-70|CG0120910|-20|-68|CG0120910|-20|-68|CG0120911|-16|-64|CG0120911|-16|-64|CG0120911|-16|-64|CG0120912|-16|-68|CG0120912|-16|-68|CG0120913|-26|-78|CG0120914|-26|-83|CG0120914|-26|-83
253|1|8|1000|2|CG0120523|-17|-75|CG0120524|-25|-51
253|1|9|1000|1|CG0120525|-20|-70
253|1|10|1500|16|CG0120517|-20|-71|CG0120517|-20|-71|CG0120518|-21|-63|CG0120518|-21|-63|CG0120519|-22|-52|CG0120519|-22|-52|CG0120519|-22|-52|CG0120519|-22|-52|CG0120519|-22|-52|CG0120520|-27|-48|CG0120520|-27|-48|CG0120521|-27|-56|CG0120521|-27|-56|CG0120522|-22|-42|CG0120522|-22|-42|CG0120522|-22|-42
253|2|0|1200|4|CG0120576|-28|-73|CG0120577|-29|-73|CG0120578|-28|-73|CG0120577|-29|-73
253|2|1|1000|6|CG0120581|-20|-72|CG0120582|-26|-73|CG0120583|-28|-70|CG0120584|-24|-72|CG0120585|-19|-73|CG0120586|-22|-71
253|2|2|400|1|CG0188462|-33|-62
253|2|3|600|6|CG0120934|-22|-72|CG0120935|-22|-75|CG0120936|-30|-73|CG0120937|-22|-72|CG0120938|-22|-75|CG0120939|-22|-73
253|2|4|100|1|CG0196424|-14|-57
253|2|5|1300|23|CG0120548|-20|-73|CG0120548|-20|-73|CG0120549|-19|-73|CG0120549|-19|-73|CG0120550|-18|-74|CG0120550|-18|-74|CG0120551|-18|-73|CG0120551|-18|-73|CG0120552|-17|-73|CG0120552|-17|-73|CG0120552|-17|-73|CG0120552|-17|-73|CG0120552|-17|-73|CG0120552|-17|-73|CG0120553|-18|-73|CG0120553|-18|-73|CG0120553|-18|-73|CG0120553|-18|-73|CG0120553|-18|-73|CG0120554|-19|-73|CG0120554|-19|-73|CG0120555|-20|-73|CG0120555|-20|-73
253|2|6|1500|13|CG0120569|-21|-73|CG0120569|-21|-73|CG0120570|-22|-75|CG0120570|-22|-75|CG0120570|-22|-75|CG0120570|-22|-75|CG0120571|-20|-72|CG0120571|-20|-72|CG0120572|-20|-71|CG0120572|-20|-71|CG0120572|-20|-71|CG0120572|-20|-71|CG0120572|-20|-71
253|2|7|1200|12|CG0120975|-20|-71|CG0120975|-20|-71|CG0120976|-22|-68|CG0120976|-22|-68|CG0120977|-22|-63|CG0120977|-22|-63|CG0120977|-22|-63|CG0120978|-13|-65|CG0120978|-13|-65|CG0120979|-8|-77|CG0120980|-13|-81|CG0120980|-13|-81
253|2|8|1000|2|CG0120564|-25|-73|CG0120565|-35|-57
253|2|9|1000|1|CG0120566|-26|-68
253|2|10|1500|16|CG0120558|-27|-72|CG0120558|-27|-72|CG0120559|-31|-65|CG0120559|-31|-65|CG0120560|-36|-56|CG0120560|-36|-56|CG0120560|-36|-56|CG0120560|-36|-56|CG0120560|-36|-56|CG0120561|-31|-52|CG0120561|-31|-52|CG0120562|-31|-59|CG0120562|-31|-59|CG0120563|-31|-41|CG0120563|-31|-41|CG0120563|-31|-41
253|3|0|1200|4|CG0120617|-17|-75|CG0120618|-19|-75|CG0120619|-22|-74|CG0120618|-19|-75
253|3|1|1000|6|CG0120622|-18|-73|CG0120623|-22|-74|CG0120624|-25|-71|CG0120625|-19|-73|CG0120626|-18|-74|CG0120627|-23|-72
253|3|2|400|1|CG0188507|-36|-53
253|3|3|600|6|CG0121000|-23|-71|CG0121001|-22|-74|CG0121002|-33|-71|CG0121003|-21|-71|CG0121004|-22|-74|CG0121005|-32|-71
253|3|4|100|1|CG0196464|-10|-51
253|3|5|1300|23|CG0120589|-20|-74|CG0120589|-20|-74|CG0120590|-18|-75|CG0120590|-18|-75|CG0120591|-17|-75|CG0120591|-17|-75|CG0120592|-17|-73|CG0120592|-17|-73|CG0120593|-16|-73|CG0120593|-16|-73|CG0120593|-16|-73|CG0120593|-16|-73|CG0120593|-16|-73|CG0120593|-16|-73|CG0120594|-27|-74|CG0120594|-27|-74|CG0120594|-27|-74|CG0120594|-27|-74|CG0120594|-27|-74|CG0120595|-26|-74|CG0120595|-26|-74|CG0120596|-23|-74|CG0120596|-23|-74
253|3|6|1500|13|CG0120610|-16|-73|CG0120610|-16|-73|CG0120611|-17|-72|CG0120611|-17|-72|CG0120611|-17|-72|CG0120611|-17|-72|CG0120612|-17|-73|CG0120612|-17|-73|CG0120613|-18|-73|CG0120613|-18|-73|CG0120613|-18|-73|CG0120613|-18|-73|CG0120613|-18|-73
253|3|7|1200|12|CG0121041|-17|-72|CG0121041|-17|-72|CG0121042|-21|-70|CG0121042|-21|-70|CG0121043|-36|-66|CG0121043|-36|-66|CG0121043|-36|-66|CG0121044|-19|-64|CG0121044|-19|-64|CG0121045|-9|-71|CG0121046|-14|-70|CG0121046|-14|-70
253|3|8|1000|2|CG0120605|-20|-68|CG0120606|-45|-63
253|3|9|1000|1|CG0120607|-23|-61
253|3|10|1500|16|CG0120599|-18|-73|CG0120599|-18|-73|CG0120600|-24|-68|CG0120600|-24|-68|CG0120601|-29|-61|CG0120601|-29|-61|CG0120601|-29|-61|CG0120601|-29|-61|CG0120601|-29|-61|CG0120602|-29|-57|CG0120602|-29|-57|CG0120603|-30|-58|CG0120603|-30|-58|CG0120604|-29|-29|CG0120604|-29|-29|CG0120604|-29|-29
253|4|0|1200|4|CG0120658|-17|-75|CG0120659|-17|-75|CG0120660|-17|-75|CG0120659|-17|-75
253|4|1|1000|6|CG0120663|-20|-74|CG0120664|-20|-75|CG0120665|-22|-72|CG0120666|-20|-74|CG0120667|-20|-75|CG0120668|-20|-73
253|4|2|400|1|CG0188552|-25|-51
253|4|3|600|6|CG0121066|-22|-68|CG0121067|-22|-71|CG0121068|-22|-68|CG0121069|-22|-68|CG0121070|-22|-71|CG0121071|-28|-68
253|4|4|100|1|CG0196504|-21|-46
253|4|5|1300|23|CG0120630|-18|-75|CG0120630|-18|-75|CG0120631|-19|-75|CG0120631|-19|-75|CG0120632|-16|-74|CG0120632|-16|-74|CG0120633|-18|-73|CG0120633|-18|-73|CG0120634|-18|-73|CG0120634|-18|-73|CG0120634|-18|-73|CG0120634|-18|-73|CG0120634|-18|-73|CG0120634|-18|-73|CG0120635|-26|-74|CG0120635|-26|-74|CG0120635|-26|-74|CG0120635|-26|-74|CG0120635|-26|-74|CG0120636|-31|-75|CG0120636|-31|-75|CG0120637|-18|-75|CG0120637|-18|-75
253|4|6|1500|13|CG0120651|-21|-73|CG0120651|-21|-73|CG0120652|-22|-69|CG0120652|-22|-69|CG0120652|-22|-69|CG0120652|-22|-69|CG0120653|-20|-74|CG0120653|-20|-74|CG0120654|-20|-74|CG0120654|-20|-74|CG0120654|-20|-74|CG0120654|-20|-74|CG0120654|-20|-74
253|4|7|1200|12|CG0121107|-18|-73|CG0121107|-18|-73|CG0121108|-25|-73|CG0121108|-25|-73|CG0121109|-35|-72|CG0121109|-35|-72|CG0121109|-35|-72|CG0121110|-26|-64|CG0121110|-26|-64|CG0121111|-12|-61|CG0121112|-22|-54|CG0121112|-22|-54
253|4|8|1000|2|CG0120646|-25|-64|CG0120647|-34|-74
253|4|9|1000|1|CG0120648|-26|-55
253|4|10|1500|16|CG0120640|-20|-74|CG0120640|-20|-74|CG0120641|-22|-71|CG0120641|-22|-71|CG0120642|-24|-65|CG0120642|-24|-65|CG0120642|-24|-65|CG0120642|-24|-65|CG0120642|-24|-65|CG0120643|-21|-62|CG0120643|-21|-62|CG0120644|-24|-53|CG0120644|-24|-53|CG0120645|-17|-26|CG0120645|-17|-26|CG0120645|-17|-26
253|5|0|1200|4|CG0120699|-13|-74|CG0120700|-14|-74|CG0120701|-14|-74|CG0120700|-14|-74
253|5|1|1000|6|CG0120704|-17|-74|CG0120705|-17|-75|CG0120706|-17|-73|CG0120707|-17|-74|CG0120708|-17|-75|CG0120709|-17|-73
253|5|2|400|1|CG0188597|-19|-60
253|5|3|600|6|CG0121132|-22|-67|CG0121133|-28|-70|CG0121134|-33|-67|CG0121135|-28|-67|CG0121136|-22|-70|CG0121137|-17|-67
253|5|4|100|1|CG0196544|-24|-45
253|5|5|1300|23|CG0120671|-12|-74|CG0120671|-12|-74|CG0120672|-39|-74|CG0120672|-39|-74|CG0120673|-23|-73|CG0120673|-23|-73|CG0120674|-27|-73|CG0120674|-27|-73|CG0120675|-21|-73|CG0120675|-21|-73|CG0120675|-21|-73|CG0120675|-21|-73|CG0120675|-21|-73|CG0120675|-21|-73|CG0120676|-13|-74|CG0120676|-13|-74|CG0120676|-13|-74|CG0120676|-13|-74|CG0120676|-13|-74|CG0120677|-20|-74|CG0120677|-20|-74|CG0120678|-12|-74|CG0120678|-12|-74
253|5|6|1500|13|CG0120692|-17|-73|CG0120692|-17|-73|CG0120693|-17|-68|CG0120693|-17|-68|CG0120693|-17|-68|CG0120693|-17|-68|CG0120694|-17|-74|CG0120694|-17|-74|CG0120695|-17|-74|CG0120695|-17|-74|CG0120695|-17|-74|CG0120695|-17|-74|CG0120695|-17|-74
253|5|7|1200|12|CG0121173|-16|-73|CG0121173|-16|-73|CG0121174|-17|-75|CG0121174|-17|-75|CG0121175|-18|-76|CG0121175|-18|-76|CG0121175|-18|-76|CG0121176|-20|-66|CG0121176|-20|-66|CG0121177|-20|-55|CG0121178|-20|-44|CG0121178|-20|-44
253|5|8|1000|2|CG0120687|-17|-62|CG0120688|-27|-78
253|5|9|1000|1|CG0120689|-17|-53
253|5|10|1500|16|CG0120681|-17|-74|CG0120681|-17|-74|CG0120682|-17|-71|CG0120682|-17|-71|CG0120683|-16|-65|CG0120683|-16|-65|CG0120683|-16|-65|CG0120683|-16|-65|CG0120683|-16|-65|CG0120684|-14|-62|CG0120684|-14|-62|CG0120685|-16|-48|CG0120685|-16|-48|CG0120686|-14|-21|CG0120686|-14|-21|CG0120686|-14|-21
253|6|0|1200|4|CG0120740|-14|-72|CG0120741|-14|-73|CG0120742|-14|-73|CG0120741|-14|-73
253|6|1|1000|6|CG0120745|-13|-74|CG0120746|-19|-75|CG0120747|-23|-72|CG0120748|-20|-74|CG0120749|-13|-75|CG0120750|-22|-72
253|6|2|400|1|CG0188642|-38|-63
253|6|3|600|6|CG0121198|-26|-68|CG0121199|-27|-71|CG0121200|-26|-68|CG0121201|-26|-68|CG0121202|-28|-71|CG0121203|-23|-68
253|6|4|100|1|CG0196584|-20|-48
253|6|5|1300|23|CG0120712|-21|-73|CG0120712|-21|-73|CG0120713|-41|-72|CG0120713|-41|-72|CG0120714|-31|-72|CG0120714|-31|-72|CG0120715|-34|-73|CG0120715|-34|-73|CG0120716|-32|-73|CG0120716|-32|-73|CG0120716|-32|-73|CG0120716|-32|-73|CG0120716|-32|-73|CG0120716|-32|-73|CG0120717|-27|-73|CG0120717|-27|-73|CG0120717|-27|-73|CG0120717|-27|-73|CG0120717|-27|-73|CG0120718|-24|-73|CG0120718|-24|-73|CG0120719|-24|-73|CG0120719|-24|-73
253|6|6|1500|13|CG0120733|-21|-73|CG0120733|-21|-73|CG0120734|-17|-68|CG0120734|-17|-68|CG0120734|-17|-68|CG0120734|-17|-68|CG0120735|-22|-74|CG0120735|-22|-74|CG0120736|-25|-74|CG0120736|-25|-74|CG0120736|-25|-74|CG0120736|-25|-74|CG0120736|-25|-74
253|6|7|1200|12|CG0121239|-13|-72|CG0121239|-13|-72|CG0121240|-15|-75|CG0121240|-15|-75|CG0121241|-22|-76|CG0121241|-22|-76|CG0121241|-22|-76|CG0121242|-22|-68|CG0121242|-22|-68|CG0121243|-43|-56|CG0121244|-33|-46|CG0121244|-33|-46
253|6|8|1000|2|CG0120728|-24|-64|CG0120729|-23|-74
253|6|9|1000|1|CG0120730|-26|-55
253|6|10|1500|16|CG0120722|-13|-74|CG0120722|-13|-74|CG0120723|-13|-69|CG0120723|-13|-69|CG0120724|-13|-61|CG0120724|-13|-61|CG0120724|-13|-61|CG0120724|-13|-61|CG0120724|-13|-61|CG0120725|-16|-58|CG0120725|-16|-58|CG0120726|-17|-44|CG0120726|-17|-44|CG0120727|-36|-19|CG0120727|-36|-19|CG0120727|-36|-19
253|7|0|1200|4|CG0120781|-17|-71|CG0120782|-15|-71|CG0120783|-14|-71|CG0120782|-15|-71
253|7|1|1000|6|CG0120786|-17|-73|CG0120787|-17|-74|CG0120788|-23|-71|CG0120789|-18|-73|CG0120790|-19|-74|CG0120791|-24|-71
253|7|2|400|1|CG0188687|-44|-60
253|7|3|600|6|CG0121264|-19|-71|CG0121265|-19|-74|CG0121266|-23|-71|CG0121267|-19|-71|CG0121268|-21|-74|CG0121269|-25|-71
253|7|4|100|1|CG0196624|-25|-51
253|7|5|1300|23|CG0120753|-19|-71|CG0120753|-19|-71|CG0120754|-25|-71|CG0120754|-25|-71|CG0120755|-37|-71|CG0120755|-37|-71|CG0120756|-35|-73|CG0120756|-35|-73|CG0120757|-31|-73|CG0120757|-31|-73|CG0120757|-31|-73|CG0120757|-31|-73|CG0120757|-31|-73|CG0120757|-31|-73|CG0120758|-34|-72|CG0120758|-34|-72|CG0120758|-34|-72|CG0120758|-34|-72|CG0120758|-34|-72|CG0120759|-28|-72|CG0120759|-28|-72|CG0120760|-24|-71|CG0120760|-24|-71
253|7|6|1500|13|CG0120774|-17|-73|CG0120774|-17|-73|CG0120775|-20|-72|CG0120775|-20|-72|CG0120775|-20|-72|CG0120775|-20|-72|CG0120776|-22|-73|CG0120776|-22|-73|CG0120777|-25|-72|CG0120777|-25|-72|CG0120777|-25|-72|CG0120777|-25|-72|CG0120777|-25|-72
253|7|7|1200|12|CG0121305|-18|-71|CG0121305|-18|-71|CG0121306|-22|-72|CG0121306|-22|-72|CG0121307|-25|-72|CG0121307|-25|-72|CG0121307|-25|-72|CG0121308|-37|-69|CG0121308|-37|-69|CG0121309|-53|-63|CG0121310|-52|-58|CG0121310|-52|-58
253|7|8|1000|2|CG0120769|-26|-68|CG0120770|-25|-63
253|7|9|1000|1|CG0120771|-30|-61
253|7|10|1500|16|CG0120763|-19|-73|CG0120763|-19|-73|CG0120764|-12|-66|CG0120764|-12|-66|CG0120765|-11|-56|CG0120765|-11|-56|CG0120765|-11|-56|CG0120765|-11|-56|CG0120765|-11|-56|CG0120766|-15|-52|CG0120766|-15|-52|CG0120767|-25|-46|CG0120767|-25|-46|CG0120768|-55|-19|CG0120768|-55|-19|CG0120768|-55|-19
