248|0|0|1200|4|CG0118480|-15|-71|CG0118481|-15|-71|CG0118482|-15|-71|CG0118481|-15|-71
248|0|1|1000|6|CG0118492|-19|-72|CG0118493|-14|-73|CG0118494|-21|-70|CG0118495|-14|-72|CG0118496|-19|-73|CG0118497|-23|-70
248|0|2|400|1|CG0188372|-32|-70
248|0|3|600|6|CG0118442|-28|-72|CG0118443|-25|-75|CG0118444|-19|-73|CG0118445|-23|-72|CG0118446|-25|-75|CG0118447|-27|-73
248|0|4|100|1|CG0196344|-27|-55
248|0|5|1300|38|CG0118434|-24|-72|CG0118434|-24|-72|CG0118434|-24|-72|CG0118434|-24|-72|CG0118435|-22|-72|CG0118435|-22|-72|CG0118435|-22|-72|CG0118435|-22|-72|CG0118436|-21|-73|CG0118436|-21|-73|CG0118436|-21|-73|CG0118436|-21|-73|CG0118436|-21|-73|CG0118436|-21|-73|CG0118436|-21|-73|CG0118436|-21|-73|CG0118437|-26|-74|CG0118437|-26|-74|CG0118438|-26|-76|CG0118438|-26|-76|CG0118439|-35|-76|CG0118439|-35|-76|CG0118439|-35|-76|CG0118439|-35|-76|CG0118439|-35|-76|CG0118439|-35|-76|CG0118439|-35|-76|CG0118439|-35|-76|CG0118439|-35|-76|CG0118439|-35|-76|CG0118440|-28|-75|CG0118440|-28|-75|CG0118440|-28|-75|CG0118440|-28|-75|CG0118441|-26|-73|CG0118441|-26|-73|CG0118441|-26|-73|CG0118441|-26|-73
248|0|6|1500|13|CG0118469|-21|-73|CG0118469|-21|-73|CG0118470|-17|-75|CG0118470|-17|-75|CG0118470|-17|-75|CG0118470|-17|-75|CG0118471|-20|-72|CG0118471|-20|-72|CG0118472|-21|-71|CG0118472|-21|-71|CG0118472|-21|-71|CG0118472|-21|-71|CG0118472|-21|-71
248|0|7|1200|12|CG0118483|-24|-70|CG0118483|-24|-70|CG0118484|-24|-69|CG0118484|-24|-69|CG0118485|-18|-68|CG0118485|-18|-68|CG0118485|-18|-68|CG0118486|-32|-69|CG0118486|-32|-69|CG0118487|-36|-72|CG0118488|-47|-74|CG0118488|-47|-74
248|0|8|1000|2|CG0118460|-24|-73|CG0118461|-19|-51
248|0|9|1000|1|CG0118466|-27|-68
248|0|10|1500|16|CG0118454|-13|-72|CG0118454|-13|-72|CG0118455|-9|-64|CG0118455|-9|-64|CG0118456|-7|-52|CG0118456|-7|-52|CG0118456|-7|-52|CG0118456|-7|-52|CG0118456|-7|-52|CG0118457|-11|-48|CG0118457|-11|-48|CG0118458|-26|-51|CG0118458|-26|-51|CG0118459|-49|-34|CG0118459|-49|-34|CG0118459|-49|-34
248|1|0|1200|4|CG0118546|-21|-71|CG0118547|-20|-71|CG0118548|-20|-71|CG0118547|-20|-71
248|1|1|1000|6|CG0118558|-17|-71|CG0118559|-17|-73|CG0118560|-17|-70|CG0118561|-17|-71|CG0118562|-17|-72|CG0118563|-17|-70
248|1|2|400|1|CG0188417|-17|-71
248|1|3|600|6|CG0118508|-27|-73|CG0118509|-20|-75|CG0118510|-17|-73|CG0118511|-19|-73|CG0118512|-28|-75|CG0118513|-33|-73
248|1|4|100|1|CG0196384|-26|-58
248|1|5|1300|38|CG0118500|-18|-71|CG0118500|-18|-71|CG0118500|-18|-71|CG0118500|-18|-71|CG0118501|-19|-72|CG0118501|-19|-72|CG0118501|-19|-72|CG0118501|-19|-72|CG0118502|-18|-74|CG0118502|-18|-74|CG0118502|-18|-74|CG0118502|-18|-74|CG0118502|-18|-74|CG0118502|-18|-74|CG0118502|-18|-74|CG0118502|-18|-74|CG0118503|-18|-74|CG0118503|-18|-74|CG0118504|-24|-76|CG0118504|-24|-76|CG0118505|-26|-78|CG0118505|-26|-78|CG0118505|-26|-78|CG0118505|-26|-78|CG0118505|-26|-78|CG0118505|-26|-78|CG0118505|-26|-78|CG0118505|-26|-78|CG0118505|-26|-78|CG0118505|-26|-78|CG0118506|-26|-75|CG0118506|-26|-75|CG0118506|-26|-75|CG0118506|-26|-75|CG0118507|-21|-73|CG0118507|-21|-73|CG0118507|-21|-73|CG0118507|-21|-73
248|1|6|1500|13|CG0118535|-17|-72|CG0118535|-17|-72|CG0118536|-17|-75|CG0118536|-17|-75|CG0118536|-17|-75|CG0118536|-17|-75|CG0118537|-17|-72|CG0118537|-17|-72|CG0118538|-17|-71|CG0118538|-17|-71|CG0118538|-17|-71|CG0118538|-17|-71|CG0118538|-17|-71
248|1|7|1200|12|CG0118549|-21|-70|CG0118549|-21|-70|CG0118550|-20|-68|CG0118550|-20|-68|CG0118551|-16|-64|CG0118551|-16|-64|CG0118551|-16|-64|CG0118552|-16|-68|CG0118552|-16|-68|CG0118553|-26|-78|CG0118554|-26|-83|CG0118554|-26|-83
248|1|8|1000|2|CG0118526|-17|-75|CG0118527|-25|-46
248|1|9|1000|1|CG0118532|-17|-70
248|1|10|1500|16|CG0118520|-17|-71|CG0118520|-17|-71|CG0118521|-18|-63|CG0118521|-18|-63|CG0118522|-21|-52|CG0118522|-21|-52|CG0118522|-21|-52|CG0118522|-21|-52|CG0118522|-21|-52|CG0118523|-23|-48|CG0118523|-23|-48|CG0118524|-27|-56|CG0118524|-27|-56|CG0118525|-22|-42|CG0118525|-22|-42|CG0118525|-22|-42
248|2|0|1200|4|CG0118612|-22|-73|CG0118613|-22|-73|CG0118614|-21|-73|CG0118613|-22|-73
248|2|1|1000|6|CG0118624|-19|-72|CG0118625|-19|-73|CG0118626|-20|-70|CG0118627|-20|-72|CG0118628|-19|-73|CG0118629|-22|-71
248|2|2|400|1|CG0188462|-33|-62
248|2|3|600|6|CG0118574|-22|-72|CG0118575|-22|-75|CG0118576|-30|-73|CG0118577|-22|-72|CG0118578|-22|-75|CG0118579|-22|-73
248|2|4|100|1|CG0196424|-14|-57
248|2|5|1300|38|CG0118566|-19|-72|CG0118566|-19|-72|CG0118566|-19|-72|CG0118566|-19|-72|CG0118567|-16|-72|CG0118567|-16|-72|CG0118567|-16|-72|CG0118567|-16|-72|CG0118568|-13|-73|CG0118568|-13|-73|CG0118568|-13|-73|CG0118568|-13|-73|CG0118568|-13|-73|CG0118568|-13|-73|CG0118568|-13|-73|CG0118568|-13|-73|CG0118569|-12|-73|CG0118569|-12|-73|CG0118570|-11|-74|CG0118570|-11|-74|CG0118571|-18|-76|CG0118571|-18|-76|CG0118571|-18|-76|CG0118571|-18|-76|CG0118571|-18|-76|CG0118571|-18|-76|CG0118571|-18|-76|CG0118571|-18|-76|CG0118571|-18|-76|CG0118571|-18|-76|CG0118572|-13|-74|CG0118572|-13|-74|CG0118572|-13|-74|CG0118572|-13|-74|CG0118573|-18|-73|CG0118573|-18|-73|CG0118573|-18|-73|CG0118573|-18|-73
248|2|6|1500|13|CG0118601|-21|-73|CG0118601|-21|-73|CG0118602|-22|-74|CG0118602|-22|-74|CG0118602|-22|-74|CG0118602|-22|-74|CG0118603|-20|-72|CG0118603|-20|-72|CG0118604|-20|-71|CG0118604|-20|-71|CG0118604|-20|-71|CG0118604|-20|-71|CG0118604|-20|-71
248|2|7|1200|12|CG0118615|-19|-71|CG0118615|-19|-71|CG0118616|-22|-68|CG0118616|-22|-68|CG0118617|-22|-63|CG0118617|-22|-63|CG0118617|-22|-63|CG0118618|-13|-65|CG0118618|-13|-65|CG0118619|-8|-77|CG0118620|-13|-81|CG0118620|-13|-81
248|2|8|1000|2|CG0118592|-25|-73|CG0118593|-35|-51
248|2|9|1000|1|CG0118598|-26|-68
248|2|10|1500|16|CG0118586|-19|-72|CG0118586|-19|-72|CG0118587|-24|-65|CG0118587|-24|-65|CG0118588|-29|-56|CG0118588|-29|-56|CG0118588|-29|-56|CG0118588|-29|-56|CG0118588|-29|-56|CG0118589|-28|-52|CG0118589|-28|-52|CG0118590|-31|-59|CG0118590|-31|-59|CG0118591|-31|-41|CG0118591|-31|-41|CG0118591|-31|-41
248|3|0|1200|4|CG0118678|-17|-75|CG0118679|-17|-75|CG0118680|-17|-74|CG0118679|-17|-75
248|3|1|1000|6|CG0118690|-18|-73|CG0118691|-17|-74|CG0118692|-24|-71|CG0118693|-18|-73|CG0118694|-18|-74|CG0118695|-23|-72
248|3|2|400|1|CG0188507|-36|-53
248|3|3|600|6|CG0118640|-23|-71|CG0118641|-22|-73|CG0118642|-33|-71|CG0118643|-21|-71|CG0118644|-22|-73|CG0118645|-32|-71
248|3|4|100|1|CG0196464|-10|-51
248|3|5|1300|38|CG0118632|-18|-73|CG0118632|-18|-73|CG0118632|-18|-73|CG0118632|-18|-73|CG0118633|-16|-72|CG0118633|-16|-72|CG0118633|-16|-72|CG0118633|-16|-72|CG0118634|-14|-72|CG0118634|-14|-72|CG0118634|-14|-72|CG0118634|-14|-72|CG0118634|-14|-72|CG0118634|-14|-72|CG0118634|-14|-72|CG0118634|-14|-72|CG0118635|-11|-71|CG0118635|-11|-71|CG0118636|-7|-71|CG0118636|-7|-71|CG0118637|-6|-71|CG0118637|-6|-71|CG0118637|-6|-71|CG0118637|-6|-71|CG0118637|-6|-71|CG0118637|-6|-71|CG0118637|-6|-71|CG0118637|-6|-71|CG0118637|-6|-71|CG0118637|-6|-71|CG0118638|-9|-72|CG0118638|-9|-72|CG0118638|-9|-72|CG0118638|-9|-72|CG0118639|-14|-73|CG0118639|-14|-73|CG0118639|-14|-73|CG0118639|-14|-73
248|3|6|1500|13|CG0118667|-16|-73|CG0118667|-16|-73|CG0118668|-17|-72|CG0118668|-17|-72|CG0118668|-17|-72|CG0118668|-17|-72|CG0118669|-17|-73|CG0118669|-17|-73|CG0118670|-18|-72|CG0118670|-18|-72|CG0118670|-18|-72|CG0118670|-18|-72|CG0118670|-18|-72
248|3|7|1200|12|CG0118681|-17|-72|CG0118681|-17|-72|CG0118682|-21|-70|CG0118682|-21|-70|CG0118683|-36|-66|CG0118683|-36|-66|CG0118683|-36|-66|CG0118684|-19|-63|CG0118684|-19|-63|CG0118685|-9|-71|CG0118686|-14|-70|CG0118686|-14|-70
248|3|8|1000|2|CG0118658|-20|-68|CG0118659|-45|-63
248|3|9|1000|1|CG0118664|-23|-61
248|3|10|1500|16|CG0118652|-17|-73|CG0118652|-17|-73|CG0118653|-22|-68|CG0118653|-22|-68|CG0118654|-29|-61|CG0118654|-29|-61|CG0118654|-29|-61|CG0118654|-29|-61|CG0118654|-29|-61|CG0118655|-29|-57|CG0118655|-29|-57|CG0118656|-30|-58|CG0118656|-30|-58|CG0118657|-29|-29|CG0118657|-29|-29|CG0118657|-29|-29
248|4|0|1200|4|CG0118744|-17|-75|CG0118745|-17|-75|CG0118746|-17|-75|CG0118745|-17|-75
248|4|1|1000|6|CG0118756|-20|-74|CG0118757|-20|-75|CG0118758|-22|-72|CG0118759|-20|-74|CG0118760|-20|-75|CG0118761|-20|-72
248|4|2|400|1|CG0188552|-25|-51
248|4|3|600|6|CG0118706|-22|-68|CG0118707|-22|-71|CG0118708|-22|-68|CG0118709|-22|-68|CG0118710|-22|-71|CG0118711|-28|-68
248|4|4|100|1|CG0196504|-21|-46
248|4|5|1300|38|CG0118698|-19|-74|CG0118698|-19|-74|CG0118698|-19|-74|CG0118698|-19|-74|CG0118699|-22|-72|CG0118699|-22|-72|CG0118699|-22|-72|CG0118699|-22|-72|CG0118700|-22|-71|CG0118700|-22|-71|CG0118700|-22|-71|CG0118700|-22|-71|CG0118700|-22|-71|CG0118700|-22|-71|CG0118700|-22|-71|CG0118700|-22|-71|CG0118701|-29|-70|CG0118701|-29|-70|CG0118702|-14|-68|CG0118702|-14|-68|CG0118703|-12|-67|CG0118703|-12|-67|CG0118703|-12|-67|CG0118703|-12|-67|CG0118703|-12|-67|CG0118703|-12|-67|CG0118703|-12|-67|CG0118703|-12|-67|CG0118703|-12|-67|CG0118703|-12|-67|CG0118704|-13|-70|CG0118704|-13|-70|CG0118704|-13|-70|CG0118704|-13|-70|CG0118705|-17|-73|CG0118705|-17|-73|CG0118705|-17|-73|CG0118705|-17|-73
248|4|6|1500|13|CG0118733|-21|-73|CG0118733|-21|-73|CG0118734|-22|-69|CG0118734|-22|-69|CG0118734|-22|-69|CG0118734|-22|-69|CG0118735|-20|-74|CG0118735|-20|-74|CG0118736|-20|-74|CG0118736|-20|-74|CG0118736|-20|-74|CG0118736|-20|-74|CG0118736|-20|-74
248|4|7|1200|12|CG0118747|-18|-73|CG0118747|-18|-73|CG0118748|-25|-73|CG0118748|-25|-73|CG0118749|-35|-72|CG0118749|-35|-72|CG0118749|-35|-72|CG0118750|-26|-64|CG0118750|-26|-64|CG0118751|-12|-61|CG0118752|-22|-54|CG0118752|-22|-54
248|4|8|1000|2|CG0118724|-25|-64|CG0118725|-34|-74
248|4|9|1000|1|CG0118730|-26|-55
248|4|10|1500|16|CG0118718|-20|-74|CG0118718|-20|-74|CG0118719|-22|-70|CG0118719|-22|-70|CG0118720|-24|-65|CG0118720|-24|-65|CG0118720|-24|-65|CG0118720|-24|-65|CG0118720|-24|-65|CG0118721|-21|-62|CG0118721|-21|-62|CG0118722|-24|-53|CG0118722|-24|-53|CG0118723|-17|-26|CG0118723|-17|-26|CG0118723|-17|-26
248|5|0|1200|4|CG0118810|-13|-74|CG0118811|-14|-74|CG0118812|-14|-74|CG0118811|-14|-74
248|5|1|1000|6|CG0118822|-17|-74|CG0118823|-17|-75|CG0118824|-17|-72|CG0118825|-17|-74|CG0118826|-17|-75|CG0118827|-17|-73
248|5|2|400|1|CG0188597|-19|-60
248|5|3|600|6|CG0118772|-22|-67|CG0118773|-28|-70|CG0118774|-33|-67|CG0118775|-28|-67|CG0118776|-22|-70|CG0118777|-17|-67
248|5|4|100|1|CG0196544|-24|-45
248|5|5|1300|38|CG0118764|-17|-74|CG0118764|-17|-74|CG0118764|-17|-74|CG0118764|-17|-74|CG0118765|-28|-73|CG0118765|-28|-73|CG0118765|-28|-73|CG0118765|-28|-73|CG0118766|-18|-71|CG0118766|-18|-71|CG0118766|-18|-71|CG0118766|-18|-71|CG0118766|-18|-71|CG0118766|-18|-71|CG0118766|-18|-71|CG0118766|-18|-71|CG0118767|-31|-70|CG0118767|-31|-70|CG0118768|-21|-67|CG0118768|-21|-67|CG0118769|-20|-66|CG0118769|-20|-66|CG0118769|-20|-66|CG0118769|-20|-66|CG0118769|-20|-66|CG0118769|-20|-66|CG0118769|-20|-66|CG0118769|-20|-66|CG0118769|-20|-66|CG0118769|-20|-66|CG0118770|-19|-69|CG0118770|-19|-69|CG0118770|-19|-69|CG0118770|-19|-69|CG0118771|-16|-72|CG0118771|-16|-72|CG0118771|-16|-72|CG0118771|-16|-72
248|5|6|1500|13|CG0118799|-17|-73|CG0118799|-17|-73|CG0118800|-17|-68|CG0118800|-17|-68|CG0118800|-17|-68|CG0118800|-17|-68|CG0118801|-17|-74|CG0118801|-17|-74|CG0118802|-17|-74|CG0118802|-17|-74|CG0118802|-17|-74|CG0118802|-17|-74|CG0118802|-17|-74
248|5|7|1200|12|CG0118813|-16|-73|CG0118813|-16|-73|CG0118814|-17|-75|CG0118814|-17|-75|CG0118815|-18|-76|CG0118815|-18|-76|CG0118815|-18|-76|CG0118816|-20|-66|CG0118816|-20|-66|CG0118817|-20|-55|CG0118818|-20|-44|CG0118818|-20|-44
248|5|8|1000|2|CG0118790|-17|-62|CG0118791|-27|-78
248|5|9|1000|1|CG0118796|-17|-53
248|5|10|1500|16|CG0118784|-17|-74|CG0118784|-17|-74|CG0118785|-17|-71|CG0118785|-17|-71|CG0118786|-16|-65|CG0118786|-16|-65|CG0118786|-16|-65|CG0118786|-16|-65|CG0118786|-16|-65|CG0118787|-14|-62|CG0118787|-14|-62|CG0118788|-16|-47|CG0118788|-16|-47|CG0118789|-14|-21|CG0118789|-14|-21|CG0118789|-14|-21
248|6|0|1200|4|CG0118876|-14|-72|CG0118877|-14|-73|CG0118878|-14|-73|CG0118877|-14|-73
248|6|1|1000|6|CG0118888|-13|-74|CG0118889|-19|-75|CG0118890|-23|-72|CG0118891|-20|-74|CG0118892|-13|-75|CG0118893|-22|-72
248|6|2|400|1|CG0188642|-38|-63
248|6|3|600|6|CG0118838|-26|-68|CG0118839|-27|-71|CG0118840|-26|-68|CG0118841|-26|-68|CG0118842|-28|-71|CG0118843|-23|-68
248|6|4|100|1|CG0196584|-20|-48
248|6|5|1300|38|CG0118830|-14|-74|CG0118830|-14|-74|CG0118830|-14|-74|CG0118830|-14|-74|CG0118831|-20|-73|CG0118831|-20|-73|CG0118831|-20|-73|CG0118831|-20|-73|CG0118832|-23|-72|CG0118832|-23|-72|CG0118832|-23|-72|CG0118832|-23|-72|CG0118832|-23|-72|CG0118832|-23|-72|CG0118832|-23|-72|CG0118832|-23|-72|CG0118833|-22|-71|CG0118833|-22|-71|CG0118834|-43|-69|CG0118834|-43|-69|CG0118835|-28|-68|CG0118835|-28|-68|CG0118835|-28|-68|CG0118835|-28|-68|CG0118835|-28|-68|CG0118835|-28|-68|CG0118835|-28|-68|CG0118835|-28|-68|CG0118835|-28|-68|CG0118835|-28|-68|CG0118836|-22|-70|CG0118836|-22|-70|CG0118836|-22|-70|CG0118836|-22|-70|CG0118837|-19|-72|CG0118837|-19|-72|CG0118837|-19|-72|CG0118837|-19|-72
248|6|6|1500|13|CG0118865|-21|-73|CG0118865|-21|-73|CG0118866|-17|-68|CG0118866|-17|-68|CG0118866|-17|-68|CG0118866|-17|-68|CG0118867|-19|-74|CG0118867|-19|-74|CG0118868|-23|-74|CG0118868|-23|-74|CG0118868|-23|-74|CG0118868|-23|-74|CG0118868|-23|-74
248|6|7|1200|12|CG0118879|-13|-72|CG0118879|-13|-72|CG0118880|-15|-75|CG0118880|-15|-75|CG0118881|-22|-76|CG0118881|-22|-76|CG0118881|-22|-76|CG0118882|-22|-68|CG0118882|-22|-68|CG0118883|-43|-56|CG0118884|-33|-46|CG0118884|-33|-46
248|6|8|1000|2|CG0118856|-24|-64|CG0118857|-23|-74
248|6|9|1000|1|CG0118862|-26|-55
248|6|10|1500|16|CG0118850|-13|-74|CG0118850|-13|-74|CG0118851|-13|-69|CG0118851|-13|-69|CG0118852|-13|-61|CG0118852|-13|-61|CG0118852|-13|-61|CG0118852|-13|-61|CG0118852|-13|-61|CG0118853|-16|-58|CG0118853|-16|-58|CG0118854|-17|-44|CG0118854|-17|-44|CG0118855|-36|-19|CG0118855|-36|-19|CG0118855|-36|-19
248|7|0|1200|4|CG0118942|-10|-71|CG0118943|-10|-71|CG0118944|-11|-71|CG0118943|-10|-71
248|7|1|1000|6|CG0118954|-13|-73|CG0118955|-12|-74|CG0118956|-23|-71|CG0118957|-13|-73|CG0118958|-13|-74|CG0118959|-24|-71
248|7|2|400|1|CG0188687|-44|-60
248|7|3|600|6|CG0118904|-19|-71|CG0118905|-19|-74|CG0118906|-23|-71|CG0118907|-19|-71|CG0118908|-21|-74|CG0118909|-25|-71
248|7|4|100|1|CG0196624|-25|-51
248|7|5|1300|38|CG0118896|-21|-72|CG0118896|-21|-72|CG0118896|-21|-72|CG0118896|-21|-72|CG0118897|-25|-73|CG0118897|-25|-73|CG0118897|-25|-73|CG0118897|-25|-73|CG0118898|-27|-73|CG0118898|-27|-73|CG0118898|-27|-73|CG0118898|-27|-73|CG0118898|-27|-73|CG0118898|-27|-73|CG0118898|-27|-73|CG0118898|-27|-73|CG0118899|-31|-73|CG0118899|-31|-73|CG0118900|-42|-73|CG0118900|-42|-73|CG0118901|-28|-72|CG0118901|-28|-72|CG0118901|-28|-72|CG0118901|-28|-72|CG0118901|-28|-72|CG0118901|-28|-72|CG0118901|-28|-72|CG0118901|-28|-72|CG0118901|-28|-72|CG0118901|-28|-72|CG0118902|-30|-72|CG0118902|-30|-72|CG0118902|-30|-72|CG0118902|-30|-72|CG0118903|-24|-73|CG0118903|-24|-73|CG0118903|-24|-73|CG0118903|-24|-73
248|7|6|1500|13|CG0118931|-17|-73|CG0118931|-17|-73|CG0118932|-20|-72|CG0118932|-20|-72|CG0118932|-20|-72|CG0118932|-20|-72|CG0118933|-21|-73|CG0118933|-21|-73|CG0118934|-24|-72|CG0118934|-24|-72|CG0118934|-24|-72|CG0118934|-24|-72|CG0118934|-24|-72
248|7|7|1200|12|CG0118945|-18|-71|CG0118945|-18|-71|CG0118946|-22|-72|CG0118946|-22|-72|CG0118947|-25|-72|CG0118947|-25|-72|CG0118947|-25|-72|CG0118948|-37|-69|CG0118948|-37|-69|CG0118949|-53|-63|CG0118950|-52|-58|CG0118950|-52|-58
248|7|8|1000|2|CG0118922|-25|-68|CG0118923|-25|-63
248|7|9|1000|1|CG0118928|-30|-61
248|7|10|1500|16|CG0118916|-10|-73|CG0118916|-10|-73|CG0118917|-11|-66|CG0118917|-11|-66|CG0118918|-11|-56|CG0118918|-11|-56|CG0118918|-11|-56|CG0118918|-11|-56|CG0118918|-11|-56|CG0118919|-15|-52|CG0118919|-15|-52|CG0118920|-22|-46|CG0118920|-22|-46|CG0118921|-55|-19|CG0118921|-55|-19|CG0118921|-55|-19
