227|0|0|1200|4|CG0110395|-16|-71|CG0110396|-16|-72|CG0110397|-24|-72|CG0110396|-16|-72
227|0|1|1000|6|CG0110400|-16|-72|CG0110401|-18|-73|CG0110402|-23|-70|CG0110403|-18|-72|CG0110404|-16|-74|CG0110405|-23|-71
227|0|2|400|1|CG0188372|-32|-70
227|0|3|500|6|CG0110370|-28|-72|CG0110371|-26|-73|CG0110372|-25|-72|CG0110373|-28|-72|CG0110374|-32|-74|CG0110375|-28|-72
227|0|4|100|1|CG0196344|-27|-55
227|0|5|1200|22|CG0110362|-16|-70|CG0110362|-16|-70|CG0110363|-15|-70|CG0110363|-15|-70|CG0110364|-15|-72|CG0110364|-15|-72|CG0110364|-15|-72|CG0110364|-15|-72|CG0110365|-20|-71|CG0110365|-20|-71|CG0110366|-43|-71|CG0110366|-43|-71|CG0110367|-47|-73|CG0110367|-47|-73|CG0110367|-47|-73|CG0110367|-47|-73|CG0110367|-47|-73|CG0110367|-47|-73|CG0110368|-34|-75|CG0110368|-34|-75|CG0110369|-18|-71|CG0110369|-18|-71
227|0|6|1000|5|CG0110389|-29|-92|CG0110389|-29|-92|CG0110390|-26|-97|CG0110391|-18|-91|CG0110391|-18|-91
227|0|7|1000|10|CG0109154|-19|-71|CG0109154|-19|-71|CG0109155|-19|-71|CG0109155|-19|-71|CG0109156|-17|-69|CG0109156|-17|-69|CG0109156|-17|-69|CG0109157|-27|-70|CG0109158|-30|-73|CG0109159|-30|-73
227|0|8|1000|2|CG0110384|-29|-94|CG0110385|-28|-93
227|0|9|1000|1|CG0110386|-32|-61
227|0|10|1200|10|CG0110378|-19|-72|CG0110379|-22|-62|CG0110380|-27|-57|CG0110380|-27|-57|CG0110381|-34|-61|CG0110381|-34|-61|CG0110382|-48|-56|CG0110382|-48|-56|CG0110383|-56|-44|CG0110383|-56|-44
227|1|0|1200|4|CG0110441|-18|-73|CG0110442|-18|-73|CG0110443|-18|-73|CG0110442|-18|-73
227|1|1|1000|6|CG0110446|-16|-72|CG0110447|-17|-74|CG0110448|-17|-71|CG0110449|-16|-73|CG0110450|-17|-75|CG0110451|-17|-72
227|1|2|400|1|CG0188417|-17|-71
227|1|3|500|6|CG0110416|-19|-75|CG0110417|-28|-75|CG0110418|-27|-74|CG0110419|-30|-75|CG0110420|-24|-77|CG0110421|-18|-75
227|1|4|100|1|CG0196384|-26|-58
227|1|5|1200|22|CG0110408|-19|-72|CG0110408|-19|-72|CG0110409|-22|-72|CG0110409|-22|-72|CG0110410|-22|-72|CG0110410|-22|-72|CG0110410|-22|-72|CG0110410|-22|-72|CG0110411|-22|-73|CG0110411|-22|-73|CG0110412|-14|-77|CG0110412|-14|-77|CG0110413|-13|-80|CG0110413|-13|-80|CG0110413|-13|-80|CG0110413|-13|-80|CG0110413|-13|-80|CG0110413|-13|-80|CG0110414|-19|-81|CG0110414|-19|-81|CG0110415|-20|-72|CG0110415|-20|-72
227|1|6|1000|5|CG0110435|-37|-92|CG0110435|-37|-92|CG0110436|-21|-95|CG0110437|-19|-93|CG0110437|-19|-93
227|1|7|1000|10|CG0109219|-20|-73|CG0109219|-20|-73|CG0109220|-19|-70|CG0109220|-19|-70|CG0109221|-17|-66|CG0109221|-17|-66|CG0109221|-17|-66|CG0109222|-21|-71|CG0109223|-27|-76|CG0109224|-28|-76
227|1|8|1000|2|CG0110430|-19|-97|CG0110431|-25|-89
227|1|9|1000|1|CG0110432|-21|-62
227|1|10|1200|10|CG0110424|-18|-73|CG0110425|-18|-61|CG0110426|-23|-60|CG0110426|-23|-60|CG0110427|-22|-66|CG0110427|-22|-66|CG0110428|-21|-64|CG0110428|-21|-64|CG0110429|-21|-53|CG0110429|-21|-53
227|2|0|1200|4|CG0110487|-28|-73|CG0110488|-22|-73|CG0110489|-19|-73|CG0110488|-22|-73
227|2|1|1000|6|CG0110492|-21|-72|CG0110493|-22|-73|CG0110494|-22|-71|CG0110495|-21|-72|CG0110496|-20|-74|CG0110497|-20|-71
227|2|2|400|1|CG0188462|-33|-62
227|2|3|500|6|CG0110462|-21|-73|CG0110463|-17|-74|CG0110464|-27|-73|CG0110465|-18|-74|CG0110466|-23|-75|CG0110467|-29|-73
227|2|4|100|1|CG0196424|-14|-57
227|2|5|1200|22|CG0110454|-29|-72|CG0110454|-29|-72|CG0110455|-30|-72|CG0110455|-30|-72|CG0110456|-32|-72|CG0110456|-32|-72|CG0110456|-32|-72|CG0110456|-32|-72|CG0110457|-27|-73|CG0110457|-27|-73|CG0110458|-16|-67|CG0110458|-16|-67|CG0110459|-18|-66|CG0110459|-18|-66|CG0110459|-18|-66|CG0110459|-18|-66|CG0110459|-18|-66|CG0110459|-18|-66|CG0110460|-15|-72|CG0110460|-15|-72|CG0110461|-25|-71|CG0110461|-25|-71
227|2|6|1000|5|CG0110481|-27|-88|CG0110481|-27|-88|CG0110482|-19|-91|CG0110483|-17|-92|CG0110483|-17|-92
227|2|7|1000|10|CG0109284|-19|-74|CG0109284|-19|-74|CG0109285|-20|-71|CG0109285|-20|-71|CG0109286|-21|-68|CG0109286|-21|-68|CG0109286|-21|-68|CG0109287|-19|-72|CG0109288|-14|-75|CG0109289|-17|-75
227|2|8|1000|2|CG0110476|-14|-85|CG0110477|-28|-74
227|2|9|1000|1|CG0110478|-14|-60
227|2|10|1200|10|CG0110470|-20|-73|CG0110471|-20|-62|CG0110472|-20|-58|CG0110472|-20|-58|CG0110473|-20|-62|CG0110473|-20|-62|CG0110474|-20|-58|CG0110474|-20|-58|CG0110475|-20|-46|CG0110475|-20|-46
227|3|0|1200|4|CG0110533|-40|-74|CG0110534|-39|-74|CG0110535|-37|-74|CG0110534|-39|-74
227|3|1|1000|6|CG0110538|-37|-73|CG0110539|-38|-75|CG0110540|-39|-72|CG0110541|-37|-73|CG0110542|-36|-75|CG0110543|-35|-72
227|3|2|400|1|CG0188507|-36|-53
227|3|3|500|6|CG0110508|-19|-71|CG0110509|-26|-72|CG0110510|-30|-71|CG0110511|-21|-72|CG0110512|-24|-74|CG0110513|-30|-72
227|3|4|100|1|CG0196464|-10|-51
227|3|5|1200|22|CG0110500|-35|-73|CG0110500|-35|-73|CG0110501|-37|-74|CG0110501|-37|-74|CG0110502|-30|-75|CG0110502|-30|-75|CG0110502|-30|-75|CG0110502|-30|-75|CG0110503|-42|-75|CG0110503|-42|-75|CG0110504|-15|-61|CG0110504|-15|-61|CG0110505|-19|-61|CG0110505|-19|-61|CG0110505|-19|-61|CG0110505|-19|-61|CG0110505|-19|-61|CG0110505|-19|-61|CG0110506|-21|-71|CG0110506|-21|-71|CG0110507|-35|-73|CG0110507|-35|-73
227|3|6|1000|5|CG0110527|-20|-81|CG0110527|-20|-81|CG0110528|-18|-84|CG0110529|-16|-85|CG0110529|-16|-85
227|3|7|1000|10|CG0109349|-17|-75|CG0109349|-17|-75|CG0109350|-20|-73|CG0109350|-20|-73|CG0109351|-24|-71|CG0109351|-24|-71|CG0109351|-24|-71|CG0109352|-22|-72|CG0109353|-14|-70|CG0109354|-20|-69
227|3|8|1000|2|CG0110522|-10|-71|CG0110523|-36|-63
227|3|9|1000|1|CG0110524|-26|-54
227|3|10|1200|10|CG0110516|-35|-74|CG0110517|-29|-62|CG0110518|-15|-52|CG0110518|-15|-52|CG0110519|-10|-51|CG0110519|-10|-51|CG0110520|-11|-41|CG0110520|-11|-41|CG0110521|-10|-26|CG0110521|-10|-26
227|4|0|1200|4|CG0110579|-30|-75|CG0110580|-34|-74|CG0110581|-37|-74|CG0110580|-34|-74
227|4|1|1000|6|CG0110584|-32|-73|CG0110585|-33|-75|CG0110586|-33|-72|CG0110587|-32|-73|CG0110588|-31|-75|CG0110589|-31|-72
227|4|2|400|1|CG0188552|-25|-51
227|4|3|500|6|CG0110554|-12|-68|CG0110555|-24|-69|CG0110556|-27|-68|CG0110557|-21|-69|CG0110558|-15|-70|CG0110559|-19|-68
227|4|4|100|1|CG0196504|-21|-46
227|4|5|1200|22|CG0110546|-23|-74|CG0110546|-23|-74|CG0110547|-24|-75|CG0110547|-24|-75|CG0110548|-16|-74|CG0110548|-16|-74|CG0110548|-16|-74|CG0110548|-16|-74|CG0110549|-33|-74|CG0110549|-33|-74|CG0110550|-15|-58|CG0110550|-15|-58|CG0110551|-13|-58|CG0110551|-13|-58|CG0110551|-13|-58|CG0110551|-13|-58|CG0110551|-13|-58|CG0110551|-13|-58|CG0110552|-25|-68|CG0110552|-25|-68|CG0110553|-26|-73|CG0110553|-26|-73
227|4|6|1000|5|CG0110573|-38|-76|CG0110573|-38|-76|CG0110574|-17|-79|CG0110575|-16|-78|CG0110575|-16|-78
227|4|7|1000|10|CG0109414|-18|-73|CG0109414|-18|-73|CG0109415|-23|-74|CG0109415|-23|-74|CG0109416|-20|-72|CG0109416|-20|-72|CG0109416|-20|-72|CG0109417|-25|-71|CG0109418|-15|-62|CG0109419|-22|-61
227|4|8|1000|2|CG0110568|-12|-68|CG0110569|-32|-71
227|4|9|1000|1|CG0110570|-35|-59
227|4|10|1200|10|CG0110562|-30|-74|CG0110563|-25|-65|CG0110564|-20|-49|CG0110564|-20|-49|CG0110565|-20|-41|CG0110565|-20|-41|CG0110566|-19|-21|CG0110566|-19|-21|CG0110567|-19|-17|CG0110567|-19|-17
227|5|0|1200|4|CG0110625|-24|-73|CG0110626|-18|-73|CG0110627|-17|-73|CG0110626|-18|-73
227|5|1|1000|6|CG0110630|-20|-73|CG0110631|-20|-75|CG0110632|-19|-72|CG0110633|-20|-73|CG0110634|-20|-75|CG0110635|-20|-72
227|5|2|400|1|CG0188597|-19|-60
227|5|3|500|6|CG0110600|-52|-66|CG0110601|-51|-67|CG0110602|-51|-65|CG0110603|-50|-66|CG0110604|-51|-68|CG0110605|-51|-66
227|5|4|100|1|CG0196544|-24|-45
227|5|5|1200|22|CG0110592|-33|-73|CG0110592|-33|-73|CG0110593|-27|-73|CG0110593|-27|-73|CG0110594|-45|-72|CG0110594|-45|-72|CG0110594|-45|-72|CG0110594|-45|-72|CG0110595|-28|-71|CG0110595|-28|-71|CG0110596|-20|-58|CG0110596|-20|-58|CG0110597|-21|-58|CG0110597|-21|-58|CG0110597|-21|-58|CG0110597|-21|-58|CG0110597|-21|-58|CG0110597|-21|-58|CG0110598|-17|-67|CG0110598|-17|-67|CG0110599|-25|-72|CG0110599|-25|-72
227|5|6|1000|5|CG0110619|-43|-76|CG0110619|-43|-76|CG0110620|-18|-80|CG0110621|-16|-75|CG0110621|-16|-75
227|5|7|1000|10|CG0109479|-17|-72|CG0109479|-17|-72|CG0109480|-17|-73|CG0109480|-17|-73|CG0109481|-16|-73|CG0109481|-16|-73|CG0109481|-16|-73|CG0109482|-16|-70|CG0109483|-17|-58|CG0109484|-17|-56
227|5|8|1000|2|CG0110614|-17|-65|CG0110615|-34|-75
227|5|9|1000|1|CG0110616|-25|-71
227|5|10|1200|10|CG0110608|-19|-73|CG0110609|-17|-64|CG0110610|-28|-46|CG0110610|-28|-46|CG0110611|-28|-34|CG0110611|-28|-34|CG0110612|-30|-13|CG0110612|-30|-13|CG0110613|-33|-12|CG0110613|-33|-12
227|6|0|1200|4|CG0110671|-42|-72|CG0110672|-41|-72|CG0110673|-37|-72|CG0110672|-41|-72
227|6|1|1000|6|CG0110676|-40|-72|CG0110677|-39|-74|CG0110678|-39|-71|CG0110679|-41|-72|CG0110680|-42|-74|CG0110681|-42|-71
227|6|2|400|1|CG0188642|-38|-63
227|6|3|500|6|CG0110646|-68|-66|CG0110647|-67|-67|CG0110648|-67|-66|CG0110649|-66|-67|CG0110650|-67|-68|CG0110651|-68|-66
227|6|4|100|1|CG0196584|-20|-48
227|6|5|1200|22|CG0110638|-50|-71|CG0110638|-50|-71|CG0110639|-48|-71|CG0110639|-48|-71|CG0110640|-51|-70|CG0110640|-51|-70|CG0110640|-51|-70|CG0110640|-51|-70|CG0110641|-48|-70|CG0110641|-48|-70|CG0110642|-68|-61|CG0110642|-68|-61|CG0110643|-72|-62|CG0110643|-72|-62|CG0110643|-72|-62|CG0110643|-72|-62|CG0110643|-72|-62|CG0110643|-72|-62|CG0110644|-53|-68|CG0110644|-53|-68|CG0110645|-49|-70|CG0110645|-49|-70
227|6|6|1000|5|CG0110665|-25|-81|CG0110665|-25|-81|CG0110666|-25|-84|CG0110667|-17|-78|CG0110667|-17|-78
227|6|7|1000|10|CG0109544|-16|-71|CG0109544|-16|-71|CG0109545|-19|-71|CG0109545|-19|-71|CG0109546|-26|-72|CG0109546|-26|-72|CG0109546|-26|-72|CG0109547|-18|-69|CG0109548|-37|-60|CG0109549|-28|-59
227|6|8|1000|2|CG0110660|-41|-67|CG0110661|-43|-79
227|6|9|1000|1|CG0110662|-36|-75
227|6|10|1200|10|CG0110654|-44|-72|CG0110655|-49|-62|CG0110656|-65|-47|CG0110656|-65|-47|CG0110657|-73|-38|CG0110657|-73|-38|CG0110658|-82|-19|CG0110658|-82|-19|CG0110659|-87|-17|CG0110659|-87|-17
227|7|0|1200|4|CG0110717|-36|-72|CG0110718|-39|-72|CG0110719|-42|-72|CG0110718|-39|-72
227|7|1|1000|6|CG0110722|-39|-72|CG0110723|-37|-74|CG0110724|-37|-71|CG0110725|-38|-72|CG0110726|-40|-74|CG0110727|-40|-72
227|7|2|400|1|CG0188687|-44|-60
227|7|3|500|6|CG0110692|-44|-69|CG0110693|-44|-70|CG0110694|-44|-69|CG0110695|-45|-70|CG0110696|-44|-71|CG0110697|-45|-70
227|7|4|100|1|CG0196624|-25|-51
227|7|5|1200|22|CG0110684|-39|-70|CG0110684|-39|-70|CG0110685|-41|-70|CG0110685|-41|-70|CG0110686|-27|-70|CG0110686|-27|-70|CG0110686|-27|-70|CG0110686|-27|-70|CG0110687|-40|-70|CG0110687|-40|-70|CG0110688|-77|-65|CG0110688|-77|-65|CG0110689|-83|-65|CG0110689|-83|-65|CG0110689|-83|-65|CG0110689|-83|-65|CG0110689|-83|-65|CG0110689|-83|-65|CG0110690|-57|-69|CG0110690|-57|-69|CG0110691|-45|-70|CG0110691|-45|-70
227|7|6|1000|5|CG0110711|-16|-87|CG0110711|-16|-87|CG0110712|-22|-91|CG0110713|-23|-84|CG0110713|-23|-84
227|7|7|1000|10|CG0109609|-22|-71|CG0109609|-22|-71|CG0109610|-25|-70|CG0109610|-25|-70|CG0109611|-29|-70|CG0109611|-29|-70|CG0109611|-29|-70|CG0109612|-31|-69|CG0109613|-45|-67|CG0109614|-36|-66
227|7|8|1000|2|CG0110706|-42|-83|CG0110707|-30|-91
227|7|9|1000|1|CG0110708|-47|-71
227|7|10|1200|10|CG0110700|-43|-72|CG0110701|-51|-62|CG0110702|-63|-52|CG0110702|-63|-52|CG0110703|-73|-50|CG0110703|-73|-50|CG0110704|-85|-39|CG0110704|-85|-39|CG0110705|-93|-23|CG0110705|-93|-23
