299|0|0|1000|4|CG0138475|-18|-77|CG0138476|-22|-77|CG0138477|-29|-77|CG0138476|-22|-77
299|0|1|1000|6|CG0138480|-23|-77|CG0138481|-23|-78|CG0138482|-25|-76|CG0138483|-23|-77|CG0138484|-22|-78|CG0138485|-24|-75
299|0|2|400|1|CG0188372|-32|-70
299|0|3|650|6|CG0138450|-26|-77|CG0138451|-26|-79|CG0138452|-24|-77|CG0138453|-24|-76|CG0138454|-29|-79|CG0138455|-21|-77
299|0|4|100|1|CG0196344|-27|-55
299|0|5|1200|30|CG0138442|-18|-76|CG0138442|-18|-76|CG0138442|-18|-76|CG0138442|-18|-76|CG0138443|-20|-78|CG0138443|-20|-78|CG0138443|-20|-78|CG0138443|-20|-78|CG0138444|-19|-77|CG0138444|-19|-77|CG0138444|-19|-77|CG0138444|-19|-77|CG0138445|-26|-79|CG0138445|-26|-79|CG0138446|-50|-78|CG0138446|-50|-78|CG0138447|-63|-76|CG0138447|-63|-76|CG0138447|-63|-76|CG0138447|-63|-76|CG0138447|-63|-76|CG0138447|-63|-76|CG0138448|-41|-79|CG0138448|-41|-79|CG0138448|-41|-79|CG0138448|-41|-79|CG0138449|-21|-79|CG0138449|-21|-79|CG0138449|-21|-79|CG0138449|-21|-79
299|0|6|1000|7|CG0138469|-20|-77|CG0138469|-20|-77|CG0138469|-20|-77|CG0138469|-20|-77|CG0138470|-21|-87|CG0138471|-18|-92|CG0138471|-18|-92
299|0|7|1200|11|CG0137218|-13|-78|CG0137218|-13|-78|CG0137219|-14|-77|CG0137219|-14|-77|CG0137220|-14|-78|CG0137220|-14|-78|CG0137220|-14|-78|CG0137221|-28|-81|CG0137222|-38|-80|CG0137223|-40|-82|CG0137223|-40|-82
299|0|8|1000|2|CG0138464|-27|-92|CG0138465|-22|-99
299|0|9|1000|1|CG0138466|-55|-75
299|0|10|1500|10|CG0138458|-18|-75|CG0138458|-18|-75|CG0138459|-15|-64|CG0138460|-15|-55|CG0138461|-21|-57|CG0138461|-21|-57|CG0138461|-21|-57|CG0138462|-31|-51|CG0138463|-42|-39|CG0138463|-42|-39
299|1|0|1000|4|CG0138521|-17|-77|CG0138522|-17|-77|CG0138523|-17|-77|CG0138522|-17|-77
299|1|1|1000|6|CG0138526|-17|-76|CG0138527|-17|-77|CG0138528|-17|-75|CG0138529|-17|-77|CG0138530|-17|-78|CG0138531|-17|-75
299|1|2|400|1|CG0188417|-17|-71
299|1|3|650|6|CG0138496|-19|-77|CG0138497|-22|-80|CG0138498|-28|-78|CG0138499|-21|-77|CG0138500|-18|-80|CG0138501|-17|-77
299|1|4|100|1|CG0196384|-26|-58
299|1|5|1200|30|CG0138488|-17|-76|CG0138488|-17|-76|CG0138488|-17|-76|CG0138488|-17|-76|CG0138489|-24|-78|CG0138489|-24|-78|CG0138489|-24|-78|CG0138489|-24|-78|CG0138490|-14|-76|CG0138490|-14|-76|CG0138490|-14|-76|CG0138490|-14|-76|CG0138491|-13|-79|CG0138491|-13|-79|CG0138492|-16|-81|CG0138492|-16|-81|CG0138493|-16|-80|CG0138493|-16|-80|CG0138493|-16|-80|CG0138493|-16|-80|CG0138493|-16|-80|CG0138493|-16|-80|CG0138494|-16|-81|CG0138494|-16|-81|CG0138494|-16|-81|CG0138494|-16|-81|CG0138495|-15|-80|CG0138495|-15|-80|CG0138495|-15|-80|CG0138495|-15|-80
299|1|6|1000|7|CG0138515|-25|-76|CG0138515|-25|-76|CG0138515|-25|-76|CG0138515|-25|-76|CG0138516|-27|-79|CG0138517|-26|-89|CG0138517|-26|-89
299|1|7|1200|11|CG0137283|-11|-75|CG0137283|-11|-75|CG0137284|-8|-73|CG0137284|-8|-73|CG0137285|-5|-73|CG0137285|-5|-73|CG0137285|-5|-73|CG0137286|-12|-75|CG0137287|-22|-81|CG0137288|-28|-85|CG0137288|-28|-85
299|1|8|1000|2|CG0138510|-17|-93|CG0138511|-28|-88
299|1|9|1000|1|CG0138512|-44|-76
299|1|10|1500|10|CG0138504|-17|-75|CG0138504|-17|-75|CG0138505|-17|-63|CG0138506|-17|-54|CG0138507|-22|-57|CG0138507|-22|-57|CG0138507|-22|-57|CG0138508|-23|-53|CG0138509|-28|-44|CG0138509|-28|-44
299|2|0|1000|4|CG0138567|-19|-77|CG0138568|-16|-77|CG0138569|-17|-77|CG0138568|-16|-77
299|2|1|1000|6|CG0138572|-19|-77|CG0138573|-18|-77|CG0138574|-21|-75|CG0138575|-17|-77|CG0138576|-18|-78|CG0138577|-25|-75
299|2|2|400|1|CG0188462|-33|-62
299|2|3|650|6|CG0138542|-23|-77|CG0138543|-22|-79|CG0138544|-22|-77|CG0138545|-23|-76|CG0138546|-24|-79|CG0138547|-31|-77
299|2|4|100|1|CG0196424|-14|-57
299|2|5|1200|30|CG0138534|-40|-77|CG0138534|-40|-77|CG0138534|-40|-77|CG0138534|-40|-77|CG0138535|-37|-76|CG0138535|-37|-76|CG0138535|-37|-76|CG0138535|-37|-76|CG0138536|-24|-71|CG0138536|-24|-71|CG0138536|-24|-71|CG0138536|-24|-71|CG0138537|-16|-73|CG0138537|-16|-73|CG0138538|-8|-76|CG0138538|-8|-76|CG0138539|-9|-74|CG0138539|-9|-74|CG0138539|-9|-74|CG0138539|-9|-74|CG0138539|-9|-74|CG0138539|-9|-74|CG0138540|-8|-77|CG0138540|-8|-77|CG0138540|-8|-77|CG0138540|-8|-77|CG0138541|-27|-78|CG0138541|-27|-78|CG0138541|-27|-78|CG0138541|-27|-78
299|2|6|1000|7|CG0138561|-28|-77|CG0138561|-28|-77|CG0138561|-28|-77|CG0138561|-28|-77|CG0138562|-29|-76|CG0138563|-22|-79|CG0138563|-22|-79
299|2|7|1200|11|CG0137348|-15|-74|CG0137348|-15|-74|CG0137349|-15|-71|CG0137349|-15|-71|CG0137350|-14|-67|CG0137350|-14|-67|CG0137350|-14|-67|CG0137351|-6|-69|CG0137352|-4|-78|CG0137353|-7|-82|CG0137353|-7|-82
299|2|8|1000|2|CG0138556|-14|-80|CG0138557|-35|-81
299|2|9|1000|1|CG0138558|-16|-75
299|2|10|1500|10|CG0138550|-19|-75|CG0138550|-19|-75|CG0138551|-25|-64|CG0138552|-25|-55|CG0138553|-25|-55|CG0138553|-25|-55|CG0138553|-25|-55|CG0138554|-35|-49|CG0138555|-37|-39|CG0138555|-37|-39
299|3|0|1000|4|CG0138613|-32|-78|CG0138614|-31|-78|CG0138615|-28|-78|CG0138614|-31|-78
299|3|1|1000|6|CG0138618|-36|-78|CG0138619|-35|-79|CG0138620|-35|-76|CG0138621|-36|-78|CG0138622|-37|-80|CG0138623|-37|-77
299|3|2|400|1|CG0188507|-36|-53
299|3|3|650|6|CG0138588|-24|-76|CG0138589|-26|-79|CG0138590|-32|-76|CG0138591|-24|-76|CG0138592|-26|-79|CG0138593|-34|-77
299|3|4|100|1|CG0196464|-10|-51
299|3|5|1200|30|CG0138580|-41|-78|CG0138580|-41|-78|CG0138580|-41|-78|CG0138580|-41|-78|CG0138581|-30|-74|CG0138581|-30|-74|CG0138581|-30|-74|CG0138581|-30|-74|CG0138582|-24|-74|CG0138582|-24|-74|CG0138582|-24|-74|CG0138582|-24|-74|CG0138583|-35|-66|CG0138583|-35|-66|CG0138584|-15|-66|CG0138584|-15|-66|CG0138585|-15|-63|CG0138585|-15|-63|CG0138585|-15|-63|CG0138585|-15|-63|CG0138585|-15|-63|CG0138585|-15|-63|CG0138586|-15|-69|CG0138586|-15|-69|CG0138586|-15|-69|CG0138586|-15|-69|CG0138587|-34|-74|CG0138587|-34|-74|CG0138587|-34|-74|CG0138587|-34|-74
299|3|6|1000|7|CG0138607|-54|-76|CG0138607|-54|-76|CG0138607|-54|-76|CG0138607|-54|-76|CG0138608|-42|-77|CG0138609|-46|-78|CG0138609|-46|-78
299|3|7|1200|11|CG0137413|-20|-74|CG0137413|-20|-74|CG0137414|-27|-71|CG0137414|-27|-71|CG0137415|-33|-66|CG0137415|-33|-66|CG0137415|-33|-66|CG0137416|-25|-64|CG0137417|-8|-72|CG0137418|-8|-74|CG0137418|-8|-74
299|3|8|1000|2|CG0138602|-15|-68|CG0138603|-43|-81
299|3|9|1000|1|CG0138604|-11|-70
299|3|10|1500|10|CG0138596|-31|-77|CG0138596|-31|-77|CG0138597|-38|-68|CG0138598|-41|-59|CG0138599|-41|-52|CG0138599|-41|-52|CG0138599|-41|-52|CG0138600|-41|-39|CG0138601|-41|-26|CG0138601|-41|-26
299|4|0|1000|4|CG0138659|-28|-78|CG0138660|-30|-78|CG0138661|-32|-78|CG0138660|-30|-78
299|4|1|1000|6|CG0138664|-36|-78|CG0138665|-35|-79|CG0138666|-35|-77|CG0138667|-36|-79|CG0138668|-36|-80|CG0138669|-36|-77
299|4|2|400|1|CG0188552|-25|-51
299|4|3|650|6|CG0138634|-37|-75|CG0138635|-37|-77|CG0138636|-37|-75|CG0138637|-37|-74|CG0138638|-38|-77|CG0138639|-38|-75
299|4|4|100|1|CG0196504|-21|-46
299|4|5|1200|30|CG0138626|-20|-78|CG0138626|-20|-78|CG0138626|-20|-78|CG0138626|-20|-78|CG0138627|-57|-72|CG0138627|-57|-72|CG0138627|-57|-72|CG0138627|-57|-72|CG0138628|-60|-79|CG0138628|-60|-79|CG0138628|-60|-79|CG0138628|-60|-79|CG0138629|-35|-62|CG0138629|-35|-62|CG0138630|-18|-56|CG0138630|-18|-56|CG0138631|-18|-51|CG0138631|-18|-51|CG0138631|-18|-51|CG0138631|-18|-51|CG0138631|-18|-51|CG0138631|-18|-51|CG0138632|-21|-62|CG0138632|-21|-62|CG0138632|-21|-62|CG0138632|-21|-62|CG0138633|-22|-71|CG0138633|-22|-71|CG0138633|-22|-71|CG0138633|-22|-71
299|4|6|1000|7|CG0138653|-49|-74|CG0138653|-49|-74|CG0138653|-49|-74|CG0138653|-49|-74|CG0138654|-31|-78|CG0138655|-50|-80|CG0138655|-50|-80
299|4|7|1200|11|CG0137478|-24|-76|CG0137478|-24|-76|CG0137479|-32|-75|CG0137479|-32|-75|CG0137480|-34|-69|CG0137480|-34|-69|CG0137480|-34|-69|CG0137481|-40|-66|CG0137482|-16|-66|CG0137483|-16|-65|CG0137483|-16|-65
299|4|8|1000|2|CG0138648|-14|-62|CG0138649|-34|-90
299|4|9|1000|1|CG0138650|-15|-65
299|4|10|1500|10|CG0138642|-29|-78|CG0138642|-29|-78|CG0138643|-30|-72|CG0138644|-35|-62|CG0138645|-36|-50|CG0138645|-36|-50|CG0138645|-36|-50|CG0138646|-36|-30|CG0138647|-35|-25|CG0138647|-35|-25
299|5|0|1000|4|CG0138705|-27|-78|CG0138706|-19|-77|CG0138707|-19|-78|CG0138706|-19|-77
299|5|1|1000|6|CG0138710|-18|-78|CG0138711|-18|-79|CG0138712|-18|-77|CG0138713|-18|-79|CG0138714|-18|-80|CG0138715|-18|-77
299|5|2|400|1|CG0188597|-19|-60
299|5|3|650|6|CG0138680|-60|-74|CG0138681|-60|-76|CG0138682|-60|-74|CG0138683|-60|-73|CG0138684|-60|-76|CG0138685|-59|-74
299|5|4|100|1|CG0196544|-24|-45
299|5|5|1200|30|CG0138672|-41|-78|CG0138672|-41|-78|CG0138672|-41|-78|CG0138672|-41|-78|CG0138673|-53|-73|CG0138673|-53|-73|CG0138673|-53|-73|CG0138673|-53|-73|CG0138674|-60|-78|CG0138674|-60|-78|CG0138674|-60|-78|CG0138674|-60|-78|CG0138675|-40|-63|CG0138675|-40|-63|CG0138676|-21|-54|CG0138676|-21|-54|CG0138677|-20|-47|CG0138677|-20|-47|CG0138677|-20|-47|CG0138677|-20|-47|CG0138677|-20|-47|CG0138677|-20|-47|CG0138678|-20|-61|CG0138678|-20|-61|CG0138678|-20|-61|CG0138678|-20|-61|CG0138679|-39|-72|CG0138679|-39|-72|CG0138679|-39|-72|CG0138679|-39|-72
299|5|6|1000|7|CG0138699|-26|-74|CG0138699|-26|-74|CG0138699|-26|-74|CG0138699|-26|-74|CG0138700|-35|-78|CG0138701|-28|-80|CG0138701|-28|-80
299|5|7|1200|11|CG0137543|-26|-79|CG0137543|-26|-79|CG0137544|-26|-79|CG0137544|-26|-79|CG0137545|-32|-76|CG0137545|-32|-76|CG0137545|-32|-76|CG0137546|-35|-72|CG0137547|-37|-65|CG0137548|-20|-61|CG0137548|-20|-61
299|5|8|1000|2|CG0138694|-21|-59|CG0138695|-30|-101
299|5|9|1000|1|CG0138696|-36|-64
299|5|10|1500|10|CG0138688|-22|-78|CG0138688|-22|-78|CG0138689|-28|-74|CG0138690|-28|-63|CG0138691|-36|-50|CG0138691|-36|-50|CG0138691|-36|-50|CG0138692|-37|-28|CG0138693|-51|-28|CG0138693|-51|-28
299|6|0|1000|4|CG0138751|-50|-78|CG0138752|-47|-78|CG0138753|-43|-78|CG0138752|-47|-78
299|6|1|1000|6|CG0138756|-42|-78|CG0138757|-43|-80|CG0138758|-44|-77|CG0138759|-42|-79|CG0138760|-42|-80|CG0138761|-41|-77
299|6|2|400|1|CG0188642|-38|-63
299|6|3|650|6|CG0138726|-48|-75|CG0138727|-48|-77|CG0138728|-49|-75|CG0138729|-47|-74|CG0138730|-47|-77|CG0138731|-47|-75
299|6|4|100|1|CG0196584|-20|-48
299|6|5|1200|30|CG0138718|-41|-77|CG0138718|-41|-77|CG0138718|-41|-77|CG0138718|-41|-77|CG0138719|-24|-76|CG0138719|-24|-76|CG0138719|-24|-76|CG0138719|-24|-76|CG0138720|-32|-71|CG0138720|-32|-71|CG0138720|-32|-71|CG0138720|-32|-71|CG0138721|-57|-68|CG0138721|-57|-68|CG0138722|-67|-59|CG0138722|-67|-59|CG0138723|-68|-54|CG0138723|-68|-54|CG0138723|-68|-54|CG0138723|-68|-54|CG0138723|-68|-54|CG0138723|-68|-54|CG0138724|-53|-65|CG0138724|-53|-65|CG0138724|-53|-65|CG0138724|-53|-65|CG0138725|-52|-74|CG0138725|-52|-74|CG0138725|-52|-74|CG0138725|-52|-74
299|6|6|1000|7|CG0138745|-37|-74|CG0138745|-37|-74|CG0138745|-37|-74|CG0138745|-37|-74|CG0138746|-40|-78|CG0138747|-37|-80|CG0138747|-37|-80
299|6|7|1200|11|CG0137608|-26|-81|CG0137608|-26|-81|CG0137609|-27|-82|CG0137609|-27|-82|CG0137610|-32|-80|CG0137610|-32|-80|CG0137610|-32|-80|CG0137611|-32|-79|CG0137612|-47|-68|CG0137613|-33|-65|CG0137613|-33|-65
299|6|8|1000|2|CG0138740|-55|-63|CG0138741|-30|-108
299|6|9|1000|1|CG0138742|-37|-66
299|6|10|1500|10|CG0138734|-48|-78|CG0138734|-48|-78|CG0138735|-45|-73|CG0138736|-45|-62|CG0138737|-60|-52|CG0138737|-60|-52|CG0138737|-60|-52|CG0138738|-66|-32|CG0138739|-75|-26|CG0138739|-75|-26
299|7|0|1000|4|CG0138797|-44|-78|CG0138798|-48|-78|CG0138799|-50|-78|CG0138798|-48|-78
299|7|1|1000|6|CG0138802|-45|-78|CG0138803|-46|-79|CG0138804|-46|-77|CG0138805|-45|-78|CG0138806|-44|-79|CG0138807|-44|-76
299|7|2|400|1|CG0188687|-44|-60
299|7|3|650|6|CG0138772|-20|-76|CG0138773|-19|-79|CG0138774|-27|-77|CG0138775|-19|-76|CG0138776|-26|-79|CG0138777|-27|-76
299|7|4|100|1|CG0196624|-25|-51
299|7|5|1200|30|CG0138764|-21|-77|CG0138764|-21|-77|CG0138764|-21|-77|CG0138764|-21|-77|CG0138765|-28|-78|CG0138765|-28|-78|CG0138765|-28|-78|CG0138765|-28|-78|CG0138766|-34|-76|CG0138766|-34|-76|CG0138766|-34|-76|CG0138766|-34|-76|CG0138767|-41|-75|CG0138767|-41|-75|CG0138768|-81|-70|CG0138768|-81|-70|CG0138769|-92|-66|CG0138769|-92|-66|CG0138769|-92|-66|CG0138769|-92|-66|CG0138769|-92|-66|CG0138769|-92|-66|CG0138770|-61|-73|CG0138770|-61|-73|CG0138770|-61|-73|CG0138770|-61|-73|CG0138771|-28|-77|CG0138771|-28|-77|CG0138771|-28|-77|CG0138771|-28|-77
299|7|6|1000|7|CG0138791|-28|-76|CG0138791|-28|-76|CG0138791|-28|-76|CG0138791|-28|-76|CG0138792|-23|-84|CG0138793|-30|-86|CG0138793|-30|-86
299|7|7|1200|11|CG0137673|-19|-80|CG0137673|-19|-80|CG0137674|-17|-81|CG0137674|-17|-81|CG0137675|-21|-82|CG0137675|-21|-82|CG0137675|-21|-82|CG0137676|-33|-83|CG0137677|-43|-75|CG0137678|-49|-74|CG0137678|-49|-74
299|7|8|1000|2|CG0138786|-56|-77|CG0138787|-28|-107
299|7|9|1000|1|CG0138788|-36|-71
299|7|10|1500|10|CG0138780|-45|-77|CG0138780|-45|-77|CG0138781|-36|-69|CG0138782|-35|-59|CG0138783|-49|-55|CG0138783|-49|-55|CG0138783|-49|-55|CG0138784|-57|-42|CG0138785|-55|-26|CG0138785|-55|-26
