231|0|0|1200|4|CG0111979|-22|-72|CG0111980|-27|-72|CG0111981|-32|-72|CG0111980|-27|-72
231|0|1|1000|6|CG0111984|-16|-72|CG0111985|-19|-73|CG0111986|-22|-71|CG0111987|-18|-72|CG0111988|-14|-74|CG0111989|-23|-71
231|0|2|400|1|CG0188372|-32|-70
231|0|3|500|6|CG0111954|-28|-72|CG0111955|-25|-73|CG0111956|-25|-72|CG0111957|-28|-73|CG0111958|-31|-74|CG0111959|-28|-73
231|0|4|100|1|CG0196344|-27|-55
231|0|5|1000|20|CG0111946|-24|-67|CG0111946|-24|-67|CG0111947|-24|-67|CG0111947|-24|-67|CG0111948|-23|-89|CG0111948|-23|-89|CG0111948|-23|-89|CG0111948|-23|-89|CG0111949|-24|-72|CG0111949|-24|-72|CG0111950|-56|-75|CG0111950|-56|-75|CG0111951|-63|-71|CG0111951|-63|-71|CG0111951|-63|-71|CG0111951|-63|-71|CG0111952|-43|-71|CG0111952|-43|-71|CG0111953|-26|-69|CG0111953|-26|-69
231|0|6|1000|5|CG0111973|-29|-81|CG0111973|-29|-81|CG0111974|-26|-93|CG0111975|-16|-88|CG0111975|-16|-88
231|0|7|1000|10|CG0111474|-18|-71|CG0111474|-18|-71|CG0111475|-19|-71|CG0111475|-19|-71|CG0111476|-17|-69|CG0111476|-17|-69|CG0111476|-17|-69|CG0111477|-27|-70|CG0111478|-30|-74|CG0111479|-30|-73
231|0|8|1000|2|CG0111968|-29|-91|CG0111969|-27|-92
231|0|9|1000|1|CG0111970|-25|-59
231|0|10|1200|10|CG0111962|-17|-72|CG0111963|-20|-63|CG0111964|-25|-57|CG0111964|-25|-57|CG0111965|-33|-61|CG0111965|-33|-61|CG0111966|-48|-56|CG0111966|-48|-56|CG0111967|-56|-45|CG0111967|-56|-45
231|1|0|1200|4|CG0112025|-19|-73|CG0112026|-18|-73|CG0112027|-18|-73|CG0112026|-18|-73
231|1|1|1000|6|CG0112030|-17|-73|CG0112031|-17|-74|CG0112032|-17|-71|CG0112033|-17|-73|CG0112034|-17|-75|CG0112035|-17|-72
231|1|2|400|1|CG0188417|-17|-71
231|1|3|500|6|CG0112000|-19|-75|CG0112001|-28|-76|CG0112002|-27|-75|CG0112003|-30|-75|CG0112004|-24|-77|CG0112005|-18|-75
231|1|4|100|1|CG0196384|-26|-58
231|1|5|1000|20|CG0111992|-17|-67|CG0111992|-17|-67|CG0111993|-16|-65|CG0111993|-16|-65|CG0111994|-17|-82|CG0111994|-17|-82|CG0111994|-17|-82|CG0111994|-17|-82|CG0111995|-18|-73|CG0111995|-18|-73|CG0111996|-28|-80|CG0111996|-28|-80|CG0111997|-28|-77|CG0111997|-28|-77|CG0111997|-28|-77|CG0111997|-28|-77|CG0111998|-28|-75|CG0111998|-28|-75|CG0111999|-18|-70|CG0111999|-18|-70
231|1|6|1000|5|CG0112019|-37|-79|CG0112019|-37|-79|CG0112020|-21|-91|CG0112021|-19|-90|CG0112021|-19|-90
231|1|7|1000|10|CG0111539|-20|-73|CG0111539|-20|-73|CG0111540|-19|-70|CG0111540|-19|-70|CG0111541|-17|-67|CG0111541|-17|-67|CG0111541|-17|-67|CG0111542|-21|-71|CG0111543|-27|-77|CG0111544|-27|-76
231|1|8|1000|2|CG0112014|-18|-91|CG0112015|-25|-86
231|1|9|1000|1|CG0112016|-21|-62
231|1|10|1200|10|CG0112008|-18|-73|CG0112009|-19|-62|CG0112010|-22|-60|CG0112010|-22|-60|CG0112011|-22|-67|CG0112011|-22|-67|CG0112012|-21|-64|CG0112012|-21|-64|CG0112013|-21|-54|CG0112013|-21|-54
231|2|0|1200|4|CG0112071|-19|-73|CG0112072|-19|-73|CG0112073|-19|-73|CG0112072|-19|-73
231|2|1|1000|6|CG0112076|-18|-72|CG0112077|-19|-74|CG0112078|-22|-71|CG0112079|-18|-72|CG0112080|-18|-74|CG0112081|-19|-71
231|2|2|400|1|CG0188462|-33|-62
231|2|3|500|6|CG0112046|-20|-73|CG0112047|-17|-74|CG0112048|-27|-73|CG0112049|-18|-74|CG0112050|-23|-76|CG0112051|-28|-74
231|2|4|100|1|CG0196424|-14|-57
231|2|5|1000|20|CG0112038|-16|-66|CG0112038|-16|-66|CG0112039|-18|-65|CG0112039|-18|-65|CG0112040|-18|-73|CG0112040|-18|-73|CG0112040|-18|-73|CG0112040|-18|-73|CG0112041|-20|-72|CG0112041|-20|-72|CG0112042|-15|-77|CG0112042|-15|-77|CG0112043|-16|-73|CG0112043|-16|-73|CG0112043|-16|-73|CG0112043|-16|-73|CG0112044|-10|-71|CG0112044|-10|-71|CG0112045|-11|-67|CG0112045|-11|-67
231|2|6|1000|5|CG0112065|-27|-72|CG0112065|-27|-72|CG0112066|-19|-86|CG0112067|-17|-87|CG0112067|-17|-87
231|2|7|1000|10|CG0111604|-19|-74|CG0111604|-19|-74|CG0111605|-21|-72|CG0111605|-21|-72|CG0111606|-20|-69|CG0111606|-20|-69|CG0111606|-20|-69|CG0111607|-19|-72|CG0111608|-14|-75|CG0111609|-17|-75
231|2|8|1000|2|CG0112060|-13|-82|CG0112061|-28|-71
231|2|9|1000|1|CG0112062|-13|-61
231|2|10|1200|10|CG0112054|-19|-73|CG0112055|-20|-63|CG0112056|-19|-58|CG0112056|-19|-58|CG0112057|-19|-62|CG0112057|-19|-62|CG0112058|-19|-58|CG0112058|-19|-58|CG0112059|-19|-46|CG0112059|-19|-46
231|3|0|1200|4|CG0112117|-18|-75|CG0112118|-18|-74|CG0112119|-18|-74|CG0112118|-18|-74
231|3|1|1000|6|CG0112122|-18|-73|CG0112123|-18|-75|CG0112124|-23|-72|CG0112125|-17|-73|CG0112126|-18|-75|CG0112127|-23|-72
231|3|2|400|1|CG0188507|-36|-53
231|3|3|500|6|CG0112092|-20|-72|CG0112093|-26|-73|CG0112094|-30|-71|CG0112095|-21|-72|CG0112096|-24|-74|CG0112097|-30|-72
231|3|4|100|1|CG0196464|-10|-51
231|3|5|1000|20|CG0112084|-16|-66|CG0112084|-16|-66|CG0112085|-21|-66|CG0112085|-21|-66|CG0112086|-31|-67|CG0112086|-31|-67|CG0112086|-31|-67|CG0112086|-31|-67|CG0112087|-37|-72|CG0112087|-37|-72|CG0112088|-12|-69|CG0112088|-12|-69|CG0112089|-12|-63|CG0112089|-12|-63|CG0112089|-12|-63|CG0112089|-12|-63|CG0112090|-14|-65|CG0112090|-14|-65|CG0112091|-12|-66|CG0112091|-12|-66
231|3|6|1000|5|CG0112111|-20|-74|CG0112111|-20|-74|CG0112112|-18|-80|CG0112113|-16|-81|CG0112113|-16|-81
231|3|7|1000|10|CG0111669|-17|-75|CG0111669|-17|-75|CG0111670|-20|-74|CG0111670|-20|-74|CG0111671|-24|-71|CG0111671|-24|-71|CG0111671|-24|-71|CG0111672|-22|-73|CG0111673|-14|-70|CG0111674|-19|-69
231|3|8|1000|2|CG0112106|-10|-71|CG0112107|-35|-63
231|3|9|1000|1|CG0112108|-22|-55
231|3|10|1200|10|CG0112100|-18|-74|CG0112101|-18|-63|CG0112102|-9|-53|CG0112102|-9|-53|CG0112103|-10|-52|CG0112103|-10|-52|CG0112104|-11|-41|CG0112104|-11|-41|CG0112105|-10|-25|CG0112105|-10|-25
231|4|0|1200|4|CG0112163|-20|-75|CG0112164|-20|-75|CG0112165|-19|-75|CG0112164|-20|-75
231|4|1|1000|6|CG0112168|-20|-74|CG0112169|-21|-75|CG0112170|-21|-73|CG0112171|-20|-74|CG0112172|-19|-75|CG0112173|-20|-73
231|4|2|400|1|CG0188552|-25|-51
231|4|3|500|6|CG0112138|-56|-68|CG0112139|-56|-69|CG0112140|-57|-68|CG0112141|-57|-69|CG0112142|-56|-70|CG0112143|-56|-69
231|4|4|100|1|CG0196504|-21|-46
231|4|5|1000|20|CG0112130|-23|-66|CG0112130|-23|-66|CG0112131|-31|-66|CG0112131|-31|-66|CG0112132|-34|-67|CG0112132|-34|-67|CG0112132|-34|-67|CG0112132|-34|-67|CG0112133|-31|-84|CG0112133|-31|-84|CG0112134|-20|-58|CG0112134|-20|-58|CG0112135|-18|-51|CG0112135|-18|-51|CG0112135|-18|-51|CG0112135|-18|-51|CG0112136|-18|-55|CG0112136|-18|-55|CG0112137|-18|-63|CG0112137|-18|-63
231|4|6|1000|5|CG0112157|-30|-75|CG0112157|-30|-75|CG0112158|-17|-75|CG0112159|-16|-74|CG0112159|-16|-74
231|4|7|1000|10|CG0111734|-18|-74|CG0111734|-18|-74|CG0111735|-23|-74|CG0111735|-23|-74|CG0111736|-20|-72|CG0111736|-20|-72|CG0111736|-20|-72|CG0111737|-25|-71|CG0111738|-15|-63|CG0111739|-21|-61
231|4|8|1000|2|CG0112152|-12|-68|CG0112153|-32|-71
231|4|9|1000|1|CG0112154|-33|-58
231|4|10|1200|10|CG0112146|-17|-75|CG0112147|-18|-65|CG0112148|-19|-50|CG0112148|-19|-50|CG0112149|-19|-41|CG0112149|-19|-41|CG0112150|-19|-21|CG0112150|-19|-21|CG0112151|-19|-17|CG0112151|-19|-17
231|5|0|1200|4|CG0112209|-16|-73|CG0112210|-17|-74|CG0112211|-19|-74|CG0112210|-17|-74
231|5|1|1000|6|CG0112214|-19|-73|CG0112215|-19|-75|CG0112216|-19|-72|CG0112217|-19|-73|CG0112218|-19|-75|CG0112219|-19|-72
231|5|2|400|1|CG0188597|-19|-60
231|5|3|500|6|CG0112184|-58|-66|CG0112185|-58|-67|CG0112186|-59|-66|CG0112187|-58|-66|CG0112188|-58|-68|CG0112189|-59|-66
231|5|4|100|1|CG0196544|-24|-45
231|5|5|1000|20|CG0112176|-23|-66|CG0112176|-23|-66|CG0112177|-26|-67|CG0112177|-26|-67|CG0112178|-25|-70|CG0112178|-25|-70|CG0112178|-25|-70|CG0112178|-25|-70|CG0112179|-20|-92|CG0112179|-20|-92|CG0112180|-20|-54|CG0112180|-20|-54|CG0112181|-19|-47|CG0112181|-19|-47|CG0112181|-19|-47|CG0112181|-19|-47|CG0112182|-20|-52|CG0112182|-20|-52|CG0112183|-26|-62|CG0112183|-26|-62
231|5|6|1000|5|CG0112203|-37|-74|CG0112203|-37|-74|CG0112204|-18|-75|CG0112205|-16|-73|CG0112205|-16|-73
231|5|7|1000|10|CG0111799|-16|-72|CG0111799|-16|-72|CG0111800|-17|-73|CG0111800|-17|-73|CG0111801|-16|-73|CG0111801|-16|-73|CG0111801|-16|-73|CG0111802|-16|-70|CG0111803|-17|-59|CG0111804|-17|-57
231|5|8|1000|2|CG0112198|-17|-66|CG0112199|-33|-76
231|5|9|1000|1|CG0112200|-24|-68
231|5|10|1200|10|CG0112192|-18|-74|CG0112193|-17|-65|CG0112194|-26|-47|CG0112194|-26|-47|CG0112195|-26|-35|CG0112195|-26|-35|CG0112196|-55|-13|CG0112196|-55|-13|CG0112197|-59|-12|CG0112197|-59|-12
231|6|0|1200|4|CG0112255|-32|-72|CG0112256|-29|-73|CG0112257|-24|-73|CG0112256|-29|-73
231|6|1|1000|6|CG0112260|-38|-73|CG0112261|-37|-74|CG0112262|-37|-71|CG0112263|-38|-73|CG0112264|-39|-74|CG0112265|-39|-72
231|6|2|400|1|CG0188642|-38|-63
231|6|3|500|6|CG0112230|-29|-66|CG0112231|-29|-67|CG0112232|-29|-66|CG0112233|-28|-67|CG0112234|-29|-68|CG0112235|-29|-67
231|6|4|100|1|CG0196584|-20|-48
231|6|5|1000|20|CG0112222|-41|-66|CG0112222|-41|-66|CG0112223|-38|-66|CG0112223|-38|-66|CG0112224|-27|-80|CG0112224|-27|-80|CG0112224|-27|-80|CG0112224|-27|-80|CG0112225|-24|-90|CG0112225|-24|-90|CG0112226|-59|-58|CG0112226|-59|-58|CG0112227|-38|-48|CG0112227|-38|-48|CG0112227|-38|-48|CG0112227|-38|-48|CG0112228|-49|-56|CG0112228|-49|-56|CG0112229|-50|-64|CG0112229|-50|-64
231|6|6|1000|5|CG0112249|-50|-73|CG0112249|-50|-73|CG0112250|-25|-81|CG0112251|-17|-74|CG0112251|-17|-74
231|6|7|1000|10|CG0111864|-16|-71|CG0111864|-16|-71|CG0111865|-19|-72|CG0111865|-19|-72|CG0111866|-26|-72|CG0111866|-26|-72|CG0111866|-26|-72|CG0111867|-18|-69|CG0111868|-37|-61|CG0111869|-28|-59
231|6|8|1000|2|CG0112244|-39|-66|CG0112245|-41|-75
231|6|9|1000|1|CG0112246|-26|-72
231|6|10|1200|10|CG0112238|-41|-73|CG0112239|-47|-63|CG0112240|-61|-47|CG0112240|-61|-47|CG0112241|-70|-38|CG0112241|-70|-38|CG0112242|-82|-20|CG0112242|-82|-20|CG0112243|-82|-17|CG0112243|-82|-17
231|7|0|1200|4|CG0112301|-38|-72|CG0112302|-39|-72|CG0112303|-38|-73|CG0112302|-39|-72
231|7|1|1000|6|CG0112306|-36|-73|CG0112307|-34|-74|CG0112308|-34|-71|CG0112309|-35|-73|CG0112310|-37|-75|CG0112311|-37|-72
231|7|2|400|1|CG0188687|-44|-60
231|7|3|500|6|CG0112276|-23|-69|CG0112277|-23|-71|CG0112278|-28|-69|CG0112279|-23|-70|CG0112280|-23|-72|CG0112281|-29|-70
231|7|4|100|1|CG0196624|-25|-51
231|7|5|1000|20|CG0112268|-36|-67|CG0112268|-36|-67|CG0112269|-31|-66|CG0112269|-31|-66|CG0112270|-25|-88|CG0112270|-25|-88|CG0112270|-25|-88|CG0112270|-25|-88|CG0112271|-31|-80|CG0112271|-31|-80|CG0112272|-80|-66|CG0112272|-80|-66|CG0112273|-68|-60|CG0112273|-68|-60|CG0112273|-68|-60|CG0112273|-68|-60|CG0112274|-63|-65|CG0112274|-63|-65|CG0112275|-45|-67|CG0112275|-45|-67
231|7|6|1000|5|CG0112295|-44|-72|CG0112295|-44|-72|CG0112296|-23|-88|CG0112297|-20|-81|CG0112297|-20|-81
231|7|7|1000|10|CG0111929|-22|-71|CG0111929|-22|-71|CG0111930|-25|-70|CG0111930|-25|-70|CG0111931|-29|-70|CG0111931|-29|-70|CG0111931|-29|-70|CG0111932|-31|-69|CG0111933|-45|-67|CG0111934|-36|-66
231|7|8|1000|2|CG0112290|-40|-81|CG0112291|-30|-88
231|7|9|1000|1|CG0112292|-32|-69
231|7|10|1200|10|CG0112284|-39|-72|CG0112285|-48|-62|CG0112286|-58|-52|CG0112286|-58|-52|CG0112287|-70|-50|CG0112287|-70|-50|CG0112288|-65|-39|CG0112288|-65|-39|CG0112289|-76|-30|CG0112289|-76|-30
