303|0|0|1000|4|CG0140053|-18|-78|CG0140054|-18|-78|CG0140055|-18|-77|CG0140054|-18|-78
303|0|1|1000|6|CG0140058|-19|-77|CG0140059|-17|-78|CG0140060|-25|-76|CG0140061|-15|-77|CG0140062|-21|-78|CG0140063|-24|-75
303|0|2|400|1|CG0188372|-32|-70
303|0|3|650|6|CG0140028|-26|-77|CG0140029|-26|-79|CG0140030|-24|-77|CG0140031|-24|-76|CG0140032|-29|-79|CG0140033|-21|-77
303|0|4|100|1|CG0196344|-27|-55
303|0|5|1300|35|CG0140018|-27|-78|CG0140018|-27|-78|CG0140018|-27|-78|CG0140018|-27|-78|CG0140020|-25|-78|CG0140020|-25|-78|CG0140020|-25|-78|CG0140020|-25|-78|CG0140021|-25|-77|CG0140021|-25|-77|CG0140021|-25|-77|CG0140021|-25|-77|CG0140021|-25|-77|CG0140022|-29|-78|CG0140022|-29|-78|CG0140023|-37|-72|CG0140023|-37|-72|CG0140024|-55|-68|CG0140024|-55|-68|CG0140024|-55|-68|CG0140024|-55|-68|CG0140024|-55|-68|CG0140024|-55|-68|CG0140025|-41|-66|CG0140025|-41|-66|CG0140026|-40|-73|CG0140026|-40|-73|CG0140027|-30|-79|CG0140027|-30|-79|CG0140027|-30|-79|CG0140027|-30|-79|CG0140027|-30|-79|CG0140027|-30|-79|CG0140019|-31|-80|CG0140019|-31|-80
303|0|6|1000|7|CG0140047|-20|-77|CG0140047|-20|-77|CG0140047|-20|-77|CG0140047|-20|-77|CG0140048|-21|-76|CG0140049|-18|-82|CG0140049|-18|-82
303|0|7|1200|11|CG0139546|-13|-78|CG0139546|-13|-78|CG0139547|-14|-77|CG0139547|-14|-77|CG0139548|-14|-78|CG0139548|-14|-78|CG0139548|-14|-78|CG0139549|-28|-81|CG0139550|-38|-80|CG0139551|-40|-82|CG0139551|-40|-82
303|0|8|1000|2|CG0140042|-27|-74|CG0140043|-22|-65
303|0|9|1000|1|CG0140044|-34|-75
303|0|10|1500|10|CG0140036|-15|-75|CG0140036|-15|-75|CG0140037|-15|-64|CG0140038|-15|-55|CG0140039|-21|-57|CG0140039|-21|-57|CG0140039|-21|-57|CG0140040|-31|-51|CG0140041|-42|-38|CG0140041|-42|-38
303|1|0|1000|4|CG0140101|-16|-77|CG0140102|-16|-77|CG0140103|-17|-77|CG0140102|-16|-77
303|1|1|1000|6|CG0140106|-17|-76|CG0140107|-17|-77|CG0140108|-17|-75|CG0140109|-17|-76|CG0140110|-17|-78|CG0140111|-17|-75
303|1|2|400|1|CG0188417|-17|-71
303|1|3|650|6|CG0140076|-19|-77|CG0140077|-22|-80|CG0140078|-28|-78|CG0140079|-21|-77|CG0140080|-17|-80|CG0140081|-16|-77
303|1|4|100|1|CG0196384|-26|-58
303|1|5|1300|35|CG0140066|-15|-76|CG0140066|-15|-76|CG0140066|-15|-76|CG0140066|-15|-76|CG0140068|-15|-77|CG0140068|-15|-77|CG0140068|-15|-77|CG0140068|-15|-77|CG0140069|-24|-75|CG0140069|-24|-75|CG0140069|-24|-75|CG0140069|-24|-75|CG0140069|-24|-75|CG0140070|-18|-79|CG0140070|-18|-79|CG0140071|-25|-79|CG0140071|-25|-79|CG0140072|-36|-75|CG0140072|-36|-75|CG0140072|-36|-75|CG0140072|-36|-75|CG0140072|-36|-75|CG0140072|-36|-75|CG0140073|-28|-74|CG0140073|-28|-74|CG0140074|-26|-79|CG0140074|-26|-79|CG0140075|-27|-79|CG0140075|-27|-79|CG0140075|-27|-79|CG0140075|-27|-79|CG0140075|-27|-79|CG0140075|-27|-79|CG0140067|-19|-80|CG0140067|-19|-80
303|1|6|1000|7|CG0140095|-25|-76|CG0140095|-25|-76|CG0140095|-25|-76|CG0140095|-25|-76|CG0140096|-27|-76|CG0140097|-26|-74|CG0140097|-26|-74
303|1|7|1200|11|CG0139611|-11|-75|CG0139611|-11|-75|CG0139612|-8|-73|CG0139612|-8|-73|CG0139613|-5|-73|CG0139613|-5|-73|CG0139613|-5|-73|CG0139614|-12|-75|CG0139615|-22|-81|CG0139616|-28|-85|CG0139616|-28|-85
303|1|8|1000|2|CG0140090|-17|-75|CG0140091|-28|-58
303|1|9|1000|1|CG0140092|-17|-77
303|1|10|1500|10|CG0140084|-17|-75|CG0140084|-17|-75|CG0140085|-17|-62|CG0140086|-17|-54|CG0140087|-22|-57|CG0140087|-22|-57|CG0140087|-22|-57|CG0140088|-23|-53|CG0140089|-28|-44|CG0140089|-28|-44
303|2|0|1000|4|CG0140149|-16|-78|CG0140150|-16|-78|CG0140151|-17|-78|CG0140150|-16|-78
303|2|1|1000|6|CG0140154|-19|-77|CG0140155|-18|-77|CG0140156|-21|-75|CG0140157|-17|-77|CG0140158|-18|-78|CG0140159|-25|-75
303|2|2|400|1|CG0188462|-33|-62
303|2|3|650|6|CG0140124|-22|-77|CG0140125|-16|-79|CG0140126|-21|-77|CG0140127|-15|-76|CG0140128|-24|-79|CG0140129|-31|-77
303|2|4|100|1|CG0196424|-14|-57
303|2|5|1300|35|CG0140114|-12|-75|CG0140114|-12|-75|CG0140114|-12|-75|CG0140114|-12|-75|CG0140116|-25|-72|CG0140116|-25|-72|CG0140116|-25|-72|CG0140116|-25|-72|CG0140117|-30|-70|CG0140117|-30|-70|CG0140117|-30|-70|CG0140117|-30|-70|CG0140117|-30|-70|CG0140118|-16|-79|CG0140118|-16|-79|CG0140119|-8|-78|CG0140119|-8|-78|CG0140120|-21|-76|CG0140120|-21|-76|CG0140120|-21|-76|CG0140120|-21|-76|CG0140120|-21|-76|CG0140120|-21|-76|CG0140121|-21|-75|CG0140121|-21|-75|CG0140122|-18|-78|CG0140122|-18|-78|CG0140123|-12|-78|CG0140123|-12|-78|CG0140123|-12|-78|CG0140123|-12|-78|CG0140123|-12|-78|CG0140123|-12|-78|CG0140115|-10|-79|CG0140115|-10|-79
303|2|6|1000|7|CG0140143|-17|-77|CG0140143|-17|-77|CG0140143|-17|-77|CG0140143|-17|-77|CG0140144|-20|-76|CG0140145|-22|-75|CG0140145|-22|-75
303|2|7|1200|11|CG0139676|-15|-74|CG0139676|-15|-74|CG0139677|-15|-71|CG0139677|-15|-71|CG0139678|-14|-67|CG0139678|-14|-67|CG0139678|-14|-67|CG0139679|-6|-69|CG0139680|-4|-78|CG0139681|-7|-82|CG0139681|-7|-82
303|2|8|1000|2|CG0140138|-14|-74|CG0140139|-35|-61
303|2|9|1000|1|CG0140140|-15|-75
303|2|10|1500|10|CG0140132|-19|-75|CG0140132|-19|-75|CG0140133|-25|-64|CG0140134|-25|-55|CG0140135|-25|-55|CG0140135|-25|-55|CG0140135|-25|-55|CG0140136|-35|-49|CG0140137|-37|-39|CG0140137|-37|-39
303|3|0|1000|4|CG0140197|-27|-78|CG0140198|-25|-78|CG0140199|-22|-78|CG0140198|-25|-78
303|3|1|1000|6|CG0140202|-29|-78|CG0140203|-28|-79|CG0140204|-28|-76|CG0140205|-29|-78|CG0140206|-30|-80|CG0140207|-30|-77
303|3|2|400|1|CG0188507|-36|-53
303|3|3|650|6|CG0140172|-28|-76|CG0140173|-27|-79|CG0140174|-32|-76|CG0140175|-28|-76|CG0140176|-29|-79|CG0140177|-34|-77
303|3|4|100|1|CG0196464|-10|-51
303|3|5|1300|35|CG0140162|-18|-73|CG0140162|-18|-73|CG0140162|-18|-73|CG0140162|-18|-73|CG0140164|-31|-67|CG0140164|-31|-67|CG0140164|-31|-67|CG0140164|-31|-67|CG0140165|-28|-70|CG0140165|-28|-70|CG0140165|-28|-70|CG0140165|-28|-70|CG0140165|-28|-70|CG0140166|-32|-76|CG0140166|-32|-76|CG0140167|-14|-72|CG0140167|-14|-72|CG0140168|-14|-70|CG0140168|-14|-70|CG0140168|-14|-70|CG0140168|-14|-70|CG0140168|-14|-70|CG0140168|-14|-70|CG0140169|-15|-69|CG0140169|-15|-69|CG0140170|-14|-70|CG0140170|-14|-70|CG0140171|-14|-74|CG0140171|-14|-74|CG0140171|-14|-74|CG0140171|-14|-74|CG0140171|-14|-74|CG0140171|-14|-74|CG0140163|-14|-76|CG0140163|-14|-76
303|3|6|1000|7|CG0140191|-16|-76|CG0140191|-16|-76|CG0140191|-16|-76|CG0140191|-16|-76|CG0140192|-18|-77|CG0140193|-24|-78|CG0140193|-24|-78
303|3|7|1200|11|CG0139741|-20|-74|CG0139741|-20|-74|CG0139742|-27|-71|CG0139742|-27|-71|CG0139743|-33|-66|CG0139743|-33|-66|CG0139743|-33|-66|CG0139744|-25|-64|CG0139745|-8|-72|CG0139746|-8|-74|CG0139746|-8|-74
303|3|8|1000|2|CG0140186|-15|-68|CG0140187|-43|-70
303|3|9|1000|1|CG0140188|-10|-70
303|3|10|1500|10|CG0140180|-20|-77|CG0140180|-20|-77|CG0140181|-28|-68|CG0140182|-40|-59|CG0140183|-41|-52|CG0140183|-41|-52|CG0140183|-41|-52|CG0140184|-41|-39|CG0140185|-40|-26|CG0140185|-40|-26
303|4|0|1000|4|CG0140245|-25|-78|CG0140246|-27|-78|CG0140247|-28|-78|CG0140246|-27|-78
303|4|1|1000|6|CG0140250|-32|-78|CG0140251|-32|-79|CG0140252|-32|-77|CG0140253|-32|-79|CG0140254|-33|-80|CG0140255|-33|-77
303|4|2|400|1|CG0188552|-25|-51
303|4|3|650|6|CG0140220|-35|-74|CG0140221|-35|-77|CG0140222|-35|-75|CG0140223|-35|-74|CG0140224|-36|-77|CG0140225|-36|-75
303|4|4|100|1|CG0196504|-21|-46
303|4|5|1300|35|CG0140210|-18|-71|CG0140210|-18|-71|CG0140210|-18|-71|CG0140210|-18|-71|CG0140212|-29|-65|CG0140212|-29|-65|CG0140212|-29|-65|CG0140212|-29|-65|CG0140213|-26|-73|CG0140213|-26|-73|CG0140213|-26|-73|CG0140213|-26|-73|CG0140213|-26|-73|CG0140214|-34|-73|CG0140214|-34|-73|CG0140215|-19|-64|CG0140215|-19|-64|CG0140216|-19|-61|CG0140216|-19|-61|CG0140216|-19|-61|CG0140216|-19|-61|CG0140216|-19|-61|CG0140216|-19|-61|CG0140217|-19|-60|CG0140217|-19|-60|CG0140218|-18|-61|CG0140218|-18|-61|CG0140219|-29|-68|CG0140219|-29|-68|CG0140219|-29|-68|CG0140219|-29|-68|CG0140219|-29|-68|CG0140219|-29|-68|CG0140211|-39|-73|CG0140211|-39|-73
303|4|6|1000|7|CG0140239|-34|-74|CG0140239|-34|-74|CG0140239|-34|-74|CG0140239|-34|-74|CG0140240|-39|-78|CG0140241|-25|-80|CG0140241|-25|-80
303|4|7|1200|11|CG0139806|-23|-76|CG0139806|-23|-76|CG0139807|-32|-75|CG0139807|-32|-75|CG0139808|-34|-69|CG0139808|-34|-69|CG0139808|-34|-69|CG0139809|-40|-66|CG0139810|-16|-66|CG0139811|-16|-65|CG0139811|-16|-65
303|4|8|1000|2|CG0140234|-14|-62|CG0140235|-34|-79
303|4|9|1000|1|CG0140236|-11|-66
303|4|10|1500|10|CG0140228|-19|-78|CG0140228|-19|-78|CG0140229|-27|-72|CG0140230|-35|-62|CG0140231|-36|-49|CG0140231|-36|-49|CG0140231|-36|-49|CG0140232|-36|-30|CG0140233|-36|-25|CG0140233|-36|-25
303|5|0|1000|4|CG0140293|-17|-78|CG0140294|-16|-78|CG0140295|-18|-78|CG0140294|-16|-78
303|5|1|1000|6|CG0140298|-19|-78|CG0140299|-19|-79|CG0140300|-19|-77|CG0140301|-19|-79|CG0140302|-18|-80|CG0140303|-18|-77
303|5|2|400|1|CG0188597|-19|-60
303|5|3|650|6|CG0140268|-25|-74|CG0140269|-25|-76|CG0140270|-25|-74|CG0140271|-25|-73|CG0140272|-25|-76|CG0140273|-24|-74
303|5|4|100|1|CG0196544|-24|-45
303|5|5|1300|35|CG0140258|-25|-72|CG0140258|-25|-72|CG0140258|-25|-72|CG0140258|-25|-72|CG0140260|-27|-66|CG0140260|-27|-66|CG0140260|-27|-66|CG0140260|-27|-66|CG0140261|-30|-69|CG0140261|-30|-69|CG0140261|-30|-69|CG0140261|-30|-69|CG0140261|-30|-69|CG0140262|-30|-71|CG0140262|-30|-71|CG0140263|-20|-57|CG0140263|-20|-57|CG0140264|-20|-53|CG0140264|-20|-53|CG0140264|-20|-53|CG0140264|-20|-53|CG0140264|-20|-53|CG0140264|-20|-53|CG0140265|-20|-52|CG0140265|-20|-52|CG0140266|-20|-54|CG0140266|-20|-54|CG0140267|-32|-72|CG0140267|-32|-72|CG0140267|-32|-72|CG0140267|-32|-72|CG0140267|-32|-72|CG0140267|-32|-72|CG0140259|-44|-72|CG0140259|-44|-72
303|5|6|1000|7|CG0140287|-39|-74|CG0140287|-39|-74|CG0140287|-39|-74|CG0140287|-39|-74|CG0140288|-39|-78|CG0140289|-46|-80|CG0140289|-46|-80
303|5|7|1200|11|CG0139871|-26|-79|CG0139871|-26|-79|CG0139872|-26|-79|CG0139872|-26|-79|CG0139873|-32|-76|CG0139873|-32|-76|CG0139873|-32|-76|CG0139874|-35|-72|CG0139875|-37|-65|CG0139876|-20|-61|CG0139876|-20|-61
303|5|8|1000|2|CG0140282|-20|-59|CG0140283|-27|-82
303|5|9|1000|1|CG0140284|-16|-64
303|5|10|1500|10|CG0140276|-19|-78|CG0140276|-19|-78|CG0140277|-18|-74|CG0140278|-19|-63|CG0140279|-22|-50|CG0140279|-22|-50|CG0140279|-22|-50|CG0140280|-28|-28|CG0140281|-29|-28|CG0140281|-29|-28
303|6|0|1000|4|CG0140341|-17|-78|CG0140342|-17|-78|CG0140343|-17|-78|CG0140342|-17|-78
303|6|1|1000|6|CG0140346|-16|-78|CG0140347|-16|-80|CG0140348|-18|-77|CG0140349|-16|-79|CG0140350|-17|-80|CG0140351|-26|-77
303|6|2|400|1|CG0188642|-38|-63
303|6|3|650|6|CG0140316|-20|-75|CG0140317|-21|-77|CG0140318|-21|-75|CG0140319|-20|-74|CG0140320|-20|-77|CG0140321|-24|-75
303|6|4|100|1|CG0196584|-20|-48
303|6|5|1300|35|CG0140306|-23|-75|CG0140306|-23|-75|CG0140306|-23|-75|CG0140306|-23|-75|CG0140308|-30|-71|CG0140308|-30|-71|CG0140308|-30|-71|CG0140308|-30|-71|CG0140309|-37|-72|CG0140309|-37|-72|CG0140309|-37|-72|CG0140309|-37|-72|CG0140309|-37|-72|CG0140310|-24|-71|CG0140310|-24|-71|CG0140311|-52|-58|CG0140311|-52|-58|CG0140312|-22|-52|CG0140312|-22|-52|CG0140312|-22|-52|CG0140312|-22|-52|CG0140312|-22|-52|CG0140312|-22|-52|CG0140313|-22|-50|CG0140313|-22|-50|CG0140314|-52|-55|CG0140314|-52|-55|CG0140315|-34|-82|CG0140315|-34|-82|CG0140315|-34|-82|CG0140315|-34|-82|CG0140315|-34|-82|CG0140315|-34|-82|CG0140307|-30|-74|CG0140307|-30|-74
303|6|6|1000|7|CG0140335|-24|-74|CG0140335|-24|-74|CG0140335|-24|-74|CG0140335|-24|-74|CG0140336|-22|-78|CG0140337|-42|-80|CG0140337|-42|-80
303|6|7|1200|11|CG0139936|-26|-81|CG0139936|-26|-81|CG0139937|-27|-82|CG0139937|-27|-82|CG0139938|-32|-80|CG0139938|-32|-80|CG0139938|-32|-80|CG0139939|-32|-79|CG0139940|-47|-68|CG0139941|-33|-65|CG0139941|-33|-65
303|6|8|1000|2|CG0140330|-32|-63|CG0140331|-30|-79
303|6|9|1000|1|CG0140332|-25|-66
303|6|10|1500|10|CG0140324|-17|-78|CG0140324|-17|-78|CG0140325|-10|-73|CG0140326|-8|-62|CG0140327|-22|-52|CG0140327|-22|-52|CG0140327|-22|-52|CG0140328|-35|-32|CG0140329|-43|-26|CG0140329|-43|-26
303|7|0|1000|4|CG0140389|-15|-78|CG0140390|-15|-78|CG0140391|-15|-78|CG0140390|-15|-78
303|7|1|1000|6|CG0140394|-14|-78|CG0140395|-17|-79|CG0140396|-28|-77|CG0140397|-15|-78|CG0140398|-16|-79|CG0140399|-29|-76
303|7|2|400|1|CG0188687|-44|-60
303|7|3|650|6|CG0140364|-20|-76|CG0140365|-19|-79|CG0140366|-27|-77|CG0140367|-19|-76|CG0140368|-26|-79|CG0140369|-26|-76
303|7|4|100|1|CG0196624|-25|-51
303|7|5|1300|35|CG0140354|-28|-77|CG0140354|-28|-77|CG0140354|-28|-77|CG0140354|-28|-77|CG0140356|-32|-76|CG0140356|-32|-76|CG0140356|-32|-76|CG0140356|-32|-76|CG0140357|-26|-76|CG0140357|-26|-76|CG0140357|-26|-76|CG0140357|-26|-76|CG0140357|-26|-76|CG0140358|-36|-74|CG0140358|-36|-74|CG0140359|-59|-63|CG0140359|-59|-63|CG0140360|-42|-59|CG0140360|-42|-59|CG0140360|-42|-59|CG0140360|-42|-59|CG0140360|-42|-59|CG0140360|-42|-59|CG0140361|-38|-57|CG0140361|-38|-57|CG0140362|-64|-62|CG0140362|-64|-62|CG0140363|-32|-84|CG0140363|-32|-84|CG0140363|-32|-84|CG0140363|-32|-84|CG0140363|-32|-84|CG0140363|-32|-84|CG0140355|-26|-78|CG0140355|-26|-78
303|7|6|1000|7|CG0140383|-20|-76|CG0140383|-20|-76|CG0140383|-20|-76|CG0140383|-20|-76|CG0140384|-14|-78|CG0140385|-15|-85|CG0140385|-15|-85
303|7|7|1200|11|CG0140001|-19|-80|CG0140001|-19|-80|CG0140002|-17|-81|CG0140002|-17|-81|CG0140003|-21|-81|CG0140003|-21|-81|CG0140003|-21|-81|CG0140004|-33|-83|CG0140005|-43|-75|CG0140006|-49|-74|CG0140006|-49|-74
303|7|8|1000|2|CG0140378|-32|-68|CG0140379|-28|-70
303|7|9|1000|1|CG0140380|-34|-71
303|7|10|1500|10|CG0140372|-14|-77|CG0140372|-14|-77|CG0140373|-14|-69|CG0140374|-14|-59|CG0140375|-23|-55|CG0140375|-23|-55|CG0140375|-23|-55|CG0140376|-41|-42|CG0140377|-52|-25|CG0140377|-52|-25
