329|0|0|1500|4|CG0150146|-27|-77|CG0150147|-25|-77|CG0150148|-22|-77|CG0150147|-25|-77
329|0|1|1000|6|CG0150151|-28|-78|CG0150152|-28|-80|CG0150153|-28|-77|CG0150154|-28|-78|CG0150155|-28|-81|CG0150156|-28|-77
329|0|2|400|1|CG0188372|-32|-70
329|0|3|500|6|CG0150121|-26|-80|CG0150122|-26|-83|CG0150123|-26|-79|CG0150124|-26|-80|CG0150125|-26|-84|CG0150126|-26|-80
329|0|4|100|1|CG0196344|-27|-55
329|0|5|1300|44|CG0150112|-18|-74|CG0150112|-18|-74|CG0150112|-18|-74|CG0150112|-18|-74|CG0150113|-27|-76|CG0150113|-27|-76|CG0150113|-27|-76|CG0150113|-27|-76|CG0150114|-43|-82|CG0150114|-43|-82|CG0150114|-43|-82|CG0150114|-43|-82|CG0150115|-44|-106|CG0150115|-44|-106|CG0150115|-44|-106|CG0150115|-44|-106|CG0150116|-31|-117|CG0150116|-31|-117|CG0150116|-31|-117|CG0150116|-31|-117|CG0150116|-31|-117|CG0150116|-31|-117|CG0150117|-29|-102|CG0150117|-29|-102|CG0150117|-29|-102|CG0150117|-29|-102|CG0150117|-29|-102|CG0150117|-29|-102|CG0150117|-29|-102|CG0150117|-29|-102|CG0150118|-54|-89|CG0150118|-54|-89|CG0150119|-52|-81|CG0150119|-52|-81|CG0150119|-52|-81|CG0150119|-52|-81|CG0150119|-52|-81|CG0150119|-52|-81|CG0150119|-52|-81|CG0150119|-52|-81|CG0150120|-32|-84|CG0150120|-32|-84|CG0150120|-32|-84|CG0150120|-32|-84
329|0|6|1000|7|CG0150140|-22|-84|CG0150140|-22|-84|CG0150140|-22|-84|CG0150141|-33|-82|CG0150142|-36|-79|CG0150142|-36|-79|CG0150142|-36|-79
329|0|7|1200|28|CG0148895|-21|-78|CG0148895|-21|-78|CG0148895|-21|-78|CG0148895|-21|-78|CG0148896|-15|-73|CG0148896|-15|-73|CG0148896|-15|-73|CG0148896|-15|-73|CG0148897|-8|-70|CG0148897|-8|-70|CG0148897|-8|-70|CG0148897|-8|-70|CG0148897|-8|-70|CG0148897|-8|-70|CG0148897|-8|-70|CG0148897|-8|-70|CG0148898|-24|-74|CG0148898|-24|-74|CG0148898|-24|-74|CG0148898|-24|-74|CG0148899|-33|-83|CG0148899|-33|-83|CG0148900|-46|-83|CG0148900|-46|-83|CG0148900|-46|-83|CG0148900|-46|-83|CG0148900|-46|-83|CG0148900|-46|-83
329|0|8|1000|2|CG0150135|-22|-84|CG0150136|-22|-64
329|0|9|1000|1|CG0150137|-39|-81
329|0|10|1500|14|CG0150129|-22|-77|CG0150129|-22|-77|CG0150130|-14|-63|CG0150130|-14|-63|CG0150131|-41|-59|CG0150131|-41|-59|CG0150131|-41|-59|CG0150132|-51|-57|CG0150132|-51|-57|CG0150133|-72|-64|CG0150133|-72|-64|CG0150134|-62|-48|CG0150134|-62|-48|CG0150134|-62|-48
329|1|0|1500|4|CG0150193|-29|-78|CG0150194|-30|-78|CG0150195|-31|-78|CG0150194|-30|-78
329|1|1|1000|6|CG0150198|-18|-79|CG0150199|-18|-81|CG0150200|-18|-78|CG0150201|-18|-79|CG0150202|-18|-81|CG0150203|-18|-78
329|1|2|400|1|CG0188417|-17|-71
329|1|3|500|6|CG0150168|-15|-81|CG0150169|-15|-83|CG0150170|-14|-79|CG0150171|-15|-81|CG0150172|-15|-84|CG0150173|-15|-80
329|1|4|100|1|CG0196384|-26|-58
329|1|5|1300|44|CG0150159|-15|-75|CG0150159|-15|-75|CG0150159|-15|-75|CG0150159|-15|-75|CG0150160|-24|-76|CG0150160|-24|-76|CG0150160|-24|-76|CG0150160|-24|-76|CG0150161|-17|-89|CG0150161|-17|-89|CG0150161|-17|-89|CG0150161|-17|-89|CG0150162|-14|-116|CG0150162|-14|-116|CG0150162|-14|-116|CG0150162|-14|-116|CG0150163|-18|-114|CG0150163|-18|-114|CG0150163|-18|-114|CG0150163|-18|-114|CG0150163|-18|-114|CG0150163|-18|-114|CG0150164|-15|-91|CG0150164|-15|-91|CG0150164|-15|-91|CG0150164|-15|-91|CG0150164|-15|-91|CG0150164|-15|-91|CG0150164|-15|-91|CG0150164|-15|-91|CG0150165|-17|-95|CG0150165|-17|-95|CG0150166|-21|-88|CG0150166|-21|-88|CG0150166|-21|-88|CG0150166|-21|-88|CG0150166|-21|-88|CG0150166|-21|-88|CG0150166|-21|-88|CG0150166|-21|-88|CG0150167|-20|-83|CG0150167|-20|-83|CG0150167|-20|-83|CG0150167|-20|-83
329|1|6|1000|7|CG0150187|-24|-83|CG0150187|-24|-83|CG0150187|-24|-83|CG0150188|-26|-80|CG0150189|-27|-80|CG0150189|-27|-80|CG0150189|-27|-80
329|1|7|1200|28|CG0148959|-17|-79|CG0148959|-17|-79|CG0148959|-17|-79|CG0148959|-17|-79|CG0148960|-20|-72|CG0148960|-20|-72|CG0148960|-20|-72|CG0148960|-20|-72|CG0148961|-16|-63|CG0148961|-16|-63|CG0148961|-16|-63|CG0148961|-16|-63|CG0148961|-16|-63|CG0148961|-16|-63|CG0148961|-16|-63|CG0148961|-16|-63|CG0148962|-18|-71|CG0148962|-18|-71|CG0148962|-18|-71|CG0148962|-18|-71|CG0148963|-27|-85|CG0148963|-27|-85|CG0148964|-24|-90|CG0148964|-24|-90|CG0148964|-24|-90|CG0148964|-24|-90|CG0148964|-24|-90|CG0148964|-24|-90
329|1|8|1000|2|CG0150182|-23|-85|CG0150183|-13|-53
329|1|9|1000|1|CG0150184|-28|-83
329|1|10|1500|14|CG0150176|-25|-77|CG0150176|-25|-77|CG0150177|-21|-61|CG0150177|-21|-61|CG0150178|-13|-54|CG0150178|-13|-54|CG0150178|-13|-54|CG0150179|-19|-54|CG0150179|-19|-54|CG0150180|-20|-67|CG0150180|-20|-67|CG0150181|-31|-54|CG0150181|-31|-54|CG0150181|-31|-54
329|2|0|1500|4|CG0150240|-26|-78|CG0150241|-26|-78|CG0150242|-27|-77|CG0150241|-26|-78
329|2|1|1000|6|CG0150245|-25|-78|CG0150246|-25|-80|CG0150247|-24|-77|CG0150248|-25|-78|CG0150249|-26|-80|CG0150250|-24|-77
329|2|2|400|1|CG0188462|-33|-62
329|2|3|500|6|CG0150215|-20|-81|CG0150216|-26|-83|CG0150217|-34|-79|CG0150218|-26|-81|CG0150219|-19|-84|CG0150220|-27|-80
329|2|4|100|1|CG0196424|-14|-57
329|2|5|1300|44|CG0150206|-30|-74|CG0150206|-30|-74|CG0150206|-30|-74|CG0150206|-30|-74|CG0150207|-26|-75|CG0150207|-26|-75|CG0150207|-26|-75|CG0150207|-26|-75|CG0150208|-20|-77|CG0150208|-20|-77|CG0150208|-20|-77|CG0150208|-20|-77|CG0150209|-18|-111|CG0150209|-18|-111|CG0150209|-18|-111|CG0150209|-18|-111|CG0150210|-17|-104|CG0150210|-17|-104|CG0150210|-17|-104|CG0150210|-17|-104|CG0150210|-17|-104|CG0150210|-17|-104|CG0150211|-18|-80|CG0150211|-18|-80|CG0150211|-18|-80|CG0150211|-18|-80|CG0150211|-18|-80|CG0150211|-18|-80|CG0150211|-18|-80|CG0150211|-18|-80|CG0150212|-17|-88|CG0150212|-17|-88|CG0150213|-21|-87|CG0150213|-21|-87|CG0150213|-21|-87|CG0150213|-21|-87|CG0150213|-21|-87|CG0150213|-21|-87|CG0150213|-21|-87|CG0150213|-21|-87|CG0150214|-22|-83|CG0150214|-22|-83|CG0150214|-22|-83|CG0150214|-22|-83
329|2|6|1000|7|CG0150234|-18|-84|CG0150234|-18|-84|CG0150234|-18|-84|CG0150235|-23|-82|CG0150236|-31|-78|CG0150236|-31|-78|CG0150236|-31|-78
329|2|7|1200|28|CG0149023|-27|-78|CG0149023|-27|-78|CG0149023|-27|-78|CG0149023|-27|-78|CG0149024|-34|-73|CG0149024|-34|-73|CG0149024|-34|-73|CG0149024|-34|-73|CG0149025|-39|-64|CG0149025|-39|-64|CG0149025|-39|-64|CG0149025|-39|-64|CG0149025|-39|-64|CG0149025|-39|-64|CG0149025|-39|-64|CG0149025|-39|-64|CG0149026|-33|-70|CG0149026|-33|-70|CG0149026|-33|-70|CG0149026|-33|-70|CG0149027|-25|-85|CG0149027|-25|-85|CG0149028|-11|-91|CG0149028|-11|-91|CG0149028|-11|-91|CG0149028|-11|-91|CG0149028|-11|-91|CG0149028|-11|-91
329|2|8|1000|2|CG0150229|-21|-83|CG0150230|-40|-52
329|2|9|1000|1|CG0150231|-25|-81
329|2|10|1500|14|CG0150223|-25|-76|CG0150223|-25|-76|CG0150224|-39|-62|CG0150224|-39|-62|CG0150225|-30|-52|CG0150225|-30|-52|CG0150225|-30|-52|CG0150226|-34|-54|CG0150226|-34|-54|CG0150227|-25|-61|CG0150227|-25|-61|CG0150228|-17|-42|CG0150228|-17|-42|CG0150228|-17|-42
329|3|0|1500|4|CG0150287|-28|-84|CG0150288|-29|-84|CG0150289|-29|-83|CG0150288|-29|-84
329|3|1|1000|6|CG0150292|-29|-83|CG0150293|-29|-85|CG0150294|-28|-82|CG0150295|-28|-83|CG0150296|-29|-86|CG0150297|-28|-82
329|3|2|400|1|CG0188507|-36|-53
329|3|3|500|6|CG0150262|-40|-81|CG0150263|-40|-83|CG0150264|-40|-79|CG0150265|-39|-80|CG0150266|-39|-84|CG0150267|-41|-80
329|3|4|100|1|CG0196464|-10|-51
329|3|5|1300|44|CG0150253|-48|-82|CG0150253|-48|-82|CG0150253|-48|-82|CG0150253|-48|-82|CG0150254|-30|-80|CG0150254|-30|-80|CG0150254|-30|-80|CG0150254|-30|-80|CG0150255|-22|-80|CG0150255|-22|-80|CG0150255|-22|-80|CG0150255|-22|-80|CG0150256|-24|-95|CG0150256|-24|-95|CG0150256|-24|-95|CG0150256|-24|-95|CG0150257|-18|-94|CG0150257|-18|-94|CG0150257|-18|-94|CG0150257|-18|-94|CG0150257|-18|-94|CG0150257|-18|-94|CG0150258|-18|-81|CG0150258|-18|-81|CG0150258|-18|-81|CG0150258|-18|-81|CG0150258|-18|-81|CG0150258|-18|-81|CG0150258|-18|-81|CG0150258|-18|-81|CG0150259|-15|-84|CG0150259|-15|-84|CG0150260|-20|-78|CG0150260|-20|-78|CG0150260|-20|-78|CG0150260|-20|-78|CG0150260|-20|-78|CG0150260|-20|-78|CG0150260|-20|-78|CG0150260|-20|-78|CG0150261|-19|-84|CG0150261|-19|-84|CG0150261|-19|-84|CG0150261|-19|-84
329|3|6|1000|7|CG0150281|-20|-85|CG0150281|-20|-85|CG0150281|-20|-85|CG0150282|-27|-86|CG0150283|-40|-83|CG0150283|-40|-83|CG0150283|-40|-83
329|3|7|1200|28|CG0149087|-29|-84|CG0149087|-29|-84|CG0149087|-29|-84|CG0149087|-29|-84|CG0149088|-37|-82|CG0149088|-37|-82|CG0149088|-37|-82|CG0149088|-37|-82|CG0149089|-49|-76|CG0149089|-49|-76|CG0149089|-49|-76|CG0149089|-49|-76|CG0149089|-49|-76|CG0149089|-49|-76|CG0149089|-49|-76|CG0149089|-49|-76|CG0149090|-37|-78|CG0149090|-37|-78|CG0149090|-37|-78|CG0149090|-37|-78|CG0149091|-21|-86|CG0149091|-21|-86|CG0149092|-18|-83|CG0149092|-18|-83|CG0149092|-18|-83|CG0149092|-18|-83|CG0149092|-18|-83|CG0149092|-18|-83
329|3|8|1000|2|CG0150276|-21|-80|CG0150277|-61|-61
329|3|9|1000|1|CG0150278|-18|-76
329|3|10|1500|14|CG0150270|-29|-81|CG0150270|-29|-81|CG0150271|-48|-67|CG0150271|-48|-67|CG0150272|-45|-55|CG0150272|-45|-55|CG0150272|-45|-55|CG0150273|-50|-58|CG0150273|-50|-58|CG0150274|-31|-53|CG0150274|-31|-53|CG0150275|-29|-21|CG0150275|-29|-21|CG0150275|-29|-21
329|4|0|1500|4|CG0150334|-29|-88|CG0150335|-22|-88|CG0150336|-22|-87|CG0150335|-22|-88
329|4|1|1000|6|CG0150339|-51|-87|CG0150340|-51|-89|CG0150341|-51|-86|CG0150342|-51|-88|CG0150343|-51|-90|CG0150344|-51|-87
329|4|2|400|1|CG0188552|-25|-51
329|4|3|500|6|CG0150309|-50|-79|CG0150310|-50|-82|CG0150311|-50|-77|CG0150312|-50|-79|CG0150313|-50|-83|CG0150314|-50|-79
329|4|4|100|1|CG0196504|-21|-46
329|4|5|1300|44|CG0150300|-52|-89|CG0150300|-52|-89|CG0150300|-52|-89|CG0150300|-52|-89|CG0150301|-24|-85|CG0150301|-24|-85|CG0150301|-24|-85|CG0150301|-24|-85|CG0150302|-19|-82|CG0150302|-19|-82|CG0150302|-19|-82|CG0150302|-19|-82|CG0150303|-19|-82|CG0150303|-19|-82|CG0150303|-19|-82|CG0150303|-19|-82|CG0150304|-16|-89|CG0150304|-16|-89|CG0150304|-16|-89|CG0150304|-16|-89|CG0150304|-16|-89|CG0150304|-16|-89|CG0150305|-25|-82|CG0150305|-25|-82|CG0150305|-25|-82|CG0150305|-25|-82|CG0150305|-25|-82|CG0150305|-25|-82|CG0150305|-25|-82|CG0150305|-25|-82|CG0150306|-14|-80|CG0150306|-14|-80|CG0150307|-11|-70|CG0150307|-11|-70|CG0150307|-11|-70|CG0150307|-11|-70|CG0150307|-11|-70|CG0150307|-11|-70|CG0150307|-11|-70|CG0150307|-11|-70|CG0150308|-18|-83|CG0150308|-18|-83|CG0150308|-18|-83|CG0150308|-18|-83
329|4|6|1000|7|CG0150328|-35|-85|CG0150328|-35|-85|CG0150328|-35|-85|CG0150329|-33|-88|CG0150330|-28|-87|CG0150330|-28|-87|CG0150330|-28|-87
329|4|7|1200|28|CG0149151|-21|-88|CG0149151|-21|-88|CG0149151|-21|-88|CG0149151|-21|-88|CG0149152|-28|-89|CG0149152|-28|-89|CG0149152|-28|-89|CG0149152|-28|-89|CG0149153|-42|-88|CG0149153|-42|-88|CG0149153|-42|-88|CG0149153|-42|-88|CG0149153|-42|-88|CG0149153|-42|-88|CG0149153|-42|-88|CG0149153|-42|-88|CG0149154|-35|-84|CG0149154|-35|-84|CG0149154|-35|-84|CG0149154|-35|-84|CG0149155|-19|-83|CG0149155|-19|-83|CG0149156|-32|-73|CG0149156|-32|-73|CG0149156|-32|-73|CG0149156|-32|-73|CG0149156|-32|-73|CG0149156|-32|-73
329|4|8|1000|2|CG0150323|-17|-78|CG0150324|-52|-79
329|4|9|1000|1|CG0150325|-24|-70
329|4|10|1500|14|CG0150317|-24|-86|CG0150317|-24|-86|CG0150318|-37|-78|CG0150318|-37|-78|CG0150319|-42|-68|CG0150319|-42|-68|CG0150319|-42|-68|CG0150320|-45|-63|CG0150320|-45|-63|CG0150321|-28|-50|CG0150321|-28|-50|CG0150322|-25|-14|CG0150322|-25|-14|CG0150322|-25|-14
329|5|0|1500|4|CG0150381|-51|-89|CG0150382|-49|-89|CG0150383|-45|-89|CG0150382|-49|-89
329|5|1|1000|6|CG0150386|-53|-90|CG0150387|-53|-92|CG0150388|-53|-89|CG0150389|-53|-90|CG0150390|-53|-92|CG0150391|-53|-89
329|5|2|400|1|CG0188597|-19|-60
329|5|3|500|6|CG0150356|-32|-79|CG0150357|-32|-84|CG0150358|-32|-77|CG0150359|-32|-79|CG0150360|-32|-84|CG0150361|-32|-80
329|5|4|100|1|CG0196544|-24|-45
329|5|5|1300|44|CG0150347|-27|-91|CG0150347|-27|-91|CG0150347|-27|-91|CG0150347|-27|-91|CG0150348|-52|-88|CG0150348|-52|-88|CG0150348|-52|-88|CG0150348|-52|-88|CG0150349|-17|-84|CG0150349|-17|-84|CG0150349|-17|-84|CG0150349|-17|-84|CG0150350|-14|-83|CG0150350|-14|-83|CG0150350|-14|-83|CG0150350|-14|-83|CG0150351|-22|-92|CG0150351|-22|-92|CG0150351|-22|-92|CG0150351|-22|-92|CG0150351|-22|-92|CG0150351|-22|-92|CG0150352|-34|-92|CG0150352|-34|-92|CG0150352|-34|-92|CG0150352|-34|-92|CG0150352|-34|-92|CG0150352|-34|-92|CG0150352|-34|-92|CG0150352|-34|-92|CG0150353|-16|-79|CG0150353|-16|-79|CG0150354|-13|-71|CG0150354|-13|-71|CG0150354|-13|-71|CG0150354|-13|-71|CG0150354|-13|-71|CG0150354|-13|-71|CG0150354|-13|-71|CG0150354|-13|-71|CG0150355|-16|-84|CG0150355|-16|-84|CG0150355|-16|-84|CG0150355|-16|-84
329|5|6|1000|7|CG0150375|-58|-87|CG0150375|-58|-87|CG0150375|-58|-87|CG0150376|-56|-91|CG0150377|-57|-89|CG0150377|-57|-89|CG0150377|-57|-89
329|5|7|1200|28|CG0149215|-15|-90|CG0149215|-15|-90|CG0149215|-15|-90|CG0149215|-15|-90|CG0149216|-13|-91|CG0149216|-13|-91|CG0149216|-13|-91|CG0149216|-13|-91|CG0149217|-19|-94|CG0149217|-19|-94|CG0149217|-19|-94|CG0149217|-19|-94|CG0149217|-19|-94|CG0149217|-19|-94|CG0149217|-19|-94|CG0149217|-19|-94|CG0149218|-15|-87|CG0149218|-15|-87|CG0149218|-15|-87|CG0149218|-15|-87|CG0149219|-21|-79|CG0149219|-21|-79|CG0149220|-30|-70|CG0149220|-30|-70|CG0149220|-30|-70|CG0149220|-30|-70|CG0149220|-30|-70|CG0149220|-30|-70
329|5|8|1000|2|CG0150370|-33|-78|CG0150371|-59|-88
329|5|9|1000|1|CG0150372|-55|-69
329|5|10|1500|14|CG0150364|-47|-88|CG0150364|-47|-88|CG0150365|-31|-83|CG0150365|-31|-83|CG0150366|-23|-75|CG0150366|-23|-75|CG0150366|-23|-75|CG0150367|-22|-70|CG0150367|-22|-70|CG0150368|-21|-50|CG0150368|-21|-50|CG0150369|-28|-20|CG0150369|-28|-20|CG0150369|-28|-20
329|6|0|1500|4|CG0150428|-43|-87|CG0150429|-47|-87|CG0150430|-51|-86|CG0150429|-47|-87
329|6|1|1000|6|CG0150433|-26|-88|CG0150434|-26|-90|CG0150435|-26|-87|CG0150436|-26|-88|CG0150437|-26|-90|CG0150438|-26|-87
329|6|2|400|1|CG0188642|-38|-63
329|6|3|500|6|CG0150403|-27|-80|CG0150404|-27|-83|CG0150405|-27|-78|CG0150406|-27|-80|CG0150407|-27|-84|CG0150408|-27|-80
329|6|4|100|1|CG0196584|-20|-48
329|6|5|1300|44|CG0150394|-17|-88|CG0150394|-17|-88|CG0150394|-17|-88|CG0150394|-17|-88|CG0150395|-48|-86|CG0150395|-48|-86|CG0150395|-48|-86|CG0150395|-48|-86|CG0150396|-63|-83|CG0150396|-63|-83|CG0150396|-63|-83|CG0150396|-63|-83|CG0150397|-38|-83|CG0150397|-38|-83|CG0150397|-38|-83|CG0150397|-38|-83|CG0150398|-33|-103|CG0150398|-33|-103|CG0150398|-33|-103|CG0150398|-33|-103|CG0150398|-33|-103|CG0150398|-33|-103|CG0150399|-30|-102|CG0150399|-30|-102|CG0150399|-30|-102|CG0150399|-30|-102|CG0150399|-30|-102|CG0150399|-30|-102|CG0150399|-30|-102|CG0150399|-30|-102|CG0150400|-64|-82|CG0150400|-64|-82|CG0150401|-34|-70|CG0150401|-34|-70|CG0150401|-34|-70|CG0150401|-34|-70|CG0150401|-34|-70|CG0150401|-34|-70|CG0150401|-34|-70|CG0150401|-34|-70|CG0150402|-56|-85|CG0150402|-56|-85|CG0150402|-56|-85|CG0150402|-56|-85
329|6|6|1000|7|CG0150422|-47|-86|CG0150422|-47|-86|CG0150422|-47|-86|CG0150423|-46|-89|CG0150424|-57|-87|CG0150424|-57|-87|CG0150424|-57|-87
329|6|7|1200|28|CG0149279|-13|-87|CG0149279|-13|-87|CG0149279|-13|-87|CG0149279|-13|-87|CG0149280|-18|-87|CG0149280|-18|-87|CG0149280|-18|-87|CG0149280|-18|-87|CG0149281|-18|-90|CG0149281|-18|-90|CG0149281|-18|-90|CG0149281|-18|-90|CG0149281|-18|-90|CG0149281|-18|-90|CG0149281|-18|-90|CG0149281|-18|-90|CG0149282|-21|-83|CG0149282|-21|-83|CG0149282|-21|-83|CG0149282|-21|-83|CG0149283|-33|-74|CG0149283|-33|-74|CG0149284|-31|-68|CG0149284|-31|-68|CG0149284|-31|-68|CG0149284|-31|-68|CG0149284|-31|-68|CG0149284|-31|-68
329|6|8|1000|2|CG0150417|-57|-79|CG0150418|-55|-86
329|6|9|1000|1|CG0150419|-52|-72
329|6|10|1500|14|CG0150411|-56|-86|CG0150411|-56|-86|CG0150412|-55|-79|CG0150412|-55|-79|CG0150413|-39|-75|CG0150413|-39|-75|CG0150413|-39|-75|CG0150414|-34|-68|CG0150414|-34|-68|CG0150415|-55|-56|CG0150415|-55|-56|CG0150416|-83|-19|CG0150416|-83|-19|CG0150416|-83|-19
329|7|0|1500|4|CG0150475|-14|-81|CG0150476|-20|-81|CG0150477|-28|-80|CG0150476|-20|-81
329|7|1|1000|6|CG0150480|-23|-82|CG0150481|-23|-84|CG0150482|-25|-81|CG0150483|-23|-82|CG0150484|-23|-85|CG0150485|-25|-81
329|7|2|400|1|CG0188687|-44|-60
329|7|3|500|6|CG0150450|-36|-80|CG0150451|-36|-83|CG0150452|-36|-78|CG0150453|-36|-80|CG0150454|-36|-84|CG0150455|-36|-80
329|7|4|100|1|CG0196624|-25|-51
329|7|5|1300|44|CG0150441|-24|-81|CG0150441|-24|-81|CG0150441|-24|-81|CG0150441|-24|-81|CG0150442|-20|-80|CG0150442|-20|-80|CG0150442|-20|-80|CG0150442|-20|-80|CG0150443|-74|-80|CG0150443|-74|-80|CG0150443|-74|-80|CG0150443|-74|-80|CG0150444|-57|-88|CG0150444|-57|-88|CG0150444|-57|-88|CG0150444|-57|-88|CG0150445|-33|-113|CG0150445|-33|-113|CG0150445|-33|-113|CG0150445|-33|-113|CG0150445|-33|-113|CG0150445|-33|-113|CG0150446|-37|-106|CG0150446|-37|-106|CG0150446|-37|-106|CG0150446|-37|-106|CG0150446|-37|-106|CG0150446|-37|-106|CG0150446|-37|-106|CG0150446|-37|-106|CG0150447|-82|-85|CG0150447|-82|-85|CG0150448|-61|-71|CG0150448|-61|-71|CG0150448|-61|-71|CG0150448|-61|-71|CG0150448|-61|-71|CG0150448|-61|-71|CG0150448|-61|-71|CG0150448|-61|-71|CG0150449|-61|-84|CG0150449|-61|-84|CG0150449|-61|-84|CG0150449|-61|-84
329|7|6|1000|7|CG0150469|-22|-85|CG0150469|-22|-85|CG0150469|-22|-85|CG0150470|-23|-85|CG0150471|-28|-82|CG0150471|-28|-82|CG0150471|-28|-82
329|7|7|1200|28|CG0149343|-21|-81|CG0149343|-21|-81|CG0149343|-21|-81|CG0149343|-21|-81|CG0149344|-20|-78|CG0149344|-20|-78|CG0149344|-20|-78|CG0149344|-20|-78|CG0149345|-15|-78|CG0149345|-15|-78|CG0149345|-15|-78|CG0149345|-15|-78|CG0149345|-15|-78|CG0149345|-15|-78|CG0149345|-15|-78|CG0149345|-15|-78|CG0149346|-27|-76|CG0149346|-27|-76|CG0149346|-27|-76|CG0149346|-27|-76|CG0149347|-33|-76|CG0149347|-33|-76|CG0149348|-52|-73|CG0149348|-52|-73|CG0149348|-52|-73|CG0149348|-52|-73|CG0149348|-52|-73|CG0149348|-52|-73
329|7|8|1000|2|CG0150464|-47|-81|CG0150465|-28|-78
329|7|9|1000|1|CG0150466|-32|-76
329|7|10|1500|14|CG0150458|-33|-80|CG0150458|-33|-80|CG0150459|-46|-67|CG0150459|-46|-67|CG0150460|-57|-65|CG0150460|-57|-65|CG0150460|-57|-65|CG0150461|-61|-61|CG0150461|-61|-61|CG0150462|-91|-62|CG0150462|-91|-62|CG0150463|-100|-28|CG0150463|-100|-28|CG0150463|-100|-28
