338|0|0|1000|4|CG0153555|-18|-70|CG0153556|-18|-69|CG0153557|-18|-69|CG0153556|-18|-69
338|0|1|1000|6|CG0153566|-15|-70|CG0153567|-21|-71|CG0153568|-17|-70|CG0153569|-17|-71|CG0153570|-12|-73|CG0153571|-22|-70
338|0|2|400|1|CG0188372|-32|-70
338|0|3|400|6|CG0153518|-29|-66|CG0153519|-29|-68|CG0153520|-29|-68|CG0153521|-29|-66|CG0153522|-29|-68|CG0153523|-29|-67
338|0|4|100|1|CG0196344|-27|-55
338|0|5|1000|22|CG0153512|-25|-69|CG0153512|-25|-69|CG0153512|-25|-69|CG0153512|-25|-69|CG0153513|-33|-71|CG0153513|-33|-71|CG0153514|-35|-76|CG0153514|-35|-76|CG0153515|-41|-72|CG0153515|-41|-72|CG0153515|-41|-72|CG0153515|-41|-72|CG0153515|-41|-72|CG0153515|-41|-72|CG0153516|-34|-69|CG0153516|-34|-69|CG0153516|-34|-69|CG0153516|-34|-69|CG0153517|-21|-68|CG0153517|-21|-68|CG0153517|-21|-68|CG0153517|-21|-68
338|0|6|1000|5|CG0153545|-21|-69|CG0153546|-21|-69|CG0153547|-19|-64|CG0153547|-19|-64|CG0153547|-19|-64
338|0|7|800|7|CG0153558|-16|-67|CG0153558|-16|-67|CG0153559|-19|-74|CG0153559|-19|-74|CG0153561|-35|-68|CG0153562|-33|-52|CG0153562|-33|-52
338|0|8|1000|2|CG0153536|-21|-68|CG0153537|-24|-52
338|0|9|1000|1|CG0153542|-31|-47
338|0|10|1000|6|CG0153530|-25|-68|CG0153531|-21|-76|CG0153532|-34|-67|CG0153533|-39|-40|CG0153534|-39|-38|CG0153535|-39|-34
338|1|0|1000|4|CG0153617|-13|-68|CG0153618|-13|-68|CG0153619|-13|-67|CG0153618|-13|-68
338|1|1|1000|6|CG0153628|-16|-69|CG0153629|-16|-71|CG0153630|-13|-68|CG0153631|-12|-69|CG0153632|-16|-71|CG0153633|-17|-68
338|1|2|400|1|CG0188417|-17|-71
338|1|3|400|6|CG0153580|-24|-68|CG0153581|-24|-70|CG0153582|-24|-69|CG0153583|-24|-68|CG0153584|-24|-70|CG0153585|-24|-69
338|1|4|100|1|CG0196384|-26|-58
338|1|5|1000|22|CG0153574|-14|-67|CG0153574|-14|-67|CG0153574|-14|-67|CG0153574|-14|-67|CG0153575|-13|-70|CG0153575|-13|-70|CG0153576|-18|-77|CG0153576|-18|-77|CG0153577|-23|-82|CG0153577|-23|-82|CG0153577|-23|-82|CG0153577|-23|-82|CG0153577|-23|-82|CG0153577|-23|-82|CG0153578|-21|-69|CG0153578|-21|-69|CG0153578|-21|-69|CG0153578|-21|-69|CG0153579|-17|-67|CG0153579|-17|-67|CG0153579|-17|-67|CG0153579|-17|-67
338|1|6|1000|5|CG0153607|-13|-67|CG0153608|-14|-68|CG0153609|-18|-60|CG0153609|-18|-60|CG0153609|-18|-60
338|1|7|800|7|CG0153620|-15|-65|CG0153620|-15|-65|CG0153621|-20|-74|CG0153621|-20|-74|CG0153623|-27|-67|CG0153624|-23|-54|CG0153624|-23|-54
338|1|8|1000|2|CG0153598|-14|-67|CG0153599|-28|-48
338|1|9|1000|1|CG0153604|-19|-47
338|1|10|1000|6|CG0153592|-25|-62|CG0153593|-25|-69|CG0153594|-17|-71|CG0153595|-17|-40|CG0153596|-26|-43|CG0153597|-25|-40
338|2|0|1000|4|CG0153679|-16|-70|CG0153680|-16|-69|CG0153681|-16|-68|CG0153680|-16|-69
338|2|1|1000|6|CG0153690|-20|-71|CG0153691|-22|-73|CG0153692|-22|-70|CG0153693|-19|-70|CG0153694|-18|-71|CG0153695|-24|-70
338|2|2|400|1|CG0188462|-33|-62
338|2|3|400|6|CG0153642|-24|-67|CG0153643|-20|-69|CG0153644|-21|-68|CG0153645|-20|-67|CG0153646|-22|-69|CG0153647|-30|-68
338|2|4|100|1|CG0196424|-14|-57
338|2|5|1000|22|CG0153636|-7|-64|CG0153636|-7|-64|CG0153636|-7|-64|CG0153636|-7|-64|CG0153637|-6|-66|CG0153637|-6|-66|CG0153638|-2|-73|CG0153638|-2|-73|CG0153639|-3|-80|CG0153639|-3|-80|CG0153639|-3|-80|CG0153639|-3|-80|CG0153639|-3|-80|CG0153639|-3|-80|CG0153640|-11|-68|CG0153640|-11|-68|CG0153640|-11|-68|CG0153640|-11|-68|CG0153641|-17|-68|CG0153641|-17|-68|CG0153641|-17|-68|CG0153641|-17|-68
338|2|6|1000|5|CG0153669|-15|-68|CG0153670|-19|-68|CG0153671|-26|-63|CG0153671|-26|-63|CG0153671|-26|-63
338|2|7|800|7|CG0153682|-13|-67|CG0153682|-13|-67|CG0153683|-22|-74|CG0153683|-22|-74|CG0153685|-9|-67|CG0153686|-17|-53|CG0153686|-17|-53
338|2|8|1000|2|CG0153660|-11|-67|CG0153661|-36|-52
338|2|9|1000|1|CG0153666|-11|-47
338|2|10|1000|6|CG0153654|-20|-61|CG0153655|-31|-58|CG0153656|-19|-68|CG0153657|-22|-36|CG0153658|-27|-38|CG0153659|-31|-35
338|3|0|1000|4|CG0153741|-13|-69|CG0153742|-13|-69|CG0153743|-13|-68|CG0153742|-13|-69
338|3|1|1000|6|CG0153752|-18|-72|CG0153753|-17|-74|CG0153754|-23|-71|CG0153755|-17|-70|CG0153756|-16|-72|CG0153757|-23|-71
338|3|2|400|1|CG0188507|-36|-53
338|3|3|400|6|CG0153704|-26|-59|CG0153705|-23|-61|CG0153706|-32|-60|CG0153707|-25|-59|CG0153708|-23|-61|CG0153709|-34|-60
338|3|4|100|1|CG0196464|-10|-51
338|3|5|1000|22|CG0153698|-23|-61|CG0153698|-23|-61|CG0153698|-23|-61|CG0153698|-23|-61|CG0153699|-12|-58|CG0153699|-12|-58|CG0153700|-9|-63|CG0153700|-9|-63|CG0153701|9|-67|CG0153701|9|-67|CG0153701|9|-67|CG0153701|9|-67|CG0153701|9|-67|CG0153701|9|-67|CG0153702|-8|-67|CG0153702|-8|-67|CG0153702|-8|-67|CG0153702|-8|-67|CG0153703|-13|-68|CG0153703|-13|-68|CG0153703|-13|-68|CG0153703|-13|-68
338|3|6|1000|5|CG0153731|-13|-67|CG0153732|-15|-70|CG0153733|-22|-69|CG0153733|-22|-69|CG0153733|-22|-69
338|3|7|800|7|CG0153744|-12|-65|CG0153744|-12|-65|CG0153745|-16|-78|CG0153745|-16|-78|CG0153747|-7|-63|CG0153748|-8|-46|CG0153748|-8|-46
338|3|8|1000|2|CG0153722|-11|-67|CG0153723|-38|-64
338|3|9|1000|1|CG0153728|-9|-40
338|3|10|1000|6|CG0153716|-30|-65|CG0153717|-22|-52|CG0153718|-35|-58|CG0153719|-18|-41|CG0153720|-25|-36|CG0153721|-33|-22
338|4|0|1000|4|CG0153803|-18|-67|CG0153804|-18|-67|CG0153805|-18|-65|CG0153804|-18|-67
338|4|1|1000|6|CG0153814|-19|-71|CG0153815|-18|-73|CG0153816|-23|-70|CG0153817|-20|-70|CG0153818|-21|-71|CG0153819|-22|-70
338|4|2|400|1|CG0188552|-25|-51
338|4|3|400|6|CG0153766|-21|-51|CG0153767|-21|-52|CG0153768|-28|-52|CG0153769|-23|-51|CG0153770|-21|-52|CG0153771|-22|-51
338|4|4|100|1|CG0196504|-21|-46
338|4|5|1000|22|CG0153760|-27|-59|CG0153760|-27|-59|CG0153760|-27|-59|CG0153760|-27|-59|CG0153761|-15|-53|CG0153761|-15|-53|CG0153762|-14|-52|CG0153762|-14|-52|CG0153763|0|-59|CG0153763|0|-59|CG0153763|0|-59|CG0153763|0|-59|CG0153763|0|-59|CG0153763|0|-59|CG0153764|-13|-65|CG0153764|-13|-65|CG0153764|-13|-65|CG0153764|-13|-65|CG0153765|-19|-66|CG0153765|-19|-66|CG0153765|-19|-66|CG0153765|-19|-66
338|4|6|1000|5|CG0153793|-20|-65|CG0153794|-19|-69|CG0153795|-21|-72|CG0153795|-21|-72|CG0153795|-21|-72
338|4|7|800|7|CG0153806|-14|-62|CG0153806|-14|-62|CG0153807|-24|-78|CG0153807|-24|-78|CG0153809|-9|-56|CG0153810|-17|-34|CG0153810|-17|-34
338|4|8|1000|2|CG0153784|-11|-65|CG0153785|-34|-74
338|4|9|1000|1|CG0153790|-11|-29
338|4|10|1000|6|CG0153778|-29|-74|CG0153779|-26|-52|CG0153780|-35|-57|CG0153781|-13|-43|CG0153782|-20|-41|CG0153783|-30|-28
338|5|0|1000|4|CG0153865|-18|-65|CG0153866|-18|-64|CG0153867|-18|-63|CG0153866|-18|-64
338|5|1|1000|6|CG0153876|-13|-68|CG0153877|-14|-69|CG0153878|-16|-67|CG0153879|-17|-68|CG0153880|-16|-69|CG0153881|-14|-67
338|5|2|400|1|CG0188597|-19|-60
338|5|3|400|6|CG0153828|-25|-45|CG0153829|-25|-47|CG0153830|-25|-46|CG0153831|-25|-45|CG0153832|-25|-47|CG0153833|-25|-46
338|5|4|100|1|CG0196544|-24|-45
338|5|5|1000|22|CG0153822|-22|-59|CG0153822|-22|-59|CG0153822|-22|-59|CG0153822|-22|-59|CG0153823|-23|-51|CG0153823|-23|-51|CG0153824|-18|-47|CG0153824|-18|-47|CG0153825|-14|-56|CG0153825|-14|-56|CG0153825|-14|-56|CG0153825|-14|-56|CG0153825|-14|-56|CG0153825|-14|-56|CG0153826|-17|-60|CG0153826|-17|-60|CG0153826|-17|-60|CG0153826|-17|-60|CG0153827|-15|-63|CG0153827|-15|-63|CG0153827|-15|-63|CG0153827|-15|-63
338|5|6|1000|5|CG0153855|-17|-64|CG0153856|-18|-66|CG0153857|-17|-72|CG0153857|-17|-72|CG0153857|-17|-72
338|5|7|800|7|CG0153868|-16|-60|CG0153868|-16|-60|CG0153869|-20|-76|CG0153869|-20|-76|CG0153871|-25|-51|CG0153872|-23|-28|CG0153872|-23|-28
338|5|8|1000|2|CG0153846|-15|-61|CG0153847|-29|-75
338|5|9|1000|1|CG0153852|-19|-26
338|5|10|1000|6|CG0153840|-24|-78|CG0153841|-35|-59|CG0153842|-20|-53|CG0153843|-19|-41|CG0153844|-27|-40|CG0153845|-25|-30
338|6|0|1000|4|CG0153927|-16|-69|CG0153928|-16|-68|CG0153929|-15|-67|CG0153928|-16|-68
338|6|1|1000|6|CG0153938|-17|-70|CG0153939|-11|-71|CG0153940|-23|-69|CG0153941|-15|-71|CG0153942|-21|-73|CG0153943|-17|-70
338|6|2|400|1|CG0188642|-38|-63
338|6|3|400|6|CG0153890|-30|-51|CG0153891|-30|-53|CG0153892|-30|-52|CG0153893|-30|-51|CG0153894|-30|-52|CG0153895|-30|-52
338|6|4|100|1|CG0196584|-20|-48
338|6|5|1000|22|CG0153884|-27|-66|CG0153884|-27|-66|CG0153884|-27|-66|CG0153884|-27|-66|CG0153885|-30|-60|CG0153885|-30|-60|CG0153886|-44|-55|CG0153886|-44|-55|CG0153887|-35|-60|CG0153887|-35|-60|CG0153887|-35|-60|CG0153887|-35|-60|CG0153887|-35|-60|CG0153887|-35|-60|CG0153888|-24|-64|CG0153888|-24|-64|CG0153888|-24|-64|CG0153888|-24|-64|CG0153889|-21|-66|CG0153889|-21|-66|CG0153889|-21|-66|CG0153889|-21|-66
338|6|6|1000|5|CG0153917|-22|-68|CG0153918|-23|-69|CG0153919|-15|-71|CG0153919|-15|-71|CG0153919|-15|-71
338|6|7|800|7|CG0153930|-16|-62|CG0153930|-16|-62|CG0153931|-17|-78|CG0153931|-17|-78|CG0153933|-32|-57|CG0153934|-35|-34|CG0153934|-35|-34
338|6|8|1000|2|CG0153908|-22|-65|CG0153909|-16|-74
338|6|9|1000|1|CG0153914|-32|-29
338|6|10|1000|6|CG0153902|-18|-77|CG0153903|-36|-70|CG0153904|-33|-52|CG0153905|-39|-41|CG0153906|-39|-42|CG0153907|-39|-28
338|7|0|1000|4|CG0153989|-16|-70|CG0153990|-16|-70|CG0153991|-16|-69|CG0153990|-16|-70
338|7|1|1000|6|CG0154000|-13|-72|CG0154001|-19|-72|CG0154002|-23|-71|CG0154003|-15|-72|CG0154004|-18|-75|CG0154005|-23|-71
338|7|2|400|1|CG0188687|-44|-60
338|7|3|400|6|CG0153952|-36|-59|CG0153953|-36|-61|CG0153954|-36|-61|CG0153955|-36|-59|CG0153956|-36|-61|CG0153957|-36|-60
338|7|4|100|1|CG0196624|-25|-51
338|7|5|1000|22|CG0153946|-28|-70|CG0153946|-28|-70|CG0153946|-28|-70|CG0153946|-28|-70|CG0153947|-40|-68|CG0153947|-40|-68|CG0153948|-50|-67|CG0153948|-50|-67|CG0153949|-47|-66|CG0153949|-47|-66|CG0153949|-47|-66|CG0153949|-47|-66|CG0153949|-47|-66|CG0153949|-47|-66|CG0153950|-39|-68|CG0153950|-39|-68|CG0153950|-39|-68|CG0153950|-39|-68|CG0153951|-18|-69|CG0153951|-18|-69|CG0153951|-18|-69|CG0153951|-18|-69
338|7|6|1000|5|CG0153979|-22|-70|CG0153980|-18|-70|CG0153981|-16|-67|CG0153981|-16|-67|CG0153981|-16|-67
338|7|7|800|7|CG0153992|-17|-65|CG0153992|-17|-65|CG0153993|-15|-77|CG0153993|-15|-77|CG0153995|-33|-63|CG0153996|-39|-45|CG0153996|-39|-45
338|7|8|1000|2|CG0153970|-21|-66|CG0153971|-24|-64
338|7|9|1000|1|CG0153976|-35|-39
338|7|10|1000|6|CG0153964|-20|-76|CG0153965|-22|-75|CG0153966|-36|-56|CG0153967|-44|-42|CG0153968|-45|-41|CG0153969|-44|-21
