321|0|0|1500|4|CG0147057|-24|-77|CG0147058|-30|-77|CG0147059|-36|-77|CG0147058|-30|-77
321|0|1|1000|6|CG0147062|-24|-78|CG0147063|-24|-80|CG0147064|-25|-77|CG0147065|-24|-78|CG0147066|-23|-81|CG0147067|-23|-77
321|0|2|400|1|CG0188372|-32|-70
321|0|3|500|6|CG0147032|-23|-81|CG0147033|-23|-83|CG0147034|-24|-79|CG0147035|-26|-80|CG0147036|-23|-84|CG0147037|-25|-80
321|0|4|100|1|CG0196344|-27|-55
321|0|5|2000|42|CG0147024|-42|-79|CG0147024|-42|-79|CG0147024|-42|-79|CG0147024|-42|-79|CG0147024|-42|-79|CG0147024|-42|-79|CG0147025|-39|-78|CG0147025|-39|-78|CG0147025|-39|-78|CG0147025|-39|-78|CG0147026|-30|-71|CG0147026|-30|-71|CG0147026|-30|-71|CG0147026|-30|-71|CG0147026|-30|-71|CG0147026|-30|-71|CG0147026|-30|-71|CG0147026|-30|-71|CG0147026|-30|-71|CG0147026|-30|-71|CG0147027|-62|-77|CG0147027|-62|-77|CG0147028|-71|-84|CG0147028|-71|-84|CG0147028|-71|-84|CG0147028|-71|-84|CG0147028|-71|-84|CG0147028|-71|-84|CG0147029|-80|-82|CG0147029|-80|-82|CG0147029|-80|-82|CG0147029|-80|-82|CG0147030|-34|-80|CG0147030|-34|-80|CG0147030|-34|-80|CG0147030|-34|-80|CG0147030|-34|-80|CG0147030|-34|-80|CG0147031|-22|-102|CG0147031|-22|-102|CG0147031|-22|-102|CG0147031|-22|-102
321|0|6|1000|7|CG0147051|-36|-84|CG0147051|-36|-84|CG0147051|-36|-84|CG0147052|-21|-105|CG0147053|-64|-79|CG0147053|-64|-79|CG0147053|-64|-79
321|0|7|1200|28|CG0146559|-21|-78|CG0146559|-21|-78|CG0146559|-21|-78|CG0146559|-21|-78|CG0146560|-15|-73|CG0146560|-15|-73|CG0146560|-15|-73|CG0146560|-15|-73|CG0146561|-8|-70|CG0146561|-8|-70|CG0146561|-8|-70|CG0146561|-8|-70|CG0146561|-8|-70|CG0146561|-8|-70|CG0146561|-8|-70|CG0146561|-8|-70|CG0146562|-24|-74|CG0146562|-24|-74|CG0146562|-24|-74|CG0146562|-24|-74|CG0146563|-33|-83|CG0146563|-33|-83|CG0146564|-46|-83|CG0146564|-46|-83|CG0146564|-46|-83|CG0146564|-46|-83|CG0146564|-46|-83|CG0146564|-46|-83
321|0|8|1000|2|CG0147046|-25|-84|CG0147047|-22|-78
321|0|9|1000|1|CG0147048|-57|-81
321|0|10|1500|14|CG0147040|-27|-77|CG0147040|-27|-77|CG0147041|-17|-63|CG0147041|-17|-63|CG0147042|-20|-59|CG0147042|-20|-59|CG0147042|-20|-59|CG0147043|-27|-57|CG0147043|-27|-57|CG0147044|-70|-64|CG0147044|-70|-64|CG0147045|-84|-48|CG0147045|-84|-48|CG0147045|-84|-48
321|1|0|1500|4|CG0147103|-19|-78|CG0147104|-20|-78|CG0147105|-20|-78|CG0147104|-20|-78
321|1|1|1000|6|CG0147108|-18|-79|CG0147109|-18|-81|CG0147110|-18|-78|CG0147111|-18|-79|CG0147112|-18|-81|CG0147113|-18|-78
321|1|2|400|1|CG0188417|-17|-71
321|1|3|500|6|CG0147078|-18|-81|CG0147079|-18|-83|CG0147080|-17|-79|CG0147081|-17|-81|CG0147082|-18|-84|CG0147083|-18|-81
321|1|4|100|1|CG0196384|-26|-58
321|1|5|2000|42|CG0147070|-19|-80|CG0147070|-19|-80|CG0147070|-19|-80|CG0147070|-19|-80|CG0147070|-19|-80|CG0147070|-19|-80|CG0147071|-15|-76|CG0147071|-15|-76|CG0147071|-15|-76|CG0147071|-15|-76|CG0147072|-18|-72|CG0147072|-18|-72|CG0147072|-18|-72|CG0147072|-18|-72|CG0147072|-18|-72|CG0147072|-18|-72|CG0147072|-18|-72|CG0147072|-18|-72|CG0147072|-18|-72|CG0147072|-18|-72|CG0147073|-22|-81|CG0147073|-22|-81|CG0147074|-14|-88|CG0147074|-14|-88|CG0147074|-14|-88|CG0147074|-14|-88|CG0147074|-14|-88|CG0147074|-14|-88|CG0147075|-22|-86|CG0147075|-22|-86|CG0147075|-22|-86|CG0147075|-22|-86|CG0147076|-30|-85|CG0147076|-30|-85|CG0147076|-30|-85|CG0147076|-30|-85|CG0147076|-30|-85|CG0147076|-30|-85|CG0147077|-17|-90|CG0147077|-17|-90|CG0147077|-17|-90|CG0147077|-17|-90
321|1|6|1000|7|CG0147097|-18|-83|CG0147097|-18|-83|CG0147097|-18|-83|CG0147098|-18|-108|CG0147099|-57|-80|CG0147099|-57|-80|CG0147099|-57|-80
321|1|7|1200|28|CG0146623|-17|-79|CG0146623|-17|-79|CG0146623|-17|-79|CG0146623|-17|-79|CG0146624|-20|-72|CG0146624|-20|-72|CG0146624|-20|-72|CG0146624|-20|-72|CG0146625|-16|-63|CG0146625|-16|-63|CG0146625|-16|-63|CG0146625|-16|-63|CG0146625|-16|-63|CG0146625|-16|-63|CG0146625|-16|-63|CG0146625|-16|-63|CG0146626|-19|-71|CG0146626|-19|-71|CG0146626|-19|-71|CG0146626|-19|-71|CG0146627|-27|-85|CG0146627|-27|-85|CG0146628|-24|-90|CG0146628|-24|-90|CG0146628|-24|-90|CG0146628|-24|-90|CG0146628|-24|-90|CG0146628|-24|-90
321|1|8|1000|2|CG0147092|-18|-85|CG0147093|-16|-59
321|1|9|1000|1|CG0147094|-54|-83
321|1|10|1500|14|CG0147086|-18|-77|CG0147086|-18|-77|CG0147087|-18|-61|CG0147087|-18|-61|CG0147088|-12|-54|CG0147088|-12|-54|CG0147088|-12|-54|CG0147089|-16|-54|CG0147089|-16|-54|CG0147090|-24|-67|CG0147090|-24|-67|CG0147091|-44|-54|CG0147091|-44|-54|CG0147091|-44|-54
321|2|0|1500|4|CG0147149|-26|-78|CG0147150|-26|-78|CG0147151|-27|-77|CG0147150|-26|-78
321|2|1|1000|6|CG0147154|-25|-78|CG0147155|-25|-80|CG0147156|-24|-76|CG0147157|-25|-78|CG0147158|-26|-80|CG0147159|-24|-76
321|2|2|400|1|CG0188462|-33|-62
321|2|3|500|6|CG0147124|-20|-81|CG0147125|-26|-83|CG0147126|-34|-79|CG0147127|-26|-81|CG0147128|-19|-84|CG0147129|-27|-80
321|2|4|100|1|CG0196424|-14|-57
321|2|5|2000|42|CG0147116|-18|-78|CG0147116|-18|-78|CG0147116|-18|-78|CG0147116|-18|-78|CG0147116|-18|-78|CG0147116|-18|-78|CG0147117|-24|-77|CG0147117|-24|-77|CG0147117|-24|-77|CG0147117|-24|-77|CG0147118|-28|-75|CG0147118|-28|-75|CG0147118|-28|-75|CG0147118|-28|-75|CG0147118|-28|-75|CG0147118|-28|-75|CG0147118|-28|-75|CG0147118|-28|-75|CG0147118|-28|-75|CG0147118|-28|-75|CG0147119|-23|-81|CG0147119|-23|-81|CG0147120|-19|-86|CG0147120|-19|-86|CG0147120|-19|-86|CG0147120|-19|-86|CG0147120|-19|-86|CG0147120|-19|-86|CG0147121|-18|-85|CG0147121|-18|-85|CG0147121|-18|-85|CG0147121|-18|-85|CG0147122|-17|-82|CG0147122|-17|-82|CG0147122|-17|-82|CG0147122|-17|-82|CG0147122|-17|-82|CG0147122|-17|-82|CG0147123|-17|-79|CG0147123|-17|-79|CG0147123|-17|-79|CG0147123|-17|-79
321|2|6|1000|7|CG0147143|-18|-84|CG0147143|-18|-84|CG0147143|-18|-84|CG0147144|-23|-101|CG0147145|-31|-79|CG0147145|-31|-79|CG0147145|-31|-79
321|2|7|1200|28|CG0146687|-27|-78|CG0146687|-27|-78|CG0146687|-27|-78|CG0146687|-27|-78|CG0146688|-34|-73|CG0146688|-34|-73|CG0146688|-34|-73|CG0146688|-34|-73|CG0146689|-39|-64|CG0146689|-39|-64|CG0146689|-39|-64|CG0146689|-39|-64|CG0146689|-39|-64|CG0146689|-39|-64|CG0146689|-39|-64|CG0146689|-39|-64|CG0146690|-33|-70|CG0146690|-33|-70|CG0146690|-33|-70|CG0146690|-33|-70|CG0146691|-25|-85|CG0146691|-25|-85|CG0146692|-11|-91|CG0146692|-11|-91|CG0146692|-11|-91|CG0146692|-11|-91|CG0146692|-11|-91|CG0146692|-11|-91
321|2|8|1000|2|CG0147138|-18|-83|CG0147139|-40|-58
321|2|9|1000|1|CG0147140|-25|-81
321|2|10|1500|14|CG0147132|-25|-76|CG0147132|-25|-76|CG0147133|-40|-62|CG0147133|-40|-62|CG0147134|-30|-52|CG0147134|-30|-52|CG0147134|-30|-52|CG0147135|-34|-54|CG0147135|-34|-54|CG0147136|-25|-61|CG0147136|-25|-61|CG0147137|-17|-45|CG0147137|-17|-45|CG0147137|-17|-45
321|3|0|1500|4|CG0147195|-28|-84|CG0147196|-29|-84|CG0147197|-29|-83|CG0147196|-29|-84
321|3|1|1000|6|CG0147200|-29|-83|CG0147201|-29|-85|CG0147202|-28|-82|CG0147203|-28|-83|CG0147204|-29|-86|CG0147205|-28|-82
321|3|2|400|1|CG0188507|-36|-53
321|3|3|500|6|CG0147170|-31|-80|CG0147171|-29|-83|CG0147172|-40|-79|CG0147173|-27|-80|CG0147174|-29|-84|CG0147175|-41|-80
321|3|4|100|1|CG0196464|-10|-51
321|3|5|2000|42|CG0147162|-20|-80|CG0147162|-20|-80|CG0147162|-20|-80|CG0147162|-20|-80|CG0147162|-20|-80|CG0147162|-20|-80|CG0147163|-28|-81|CG0147163|-28|-81|CG0147163|-28|-81|CG0147163|-28|-81|CG0147164|-29|-79|CG0147164|-29|-79|CG0147164|-29|-79|CG0147164|-29|-79|CG0147164|-29|-79|CG0147164|-29|-79|CG0147164|-29|-79|CG0147164|-29|-79|CG0147164|-29|-79|CG0147164|-29|-79|CG0147165|-26|-76|CG0147165|-26|-76|CG0147166|-19|-78|CG0147166|-19|-78|CG0147166|-19|-78|CG0147166|-19|-78|CG0147166|-19|-78|CG0147166|-19|-78|CG0147167|-14|-79|CG0147167|-14|-79|CG0147167|-14|-79|CG0147167|-14|-79|CG0147168|-29|-74|CG0147168|-29|-74|CG0147168|-29|-74|CG0147168|-29|-74|CG0147168|-29|-74|CG0147168|-29|-74|CG0147169|-18|-81|CG0147169|-18|-81|CG0147169|-18|-81|CG0147169|-18|-81
321|3|6|1000|7|CG0147189|-20|-85|CG0147189|-20|-85|CG0147189|-20|-85|CG0147190|-27|-89|CG0147191|-40|-83|CG0147191|-40|-83|CG0147191|-40|-83
321|3|7|1200|28|CG0146751|-29|-84|CG0146751|-29|-84|CG0146751|-29|-84|CG0146751|-29|-84|CG0146752|-37|-82|CG0146752|-37|-82|CG0146752|-37|-82|CG0146752|-37|-82|CG0146753|-49|-76|CG0146753|-49|-76|CG0146753|-49|-76|CG0146753|-49|-76|CG0146753|-49|-76|CG0146753|-49|-76|CG0146753|-49|-76|CG0146753|-49|-76|CG0146754|-37|-78|CG0146754|-37|-78|CG0146754|-37|-78|CG0146754|-37|-78|CG0146755|-21|-86|CG0146755|-21|-86|CG0146756|-18|-83|CG0146756|-18|-83|CG0146756|-18|-83|CG0146756|-18|-83|CG0146756|-18|-83|CG0146756|-18|-83
321|3|8|1000|2|CG0147184|-22|-80|CG0147185|-61|-62
321|3|9|1000|1|CG0147186|-18|-79
321|3|10|1500|14|CG0147178|-29|-81|CG0147178|-29|-81|CG0147179|-48|-67|CG0147179|-48|-67|CG0147180|-45|-55|CG0147180|-45|-55|CG0147180|-45|-55|CG0147181|-50|-58|CG0147181|-50|-58|CG0147182|-31|-53|CG0147182|-31|-53|CG0147183|-29|-26|CG0147183|-29|-26|CG0147183|-29|-26
321|4|0|1500|4|CG0147241|-22|-88|CG0147242|-23|-88|CG0147243|-23|-87|CG0147242|-23|-88
321|4|1|1000|6|CG0147246|-24|-87|CG0147247|-24|-89|CG0147248|-23|-86|CG0147249|-24|-88|CG0147250|-24|-90|CG0147251|-24|-87
321|4|2|400|1|CG0188552|-25|-51
321|4|3|500|6|CG0147216|-27|-79|CG0147217|-20|-82|CG0147218|-25|-77|CG0147219|-20|-79|CG0147220|-25|-83|CG0147221|-34|-79
321|4|4|100|1|CG0196504|-21|-46
321|4|5|2000|42|CG0147208|-20|-82|CG0147208|-20|-82|CG0147208|-20|-82|CG0147208|-20|-82|CG0147208|-20|-82|CG0147208|-20|-82|CG0147209|-25|-84|CG0147209|-25|-84|CG0147209|-25|-84|CG0147209|-25|-84|CG0147210|-24|-81|CG0147210|-24|-81|CG0147210|-24|-81|CG0147210|-24|-81|CG0147210|-24|-81|CG0147210|-24|-81|CG0147210|-24|-81|CG0147210|-24|-81|CG0147210|-24|-81|CG0147210|-24|-81|CG0147211|-16|-70|CG0147211|-16|-70|CG0147212|-13|-69|CG0147212|-13|-69|CG0147212|-13|-69|CG0147212|-13|-69|CG0147212|-13|-69|CG0147212|-13|-69|CG0147213|-9|-71|CG0147213|-9|-71|CG0147213|-9|-71|CG0147213|-9|-71|CG0147214|-56|-65|CG0147214|-56|-65|CG0147214|-56|-65|CG0147214|-56|-65|CG0147214|-56|-65|CG0147214|-56|-65|CG0147215|-17|-81|CG0147215|-17|-81|CG0147215|-17|-81|CG0147215|-17|-81
321|4|6|1000|7|CG0147235|-20|-85|CG0147235|-20|-85|CG0147235|-20|-85|CG0147236|-23|-88|CG0147237|-29|-87|CG0147237|-29|-87|CG0147237|-29|-87
321|4|7|1200|28|CG0146815|-21|-88|CG0146815|-21|-88|CG0146815|-21|-88|CG0146815|-21|-88|CG0146816|-28|-89|CG0146816|-28|-89|CG0146816|-28|-89|CG0146816|-28|-89|CG0146817|-42|-88|CG0146817|-42|-88|CG0146817|-42|-88|CG0146817|-42|-88|CG0146817|-42|-88|CG0146817|-42|-88|CG0146817|-42|-88|CG0146817|-42|-88|CG0146818|-35|-84|CG0146818|-35|-84|CG0146818|-35|-84|CG0146818|-35|-84|CG0146819|-19|-83|CG0146819|-19|-83|CG0146820|-32|-73|CG0146820|-32|-73|CG0146820|-32|-73|CG0146820|-32|-73|CG0146820|-32|-73|CG0146820|-32|-73
321|4|8|1000|2|CG0147230|-26|-78|CG0147231|-52|-79
321|4|9|1000|1|CG0147232|-11|-70
321|4|10|1500|14|CG0147224|-24|-86|CG0147224|-24|-86|CG0147225|-37|-78|CG0147225|-37|-78|CG0147226|-42|-68|CG0147226|-42|-68|CG0147226|-42|-68|CG0147227|-45|-63|CG0147227|-45|-63|CG0147228|-28|-50|CG0147228|-28|-50|CG0147229|-25|-14|CG0147229|-25|-14|CG0147229|-25|-14
321|5|0|1500|4|CG0147287|-16|-89|CG0147288|-16|-89|CG0147289|-17|-89|CG0147288|-16|-89
321|5|1|1000|6|CG0147292|-18|-90|CG0147293|-18|-92|CG0147294|-18|-89|CG0147295|-18|-90|CG0147296|-18|-92|CG0147297|-18|-89
321|5|2|400|1|CG0188597|-19|-60
321|5|3|500|6|CG0147262|-26|-79|CG0147263|-26|-83|CG0147264|-26|-77|CG0147265|-26|-79|CG0147266|-27|-83|CG0147267|-26|-80
321|5|4|100|1|CG0196544|-24|-45
321|5|5|2000|42|CG0147254|-17|-84|CG0147254|-17|-84|CG0147254|-17|-84|CG0147254|-17|-84|CG0147254|-17|-84|CG0147254|-17|-84|CG0147255|-15|-86|CG0147255|-15|-86|CG0147255|-15|-86|CG0147255|-15|-86|CG0147256|-13|-81|CG0147256|-13|-81|CG0147256|-13|-81|CG0147256|-13|-81|CG0147256|-13|-81|CG0147256|-13|-81|CG0147256|-13|-81|CG0147256|-13|-81|CG0147256|-13|-81|CG0147256|-13|-81|CG0147257|-14|-68|CG0147257|-14|-68|CG0147258|-18|-67|CG0147258|-18|-67|CG0147258|-18|-67|CG0147258|-18|-67|CG0147258|-18|-67|CG0147258|-18|-67|CG0147259|-18|-68|CG0147259|-18|-68|CG0147259|-18|-68|CG0147259|-18|-68|CG0147260|-51|-79|CG0147260|-51|-79|CG0147260|-51|-79|CG0147260|-51|-79|CG0147260|-51|-79|CG0147260|-51|-79|CG0147261|-59|-83|CG0147261|-59|-83|CG0147261|-59|-83|CG0147261|-59|-83
321|5|6|1000|7|CG0147281|-18|-87|CG0147281|-18|-87|CG0147281|-18|-87|CG0147282|-18|-91|CG0147283|-19|-89|CG0147283|-19|-89|CG0147283|-19|-89
321|5|7|1200|28|CG0146879|-15|-90|CG0146879|-15|-90|CG0146879|-15|-90|CG0146879|-15|-90|CG0146880|-13|-91|CG0146880|-13|-91|CG0146880|-13|-91|CG0146880|-13|-91|CG0146881|-19|-94|CG0146881|-19|-94|CG0146881|-19|-94|CG0146881|-19|-94|CG0146881|-19|-94|CG0146881|-19|-94|CG0146881|-19|-94|CG0146881|-19|-94|CG0146882|-15|-87|CG0146882|-15|-87|CG0146882|-15|-87|CG0146882|-15|-87|CG0146883|-21|-79|CG0146883|-21|-79|CG0146884|-30|-71|CG0146884|-30|-71|CG0146884|-30|-71|CG0146884|-30|-71|CG0146884|-30|-71|CG0146884|-30|-71
321|5|8|1000|2|CG0147276|-18|-78|CG0147277|-71|-88
321|5|9|1000|1|CG0147278|-22|-70
321|5|10|1500|14|CG0147270|-21|-88|CG0147270|-21|-88|CG0147271|-29|-83|CG0147271|-29|-83|CG0147272|-23|-75|CG0147272|-23|-75|CG0147272|-23|-75|CG0147273|-22|-70|CG0147273|-22|-70|CG0147274|-21|-50|CG0147274|-21|-50|CG0147275|-28|-20|CG0147275|-28|-20|CG0147275|-28|-20
321|6|0|1500|4|CG0147333|-39|-87|CG0147334|-35|-87|CG0147335|-30|-86|CG0147334|-35|-87
321|6|1|1000|6|CG0147338|-47|-88|CG0147339|-47|-90|CG0147340|-48|-87|CG0147341|-47|-88|CG0147342|-46|-90|CG0147343|-46|-87
321|6|2|400|1|CG0188642|-38|-63
321|6|3|500|6|CG0147308|-49|-80|CG0147309|-49|-83|CG0147310|-49|-78|CG0147311|-49|-80|CG0147312|-49|-84|CG0147313|-49|-80
321|6|4|100|1|CG0196584|-20|-48
321|6|5|2000|42|CG0147300|-60|-84|CG0147300|-60|-84|CG0147300|-60|-84|CG0147300|-60|-84|CG0147300|-60|-84|CG0147300|-60|-84|CG0147301|-56|-84|CG0147301|-56|-84|CG0147301|-56|-84|CG0147301|-56|-84|CG0147302|-32|-78|CG0147302|-32|-78|CG0147302|-32|-78|CG0147302|-32|-78|CG0147302|-32|-78|CG0147302|-32|-78|CG0147302|-32|-78|CG0147302|-32|-78|CG0147302|-32|-78|CG0147302|-32|-78|CG0147303|-37|-69|CG0147303|-37|-69|CG0147304|-76|-70|CG0147304|-76|-70|CG0147304|-76|-70|CG0147304|-76|-70|CG0147304|-76|-70|CG0147304|-76|-70|CG0147305|-61|-69|CG0147305|-61|-69|CG0147305|-61|-69|CG0147305|-61|-69|CG0147306|-47|-92|CG0147306|-47|-92|CG0147306|-47|-92|CG0147306|-47|-92|CG0147306|-47|-92|CG0147306|-47|-92|CG0147307|-65|-83|CG0147307|-65|-83|CG0147307|-65|-83|CG0147307|-65|-83
321|6|6|1000|7|CG0147327|-52|-86|CG0147327|-52|-86|CG0147327|-52|-86|CG0147328|-32|-89|CG0147329|-30|-87|CG0147329|-30|-87|CG0147329|-30|-87
321|6|7|1200|28|CG0146943|-13|-87|CG0146943|-13|-87|CG0146943|-13|-87|CG0146943|-13|-87|CG0146944|-18|-87|CG0146944|-18|-87|CG0146944|-18|-87|CG0146944|-18|-87|CG0146945|-18|-90|CG0146945|-18|-90|CG0146945|-18|-90|CG0146945|-18|-90|CG0146945|-18|-90|CG0146945|-18|-90|CG0146945|-18|-90|CG0146945|-18|-90|CG0146946|-21|-83|CG0146946|-21|-83|CG0146946|-21|-83|CG0146946|-21|-83|CG0146947|-33|-74|CG0146947|-33|-74|CG0146948|-31|-68|CG0146948|-31|-68|CG0146948|-31|-68|CG0146948|-31|-68|CG0146948|-31|-68|CG0146948|-31|-68
321|6|8|1000|2|CG0147322|-48|-79|CG0147323|-65|-86
321|6|9|1000|1|CG0147324|-36|-72
321|6|10|1500|14|CG0147316|-53|-86|CG0147316|-53|-86|CG0147317|-53|-79|CG0147317|-53|-79|CG0147318|-47|-75|CG0147318|-47|-75|CG0147318|-47|-75|CG0147319|-47|-68|CG0147319|-47|-68|CG0147320|-42|-56|CG0147320|-42|-56|CG0147321|-66|-19|CG0147321|-66|-19|CG0147321|-66|-19
321|7|0|1500|4|CG0147379|-43|-81|CG0147380|-45|-81|CG0147381|-46|-80|CG0147380|-45|-81
321|7|1|1000|6|CG0147384|-49|-82|CG0147385|-50|-84|CG0147386|-50|-81|CG0147387|-49|-82|CG0147388|-48|-85|CG0147389|-47|-81
321|7|2|400|1|CG0188687|-44|-60
321|7|3|500|6|CG0147354|-43|-80|CG0147355|-43|-83|CG0147356|-43|-78|CG0147357|-43|-80|CG0147358|-43|-84|CG0147359|-43|-80
321|7|4|100|1|CG0196624|-25|-51
321|7|5|2000|42|CG0147346|-71|-82|CG0147346|-71|-82|CG0147346|-71|-82|CG0147346|-71|-82|CG0147346|-71|-82|CG0147346|-71|-82|CG0147347|-67|-80|CG0147347|-67|-80|CG0147347|-67|-80|CG0147347|-67|-80|CG0147348|-43|-75|CG0147348|-43|-75|CG0147348|-43|-75|CG0147348|-43|-75|CG0147348|-43|-75|CG0147348|-43|-75|CG0147348|-43|-75|CG0147348|-43|-75|CG0147348|-43|-75|CG0147348|-43|-75|CG0147349|-71|-72|CG0147349|-71|-72|CG0147350|-103|-77|CG0147350|-103|-77|CG0147350|-103|-77|CG0147350|-103|-77|CG0147350|-103|-77|CG0147350|-103|-77|CG0147351|-100|-75|CG0147351|-100|-75|CG0147351|-100|-75|CG0147351|-100|-75|CG0147352|-48|-90|CG0147352|-48|-90|CG0147352|-48|-90|CG0147352|-48|-90|CG0147352|-48|-90|CG0147352|-48|-90|CG0147353|-34|-99|CG0147353|-34|-99|CG0147353|-34|-99|CG0147353|-34|-99
321|7|6|1000|7|CG0147373|-61|-85|CG0147373|-61|-85|CG0147373|-61|-85|CG0147374|-37|-96|CG0147375|-34|-82|CG0147375|-34|-82|CG0147375|-34|-82
321|7|7|1200|28|CG0147007|-21|-81|CG0147007|-21|-81|CG0147007|-21|-81|CG0147007|-21|-81|CG0147008|-20|-78|CG0147008|-20|-78|CG0147008|-20|-78|CG0147008|-20|-78|CG0147009|-15|-78|CG0147009|-15|-78|CG0147009|-15|-78|CG0147009|-15|-78|CG0147009|-15|-78|CG0147009|-15|-78|CG0147009|-15|-78|CG0147009|-15|-78|CG0147010|-27|-76|CG0147010|-27|-76|CG0147010|-27|-76|CG0147010|-27|-76|CG0147011|-33|-76|CG0147011|-33|-76|CG0147012|-52|-73|CG0147012|-52|-73|CG0147012|-52|-73|CG0147012|-52|-73|CG0147012|-52|-73|CG0147012|-52|-73
321|7|8|1000|2|CG0147368|-51|-81|CG0147369|-28|-79
321|7|9|1000|1|CG0147370|-35|-76
321|7|10|1500|14|CG0147362|-53|-80|CG0147362|-53|-80|CG0147363|-45|-67|CG0147363|-45|-67|CG0147364|-47|-65|CG0147364|-47|-65|CG0147364|-47|-65|CG0147365|-52|-61|CG0147365|-52|-61|CG0147366|-80|-62|CG0147366|-80|-62|CG0147367|-80|-28|CG0147367|-80|-28|CG0147367|-80|-28
