350|0|0|1200|4|CG0158174|-13|-68|CG0158175|-13|-68|CG0158176|-13|-67|CG0158175|-13|-68
350|0|1|1000|6|CG0158187|-13|-68|CG0158188|-13|-69|CG0158189|-19|-67|CG0158190|-13|-68|CG0158191|-13|-69|CG0158192|-13|-67
350|0|2|400|1|CG0188372|-32|-70
350|0|3|700|6|CG0158136|-19|-71|CG0158137|-20|-74|CG0158138|-20|-71|CG0158139|-23|-71|CG0158140|-22|-74|CG0158141|-22|-71
350|0|4|100|1|CG0196344|-27|-55
350|0|5|1200|34|CG0158128|-14|-66|CG0158128|-14|-66|CG0158128|-14|-66|CG0158128|-14|-66|CG0158129|-15|-66|CG0158129|-15|-66|CG0158129|-15|-66|CG0158129|-15|-66|CG0158130|-16|-66|CG0158130|-16|-66|CG0158130|-16|-66|CG0158130|-16|-66|CG0158130|-16|-66|CG0158130|-16|-66|CG0158131|-16|-68|CG0158131|-16|-68|CG0158132|-23|-71|CG0158132|-23|-71|CG0158133|-29|-76|CG0158133|-29|-76|CG0158133|-29|-76|CG0158133|-29|-76|CG0158133|-29|-76|CG0158133|-29|-76|CG0158133|-29|-76|CG0158133|-29|-76|CG0158134|-23|-74|CG0158134|-23|-74|CG0158134|-23|-74|CG0158134|-23|-74|CG0158135|-16|-70|CG0158135|-16|-70|CG0158135|-16|-70|CG0158135|-16|-70
350|0|6|1500|8|CG0158163|-16|-68|CG0158164|-13|-68|CG0158164|-13|-68|CG0158165|-17|-73|CG0158166|-19|-75|CG0158166|-19|-75|CG0158166|-19|-75|CG0158166|-19|-75
350|0|7|1000|13|CG0158177|-19|-66|CG0158177|-19|-66|CG0158178|-16|-65|CG0158178|-16|-65|CG0158179|-17|-64|CG0158179|-17|-64|CG0158179|-17|-64|CG0158180|-25|-67|CG0158181|-27|-68|CG0158182|-29|-73|CG0158182|-29|-73|CG0158182|-29|-73|CG0158183|-27|-70
350|0|8|1000|2|CG0158154|-19|-73|CG0158155|-16|-52
350|0|9|1000|1|CG0158160|-19|-70
350|0|10|1500|12|CG0158148|-18|-65|CG0158148|-18|-65|CG0158149|-24|-58|CG0158149|-24|-58|CG0158150|-32|-46|CG0158150|-32|-46|CG0158150|-32|-46|CG0158151|-37|-52|CG0158151|-37|-52|CG0158152|-44|-55|CG0158153|-52|-44|CG0158153|-52|-44
350|1|0|1200|4|CG0158241|-16|-67|CG0158242|-16|-67|CG0158243|-17|-67|CG0158242|-16|-67
350|1|1|1000|6|CG0158254|-16|-67|CG0158255|-16|-68|CG0158256|-16|-66|CG0158257|-16|-67|CG0158258|-16|-68|CG0158259|-16|-66
350|1|2|400|1|CG0188417|-17|-71
350|1|3|700|6|CG0158203|-17|-68|CG0158204|-21|-72|CG0158205|-25|-69|CG0158206|-16|-69|CG0158207|-17|-71|CG0158208|-16|-69
350|1|4|100|1|CG0196384|-26|-58
350|1|5|1200|34|CG0158195|-17|-66|CG0158195|-17|-66|CG0158195|-17|-66|CG0158195|-17|-66|CG0158196|-17|-66|CG0158196|-17|-66|CG0158196|-17|-66|CG0158196|-17|-66|CG0158197|-16|-66|CG0158197|-16|-66|CG0158197|-16|-66|CG0158197|-16|-66|CG0158197|-16|-66|CG0158197|-16|-66|CG0158198|-17|-68|CG0158198|-17|-68|CG0158199|-16|-69|CG0158199|-16|-69|CG0158200|-19|-75|CG0158200|-19|-75|CG0158200|-19|-75|CG0158200|-19|-75|CG0158200|-19|-75|CG0158200|-19|-75|CG0158200|-19|-75|CG0158200|-19|-75|CG0158201|-15|-72|CG0158201|-15|-72|CG0158201|-15|-72|CG0158201|-15|-72|CG0158202|-17|-68|CG0158202|-17|-68|CG0158202|-17|-68|CG0158202|-17|-68
350|1|6|1500|8|CG0158230|-16|-67|CG0158231|-16|-67|CG0158231|-16|-67|CG0158232|-16|-71|CG0158233|-17|-74|CG0158233|-17|-74|CG0158233|-17|-74|CG0158233|-17|-74
350|1|7|1000|13|CG0158244|-17|-66|CG0158244|-17|-66|CG0158245|-15|-64|CG0158245|-15|-64|CG0158246|-15|-63|CG0158246|-15|-63|CG0158246|-15|-63|CG0158247|-16|-66|CG0158248|-17|-69|CG0158249|-20|-74|CG0158249|-20|-74|CG0158249|-20|-74|CG0158250|-20|-69
350|1|8|1000|2|CG0158221|-17|-73|CG0158222|-23|-47
350|1|9|1000|1|CG0158227|-15|-69
350|1|10|1500|12|CG0158215|-16|-65|CG0158215|-16|-65|CG0158216|-16|-59|CG0158216|-16|-59|CG0158217|-18|-46|CG0158217|-18|-46|CG0158217|-18|-46|CG0158218|-17|-54|CG0158218|-17|-54|CG0158219|-16|-58|CG0158220|-18|-54|CG0158220|-18|-54
350|2|0|1200|4|CG0158308|-17|-67|CG0158309|-17|-68|CG0158310|-17|-68|CG0158309|-17|-68
350|2|1|1000|6|CG0158321|-17|-68|CG0158322|-17|-69|CG0158323|-17|-67|CG0158324|-17|-68|CG0158325|-17|-69|CG0158326|-17|-67
350|2|2|400|1|CG0188462|-33|-62
350|2|3|700|6|CG0158270|-22|-71|CG0158271|-21|-74|CG0158272|-20|-71|CG0158273|-22|-71|CG0158274|-21|-74|CG0158275|-21|-71
350|2|4|100|1|CG0196424|-14|-57
350|2|5|1200|34|CG0158262|-17|-68|CG0158262|-17|-68|CG0158262|-17|-68|CG0158262|-17|-68|CG0158263|-18|-68|CG0158263|-18|-68|CG0158263|-18|-68|CG0158263|-18|-68|CG0158264|-18|-69|CG0158264|-18|-69|CG0158264|-18|-69|CG0158264|-18|-69|CG0158264|-18|-69|CG0158264|-18|-69|CG0158265|-14|-68|CG0158265|-14|-68|CG0158266|-21|-70|CG0158266|-21|-70|CG0158267|-13|-74|CG0158267|-13|-74|CG0158267|-13|-74|CG0158267|-13|-74|CG0158267|-13|-74|CG0158267|-13|-74|CG0158267|-13|-74|CG0158267|-13|-74|CG0158268|-13|-72|CG0158268|-13|-72|CG0158268|-13|-72|CG0158268|-13|-72|CG0158269|-12|-70|CG0158269|-12|-70|CG0158269|-12|-70|CG0158269|-12|-70
350|2|6|1500|8|CG0158297|-17|-68|CG0158298|-17|-68|CG0158298|-17|-68|CG0158299|-17|-73|CG0158300|-18|-75|CG0158300|-18|-75|CG0158300|-18|-75|CG0158300|-18|-75
350|2|7|1000|13|CG0158311|-18|-69|CG0158311|-18|-69|CG0158312|-21|-67|CG0158312|-21|-67|CG0158313|-22|-67|CG0158313|-22|-67|CG0158313|-22|-67|CG0158314|-19|-68|CG0158315|-12|-69|CG0158316|-6|-74|CG0158316|-6|-74|CG0158316|-6|-74|CG0158317|-13|-68
350|2|8|1000|2|CG0158288|-22|-73|CG0158289|-41|-50
350|2|9|1000|1|CG0158294|-18|-69
350|2|10|1500|12|CG0158282|-22|-65|CG0158282|-22|-65|CG0158283|-18|-58|CG0158283|-18|-58|CG0158284|-17|-46|CG0158284|-17|-46|CG0158284|-17|-46|CG0158285|-13|-52|CG0158285|-13|-52|CG0158286|-13|-49|CG0158287|-11|-47|CG0158287|-11|-47
350|3|0|1200|4|CG0158375|-19|-72|CG0158376|-19|-72|CG0158377|-19|-72|CG0158376|-19|-72
350|3|1|1000|6|CG0158388|-19|-72|CG0158389|-20|-73|CG0158390|-19|-71|CG0158391|-20|-72|CG0158392|-19|-73|CG0158393|-19|-71
350|3|2|400|1|CG0188507|-36|-53
350|3|3|700|6|CG0158337|-29|-71|CG0158338|-28|-75|CG0158339|-28|-72|CG0158340|-29|-72|CG0158341|-29|-74|CG0158342|-28|-72
350|3|4|100|1|CG0196464|-10|-51
350|3|5|1200|34|CG0158329|-19|-72|CG0158329|-19|-72|CG0158329|-19|-72|CG0158329|-19|-72|CG0158330|-19|-73|CG0158330|-19|-73|CG0158330|-19|-73|CG0158330|-19|-73|CG0158331|-19|-73|CG0158331|-19|-73|CG0158331|-19|-73|CG0158331|-19|-73|CG0158331|-19|-73|CG0158331|-19|-73|CG0158332|-17|-71|CG0158332|-17|-71|CG0158333|-28|-72|CG0158333|-28|-72|CG0158334|-13|-72|CG0158334|-13|-72|CG0158334|-13|-72|CG0158334|-13|-72|CG0158334|-13|-72|CG0158334|-13|-72|CG0158334|-13|-72|CG0158334|-13|-72|CG0158335|-14|-71|CG0158335|-14|-71|CG0158335|-14|-71|CG0158335|-14|-71|CG0158336|-15|-72|CG0158336|-15|-72|CG0158336|-15|-72|CG0158336|-15|-72
350|3|6|1500|8|CG0158364|-18|-72|CG0158365|-19|-72|CG0158365|-19|-72|CG0158366|-13|-73|CG0158367|-14|-73|CG0158367|-14|-73|CG0158367|-14|-73|CG0158367|-14|-73
350|3|7|1000|13|CG0158378|-19|-73|CG0158378|-19|-73|CG0158379|-22|-72|CG0158379|-22|-72|CG0158380|-27|-72|CG0158380|-27|-72|CG0158380|-27|-72|CG0158381|-20|-71|CG0158382|-15|-71|CG0158383|-13|-73|CG0158383|-13|-73|CG0158383|-13|-73|CG0158384|-13|-71
350|3|8|1000|2|CG0158355|-19|-69|CG0158356|-49|-59
350|3|9|1000|1|CG0158361|-16|-68
350|3|10|1500|12|CG0158349|-24|-68|CG0158349|-24|-68|CG0158350|-17|-58|CG0158350|-17|-58|CG0158351|-19|-44|CG0158351|-19|-44|CG0158351|-19|-44|CG0158352|-14|-45|CG0158352|-14|-45|CG0158353|-11|-33|CG0158354|-10|-24|CG0158354|-10|-24
350|4|0|1200|4|CG0158442|-16|-74|CG0158443|-17|-74|CG0158444|-17|-74|CG0158443|-17|-74
350|4|1|1000|6|CG0158455|-17|-74|CG0158456|-17|-75|CG0158457|-17|-73|CG0158458|-17|-74|CG0158459|-17|-75|CG0158460|-17|-73
350|4|2|400|1|CG0188552|-25|-51
350|4|3|700|6|CG0158404|-20|-69|CG0158405|-21|-73|CG0158406|-21|-70|CG0158407|-20|-70|CG0158408|-21|-72|CG0158409|-20|-70
350|4|4|100|1|CG0196504|-21|-46
350|4|5|1200|34|CG0158396|-17|-73|CG0158396|-17|-73|CG0158396|-17|-73|CG0158396|-17|-73|CG0158397|-17|-74|CG0158397|-17|-74|CG0158397|-17|-74|CG0158397|-17|-74|CG0158398|-21|-73|CG0158398|-21|-73|CG0158398|-21|-73|CG0158398|-21|-73|CG0158398|-21|-73|CG0158398|-21|-73|CG0158399|-22|-72|CG0158399|-22|-72|CG0158400|-19|-72|CG0158400|-19|-72|CG0158401|-15|-68|CG0158401|-15|-68|CG0158401|-15|-68|CG0158401|-15|-68|CG0158401|-15|-68|CG0158401|-15|-68|CG0158401|-15|-68|CG0158401|-15|-68|CG0158402|-13|-69|CG0158402|-13|-69|CG0158402|-13|-69|CG0158402|-13|-69|CG0158403|-17|-72|CG0158403|-17|-72|CG0158403|-17|-72|CG0158403|-17|-72
350|4|6|1500|8|CG0158431|-17|-74|CG0158432|-17|-74|CG0158432|-17|-74|CG0158433|-17|-71|CG0158434|-18|-68|CG0158434|-18|-68|CG0158434|-18|-68|CG0158434|-18|-68
350|4|7|1000|13|CG0158445|-20|-73|CG0158445|-20|-73|CG0158446|-28|-74|CG0158446|-28|-74|CG0158447|-31|-74|CG0158447|-31|-74|CG0158447|-31|-74|CG0158448|-19|-71|CG0158449|-12|-70|CG0158450|-13|-69|CG0158450|-13|-69|CG0158450|-13|-69|CG0158451|-13|-72
350|4|8|1000|2|CG0158422|-22|-65|CG0158423|-39|-69
350|4|9|1000|1|CG0158428|-15|-65
350|4|10|1500|12|CG0158416|-22|-73|CG0158416|-22|-73|CG0158417|-17|-61|CG0158417|-17|-61|CG0158418|-17|-45|CG0158418|-17|-45|CG0158418|-17|-45|CG0158419|-13|-44|CG0158419|-13|-44|CG0158420|-13|-18|CG0158421|-12|-10|CG0158421|-12|-10
350|5|0|1200|4|CG0158509|-17|-73|CG0158510|-16|-73|CG0158511|-15|-73|CG0158510|-16|-73
350|5|1|1000|6|CG0158522|-16|-73|CG0158523|-16|-75|CG0158524|-16|-72|CG0158525|-16|-73|CG0158526|-16|-75|CG0158527|-16|-72
350|5|2|400|1|CG0188597|-19|-60
350|5|3|700|6|CG0158471|-19|-69|CG0158472|-16|-72|CG0158473|-16|-69|CG0158474|-16|-69|CG0158475|-21|-71|CG0158476|-24|-69
350|5|4|100|1|CG0196544|-24|-45
350|5|5|1200|34|CG0158463|-18|-73|CG0158463|-18|-73|CG0158463|-18|-73|CG0158463|-18|-73|CG0158464|-20|-73|CG0158464|-20|-73|CG0158464|-20|-73|CG0158464|-20|-73|CG0158465|-20|-73|CG0158465|-20|-73|CG0158465|-20|-73|CG0158465|-20|-73|CG0158465|-20|-73|CG0158465|-20|-73|CG0158466|-21|-72|CG0158466|-21|-72|CG0158467|-16|-71|CG0158467|-16|-71|CG0158468|-17|-65|CG0158468|-17|-65|CG0158468|-17|-65|CG0158468|-17|-65|CG0158468|-17|-65|CG0158468|-17|-65|CG0158468|-17|-65|CG0158468|-17|-65|CG0158469|-17|-68|CG0158469|-17|-68|CG0158469|-17|-68|CG0158469|-17|-68|CG0158470|-15|-72|CG0158470|-15|-72|CG0158470|-15|-72|CG0158470|-15|-72
350|5|6|1500|8|CG0158498|-16|-73|CG0158499|-16|-73|CG0158499|-16|-73|CG0158500|-16|-71|CG0158501|-16|-68|CG0158501|-16|-68|CG0158501|-16|-68|CG0158501|-16|-68
350|5|7|1000|13|CG0158512|-23|-73|CG0158512|-23|-73|CG0158513|-22|-75|CG0158513|-22|-75|CG0158514|-19|-75|CG0158514|-19|-75|CG0158514|-19|-75|CG0158515|-18|-71|CG0158516|-16|-68|CG0158517|-16|-66|CG0158517|-16|-66|CG0158517|-16|-66|CG0158518|-16|-70
350|5|8|1000|2|CG0158489|-16|-64|CG0158490|-18|-73
350|5|9|1000|1|CG0158495|-17|-64
350|5|10|1500|12|CG0158483|-16|-73|CG0158483|-16|-73|CG0158484|-16|-59|CG0158484|-16|-59|CG0158485|-16|-43|CG0158485|-16|-43|CG0158485|-16|-43|CG0158486|-17|-40|CG0158486|-17|-40|CG0158487|-25|-15|CG0158488|-17|-10|CG0158488|-17|-10
350|6|0|1200|4|CG0158576|-13|-74|CG0158577|-13|-74|CG0158578|-13|-74|CG0158577|-13|-74
350|6|1|1000|6|CG0158589|-13|-74|CG0158590|-13|-75|CG0158591|-13|-73|CG0158592|-13|-74|CG0158593|-13|-75|CG0158594|-20|-73
350|6|2|400|1|CG0188642|-38|-63
350|6|3|700|6|CG0158538|-21|-69|CG0158539|-22|-73|CG0158540|-23|-70|CG0158541|-23|-70|CG0158542|-23|-72|CG0158543|-21|-70
350|6|4|100|1|CG0196584|-20|-48
350|6|5|1200|34|CG0158530|-21|-73|CG0158530|-21|-73|CG0158530|-21|-73|CG0158530|-21|-73|CG0158531|-21|-73|CG0158531|-21|-73|CG0158531|-21|-73|CG0158531|-21|-73|CG0158532|-12|-73|CG0158532|-12|-73|CG0158532|-12|-73|CG0158532|-12|-73|CG0158532|-12|-73|CG0158532|-12|-73|CG0158533|-15|-72|CG0158533|-15|-72|CG0158534|-30|-72|CG0158534|-30|-72|CG0158535|-22|-67|CG0158535|-22|-67|CG0158535|-22|-67|CG0158535|-22|-67|CG0158535|-22|-67|CG0158535|-22|-67|CG0158535|-22|-67|CG0158535|-22|-67|CG0158536|-22|-70|CG0158536|-22|-70|CG0158536|-22|-70|CG0158536|-22|-70|CG0158537|-22|-73|CG0158537|-22|-73|CG0158537|-22|-73|CG0158537|-22|-73
350|6|6|1500|8|CG0158565|-16|-74|CG0158566|-14|-74|CG0158566|-14|-74|CG0158567|-17|-71|CG0158568|-20|-68|CG0158568|-20|-68|CG0158568|-20|-68|CG0158568|-20|-68
350|6|7|1000|13|CG0158579|-15|-73|CG0158579|-15|-73|CG0158580|-17|-74|CG0158580|-17|-74|CG0158581|-20|-74|CG0158581|-20|-74|CG0158581|-20|-74|CG0158582|-19|-71|CG0158583|-30|-69|CG0158584|-25|-68|CG0158584|-25|-68|CG0158584|-25|-68|CG0158585|-21|-71
350|6|8|1000|2|CG0158556|-21|-65|CG0158557|-22|-69
350|6|9|1000|1|CG0158562|-19|-65
350|6|10|1500|12|CG0158550|-15|-73|CG0158550|-15|-73|CG0158551|-22|-61|CG0158551|-22|-61|CG0158552|-25|-45|CG0158552|-25|-45|CG0158552|-25|-45|CG0158553|-26|-44|CG0158553|-26|-44|CG0158554|-52|-25|CG0158555|-58|-13|CG0158555|-58|-13
350|7|0|1200|4|CG0158643|-12|-72|CG0158644|-12|-72|CG0158645|-13|-72|CG0158644|-12|-72
350|7|1|1000|6|CG0158656|-12|-72|CG0158657|-13|-73|CG0158658|-19|-71|CG0158659|-12|-72|CG0158660|-13|-73|CG0158661|-21|-71
350|7|2|400|1|CG0188687|-44|-60
350|7|3|700|6|CG0158605|-20|-71|CG0158606|-20|-75|CG0158607|-25|-72|CG0158608|-20|-72|CG0158609|-22|-74|CG0158610|-25|-72
350|7|4|100|1|CG0196624|-25|-51
350|7|5|1200|34|CG0158597|-13|-71|CG0158597|-13|-71|CG0158597|-13|-71|CG0158597|-13|-71|CG0158598|-12|-70|CG0158598|-12|-70|CG0158598|-12|-70|CG0158598|-12|-70|CG0158599|-13|-70|CG0158599|-13|-70|CG0158599|-13|-70|CG0158599|-13|-70|CG0158599|-13|-70|CG0158599|-13|-70|CG0158600|-16|-72|CG0158600|-16|-72|CG0158601|-32|-73|CG0158601|-32|-73|CG0158602|-29|-72|CG0158602|-29|-72|CG0158602|-29|-72|CG0158602|-29|-72|CG0158602|-29|-72|CG0158602|-29|-72|CG0158602|-29|-72|CG0158602|-29|-72|CG0158603|-26|-74|CG0158603|-26|-74|CG0158603|-26|-74|CG0158603|-26|-74|CG0158604|-18|-73|CG0158604|-18|-73|CG0158604|-18|-73|CG0158604|-18|-73
350|7|6|1500|8|CG0158632|-17|-72|CG0158633|-16|-72|CG0158633|-16|-72|CG0158634|-19|-73|CG0158635|-23|-73|CG0158635|-23|-73|CG0158635|-23|-73|CG0158635|-23|-73
350|7|7|1000|13|CG0158646|-20|-70|CG0158646|-20|-70|CG0158647|-21|-69|CG0158647|-21|-69|CG0158648|-21|-69|CG0158648|-21|-69|CG0158648|-21|-69|CG0158649|-31|-69|CG0158650|-28|-70|CG0158651|-35|-72|CG0158651|-35|-72|CG0158651|-35|-72|CG0158652|-23|-72
350|7|8|1000|2|CG0158623|-22|-69|CG0158624|-19|-59
350|7|9|1000|1|CG0158629|-20|-67
350|7|10|1500|12|CG0158617|-20|-68|CG0158617|-20|-68|CG0158618|-29|-58|CG0158618|-29|-58|CG0158619|-35|-44|CG0158619|-35|-44|CG0158619|-35|-44|CG0158620|-42|-46|CG0158620|-42|-46|CG0158621|-59|-42|CG0158622|-73|-21|CG0158622|-73|-21
