324|0|0|1500|4|CG0148186|-26|-77|CG0148187|-24|-77|CG0148188|-21|-77|CG0148187|-24|-77
324|0|1|1000|6|CG0148191|-27|-78|CG0148192|-27|-80|CG0148193|-27|-77|CG0148194|-27|-78|CG0148195|-27|-81|CG0148196|-27|-77
324|0|2|400|1|CG0188372|-32|-70
324|0|3|500|6|CG0148161|-26|-80|CG0148162|-26|-83|CG0148163|-26|-79|CG0148164|-26|-80|CG0148165|-26|-84|CG0148166|-26|-80
324|0|4|100|1|CG0196344|-27|-55
324|0|5|1300|44|CG0148152|-16|-74|CG0148152|-16|-74|CG0148152|-16|-74|CG0148152|-16|-74|CG0148153|-25|-76|CG0148153|-25|-76|CG0148153|-25|-76|CG0148153|-25|-76|CG0148154|-44|-82|CG0148154|-44|-82|CG0148154|-44|-82|CG0148154|-44|-82|CG0148155|-45|-107|CG0148155|-45|-107|CG0148155|-45|-107|CG0148155|-45|-107|CG0148156|-29|-114|CG0148156|-29|-114|CG0148156|-29|-114|CG0148156|-29|-114|CG0148156|-29|-114|CG0148156|-29|-114|CG0148157|-26|-106|CG0148157|-26|-106|CG0148157|-26|-106|CG0148157|-26|-106|CG0148157|-26|-106|CG0148157|-26|-106|CG0148157|-26|-106|CG0148157|-26|-106|CG0148158|-54|-89|CG0148158|-54|-89|CG0148159|-49|-81|CG0148159|-49|-81|CG0148159|-49|-81|CG0148159|-49|-81|CG0148159|-49|-81|CG0148159|-49|-81|CG0148159|-49|-81|CG0148159|-49|-81|CG0148160|-32|-84|CG0148160|-32|-84|CG0148160|-32|-84|CG0148160|-32|-84
324|0|6|1000|7|CG0148180|-22|-84|CG0148180|-22|-84|CG0148180|-22|-84|CG0148181|-33|-82|CG0148182|-36|-85|CG0148182|-36|-85|CG0148182|-36|-85
324|0|7|1200|28|CG0148895|-21|-78|CG0148895|-21|-78|CG0148895|-21|-78|CG0148895|-21|-78|CG0148896|-15|-73|CG0148896|-15|-73|CG0148896|-15|-73|CG0148896|-15|-73|CG0148897|-8|-70|CG0148897|-8|-70|CG0148897|-8|-70|CG0148897|-8|-70|CG0148897|-8|-70|CG0148897|-8|-70|CG0148897|-8|-70|CG0148897|-8|-70|CG0148898|-24|-74|CG0148898|-24|-74|CG0148898|-24|-74|CG0148898|-24|-74|CG0148899|-33|-83|CG0148899|-33|-83|CG0148900|-46|-83|CG0148900|-46|-83|CG0148900|-46|-83|CG0148900|-46|-83|CG0148900|-46|-83|CG0148900|-46|-83
324|0|8|1000|2|CG0148175|-22|-84|CG0148176|-22|-64
324|0|9|1000|1|CG0148177|-39|-81
324|0|10|1500|14|CG0148169|-21|-77|CG0148169|-21|-77|CG0148170|-14|-63|CG0148170|-14|-63|CG0148171|-38|-59|CG0148171|-38|-59|CG0148171|-38|-59|CG0148172|-48|-57|CG0148172|-48|-57|CG0148173|-70|-64|CG0148173|-70|-64|CG0148174|-71|-48|CG0148174|-71|-48|CG0148174|-71|-48
324|1|0|1500|4|CG0148233|-29|-78|CG0148234|-30|-78|CG0148235|-30|-78|CG0148234|-30|-78
324|1|1|1000|6|CG0148238|-18|-79|CG0148239|-18|-81|CG0148240|-18|-78|CG0148241|-18|-79|CG0148242|-18|-81|CG0148243|-18|-78
324|1|2|400|1|CG0188417|-17|-71
324|1|3|500|6|CG0148208|-15|-81|CG0148209|-15|-83|CG0148210|-14|-79|CG0148211|-15|-81|CG0148212|-15|-84|CG0148213|-15|-80
324|1|4|100|1|CG0196384|-26|-58
324|1|5|1300|44|CG0148199|-15|-75|CG0148199|-15|-75|CG0148199|-15|-75|CG0148199|-15|-75|CG0148200|-21|-76|CG0148200|-21|-76|CG0148200|-21|-76|CG0148200|-21|-76|CG0148201|-17|-89|CG0148201|-17|-89|CG0148201|-17|-89|CG0148201|-17|-89|CG0148202|-18|-114|CG0148202|-18|-114|CG0148202|-18|-114|CG0148202|-18|-114|CG0148203|-18|-114|CG0148203|-18|-114|CG0148203|-18|-114|CG0148203|-18|-114|CG0148203|-18|-114|CG0148203|-18|-114|CG0148204|-15|-97|CG0148204|-15|-97|CG0148204|-15|-97|CG0148204|-15|-97|CG0148204|-15|-97|CG0148204|-15|-97|CG0148204|-15|-97|CG0148204|-15|-97|CG0148205|-17|-91|CG0148205|-17|-91|CG0148206|-21|-88|CG0148206|-21|-88|CG0148206|-21|-88|CG0148206|-21|-88|CG0148206|-21|-88|CG0148206|-21|-88|CG0148206|-21|-88|CG0148206|-21|-88|CG0148207|-18|-83|CG0148207|-18|-83|CG0148207|-18|-83|CG0148207|-18|-83
324|1|6|1000|7|CG0148227|-23|-83|CG0148227|-23|-83|CG0148227|-23|-83|CG0148228|-26|-80|CG0148229|-26|-80|CG0148229|-26|-80|CG0148229|-26|-80
324|1|7|1200|28|CG0148959|-17|-79|CG0148959|-17|-79|CG0148959|-17|-79|CG0148959|-17|-79|CG0148960|-20|-72|CG0148960|-20|-72|CG0148960|-20|-72|CG0148960|-20|-72|CG0148961|-16|-63|CG0148961|-16|-63|CG0148961|-16|-63|CG0148961|-16|-63|CG0148961|-16|-63|CG0148961|-16|-63|CG0148961|-16|-63|CG0148961|-16|-63|CG0148962|-18|-71|CG0148962|-18|-71|CG0148962|-18|-71|CG0148962|-18|-71|CG0148963|-27|-85|CG0148963|-27|-85|CG0148964|-24|-90|CG0148964|-24|-90|CG0148964|-24|-90|CG0148964|-24|-90|CG0148964|-24|-90|CG0148964|-24|-90
324|1|8|1000|2|CG0148222|-23|-85|CG0148223|-13|-53
324|1|9|1000|1|CG0148224|-28|-83
324|1|10|1500|14|CG0148216|-24|-77|CG0148216|-24|-77|CG0148217|-20|-61|CG0148217|-20|-61|CG0148218|-13|-54|CG0148218|-13|-54|CG0148218|-13|-54|CG0148219|-19|-54|CG0148219|-19|-54|CG0148220|-20|-67|CG0148220|-20|-67|CG0148221|-30|-54|CG0148221|-30|-54|CG0148221|-30|-54
324|2|0|1500|4|CG0148280|-26|-78|CG0148281|-26|-78|CG0148282|-27|-77|CG0148281|-26|-78
324|2|1|1000|6|CG0148285|-25|-78|CG0148286|-25|-80|CG0148287|-24|-77|CG0148288|-25|-78|CG0148289|-26|-80|CG0148290|-24|-77
324|2|2|400|1|CG0188462|-33|-62
324|2|3|500|6|CG0148255|-20|-81|CG0148256|-26|-83|CG0148257|-34|-79|CG0148258|-26|-81|CG0148259|-19|-84|CG0148260|-27|-80
324|2|4|100|1|CG0196424|-14|-57
324|2|5|1300|44|CG0148246|-30|-74|CG0148246|-30|-74|CG0148246|-30|-74|CG0148246|-30|-74|CG0148247|-26|-75|CG0148247|-26|-75|CG0148247|-26|-75|CG0148247|-26|-75|CG0148248|-20|-80|CG0148248|-20|-80|CG0148248|-20|-80|CG0148248|-20|-80|CG0148249|-18|-108|CG0148249|-18|-108|CG0148249|-18|-108|CG0148249|-18|-108|CG0148250|-17|-107|CG0148250|-17|-107|CG0148250|-17|-107|CG0148250|-17|-107|CG0148250|-17|-107|CG0148250|-17|-107|CG0148251|-18|-83|CG0148251|-18|-83|CG0148251|-18|-83|CG0148251|-18|-83|CG0148251|-18|-83|CG0148251|-18|-83|CG0148251|-18|-83|CG0148251|-18|-83|CG0148252|-17|-88|CG0148252|-17|-88|CG0148253|-21|-87|CG0148253|-21|-87|CG0148253|-21|-87|CG0148253|-21|-87|CG0148253|-21|-87|CG0148253|-21|-87|CG0148253|-21|-87|CG0148253|-21|-87|CG0148254|-19|-83|CG0148254|-19|-83|CG0148254|-19|-83|CG0148254|-19|-83
324|2|6|1000|7|CG0148274|-18|-84|CG0148274|-18|-84|CG0148274|-18|-84|CG0148275|-23|-82|CG0148276|-31|-78|CG0148276|-31|-78|CG0148276|-31|-78
324|2|7|1200|28|CG0149023|-27|-78|CG0149023|-27|-78|CG0149023|-27|-78|CG0149023|-27|-78|CG0149024|-34|-73|CG0149024|-34|-73|CG0149024|-34|-73|CG0149024|-34|-73|CG0149025|-39|-64|CG0149025|-39|-64|CG0149025|-39|-64|CG0149025|-39|-64|CG0149025|-39|-64|CG0149025|-39|-64|CG0149025|-39|-64|CG0149025|-39|-64|CG0149026|-33|-70|CG0149026|-33|-70|CG0149026|-33|-70|CG0149026|-33|-70|CG0149027|-25|-85|CG0149027|-25|-85|CG0149028|-11|-91|CG0149028|-11|-91|CG0149028|-11|-91|CG0149028|-11|-91|CG0149028|-11|-91|CG0149028|-11|-91
324|2|8|1000|2|CG0148269|-20|-83|CG0148270|-40|-52
324|2|9|1000|1|CG0148271|-25|-81
324|2|10|1500|14|CG0148263|-25|-76|CG0148263|-25|-76|CG0148264|-39|-62|CG0148264|-39|-62|CG0148265|-30|-52|CG0148265|-30|-52|CG0148265|-30|-52|CG0148266|-34|-54|CG0148266|-34|-54|CG0148267|-25|-61|CG0148267|-25|-61|CG0148268|-17|-42|CG0148268|-17|-42|CG0148268|-17|-42
324|3|0|1500|4|CG0148327|-28|-84|CG0148328|-29|-84|CG0148329|-29|-83|CG0148328|-29|-84
324|3|1|1000|6|CG0148332|-29|-83|CG0148333|-29|-85|CG0148334|-28|-82|CG0148335|-28|-83|CG0148336|-29|-86|CG0148337|-28|-82
324|3|2|400|1|CG0188507|-36|-53
324|3|3|500|6|CG0148302|-34|-81|CG0148303|-34|-83|CG0148304|-40|-79|CG0148305|-33|-80|CG0148306|-33|-84|CG0148307|-41|-80
324|3|4|100|1|CG0196464|-10|-51
324|3|5|1300|44|CG0148293|-47|-82|CG0148293|-47|-82|CG0148293|-47|-82|CG0148293|-47|-82|CG0148294|-30|-80|CG0148294|-30|-80|CG0148294|-30|-80|CG0148294|-30|-80|CG0148295|-22|-80|CG0148295|-22|-80|CG0148295|-22|-80|CG0148295|-22|-80|CG0148296|-24|-94|CG0148296|-24|-94|CG0148296|-24|-94|CG0148296|-24|-94|CG0148297|-18|-95|CG0148297|-18|-95|CG0148297|-18|-95|CG0148297|-18|-95|CG0148297|-18|-95|CG0148297|-18|-95|CG0148298|-18|-81|CG0148298|-18|-81|CG0148298|-18|-81|CG0148298|-18|-81|CG0148298|-18|-81|CG0148298|-18|-81|CG0148298|-18|-81|CG0148298|-18|-81|CG0148299|-15|-84|CG0148299|-15|-84|CG0148300|-20|-78|CG0148300|-20|-78|CG0148300|-20|-78|CG0148300|-20|-78|CG0148300|-20|-78|CG0148300|-20|-78|CG0148300|-20|-78|CG0148300|-20|-78|CG0148301|-19|-84|CG0148301|-19|-84|CG0148301|-19|-84|CG0148301|-19|-84
324|3|6|1000|7|CG0148321|-20|-85|CG0148321|-20|-85|CG0148321|-20|-85|CG0148322|-27|-86|CG0148323|-40|-83|CG0148323|-40|-83|CG0148323|-40|-83
324|3|7|1200|28|CG0149087|-29|-84|CG0149087|-29|-84|CG0149087|-29|-84|CG0149087|-29|-84|CG0149088|-37|-82|CG0149088|-37|-82|CG0149088|-37|-82|CG0149088|-37|-82|CG0149089|-49|-76|CG0149089|-49|-76|CG0149089|-49|-76|CG0149089|-49|-76|CG0149089|-49|-76|CG0149089|-49|-76|CG0149089|-49|-76|CG0149089|-49|-76|CG0149090|-37|-78|CG0149090|-37|-78|CG0149090|-37|-78|CG0149090|-37|-78|CG0149091|-21|-86|CG0149091|-21|-86|CG0149092|-18|-83|CG0149092|-18|-83|CG0149092|-18|-83|CG0149092|-18|-83|CG0149092|-18|-83|CG0149092|-18|-83
324|3|8|1000|2|CG0148316|-21|-80|CG0148317|-61|-61
324|3|9|1000|1|CG0148318|-18|-76
324|3|10|1500|14|CG0148310|-29|-81|CG0148310|-29|-81|CG0148311|-48|-67|CG0148311|-48|-67|CG0148312|-45|-55|CG0148312|-45|-55|CG0148312|-45|-55|CG0148313|-50|-58|CG0148313|-50|-58|CG0148314|-31|-53|CG0148314|-31|-53|CG0148315|-29|-21|CG0148315|-29|-21|CG0148315|-29|-21
324|4|0|1500|4|CG0148374|-28|-88|CG0148375|-22|-88|CG0148376|-22|-87|CG0148375|-22|-88
324|4|1|1000|6|CG0148379|-45|-87|CG0148380|-45|-89|CG0148381|-45|-86|CG0148382|-45|-88|CG0148383|-45|-90|CG0148384|-45|-87
324|4|2|400|1|CG0188552|-25|-51
324|4|3|500|6|CG0148349|-45|-79|CG0148350|-45|-82|CG0148351|-45|-77|CG0148352|-45|-79|CG0148353|-45|-83|CG0148354|-45|-79
324|4|4|100|1|CG0196504|-21|-46
324|4|5|1300|44|CG0148340|-50|-89|CG0148340|-50|-89|CG0148340|-50|-89|CG0148340|-50|-89|CG0148341|-27|-85|CG0148341|-27|-85|CG0148341|-27|-85|CG0148341|-27|-85|CG0148342|-19|-82|CG0148342|-19|-82|CG0148342|-19|-82|CG0148342|-19|-82|CG0148343|-19|-82|CG0148343|-19|-82|CG0148343|-19|-82|CG0148343|-19|-82|CG0148344|-16|-88|CG0148344|-16|-88|CG0148344|-16|-88|CG0148344|-16|-88|CG0148344|-16|-88|CG0148344|-16|-88|CG0148345|-26|-82|CG0148345|-26|-82|CG0148345|-26|-82|CG0148345|-26|-82|CG0148345|-26|-82|CG0148345|-26|-82|CG0148345|-26|-82|CG0148345|-26|-82|CG0148346|-14|-80|CG0148346|-14|-80|CG0148347|-11|-70|CG0148347|-11|-70|CG0148347|-11|-70|CG0148347|-11|-70|CG0148347|-11|-70|CG0148347|-11|-70|CG0148347|-11|-70|CG0148347|-11|-70|CG0148348|-18|-83|CG0148348|-18|-83|CG0148348|-18|-83|CG0148348|-18|-83
324|4|6|1000|7|CG0148368|-32|-85|CG0148368|-32|-85|CG0148368|-32|-85|CG0148369|-31|-88|CG0148370|-28|-87|CG0148370|-28|-87|CG0148370|-28|-87
324|4|7|1200|28|CG0149151|-21|-88|CG0149151|-21|-88|CG0149151|-21|-88|CG0149151|-21|-88|CG0149152|-28|-89|CG0149152|-28|-89|CG0149152|-28|-89|CG0149152|-28|-89|CG0149153|-42|-88|CG0149153|-42|-88|CG0149153|-42|-88|CG0149153|-42|-88|CG0149153|-42|-88|CG0149153|-42|-88|CG0149153|-42|-88|CG0149153|-42|-88|CG0149154|-35|-84|CG0149154|-35|-84|CG0149154|-35|-84|CG0149154|-35|-84|CG0149155|-19|-83|CG0149155|-19|-83|CG0149156|-32|-73|CG0149156|-32|-73|CG0149156|-32|-73|CG0149156|-32|-73|CG0149156|-32|-73|CG0149156|-32|-73
324|4|8|1000|2|CG0148363|-17|-78|CG0148364|-52|-79
324|4|9|1000|1|CG0148365|-21|-70
324|4|10|1500|14|CG0148357|-24|-86|CG0148357|-24|-86|CG0148358|-37|-78|CG0148358|-37|-78|CG0148359|-42|-68|CG0148359|-42|-68|CG0148359|-42|-68|CG0148360|-45|-63|CG0148360|-45|-63|CG0148361|-28|-50|CG0148361|-28|-50|CG0148362|-25|-14|CG0148362|-25|-14|CG0148362|-25|-14
324|5|0|1500|4|CG0148421|-44|-89|CG0148422|-42|-89|CG0148423|-40|-89|CG0148422|-42|-89
324|5|1|1000|6|CG0148426|-49|-90|CG0148427|-49|-92|CG0148428|-49|-89|CG0148429|-49|-90|CG0148430|-49|-92|CG0148431|-49|-89
324|5|2|400|1|CG0188597|-19|-60
324|5|3|500|6|CG0148396|-33|-79|CG0148397|-33|-84|CG0148398|-33|-77|CG0148399|-33|-79|CG0148400|-33|-84|CG0148401|-33|-80
324|5|4|100|1|CG0196544|-24|-45
324|5|5|1300|44|CG0148387|-32|-91|CG0148387|-32|-91|CG0148387|-32|-91|CG0148387|-32|-91|CG0148388|-48|-88|CG0148388|-48|-88|CG0148388|-48|-88|CG0148388|-48|-88|CG0148389|-22|-84|CG0148389|-22|-84|CG0148389|-22|-84|CG0148389|-22|-84|CG0148390|-14|-83|CG0148390|-14|-83|CG0148390|-14|-83|CG0148390|-14|-83|CG0148391|-30|-90|CG0148391|-30|-90|CG0148391|-30|-90|CG0148391|-30|-90|CG0148391|-30|-90|CG0148391|-30|-90|CG0148392|-37|-88|CG0148392|-37|-88|CG0148392|-37|-88|CG0148392|-37|-88|CG0148392|-37|-88|CG0148392|-37|-88|CG0148392|-37|-88|CG0148392|-37|-88|CG0148393|-16|-79|CG0148393|-16|-79|CG0148394|-13|-71|CG0148394|-13|-71|CG0148394|-13|-71|CG0148394|-13|-71|CG0148394|-13|-71|CG0148394|-13|-71|CG0148394|-13|-71|CG0148394|-13|-71|CG0148395|-16|-84|CG0148395|-16|-84|CG0148395|-16|-84|CG0148395|-16|-84
324|5|6|1000|7|CG0148415|-51|-87|CG0148415|-51|-87|CG0148415|-51|-87|CG0148416|-52|-91|CG0148417|-51|-89|CG0148417|-51|-89|CG0148417|-51|-89
324|5|7|1200|28|CG0149215|-15|-90|CG0149215|-15|-90|CG0149215|-15|-90|CG0149215|-15|-90|CG0149216|-13|-91|CG0149216|-13|-91|CG0149216|-13|-91|CG0149216|-13|-91|CG0149217|-19|-94|CG0149217|-19|-94|CG0149217|-19|-94|CG0149217|-19|-94|CG0149217|-19|-94|CG0149217|-19|-94|CG0149217|-19|-94|CG0149217|-19|-94|CG0149218|-15|-87|CG0149218|-15|-87|CG0149218|-15|-87|CG0149218|-15|-87|CG0149219|-21|-79|CG0149219|-21|-79|CG0149220|-30|-70|CG0149220|-30|-70|CG0149220|-30|-70|CG0149220|-30|-70|CG0149220|-30|-70|CG0149220|-30|-70
324|5|8|1000|2|CG0148410|-28|-78|CG0148411|-55|-88
324|5|9|1000|1|CG0148412|-49|-69
324|5|10|1500|14|CG0148404|-43|-88|CG0148404|-43|-88|CG0148405|-28|-83|CG0148405|-28|-83|CG0148406|-23|-75|CG0148406|-23|-75|CG0148406|-23|-75|CG0148407|-22|-70|CG0148407|-22|-70|CG0148408|-21|-50|CG0148408|-21|-50|CG0148409|-28|-20|CG0148409|-28|-20|CG0148409|-28|-20
324|6|0|1500|4|CG0148468|-39|-87|CG0148469|-43|-87|CG0148470|-45|-86|CG0148469|-43|-87
324|6|1|1000|6|CG0148473|-30|-88|CG0148474|-30|-90|CG0148475|-30|-87|CG0148476|-30|-88|CG0148477|-30|-90|CG0148478|-30|-87
324|6|2|400|1|CG0188642|-38|-63
324|6|3|500|6|CG0148443|-26|-80|CG0148444|-26|-83|CG0148445|-27|-78|CG0148446|-26|-80|CG0148447|-26|-84|CG0148448|-26|-80
324|6|4|100|1|CG0196584|-20|-48
324|6|5|1300|44|CG0148434|-15|-88|CG0148434|-15|-88|CG0148434|-15|-88|CG0148434|-15|-88|CG0148435|-52|-86|CG0148435|-52|-86|CG0148435|-52|-86|CG0148435|-52|-86|CG0148436|-65|-83|CG0148436|-65|-83|CG0148436|-65|-83|CG0148436|-65|-83|CG0148437|-46|-83|CG0148437|-46|-83|CG0148437|-46|-83|CG0148437|-46|-83|CG0148438|-32|-101|CG0148438|-32|-101|CG0148438|-32|-101|CG0148438|-32|-101|CG0148438|-32|-101|CG0148438|-32|-101|CG0148439|-37|-100|CG0148439|-37|-100|CG0148439|-37|-100|CG0148439|-37|-100|CG0148439|-37|-100|CG0148439|-37|-100|CG0148439|-37|-100|CG0148439|-37|-100|CG0148440|-66|-82|CG0148440|-66|-82|CG0148441|-36|-70|CG0148441|-36|-70|CG0148441|-36|-70|CG0148441|-36|-70|CG0148441|-36|-70|CG0148441|-36|-70|CG0148441|-36|-70|CG0148441|-36|-70|CG0148442|-53|-85|CG0148442|-53|-85|CG0148442|-53|-85|CG0148442|-53|-85
324|6|6|1000|7|CG0148462|-44|-86|CG0148462|-44|-86|CG0148462|-44|-86|CG0148463|-51|-89|CG0148464|-58|-87|CG0148464|-58|-87|CG0148464|-58|-87
324|6|7|1200|28|CG0149279|-13|-87|CG0149279|-13|-87|CG0149279|-13|-87|CG0149279|-13|-87|CG0149280|-18|-87|CG0149280|-18|-87|CG0149280|-18|-87|CG0149280|-18|-87|CG0149281|-18|-90|CG0149281|-18|-90|CG0149281|-18|-90|CG0149281|-18|-90|CG0149281|-18|-90|CG0149281|-18|-90|CG0149281|-18|-90|CG0149281|-18|-90|CG0149282|-21|-83|CG0149282|-21|-83|CG0149282|-21|-83|CG0149282|-21|-83|CG0149283|-33|-74|CG0149283|-33|-74|CG0149284|-31|-68|CG0149284|-31|-68|CG0149284|-31|-68|CG0149284|-31|-68|CG0149284|-31|-68|CG0149284|-31|-68
324|6|8|1000|2|CG0148457|-51|-79|CG0148458|-51|-86
324|6|9|1000|1|CG0148459|-54|-72
324|6|10|1500|14|CG0148451|-50|-86|CG0148451|-50|-86|CG0148452|-49|-79|CG0148452|-49|-79|CG0148453|-34|-75|CG0148453|-34|-75|CG0148453|-34|-75|CG0148454|-30|-68|CG0148454|-30|-68|CG0148455|-51|-56|CG0148455|-51|-56|CG0148456|-75|-19|CG0148456|-75|-19|CG0148456|-75|-19
324|7|0|1500|4|CG0148515|-16|-81|CG0148516|-23|-81|CG0148517|-29|-80|CG0148516|-23|-81
324|7|1|1000|6|CG0148520|-22|-82|CG0148521|-22|-84|CG0148522|-25|-81|CG0148523|-22|-82|CG0148524|-22|-85|CG0148525|-25|-81
324|7|2|400|1|CG0188687|-44|-60
324|7|3|500|6|CG0148490|-36|-80|CG0148491|-36|-83|CG0148492|-36|-78|CG0148493|-36|-80|CG0148494|-36|-84|CG0148495|-36|-80
324|7|4|100|1|CG0196624|-25|-51
324|7|5|1300|44|CG0148481|-21|-81|CG0148481|-21|-81|CG0148481|-21|-81|CG0148481|-21|-81|CG0148482|-32|-80|CG0148482|-32|-80|CG0148482|-32|-80|CG0148482|-32|-80|CG0148483|-71|-80|CG0148483|-71|-80|CG0148483|-71|-80|CG0148483|-71|-80|CG0148484|-56|-90|CG0148484|-56|-90|CG0148484|-56|-90|CG0148484|-56|-90|CG0148485|-32|-110|CG0148485|-32|-110|CG0148485|-32|-110|CG0148485|-32|-110|CG0148485|-32|-110|CG0148485|-32|-110|CG0148486|-35|-107|CG0148486|-35|-107|CG0148486|-35|-107|CG0148486|-35|-107|CG0148486|-35|-107|CG0148486|-35|-107|CG0148486|-35|-107|CG0148486|-35|-107|CG0148487|-83|-85|CG0148487|-83|-85|CG0148488|-60|-71|CG0148488|-60|-71|CG0148488|-60|-71|CG0148488|-60|-71|CG0148488|-60|-71|CG0148488|-60|-71|CG0148488|-60|-71|CG0148488|-60|-71|CG0148489|-59|-84|CG0148489|-59|-84|CG0148489|-59|-84|CG0148489|-59|-84
324|7|6|1000|7|CG0148509|-22|-85|CG0148509|-22|-85|CG0148509|-22|-85|CG0148510|-28|-85|CG0148511|-37|-82|CG0148511|-37|-82|CG0148511|-37|-82
324|7|7|1200|28|CG0149343|-21|-81|CG0149343|-21|-81|CG0149343|-21|-81|CG0149343|-21|-81|CG0149344|-20|-78|CG0149344|-20|-78|CG0149344|-20|-78|CG0149344|-20|-78|CG0149345|-15|-78|CG0149345|-15|-78|CG0149345|-15|-78|CG0149345|-15|-78|CG0149345|-15|-78|CG0149345|-15|-78|CG0149345|-15|-78|CG0149345|-15|-78|CG0149346|-27|-76|CG0149346|-27|-76|CG0149346|-27|-76|CG0149346|-27|-76|CG0149347|-33|-76|CG0149347|-33|-76|CG0149348|-52|-73|CG0149348|-52|-73|CG0149348|-52|-73|CG0149348|-52|-73|CG0149348|-52|-73|CG0149348|-52|-73
324|7|8|1000|2|CG0148504|-44|-81|CG0148505|-28|-78
324|7|9|1000|1|CG0148506|-34|-76
324|7|10|1500|14|CG0148498|-31|-80|CG0148498|-31|-80|CG0148499|-42|-67|CG0148499|-42|-67|CG0148500|-50|-65|CG0148500|-50|-65|CG0148500|-50|-65|CG0148501|-54|-61|CG0148501|-54|-61|CG0148502|-85|-62|CG0148502|-85|-62|CG0148503|-100|-28|CG0148503|-100|-28|CG0148503|-100|-28
