325|0|0|1500|4|CG0148555|-20|-77|CG0148556|-21|-77|CG0148557|-22|-77|CG0148556|-21|-77
325|0|1|1000|6|CG0148560|-22|-78|CG0148561|-19|-80|CG0148562|-22|-77|CG0148563|-18|-78|CG0148564|-20|-81|CG0148565|-24|-77
325|0|2|400|1|CG0188372|-32|-70
325|0|3|500|6|CG0148855|-23|-81|CG0148856|-23|-83|CG0148857|-24|-79|CG0148858|-26|-80|CG0148859|-23|-84|CG0148860|-25|-80
325|0|4|100|1|CG0196344|-27|-55
325|0|5|1300|23|CG0148528|-25|-79|CG0148528|-25|-79|CG0148529|-23|-79|CG0148529|-23|-79|CG0148530|-21|-79|CG0148530|-21|-79|CG0148531|-24|-79|CG0148531|-24|-79|CG0148532|-22|-81|CG0148532|-22|-81|CG0148532|-22|-81|CG0148532|-22|-81|CG0148532|-22|-81|CG0148532|-22|-81|CG0148533|-36|-78|CG0148533|-36|-78|CG0148533|-36|-78|CG0148533|-36|-78|CG0148534|-32|-78|CG0148534|-32|-78|CG0148535|-22|-79|CG0148535|-22|-79|CG0148535|-22|-79
325|0|6|1000|7|CG0148549|-20|-84|CG0148549|-20|-84|CG0148549|-20|-84|CG0148550|-22|-82|CG0148551|-29|-79|CG0148551|-29|-79|CG0148551|-29|-79
325|0|7|1200|28|CG0148895|-21|-78|CG0148895|-21|-78|CG0148895|-21|-78|CG0148895|-21|-78|CG0148896|-15|-73|CG0148896|-15|-73|CG0148896|-15|-73|CG0148896|-15|-73|CG0148897|-8|-70|CG0148897|-8|-70|CG0148897|-8|-70|CG0148897|-8|-70|CG0148897|-8|-70|CG0148897|-8|-70|CG0148897|-8|-70|CG0148897|-8|-70|CG0148898|-24|-74|CG0148898|-24|-74|CG0148898|-24|-74|CG0148898|-24|-74|CG0148899|-33|-83|CG0148899|-33|-83|CG0148900|-46|-83|CG0148900|-46|-83|CG0148900|-46|-83|CG0148900|-46|-83|CG0148900|-46|-83|CG0148900|-46|-83
325|0|8|1000|2|CG0148544|-24|-84|CG0148545|-22|-64
325|0|9|1000|1|CG0148546|-35|-81
325|0|10|1500|14|CG0148538|-21|-77|CG0148538|-21|-77|CG0148539|-16|-63|CG0148539|-16|-63|CG0148540|-14|-59|CG0148540|-14|-59|CG0148540|-14|-59|CG0148541|-16|-57|CG0148541|-16|-57|CG0148542|-38|-64|CG0148542|-38|-64|CG0148543|-49|-48|CG0148543|-49|-48|CG0148543|-49|-48
325|1|0|1500|4|CG0148595|-20|-78|CG0148596|-20|-78|CG0148597|-19|-78|CG0148596|-20|-78
325|1|1|1000|6|CG0148600|-18|-79|CG0148601|-18|-81|CG0148602|-18|-78|CG0148603|-18|-79|CG0148604|-18|-81|CG0148605|-18|-78
325|1|2|400|1|CG0188417|-17|-71
325|1|3|500|6|CG0148919|-18|-81|CG0148920|-18|-83|CG0148921|-17|-79|CG0148922|-17|-81|CG0148923|-18|-84|CG0148924|-18|-81
325|1|4|100|1|CG0196384|-26|-58
325|1|5|1300|23|CG0148568|-25|-78|CG0148568|-25|-78|CG0148569|-22|-78|CG0148569|-22|-78|CG0148570|-20|-78|CG0148570|-20|-78|CG0148571|-21|-78|CG0148571|-21|-78|CG0148572|-23|-80|CG0148572|-23|-80|CG0148572|-23|-80|CG0148572|-23|-80|CG0148572|-23|-80|CG0148572|-23|-80|CG0148573|-22|-77|CG0148573|-22|-77|CG0148573|-22|-77|CG0148573|-22|-77|CG0148574|-22|-78|CG0148574|-22|-78|CG0148575|-27|-78|CG0148575|-27|-78|CG0148575|-27|-78
325|1|6|1000|7|CG0148589|-18|-83|CG0148589|-18|-83|CG0148589|-18|-83|CG0148590|-18|-80|CG0148591|-25|-80|CG0148591|-25|-80|CG0148591|-25|-80
325|1|7|1200|28|CG0148959|-17|-79|CG0148959|-17|-79|CG0148959|-17|-79|CG0148959|-17|-79|CG0148960|-20|-72|CG0148960|-20|-72|CG0148960|-20|-72|CG0148960|-20|-72|CG0148961|-16|-63|CG0148961|-16|-63|CG0148961|-16|-63|CG0148961|-16|-63|CG0148961|-16|-63|CG0148961|-16|-63|CG0148961|-16|-63|CG0148961|-16|-63|CG0148962|-18|-71|CG0148962|-18|-71|CG0148962|-18|-71|CG0148962|-18|-71|CG0148963|-27|-85|CG0148963|-27|-85|CG0148964|-24|-90|CG0148964|-24|-90|CG0148964|-24|-90|CG0148964|-24|-90|CG0148964|-24|-90|CG0148964|-24|-90
325|1|8|1000|2|CG0148584|-18|-85|CG0148585|-21|-55
325|1|9|1000|1|CG0148586|-21|-83
325|1|10|1500|14|CG0148578|-18|-77|CG0148578|-18|-77|CG0148579|-18|-61|CG0148579|-18|-61|CG0148580|-13|-54|CG0148580|-13|-54|CG0148580|-13|-54|CG0148581|-19|-54|CG0148581|-19|-54|CG0148582|-20|-67|CG0148582|-20|-67|CG0148583|-28|-54|CG0148583|-28|-54|CG0148583|-28|-54
325|2|0|1500|4|CG0148635|-28|-78|CG0148636|-26|-78|CG0148637|-27|-77|CG0148636|-26|-78
325|2|1|1000|6|CG0148640|-25|-78|CG0148641|-27|-80|CG0148642|-28|-76|CG0148643|-26|-78|CG0148644|-26|-80|CG0148645|-24|-76
325|2|2|400|1|CG0188462|-33|-62
325|2|3|500|6|CG0148983|-20|-81|CG0148984|-26|-83|CG0148985|-34|-79|CG0148986|-26|-81|CG0148987|-19|-84|CG0148988|-27|-80
325|2|4|100|1|CG0196424|-14|-57
325|2|5|1300|23|CG0148608|-28|-80|CG0148608|-28|-80|CG0148609|-28|-80|CG0148609|-28|-80|CG0148610|-28|-79|CG0148610|-28|-79|CG0148611|-28|-80|CG0148611|-28|-80|CG0148612|-27|-80|CG0148612|-27|-80|CG0148612|-27|-80|CG0148612|-27|-80|CG0148612|-27|-80|CG0148612|-27|-80|CG0148613|-36|-79|CG0148613|-36|-79|CG0148613|-36|-79|CG0148613|-36|-79|CG0148614|-32|-79|CG0148614|-32|-79|CG0148615|-29|-80|CG0148615|-29|-80|CG0148615|-29|-80
325|2|6|1000|7|CG0148629|-26|-84|CG0148629|-26|-84|CG0148629|-26|-84|CG0148630|-23|-82|CG0148631|-31|-78|CG0148631|-31|-78|CG0148631|-31|-78
325|2|7|1200|28|CG0149023|-27|-78|CG0149023|-27|-78|CG0149023|-27|-78|CG0149023|-27|-78|CG0149024|-34|-73|CG0149024|-34|-73|CG0149024|-34|-73|CG0149024|-34|-73|CG0149025|-39|-64|CG0149025|-39|-64|CG0149025|-39|-64|CG0149025|-39|-64|CG0149025|-39|-64|CG0149025|-39|-64|CG0149025|-39|-64|CG0149025|-39|-64|CG0149026|-33|-70|CG0149026|-33|-70|CG0149026|-33|-70|CG0149026|-33|-70|CG0149027|-25|-85|CG0149027|-25|-85|CG0149028|-11|-91|CG0149028|-11|-91|CG0149028|-11|-91|CG0149028|-11|-91|CG0149028|-11|-91|CG0149028|-11|-91
325|2|8|1000|2|CG0148624|-23|-83|CG0148625|-40|-58
325|2|9|1000|1|CG0148626|-25|-81
325|2|10|1500|14|CG0148618|-25|-76|CG0148618|-25|-76|CG0148619|-39|-62|CG0148619|-39|-62|CG0148620|-30|-52|CG0148620|-30|-52|CG0148620|-30|-52|CG0148621|-34|-54|CG0148621|-34|-54|CG0148622|-25|-61|CG0148622|-25|-61|CG0148623|-17|-42|CG0148623|-17|-42|CG0148623|-17|-42
325|3|0|1500|4|CG0148675|-28|-84|CG0148676|-29|-84|CG0148677|-29|-83|CG0148676|-29|-84
325|3|1|1000|6|CG0148680|-29|-83|CG0148681|-29|-85|CG0148682|-29|-82|CG0148683|-28|-83|CG0148684|-29|-86|CG0148685|-28|-82
325|3|2|400|1|CG0188507|-36|-53
325|3|3|500|6|CG0149047|-31|-80|CG0149048|-29|-83|CG0149049|-40|-79|CG0149050|-27|-80|CG0149051|-29|-84|CG0149052|-41|-80
325|3|4|100|1|CG0196464|-10|-51
325|3|5|1300|23|CG0148648|-27|-86|CG0148648|-27|-86|CG0148649|-28|-85|CG0148649|-28|-85|CG0148650|-29|-85|CG0148650|-29|-85|CG0148651|-29|-85|CG0148651|-29|-85|CG0148652|-25|-85|CG0148652|-25|-85|CG0148652|-25|-85|CG0148652|-25|-85|CG0148652|-25|-85|CG0148652|-25|-85|CG0148653|-40|-84|CG0148653|-40|-84|CG0148653|-40|-84|CG0148653|-40|-84|CG0148654|-35|-85|CG0148654|-35|-85|CG0148655|-29|-85|CG0148655|-29|-85|CG0148655|-29|-85
325|3|6|1000|7|CG0148669|-23|-85|CG0148669|-23|-85|CG0148669|-23|-85|CG0148670|-27|-86|CG0148671|-40|-83|CG0148671|-40|-83|CG0148671|-40|-83
325|3|7|1200|28|CG0149087|-29|-84|CG0149087|-29|-84|CG0149087|-29|-84|CG0149087|-29|-84|CG0149088|-37|-82|CG0149088|-37|-82|CG0149088|-37|-82|CG0149088|-37|-82|CG0149089|-49|-76|CG0149089|-49|-76|CG0149089|-49|-76|CG0149089|-49|-76|CG0149089|-49|-76|CG0149089|-49|-76|CG0149089|-49|-76|CG0149089|-49|-76|CG0149090|-37|-78|CG0149090|-37|-78|CG0149090|-37|-78|CG0149090|-37|-78|CG0149091|-21|-86|CG0149091|-21|-86|CG0149092|-18|-83|CG0149092|-18|-83|CG0149092|-18|-83|CG0149092|-18|-83|CG0149092|-18|-83|CG0149092|-18|-83
325|3|8|1000|2|CG0148664|-21|-80|CG0148665|-61|-62
325|3|9|1000|1|CG0148666|-18|-76
325|3|10|1500|14|CG0148658|-29|-81|CG0148658|-29|-81|CG0148659|-48|-67|CG0148659|-48|-67|CG0148660|-45|-55|CG0148660|-45|-55|CG0148660|-45|-55|CG0148661|-50|-58|CG0148661|-50|-58|CG0148662|-31|-53|CG0148662|-31|-53|CG0148663|-29|-21|CG0148663|-29|-21|CG0148663|-29|-21
325|4|0|1500|4|CG0148715|-22|-88|CG0148716|-22|-88|CG0148717|-22|-87|CG0148716|-22|-88
325|4|1|1000|6|CG0148720|-23|-87|CG0148721|-24|-89|CG0148722|-23|-86|CG0148723|-23|-88|CG0148724|-23|-90|CG0148725|-23|-87
325|4|2|400|1|CG0188552|-25|-51
325|4|3|500|6|CG0149111|-27|-79|CG0149112|-19|-82|CG0149113|-25|-77|CG0149114|-17|-79|CG0149115|-25|-83|CG0149116|-34|-79
325|4|4|100|1|CG0196504|-21|-46
325|4|5|1300|23|CG0148688|-18|-89|CG0148688|-18|-89|CG0148689|-33|-89|CG0148689|-33|-89|CG0148690|-21|-89|CG0148690|-21|-89|CG0148691|-20|-88|CG0148691|-20|-88|CG0148692|-16|-86|CG0148692|-16|-86|CG0148692|-16|-86|CG0148692|-16|-86|CG0148692|-16|-86|CG0148692|-16|-86|CG0148693|-26|-87|CG0148693|-26|-87|CG0148693|-26|-87|CG0148693|-26|-87|CG0148694|-32|-88|CG0148694|-32|-88|CG0148695|-20|-89|CG0148695|-20|-89|CG0148695|-20|-89
325|4|6|1000|7|CG0148709|-18|-85|CG0148709|-18|-85|CG0148709|-18|-85|CG0148710|-23|-88|CG0148711|-28|-87|CG0148711|-28|-87|CG0148711|-28|-87
325|4|7|1200|28|CG0149151|-21|-88|CG0149151|-21|-88|CG0149151|-21|-88|CG0149151|-21|-88|CG0149152|-28|-89|CG0149152|-28|-89|CG0149152|-28|-89|CG0149152|-28|-89|CG0149153|-42|-88|CG0149153|-42|-88|CG0149153|-42|-88|CG0149153|-42|-88|CG0149153|-42|-88|CG0149153|-42|-88|CG0149153|-42|-88|CG0149153|-42|-88|CG0149154|-35|-84|CG0149154|-35|-84|CG0149154|-35|-84|CG0149154|-35|-84|CG0149155|-19|-83|CG0149155|-19|-83|CG0149156|-32|-73|CG0149156|-32|-73|CG0149156|-32|-73|CG0149156|-32|-73|CG0149156|-32|-73|CG0149156|-32|-73
325|4|8|1000|2|CG0148704|-17|-78|CG0148705|-52|-79
325|4|9|1000|1|CG0148706|-13|-70
325|4|10|1500|14|CG0148698|-24|-86|CG0148698|-24|-86|CG0148699|-37|-78|CG0148699|-37|-78|CG0148700|-42|-68|CG0148700|-42|-68|CG0148700|-42|-68|CG0148701|-45|-63|CG0148701|-45|-63|CG0148702|-28|-50|CG0148702|-28|-50|CG0148703|-25|-14|CG0148703|-25|-14|CG0148703|-25|-14
325|5|0|1500|4|CG0148755|-16|-89|CG0148756|-16|-89|CG0148757|-16|-89|CG0148756|-16|-89
325|5|1|1000|6|CG0148760|-18|-90|CG0148761|-18|-92|CG0148762|-18|-89|CG0148763|-18|-90|CG0148764|-18|-92|CG0148765|-18|-89
325|5|2|400|1|CG0188597|-19|-60
325|5|3|500|6|CG0149175|-18|-79|CG0149176|-18|-83|CG0149177|-19|-77|CG0149178|-18|-79|CG0149179|-18|-83|CG0149180|-18|-80
325|5|4|100|1|CG0196544|-24|-45
325|5|5|1300|23|CG0148728|-18|-89|CG0148728|-18|-89|CG0148729|-49|-89|CG0148729|-49|-89|CG0148730|-24|-90|CG0148730|-24|-90|CG0148731|-22|-88|CG0148731|-22|-88|CG0148732|-15|-86|CG0148732|-15|-86|CG0148732|-15|-86|CG0148732|-15|-86|CG0148732|-15|-86|CG0148732|-15|-86|CG0148733|-13|-87|CG0148733|-13|-87|CG0148733|-13|-87|CG0148733|-13|-87|CG0148734|-19|-88|CG0148734|-19|-88|CG0148735|-13|-89|CG0148735|-13|-89|CG0148735|-13|-89
325|5|6|1000|7|CG0148749|-18|-87|CG0148749|-18|-87|CG0148749|-18|-87|CG0148750|-18|-91|CG0148751|-19|-89|CG0148751|-19|-89|CG0148751|-19|-89
325|5|7|1200|28|CG0149215|-15|-90|CG0149215|-15|-90|CG0149215|-15|-90|CG0149215|-15|-90|CG0149216|-13|-91|CG0149216|-13|-91|CG0149216|-13|-91|CG0149216|-13|-91|CG0149217|-19|-94|CG0149217|-19|-94|CG0149217|-19|-94|CG0149217|-19|-94|CG0149217|-19|-94|CG0149217|-19|-94|CG0149217|-19|-94|CG0149217|-19|-94|CG0149218|-15|-87|CG0149218|-15|-87|CG0149218|-15|-87|CG0149218|-15|-87|CG0149219|-21|-79|CG0149219|-21|-79|CG0149220|-30|-70|CG0149220|-30|-70|CG0149220|-30|-70|CG0149220|-30|-70|CG0149220|-30|-70|CG0149220|-30|-70
325|5|8|1000|2|CG0148744|-18|-78|CG0148745|-39|-88
325|5|9|1000|1|CG0148746|-17|-69
325|5|10|1500|14|CG0148738|-18|-88|CG0148738|-18|-88|CG0148739|-18|-83|CG0148739|-18|-83|CG0148740|-23|-75|CG0148740|-23|-75|CG0148740|-23|-75|CG0148741|-22|-70|CG0148741|-22|-70|CG0148742|-21|-50|CG0148742|-21|-50|CG0148743|-28|-20|CG0148743|-28|-20|CG0148743|-28|-20
325|6|0|1500|4|CG0148795|-16|-87|CG0148796|-16|-87|CG0148797|-16|-86|CG0148796|-16|-87
325|6|1|1000|6|CG0148800|-13|-88|CG0148801|-20|-90|CG0148802|-24|-87|CG0148803|-18|-88|CG0148804|-16|-90|CG0148805|-23|-87
325|6|2|400|1|CG0188642|-38|-63
325|6|3|500|6|CG0149239|-26|-80|CG0149240|-24|-83|CG0149241|-27|-78|CG0149242|-24|-80|CG0149243|-24|-84|CG0149244|-24|-80
325|6|4|100|1|CG0196584|-20|-48
325|6|5|1300|23|CG0148768|-19|-85|CG0148768|-19|-85|CG0148769|-35|-86|CG0148769|-35|-86|CG0148770|-25|-86|CG0148770|-25|-86|CG0148771|-29|-84|CG0148771|-29|-84|CG0148772|-34|-82|CG0148772|-34|-82|CG0148772|-34|-82|CG0148772|-34|-82|CG0148772|-34|-82|CG0148772|-34|-82|CG0148773|-22|-83|CG0148773|-22|-83|CG0148773|-22|-83|CG0148773|-22|-83|CG0148774|-23|-84|CG0148774|-23|-84|CG0148775|-23|-85|CG0148775|-23|-85|CG0148775|-23|-85
325|6|6|1000|7|CG0148789|-19|-86|CG0148789|-19|-86|CG0148789|-19|-86|CG0148790|-21|-89|CG0148791|-28|-87|CG0148791|-28|-87|CG0148791|-28|-87
325|6|7|1200|28|CG0149279|-13|-87|CG0149279|-13|-87|CG0149279|-13|-87|CG0149279|-13|-87|CG0149280|-18|-87|CG0149280|-18|-87|CG0149280|-18|-87|CG0149280|-18|-87|CG0149281|-18|-90|CG0149281|-18|-90|CG0149281|-18|-90|CG0149281|-18|-90|CG0149281|-18|-90|CG0149281|-18|-90|CG0149281|-18|-90|CG0149281|-18|-90|CG0149282|-21|-83|CG0149282|-21|-83|CG0149282|-21|-83|CG0149282|-21|-83|CG0149283|-33|-74|CG0149283|-33|-74|CG0149284|-31|-68|CG0149284|-31|-68|CG0149284|-31|-68|CG0149284|-31|-68|CG0149284|-31|-68|CG0149284|-31|-68
325|6|8|1000|2|CG0148784|-21|-79|CG0148785|-21|-86
325|6|9|1000|1|CG0148786|-26|-72
325|6|10|1500|14|CG0148778|-16|-86|CG0148778|-16|-86|CG0148779|-10|-79|CG0148779|-10|-79|CG0148780|-9|-75|CG0148780|-9|-75|CG0148780|-9|-75|CG0148781|-10|-68|CG0148781|-10|-68|CG0148782|-33|-56|CG0148782|-33|-56|CG0148783|-66|-19|CG0148783|-66|-19|CG0148783|-66|-19
325|7|0|1500|4|CG0148835|-20|-81|CG0148836|-19|-81|CG0148837|-18|-80|CG0148836|-19|-81
325|7|1|1000|6|CG0148840|-22|-82|CG0148841|-18|-84|CG0148842|-25|-81|CG0148843|-18|-82|CG0148844|-20|-85|CG0148845|-25|-81
325|7|2|400|1|CG0188687|-44|-60
325|7|3|500|6|CG0149303|-30|-80|CG0149304|-30|-83|CG0149305|-30|-78|CG0149306|-30|-80|CG0149307|-30|-84|CG0149308|-30|-80
325|7|4|100|1|CG0196624|-25|-51
325|7|5|1300|23|CG0148808|-16|-79|CG0148808|-16|-79|CG0148809|-16|-80|CG0148809|-16|-80|CG0148810|-31|-80|CG0148810|-31|-80|CG0148811|-37|-79|CG0148811|-37|-79|CG0148812|-38|-77|CG0148812|-38|-77|CG0148812|-38|-77|CG0148812|-38|-77|CG0148812|-38|-77|CG0148812|-38|-77|CG0148813|-38|-78|CG0148813|-38|-78|CG0148813|-38|-78|CG0148813|-38|-78|CG0148814|-33|-78|CG0148814|-33|-78|CG0148815|-20|-79|CG0148815|-20|-79|CG0148815|-20|-79
325|7|6|1000|7|CG0148829|-22|-85|CG0148829|-22|-85|CG0148829|-22|-85|CG0148830|-19|-85|CG0148831|-29|-82|CG0148831|-29|-82|CG0148831|-29|-82
325|7|7|1200|28|CG0149343|-21|-81|CG0149343|-21|-81|CG0149343|-21|-81|CG0149343|-21|-81|CG0149344|-20|-78|CG0149344|-20|-78|CG0149344|-20|-78|CG0149344|-20|-78|CG0149345|-15|-78|CG0149345|-15|-78|CG0149345|-15|-78|CG0149345|-15|-78|CG0149345|-15|-78|CG0149345|-15|-78|CG0149345|-15|-78|CG0149345|-15|-78|CG0149346|-27|-76|CG0149346|-27|-76|CG0149346|-27|-76|CG0149346|-27|-76|CG0149347|-33|-76|CG0149347|-33|-76|CG0149348|-52|-73|CG0149348|-52|-73|CG0149348|-52|-73|CG0149348|-52|-73|CG0149348|-52|-73|CG0149348|-52|-73
325|7|8|1000|2|CG0148824|-26|-81|CG0148825|-28|-78
325|7|9|1000|1|CG0148826|-32|-76
325|7|10|1500|14|CG0148818|-26|-80|CG0148818|-26|-80|CG0148819|-15|-67|CG0148819|-15|-67|CG0148820|-11|-65|CG0148820|-11|-65|CG0148820|-11|-65|CG0148821|-13|-61|CG0148821|-13|-61|CG0148822|-42|-62|CG0148822|-42|-62|CG0148823|-74|-28|CG0148823|-74|-28|CG0148823|-74|-28
