349|0|0|1200|4|CG0157828|-15|-68|CG0157829|-16|-68|CG0157830|-17|-67|CG0157829|-16|-68
349|0|1|1000|6|CG0157833|-13|-68|CG0157834|-13|-69|CG0157835|-19|-67|CG0157836|-13|-68|CG0157837|-13|-69|CG0157838|-13|-67
349|0|2|400|1|CG0188372|-32|-70
349|0|3|700|6|CG0158136|-19|-71|CG0158137|-20|-74|CG0158138|-20|-71|CG0158139|-23|-71|CG0158140|-22|-74|CG0158141|-22|-71
349|0|4|100|1|CG0196344|-27|-55
349|0|5|1500|22|CG0157800|-19|-66|CG0157800|-19|-66|CG0157801|-18|-83|CG0157801|-18|-83|CG0157802|-17|-66|CG0157802|-17|-66|CG0157802|-17|-66|CG0157803|-19|-66|CG0157803|-19|-66|CG0157803|-19|-66|CG0157804|-20|-67|CG0157804|-20|-67|CG0157804|-20|-67|CG0157804|-20|-67|CG0157804|-20|-67|CG0157805|-27|-67|CG0157805|-27|-67|CG0157805|-27|-67|CG0157806|-27|-66|CG0157806|-27|-66|CG0157807|-22|-66|CG0157807|-22|-66
349|0|6|1500|8|CG0157821|-18|-68|CG0157822|-17|-68|CG0157822|-17|-68|CG0157823|-17|-73|CG0157824|-19|-75|CG0157824|-19|-75|CG0157824|-19|-75|CG0157824|-19|-75
349|0|7|1000|13|CG0158177|-19|-66|CG0158177|-19|-66|CG0158178|-16|-65|CG0158178|-16|-65|CG0158179|-17|-64|CG0158179|-17|-64|CG0158179|-17|-64|CG0158180|-25|-67|CG0158181|-27|-68|CG0158182|-29|-73|CG0158182|-29|-73|CG0158182|-29|-73|CG0158183|-27|-70
349|0|8|1000|2|CG0157816|-19|-73|CG0157817|-16|-52
349|0|9|1000|1|CG0157818|-20|-70
349|0|10|1500|12|CG0157810|-20|-65|CG0157810|-20|-65|CG0157811|-26|-58|CG0157811|-26|-58|CG0157812|-30|-46|CG0157812|-30|-46|CG0157812|-30|-46|CG0157813|-35|-52|CG0157813|-35|-52|CG0157814|-44|-55|CG0157815|-52|-44|CG0157815|-52|-44
349|1|0|1200|4|CG0157869|-18|-67|CG0157870|-18|-67|CG0157871|-18|-67|CG0157870|-18|-67
349|1|1|1000|6|CG0157874|-16|-67|CG0157875|-16|-68|CG0157876|-16|-66|CG0157877|-16|-67|CG0157878|-16|-68|CG0157879|-16|-66
349|1|2|400|1|CG0188417|-17|-71
349|1|3|700|6|CG0158203|-17|-68|CG0158204|-21|-72|CG0158205|-25|-69|CG0158206|-16|-69|CG0158207|-17|-71|CG0158208|-16|-69
349|1|4|100|1|CG0196384|-26|-58
349|1|5|1500|22|CG0157841|-18|-66|CG0157841|-18|-66|CG0157842|-14|-69|CG0157842|-14|-69|CG0157843|-14|-65|CG0157843|-14|-65|CG0157843|-14|-65|CG0157844|-13|-66|CG0157844|-13|-66|CG0157844|-13|-66|CG0157845|-13|-67|CG0157845|-13|-67|CG0157845|-13|-67|CG0157845|-13|-67|CG0157845|-13|-67|CG0157846|-13|-67|CG0157846|-13|-67|CG0157846|-13|-67|CG0157847|-19|-66|CG0157847|-19|-66|CG0157848|-19|-66|CG0157848|-19|-66
349|1|6|1500|8|CG0157862|-16|-67|CG0157863|-16|-67|CG0157863|-16|-67|CG0157864|-16|-71|CG0157865|-17|-74|CG0157865|-17|-74|CG0157865|-17|-74|CG0157865|-17|-74
349|1|7|1000|13|CG0158244|-17|-66|CG0158244|-17|-66|CG0158245|-15|-64|CG0158245|-15|-64|CG0158246|-15|-63|CG0158246|-15|-63|CG0158246|-15|-63|CG0158247|-16|-66|CG0158248|-17|-69|CG0158249|-20|-74|CG0158249|-20|-74|CG0158249|-20|-74|CG0158250|-20|-69
349|1|8|1000|2|CG0157857|-17|-73|CG0157858|-24|-47
349|1|9|1000|1|CG0157859|-19|-69
349|1|10|1500|12|CG0157851|-16|-65|CG0157851|-16|-65|CG0157852|-16|-59|CG0157852|-16|-59|CG0157853|-18|-46|CG0157853|-18|-46|CG0157853|-18|-46|CG0157854|-17|-54|CG0157854|-17|-54|CG0157855|-22|-58|CG0157856|-23|-54|CG0157856|-23|-54
349|2|0|1200|4|CG0157910|-17|-67|CG0157911|-17|-68|CG0157912|-17|-68|CG0157911|-17|-68
349|2|1|1000|6|CG0157915|-17|-68|CG0157916|-17|-69|CG0157917|-17|-67|CG0157918|-17|-68|CG0157919|-17|-69|CG0157920|-17|-67
349|2|2|400|1|CG0188462|-33|-62
349|2|3|700|6|CG0158270|-22|-71|CG0158271|-21|-74|CG0158272|-20|-71|CG0158273|-22|-71|CG0158274|-21|-74|CG0158275|-21|-71
349|2|4|100|1|CG0196424|-14|-57
349|2|5|1500|22|CG0157882|-18|-67|CG0157882|-18|-67|CG0157883|-18|-67|CG0157883|-18|-67|CG0157884|-18|-66|CG0157884|-18|-66|CG0157884|-18|-66|CG0157885|-17|-67|CG0157885|-17|-67|CG0157885|-17|-67|CG0157886|-15|-67|CG0157886|-15|-67|CG0157886|-15|-67|CG0157886|-15|-67|CG0157886|-15|-67|CG0157887|-16|-67|CG0157887|-16|-67|CG0157887|-16|-67|CG0157888|-17|-67|CG0157888|-17|-67|CG0157889|-17|-67|CG0157889|-17|-67
349|2|6|1500|8|CG0157903|-17|-68|CG0157904|-17|-68|CG0157904|-17|-68|CG0157905|-17|-73|CG0157906|-18|-75|CG0157906|-18|-75|CG0157906|-18|-75|CG0157906|-18|-75
349|2|7|1000|13|CG0158311|-18|-69|CG0158311|-18|-69|CG0158312|-21|-67|CG0158312|-21|-67|CG0158313|-22|-67|CG0158313|-22|-67|CG0158313|-22|-67|CG0158314|-19|-68|CG0158315|-12|-69|CG0158316|-6|-74|CG0158316|-6|-74|CG0158316|-6|-74|CG0158317|-13|-68
349|2|8|1000|2|CG0157898|-22|-73|CG0157899|-41|-50
349|2|9|1000|1|CG0157900|-18|-69
349|2|10|1500|12|CG0157892|-22|-65|CG0157892|-22|-65|CG0157893|-18|-58|CG0157893|-18|-58|CG0157894|-17|-46|CG0157894|-17|-46|CG0157894|-17|-46|CG0157895|-13|-52|CG0157895|-13|-52|CG0157896|-13|-49|CG0157897|-11|-47|CG0157897|-11|-47
349|3|0|1200|4|CG0157951|-19|-72|CG0157952|-19|-72|CG0157953|-19|-72|CG0157952|-19|-72
349|3|1|1000|6|CG0157956|-19|-72|CG0157957|-20|-73|CG0157958|-19|-71|CG0157959|-20|-72|CG0157960|-19|-73|CG0157961|-19|-71
349|3|2|400|1|CG0188507|-36|-53
349|3|3|700|6|CG0158337|-29|-71|CG0158338|-28|-75|CG0158339|-28|-72|CG0158340|-29|-72|CG0158341|-29|-74|CG0158342|-28|-72
349|3|4|100|1|CG0196464|-10|-51
349|3|5|1500|22|CG0157923|-20|-72|CG0157923|-20|-72|CG0157924|-20|-71|CG0157924|-20|-71|CG0157925|-20|-71|CG0157925|-20|-71|CG0157925|-20|-71|CG0157926|-19|-71|CG0157926|-19|-71|CG0157926|-19|-71|CG0157927|-17|-71|CG0157927|-17|-71|CG0157927|-17|-71|CG0157927|-17|-71|CG0157927|-17|-71|CG0157928|-21|-71|CG0157928|-21|-71|CG0157928|-21|-71|CG0157929|-19|-71|CG0157929|-19|-71|CG0157930|-19|-71|CG0157930|-19|-71
349|3|6|1500|8|CG0157944|-18|-72|CG0157945|-19|-72|CG0157945|-19|-72|CG0157946|-13|-73|CG0157947|-14|-73|CG0157947|-14|-73|CG0157947|-14|-73|CG0157947|-14|-73
349|3|7|1000|13|CG0158378|-19|-73|CG0158378|-19|-73|CG0158379|-22|-72|CG0158379|-22|-72|CG0158380|-27|-72|CG0158380|-27|-72|CG0158380|-27|-72|CG0158381|-20|-71|CG0158382|-15|-71|CG0158383|-13|-73|CG0158383|-13|-73|CG0158383|-13|-73|CG0158384|-13|-71
349|3|8|1000|2|CG0157939|-19|-69|CG0157940|-49|-59
349|3|9|1000|1|CG0157941|-16|-68
349|3|10|1500|12|CG0157933|-24|-68|CG0157933|-24|-68|CG0157934|-17|-58|CG0157934|-17|-58|CG0157935|-19|-44|CG0157935|-19|-44|CG0157935|-19|-44|CG0157936|-14|-45|CG0157936|-14|-45|CG0157937|-11|-33|CG0157938|-10|-24|CG0157938|-10|-24
349|4|0|1200|4|CG0157992|-16|-74|CG0157993|-17|-74|CG0157994|-17|-74|CG0157993|-17|-74
349|4|1|1000|6|CG0157997|-17|-74|CG0157998|-17|-75|CG0157999|-17|-73|CG0158000|-17|-74|CG0158001|-17|-75|CG0158002|-17|-73
349|4|2|400|1|CG0188552|-25|-51
349|4|3|700|6|CG0158404|-20|-69|CG0158405|-21|-73|CG0158406|-21|-70|CG0158407|-20|-70|CG0158408|-21|-72|CG0158409|-20|-70
349|4|4|100|1|CG0196504|-21|-46
349|4|5|1500|22|CG0157964|-18|-74|CG0157964|-18|-74|CG0157965|-33|-74|CG0157965|-33|-74|CG0157966|-18|-73|CG0157966|-18|-73|CG0157966|-18|-73|CG0157967|-17|-72|CG0157967|-17|-72|CG0157967|-17|-72|CG0157968|-16|-72|CG0157968|-16|-72|CG0157968|-16|-72|CG0157968|-16|-72|CG0157968|-16|-72|CG0157969|-25|-72|CG0157969|-25|-72|CG0157969|-25|-72|CG0157970|-28|-73|CG0157970|-28|-73|CG0157971|-28|-73|CG0157971|-28|-73
349|4|6|1500|8|CG0157985|-17|-74|CG0157986|-17|-74|CG0157986|-17|-74|CG0157987|-17|-71|CG0157988|-18|-68|CG0157988|-18|-68|CG0157988|-18|-68|CG0157988|-18|-68
349|4|7|1000|13|CG0158445|-20|-73|CG0158445|-20|-73|CG0158446|-28|-74|CG0158446|-28|-74|CG0158447|-31|-74|CG0158447|-31|-74|CG0158447|-31|-74|CG0158448|-19|-71|CG0158449|-12|-70|CG0158450|-13|-69|CG0158450|-13|-69|CG0158450|-13|-69|CG0158451|-13|-72
349|4|8|1000|2|CG0157980|-22|-65|CG0157981|-39|-69
349|4|9|1000|1|CG0157982|-19|-65
349|4|10|1500|12|CG0157974|-22|-73|CG0157974|-22|-73|CG0157975|-17|-61|CG0157975|-17|-61|CG0157976|-17|-45|CG0157976|-17|-45|CG0157976|-17|-45|CG0157977|-13|-44|CG0157977|-13|-44|CG0157978|-13|-18|CG0157979|-12|-10|CG0157979|-12|-10
349|5|0|1200|4|CG0158033|-17|-73|CG0158034|-16|-73|CG0158035|-15|-73|CG0158034|-16|-73
349|5|1|1000|6|CG0158038|-16|-73|CG0158039|-16|-75|CG0158040|-16|-72|CG0158041|-16|-73|CG0158042|-16|-75|CG0158043|-16|-72
349|5|2|400|1|CG0188597|-19|-60
349|5|3|700|6|CG0158471|-19|-69|CG0158472|-16|-72|CG0158473|-16|-69|CG0158474|-16|-69|CG0158475|-21|-71|CG0158476|-24|-69
349|5|4|100|1|CG0196544|-24|-45
349|5|5|1500|22|CG0158005|-13|-73|CG0158005|-13|-73|CG0158006|-39|-74|CG0158006|-39|-74|CG0158007|-21|-73|CG0158007|-21|-73|CG0158007|-21|-73|CG0158008|-24|-72|CG0158008|-24|-72|CG0158008|-24|-72|CG0158009|-13|-71|CG0158009|-13|-71|CG0158009|-13|-71|CG0158009|-13|-71|CG0158009|-13|-71|CG0158010|-16|-71|CG0158010|-16|-71|CG0158010|-16|-71|CG0158011|-22|-72|CG0158011|-22|-72|CG0158012|-26|-73|CG0158012|-26|-73
349|5|6|1500|8|CG0158026|-16|-73|CG0158027|-16|-73|CG0158027|-16|-73|CG0158028|-16|-71|CG0158029|-16|-68|CG0158029|-16|-68|CG0158029|-16|-68|CG0158029|-16|-68
349|5|7|1000|13|CG0158512|-23|-73|CG0158512|-23|-73|CG0158513|-22|-75|CG0158513|-22|-75|CG0158514|-19|-75|CG0158514|-19|-75|CG0158514|-19|-75|CG0158515|-18|-71|CG0158516|-16|-68|CG0158517|-16|-66|CG0158517|-16|-66|CG0158517|-16|-66|CG0158518|-16|-70
349|5|8|1000|2|CG0158021|-16|-64|CG0158022|-18|-73
349|5|9|1000|1|CG0158023|-17|-64
349|5|10|1500|12|CG0158015|-16|-73|CG0158015|-16|-73|CG0158016|-16|-59|CG0158016|-16|-59|CG0158017|-16|-43|CG0158017|-16|-43|CG0158017|-16|-43|CG0158018|-17|-40|CG0158018|-17|-40|CG0158019|-25|-15|CG0158020|-17|-10|CG0158020|-17|-10
349|6|0|1200|4|CG0158074|-13|-74|CG0158075|-13|-74|CG0158076|-13|-74|CG0158075|-13|-74
349|6|1|1000|6|CG0158079|-13|-74|CG0158080|-13|-75|CG0158081|-13|-73|CG0158082|-13|-74|CG0158083|-13|-75|CG0158084|-20|-73
349|6|2|400|1|CG0188642|-38|-63
349|6|3|700|6|CG0158538|-21|-69|CG0158539|-22|-73|CG0158540|-23|-70|CG0158541|-23|-70|CG0158542|-23|-72|CG0158543|-21|-70
349|6|4|100|1|CG0196584|-20|-48
349|6|5|1500|22|CG0158046|-19|-73|CG0158046|-19|-73|CG0158047|-23|-86|CG0158047|-23|-86|CG0158048|-33|-73|CG0158048|-33|-73|CG0158048|-33|-73|CG0158049|-31|-72|CG0158049|-31|-72|CG0158049|-31|-72|CG0158050|-30|-72|CG0158050|-30|-72|CG0158050|-30|-72|CG0158050|-30|-72|CG0158050|-30|-72|CG0158051|-28|-72|CG0158051|-28|-72|CG0158051|-28|-72|CG0158052|-26|-72|CG0158052|-26|-72|CG0158053|-20|-73|CG0158053|-20|-73
349|6|6|1500|8|CG0158067|-19|-74|CG0158068|-17|-74|CG0158068|-17|-74|CG0158069|-19|-71|CG0158070|-20|-68|CG0158070|-20|-68|CG0158070|-20|-68|CG0158070|-20|-68
349|6|7|1000|13|CG0158579|-15|-73|CG0158579|-15|-73|CG0158580|-17|-74|CG0158580|-17|-74|CG0158581|-20|-74|CG0158581|-20|-74|CG0158581|-20|-74|CG0158582|-19|-71|CG0158583|-30|-69|CG0158584|-25|-68|CG0158584|-25|-68|CG0158584|-25|-68|CG0158585|-21|-71
349|6|8|1000|2|CG0158062|-21|-65|CG0158063|-22|-69
349|6|9|1000|1|CG0158064|-19|-65
349|6|10|1500|12|CG0158056|-15|-73|CG0158056|-15|-73|CG0158057|-22|-61|CG0158057|-22|-61|CG0158058|-25|-45|CG0158058|-25|-45|CG0158058|-25|-45|CG0158059|-26|-44|CG0158059|-26|-44|CG0158060|-52|-25|CG0158061|-58|-13|CG0158061|-58|-13
349|7|0|1200|4|CG0158115|-12|-72|CG0158116|-12|-72|CG0158117|-13|-72|CG0158116|-12|-72
349|7|1|1000|6|CG0158120|-13|-72|CG0158121|-13|-73|CG0158122|-19|-71|CG0158123|-13|-72|CG0158124|-13|-73|CG0158125|-21|-71
349|7|2|400|1|CG0188687|-44|-60
349|7|3|700|6|CG0158605|-20|-71|CG0158606|-20|-75|CG0158607|-25|-72|CG0158608|-20|-72|CG0158609|-22|-74|CG0158610|-25|-72
349|7|4|100|1|CG0196624|-25|-51
349|7|5|1500|22|CG0158087|-21|-70|CG0158087|-21|-70|CG0158088|-18|-89|CG0158088|-18|-89|CG0158089|-28|-70|CG0158089|-28|-70|CG0158089|-28|-70|CG0158090|-33|-70|CG0158090|-33|-70|CG0158090|-33|-70|CG0158091|-33|-70|CG0158091|-33|-70|CG0158091|-33|-70|CG0158091|-33|-70|CG0158091|-33|-70|CG0158092|-34|-70|CG0158092|-34|-70|CG0158092|-34|-70|CG0158093|-29|-70|CG0158093|-29|-70|CG0158094|-24|-70|CG0158094|-24|-70
349|7|6|1500|8|CG0158108|-17|-72|CG0158109|-22|-72|CG0158109|-22|-72|CG0158110|-22|-73|CG0158111|-23|-73|CG0158111|-23|-73|CG0158111|-23|-73|CG0158111|-23|-73
349|7|7|1000|13|CG0158646|-20|-70|CG0158646|-20|-70|CG0158647|-21|-69|CG0158647|-21|-69|CG0158648|-21|-69|CG0158648|-21|-69|CG0158648|-21|-69|CG0158649|-31|-69|CG0158650|-28|-70|CG0158651|-35|-72|CG0158651|-35|-72|CG0158651|-35|-72|CG0158652|-23|-72
349|7|8|1000|2|CG0158103|-22|-69|CG0158104|-19|-59
349|7|9|1000|1|CG0158105|-20|-67
349|7|10|1500|12|CG0158097|-24|-68|CG0158097|-24|-68|CG0158098|-33|-58|CG0158098|-33|-58|CG0158099|-36|-44|CG0158099|-36|-44|CG0158099|-36|-44|CG0158100|-42|-46|CG0158100|-42|-46|CG0158101|-59|-42|CG0158102|-73|-21|CG0158102|-73|-21
