322|0|0|1500|4|CG0147427|-17|-77|CG0147428|-18|-77|CG0147429|-22|-77|CG0147428|-18|-77
322|0|1|1000|6|CG0147432|-18|-78|CG0147433|-17|-80|CG0147434|-22|-77|CG0147435|-16|-78|CG0147436|-20|-81|CG0147437|-23|-77
322|0|2|400|1|CG0188372|-32|-70
322|0|3|500|6|CG0147402|-23|-81|CG0147403|-23|-83|CG0147404|-24|-79|CG0147405|-26|-80|CG0147406|-23|-84|CG0147407|-25|-80
322|0|4|100|1|CG0196344|-27|-55
322|0|5|1500|40|CG0147392|-16|-76|CG0147392|-16|-76|CG0147392|-16|-76|CG0147392|-16|-76|CG0147394|-17|-76|CG0147394|-17|-76|CG0147394|-17|-76|CG0147394|-17|-76|CG0147395|-18|-79|CG0147395|-18|-79|CG0147395|-18|-79|CG0147395|-18|-79|CG0147395|-18|-79|CG0147395|-18|-79|CG0147396|-25|-83|CG0147396|-25|-83|CG0147396|-25|-83|CG0147396|-25|-83|CG0147397|-42|-81|CG0147397|-42|-81|CG0147398|-54|-82|CG0147398|-54|-82|CG0147398|-54|-82|CG0147398|-54|-82|CG0147398|-54|-82|CG0147398|-54|-82|CG0147399|-31|-77|CG0147399|-31|-77|CG0147399|-31|-77|CG0147399|-31|-77|CG0147400|-59|-77|CG0147400|-59|-77|CG0147401|-37|-78|CG0147401|-37|-78|CG0147401|-37|-78|CG0147401|-37|-78|CG0147393|-24|-78|CG0147393|-24|-78|CG0147393|-24|-78|CG0147393|-24|-78
322|0|6|1000|7|CG0147421|-18|-84|CG0147421|-18|-84|CG0147421|-18|-84|CG0147422|-20|-82|CG0147423|-40|-79|CG0147423|-40|-79|CG0147423|-40|-79
322|0|7|1200|28|CG0146559|-21|-78|CG0146559|-21|-78|CG0146559|-21|-78|CG0146559|-21|-78|CG0146560|-15|-73|CG0146560|-15|-73|CG0146560|-15|-73|CG0146560|-15|-73|CG0146561|-8|-70|CG0146561|-8|-70|CG0146561|-8|-70|CG0146561|-8|-70|CG0146561|-8|-70|CG0146561|-8|-70|CG0146561|-8|-70|CG0146561|-8|-70|CG0146562|-24|-74|CG0146562|-24|-74|CG0146562|-24|-74|CG0146562|-24|-74|CG0146563|-33|-83|CG0146563|-33|-83|CG0146564|-46|-83|CG0146564|-46|-83|CG0146564|-46|-83|CG0146564|-46|-83|CG0146564|-46|-83|CG0146564|-46|-83
322|0|8|1000|2|CG0147416|-22|-84|CG0147417|-22|-65
322|0|9|1000|1|CG0147418|-37|-81
322|0|10|1500|14|CG0147410|-15|-77|CG0147410|-15|-77|CG0147411|-14|-63|CG0147411|-14|-63|CG0147412|-14|-59|CG0147412|-14|-59|CG0147412|-14|-59|CG0147413|-15|-57|CG0147413|-15|-57|CG0147414|-44|-64|CG0147414|-44|-64|CG0147415|-55|-48|CG0147415|-55|-48|CG0147415|-55|-48
322|1|0|1500|4|CG0147475|-19|-78|CG0147476|-20|-78|CG0147477|-20|-78|CG0147476|-20|-78
322|1|1|1000|6|CG0147480|-18|-79|CG0147481|-18|-81|CG0147482|-18|-78|CG0147483|-18|-79|CG0147484|-18|-81|CG0147485|-18|-78
322|1|2|400|1|CG0188417|-17|-71
322|1|3|500|6|CG0147450|-18|-81|CG0147451|-18|-83|CG0147452|-17|-79|CG0147453|-17|-81|CG0147454|-18|-84|CG0147455|-18|-81
322|1|4|100|1|CG0196384|-26|-58
322|1|5|1500|40|CG0147440|-18|-75|CG0147440|-18|-75|CG0147440|-18|-75|CG0147440|-18|-75|CG0147442|-18|-75|CG0147442|-18|-75|CG0147442|-18|-75|CG0147442|-18|-75|CG0147443|-17|-76|CG0147443|-17|-76|CG0147443|-17|-76|CG0147443|-17|-76|CG0147443|-17|-76|CG0147443|-17|-76|CG0147444|-16|-83|CG0147444|-16|-83|CG0147444|-16|-83|CG0147444|-16|-83|CG0147445|-22|-81|CG0147445|-22|-81|CG0147446|-48|-84|CG0147446|-48|-84|CG0147446|-48|-84|CG0147446|-48|-84|CG0147446|-48|-84|CG0147446|-48|-84|CG0147447|-43|-79|CG0147447|-43|-79|CG0147447|-43|-79|CG0147447|-43|-79|CG0147448|-31|-80|CG0147448|-31|-80|CG0147449|-25|-82|CG0147449|-25|-82|CG0147449|-25|-82|CG0147449|-25|-82|CG0147441|-16|-79|CG0147441|-16|-79|CG0147441|-16|-79|CG0147441|-16|-79
322|1|6|1000|7|CG0147469|-18|-83|CG0147469|-18|-83|CG0147469|-18|-83|CG0147470|-18|-80|CG0147471|-25|-80|CG0147471|-25|-80|CG0147471|-25|-80
322|1|7|1200|28|CG0146623|-17|-79|CG0146623|-17|-79|CG0146623|-17|-79|CG0146623|-17|-79|CG0146624|-20|-72|CG0146624|-20|-72|CG0146624|-20|-72|CG0146624|-20|-72|CG0146625|-16|-63|CG0146625|-16|-63|CG0146625|-16|-63|CG0146625|-16|-63|CG0146625|-16|-63|CG0146625|-16|-63|CG0146625|-16|-63|CG0146625|-16|-63|CG0146626|-19|-71|CG0146626|-19|-71|CG0146626|-19|-71|CG0146626|-19|-71|CG0146627|-27|-85|CG0146627|-27|-85|CG0146628|-24|-90|CG0146628|-24|-90|CG0146628|-24|-90|CG0146628|-24|-90|CG0146628|-24|-90|CG0146628|-24|-90
322|1|8|1000|2|CG0147464|-18|-85|CG0147465|-16|-54
322|1|9|1000|1|CG0147466|-22|-83
322|1|10|1500|14|CG0147458|-18|-77|CG0147458|-18|-77|CG0147459|-18|-61|CG0147459|-18|-61|CG0147460|-12|-54|CG0147460|-12|-54|CG0147460|-12|-54|CG0147461|-16|-54|CG0147461|-16|-54|CG0147462|-23|-67|CG0147462|-23|-67|CG0147463|-32|-54|CG0147463|-32|-54|CG0147463|-32|-54
322|2|0|1500|4|CG0147523|-26|-78|CG0147524|-26|-78|CG0147525|-27|-77|CG0147524|-26|-78
322|2|1|1000|6|CG0147528|-25|-78|CG0147529|-25|-80|CG0147530|-24|-76|CG0147531|-25|-78|CG0147532|-26|-80|CG0147533|-24|-76
322|2|2|400|1|CG0188462|-33|-62
322|2|3|500|6|CG0147498|-20|-81|CG0147499|-26|-83|CG0147500|-34|-79|CG0147501|-26|-81|CG0147502|-19|-84|CG0147503|-27|-80
322|2|4|100|1|CG0196424|-14|-57
322|2|5|1500|40|CG0147488|-29|-76|CG0147488|-29|-76|CG0147488|-29|-76|CG0147488|-29|-76|CG0147490|-29|-75|CG0147490|-29|-75|CG0147490|-29|-75|CG0147490|-29|-75|CG0147491|-26|-75|CG0147491|-26|-75|CG0147491|-26|-75|CG0147491|-26|-75|CG0147491|-26|-75|CG0147491|-26|-75|CG0147492|-28|-83|CG0147492|-28|-83|CG0147492|-28|-83|CG0147492|-28|-83|CG0147493|-20|-80|CG0147493|-20|-80|CG0147494|-17|-82|CG0147494|-17|-82|CG0147494|-17|-82|CG0147494|-17|-82|CG0147494|-17|-82|CG0147494|-17|-82|CG0147495|-37|-79|CG0147495|-37|-79|CG0147495|-37|-79|CG0147495|-37|-79|CG0147496|-14|-79|CG0147496|-14|-79|CG0147497|-18|-80|CG0147497|-18|-80|CG0147497|-18|-80|CG0147497|-18|-80|CG0147489|-24|-78|CG0147489|-24|-78|CG0147489|-24|-78|CG0147489|-24|-78
322|2|6|1000|7|CG0147517|-18|-84|CG0147517|-18|-84|CG0147517|-18|-84|CG0147518|-23|-82|CG0147519|-31|-78|CG0147519|-31|-78|CG0147519|-31|-78
322|2|7|1200|28|CG0146687|-27|-78|CG0146687|-27|-78|CG0146687|-27|-78|CG0146687|-27|-78|CG0146688|-34|-73|CG0146688|-34|-73|CG0146688|-34|-73|CG0146688|-34|-73|CG0146689|-39|-64|CG0146689|-39|-64|CG0146689|-39|-64|CG0146689|-39|-64|CG0146689|-39|-64|CG0146689|-39|-64|CG0146689|-39|-64|CG0146689|-39|-64|CG0146690|-33|-70|CG0146690|-33|-70|CG0146690|-33|-70|CG0146690|-33|-70|CG0146691|-25|-85|CG0146691|-25|-85|CG0146692|-11|-91|CG0146692|-11|-91|CG0146692|-11|-91|CG0146692|-11|-91|CG0146692|-11|-91|CG0146692|-11|-91
322|2|8|1000|2|CG0147512|-18|-83|CG0147513|-40|-58
322|2|9|1000|1|CG0147514|-25|-81
322|2|10|1500|14|CG0147506|-25|-76|CG0147506|-25|-76|CG0147507|-40|-62|CG0147507|-40|-62|CG0147508|-30|-52|CG0147508|-30|-52|CG0147508|-30|-52|CG0147509|-34|-54|CG0147509|-34|-54|CG0147510|-25|-61|CG0147510|-25|-61|CG0147511|-17|-42|CG0147511|-17|-42|CG0147511|-17|-42
322|3|0|1500|4|CG0147571|-28|-84|CG0147572|-29|-84|CG0147573|-29|-83|CG0147572|-29|-84
322|3|1|1000|6|CG0147576|-29|-83|CG0147577|-29|-85|CG0147578|-28|-82|CG0147579|-28|-83|CG0147580|-29|-86|CG0147581|-28|-82
322|3|2|400|1|CG0188507|-36|-53
322|3|3|500|6|CG0147546|-31|-80|CG0147547|-29|-83|CG0147548|-40|-79|CG0147549|-27|-80|CG0147550|-29|-84|CG0147551|-41|-80
322|3|4|100|1|CG0196464|-10|-51
322|3|5|1500|40|CG0147536|-31|-82|CG0147536|-31|-82|CG0147536|-31|-82|CG0147536|-31|-82|CG0147538|-30|-81|CG0147538|-30|-81|CG0147538|-30|-81|CG0147538|-30|-81|CG0147539|-29|-80|CG0147539|-29|-80|CG0147539|-29|-80|CG0147539|-29|-80|CG0147539|-29|-80|CG0147539|-29|-80|CG0147540|-31|-85|CG0147540|-31|-85|CG0147540|-31|-85|CG0147540|-31|-85|CG0147541|-24|-78|CG0147541|-24|-78|CG0147542|-18|-76|CG0147542|-18|-76|CG0147542|-18|-76|CG0147542|-18|-76|CG0147542|-18|-76|CG0147542|-18|-76|CG0147543|-17|-77|CG0147543|-17|-77|CG0147543|-17|-77|CG0147543|-17|-77|CG0147544|-17|-78|CG0147544|-17|-78|CG0147545|-22|-80|CG0147545|-22|-80|CG0147545|-22|-80|CG0147545|-22|-80|CG0147537|-26|-82|CG0147537|-26|-82|CG0147537|-26|-82|CG0147537|-26|-82
322|3|6|1000|7|CG0147565|-22|-85|CG0147565|-22|-85|CG0147565|-22|-85|CG0147566|-27|-86|CG0147567|-40|-83|CG0147567|-40|-83|CG0147567|-40|-83
322|3|7|1200|28|CG0146751|-29|-84|CG0146751|-29|-84|CG0146751|-29|-84|CG0146751|-29|-84|CG0146752|-37|-82|CG0146752|-37|-82|CG0146752|-37|-82|CG0146752|-37|-82|CG0146753|-49|-76|CG0146753|-49|-76|CG0146753|-49|-76|CG0146753|-49|-76|CG0146753|-49|-76|CG0146753|-49|-76|CG0146753|-49|-76|CG0146753|-49|-76|CG0146754|-37|-78|CG0146754|-37|-78|CG0146754|-37|-78|CG0146754|-37|-78|CG0146755|-21|-86|CG0146755|-21|-86|CG0146756|-18|-83|CG0146756|-18|-83|CG0146756|-18|-83|CG0146756|-18|-83|CG0146756|-18|-83|CG0146756|-18|-83
322|3|8|1000|2|CG0147560|-21|-80|CG0147561|-61|-62
322|3|9|1000|1|CG0147562|-18|-76
322|3|10|1500|14|CG0147554|-29|-81|CG0147554|-29|-81|CG0147555|-48|-67|CG0147555|-48|-67|CG0147556|-45|-55|CG0147556|-45|-55|CG0147556|-45|-55|CG0147557|-50|-58|CG0147557|-50|-58|CG0147558|-31|-53|CG0147558|-31|-53|CG0147559|-29|-21|CG0147559|-29|-21|CG0147559|-29|-21
322|4|0|1500|4|CG0147619|-22|-88|CG0147620|-22|-88|CG0147621|-22|-87|CG0147620|-22|-88
322|4|1|1000|6|CG0147624|-23|-87|CG0147625|-24|-89|CG0147626|-23|-86|CG0147627|-23|-88|CG0147628|-23|-90|CG0147629|-23|-87
322|4|2|400|1|CG0188552|-25|-51
322|4|3|500|6|CG0147594|-27|-79|CG0147595|-24|-82|CG0147596|-25|-77|CG0147597|-24|-79|CG0147598|-25|-83|CG0147599|-34|-79
322|4|4|100|1|CG0196504|-21|-46
322|4|5|1500|40|CG0147584|-23|-87|CG0147584|-23|-87|CG0147584|-23|-87|CG0147584|-23|-87|CG0147586|-29|-86|CG0147586|-29|-86|CG0147586|-29|-86|CG0147586|-29|-86|CG0147587|-34|-85|CG0147587|-34|-85|CG0147587|-34|-85|CG0147587|-34|-85|CG0147587|-34|-85|CG0147587|-34|-85|CG0147588|-35|-86|CG0147588|-35|-86|CG0147588|-35|-86|CG0147588|-35|-86|CG0147589|-22|-77|CG0147589|-22|-77|CG0147590|-17|-69|CG0147590|-17|-69|CG0147590|-17|-69|CG0147590|-17|-69|CG0147590|-17|-69|CG0147590|-17|-69|CG0147591|-17|-73|CG0147591|-17|-73|CG0147591|-17|-73|CG0147591|-17|-73|CG0147592|-17|-74|CG0147592|-17|-74|CG0147593|-25|-78|CG0147593|-25|-78|CG0147593|-25|-78|CG0147593|-25|-78|CG0147585|-25|-84|CG0147585|-25|-84|CG0147585|-25|-84|CG0147585|-25|-84
322|4|6|1000|7|CG0147613|-28|-85|CG0147613|-28|-85|CG0147613|-28|-85|CG0147614|-23|-88|CG0147615|-29|-87|CG0147615|-29|-87|CG0147615|-29|-87
322|4|7|1200|28|CG0146815|-21|-88|CG0146815|-21|-88|CG0146815|-21|-88|CG0146815|-21|-88|CG0146816|-28|-89|CG0146816|-28|-89|CG0146816|-28|-89|CG0146816|-28|-89|CG0146817|-42|-88|CG0146817|-42|-88|CG0146817|-42|-88|CG0146817|-42|-88|CG0146817|-42|-88|CG0146817|-42|-88|CG0146817|-42|-88|CG0146817|-42|-88|CG0146818|-35|-84|CG0146818|-35|-84|CG0146818|-35|-84|CG0146818|-35|-84|CG0146819|-19|-83|CG0146819|-19|-83|CG0146820|-32|-73|CG0146820|-32|-73|CG0146820|-32|-73|CG0146820|-32|-73|CG0146820|-32|-73|CG0146820|-32|-73
322|4|8|1000|2|CG0147608|-22|-78|CG0147609|-52|-79
322|4|9|1000|1|CG0147610|-11|-70
322|4|10|1500|14|CG0147602|-27|-86|CG0147602|-27|-86|CG0147603|-37|-78|CG0147603|-37|-78|CG0147604|-42|-68|CG0147604|-42|-68|CG0147604|-42|-68|CG0147605|-45|-63|CG0147605|-45|-63|CG0147606|-28|-50|CG0147606|-28|-50|CG0147607|-25|-14|CG0147607|-25|-14|CG0147607|-25|-14
322|5|0|1500|4|CG0147667|-17|-89|CG0147668|-16|-89|CG0147669|-17|-89|CG0147668|-16|-89
322|5|1|1000|6|CG0147672|-18|-90|CG0147673|-18|-92|CG0147674|-18|-89|CG0147675|-18|-90|CG0147676|-18|-92|CG0147677|-18|-89
322|5|2|400|1|CG0188597|-19|-60
322|5|3|500|6|CG0147642|-24|-79|CG0147643|-24|-83|CG0147644|-24|-77|CG0147645|-24|-79|CG0147646|-24|-83|CG0147647|-24|-80
322|5|4|100|1|CG0196544|-24|-45
322|5|5|1500|40|CG0147632|-32|-89|CG0147632|-32|-89|CG0147632|-32|-89|CG0147632|-32|-89|CG0147634|-37|-88|CG0147634|-37|-88|CG0147634|-37|-88|CG0147634|-37|-88|CG0147635|-27|-89|CG0147635|-27|-89|CG0147635|-27|-89|CG0147635|-27|-89|CG0147635|-27|-89|CG0147635|-27|-89|CG0147636|-34|-87|CG0147636|-34|-87|CG0147636|-34|-87|CG0147636|-34|-87|CG0147637|-19|-78|CG0147637|-19|-78|CG0147638|-15|-68|CG0147638|-15|-68|CG0147638|-15|-68|CG0147638|-15|-68|CG0147638|-15|-68|CG0147638|-15|-68|CG0147639|-14|-71|CG0147639|-14|-71|CG0147639|-14|-71|CG0147639|-14|-71|CG0147640|-20|-73|CG0147640|-20|-73|CG0147641|-61|-77|CG0147641|-61|-77|CG0147641|-61|-77|CG0147641|-61|-77|CG0147633|-41|-85|CG0147633|-41|-85|CG0147633|-41|-85|CG0147633|-41|-85
322|5|6|1000|7|CG0147661|-20|-87|CG0147661|-20|-87|CG0147661|-20|-87|CG0147662|-18|-91|CG0147663|-29|-89|CG0147663|-29|-89|CG0147663|-29|-89
322|5|7|1200|28|CG0146879|-15|-90|CG0146879|-15|-90|CG0146879|-15|-90|CG0146879|-15|-90|CG0146880|-13|-91|CG0146880|-13|-91|CG0146880|-13|-91|CG0146880|-13|-91|CG0146881|-19|-94|CG0146881|-19|-94|CG0146881|-19|-94|CG0146881|-19|-94|CG0146881|-19|-94|CG0146881|-19|-94|CG0146881|-19|-94|CG0146881|-19|-94|CG0146882|-15|-87|CG0146882|-15|-87|CG0146882|-15|-87|CG0146882|-15|-87|CG0146883|-21|-79|CG0146883|-21|-79|CG0146884|-30|-71|CG0146884|-30|-71|CG0146884|-30|-71|CG0146884|-30|-71|CG0146884|-30|-71|CG0146884|-30|-71
322|5|8|1000|2|CG0147656|-20|-78|CG0147657|-54|-88
322|5|9|1000|1|CG0147658|-32|-70
322|5|10|1500|14|CG0147650|-19|-88|CG0147650|-19|-88|CG0147651|-22|-83|CG0147651|-22|-83|CG0147652|-23|-75|CG0147652|-23|-75|CG0147652|-23|-75|CG0147653|-22|-70|CG0147653|-22|-70|CG0147654|-21|-50|CG0147654|-21|-50|CG0147655|-28|-20|CG0147655|-28|-20|CG0147655|-28|-20
322|6|0|1500|4|CG0147715|-30|-87|CG0147716|-29|-87|CG0147717|-26|-86|CG0147716|-29|-87
322|6|1|1000|6|CG0147720|-28|-88|CG0147721|-28|-90|CG0147722|-28|-87|CG0147723|-28|-88|CG0147724|-27|-90|CG0147725|-26|-87
322|6|2|400|1|CG0188642|-38|-63
322|6|3|500|6|CG0147690|-40|-80|CG0147691|-40|-83|CG0147692|-40|-78|CG0147693|-40|-80|CG0147694|-40|-84|CG0147695|-40|-80
322|6|4|100|1|CG0196584|-20|-48
322|6|5|1500|40|CG0147680|-30|-86|CG0147680|-30|-86|CG0147680|-30|-86|CG0147680|-30|-86|CG0147682|-25|-85|CG0147682|-25|-85|CG0147682|-25|-85|CG0147682|-25|-85|CG0147683|-23|-91|CG0147683|-23|-91|CG0147683|-23|-91|CG0147683|-23|-91|CG0147683|-23|-91|CG0147683|-23|-91|CG0147684|-22|-86|CG0147684|-22|-86|CG0147684|-22|-86|CG0147684|-22|-86|CG0147685|-58|-79|CG0147685|-58|-79|CG0147686|-32|-71|CG0147686|-32|-71|CG0147686|-32|-71|CG0147686|-32|-71|CG0147686|-32|-71|CG0147686|-32|-71|CG0147687|-24|-72|CG0147687|-24|-72|CG0147687|-24|-72|CG0147687|-24|-72|CG0147688|-40|-73|CG0147688|-40|-73|CG0147689|-63|-76|CG0147689|-63|-76|CG0147689|-63|-76|CG0147689|-63|-76|CG0147681|-39|-84|CG0147681|-39|-84|CG0147681|-39|-84|CG0147681|-39|-84
322|6|6|1000|7|CG0147709|-31|-86|CG0147709|-31|-86|CG0147709|-31|-86|CG0147710|-27|-89|CG0147711|-37|-87|CG0147711|-37|-87|CG0147711|-37|-87
322|6|7|1200|28|CG0146943|-13|-87|CG0146943|-13|-87|CG0146943|-13|-87|CG0146943|-13|-87|CG0146944|-18|-87|CG0146944|-18|-87|CG0146944|-18|-87|CG0146944|-18|-87|CG0146945|-18|-90|CG0146945|-18|-90|CG0146945|-18|-90|CG0146945|-18|-90|CG0146945|-18|-90|CG0146945|-18|-90|CG0146945|-18|-90|CG0146945|-18|-90|CG0146946|-21|-83|CG0146946|-21|-83|CG0146946|-21|-83|CG0146946|-21|-83|CG0146947|-33|-74|CG0146947|-33|-74|CG0146948|-31|-68|CG0146948|-31|-68|CG0146948|-31|-68|CG0146948|-31|-68|CG0146948|-31|-68|CG0146948|-31|-68
322|6|8|1000|2|CG0147704|-34|-79|CG0147705|-36|-86
322|6|9|1000|1|CG0147706|-43|-72
322|6|10|1500|14|CG0147698|-30|-86|CG0147698|-30|-86|CG0147699|-25|-79|CG0147699|-25|-79|CG0147700|-23|-75|CG0147700|-23|-75|CG0147700|-23|-75|CG0147701|-24|-68|CG0147701|-24|-68|CG0147702|-33|-56|CG0147702|-33|-56|CG0147703|-66|-19|CG0147703|-66|-19|CG0147703|-66|-19
322|7|0|1500|4|CG0147763|-29|-81|CG0147764|-31|-81|CG0147765|-32|-80|CG0147764|-31|-81
322|7|1|1000|6|CG0147768|-29|-82|CG0147769|-30|-84|CG0147770|-31|-81|CG0147771|-29|-82|CG0147772|-29|-85|CG0147773|-28|-81
322|7|2|400|1|CG0188687|-44|-60
322|7|3|500|6|CG0147738|-35|-80|CG0147739|-35|-83|CG0147740|-35|-78|CG0147741|-35|-80|CG0147742|-35|-84|CG0147743|-35|-80
322|7|4|100|1|CG0196624|-25|-51
322|7|5|1500|40|CG0147728|-15|-79|CG0147728|-15|-79|CG0147728|-15|-79|CG0147728|-15|-79|CG0147730|-20|-78|CG0147730|-20|-78|CG0147730|-20|-78|CG0147730|-20|-78|CG0147731|-26|-87|CG0147731|-26|-87|CG0147731|-26|-87|CG0147731|-26|-87|CG0147731|-26|-87|CG0147731|-26|-87|CG0147732|-31|-84|CG0147732|-31|-84|CG0147732|-31|-84|CG0147732|-31|-84|CG0147733|-68|-81|CG0147733|-68|-81|CG0147734|-40|-77|CG0147734|-40|-77|CG0147734|-40|-77|CG0147734|-40|-77|CG0147734|-40|-77|CG0147734|-40|-77|CG0147735|-35|-74|CG0147735|-35|-74|CG0147735|-35|-74|CG0147735|-35|-74|CG0147736|-66|-74|CG0147736|-66|-74|CG0147737|-37|-76|CG0147737|-37|-76|CG0147737|-37|-76|CG0147737|-37|-76|CG0147729|-23|-80|CG0147729|-23|-80|CG0147729|-23|-80|CG0147729|-23|-80
322|7|6|1000|7|CG0147757|-30|-85|CG0147757|-30|-85|CG0147757|-30|-85|CG0147758|-31|-85|CG0147759|-34|-82|CG0147759|-34|-82|CG0147759|-34|-82
322|7|7|1200|28|CG0147007|-21|-81|CG0147007|-21|-81|CG0147007|-21|-81|CG0147007|-21|-81|CG0147008|-20|-78|CG0147008|-20|-78|CG0147008|-20|-78|CG0147008|-20|-78|CG0147009|-15|-78|CG0147009|-15|-78|CG0147009|-15|-78|CG0147009|-15|-78|CG0147009|-15|-78|CG0147009|-15|-78|CG0147009|-15|-78|CG0147009|-15|-78|CG0147010|-27|-76|CG0147010|-27|-76|CG0147010|-27|-76|CG0147010|-27|-76|CG0147011|-33|-76|CG0147011|-33|-76|CG0147012|-52|-73|CG0147012|-52|-73|CG0147012|-52|-73|CG0147012|-52|-73|CG0147012|-52|-73|CG0147012|-52|-73
322|7|8|1000|2|CG0147752|-33|-81|CG0147753|-28|-78
322|7|9|1000|1|CG0147754|-33|-76
322|7|10|1500|14|CG0147746|-28|-80|CG0147746|-28|-80|CG0147747|-18|-67|CG0147747|-18|-67|CG0147748|-16|-65|CG0147748|-16|-65|CG0147748|-16|-65|CG0147749|-20|-61|CG0147749|-20|-61|CG0147750|-47|-62|CG0147750|-47|-62|CG0147751|-74|-28|CG0147751|-74|-28|CG0147751|-74|-28
