337|0|0|1000|4|CG0153219|-18|-70|CG0153220|-18|-69|CG0153221|-18|-69|CG0153220|-18|-69
337|0|1|1000|6|CG0153224|-18|-70|CG0153225|-19|-71|CG0153226|-18|-70|CG0153227|-16|-71|CG0153228|-15|-73|CG0153229|-22|-70
337|0|2|400|1|CG0188372|-32|-70
337|0|3|400|6|CG0153518|-29|-66|CG0153519|-29|-68|CG0153520|-29|-68|CG0153521|-29|-66|CG0153522|-29|-68|CG0153523|-29|-67
337|0|4|100|1|CG0196344|-27|-55
337|0|5|1200|32|CG0153192|-16|-72|CG0153192|-16|-72|CG0153192|-16|-72|CG0153192|-16|-72|CG0153192|-16|-72|CG0153192|-16|-72|CG0153193|-20|-77|CG0153193|-20|-77|CG0153193|-20|-77|CG0153193|-20|-77|CG0153194|-24|-73|CG0153194|-24|-73|CG0153194|-24|-73|CG0153194|-24|-73|CG0153195|-24|-74|CG0153195|-24|-74|CG0153196|-20|-73|CG0153196|-20|-73|CG0153196|-20|-73|CG0153196|-20|-73|CG0153196|-20|-73|CG0153196|-20|-73|CG0153197|-29|-73|CG0153197|-29|-73|CG0153197|-29|-73|CG0153197|-29|-73|CG0153198|-27|-72|CG0153198|-27|-72|CG0153198|-27|-72|CG0153198|-27|-72|CG0153199|-21|-72|CG0153199|-21|-72
337|0|6|1000|5|CG0153213|-22|-69|CG0153214|-22|-69|CG0153215|-20|-64|CG0153215|-20|-64|CG0153215|-20|-64
337|0|7|800|7|CG0153558|-16|-67|CG0153558|-16|-67|CG0153559|-19|-74|CG0153559|-19|-74|CG0153561|-35|-68|CG0153562|-33|-52|CG0153562|-33|-52
337|0|8|1000|2|CG0153208|-21|-68|CG0153209|-24|-52
337|0|9|1000|1|CG0153210|-31|-47
337|0|10|1000|6|CG0153202|-25|-68|CG0153203|-21|-76|CG0153204|-34|-67|CG0153205|-39|-40|CG0153206|-39|-38|CG0153207|-39|-34
337|1|0|1000|4|CG0153259|-14|-68|CG0153260|-14|-68|CG0153261|-14|-67|CG0153260|-14|-68
337|1|1|1000|6|CG0153264|-16|-69|CG0153265|-17|-71|CG0153266|-16|-68|CG0153267|-15|-69|CG0153268|-15|-71|CG0153269|-16|-68
337|1|2|400|1|CG0188417|-17|-71
337|1|3|400|6|CG0153580|-24|-68|CG0153581|-24|-70|CG0153582|-24|-69|CG0153583|-24|-68|CG0153584|-24|-70|CG0153585|-24|-69
337|1|4|100|1|CG0196384|-26|-58
337|1|5|1200|32|CG0153232|-12|-72|CG0153232|-12|-72|CG0153232|-12|-72|CG0153232|-12|-72|CG0153232|-12|-72|CG0153232|-12|-72|CG0153233|-11|-72|CG0153233|-11|-72|CG0153233|-11|-72|CG0153233|-11|-72|CG0153234|-11|-72|CG0153234|-11|-72|CG0153234|-11|-72|CG0153234|-11|-72|CG0153235|-12|-74|CG0153235|-12|-74|CG0153236|-11|-74|CG0153236|-11|-74|CG0153236|-11|-74|CG0153236|-11|-74|CG0153236|-11|-74|CG0153236|-11|-74|CG0153237|-12|-74|CG0153237|-12|-74|CG0153237|-12|-74|CG0153237|-12|-74|CG0153238|-11|-73|CG0153238|-11|-73|CG0153238|-11|-73|CG0153238|-11|-73|CG0153239|-10|-71|CG0153239|-10|-71
337|1|6|1000|5|CG0153253|-13|-67|CG0153254|-13|-68|CG0153255|-18|-60|CG0153255|-18|-60|CG0153255|-18|-60
337|1|7|800|7|CG0153620|-15|-65|CG0153620|-15|-65|CG0153621|-20|-74|CG0153621|-20|-74|CG0153623|-27|-67|CG0153624|-23|-54|CG0153624|-23|-54
337|1|8|1000|2|CG0153248|-13|-67|CG0153249|-27|-48
337|1|9|1000|1|CG0153250|-19|-47
337|1|10|1000|6|CG0153242|-25|-62|CG0153243|-25|-69|CG0153244|-17|-71|CG0153245|-17|-40|CG0153246|-26|-43|CG0153247|-25|-40
337|2|0|1000|4|CG0153299|-16|-70|CG0153300|-16|-69|CG0153301|-16|-68|CG0153300|-16|-69
337|2|1|1000|6|CG0153304|-20|-71|CG0153305|-22|-73|CG0153306|-22|-70|CG0153307|-19|-70|CG0153308|-20|-71|CG0153309|-21|-70
337|2|2|400|1|CG0188462|-33|-62
337|2|3|400|6|CG0153642|-24|-67|CG0153643|-20|-69|CG0153644|-21|-68|CG0153645|-20|-67|CG0153646|-22|-69|CG0153647|-30|-68
337|2|4|100|1|CG0196424|-14|-57
337|2|5|1200|32|CG0153272|-8|-71|CG0153272|-8|-71|CG0153272|-8|-71|CG0153272|-8|-71|CG0153272|-8|-71|CG0153272|-8|-71|CG0153273|-8|-70|CG0153273|-8|-70|CG0153273|-8|-70|CG0153273|-8|-70|CG0153274|-8|-71|CG0153274|-8|-71|CG0153274|-8|-71|CG0153274|-8|-71|CG0153275|-6|-72|CG0153275|-6|-72|CG0153276|-5|-72|CG0153276|-5|-72|CG0153276|-5|-72|CG0153276|-5|-72|CG0153276|-5|-72|CG0153276|-5|-72|CG0153277|-7|-72|CG0153277|-7|-72|CG0153277|-7|-72|CG0153277|-7|-72|CG0153278|-8|-72|CG0153278|-8|-72|CG0153278|-8|-72|CG0153278|-8|-72|CG0153279|-9|-71|CG0153279|-9|-71
337|2|6|1000|5|CG0153293|-15|-68|CG0153294|-19|-68|CG0153295|-26|-63|CG0153295|-26|-63|CG0153295|-26|-63
337|2|7|800|7|CG0153682|-13|-67|CG0153682|-13|-67|CG0153683|-22|-74|CG0153683|-22|-74|CG0153685|-9|-67|CG0153686|-17|-53|CG0153686|-17|-53
337|2|8|1000|2|CG0153288|-14|-67|CG0153289|-36|-52
337|2|9|1000|1|CG0153290|-11|-47
337|2|10|1000|6|CG0153282|-20|-61|CG0153283|-31|-58|CG0153284|-19|-68|CG0153285|-22|-36|CG0153286|-27|-38|CG0153287|-31|-35
337|3|0|1000|4|CG0153339|-13|-69|CG0153340|-13|-69|CG0153341|-13|-68|CG0153340|-13|-69
337|3|1|1000|6|CG0153344|-18|-72|CG0153345|-17|-74|CG0153346|-23|-71|CG0153347|-17|-70|CG0153348|-18|-72|CG0153349|-23|-71
337|3|2|400|1|CG0188507|-36|-53
337|3|3|400|6|CG0153704|-26|-59|CG0153705|-23|-61|CG0153706|-32|-60|CG0153707|-25|-59|CG0153708|-23|-61|CG0153709|-34|-60
337|3|4|100|1|CG0196464|-10|-51
337|3|5|1200|32|CG0153312|-10|-67|CG0153312|-10|-67|CG0153312|-10|-67|CG0153312|-10|-67|CG0153312|-10|-67|CG0153312|-10|-67|CG0153313|-9|-68|CG0153313|-9|-68|CG0153313|-9|-68|CG0153313|-9|-68|CG0153314|-7|-68|CG0153314|-7|-68|CG0153314|-7|-68|CG0153314|-7|-68|CG0153315|-7|-67|CG0153315|-7|-67|CG0153316|-6|-67|CG0153316|-6|-67|CG0153316|-6|-67|CG0153316|-6|-67|CG0153316|-6|-67|CG0153316|-6|-67|CG0153317|-16|-67|CG0153317|-16|-67|CG0153317|-16|-67|CG0153317|-16|-67|CG0153318|-14|-68|CG0153318|-14|-68|CG0153318|-14|-68|CG0153318|-14|-68|CG0153319|-9|-67|CG0153319|-9|-67
337|3|6|1000|5|CG0153333|-13|-67|CG0153334|-15|-70|CG0153335|-22|-69|CG0153335|-22|-69|CG0153335|-22|-69
337|3|7|800|7|CG0153744|-12|-65|CG0153744|-12|-65|CG0153745|-16|-78|CG0153745|-16|-78|CG0153747|-7|-63|CG0153748|-8|-46|CG0153748|-8|-46
337|3|8|1000|2|CG0153328|-13|-67|CG0153329|-38|-64
337|3|9|1000|1|CG0153330|-9|-40
337|3|10|1000|6|CG0153322|-30|-65|CG0153323|-22|-53|CG0153324|-35|-58|CG0153325|-18|-41|CG0153326|-25|-36|CG0153327|-33|-22
337|4|0|1000|4|CG0153379|-18|-67|CG0153380|-18|-67|CG0153381|-18|-65|CG0153380|-18|-67
337|4|1|1000|6|CG0153384|-19|-71|CG0153385|-18|-73|CG0153386|-23|-70|CG0153387|-20|-70|CG0153388|-21|-71|CG0153389|-22|-70
337|4|2|400|1|CG0188552|-25|-51
337|4|3|400|6|CG0153766|-21|-51|CG0153767|-21|-52|CG0153768|-28|-52|CG0153769|-23|-51|CG0153770|-21|-52|CG0153771|-22|-51
337|4|4|100|1|CG0196504|-21|-46
337|4|5|1200|32|CG0153352|-17|-63|CG0153352|-17|-63|CG0153352|-17|-63|CG0153352|-17|-63|CG0153352|-17|-63|CG0153352|-17|-63|CG0153353|-30|-63|CG0153353|-30|-63|CG0153353|-30|-63|CG0153353|-30|-63|CG0153354|-15|-63|CG0153354|-15|-63|CG0153354|-15|-63|CG0153354|-15|-63|CG0153355|-14|-62|CG0153355|-14|-62|CG0153356|-15|-62|CG0153356|-15|-62|CG0153356|-15|-62|CG0153356|-15|-62|CG0153356|-15|-62|CG0153356|-15|-62|CG0153357|-24|-63|CG0153357|-24|-63|CG0153357|-24|-63|CG0153357|-24|-63|CG0153358|-24|-63|CG0153358|-24|-63|CG0153358|-24|-63|CG0153358|-24|-63|CG0153359|-19|-63|CG0153359|-19|-63
337|4|6|1000|5|CG0153373|-20|-65|CG0153374|-19|-69|CG0153375|-21|-72|CG0153375|-21|-72|CG0153375|-21|-72
337|4|7|800|7|CG0153806|-14|-62|CG0153806|-14|-62|CG0153807|-24|-78|CG0153807|-24|-78|CG0153809|-9|-56|CG0153810|-17|-34|CG0153810|-17|-34
337|4|8|1000|2|CG0153368|-16|-65|CG0153369|-34|-74
337|4|9|1000|1|CG0153370|-11|-31
337|4|10|1000|6|CG0153362|-29|-74|CG0153363|-26|-56|CG0153364|-35|-57|CG0153365|-13|-43|CG0153366|-20|-41|CG0153367|-30|-28
337|5|0|1000|4|CG0153419|-18|-65|CG0153420|-18|-64|CG0153421|-18|-63|CG0153420|-18|-64
337|5|1|1000|6|CG0153424|-13|-68|CG0153425|-14|-69|CG0153426|-16|-67|CG0153427|-17|-68|CG0153428|-16|-69|CG0153429|-14|-67
337|5|2|400|1|CG0188597|-19|-60
337|5|3|400|6|CG0153828|-25|-45|CG0153829|-25|-47|CG0153830|-25|-46|CG0153831|-25|-45|CG0153832|-25|-47|CG0153833|-25|-46
337|5|4|100|1|CG0196544|-24|-45
337|5|5|1200|32|CG0153392|-17|-63|CG0153392|-17|-63|CG0153392|-17|-63|CG0153392|-17|-63|CG0153392|-17|-63|CG0153392|-17|-63|CG0153393|-52|-63|CG0153393|-52|-63|CG0153393|-52|-63|CG0153393|-52|-63|CG0153394|-20|-61|CG0153394|-20|-61|CG0153394|-20|-61|CG0153394|-20|-61|CG0153395|-22|-61|CG0153395|-22|-61|CG0153396|-20|-60|CG0153396|-20|-60|CG0153396|-20|-60|CG0153396|-20|-60|CG0153396|-20|-60|CG0153396|-20|-60|CG0153397|-20|-61|CG0153397|-20|-61|CG0153397|-20|-61|CG0153397|-20|-61|CG0153398|-22|-62|CG0153398|-22|-62|CG0153398|-22|-62|CG0153398|-22|-62|CG0153399|-21|-63|CG0153399|-21|-63
337|5|6|1000|5|CG0153413|-17|-64|CG0153414|-18|-66|CG0153415|-17|-72|CG0153415|-17|-72|CG0153415|-17|-72
337|5|7|800|7|CG0153868|-16|-60|CG0153868|-16|-60|CG0153869|-20|-76|CG0153869|-20|-76|CG0153871|-25|-51|CG0153872|-23|-28|CG0153872|-23|-28
337|5|8|1000|2|CG0153408|-15|-61|CG0153409|-29|-75
337|5|9|1000|1|CG0153410|-19|-29
337|5|10|1000|6|CG0153402|-24|-78|CG0153403|-35|-59|CG0153404|-20|-53|CG0153405|-19|-41|CG0153406|-27|-40|CG0153407|-29|-30
337|6|0|1000|4|CG0153459|-16|-69|CG0153460|-16|-68|CG0153461|-15|-67|CG0153460|-16|-68
337|6|1|1000|6|CG0153464|-17|-70|CG0153465|-11|-71|CG0153466|-23|-69|CG0153467|-15|-71|CG0153468|-21|-73|CG0153469|-17|-70
337|6|2|400|1|CG0188642|-38|-63
337|6|3|400|6|CG0153890|-30|-51|CG0153891|-30|-53|CG0153892|-30|-52|CG0153893|-30|-51|CG0153894|-30|-52|CG0153895|-30|-52
337|6|4|100|1|CG0196584|-20|-48
337|6|5|1200|32|CG0153432|-30|-69|CG0153432|-30|-69|CG0153432|-30|-69|CG0153432|-30|-69|CG0153432|-30|-69|CG0153432|-30|-69|CG0153433|-44|-70|CG0153433|-44|-70|CG0153433|-44|-70|CG0153433|-44|-70|CG0153434|-38|-68|CG0153434|-38|-68|CG0153434|-38|-68|CG0153434|-38|-68|CG0153435|-37|-67|CG0153435|-37|-67|CG0153436|-37|-67|CG0153436|-37|-67|CG0153436|-37|-67|CG0153436|-37|-67|CG0153436|-37|-67|CG0153436|-37|-67|CG0153437|-33|-67|CG0153437|-33|-67|CG0153437|-33|-67|CG0153437|-33|-67|CG0153438|-33|-68|CG0153438|-33|-68|CG0153438|-33|-68|CG0153438|-33|-68|CG0153439|-31|-69|CG0153439|-31|-69
337|6|6|1000|5|CG0153453|-22|-68|CG0153454|-23|-69|CG0153455|-15|-71|CG0153455|-15|-71|CG0153455|-15|-71
337|6|7|800|7|CG0153930|-16|-62|CG0153930|-16|-62|CG0153931|-17|-78|CG0153931|-17|-78|CG0153933|-32|-57|CG0153934|-35|-34|CG0153934|-35|-34
337|6|8|1000|2|CG0153448|-22|-65|CG0153449|-16|-74
337|6|9|1000|1|CG0153450|-32|-33
337|6|10|1000|6|CG0153442|-18|-77|CG0153443|-36|-70|CG0153444|-33|-52|CG0153445|-39|-41|CG0153446|-39|-42|CG0153447|-39|-28
337|7|0|1000|4|CG0153499|-18|-70|CG0153500|-18|-70|CG0153501|-18|-69|CG0153500|-18|-70
337|7|1|1000|6|CG0153504|-13|-72|CG0153505|-14|-72|CG0153506|-23|-71|CG0153507|-13|-72|CG0153508|-18|-75|CG0153509|-23|-71
337|7|2|400|1|CG0188687|-44|-60
337|7|3|400|6|CG0153952|-36|-59|CG0153953|-36|-61|CG0153954|-36|-61|CG0153955|-36|-59|CG0153956|-36|-61|CG0153957|-36|-60
337|7|4|100|1|CG0196624|-25|-51
337|7|5|1200|32|CG0153472|-28|-72|CG0153472|-28|-72|CG0153472|-28|-72|CG0153472|-28|-72|CG0153472|-28|-72|CG0153472|-28|-72|CG0153473|-27|-80|CG0153473|-27|-80|CG0153473|-27|-80|CG0153473|-27|-80|CG0153474|-43|-72|CG0153474|-43|-72|CG0153474|-43|-72|CG0153474|-43|-72|CG0153475|-42|-73|CG0153475|-42|-73|CG0153476|-38|-72|CG0153476|-38|-72|CG0153476|-38|-72|CG0153476|-38|-72|CG0153476|-38|-72|CG0153476|-38|-72|CG0153477|-40|-72|CG0153477|-40|-72|CG0153477|-40|-72|CG0153477|-40|-72|CG0153478|-36|-73|CG0153478|-36|-73|CG0153478|-36|-73|CG0153478|-36|-73|CG0153479|-31|-73|CG0153479|-31|-73
337|7|6|1000|5|CG0153493|-26|-70|CG0153494|-23|-70|CG0153495|-16|-67|CG0153495|-16|-67|CG0153495|-16|-67
337|7|7|800|7|CG0153992|-17|-65|CG0153992|-17|-65|CG0153993|-15|-77|CG0153993|-15|-77|CG0153995|-33|-63|CG0153996|-39|-45|CG0153996|-39|-45
337|7|8|1000|2|CG0153488|-21|-66|CG0153489|-24|-64
337|7|9|1000|1|CG0153490|-35|-39
337|7|10|1000|6|CG0153482|-20|-76|CG0153483|-22|-75|CG0153484|-36|-56|CG0153485|-44|-42|CG0153486|-45|-41|CG0153487|-44|-21
