334|0|0|1500|4|CG0152099|-17|-77|CG0152100|-18|-77|CG0152101|-22|-77|CG0152100|-18|-77
334|0|1|1000|6|CG0152104|-18|-78|CG0152105|-17|-80|CG0152106|-22|-77|CG0152107|-16|-78|CG0152108|-20|-81|CG0152109|-23|-77
334|0|2|400|1|CG0188372|-32|-70
334|0|3|500|6|CG0152074|-23|-81|CG0152075|-23|-83|CG0152076|-24|-79|CG0152077|-26|-80|CG0152078|-23|-84|CG0152079|-25|-80
334|0|4|100|1|CG0196344|-27|-55
334|0|5|1500|40|CG0152064|-16|-76|CG0152064|-16|-76|CG0152064|-16|-76|CG0152064|-16|-76|CG0152066|-17|-76|CG0152066|-17|-76|CG0152066|-17|-76|CG0152066|-17|-76|CG0152067|-18|-79|CG0152067|-18|-79|CG0152067|-18|-79|CG0152067|-18|-79|CG0152067|-18|-79|CG0152067|-18|-79|CG0152068|-25|-83|CG0152068|-25|-83|CG0152068|-25|-83|CG0152068|-25|-83|CG0152069|-42|-81|CG0152069|-42|-81|CG0152070|-54|-82|CG0152070|-54|-82|CG0152070|-54|-82|CG0152070|-54|-82|CG0152070|-54|-82|CG0152070|-54|-82|CG0152071|-31|-77|CG0152071|-31|-77|CG0152071|-31|-77|CG0152071|-31|-77|CG0152072|-59|-77|CG0152072|-59|-77|CG0152073|-37|-78|CG0152073|-37|-78|CG0152073|-37|-78|CG0152073|-37|-78|CG0152065|-24|-78|CG0152065|-24|-78|CG0152065|-24|-78|CG0152065|-24|-78
334|0|6|1000|7|CG0152093|-18|-84|CG0152093|-18|-84|CG0152093|-18|-84|CG0152094|-20|-82|CG0152095|-40|-79|CG0152095|-40|-79|CG0152095|-40|-79
334|0|7|1200|28|CG0151231|-21|-78|CG0151231|-21|-78|CG0151231|-21|-78|CG0151231|-21|-78|CG0151232|-15|-73|CG0151232|-15|-73|CG0151232|-15|-73|CG0151232|-15|-73|CG0151233|-8|-70|CG0151233|-8|-70|CG0151233|-8|-70|CG0151233|-8|-70|CG0151233|-8|-70|CG0151233|-8|-70|CG0151233|-8|-70|CG0151233|-8|-70|CG0151234|-24|-74|CG0151234|-24|-74|CG0151234|-24|-74|CG0151234|-24|-74|CG0151235|-33|-83|CG0151235|-33|-83|CG0151236|-46|-83|CG0151236|-46|-83|CG0151236|-46|-83|CG0151236|-46|-83|CG0151236|-46|-83|CG0151236|-46|-83
334|0|8|1000|2|CG0152088|-22|-84|CG0152089|-22|-65
334|0|9|1000|1|CG0152090|-37|-81
334|0|10|1500|14|CG0152082|-16|-77|CG0152082|-16|-77|CG0152083|-14|-63|CG0152083|-14|-63|CG0152084|-14|-59|CG0152084|-14|-59|CG0152084|-14|-59|CG0152085|-15|-57|CG0152085|-15|-57|CG0152086|-44|-64|CG0152086|-44|-64|CG0152087|-55|-48|CG0152087|-55|-48|CG0152087|-55|-48
334|1|0|1500|4|CG0152147|-19|-78|CG0152148|-20|-78|CG0152149|-20|-78|CG0152148|-20|-78
334|1|1|1000|6|CG0152152|-18|-79|CG0152153|-18|-81|CG0152154|-18|-78|CG0152155|-18|-79|CG0152156|-18|-81|CG0152157|-18|-78
334|1|2|400|1|CG0188417|-17|-71
334|1|3|500|6|CG0152122|-18|-81|CG0152123|-18|-83|CG0152124|-17|-79|CG0152125|-17|-81|CG0152126|-18|-84|CG0152127|-18|-81
334|1|4|100|1|CG0196384|-26|-58
334|1|5|1500|40|CG0152112|-18|-75|CG0152112|-18|-75|CG0152112|-18|-75|CG0152112|-18|-75|CG0152114|-18|-75|CG0152114|-18|-75|CG0152114|-18|-75|CG0152114|-18|-75|CG0152115|-17|-76|CG0152115|-17|-76|CG0152115|-17|-76|CG0152115|-17|-76|CG0152115|-17|-76|CG0152115|-17|-76|CG0152116|-16|-83|CG0152116|-16|-83|CG0152116|-16|-83|CG0152116|-16|-83|CG0152117|-23|-81|CG0152117|-23|-81|CG0152118|-48|-84|CG0152118|-48|-84|CG0152118|-48|-84|CG0152118|-48|-84|CG0152118|-48|-84|CG0152118|-48|-84|CG0152119|-43|-79|CG0152119|-43|-79|CG0152119|-43|-79|CG0152119|-43|-79|CG0152120|-31|-80|CG0152120|-31|-80|CG0152121|-25|-82|CG0152121|-25|-82|CG0152121|-25|-82|CG0152121|-25|-82|CG0152113|-16|-79|CG0152113|-16|-79|CG0152113|-16|-79|CG0152113|-16|-79
334|1|6|1000|7|CG0152141|-18|-83|CG0152141|-18|-83|CG0152141|-18|-83|CG0152142|-18|-80|CG0152143|-25|-80|CG0152143|-25|-80|CG0152143|-25|-80
334|1|7|1200|28|CG0151295|-17|-79|CG0151295|-17|-79|CG0151295|-17|-79|CG0151295|-17|-79|CG0151296|-20|-72|CG0151296|-20|-72|CG0151296|-20|-72|CG0151296|-20|-72|CG0151297|-16|-63|CG0151297|-16|-63|CG0151297|-16|-63|CG0151297|-16|-63|CG0151297|-16|-63|CG0151297|-16|-63|CG0151297|-16|-63|CG0151297|-16|-63|CG0151298|-19|-71|CG0151298|-19|-71|CG0151298|-19|-71|CG0151298|-19|-71|CG0151299|-27|-85|CG0151299|-27|-85|CG0151300|-24|-90|CG0151300|-24|-90|CG0151300|-24|-90|CG0151300|-24|-90|CG0151300|-24|-90|CG0151300|-24|-90
334|1|8|1000|2|CG0152136|-18|-85|CG0152137|-16|-54
334|1|9|1000|1|CG0152138|-22|-83
334|1|10|1500|14|CG0152130|-18|-77|CG0152130|-18|-77|CG0152131|-18|-61|CG0152131|-18|-61|CG0152132|-12|-54|CG0152132|-12|-54|CG0152132|-12|-54|CG0152133|-16|-54|CG0152133|-16|-54|CG0152134|-23|-67|CG0152134|-23|-67|CG0152135|-32|-54|CG0152135|-32|-54|CG0152135|-32|-54
334|2|0|1500|4|CG0152195|-26|-78|CG0152196|-26|-78|CG0152197|-27|-77|CG0152196|-26|-78
334|2|1|1000|6|CG0152200|-25|-78|CG0152201|-25|-80|CG0152202|-24|-76|CG0152203|-25|-78|CG0152204|-26|-80|CG0152205|-24|-76
334|2|2|400|1|CG0188462|-33|-62
334|2|3|500|6|CG0152170|-20|-81|CG0152171|-26|-83|CG0152172|-34|-79|CG0152173|-26|-81|CG0152174|-19|-84|CG0152175|-27|-80
334|2|4|100|1|CG0196424|-14|-57
334|2|5|1500|40|CG0152160|-29|-76|CG0152160|-29|-76|CG0152160|-29|-76|CG0152160|-29|-76|CG0152162|-29|-75|CG0152162|-29|-75|CG0152162|-29|-75|CG0152162|-29|-75|CG0152163|-26|-75|CG0152163|-26|-75|CG0152163|-26|-75|CG0152163|-26|-75|CG0152163|-26|-75|CG0152163|-26|-75|CG0152164|-28|-83|CG0152164|-28|-83|CG0152164|-28|-83|CG0152164|-28|-83|CG0152165|-20|-80|CG0152165|-20|-80|CG0152166|-17|-82|CG0152166|-17|-82|CG0152166|-17|-82|CG0152166|-17|-82|CG0152166|-17|-82|CG0152166|-17|-82|CG0152167|-37|-79|CG0152167|-37|-79|CG0152167|-37|-79|CG0152167|-37|-79|CG0152168|-14|-79|CG0152168|-14|-79|CG0152169|-18|-80|CG0152169|-18|-80|CG0152169|-18|-80|CG0152169|-18|-80|CG0152161|-24|-78|CG0152161|-24|-78|CG0152161|-24|-78|CG0152161|-24|-78
334|2|6|1000|7|CG0152189|-18|-84|CG0152189|-18|-84|CG0152189|-18|-84|CG0152190|-23|-82|CG0152191|-31|-78|CG0152191|-31|-78|CG0152191|-31|-78
334|2|7|1200|28|CG0151359|-27|-78|CG0151359|-27|-78|CG0151359|-27|-78|CG0151359|-27|-78|CG0151360|-34|-73|CG0151360|-34|-73|CG0151360|-34|-73|CG0151360|-34|-73|CG0151361|-39|-64|CG0151361|-39|-64|CG0151361|-39|-64|CG0151361|-39|-64|CG0151361|-39|-64|CG0151361|-39|-64|CG0151361|-39|-64|CG0151361|-39|-64|CG0151362|-33|-70|CG0151362|-33|-70|CG0151362|-33|-70|CG0151362|-33|-70|CG0151363|-25|-85|CG0151363|-25|-85|CG0151364|-11|-91|CG0151364|-11|-91|CG0151364|-11|-91|CG0151364|-11|-91|CG0151364|-11|-91|CG0151364|-11|-91
334|2|8|1000|2|CG0152184|-18|-83|CG0152185|-40|-58
334|2|9|1000|1|CG0152186|-25|-81
334|2|10|1500|14|CG0152178|-25|-76|CG0152178|-25|-76|CG0152179|-40|-62|CG0152179|-40|-62|CG0152180|-30|-52|CG0152180|-30|-52|CG0152180|-30|-52|CG0152181|-34|-54|CG0152181|-34|-54|CG0152182|-25|-61|CG0152182|-25|-61|CG0152183|-17|-42|CG0152183|-17|-42|CG0152183|-17|-42
334|3|0|1500|4|CG0152243|-28|-84|CG0152244|-29|-84|CG0152245|-29|-83|CG0152244|-29|-84
334|3|1|1000|6|CG0152248|-29|-83|CG0152249|-29|-85|CG0152250|-28|-82|CG0152251|-28|-83|CG0152252|-29|-86|CG0152253|-28|-82
334|3|2|400|1|CG0188507|-36|-53
334|3|3|500|6|CG0152218|-31|-80|CG0152219|-29|-83|CG0152220|-40|-79|CG0152221|-27|-80|CG0152222|-29|-84|CG0152223|-41|-80
334|3|4|100|1|CG0196464|-10|-51
334|3|5|1500|40|CG0152208|-31|-82|CG0152208|-31|-82|CG0152208|-31|-82|CG0152208|-31|-82|CG0152210|-30|-81|CG0152210|-30|-81|CG0152210|-30|-81|CG0152210|-30|-81|CG0152211|-29|-80|CG0152211|-29|-80|CG0152211|-29|-80|CG0152211|-29|-80|CG0152211|-29|-80|CG0152211|-29|-80|CG0152212|-31|-85|CG0152212|-31|-85|CG0152212|-31|-85|CG0152212|-31|-85|CG0152213|-24|-78|CG0152213|-24|-78|CG0152214|-18|-76|CG0152214|-18|-76|CG0152214|-18|-76|CG0152214|-18|-76|CG0152214|-18|-76|CG0152214|-18|-76|CG0152215|-17|-77|CG0152215|-17|-77|CG0152215|-17|-77|CG0152215|-17|-77|CG0152216|-17|-78|CG0152216|-17|-78|CG0152217|-22|-80|CG0152217|-22|-80|CG0152217|-22|-80|CG0152217|-22|-80|CG0152209|-26|-82|CG0152209|-26|-82|CG0152209|-26|-82|CG0152209|-26|-82
334|3|6|1000|7|CG0152237|-22|-85|CG0152237|-22|-85|CG0152237|-22|-85|CG0152238|-27|-86|CG0152239|-40|-83|CG0152239|-40|-83|CG0152239|-40|-83
334|3|7|1200|28|CG0151423|-29|-84|CG0151423|-29|-84|CG0151423|-29|-84|CG0151423|-29|-84|CG0151424|-37|-82|CG0151424|-37|-82|CG0151424|-37|-82|CG0151424|-37|-82|CG0151425|-49|-76|CG0151425|-49|-76|CG0151425|-49|-76|CG0151425|-49|-76|CG0151425|-49|-76|CG0151425|-49|-76|CG0151425|-49|-76|CG0151425|-49|-76|CG0151426|-37|-78|CG0151426|-37|-78|CG0151426|-37|-78|CG0151426|-37|-78|CG0151427|-21|-86|CG0151427|-21|-86|CG0151428|-18|-83|CG0151428|-18|-83|CG0151428|-18|-83|CG0151428|-18|-83|CG0151428|-18|-83|CG0151428|-18|-83
334|3|8|1000|2|CG0152232|-21|-80|CG0152233|-61|-62
334|3|9|1000|1|CG0152234|-18|-76
334|3|10|1500|14|CG0152226|-29|-81|CG0152226|-29|-81|CG0152227|-48|-67|CG0152227|-48|-67|CG0152228|-45|-55|CG0152228|-45|-55|CG0152228|-45|-55|CG0152229|-50|-58|CG0152229|-50|-58|CG0152230|-31|-53|CG0152230|-31|-53|CG0152231|-29|-21|CG0152231|-29|-21|CG0152231|-29|-21
334|4|0|1500|4|CG0152291|-22|-88|CG0152292|-22|-88|CG0152293|-22|-87|CG0152292|-22|-88
334|4|1|1000|6|CG0152296|-23|-87|CG0152297|-24|-89|CG0152298|-23|-86|CG0152299|-23|-88|CG0152300|-23|-90|CG0152301|-23|-87
334|4|2|400|1|CG0188552|-25|-51
334|4|3|500|6|CG0152266|-27|-79|CG0152267|-24|-82|CG0152268|-25|-77|CG0152269|-24|-79|CG0152270|-25|-83|CG0152271|-34|-79
334|4|4|100|1|CG0196504|-21|-46
334|4|5|1500|40|CG0152256|-23|-87|CG0152256|-23|-87|CG0152256|-23|-87|CG0152256|-23|-87|CG0152258|-29|-86|CG0152258|-29|-86|CG0152258|-29|-86|CG0152258|-29|-86|CG0152259|-34|-85|CG0152259|-34|-85|CG0152259|-34|-85|CG0152259|-34|-85|CG0152259|-34|-85|CG0152259|-34|-85|CG0152260|-35|-86|CG0152260|-35|-86|CG0152260|-35|-86|CG0152260|-35|-86|CG0152261|-22|-77|CG0152261|-22|-77|CG0152262|-17|-69|CG0152262|-17|-69|CG0152262|-17|-69|CG0152262|-17|-69|CG0152262|-17|-69|CG0152262|-17|-69|CG0152263|-17|-73|CG0152263|-17|-73|CG0152263|-17|-73|CG0152263|-17|-73|CG0152264|-17|-74|CG0152264|-17|-74|CG0152265|-25|-78|CG0152265|-25|-78|CG0152265|-25|-78|CG0152265|-25|-78|CG0152257|-25|-84|CG0152257|-25|-84|CG0152257|-25|-84|CG0152257|-25|-84
334|4|6|1000|7|CG0152285|-28|-85|CG0152285|-28|-85|CG0152285|-28|-85|CG0152286|-23|-88|CG0152287|-29|-87|CG0152287|-29|-87|CG0152287|-29|-87
334|4|7|1200|28|CG0151487|-21|-88|CG0151487|-21|-88|CG0151487|-21|-88|CG0151487|-21|-88|CG0151488|-28|-89|CG0151488|-28|-89|CG0151488|-28|-89|CG0151488|-28|-89|CG0151489|-42|-88|CG0151489|-42|-88|CG0151489|-42|-88|CG0151489|-42|-88|CG0151489|-42|-88|CG0151489|-42|-88|CG0151489|-42|-88|CG0151489|-42|-88|CG0151490|-35|-84|CG0151490|-35|-84|CG0151490|-35|-84|CG0151490|-35|-84|CG0151491|-19|-83|CG0151491|-19|-83|CG0151492|-32|-73|CG0151492|-32|-73|CG0151492|-32|-73|CG0151492|-32|-73|CG0151492|-32|-73|CG0151492|-32|-73
334|4|8|1000|2|CG0152280|-22|-78|CG0152281|-52|-79
334|4|9|1000|1|CG0152282|-11|-70
334|4|10|1500|14|CG0152274|-27|-86|CG0152274|-27|-86|CG0152275|-37|-78|CG0152275|-37|-78|CG0152276|-42|-68|CG0152276|-42|-68|CG0152276|-42|-68|CG0152277|-45|-63|CG0152277|-45|-63|CG0152278|-28|-50|CG0152278|-28|-50|CG0152279|-25|-14|CG0152279|-25|-14|CG0152279|-25|-14
334|5|0|1500|4|CG0152339|-17|-89|CG0152340|-16|-89|CG0152341|-17|-89|CG0152340|-16|-89
334|5|1|1000|6|CG0152344|-18|-90|CG0152345|-18|-92|CG0152346|-18|-89|CG0152347|-18|-90|CG0152348|-18|-92|CG0152349|-18|-89
334|5|2|400|1|CG0188597|-19|-60
334|5|3|500|6|CG0152314|-24|-79|CG0152315|-24|-83|CG0152316|-24|-77|CG0152317|-24|-79|CG0152318|-24|-83|CG0152319|-24|-80
334|5|4|100|1|CG0196544|-24|-45
334|5|5|1500|40|CG0152304|-32|-89|CG0152304|-32|-89|CG0152304|-32|-89|CG0152304|-32|-89|CG0152306|-37|-88|CG0152306|-37|-88|CG0152306|-37|-88|CG0152306|-37|-88|CG0152307|-27|-89|CG0152307|-27|-89|CG0152307|-27|-89|CG0152307|-27|-89|CG0152307|-27|-89|CG0152307|-27|-89|CG0152308|-34|-87|CG0152308|-34|-87|CG0152308|-34|-87|CG0152308|-34|-87|CG0152309|-19|-78|CG0152309|-19|-78|CG0152310|-15|-68|CG0152310|-15|-68|CG0152310|-15|-68|CG0152310|-15|-68|CG0152310|-15|-68|CG0152310|-15|-68|CG0152311|-14|-71|CG0152311|-14|-71|CG0152311|-14|-71|CG0152311|-14|-71|CG0152312|-20|-73|CG0152312|-20|-73|CG0152313|-61|-77|CG0152313|-61|-77|CG0152313|-61|-77|CG0152313|-61|-77|CG0152305|-41|-85|CG0152305|-41|-85|CG0152305|-41|-85|CG0152305|-41|-85
334|5|6|1000|7|CG0152333|-20|-87|CG0152333|-20|-87|CG0152333|-20|-87|CG0152334|-18|-91|CG0152335|-29|-89|CG0152335|-29|-89|CG0152335|-29|-89
334|5|7|1200|28|CG0151551|-15|-90|CG0151551|-15|-90|CG0151551|-15|-90|CG0151551|-15|-90|CG0151552|-13|-91|CG0151552|-13|-91|CG0151552|-13|-91|CG0151552|-13|-91|CG0151553|-19|-94|CG0151553|-19|-94|CG0151553|-19|-94|CG0151553|-19|-94|CG0151553|-19|-94|CG0151553|-19|-94|CG0151553|-19|-94|CG0151553|-19|-94|CG0151554|-15|-87|CG0151554|-15|-87|CG0151554|-15|-87|CG0151554|-15|-87|CG0151555|-21|-79|CG0151555|-21|-79|CG0151556|-30|-70|CG0151556|-30|-70|CG0151556|-30|-70|CG0151556|-30|-70|CG0151556|-30|-70|CG0151556|-30|-70
334|5|8|1000|2|CG0152328|-20|-78|CG0152329|-54|-88
334|5|9|1000|1|CG0152330|-32|-70
334|5|10|1500|14|CG0152322|-19|-88|CG0152322|-19|-88|CG0152323|-22|-83|CG0152323|-22|-83|CG0152324|-23|-75|CG0152324|-23|-75|CG0152324|-23|-75|CG0152325|-22|-70|CG0152325|-22|-70|CG0152326|-21|-50|CG0152326|-21|-50|CG0152327|-28|-20|CG0152327|-28|-20|CG0152327|-28|-20
334|6|0|1500|4|CG0152387|-30|-87|CG0152388|-29|-87|CG0152389|-26|-86|CG0152388|-29|-87
334|6|1|1000|6|CG0152392|-28|-88|CG0152393|-28|-90|CG0152394|-28|-87|CG0152395|-28|-88|CG0152396|-27|-90|CG0152397|-26|-87
334|6|2|400|1|CG0188642|-38|-63
334|6|3|500|6|CG0152362|-40|-80|CG0152363|-40|-83|CG0152364|-40|-78|CG0152365|-40|-80|CG0152366|-40|-84|CG0152367|-40|-80
334|6|4|100|1|CG0196584|-20|-48
334|6|5|1500|40|CG0152352|-30|-85|CG0152352|-30|-85|CG0152352|-30|-85|CG0152352|-30|-85|CG0152354|-25|-85|CG0152354|-25|-85|CG0152354|-25|-85|CG0152354|-25|-85|CG0152355|-23|-91|CG0152355|-23|-91|CG0152355|-23|-91|CG0152355|-23|-91|CG0152355|-23|-91|CG0152355|-23|-91|CG0152356|-22|-86|CG0152356|-22|-86|CG0152356|-22|-86|CG0152356|-22|-86|CG0152357|-58|-79|CG0152357|-58|-79|CG0152358|-32|-71|CG0152358|-32|-71|CG0152358|-32|-71|CG0152358|-32|-71|CG0152358|-32|-71|CG0152358|-32|-71|CG0152359|-24|-72|CG0152359|-24|-72|CG0152359|-24|-72|CG0152359|-24|-72|CG0152360|-40|-73|CG0152360|-40|-73|CG0152361|-63|-76|CG0152361|-63|-76|CG0152361|-63|-76|CG0152361|-63|-76|CG0152353|-39|-84|CG0152353|-39|-84|CG0152353|-39|-84|CG0152353|-39|-84
334|6|6|1000|7|CG0152381|-31|-86|CG0152381|-31|-86|CG0152381|-31|-86|CG0152382|-27|-89|CG0152383|-37|-87|CG0152383|-37|-87|CG0152383|-37|-87
334|6|7|1200|28|CG0151615|-13|-87|CG0151615|-13|-87|CG0151615|-13|-87|CG0151615|-13|-87|CG0151616|-18|-87|CG0151616|-18|-87|CG0151616|-18|-87|CG0151616|-18|-87|CG0151617|-18|-90|CG0151617|-18|-90|CG0151617|-18|-90|CG0151617|-18|-90|CG0151617|-18|-90|CG0151617|-18|-90|CG0151617|-18|-90|CG0151617|-18|-90|CG0151618|-21|-83|CG0151618|-21|-83|CG0151618|-21|-83|CG0151618|-21|-83|CG0151619|-33|-74|CG0151619|-33|-74|CG0151620|-31|-68|CG0151620|-31|-68|CG0151620|-31|-68|CG0151620|-31|-68|CG0151620|-31|-68|CG0151620|-31|-68
334|6|8|1000|2|CG0152376|-34|-79|CG0152377|-36|-86
334|6|9|1000|1|CG0152378|-43|-72
334|6|10|1500|14|CG0152370|-30|-86|CG0152370|-30|-86|CG0152371|-25|-79|CG0152371|-25|-79|CG0152372|-23|-75|CG0152372|-23|-75|CG0152372|-23|-75|CG0152373|-24|-68|CG0152373|-24|-68|CG0152374|-33|-56|CG0152374|-33|-56|CG0152375|-66|-19|CG0152375|-66|-19|CG0152375|-66|-19
334|7|0|1500|4|CG0152435|-29|-81|CG0152436|-31|-81|CG0152437|-32|-80|CG0152436|-31|-81
334|7|1|1000|6|CG0152440|-29|-82|CG0152441|-30|-84|CG0152442|-31|-81|CG0152443|-29|-82|CG0152444|-29|-85|CG0152445|-28|-81
334|7|2|400|1|CG0188687|-44|-60
334|7|3|500|6|CG0152410|-35|-80|CG0152411|-35|-83|CG0152412|-35|-78|CG0152413|-35|-80|CG0152414|-35|-84|CG0152415|-35|-80
334|7|4|100|1|CG0196624|-25|-51
334|7|5|1500|40|CG0152400|-15|-79|CG0152400|-15|-79|CG0152400|-15|-79|CG0152400|-15|-79|CG0152402|-20|-78|CG0152402|-20|-78|CG0152402|-20|-78|CG0152402|-20|-78|CG0152403|-26|-87|CG0152403|-26|-87|CG0152403|-26|-87|CG0152403|-26|-87|CG0152403|-26|-87|CG0152403|-26|-87|CG0152404|-31|-84|CG0152404|-31|-84|CG0152404|-31|-84|CG0152404|-31|-84|CG0152405|-68|-81|CG0152405|-68|-81|CG0152406|-40|-77|CG0152406|-40|-77|CG0152406|-40|-77|CG0152406|-40|-77|CG0152406|-40|-77|CG0152406|-40|-77|CG0152407|-35|-74|CG0152407|-35|-74|CG0152407|-35|-74|CG0152407|-35|-74|CG0152408|-66|-74|CG0152408|-66|-74|CG0152409|-37|-76|CG0152409|-37|-76|CG0152409|-37|-76|CG0152409|-37|-76|CG0152401|-23|-80|CG0152401|-23|-80|CG0152401|-23|-80|CG0152401|-23|-80
334|7|6|1000|7|CG0152429|-30|-85|CG0152429|-30|-85|CG0152429|-30|-85|CG0152430|-31|-85|CG0152431|-34|-82|CG0152431|-34|-82|CG0152431|-34|-82
334|7|7|1200|28|CG0151679|-21|-81|CG0151679|-21|-81|CG0151679|-21|-81|CG0151679|-21|-81|CG0151680|-20|-78|CG0151680|-20|-78|CG0151680|-20|-78|CG0151680|-20|-78|CG0151681|-15|-78|CG0151681|-15|-78|CG0151681|-15|-78|CG0151681|-15|-78|CG0151681|-15|-78|CG0151681|-15|-78|CG0151681|-15|-78|CG0151681|-15|-78|CG0151682|-27|-76|CG0151682|-27|-76|CG0151682|-27|-76|CG0151682|-27|-76|CG0151683|-33|-76|CG0151683|-33|-76|CG0151684|-52|-73|CG0151684|-52|-73|CG0151684|-52|-73|CG0151684|-52|-73|CG0151684|-52|-73|CG0151684|-52|-73
334|7|8|1000|2|CG0152424|-33|-81|CG0152425|-28|-78
334|7|9|1000|1|CG0152426|-33|-76
334|7|10|1500|14|CG0152418|-28|-80|CG0152418|-28|-80|CG0152419|-18|-67|CG0152419|-18|-67|CG0152420|-16|-65|CG0152420|-16|-65|CG0152420|-16|-65|CG0152421|-20|-61|CG0152421|-20|-61|CG0152422|-47|-62|CG0152422|-47|-62|CG0152423|-74|-28|CG0152423|-74|-28|CG0152423|-74|-28
