355|0|0|1200|4|CG0160195|-16|-72|CG0160196|-16|-72|CG0160197|-16|-72|CG0160196|-16|-72
355|0|1|1000|6|CG0160200|-18|-72|CG0160201|-19|-73|CG0160202|-22|-71|CG0160203|-20|-72|CG0160204|-16|-74|CG0160205|-23|-71
355|0|2|400|1|CG0188372|-32|-70
355|0|3|500|6|CG0160496|-28|-72|CG0160497|-26|-73|CG0160498|-25|-72|CG0160499|-28|-73|CG0160500|-31|-74|CG0160501|-28|-73
355|0|4|100|1|CG0196344|-27|-55
355|0|5|1200|13|CG0160168|-23|-72|CG0160169|-19|-77|CG0160170|-20|-73|CG0160170|-20|-73|CG0160171|-19|-72|CG0160171|-19|-72|CG0160172|-23|-72|CG0160172|-23|-72|CG0160172|-23|-72|CG0160173|-30|-71|CG0160173|-30|-71|CG0160174|-27|-71|CG0160175|-23|-72
355|0|6|1000|5|CG0160189|-27|-71|CG0160189|-27|-71|CG0160190|-29|-72|CG0160191|-17|-72|CG0160191|-17|-72
355|0|7|1000|10|CG0160536|-18|-71|CG0160536|-18|-71|CG0160537|-19|-71|CG0160537|-19|-71|CG0160538|-17|-69|CG0160538|-17|-69|CG0160538|-17|-69|CG0160539|-27|-70|CG0160540|-30|-74|CG0160541|-30|-73
355|0|8|1000|2|CG0160184|-29|-71|CG0160185|-27|-58
355|0|9|1000|1|CG0160186|-25|-59
355|0|10|1200|10|CG0160178|-19|-72|CG0160179|-22|-63|CG0160180|-31|-57|CG0160180|-31|-57|CG0160181|-39|-61|CG0160181|-39|-61|CG0160182|-51|-56|CG0160182|-51|-56|CG0160183|-56|-45|CG0160183|-56|-45
355|1|0|1200|4|CG0160235|-20|-73|CG0160236|-18|-73|CG0160237|-18|-73|CG0160236|-18|-73
355|1|1|1000|6|CG0160240|-16|-73|CG0160241|-17|-74|CG0160242|-17|-71|CG0160243|-17|-73|CG0160244|-17|-75|CG0160245|-17|-72
355|1|2|400|1|CG0188417|-17|-71
355|1|3|500|6|CG0160561|-19|-75|CG0160562|-28|-76|CG0160563|-27|-75|CG0160564|-30|-75|CG0160565|-24|-77|CG0160566|-18|-75
355|1|4|100|1|CG0196384|-26|-58
355|1|5|1200|13|CG0160208|-21|-73|CG0160209|-21|-73|CG0160210|-22|-74|CG0160210|-22|-74|CG0160211|-21|-74|CG0160211|-21|-74|CG0160212|-22|-74|CG0160212|-22|-74|CG0160212|-22|-74|CG0160213|-21|-72|CG0160213|-21|-72|CG0160214|-21|-72|CG0160215|-21|-73
355|1|6|1000|5|CG0160229|-35|-71|CG0160229|-35|-71|CG0160230|-23|-73|CG0160231|-18|-74|CG0160231|-18|-74
355|1|7|1000|10|CG0160601|-20|-73|CG0160601|-20|-73|CG0160602|-19|-70|CG0160602|-19|-70|CG0160603|-17|-67|CG0160603|-17|-67|CG0160603|-17|-67|CG0160604|-21|-71|CG0160605|-27|-77|CG0160606|-27|-76
355|1|8|1000|2|CG0160224|-18|-74|CG0160225|-25|-55
355|1|9|1000|1|CG0160226|-21|-62
355|1|10|1200|10|CG0160218|-18|-73|CG0160219|-19|-62|CG0160220|-22|-60|CG0160220|-22|-60|CG0160221|-22|-66|CG0160221|-22|-66|CG0160222|-24|-64|CG0160222|-24|-64|CG0160223|-28|-54|CG0160223|-28|-54
355|2|0|1200|4|CG0160275|-21|-73|CG0160276|-22|-73|CG0160277|-22|-73|CG0160276|-22|-73
355|2|1|1000|6|CG0160280|-21|-72|CG0160281|-19|-74|CG0160282|-22|-71|CG0160283|-18|-72|CG0160284|-22|-74|CG0160285|-25|-71
355|2|2|400|1|CG0188462|-33|-62
355|2|3|500|6|CG0160626|-20|-73|CG0160627|-17|-74|CG0160628|-27|-73|CG0160629|-18|-74|CG0160630|-23|-76|CG0160631|-28|-74
355|2|4|100|1|CG0196424|-14|-57
355|2|5|1200|13|CG0160248|-20|-74|CG0160249|-20|-74|CG0160250|-20|-74|CG0160250|-20|-74|CG0160251|-20|-74|CG0160251|-20|-74|CG0160252|-18|-73|CG0160252|-18|-73|CG0160252|-18|-73|CG0160253|-20|-72|CG0160253|-20|-72|CG0160254|-20|-72|CG0160255|-21|-73
355|2|6|1000|5|CG0160269|-30|-72|CG0160269|-30|-72|CG0160270|-20|-73|CG0160271|-18|-74|CG0160271|-18|-74
355|2|7|1000|10|CG0160666|-19|-74|CG0160666|-19|-74|CG0160667|-20|-72|CG0160667|-20|-72|CG0160668|-20|-69|CG0160668|-20|-69|CG0160668|-20|-69|CG0160669|-19|-72|CG0160670|-14|-75|CG0160671|-17|-75
355|2|8|1000|2|CG0160264|-13|-74|CG0160265|-28|-59
355|2|9|1000|1|CG0160266|-13|-61
355|2|10|1200|10|CG0160258|-21|-73|CG0160259|-19|-63|CG0160260|-19|-58|CG0160260|-19|-58|CG0160261|-19|-62|CG0160261|-19|-62|CG0160262|-19|-58|CG0160262|-19|-58|CG0160263|-19|-46|CG0160263|-19|-46
355|3|0|1200|4|CG0160315|-18|-75|CG0160316|-18|-74|CG0160317|-18|-74|CG0160316|-18|-74
355|3|1|1000|6|CG0160320|-18|-73|CG0160321|-18|-75|CG0160322|-23|-72|CG0160323|-17|-73|CG0160324|-17|-75|CG0160325|-23|-72
355|3|2|400|1|CG0188507|-36|-53
355|3|3|500|6|CG0160691|-19|-72|CG0160692|-26|-73|CG0160693|-30|-71|CG0160694|-21|-72|CG0160695|-24|-74|CG0160696|-30|-72
355|3|4|100|1|CG0196464|-10|-51
355|3|5|1200|13|CG0160288|-17|-76|CG0160289|-17|-76|CG0160290|-16|-76|CG0160290|-16|-76|CG0160291|-15|-75|CG0160291|-15|-75|CG0160292|-13|-75|CG0160292|-13|-75|CG0160292|-13|-75|CG0160293|-29|-74|CG0160293|-29|-74|CG0160294|-17|-75|CG0160295|-17|-75
355|3|6|1000|5|CG0160309|-21|-73|CG0160309|-21|-73|CG0160310|-19|-74|CG0160311|-17|-75|CG0160311|-17|-75
355|3|7|1000|10|CG0160731|-17|-75|CG0160731|-17|-75|CG0160732|-20|-73|CG0160732|-20|-73|CG0160733|-24|-71|CG0160733|-24|-71|CG0160733|-24|-71|CG0160734|-22|-73|CG0160735|-14|-70|CG0160736|-19|-69
355|3|8|1000|2|CG0160304|-10|-71|CG0160305|-35|-63
355|3|9|1000|1|CG0160306|-9|-55
355|3|10|1200|10|CG0160298|-18|-74|CG0160299|-18|-63|CG0160300|-9|-53|CG0160300|-9|-53|CG0160301|-10|-52|CG0160301|-10|-52|CG0160302|-11|-41|CG0160302|-11|-41|CG0160303|-10|-25|CG0160303|-10|-25
355|4|0|1200|4|CG0160355|-17|-75|CG0160356|-17|-75|CG0160357|-17|-75|CG0160356|-17|-75
355|4|1|1000|6|CG0160360|-18|-74|CG0160361|-18|-75|CG0160362|-18|-73|CG0160363|-18|-74|CG0160364|-18|-75|CG0160365|-20|-73
355|4|2|400|1|CG0188552|-25|-51
355|4|3|500|6|CG0160756|-18|-68|CG0160757|-23|-69|CG0160758|-27|-68|CG0160759|-21|-69|CG0160760|-17|-70|CG0160761|-26|-69
355|4|4|100|1|CG0196504|-21|-46
355|4|5|1200|13|CG0160328|-17|-75|CG0160329|-19|-75|CG0160330|-16|-75|CG0160330|-16|-75|CG0160331|-14|-74|CG0160331|-14|-74|CG0160332|-13|-73|CG0160332|-13|-73|CG0160332|-13|-73|CG0160333|-26|-74|CG0160333|-26|-74|CG0160334|-20|-74|CG0160335|-17|-75
355|4|6|1000|5|CG0160349|-23|-76|CG0160349|-23|-76|CG0160350|-17|-75|CG0160351|-16|-75|CG0160351|-16|-75
355|4|7|1000|10|CG0160796|-18|-74|CG0160796|-18|-74|CG0160797|-23|-74|CG0160797|-23|-74|CG0160798|-20|-72|CG0160798|-20|-72|CG0160798|-20|-72|CG0160799|-25|-71|CG0160800|-15|-63|CG0160801|-21|-61
355|4|8|1000|2|CG0160344|-16|-68|CG0160345|-32|-71
355|4|9|1000|1|CG0160346|-10|-50
355|4|10|1200|10|CG0160338|-17|-75|CG0160339|-17|-65|CG0160340|-19|-50|CG0160340|-19|-50|CG0160341|-19|-41|CG0160341|-19|-41|CG0160342|-19|-21|CG0160342|-19|-21|CG0160343|-19|-17|CG0160343|-19|-17
355|5|0|1200|4|CG0160395|-16|-73|CG0160396|-17|-74|CG0160397|-16|-74|CG0160396|-17|-74
355|5|1|1000|6|CG0160400|-18|-73|CG0160401|-17|-75|CG0160402|-17|-72|CG0160403|-18|-73|CG0160404|-18|-75|CG0160405|-18|-72
355|5|2|400|1|CG0188597|-19|-60
355|5|3|500|6|CG0160821|-31|-66|CG0160822|-20|-67|CG0160823|-16|-66|CG0160824|-26|-66|CG0160825|-29|-68|CG0160826|-27|-66
355|5|4|100|1|CG0196544|-24|-45
355|5|5|1200|13|CG0160368|-14|-73|CG0160369|-42|-73|CG0160370|-23|-73|CG0160370|-23|-73|CG0160371|-22|-72|CG0160371|-22|-72|CG0160372|-15|-71|CG0160372|-15|-71|CG0160372|-15|-71|CG0160373|-13|-72|CG0160373|-13|-72|CG0160374|-17|-72|CG0160375|-19|-73
355|5|6|1000|5|CG0160389|-34|-75|CG0160389|-34|-75|CG0160390|-18|-74|CG0160391|-16|-73|CG0160391|-16|-73
355|5|7|1000|10|CG0160861|-16|-72|CG0160861|-16|-72|CG0160862|-17|-73|CG0160862|-17|-73|CG0160863|-16|-73|CG0160863|-16|-73|CG0160863|-16|-73|CG0160864|-16|-70|CG0160865|-17|-59|CG0160866|-17|-57
355|5|8|1000|2|CG0160384|-17|-66|CG0160385|-26|-76
355|5|9|1000|1|CG0160386|-16|-47
355|5|10|1200|10|CG0160378|-16|-74|CG0160379|-16|-65|CG0160380|-22|-47|CG0160380|-22|-47|CG0160381|-21|-35|CG0160381|-21|-35|CG0160382|-19|-13|CG0160382|-19|-13|CG0160383|-19|-12|CG0160383|-19|-12
355|6|0|1200|4|CG0160435|-15|-72|CG0160436|-15|-73|CG0160437|-15|-73|CG0160436|-15|-73
355|6|1|1000|6|CG0160440|-17|-73|CG0160441|-13|-74|CG0160442|-22|-71|CG0160443|-15|-73|CG0160444|-18|-74|CG0160445|-22|-72
355|6|2|400|1|CG0188642|-38|-63
355|6|3|500|6|CG0160886|-27|-66|CG0160887|-28|-67|CG0160888|-26|-66|CG0160889|-33|-67|CG0160890|-25|-68|CG0160891|-25|-67
355|6|4|100|1|CG0196584|-20|-48
355|6|5|1200|13|CG0160408|-20|-72|CG0160409|-41|-72|CG0160410|-39|-72|CG0160410|-39|-72|CG0160411|-37|-70|CG0160411|-37|-70|CG0160412|-33|-69|CG0160412|-33|-69|CG0160412|-33|-69|CG0160413|-26|-70|CG0160413|-26|-70|CG0160414|-24|-71|CG0160415|-22|-72
355|6|6|1000|5|CG0160429|-28|-73|CG0160429|-28|-73|CG0160430|-23|-73|CG0160431|-15|-73|CG0160431|-15|-73
355|6|7|1000|10|CG0160926|-16|-71|CG0160926|-16|-71|CG0160927|-19|-72|CG0160927|-19|-72|CG0160928|-26|-72|CG0160928|-26|-72|CG0160928|-26|-72|CG0160929|-18|-69|CG0160930|-37|-61|CG0160931|-28|-59
355|6|8|1000|2|CG0160424|-26|-66|CG0160425|-26|-73
355|6|9|1000|1|CG0160426|-26|-48
355|6|10|1200|10|CG0160418|-14|-73|CG0160419|-16|-63|CG0160420|-24|-47|CG0160420|-24|-47|CG0160421|-35|-38|CG0160421|-35|-38|CG0160422|-51|-20|CG0160422|-51|-20|CG0160423|-59|-17|CG0160423|-59|-17
355|7|0|1200|4|CG0160475|-15|-72|CG0160476|-14|-72|CG0160477|-14|-73|CG0160476|-14|-72
355|7|1|1000|6|CG0160480|-15|-73|CG0160481|-17|-74|CG0160482|-25|-71|CG0160483|-17|-73|CG0160484|-14|-75|CG0160485|-26|-72
355|7|2|400|1|CG0188687|-44|-60
355|7|3|500|6|CG0160951|-23|-69|CG0160952|-23|-70|CG0160953|-29|-69|CG0160954|-23|-70|CG0160955|-23|-72|CG0160956|-29|-70
355|7|4|100|1|CG0196624|-25|-51
355|7|5|1200|13|CG0160448|-22|-71|CG0160449|-18|-76|CG0160450|-33|-71|CG0160450|-33|-71|CG0160451|-35|-71|CG0160451|-35|-71|CG0160452|-37|-70|CG0160452|-37|-70|CG0160452|-37|-70|CG0160453|-34|-70|CG0160453|-34|-70|CG0160454|-28|-70|CG0160455|-24|-71
355|7|6|1000|5|CG0160469|-13|-72|CG0160469|-13|-72|CG0160470|-21|-72|CG0160471|-16|-73|CG0160471|-16|-73
355|7|7|1000|10|CG0160991|-22|-71|CG0160991|-22|-71|CG0160992|-25|-70|CG0160992|-25|-70|CG0160993|-29|-70|CG0160993|-29|-70|CG0160993|-29|-70|CG0160994|-31|-69|CG0160995|-45|-67|CG0160996|-36|-66
355|7|8|1000|2|CG0160464|-26|-69|CG0160465|-30|-68
355|7|9|1000|1|CG0160466|-32|-53
355|7|10|1200|10|CG0160458|-14|-72|CG0160459|-20|-62|CG0160460|-33|-52|CG0160460|-33|-52|CG0160461|-43|-50|CG0160461|-43|-50|CG0160462|-65|-39|CG0160462|-65|-39|CG0160463|-76|-23|CG0160463|-76|-23
