377|0|0|800|4|CG0169014|-19|-73|CG0169015|-18|-74|CG0169016|-17|-70|CG0169015|-18|-74
377|0|1|1000|6|CG0169019|-25|-77|CG0169020|-27|-79|CG0169021|-29|-77|CG0169022|-26|-77|CG0169023|-24|-78|CG0169024|-23|-76
377|0|2|400|1|CG0188372|-32|-70
377|0|3|500|6|CG0168986|-26|-81|CG0168987|-26|-84|CG0168988|-31|-82|CG0168989|-26|-81|CG0168990|-26|-84|CG0168991|-26|-82
377|0|4|100|1|CG0196344|-27|-55
377|0|5|2000|58|CG0168976|-46|-72|CG0168976|-46|-72|CG0168978|-34|-75|CG0168978|-34|-75|CG0168979|-21|-72|CG0168979|-21|-72|CG0168980|-33|-72|CG0168980|-33|-72|CG0168976|-46|-72|CG0168976|-46|-72|CG0168978|-34|-75|CG0168978|-34|-75|CG0168979|-21|-72|CG0168979|-21|-72|CG0168980|-33|-72|CG0168980|-33|-72|CG0168976|-46|-72|CG0168976|-46|-72|CG0168978|-34|-75|CG0168978|-34|-75|CG0168979|-21|-72|CG0168979|-21|-72|CG0168980|-33|-72|CG0168980|-33|-72|CG0168976|-46|-72|CG0168976|-46|-72|CG0168978|-34|-75|CG0168978|-34|-75|CG0168979|-21|-72|CG0168979|-21|-72|CG0168980|-33|-72|CG0168980|-33|-72|CG0168981|-21|-68|CG0168981|-21|-68|CG0168981|-21|-68|CG0168981|-21|-68|CG0168981|-21|-68|CG0168981|-21|-68|CG0168982|-27|-70|CG0168982|-27|-70|CG0168983|-50|-73|CG0168983|-50|-73|CG0168984|-62|-74|CG0168984|-62|-74|CG0168984|-62|-74|CG0168984|-62|-74|CG0168984|-62|-74|CG0168984|-62|-74|CG0168984|-62|-74|CG0168984|-62|-74|CG0168985|-50|-72|CG0168985|-50|-72|CG0168985|-50|-72|CG0168985|-50|-72|CG0168977|-44|-71|CG0168977|-44|-71|CG0168977|-44|-71|CG0168977|-44|-71
377|0|6|2000|22|CG0169007|-20|-89|CG0169007|-20|-89|CG0169007|-20|-89|CG0169008|-19|-91|CG0169008|-19|-91|CG0169008|-19|-91|CG0169009|-29|-66|CG0169009|-29|-66|CG0169010|-30|-65|CG0169010|-30|-65|CG0169009|-29|-66|CG0169009|-29|-66|CG0169010|-30|-65|CG0169010|-30|-65|CG0169009|-29|-66|CG0169009|-29|-66|CG0169010|-30|-65|CG0169010|-30|-65|CG0169009|-29|-66|CG0169009|-29|-66|CG0169010|-30|-65|CG0169010|-30|-65
377|0|7|1000|26|CG0167683|-19|-72|CG0167683|-19|-72|CG0167683|-19|-72|CG0167683|-19|-72|CG0167683|-19|-72|CG0167683|-19|-72|CG0167684|-19|-71|CG0167684|-19|-71|CG0167685|-20|-71|CG0167685|-20|-71|CG0167685|-20|-71|CG0167685|-20|-71|CG0167685|-20|-71|CG0167685|-20|-71|CG0167686|-20|-72|CG0167686|-20|-72|CG0167687|-20|-73|CG0167687|-20|-73|CG0167688|-41|-73|CG0167688|-41|-73|CG0167688|-41|-73|CG0167688|-41|-73|CG0167688|-41|-73|CG0167688|-41|-73|CG0167688|-41|-73|CG0167688|-41|-73
377|0|8|1000|2|CG0169002|-18|-87|CG0169003|-11|-65
377|0|9|1000|1|CG0169004|-39|-68
377|0|10|1300|8|CG0168994|-23|-95|CG0168995|-34|-90|CG0168996|-31|-88|CG0168997|-55|-78|CG0168998|-57|-46|CG0168999|-55|-45|CG0169000|-53|-51|CG0169001|-75|-37
377|1|0|800|4|CG0169065|-16|-71|CG0169066|-16|-73|CG0169067|-16|-68|CG0169066|-16|-73
377|1|1|1000|6|CG0169070|-16|-79|CG0169071|-18|-82|CG0169072|-19|-80|CG0169073|-20|-79|CG0169074|-15|-79|CG0169075|-14|-77
377|1|2|400|1|CG0188417|-17|-71
377|1|3|500|6|CG0169037|-17|-84|CG0169038|-17|-87|CG0169039|-17|-85|CG0169040|-17|-84|CG0169041|-17|-87|CG0169042|-17|-85
377|1|4|100|1|CG0196384|-26|-58
377|1|5|2000|58|CG0169027|-16|-70|CG0169027|-16|-70|CG0169029|-16|-79|CG0169029|-16|-79|CG0169030|-16|-71|CG0169030|-16|-71|CG0169031|-16|-71|CG0169031|-16|-71|CG0169027|-16|-70|CG0169027|-16|-70|CG0169029|-16|-79|CG0169029|-16|-79|CG0169030|-16|-71|CG0169030|-16|-71|CG0169031|-16|-71|CG0169031|-16|-71|CG0169027|-16|-70|CG0169027|-16|-70|CG0169029|-16|-79|CG0169029|-16|-79|CG0169030|-16|-71|CG0169030|-16|-71|CG0169031|-16|-71|CG0169031|-16|-71|CG0169027|-16|-70|CG0169027|-16|-70|CG0169029|-16|-79|CG0169029|-16|-79|CG0169030|-16|-71|CG0169030|-16|-71|CG0169031|-16|-71|CG0169031|-16|-71|CG0169032|-13|-66|CG0169032|-13|-66|CG0169032|-13|-66|CG0169032|-13|-66|CG0169032|-13|-66|CG0169032|-13|-66|CG0169033|-18|-68|CG0169033|-18|-68|CG0169034|-18|-74|CG0169034|-18|-74|CG0169035|-18|-84|CG0169035|-18|-84|CG0169035|-18|-84|CG0169035|-18|-84|CG0169035|-18|-84|CG0169035|-18|-84|CG0169035|-18|-84|CG0169035|-18|-84|CG0169036|-17|-75|CG0169036|-17|-75|CG0169036|-17|-75|CG0169036|-17|-75|CG0169028|-16|-71|CG0169028|-16|-71|CG0169028|-16|-71|CG0169028|-16|-71
377|1|6|2000|22|CG0169058|-15|-83|CG0169058|-15|-83|CG0169058|-15|-83|CG0169059|-16|-82|CG0169059|-16|-82|CG0169059|-16|-82|CG0169060|-16|-66|CG0169060|-16|-66|CG0169061|-17|-65|CG0169061|-17|-65|CG0169060|-16|-66|CG0169060|-16|-66|CG0169061|-17|-65|CG0169061|-17|-65|CG0169060|-16|-66|CG0169060|-16|-66|CG0169061|-17|-65|CG0169061|-17|-65|CG0169060|-16|-66|CG0169060|-16|-66|CG0169061|-17|-65|CG0169061|-17|-65
377|1|7|1000|26|CG0167751|-16|-70|CG0167751|-16|-70|CG0167751|-16|-70|CG0167751|-16|-70|CG0167751|-16|-70|CG0167751|-16|-70|CG0167752|-15|-70|CG0167752|-15|-70|CG0167753|-15|-69|CG0167753|-15|-69|CG0167753|-15|-69|CG0167753|-15|-69|CG0167753|-15|-69|CG0167753|-15|-69|CG0167754|-16|-70|CG0167754|-16|-70|CG0167755|-15|-72|CG0167755|-15|-72|CG0167756|-26|-73|CG0167756|-26|-73|CG0167756|-26|-73|CG0167756|-26|-73|CG0167756|-26|-73|CG0167756|-26|-73|CG0167756|-26|-73|CG0167756|-26|-73
377|1|8|1000|2|CG0169053|-16|-85|CG0169054|-13|-49
377|1|9|1000|1|CG0169055|-18|-70
377|1|10|1300|8|CG0169045|-22|-93|CG0169046|-35|-96|CG0169047|-32|-92|CG0169048|-35|-90|CG0169049|-21|-57|CG0169050|-34|-57|CG0169051|-45|-63|CG0169052|-33|-45
377|2|0|800|4|CG0169116|-25|-69|CG0169117|-27|-72|CG0169118|-30|-67|CG0169117|-27|-72
377|2|1|1000|6|CG0169121|-20|-77|CG0169122|-17|-78|CG0169123|-23|-75|CG0169124|-16|-77|CG0169125|-20|-78|CG0169126|-25|-76
377|2|2|400|1|CG0188462|-33|-62
377|2|3|500|6|CG0169088|-19|-75|CG0169089|-23|-79|CG0169090|-35|-76|CG0169091|-23|-75|CG0169092|-19|-79|CG0169093|-25|-76
377|2|4|100|1|CG0196424|-14|-57
377|2|5|2000|58|CG0169078|-16|-69|CG0169078|-16|-69|CG0169080|-16|-68|CG0169080|-16|-68|CG0169081|-19|-69|CG0169081|-19|-69|CG0169082|-16|-70|CG0169082|-16|-70|CG0169078|-16|-69|CG0169078|-16|-69|CG0169080|-16|-68|CG0169080|-16|-68|CG0169081|-19|-69|CG0169081|-19|-69|CG0169082|-16|-70|CG0169082|-16|-70|CG0169078|-16|-69|CG0169078|-16|-69|CG0169080|-16|-68|CG0169080|-16|-68|CG0169081|-19|-69|CG0169081|-19|-69|CG0169082|-16|-70|CG0169082|-16|-70|CG0169078|-16|-69|CG0169078|-16|-69|CG0169080|-16|-68|CG0169080|-16|-68|CG0169081|-19|-69|CG0169081|-19|-69|CG0169082|-16|-70|CG0169082|-16|-70|CG0169083|-37|-64|CG0169083|-37|-64|CG0169083|-37|-64|CG0169083|-37|-64|CG0169083|-37|-64|CG0169083|-37|-64|CG0169084|-21|-66|CG0169084|-21|-66|CG0169085|-18|-69|CG0169085|-18|-69|CG0169086|-18|-70|CG0169086|-18|-70|CG0169086|-18|-70|CG0169086|-18|-70|CG0169086|-18|-70|CG0169086|-18|-70|CG0169086|-18|-70|CG0169086|-18|-70|CG0169087|-18|-69|CG0169087|-18|-69|CG0169087|-18|-69|CG0169087|-18|-69|CG0169079|-17|-69|CG0169079|-17|-69|CG0169079|-17|-69|CG0169079|-17|-69
377|2|6|2000|22|CG0169109|-16|-76|CG0169109|-16|-76|CG0169109|-16|-76|CG0169110|-17|-78|CG0169110|-17|-78|CG0169110|-17|-78|CG0169111|-31|-75|CG0169111|-31|-75|CG0169112|-33|-74|CG0169112|-33|-74|CG0169111|-31|-75|CG0169111|-31|-75|CG0169112|-33|-74|CG0169112|-33|-74|CG0169111|-31|-75|CG0169111|-31|-75|CG0169112|-33|-74|CG0169112|-33|-74|CG0169111|-31|-75|CG0169111|-31|-75|CG0169112|-33|-74|CG0169112|-33|-74
377|2|7|1000|26|CG0167819|-16|-69|CG0167819|-16|-69|CG0167819|-16|-69|CG0167819|-16|-69|CG0167819|-16|-69|CG0167819|-16|-69|CG0167820|-17|-68|CG0167820|-17|-68|CG0167821|-17|-68|CG0167821|-17|-68|CG0167821|-17|-68|CG0167821|-17|-68|CG0167821|-17|-68|CG0167821|-17|-68|CG0167822|-16|-68|CG0167822|-16|-68|CG0167823|-16|-70|CG0167823|-16|-70|CG0167824|-16|-70|CG0167824|-16|-70|CG0167824|-16|-70|CG0167824|-16|-70|CG0167824|-16|-70|CG0167824|-16|-70|CG0167824|-16|-70|CG0167824|-16|-70
377|2|8|1000|2|CG0169104|-23|-77|CG0169105|-41|-51
377|2|9|1000|1|CG0169106|-18|-70
377|2|10|1300|8|CG0169096|-31|-90|CG0169097|-23|-97|CG0169098|-36|-95|CG0169099|-31|-82|CG0169100|-16|-47|CG0169101|-25|-47|CG0169102|-33|-55|CG0169103|-33|-40
377|3|0|800|4|CG0169167|-46|-68|CG0169168|-48|-72|CG0169169|-52|-68|CG0169168|-48|-72
377|3|1|1000|6|CG0169172|-31|-75|CG0169173|-28|-77|CG0169174|-28|-75|CG0169175|-31|-76|CG0169176|-34|-78|CG0169177|-35|-75
377|3|2|400|1|CG0188507|-36|-53
377|3|3|500|6|CG0169139|-24|-72|CG0169140|-24|-75|CG0169141|-37|-73|CG0169142|-24|-72|CG0169143|-24|-75|CG0169144|-39|-73
377|3|4|100|1|CG0196464|-10|-51
377|3|5|2000|58|CG0169129|-28|-68|CG0169129|-28|-68|CG0169131|-26|-67|CG0169131|-26|-67|CG0169132|-29|-68|CG0169132|-29|-68|CG0169133|-32|-69|CG0169133|-32|-69|CG0169129|-28|-68|CG0169129|-28|-68|CG0169131|-26|-67|CG0169131|-26|-67|CG0169132|-29|-68|CG0169132|-29|-68|CG0169133|-32|-69|CG0169133|-32|-69|CG0169129|-28|-68|CG0169129|-28|-68|CG0169131|-26|-67|CG0169131|-26|-67|CG0169132|-29|-68|CG0169132|-29|-68|CG0169133|-32|-69|CG0169133|-32|-69|CG0169129|-28|-68|CG0169129|-28|-68|CG0169131|-26|-67|CG0169131|-26|-67|CG0169132|-29|-68|CG0169132|-29|-68|CG0169133|-32|-69|CG0169133|-32|-69|CG0169134|-39|-65|CG0169134|-39|-65|CG0169134|-39|-65|CG0169134|-39|-65|CG0169134|-39|-65|CG0169134|-39|-65|CG0169135|-39|-65|CG0169135|-39|-65|CG0169136|-25|-65|CG0169136|-25|-65|CG0169137|-24|-62|CG0169137|-24|-62|CG0169137|-24|-62|CG0169137|-24|-62|CG0169137|-24|-62|CG0169137|-24|-62|CG0169137|-24|-62|CG0169137|-24|-62|CG0169138|-25|-64|CG0169138|-25|-64|CG0169138|-25|-64|CG0169138|-25|-64|CG0169130|-24|-67|CG0169130|-24|-67|CG0169130|-24|-67|CG0169130|-24|-67
377|3|6|2000|22|CG0169160|-24|-72|CG0169160|-24|-72|CG0169160|-24|-72|CG0169161|-24|-81|CG0169161|-24|-81|CG0169161|-24|-81|CG0169162|-29|-87|CG0169162|-29|-87|CG0169163|-31|-86|CG0169163|-31|-86|CG0169162|-29|-87|CG0169162|-29|-87|CG0169163|-31|-86|CG0169163|-31|-86|CG0169162|-29|-87|CG0169162|-29|-87|CG0169163|-31|-86|CG0169163|-31|-86|CG0169162|-29|-87|CG0169162|-29|-87|CG0169163|-31|-86|CG0169163|-31|-86
377|3|7|1000|26|CG0167887|-24|-68|CG0167887|-24|-68|CG0167887|-24|-68|CG0167887|-24|-68|CG0167887|-24|-68|CG0167887|-24|-68|CG0167888|-23|-68|CG0167888|-23|-68|CG0167889|-23|-67|CG0167889|-23|-67|CG0167889|-23|-67|CG0167889|-23|-67|CG0167889|-23|-67|CG0167889|-23|-67|CG0167890|-23|-67|CG0167890|-23|-67|CG0167891|-24|-68|CG0167891|-24|-68|CG0167892|-24|-68|CG0167892|-24|-68|CG0167892|-24|-68|CG0167892|-24|-68|CG0167892|-24|-68|CG0167892|-24|-68|CG0167892|-24|-68|CG0167892|-24|-68
377|3|8|1000|2|CG0169155|-24|-66|CG0169156|-63|-58
377|3|9|1000|1|CG0169157|-41|-70
377|3|10|1300|8|CG0169147|-37|-87|CG0169148|-20|-94|CG0169149|-22|-95|CG0169150|-29|-72|CG0169151|-15|-46|CG0169152|-24|-50|CG0169153|-26|-35|CG0169154|-27|-23
377|4|0|800|4|CG0169218|-40|-68|CG0169219|-42|-72|CG0169220|-44|-70|CG0169219|-42|-72
377|4|1|1000|6|CG0169223|-32|-75|CG0169224|-30|-77|CG0169225|-29|-74|CG0169226|-32|-76|CG0169227|-34|-77|CG0169228|-34|-75
377|4|2|400|1|CG0188552|-25|-51
377|4|3|500|6|CG0169190|-28|-67|CG0169191|-28|-71|CG0169192|-28|-68|CG0169193|-28|-67|CG0169194|-28|-71|CG0169195|-34|-68
377|4|4|100|1|CG0196504|-21|-46
377|4|5|2000|58|CG0169180|-32|-67|CG0169180|-32|-67|CG0169182|-26|-67|CG0169182|-26|-67|CG0169183|-24|-67|CG0169183|-24|-67|CG0169184|-31|-68|CG0169184|-31|-68|CG0169180|-32|-67|CG0169180|-32|-67|CG0169182|-26|-67|CG0169182|-26|-67|CG0169183|-24|-67|CG0169183|-24|-67|CG0169184|-31|-68|CG0169184|-31|-68|CG0169180|-32|-67|CG0169180|-32|-67|CG0169182|-26|-67|CG0169182|-26|-67|CG0169183|-24|-67|CG0169183|-24|-67|CG0169184|-31|-68|CG0169184|-31|-68|CG0169180|-32|-67|CG0169180|-32|-67|CG0169182|-26|-67|CG0169182|-26|-67|CG0169183|-24|-67|CG0169183|-24|-67|CG0169184|-31|-68|CG0169184|-31|-68|CG0169185|-24|-67|CG0169185|-24|-67|CG0169185|-24|-67|CG0169185|-24|-67|CG0169185|-24|-67|CG0169185|-24|-67|CG0169186|-35|-65|CG0169186|-35|-65|CG0169187|-25|-60|CG0169187|-25|-60|CG0169188|-25|-55|CG0169188|-25|-55|CG0169188|-25|-55|CG0169188|-25|-55|CG0169188|-25|-55|CG0169188|-25|-55|CG0169188|-25|-55|CG0169188|-25|-55|CG0169189|-25|-60|CG0169189|-25|-60|CG0169189|-25|-60|CG0169189|-25|-60|CG0169181|-27|-65|CG0169181|-27|-65|CG0169181|-27|-65|CG0169181|-27|-65
377|4|6|2000|22|CG0169211|-27|-73|CG0169211|-27|-73|CG0169211|-27|-73|CG0169212|-29|-90|CG0169212|-29|-90|CG0169212|-29|-90|CG0169213|-43|-94|CG0169213|-43|-94|CG0169214|-44|-94|CG0169214|-44|-94|CG0169213|-43|-94|CG0169213|-43|-94|CG0169214|-44|-94|CG0169214|-44|-94|CG0169213|-43|-94|CG0169213|-43|-94|CG0169214|-44|-94|CG0169214|-44|-94|CG0169213|-43|-94|CG0169213|-43|-94|CG0169214|-44|-94|CG0169214|-44|-94
377|4|7|1000|26|CG0167955|-24|-67|CG0167955|-24|-67|CG0167955|-24|-67|CG0167955|-24|-67|CG0167955|-24|-67|CG0167955|-24|-67|CG0167956|-24|-67|CG0167956|-24|-67|CG0167957|-24|-67|CG0167957|-24|-67|CG0167957|-24|-67|CG0167957|-24|-67|CG0167957|-24|-67|CG0167957|-24|-67|CG0167958|-24|-66|CG0167958|-24|-66|CG0167959|-25|-65|CG0167959|-25|-65|CG0167960|-25|-66|CG0167960|-25|-66|CG0167960|-25|-66|CG0167960|-25|-66|CG0167960|-25|-66|CG0167960|-25|-66|CG0167960|-25|-66|CG0167960|-25|-66
377|4|8|1000|2|CG0169206|-24|-64|CG0169207|-50|-72
377|4|9|1000|1|CG0169208|-52|-72
377|4|10|1300|8|CG0169198|-32|-86|CG0169199|-35|-89|CG0169200|-22|-92|CG0169201|-17|-70|CG0169202|-19|-45|CG0169203|-25|-46|CG0169204|-26|-32|CG0169205|-31|-29
377|5|0|800|4|CG0169269|-26|-68|CG0169270|-25|-72|CG0169271|-24|-70|CG0169270|-25|-72
377|5|1|1000|6|CG0169274|-17|-74|CG0169275|-16|-76|CG0169276|-16|-73|CG0169277|-17|-75|CG0169278|-16|-76|CG0169279|-16|-74
377|5|2|400|1|CG0188597|-19|-60
377|5|3|500|6|CG0169241|-19|-65|CG0169242|-19|-69|CG0169243|-19|-66|CG0169244|-19|-65|CG0169245|-19|-69|CG0169246|-19|-66
377|5|4|100|1|CG0196544|-24|-45
377|5|5|2000|58|CG0169231|-20|-68|CG0169231|-20|-68|CG0169233|-17|-67|CG0169233|-17|-67|CG0169234|-30|-68|CG0169234|-30|-68|CG0169235|-17|-68|CG0169235|-17|-68|CG0169231|-20|-68|CG0169231|-20|-68|CG0169233|-17|-67|CG0169233|-17|-67|CG0169234|-30|-68|CG0169234|-30|-68|CG0169235|-17|-68|CG0169235|-17|-68|CG0169231|-20|-68|CG0169231|-20|-68|CG0169233|-17|-67|CG0169233|-17|-67|CG0169234|-30|-68|CG0169234|-30|-68|CG0169235|-17|-68|CG0169235|-17|-68|CG0169231|-20|-68|CG0169231|-20|-68|CG0169233|-17|-67|CG0169233|-17|-67|CG0169234|-30|-68|CG0169234|-30|-68|CG0169235|-17|-68|CG0169235|-17|-68|CG0169236|-42|-69|CG0169236|-42|-69|CG0169236|-42|-69|CG0169236|-42|-69|CG0169236|-42|-69|CG0169236|-42|-69|CG0169237|-18|-66|CG0169237|-18|-66|CG0169238|-19|-60|CG0169238|-19|-60|CG0169239|-19|-53|CG0169239|-19|-53|CG0169239|-19|-53|CG0169239|-19|-53|CG0169239|-19|-53|CG0169239|-19|-53|CG0169239|-19|-53|CG0169239|-19|-53|CG0169240|-19|-59|CG0169240|-19|-59|CG0169240|-19|-59|CG0169240|-19|-59|CG0169232|-18|-65|CG0169232|-18|-65|CG0169232|-18|-65|CG0169232|-18|-65
377|5|6|2000|22|CG0169262|-26|-80|CG0169262|-26|-80|CG0169262|-26|-80|CG0169263|-22|-99|CG0169263|-22|-99|CG0169263|-22|-99|CG0169264|-51|-94|CG0169264|-51|-94|CG0169265|-52|-94|CG0169265|-52|-94|CG0169264|-51|-94|CG0169264|-51|-94|CG0169265|-52|-94|CG0169265|-52|-94|CG0169264|-51|-94|CG0169264|-51|-94|CG0169265|-52|-94|CG0169265|-52|-94|CG0169264|-51|-94|CG0169264|-51|-94|CG0169265|-52|-94|CG0169265|-52|-94
377|5|7|1000|26|CG0168023|-24|-68|CG0168023|-24|-68|CG0168023|-24|-68|CG0168023|-24|-68|CG0168023|-24|-68|CG0168023|-24|-68|CG0168024|-23|-69|CG0168024|-23|-69|CG0168025|-20|-69|CG0168025|-20|-69|CG0168025|-20|-69|CG0168025|-20|-69|CG0168025|-20|-69|CG0168025|-20|-69|CG0168026|-21|-69|CG0168026|-21|-69|CG0168027|-23|-66|CG0168027|-23|-66|CG0168028|-25|-66|CG0168028|-25|-66|CG0168028|-25|-66|CG0168028|-25|-66|CG0168028|-25|-66|CG0168028|-25|-66|CG0168028|-25|-66|CG0168028|-25|-66
377|5|8|1000|2|CG0169257|-17|-64|CG0169258|-59|-82
377|5|9|1000|1|CG0169259|-34|-81
377|5|10|1300|8|CG0169249|-30|-87|CG0169250|-39|-83|CG0169251|-34|-89|CG0169252|-22|-61|CG0169253|-16|-43|CG0169254|-23|-44|CG0169255|-28|-34|CG0169256|-34|-27
377|6|0|800|4|CG0169320|-43|-71|CG0169321|-40|-75|CG0169322|-37|-72|CG0169321|-40|-75
377|6|1|1000|6|CG0169325|-43|-75|CG0169326|-45|-77|CG0169327|-46|-74|CG0169328|-43|-75|CG0169329|-41|-77|CG0169330|-39|-75
377|6|2|400|1|CG0188642|-38|-63
377|6|3|500|6|CG0169292|-45|-68|CG0169293|-46|-72|CG0169294|-46|-69|CG0169295|-45|-68|CG0169296|-46|-72|CG0169297|-46|-69
377|6|4|100|1|CG0196584|-20|-48
377|6|5|2000|58|CG0169282|-42|-70|CG0169282|-42|-70|CG0169284|-54|-70|CG0169284|-54|-70|CG0169285|-63|-70|CG0169285|-63|-70|CG0169286|-49|-71|CG0169286|-49|-71|CG0169282|-42|-70|CG0169282|-42|-70|CG0169284|-54|-70|CG0169284|-54|-70|CG0169285|-63|-70|CG0169285|-63|-70|CG0169286|-49|-71|CG0169286|-49|-71|CG0169282|-42|-70|CG0169282|-42|-70|CG0169284|-54|-70|CG0169284|-54|-70|CG0169285|-63|-70|CG0169285|-63|-70|CG0169286|-49|-71|CG0169286|-49|-71|CG0169282|-42|-70|CG0169282|-42|-70|CG0169284|-54|-70|CG0169284|-54|-70|CG0169285|-63|-70|CG0169285|-63|-70|CG0169286|-49|-71|CG0169286|-49|-71|CG0169287|-54|-70|CG0169287|-54|-70|CG0169287|-54|-70|CG0169287|-54|-70|CG0169287|-54|-70|CG0169287|-54|-70|CG0169288|-50|-69|CG0169288|-50|-69|CG0169289|-69|-65|CG0169289|-69|-65|CG0169290|-83|-59|CG0169290|-83|-59|CG0169290|-83|-59|CG0169290|-83|-59|CG0169290|-83|-59|CG0169290|-83|-59|CG0169290|-83|-59|CG0169290|-83|-59|CG0169291|-68|-64|CG0169291|-68|-64|CG0169291|-68|-64|CG0169291|-68|-64|CG0169283|-55|-68|CG0169283|-55|-68|CG0169283|-55|-68|CG0169283|-55|-68
377|6|6|2000|22|CG0169313|-25|-87|CG0169313|-25|-87|CG0169313|-25|-87|CG0169314|-24|-104|CG0169314|-24|-104|CG0169314|-24|-104|CG0169315|-31|-85|CG0169315|-31|-85|CG0169316|-32|-85|CG0169316|-32|-85|CG0169315|-31|-85|CG0169315|-31|-85|CG0169316|-32|-85|CG0169316|-32|-85|CG0169315|-31|-85|CG0169315|-31|-85|CG0169316|-32|-85|CG0169316|-32|-85|CG0169315|-31|-85|CG0169315|-31|-85|CG0169316|-32|-85|CG0169316|-32|-85
377|6|7|1000|26|CG0168091|-25|-71|CG0168091|-25|-71|CG0168091|-25|-71|CG0168091|-25|-71|CG0168091|-25|-71|CG0168091|-25|-71|CG0168092|-21|-71|CG0168092|-21|-71|CG0168093|-21|-71|CG0168093|-21|-71|CG0168093|-21|-71|CG0168093|-21|-71|CG0168093|-21|-71|CG0168093|-21|-71|CG0168094|-21|-71|CG0168094|-21|-71|CG0168095|-38|-70|CG0168095|-38|-70|CG0168096|-22|-70|CG0168096|-22|-70|CG0168096|-22|-70|CG0168096|-22|-70|CG0168096|-22|-70|CG0168096|-22|-70|CG0168096|-22|-70|CG0168096|-22|-70
377|6|8|1000|2|CG0169308|-32|-68|CG0169309|-39|-82
377|6|9|1000|1|CG0169310|-19|-87
377|6|10|1300|8|CG0169300|-33|-91|CG0169301|-31|-80|CG0169302|-40|-86|CG0169303|-55|-56|CG0169304|-63|-40|CG0169305|-58|-40|CG0169306|-54|-34|CG0169307|-45|-28
377|7|0|800|4|CG0169371|-34|-71|CG0169372|-32|-74|CG0169373|-28|-71|CG0169372|-32|-74
377|7|1|1000|6|CG0169376|-48|-76|CG0169377|-50|-78|CG0169378|-52|-75|CG0169379|-47|-76|CG0169380|-45|-77|CG0169381|-44|-76
377|7|2|400|1|CG0188687|-44|-60
377|7|3|500|6|CG0169343|-50|-72|CG0169344|-50|-75|CG0169345|-50|-73|CG0169346|-50|-72|CG0169347|-50|-75|CG0169348|-50|-73
377|7|4|100|1|CG0196624|-25|-51
377|7|5|2000|58|CG0169333|-62|-71|CG0169333|-62|-71|CG0169335|-61|-71|CG0169335|-61|-71|CG0169336|-58|-71|CG0169336|-58|-71|CG0169337|-58|-71|CG0169337|-58|-71|CG0169333|-62|-71|CG0169333|-62|-71|CG0169335|-61|-71|CG0169335|-61|-71|CG0169336|-58|-71|CG0169336|-58|-71|CG0169337|-58|-71|CG0169337|-58|-71|CG0169333|-62|-71|CG0169333|-62|-71|CG0169335|-61|-71|CG0169335|-61|-71|CG0169336|-58|-71|CG0169336|-58|-71|CG0169337|-58|-71|CG0169337|-58|-71|CG0169333|-62|-71|CG0169333|-62|-71|CG0169335|-61|-71|CG0169335|-61|-71|CG0169336|-58|-71|CG0169336|-58|-71|CG0169337|-58|-71|CG0169337|-58|-71|CG0169338|-35|-69|CG0169338|-35|-69|CG0169338|-35|-69|CG0169338|-35|-69|CG0169338|-35|-69|CG0169338|-35|-69|CG0169339|-53|-69|CG0169339|-53|-69|CG0169340|-83|-69|CG0169340|-83|-69|CG0169341|-101|-67|CG0169341|-101|-67|CG0169341|-101|-67|CG0169341|-101|-67|CG0169341|-101|-67|CG0169341|-101|-67|CG0169341|-101|-67|CG0169341|-101|-67|CG0169342|-82|-69|CG0169342|-82|-69|CG0169342|-82|-69|CG0169342|-82|-69|CG0169334|-70|-70|CG0169334|-70|-70|CG0169334|-70|-70|CG0169334|-70|-70
377|7|6|2000|22|CG0169364|-25|-91|CG0169364|-25|-91|CG0169364|-25|-91|CG0169365|-25|-100|CG0169365|-25|-100|CG0169365|-25|-100|CG0169366|-27|-74|CG0169366|-27|-74|CG0169367|-27|-73|CG0169367|-27|-73|CG0169366|-27|-74|CG0169366|-27|-74|CG0169367|-27|-73|CG0169367|-27|-73|CG0169366|-27|-74|CG0169366|-27|-74|CG0169367|-27|-73|CG0169367|-27|-73|CG0169366|-27|-74|CG0169366|-27|-74|CG0169367|-27|-73|CG0169367|-27|-73
377|7|7|1000|26|CG0168159|-25|-71|CG0168159|-25|-71|CG0168159|-25|-71|CG0168159|-25|-71|CG0168159|-25|-71|CG0168159|-25|-71|CG0168160|-25|-71|CG0168160|-25|-71|CG0168161|-25|-71|CG0168161|-25|-71|CG0168161|-25|-71|CG0168161|-25|-71|CG0168161|-25|-71|CG0168161|-25|-71|CG0168162|-25|-72|CG0168162|-25|-72|CG0168163|-39|-71|CG0168163|-39|-71|CG0168164|-33|-71|CG0168164|-33|-71|CG0168164|-33|-71|CG0168164|-33|-71|CG0168164|-33|-71|CG0168164|-33|-71|CG0168164|-33|-71|CG0168164|-33|-71
377|7|8|1000|2|CG0169359|-30|-80|CG0169360|-14|-75
377|7|9|1000|1|CG0169361|-39|-79
377|7|10|1300|8|CG0169351|-37|-94|CG0169352|-29|-83|CG0169353|-34|-86|CG0169354|-77|-64|CG0169355|-84|-39|CG0169356|-80|-37|CG0169357|-75|-32|CG0169358|-77|-22
