375|0|0|800|4|CG0168214|-19|-72|CG0168215|-18|-74|CG0168216|-17|-70|CG0168215|-18|-74
375|0|1|1000|6|CG0168219|-20|-76|CG0168220|-15|-78|CG0168221|-25|-76|CG0168222|-16|-77|CG0168223|-19|-78|CG0168224|-21|-76
375|0|2|400|1|CG0188372|-32|-70
375|0|3|500|6|CG0168186|-22|-75|CG0168187|-24|-78|CG0168188|-31|-76|CG0168189|-23|-75|CG0168190|-22|-78|CG0168191|-23|-76
375|0|4|100|1|CG0196344|-27|-55
375|0|5|1500|34|CG0168176|-16|-72|CG0168176|-16|-72|CG0168178|-12|-66|CG0168178|-12|-66|CG0168178|-12|-66|CG0168178|-12|-66|CG0168178|-12|-66|CG0168178|-12|-66|CG0168179|-23|-77|CG0168179|-23|-77|CG0168180|-52|-75|CG0168180|-52|-75|CG0168181|-65|-74|CG0168181|-65|-74|CG0168181|-65|-74|CG0168181|-65|-74|CG0168181|-65|-74|CG0168181|-65|-74|CG0168182|-53|-74|CG0168182|-53|-74|CG0168183|-50|-78|CG0168183|-50|-78|CG0168184|-45|-80|CG0168184|-45|-80|CG0168184|-45|-80|CG0168184|-45|-80|CG0168184|-45|-80|CG0168184|-45|-80|CG0168184|-45|-80|CG0168184|-45|-80|CG0168185|-34|-77|CG0168185|-34|-77|CG0168177|-23|-74|CG0168177|-23|-74
375|0|6|2000|22|CG0168207|-20|-72|CG0168207|-20|-72|CG0168207|-20|-72|CG0168208|-19|-69|CG0168208|-19|-69|CG0168208|-19|-69|CG0168209|-29|-65|CG0168209|-29|-65|CG0168210|-30|-65|CG0168210|-30|-65|CG0168209|-29|-65|CG0168209|-29|-65|CG0168210|-30|-65|CG0168210|-30|-65|CG0168209|-29|-65|CG0168209|-29|-65|CG0168210|-30|-65|CG0168210|-30|-65|CG0168209|-29|-65|CG0168209|-29|-65|CG0168210|-30|-65|CG0168210|-30|-65
375|0|7|1000|26|CG0167683|-19|-72|CG0167683|-19|-72|CG0167683|-19|-72|CG0167683|-19|-72|CG0167683|-19|-72|CG0167683|-19|-72|CG0167684|-19|-71|CG0167684|-19|-71|CG0167685|-20|-71|CG0167685|-20|-71|CG0167685|-20|-71|CG0167685|-20|-71|CG0167685|-20|-71|CG0167685|-20|-71|CG0167686|-20|-72|CG0167686|-20|-72|CG0167687|-20|-73|CG0167687|-20|-73|CG0167688|-41|-73|CG0167688|-41|-73|CG0167688|-41|-73|CG0167688|-41|-73|CG0167688|-41|-73|CG0167688|-41|-73|CG0167688|-41|-73|CG0167688|-41|-73
375|0|8|1000|2|CG0168202|-18|-70|CG0168203|-11|-59
375|0|9|1000|1|CG0168204|-26|-68
375|0|10|1300|8|CG0168194|-23|-60|CG0168195|-34|-72|CG0168196|-26|-76|CG0168197|-44|-68|CG0168198|-45|-41|CG0168199|-45|-44|CG0168200|-45|-39|CG0168201|-47|-36
375|1|0|800|4|CG0168265|-16|-71|CG0168266|-16|-73|CG0168267|-16|-68|CG0168266|-16|-73
375|1|1|1000|6|CG0168270|-16|-77|CG0168271|-18|-79|CG0168272|-19|-76|CG0168273|-20|-77|CG0168274|-15|-79|CG0168275|-14|-76
375|1|2|400|1|CG0188417|-17|-71
375|1|3|500|6|CG0168237|-17|-77|CG0168238|-17|-80|CG0168239|-17|-78|CG0168240|-17|-77|CG0168241|-17|-80|CG0168242|-17|-78
375|1|4|100|1|CG0196384|-26|-58
375|1|5|1500|34|CG0168227|-19|-71|CG0168227|-19|-71|CG0168229|-22|-64|CG0168229|-22|-64|CG0168229|-22|-64|CG0168229|-22|-64|CG0168229|-22|-64|CG0168229|-22|-64|CG0168230|-13|-78|CG0168230|-13|-78|CG0168231|-20|-81|CG0168231|-20|-81|CG0168232|-41|-80|CG0168232|-41|-80|CG0168232|-41|-80|CG0168232|-41|-80|CG0168232|-41|-80|CG0168232|-41|-80|CG0168233|-34|-80|CG0168233|-34|-80|CG0168234|-22|-83|CG0168234|-22|-83|CG0168235|-20|-82|CG0168235|-20|-82|CG0168235|-20|-82|CG0168235|-20|-82|CG0168235|-20|-82|CG0168235|-20|-82|CG0168235|-20|-82|CG0168235|-20|-82|CG0168236|-15|-78|CG0168236|-15|-78|CG0168228|-18|-74|CG0168228|-18|-74
375|1|6|2000|22|CG0168258|-15|-70|CG0168258|-15|-70|CG0168258|-15|-70|CG0168259|-16|-67|CG0168259|-16|-67|CG0168259|-16|-67|CG0168260|-16|-64|CG0168260|-16|-64|CG0168261|-17|-64|CG0168261|-17|-64|CG0168260|-16|-64|CG0168260|-16|-64|CG0168261|-17|-64|CG0168261|-17|-64|CG0168260|-16|-64|CG0168260|-16|-64|CG0168261|-17|-64|CG0168261|-17|-64|CG0168260|-16|-64|CG0168260|-16|-64|CG0168261|-17|-64|CG0168261|-17|-64
375|1|7|1000|26|CG0167751|-16|-70|CG0167751|-16|-70|CG0167751|-16|-70|CG0167751|-16|-70|CG0167751|-16|-70|CG0167751|-16|-70|CG0167752|-15|-70|CG0167752|-15|-70|CG0167753|-15|-69|CG0167753|-15|-69|CG0167753|-15|-69|CG0167753|-15|-69|CG0167753|-15|-69|CG0167753|-15|-69|CG0167754|-16|-70|CG0167754|-16|-70|CG0167755|-15|-72|CG0167755|-15|-72|CG0167756|-26|-73|CG0167756|-26|-73|CG0167756|-26|-73|CG0167756|-26|-73|CG0167756|-26|-73|CG0167756|-26|-73|CG0167756|-26|-73|CG0167756|-26|-73
375|1|8|1000|2|CG0168253|-16|-70|CG0168254|-13|-49
375|1|9|1000|1|CG0168255|-18|-68
375|1|10|1300|8|CG0168245|-22|-59|CG0168246|-35|-60|CG0168247|-32|-72|CG0168248|-28|-71|CG0168249|-18|-46|CG0168250|-27|-47|CG0168251|-36|-45|CG0168252|-35|-45
375|2|0|800|4|CG0168316|-16|-69|CG0168317|-17|-72|CG0168318|-19|-67|CG0168317|-17|-72
375|2|1|1000|6|CG0168321|-20|-77|CG0168322|-17|-78|CG0168323|-23|-75|CG0168324|-16|-77|CG0168325|-20|-78|CG0168326|-25|-76
375|2|2|400|1|CG0188462|-33|-62
375|2|3|500|6|CG0168288|-19|-75|CG0168289|-23|-79|CG0168290|-35|-76|CG0168291|-23|-75|CG0168292|-19|-79|CG0168293|-25|-76
375|2|4|100|1|CG0196424|-14|-57
375|2|5|1500|34|CG0168278|-25|-70|CG0168278|-25|-70|CG0168280|-36|-62|CG0168280|-36|-62|CG0168280|-36|-62|CG0168280|-36|-62|CG0168280|-36|-62|CG0168280|-36|-62|CG0168281|-17|-75|CG0168281|-17|-75|CG0168282|-7|-78|CG0168282|-7|-78|CG0168283|-7|-78|CG0168283|-7|-78|CG0168283|-7|-78|CG0168283|-7|-78|CG0168283|-7|-78|CG0168283|-7|-78|CG0168284|-7|-77|CG0168284|-7|-77|CG0168285|-7|-78|CG0168285|-7|-78|CG0168286|-7|-77|CG0168286|-7|-77|CG0168286|-7|-77|CG0168286|-7|-77|CG0168286|-7|-77|CG0168286|-7|-77|CG0168286|-7|-77|CG0168286|-7|-77|CG0168287|-11|-74|CG0168287|-11|-74|CG0168279|-19|-71|CG0168279|-19|-71
375|2|6|2000|22|CG0168309|-16|-69|CG0168309|-16|-69|CG0168309|-16|-69|CG0168310|-17|-66|CG0168310|-17|-66|CG0168310|-17|-66|CG0168311|-18|-63|CG0168311|-18|-63|CG0168312|-18|-63|CG0168312|-18|-63|CG0168311|-18|-63|CG0168311|-18|-63|CG0168312|-18|-63|CG0168312|-18|-63|CG0168311|-18|-63|CG0168311|-18|-63|CG0168312|-18|-63|CG0168312|-18|-63|CG0168311|-18|-63|CG0168311|-18|-63|CG0168312|-18|-63|CG0168312|-18|-63
375|2|7|1000|26|CG0167819|-16|-69|CG0167819|-16|-69|CG0167819|-16|-69|CG0167819|-16|-69|CG0167819|-16|-69|CG0167819|-16|-69|CG0167820|-17|-68|CG0167820|-17|-68|CG0167821|-17|-68|CG0167821|-17|-68|CG0167821|-17|-68|CG0167821|-17|-68|CG0167821|-17|-68|CG0167821|-17|-68|CG0167822|-16|-68|CG0167822|-16|-68|CG0167823|-16|-70|CG0167823|-16|-70|CG0167824|-16|-70|CG0167824|-16|-70|CG0167824|-16|-70|CG0167824|-16|-70|CG0167824|-16|-70|CG0167824|-16|-70|CG0167824|-16|-70|CG0167824|-16|-70
375|2|8|1000|2|CG0168304|-23|-69|CG0168305|-39|-51
375|2|9|1000|1|CG0168306|-18|-68
375|2|10|1300|8|CG0168296|-30|-64|CG0168297|-23|-58|CG0168298|-36|-60|CG0168299|-27|-73|CG0168300|-12|-45|CG0168301|-19|-48|CG0168302|-29|-41|CG0168303|-32|-39
375|3|0|800|4|CG0168367|-24|-68|CG0168368|-23|-72|CG0168369|-24|-68|CG0168368|-23|-72
375|3|1|1000|6|CG0168372|-28|-75|CG0168373|-25|-77|CG0168374|-28|-75|CG0168375|-29|-76|CG0168376|-31|-78|CG0168377|-32|-75
375|3|2|400|1|CG0188507|-36|-53
375|3|3|500|6|CG0168339|-29|-72|CG0168340|-30|-75|CG0168341|-37|-73|CG0168342|-29|-72|CG0168343|-30|-75|CG0168344|-39|-73
375|3|4|100|1|CG0196464|-10|-51
375|3|5|1500|34|CG0168329|-28|-69|CG0168329|-28|-69|CG0168331|-42|-62|CG0168331|-42|-62|CG0168331|-42|-62|CG0168331|-42|-62|CG0168331|-42|-62|CG0168331|-42|-62|CG0168332|-30|-69|CG0168332|-30|-69|CG0168333|-5|-67|CG0168333|-5|-67|CG0168334|-5|-68|CG0168334|-5|-68|CG0168334|-5|-68|CG0168334|-5|-68|CG0168334|-5|-68|CG0168334|-5|-68|CG0168335|-5|-67|CG0168335|-5|-67|CG0168336|-5|-67|CG0168336|-5|-67|CG0168337|-5|-65|CG0168337|-5|-65|CG0168337|-5|-65|CG0168337|-5|-65|CG0168337|-5|-65|CG0168337|-5|-65|CG0168337|-5|-65|CG0168337|-5|-65|CG0168338|-17|-66|CG0168338|-17|-66|CG0168330|-36|-68|CG0168330|-36|-68
375|3|6|2000|22|CG0168360|-24|-68|CG0168360|-24|-68|CG0168360|-24|-68|CG0168361|-24|-66|CG0168361|-24|-66|CG0168361|-24|-66|CG0168362|-30|-63|CG0168362|-30|-63|CG0168363|-30|-63|CG0168363|-30|-63|CG0168362|-30|-63|CG0168362|-30|-63|CG0168363|-30|-63|CG0168363|-30|-63|CG0168362|-30|-63|CG0168362|-30|-63|CG0168363|-30|-63|CG0168363|-30|-63|CG0168362|-30|-63|CG0168362|-30|-63|CG0168363|-30|-63|CG0168363|-30|-63
375|3|7|1000|26|CG0167887|-24|-68|CG0167887|-24|-68|CG0167887|-24|-68|CG0167887|-24|-68|CG0167887|-24|-68|CG0167887|-24|-68|CG0167888|-23|-68|CG0167888|-23|-68|CG0167889|-23|-67|CG0167889|-23|-67|CG0167889|-23|-67|CG0167889|-23|-67|CG0167889|-23|-67|CG0167889|-23|-67|CG0167890|-23|-67|CG0167890|-23|-67|CG0167891|-24|-68|CG0167891|-24|-68|CG0167892|-24|-68|CG0167892|-24|-68|CG0167892|-24|-68|CG0167892|-24|-68|CG0167892|-24|-68|CG0167892|-24|-68|CG0167892|-24|-68|CG0167892|-24|-68
375|3|8|1000|2|CG0168355|-24|-66|CG0168356|-60|-58
375|3|9|1000|1|CG0168357|-20|-70
375|3|10|1300|8|CG0168347|-36|-67|CG0168348|-20|-60|CG0168349|-22|-60|CG0168350|-29|-69|CG0168351|-15|-46|CG0168352|-24|-43|CG0168353|-25|-35|CG0168354|-27|-24
375|4|0|800|4|CG0168418|-25|-68|CG0168419|-24|-72|CG0168420|-24|-70|CG0168419|-24|-72
375|4|1|1000|6|CG0168423|-29|-75|CG0168424|-30|-77|CG0168425|-31|-74|CG0168426|-29|-76|CG0168427|-30|-77|CG0168428|-31|-75
375|4|2|400|1|CG0188552|-25|-51
375|4|3|500|6|CG0168390|-33|-67|CG0168391|-33|-71|CG0168392|-33|-68|CG0168393|-33|-67|CG0168394|-33|-71|CG0168395|-34|-68
375|4|4|100|1|CG0196504|-21|-46
375|4|5|1500|34|CG0168380|-41|-69|CG0168380|-41|-69|CG0168382|-33|-62|CG0168382|-33|-62|CG0168382|-33|-62|CG0168382|-33|-62|CG0168382|-33|-62|CG0168382|-33|-62|CG0168383|-36|-63|CG0168383|-36|-63|CG0168384|-9|-56|CG0168384|-9|-56|CG0168385|-9|-56|CG0168385|-9|-56|CG0168385|-9|-56|CG0168385|-9|-56|CG0168385|-9|-56|CG0168385|-9|-56|CG0168386|-9|-56|CG0168386|-9|-56|CG0168387|-6|-55|CG0168387|-6|-55|CG0168388|-22|-54|CG0168388|-22|-54|CG0168388|-22|-54|CG0168388|-22|-54|CG0168388|-22|-54|CG0168388|-22|-54|CG0168388|-22|-54|CG0168388|-22|-54|CG0168389|-37|-61|CG0168389|-37|-61|CG0168381|-36|-66|CG0168381|-36|-66
375|4|6|2000|22|CG0168411|-25|-67|CG0168411|-25|-67|CG0168411|-25|-67|CG0168412|-37|-66|CG0168412|-37|-66|CG0168412|-37|-66|CG0168413|-50|-64|CG0168413|-50|-64|CG0168414|-50|-64|CG0168414|-50|-64|CG0168413|-50|-64|CG0168413|-50|-64|CG0168414|-50|-64|CG0168414|-50|-64|CG0168413|-50|-64|CG0168413|-50|-64|CG0168414|-50|-64|CG0168414|-50|-64|CG0168413|-50|-64|CG0168413|-50|-64|CG0168414|-50|-64|CG0168414|-50|-64
375|4|7|1000|26|CG0167955|-24|-67|CG0167955|-24|-67|CG0167955|-24|-67|CG0167955|-24|-67|CG0167955|-24|-67|CG0167955|-24|-67|CG0167956|-24|-67|CG0167956|-24|-67|CG0167957|-24|-67|CG0167957|-24|-67|CG0167957|-24|-67|CG0167957|-24|-67|CG0167957|-24|-67|CG0167957|-24|-67|CG0167958|-24|-66|CG0167958|-24|-66|CG0167959|-25|-65|CG0167959|-25|-65|CG0167960|-25|-66|CG0167960|-25|-66|CG0167960|-25|-66|CG0167960|-25|-66|CG0167960|-25|-66|CG0167960|-25|-66|CG0167960|-25|-66|CG0167960|-25|-66
375|4|8|1000|2|CG0168406|-28|-64|CG0168407|-51|-72
375|4|9|1000|1|CG0168408|-18|-72
375|4|10|1300|8|CG0168398|-31|-76|CG0168399|-34|-64|CG0168400|-22|-58|CG0168401|-16|-62|CG0168402|-19|-45|CG0168403|-25|-44|CG0168404|-26|-31|CG0168405|-31|-29
375|5|0|800|4|CG0168469|-20|-68|CG0168470|-20|-72|CG0168471|-20|-70|CG0168470|-20|-72
375|5|1|1000|6|CG0168474|-16|-74|CG0168475|-18|-76|CG0168476|-20|-73|CG0168477|-16|-75|CG0168478|-15|-76|CG0168479|-15|-74
375|5|2|400|1|CG0188597|-19|-60
375|5|3|500|6|CG0168441|-19|-65|CG0168442|-19|-69|CG0168443|-19|-66|CG0168444|-19|-65|CG0168445|-19|-69|CG0168446|-19|-66
375|5|4|100|1|CG0196544|-24|-45
375|5|5|1500|34|CG0168431|-37|-69|CG0168431|-37|-69|CG0168433|-20|-65|CG0168433|-20|-65|CG0168433|-20|-65|CG0168433|-20|-65|CG0168433|-20|-65|CG0168433|-20|-65|CG0168434|-31|-62|CG0168434|-31|-62|CG0168435|-20|-49|CG0168435|-20|-49|CG0168436|-21|-49|CG0168436|-21|-49|CG0168436|-21|-49|CG0168436|-21|-49|CG0168436|-21|-49|CG0168436|-21|-49|CG0168437|-22|-49|CG0168437|-22|-49|CG0168438|-27|-50|CG0168438|-27|-50|CG0168439|-56|-51|CG0168439|-56|-51|CG0168439|-56|-51|CG0168439|-56|-51|CG0168439|-56|-51|CG0168439|-56|-51|CG0168439|-56|-51|CG0168439|-56|-51|CG0168440|-40|-59|CG0168440|-40|-59|CG0168432|-25|-65|CG0168432|-25|-65
375|5|6|2000|22|CG0168462|-26|-68|CG0168462|-26|-68|CG0168462|-26|-68|CG0168463|-40|-67|CG0168463|-40|-67|CG0168463|-40|-67|CG0168464|-43|-64|CG0168464|-43|-64|CG0168465|-43|-64|CG0168465|-43|-64|CG0168464|-43|-64|CG0168464|-43|-64|CG0168465|-43|-64|CG0168465|-43|-64|CG0168464|-43|-64|CG0168464|-43|-64|CG0168465|-43|-64|CG0168465|-43|-64|CG0168464|-43|-64|CG0168464|-43|-64|CG0168465|-43|-64|CG0168465|-43|-64
375|5|7|1000|26|CG0168023|-24|-68|CG0168023|-24|-68|CG0168023|-24|-68|CG0168023|-24|-68|CG0168023|-24|-68|CG0168023|-24|-68|CG0168024|-23|-69|CG0168024|-23|-69|CG0168025|-20|-69|CG0168025|-20|-69|CG0168025|-20|-69|CG0168025|-20|-69|CG0168025|-20|-69|CG0168025|-20|-69|CG0168026|-21|-69|CG0168026|-21|-69|CG0168027|-23|-66|CG0168027|-23|-66|CG0168028|-25|-66|CG0168028|-25|-66|CG0168028|-25|-66|CG0168028|-25|-66|CG0168028|-25|-66|CG0168028|-25|-66|CG0168028|-25|-66|CG0168028|-25|-66
375|5|8|1000|2|CG0168457|-18|-64|CG0168458|-32|-82
375|5|9|1000|1|CG0168459|-13|-72
375|5|10|1300|8|CG0168449|-25|-80|CG0168450|-39|-64|CG0168451|-33|-64|CG0168452|-22|-56|CG0168453|-16|-43|CG0168454|-23|-44|CG0168455|-28|-34|CG0168456|-33|-27
375|6|0|800|4|CG0168520|-22|-71|CG0168521|-20|-75|CG0168522|-19|-72|CG0168521|-20|-75
375|6|1|1000|6|CG0168525|-16|-75|CG0168526|-17|-77|CG0168527|-17|-74|CG0168528|-16|-75|CG0168529|-14|-77|CG0168530|-25|-75
375|6|2|400|1|CG0188642|-38|-63
375|6|3|500|6|CG0168492|-24|-68|CG0168493|-23|-72|CG0168494|-24|-69|CG0168495|-24|-68|CG0168496|-23|-72|CG0168497|-24|-69
375|6|4|100|1|CG0196584|-20|-48
375|6|5|1500|34|CG0168482|-20|-71|CG0168482|-20|-71|CG0168484|-24|-67|CG0168484|-24|-67|CG0168484|-24|-67|CG0168484|-24|-67|CG0168484|-24|-67|CG0168484|-24|-67|CG0168485|-32|-66|CG0168485|-32|-66|CG0168486|-63|-54|CG0168486|-63|-54|CG0168487|-38|-54|CG0168487|-38|-54|CG0168487|-38|-54|CG0168487|-38|-54|CG0168487|-38|-54|CG0168487|-38|-54|CG0168488|-38|-53|CG0168488|-38|-53|CG0168489|-62|-56|CG0168489|-62|-56|CG0168490|-64|-59|CG0168490|-64|-59|CG0168490|-64|-59|CG0168490|-64|-59|CG0168490|-64|-59|CG0168490|-64|-59|CG0168490|-64|-59|CG0168490|-64|-59|CG0168491|-33|-64|CG0168491|-33|-64|CG0168483|-23|-69|CG0168483|-23|-69
375|6|6|2000|22|CG0168513|-25|-71|CG0168513|-25|-71|CG0168513|-25|-71|CG0168514|-26|-69|CG0168514|-26|-69|CG0168514|-26|-69|CG0168515|-21|-66|CG0168515|-21|-66|CG0168516|-21|-66|CG0168516|-21|-66|CG0168515|-21|-66|CG0168515|-21|-66|CG0168516|-21|-66|CG0168516|-21|-66|CG0168515|-21|-66|CG0168515|-21|-66|CG0168516|-21|-66|CG0168516|-21|-66|CG0168515|-21|-66|CG0168515|-21|-66|CG0168516|-21|-66|CG0168516|-21|-66
375|6|7|1000|26|CG0168091|-25|-71|CG0168091|-25|-71|CG0168091|-25|-71|CG0168091|-25|-71|CG0168091|-25|-71|CG0168091|-25|-71|CG0168092|-21|-71|CG0168092|-21|-71|CG0168093|-21|-71|CG0168093|-21|-71|CG0168093|-21|-71|CG0168093|-21|-71|CG0168093|-21|-71|CG0168093|-21|-71|CG0168094|-21|-71|CG0168094|-21|-71|CG0168095|-38|-70|CG0168095|-38|-70|CG0168096|-22|-70|CG0168096|-22|-70|CG0168096|-22|-70|CG0168096|-22|-70|CG0168096|-22|-70|CG0168096|-22|-70|CG0168096|-22|-70|CG0168096|-22|-70
375|6|8|1000|2|CG0168508|-23|-67|CG0168509|-12|-82
375|6|9|1000|1|CG0168510|-18|-72
375|6|10|1300|8|CG0168500|-32|-77|CG0168501|-30|-74|CG0168502|-40|-64|CG0168503|-44|-56|CG0168504|-46|-40|CG0168505|-47|-40|CG0168506|-46|-34|CG0168507|-45|-27
375|7|0|800|4|CG0168571|-24|-71|CG0168572|-23|-74|CG0168573|-23|-71|CG0168572|-23|-74
375|7|1|1000|6|CG0168576|-14|-76|CG0168577|-13|-78|CG0168578|-27|-75|CG0168579|-13|-76|CG0168580|-17|-77|CG0168581|-26|-76
375|7|2|400|1|CG0188687|-44|-60
375|7|3|500|6|CG0168543|-27|-72|CG0168544|-27|-75|CG0168545|-29|-73|CG0168546|-27|-72|CG0168547|-27|-75|CG0168548|-27|-73
375|7|4|100|1|CG0196624|-25|-51
375|7|5|1500|34|CG0168533|-24|-71|CG0168533|-24|-71|CG0168535|-19|-67|CG0168535|-19|-67|CG0168535|-19|-67|CG0168535|-19|-67|CG0168535|-19|-67|CG0168535|-19|-67|CG0168536|-34|-72|CG0168536|-34|-72|CG0168537|-75|-64|CG0168537|-75|-64|CG0168538|-55|-63|CG0168538|-55|-63|CG0168538|-55|-63|CG0168538|-55|-63|CG0168538|-55|-63|CG0168538|-55|-63|CG0168539|-44|-63|CG0168539|-44|-63|CG0168540|-73|-67|CG0168540|-73|-67|CG0168541|-46|-70|CG0168541|-46|-70|CG0168541|-46|-70|CG0168541|-46|-70|CG0168541|-46|-70|CG0168541|-46|-70|CG0168541|-46|-70|CG0168541|-46|-70|CG0168542|-39|-71|CG0168542|-39|-71|CG0168534|-29|-71|CG0168534|-29|-71
375|7|6|2000|22|CG0168564|-25|-71|CG0168564|-25|-71|CG0168564|-25|-71|CG0168565|-25|-69|CG0168565|-25|-69|CG0168565|-25|-69|CG0168566|-27|-66|CG0168566|-27|-66|CG0168567|-27|-66|CG0168567|-27|-66|CG0168566|-27|-66|CG0168566|-27|-66|CG0168567|-27|-66|CG0168567|-27|-66|CG0168566|-27|-66|CG0168566|-27|-66|CG0168567|-27|-66|CG0168567|-27|-66|CG0168566|-27|-66|CG0168566|-27|-66|CG0168567|-27|-66|CG0168567|-27|-66
375|7|7|1000|26|CG0168159|-25|-71|CG0168159|-25|-71|CG0168159|-25|-71|CG0168159|-25|-71|CG0168159|-25|-71|CG0168159|-25|-71|CG0168160|-25|-71|CG0168160|-25|-71|CG0168161|-25|-71|CG0168161|-25|-71|CG0168161|-25|-71|CG0168161|-25|-71|CG0168161|-25|-71|CG0168161|-25|-71|CG0168162|-25|-72|CG0168162|-25|-72|CG0168163|-39|-71|CG0168163|-39|-71|CG0168164|-33|-71|CG0168164|-33|-71|CG0168164|-33|-71|CG0168164|-33|-71|CG0168164|-33|-71|CG0168164|-33|-71|CG0168164|-33|-71|CG0168164|-33|-71
375|7|8|1000|2|CG0168559|-23|-69|CG0168560|-14|-74
375|7|9|1000|1|CG0168561|-20|-70
375|7|10|1300|8|CG0168551|-36|-70|CG0168552|-25|-77|CG0168553|-33|-71|CG0168554|-56|-64|CG0168555|-57|-39|CG0168556|-58|-37|CG0168557|-57|-32|CG0168558|-57|-22
