372|0|0|800|4|CG0166918|-19|-72|CG0166919|-18|-74|CG0166920|-17|-70|CG0166919|-18|-74
372|0|1|1000|6|CG0166923|-20|-76|CG0166924|-15|-78|CG0166925|-25|-76|CG0166926|-16|-77|CG0166927|-19|-78|CG0166928|-21|-76
372|0|2|400|1|CG0188372|-32|-70
372|0|3|500|6|CG0166890|-22|-75|CG0166891|-24|-78|CG0166892|-31|-76|CG0166893|-23|-75|CG0166894|-22|-78|CG0166895|-23|-76
372|0|4|100|1|CG0196344|-27|-55
372|0|5|1500|34|CG0166880|-16|-72|CG0166880|-16|-72|CG0166882|-12|-66|CG0166882|-12|-66|CG0166882|-12|-66|CG0166882|-12|-66|CG0166882|-12|-66|CG0166882|-12|-66|CG0166883|-21|-79|CG0166883|-21|-79|CG0166884|-55|-75|CG0166884|-55|-75|CG0166885|-48|-74|CG0166885|-48|-74|CG0166885|-48|-74|CG0166885|-48|-74|CG0166885|-48|-74|CG0166885|-48|-74|CG0166886|-40|-74|CG0166886|-40|-74|CG0166887|-42|-78|CG0166887|-42|-78|CG0166888|-45|-80|CG0166888|-45|-80|CG0166888|-45|-80|CG0166888|-45|-80|CG0166888|-45|-80|CG0166888|-45|-80|CG0166888|-45|-80|CG0166888|-45|-80|CG0166889|-34|-77|CG0166889|-34|-77|CG0166881|-23|-74|CG0166881|-23|-74
372|0|6|2000|22|CG0166911|-20|-72|CG0166911|-20|-72|CG0166911|-20|-72|CG0166912|-19|-70|CG0166912|-19|-70|CG0166912|-19|-70|CG0166913|-29|-67|CG0166913|-29|-67|CG0166914|-30|-68|CG0166914|-30|-68|CG0166913|-29|-67|CG0166913|-29|-67|CG0166914|-30|-68|CG0166914|-30|-68|CG0166913|-29|-67|CG0166913|-29|-67|CG0166914|-30|-68|CG0166914|-30|-68|CG0166913|-29|-67|CG0166913|-29|-67|CG0166914|-30|-68|CG0166914|-30|-68
372|0|7|1000|26|CG0167683|-19|-72|CG0167683|-19|-72|CG0167683|-19|-72|CG0167683|-19|-72|CG0167683|-19|-72|CG0167683|-19|-72|CG0167684|-19|-71|CG0167684|-19|-71|CG0167685|-20|-71|CG0167685|-20|-71|CG0167685|-20|-71|CG0167685|-20|-71|CG0167685|-20|-71|CG0167685|-20|-71|CG0167686|-20|-72|CG0167686|-20|-72|CG0167687|-20|-73|CG0167687|-20|-73|CG0167688|-41|-73|CG0167688|-41|-73|CG0167688|-41|-73|CG0167688|-41|-73|CG0167688|-41|-73|CG0167688|-41|-73|CG0167688|-41|-73|CG0167688|-41|-73
372|0|8|1000|2|CG0166906|-18|-70|CG0166907|-11|-59
372|0|9|1000|1|CG0166908|-13|-73
372|0|10|1300|8|CG0166898|-23|-72|CG0166899|-34|-73|CG0166900|-25|-77|CG0166901|-44|-72|CG0166902|-45|-49|CG0166903|-46|-45|CG0166904|-48|-40|CG0166905|-57|-37
372|1|0|800|4|CG0166969|-16|-71|CG0166970|-16|-73|CG0166971|-16|-68|CG0166970|-16|-73
372|1|1|1000|6|CG0166974|-16|-77|CG0166975|-18|-79|CG0166976|-19|-76|CG0166977|-20|-77|CG0166978|-15|-79|CG0166979|-14|-76
372|1|2|400|1|CG0188417|-17|-71
372|1|3|500|6|CG0166941|-17|-77|CG0166942|-17|-80|CG0166943|-17|-78|CG0166944|-17|-77|CG0166945|-17|-80|CG0166946|-17|-78
372|1|4|100|1|CG0196384|-26|-58
372|1|5|1500|34|CG0166931|-19|-71|CG0166931|-19|-71|CG0166933|-22|-64|CG0166933|-22|-64|CG0166933|-22|-64|CG0166933|-22|-64|CG0166933|-22|-64|CG0166933|-22|-64|CG0166934|-12|-79|CG0166934|-12|-79|CG0166935|-20|-81|CG0166935|-20|-81|CG0166936|-37|-80|CG0166936|-37|-80|CG0166936|-37|-80|CG0166936|-37|-80|CG0166936|-37|-80|CG0166936|-37|-80|CG0166937|-35|-80|CG0166937|-35|-80|CG0166938|-22|-83|CG0166938|-22|-83|CG0166939|-20|-82|CG0166939|-20|-82|CG0166939|-20|-82|CG0166939|-20|-82|CG0166939|-20|-82|CG0166939|-20|-82|CG0166939|-20|-82|CG0166939|-20|-82|CG0166940|-15|-78|CG0166940|-15|-78|CG0166932|-18|-74|CG0166932|-18|-74
372|1|6|2000|22|CG0166962|-15|-70|CG0166962|-15|-70|CG0166962|-15|-70|CG0166963|-16|-67|CG0166963|-16|-67|CG0166963|-16|-67|CG0166964|-16|-64|CG0166964|-16|-64|CG0166965|-17|-64|CG0166965|-17|-64|CG0166964|-16|-64|CG0166964|-16|-64|CG0166965|-17|-64|CG0166965|-17|-64|CG0166964|-16|-64|CG0166964|-16|-64|CG0166965|-17|-64|CG0166965|-17|-64|CG0166964|-16|-64|CG0166964|-16|-64|CG0166965|-17|-64|CG0166965|-17|-64
372|1|7|1000|26|CG0167751|-16|-70|CG0167751|-16|-70|CG0167751|-16|-70|CG0167751|-16|-70|CG0167751|-16|-70|CG0167751|-16|-70|CG0167752|-15|-70|CG0167752|-15|-70|CG0167753|-15|-69|CG0167753|-15|-69|CG0167753|-15|-69|CG0167753|-15|-69|CG0167753|-15|-69|CG0167753|-15|-69|CG0167754|-16|-70|CG0167754|-16|-70|CG0167755|-15|-72|CG0167755|-15|-72|CG0167756|-26|-73|CG0167756|-26|-73|CG0167756|-26|-73|CG0167756|-26|-73|CG0167756|-26|-73|CG0167756|-26|-73|CG0167756|-26|-73|CG0167756|-26|-73
372|1|8|1000|2|CG0166957|-16|-70|CG0166958|-13|-49
372|1|9|1000|1|CG0166959|-13|-70
372|1|10|1300|8|CG0166949|-22|-68|CG0166950|-35|-68|CG0166951|-33|-73|CG0166952|-24|-84|CG0166953|-14|-58|CG0166954|-22|-58|CG0166955|-34|-50|CG0166956|-45|-45
372|2|0|800|4|CG0167020|-16|-69|CG0167021|-17|-72|CG0167022|-19|-67|CG0167021|-17|-72
372|2|1|1000|6|CG0167025|-20|-77|CG0167026|-17|-78|CG0167027|-23|-75|CG0167028|-16|-77|CG0167029|-20|-78|CG0167030|-25|-76
372|2|2|400|1|CG0188462|-33|-62
372|2|3|500|6|CG0166992|-19|-75|CG0166993|-23|-79|CG0166994|-35|-76|CG0166995|-23|-75|CG0166996|-19|-79|CG0166997|-25|-76
372|2|4|100|1|CG0196424|-14|-57
372|2|5|1500|34|CG0166982|-25|-70|CG0166982|-25|-70|CG0166984|-33|-62|CG0166984|-33|-62|CG0166984|-33|-62|CG0166984|-33|-62|CG0166984|-33|-62|CG0166984|-33|-62|CG0166985|-16|-74|CG0166985|-16|-74|CG0166986|-7|-78|CG0166986|-7|-78|CG0166987|-13|-78|CG0166987|-13|-78|CG0166987|-13|-78|CG0166987|-13|-78|CG0166987|-13|-78|CG0166987|-13|-78|CG0166988|-13|-77|CG0166988|-13|-77|CG0166989|-7|-78|CG0166989|-7|-78|CG0166990|-7|-77|CG0166990|-7|-77|CG0166990|-7|-77|CG0166990|-7|-77|CG0166990|-7|-77|CG0166990|-7|-77|CG0166990|-7|-77|CG0166990|-7|-77|CG0166991|-11|-74|CG0166991|-11|-74|CG0166983|-19|-71|CG0166983|-19|-71
372|2|6|2000|22|CG0167013|-16|-69|CG0167013|-16|-69|CG0167013|-16|-69|CG0167014|-17|-66|CG0167014|-17|-66|CG0167014|-17|-66|CG0167015|-18|-63|CG0167015|-18|-63|CG0167016|-18|-63|CG0167016|-18|-63|CG0167015|-18|-63|CG0167015|-18|-63|CG0167016|-18|-63|CG0167016|-18|-63|CG0167015|-18|-63|CG0167015|-18|-63|CG0167016|-18|-63|CG0167016|-18|-63|CG0167015|-18|-63|CG0167015|-18|-63|CG0167016|-18|-63|CG0167016|-18|-63
372|2|7|1000|26|CG0167819|-16|-69|CG0167819|-16|-69|CG0167819|-16|-69|CG0167819|-16|-69|CG0167819|-16|-69|CG0167819|-16|-69|CG0167820|-17|-68|CG0167820|-17|-68|CG0167821|-17|-68|CG0167821|-17|-68|CG0167821|-17|-68|CG0167821|-17|-68|CG0167821|-17|-68|CG0167821|-17|-68|CG0167822|-16|-68|CG0167822|-16|-68|CG0167823|-16|-70|CG0167823|-16|-70|CG0167824|-16|-70|CG0167824|-16|-70|CG0167824|-16|-70|CG0167824|-16|-70|CG0167824|-16|-70|CG0167824|-16|-70|CG0167824|-16|-70|CG0167824|-16|-70
372|2|8|1000|2|CG0167008|-23|-69|CG0167009|-29|-51
372|2|9|1000|1|CG0167010|-18|-68
372|2|10|1300|8|CG0167000|-31|-64|CG0167001|-23|-70|CG0167002|-36|-69|CG0167003|-27|-85|CG0167004|-12|-54|CG0167005|-19|-58|CG0167006|-29|-53|CG0167007|-33|-39
372|3|0|800|4|CG0167071|-24|-68|CG0167072|-23|-72|CG0167073|-24|-68|CG0167072|-23|-72
372|3|1|1000|6|CG0167076|-20|-75|CG0167077|-21|-77|CG0167078|-28|-75|CG0167079|-20|-76|CG0167080|-20|-78|CG0167081|-27|-75
372|3|2|400|1|CG0188507|-36|-53
372|3|3|500|6|CG0167043|-24|-72|CG0167044|-24|-75|CG0167045|-37|-73|CG0167046|-24|-72|CG0167047|-23|-75|CG0167048|-39|-73
372|3|4|100|1|CG0196464|-10|-51
372|3|5|1500|34|CG0167033|-24|-69|CG0167033|-24|-69|CG0167035|-40|-62|CG0167035|-40|-62|CG0167035|-40|-62|CG0167035|-40|-62|CG0167035|-40|-62|CG0167035|-40|-62|CG0167036|-21|-69|CG0167036|-21|-69|CG0167037|-5|-67|CG0167037|-5|-67|CG0167038|-5|-68|CG0167038|-5|-68|CG0167038|-5|-68|CG0167038|-5|-68|CG0167038|-5|-68|CG0167038|-5|-68|CG0167039|-5|-67|CG0167039|-5|-67|CG0167040|-5|-67|CG0167040|-5|-67|CG0167041|-5|-65|CG0167041|-5|-65|CG0167041|-5|-65|CG0167041|-5|-65|CG0167041|-5|-65|CG0167041|-5|-65|CG0167041|-5|-65|CG0167041|-5|-65|CG0167042|-9|-66|CG0167042|-9|-66|CG0167034|-19|-68|CG0167034|-19|-68
372|3|6|2000|22|CG0167064|-24|-68|CG0167064|-24|-68|CG0167064|-24|-68|CG0167065|-24|-66|CG0167065|-24|-66|CG0167065|-24|-66|CG0167066|-25|-63|CG0167066|-25|-63|CG0167067|-26|-63|CG0167067|-26|-63|CG0167066|-25|-63|CG0167066|-25|-63|CG0167067|-26|-63|CG0167067|-26|-63|CG0167066|-25|-63|CG0167066|-25|-63|CG0167067|-26|-63|CG0167067|-26|-63|CG0167066|-25|-63|CG0167066|-25|-63|CG0167067|-26|-63|CG0167067|-26|-63
372|3|7|1000|26|CG0167887|-24|-68|CG0167887|-24|-68|CG0167887|-24|-68|CG0167887|-24|-68|CG0167887|-24|-68|CG0167887|-24|-68|CG0167888|-23|-68|CG0167888|-23|-68|CG0167889|-23|-67|CG0167889|-23|-67|CG0167889|-23|-67|CG0167889|-23|-67|CG0167889|-23|-67|CG0167889|-23|-67|CG0167890|-23|-67|CG0167890|-23|-67|CG0167891|-24|-68|CG0167891|-24|-68|CG0167892|-24|-68|CG0167892|-24|-68|CG0167892|-24|-68|CG0167892|-24|-68|CG0167892|-24|-68|CG0167892|-24|-68|CG0167892|-24|-68|CG0167892|-24|-68
372|3|8|1000|2|CG0167059|-24|-66|CG0167060|-50|-58
372|3|9|1000|1|CG0167061|-20|-70
372|3|10|1300|8|CG0167051|-37|-68|CG0167052|-20|-65|CG0167053|-22|-72|CG0167054|-29|-77|CG0167055|-15|-46|CG0167056|-24|-47|CG0167057|-26|-45|CG0167058|-27|-25
372|4|0|800|4|CG0167122|-25|-68|CG0167123|-24|-72|CG0167124|-24|-70|CG0167123|-24|-72
372|4|1|1000|6|CG0167127|-15|-75|CG0167128|-20|-77|CG0167129|-25|-74|CG0167130|-19|-76|CG0167131|-16|-77|CG0167132|-17|-75
372|4|2|400|1|CG0188552|-25|-51
372|4|3|500|6|CG0167094|-22|-67|CG0167095|-22|-71|CG0167096|-23|-68|CG0167097|-22|-67|CG0167098|-22|-71|CG0167099|-34|-68
372|4|4|100|1|CG0196504|-21|-46
372|4|5|1500|34|CG0167084|-27|-69|CG0167084|-27|-69|CG0167086|-34|-62|CG0167086|-34|-62|CG0167086|-34|-62|CG0167086|-34|-62|CG0167086|-34|-62|CG0167086|-34|-62|CG0167087|-34|-63|CG0167087|-34|-63|CG0167088|-9|-56|CG0167088|-9|-56|CG0167089|-9|-56|CG0167089|-9|-56|CG0167089|-9|-56|CG0167089|-9|-56|CG0167089|-9|-56|CG0167089|-9|-56|CG0167090|-9|-56|CG0167090|-9|-56|CG0167091|-6|-55|CG0167091|-6|-55|CG0167092|-27|-54|CG0167092|-27|-54|CG0167092|-27|-54|CG0167092|-27|-54|CG0167092|-27|-54|CG0167092|-27|-54|CG0167092|-27|-54|CG0167092|-27|-54|CG0167093|-28|-61|CG0167093|-28|-61|CG0167085|-33|-66|CG0167085|-33|-66
372|4|6|2000|22|CG0167115|-24|-67|CG0167115|-24|-67|CG0167115|-24|-67|CG0167116|-24|-66|CG0167116|-24|-66|CG0167116|-24|-66|CG0167117|-31|-64|CG0167117|-31|-64|CG0167118|-33|-64|CG0167118|-33|-64|CG0167117|-31|-64|CG0167117|-31|-64|CG0167118|-33|-64|CG0167118|-33|-64|CG0167117|-31|-64|CG0167117|-31|-64|CG0167118|-33|-64|CG0167118|-33|-64|CG0167117|-31|-64|CG0167117|-31|-64|CG0167118|-33|-64|CG0167118|-33|-64
372|4|7|1000|26|CG0167955|-24|-67|CG0167955|-24|-67|CG0167955|-24|-67|CG0167955|-24|-67|CG0167955|-24|-67|CG0167955|-24|-67|CG0167956|-24|-67|CG0167956|-24|-67|CG0167957|-24|-67|CG0167957|-24|-67|CG0167957|-24|-67|CG0167957|-24|-67|CG0167957|-24|-67|CG0167957|-24|-67|CG0167958|-24|-66|CG0167958|-24|-66|CG0167959|-25|-65|CG0167959|-25|-65|CG0167960|-25|-66|CG0167960|-25|-66|CG0167960|-25|-66|CG0167960|-25|-66|CG0167960|-25|-66|CG0167960|-25|-66|CG0167960|-25|-66|CG0167960|-25|-66
372|4|8|1000|2|CG0167110|-24|-64|CG0167111|-53|-72
372|4|9|1000|1|CG0167112|-19|-72
372|4|10|1300|8|CG0167102|-32|-76|CG0167103|-35|-64|CG0167104|-22|-68|CG0167105|-17|-65|CG0167106|-19|-45|CG0167107|-25|-45|CG0167108|-26|-32|CG0167109|-31|-29
372|5|0|800|4|CG0167173|-24|-68|CG0167174|-23|-72|CG0167175|-24|-70|CG0167174|-23|-72
372|5|1|1000|6|CG0167178|-16|-74|CG0167179|-15|-76|CG0167180|-15|-73|CG0167181|-16|-75|CG0167182|-15|-76|CG0167183|-15|-74
372|5|2|400|1|CG0188597|-19|-60
372|5|3|500|6|CG0167145|-18|-65|CG0167146|-18|-69|CG0167147|-18|-66|CG0167148|-18|-65|CG0167149|-18|-69|CG0167150|-18|-66
372|5|4|100|1|CG0196544|-24|-45
372|5|5|1500|34|CG0167135|-33|-69|CG0167135|-33|-69|CG0167137|-20|-65|CG0167137|-20|-65|CG0167137|-20|-65|CG0167137|-20|-65|CG0167137|-20|-65|CG0167137|-20|-65|CG0167138|-35|-63|CG0167138|-35|-63|CG0167139|-20|-49|CG0167139|-20|-49|CG0167140|-21|-49|CG0167140|-21|-49|CG0167140|-21|-49|CG0167140|-21|-49|CG0167140|-21|-49|CG0167140|-21|-49|CG0167141|-22|-49|CG0167141|-22|-49|CG0167142|-30|-50|CG0167142|-30|-50|CG0167143|-56|-51|CG0167143|-56|-51|CG0167143|-56|-51|CG0167143|-56|-51|CG0167143|-56|-51|CG0167143|-56|-51|CG0167143|-56|-51|CG0167143|-56|-51|CG0167144|-45|-59|CG0167144|-45|-59|CG0167136|-38|-65|CG0167136|-38|-65
372|5|6|2000|22|CG0167166|-26|-68|CG0167166|-26|-68|CG0167166|-26|-68|CG0167167|-22|-67|CG0167167|-22|-67|CG0167167|-22|-67|CG0167168|-32|-70|CG0167168|-32|-70|CG0167169|-33|-72|CG0167169|-33|-72|CG0167168|-32|-70|CG0167168|-32|-70|CG0167169|-33|-72|CG0167169|-33|-72|CG0167168|-32|-70|CG0167168|-32|-70|CG0167169|-33|-72|CG0167169|-33|-72|CG0167168|-32|-70|CG0167168|-32|-70|CG0167169|-33|-72|CG0167169|-33|-72
372|5|7|1000|26|CG0168023|-24|-68|CG0168023|-24|-68|CG0168023|-24|-68|CG0168023|-24|-68|CG0168023|-24|-68|CG0168023|-24|-68|CG0168024|-23|-69|CG0168024|-23|-69|CG0168025|-20|-69|CG0168025|-20|-69|CG0168025|-20|-69|CG0168025|-20|-69|CG0168025|-20|-69|CG0168025|-20|-69|CG0168026|-21|-69|CG0168026|-21|-69|CG0168027|-23|-66|CG0168027|-23|-66|CG0168028|-25|-66|CG0168028|-25|-66|CG0168028|-25|-66|CG0168028|-25|-66|CG0168028|-25|-66|CG0168028|-25|-66|CG0168028|-25|-66|CG0168028|-25|-66
372|5|8|1000|2|CG0167161|-17|-64|CG0167162|-43|-82
372|5|9|1000|1|CG0167163|-22|-72
372|5|10|1300|8|CG0167153|-24|-80|CG0167154|-39|-65|CG0167155|-34|-64|CG0167156|-22|-57|CG0167157|-16|-43|CG0167158|-23|-44|CG0167159|-28|-34|CG0167160|-34|-27
372|6|0|800|4|CG0167224|-27|-71|CG0167225|-26|-75|CG0167226|-22|-72|CG0167225|-26|-75
372|6|1|1000|6|CG0167229|-24|-75|CG0167230|-23|-77|CG0167231|-22|-74|CG0167232|-24|-75|CG0167233|-22|-77|CG0167234|-25|-75
372|6|2|400|1|CG0188642|-38|-63
372|6|3|500|6|CG0167196|-24|-68|CG0167197|-23|-72|CG0167198|-24|-69|CG0167199|-24|-68|CG0167200|-23|-72|CG0167201|-24|-69
372|6|4|100|1|CG0196584|-20|-48
372|6|5|1500|34|CG0167186|-20|-71|CG0167186|-20|-71|CG0167188|-24|-67|CG0167188|-24|-67|CG0167188|-24|-67|CG0167188|-24|-67|CG0167188|-24|-67|CG0167188|-24|-67|CG0167189|-34|-68|CG0167189|-34|-68|CG0167190|-55|-54|CG0167190|-55|-54|CG0167191|-38|-54|CG0167191|-38|-54|CG0167191|-38|-54|CG0167191|-38|-54|CG0167191|-38|-54|CG0167191|-38|-54|CG0167192|-38|-53|CG0167192|-38|-53|CG0167193|-68|-56|CG0167193|-68|-56|CG0167194|-58|-61|CG0167194|-58|-61|CG0167194|-58|-61|CG0167194|-58|-61|CG0167194|-58|-61|CG0167194|-58|-61|CG0167194|-58|-61|CG0167194|-58|-61|CG0167195|-37|-64|CG0167195|-37|-64|CG0167187|-23|-69|CG0167187|-23|-69
372|6|6|2000|22|CG0167217|-25|-71|CG0167217|-25|-71|CG0167217|-25|-71|CG0167218|-24|-70|CG0167218|-24|-70|CG0167218|-24|-70|CG0167219|-21|-74|CG0167219|-21|-74|CG0167220|-21|-75|CG0167220|-21|-75|CG0167219|-21|-74|CG0167219|-21|-74|CG0167220|-21|-75|CG0167220|-21|-75|CG0167219|-21|-74|CG0167219|-21|-74|CG0167220|-21|-75|CG0167220|-21|-75|CG0167219|-21|-74|CG0167219|-21|-74|CG0167220|-21|-75|CG0167220|-21|-75
372|6|7|1000|26|CG0168091|-25|-71|CG0168091|-25|-71|CG0168091|-25|-71|CG0168091|-25|-71|CG0168091|-25|-71|CG0168091|-25|-71|CG0168092|-21|-71|CG0168092|-21|-71|CG0168093|-21|-71|CG0168093|-21|-71|CG0168093|-21|-71|CG0168093|-21|-71|CG0168093|-21|-71|CG0168093|-21|-71|CG0168094|-21|-71|CG0168094|-21|-71|CG0168095|-38|-70|CG0168095|-38|-70|CG0168096|-22|-70|CG0168096|-22|-70|CG0168096|-22|-70|CG0168096|-22|-70|CG0168096|-22|-70|CG0168096|-22|-70|CG0168096|-22|-70|CG0168096|-22|-70
372|6|8|1000|2|CG0167212|-27|-67|CG0167213|-13|-82
372|6|9|1000|1|CG0167214|-18|-74
372|6|10|1300|8|CG0167204|-33|-77|CG0167205|-31|-75|CG0167206|-40|-64|CG0167207|-45|-56|CG0167208|-46|-40|CG0167209|-48|-40|CG0167210|-47|-34|CG0167211|-45|-28
372|7|0|800|4|CG0167275|-24|-71|CG0167276|-23|-74|CG0167277|-23|-71|CG0167276|-23|-74
372|7|1|1000|6|CG0167280|-22|-76|CG0167281|-24|-78|CG0167282|-27|-75|CG0167283|-22|-76|CG0167284|-19|-77|CG0167285|-26|-76
372|7|2|400|1|CG0188687|-44|-60
372|7|3|500|6|CG0167247|-27|-72|CG0167248|-27|-75|CG0167249|-29|-73|CG0167250|-27|-72|CG0167251|-27|-75|CG0167252|-27|-73
372|7|4|100|1|CG0196624|-25|-51
372|7|5|1500|34|CG0167237|-24|-71|CG0167237|-24|-71|CG0167239|-19|-67|CG0167239|-19|-67|CG0167239|-19|-67|CG0167239|-19|-67|CG0167239|-19|-67|CG0167239|-19|-67|CG0167240|-33|-74|CG0167240|-33|-74|CG0167241|-72|-64|CG0167241|-72|-64|CG0167242|-44|-63|CG0167242|-44|-63|CG0167242|-44|-63|CG0167242|-44|-63|CG0167242|-44|-63|CG0167242|-44|-63|CG0167243|-44|-63|CG0167243|-44|-63|CG0167244|-71|-67|CG0167244|-71|-67|CG0167245|-46|-72|CG0167245|-46|-72|CG0167245|-46|-72|CG0167245|-46|-72|CG0167245|-46|-72|CG0167245|-46|-72|CG0167245|-46|-72|CG0167245|-46|-72|CG0167246|-39|-75|CG0167246|-39|-75|CG0167238|-29|-71|CG0167238|-29|-71
372|7|6|2000|22|CG0167268|-25|-71|CG0167268|-25|-71|CG0167268|-25|-71|CG0167269|-25|-72|CG0167269|-25|-72|CG0167269|-25|-72|CG0167270|-27|-73|CG0167270|-27|-73|CG0167271|-27|-74|CG0167271|-27|-74|CG0167270|-27|-73|CG0167270|-27|-73|CG0167271|-27|-74|CG0167271|-27|-74|CG0167270|-27|-73|CG0167270|-27|-73|CG0167271|-27|-74|CG0167271|-27|-74|CG0167270|-27|-73|CG0167270|-27|-73|CG0167271|-27|-74|CG0167271|-27|-74
372|7|7|1000|26|CG0168159|-25|-71|CG0168159|-25|-71|CG0168159|-25|-71|CG0168159|-25|-71|CG0168159|-25|-71|CG0168159|-25|-71|CG0168160|-25|-71|CG0168160|-25|-71|CG0168161|-25|-71|CG0168161|-25|-71|CG0168161|-25|-71|CG0168161|-25|-71|CG0168161|-25|-71|CG0168161|-25|-71|CG0168162|-25|-72|CG0168162|-25|-72|CG0168163|-39|-71|CG0168163|-39|-71|CG0168164|-33|-71|CG0168164|-33|-71|CG0168164|-33|-71|CG0168164|-33|-71|CG0168164|-33|-71|CG0168164|-33|-71|CG0168164|-33|-71|CG0168164|-33|-71
372|7|8|1000|2|CG0167263|-23|-69|CG0167264|-14|-74
372|7|9|1000|1|CG0167265|-20|-75
372|7|10|1300|8|CG0167255|-37|-70|CG0167256|-27|-78|CG0167257|-34|-72|CG0167258|-57|-64|CG0167259|-57|-39|CG0167260|-59|-37|CG0167261|-57|-32|CG0167262|-58|-22
