374|0|0|800|4|CG0167680|-19|-72|CG0167681|-18|-74|CG0167682|-17|-70|CG0167681|-18|-74
374|0|1|1000|6|CG0167692|-20|-76|CG0167693|-15|-78|CG0167694|-25|-76|CG0167695|-16|-77|CG0167696|-19|-78|CG0167697|-21|-76
374|0|2|400|1|CG0188372|-32|-70
374|0|3|500|6|CG0167640|-22|-75|CG0167641|-24|-78|CG0167642|-31|-76|CG0167643|-23|-75|CG0167644|-22|-78|CG0167645|-23|-76
374|0|4|100|1|CG0196344|-27|-55
374|0|5|1200|30|CG0167632|-27|-73|CG0167632|-27|-73|CG0167633|-20|-67|CG0167633|-20|-67|CG0167634|-20|-67|CG0167634|-20|-67|CG0167633|-20|-67|CG0167633|-20|-67|CG0167634|-20|-67|CG0167634|-20|-67|CG0167633|-20|-67|CG0167633|-20|-67|CG0167634|-20|-67|CG0167634|-20|-67|CG0167635|-28|-72|CG0167635|-28|-72|CG0167635|-28|-72|CG0167635|-28|-72|CG0167636|-43|-76|CG0167636|-43|-76|CG0167637|-48|-73|CG0167637|-48|-73|CG0167637|-48|-73|CG0167637|-48|-73|CG0167637|-48|-73|CG0167637|-48|-73|CG0167638|-37|-76|CG0167638|-37|-76|CG0167639|-31|-75|CG0167639|-31|-75
374|0|6|2000|22|CG0167669|-20|-72|CG0167669|-20|-72|CG0167669|-20|-72|CG0167670|-19|-69|CG0167670|-19|-69|CG0167670|-19|-69|CG0167671|-29|-65|CG0167671|-29|-65|CG0167672|-30|-65|CG0167672|-30|-65|CG0167671|-29|-65|CG0167671|-29|-65|CG0167672|-30|-65|CG0167672|-30|-65|CG0167671|-29|-65|CG0167671|-29|-65|CG0167672|-30|-65|CG0167672|-30|-65|CG0167671|-29|-65|CG0167671|-29|-65|CG0167672|-30|-65|CG0167672|-30|-65
374|0|7|1000|26|CG0167683|-19|-72|CG0167683|-19|-72|CG0167683|-19|-72|CG0167683|-19|-72|CG0167683|-19|-72|CG0167683|-19|-72|CG0167684|-19|-71|CG0167684|-19|-71|CG0167685|-20|-71|CG0167685|-20|-71|CG0167685|-20|-71|CG0167685|-20|-71|CG0167685|-20|-71|CG0167685|-20|-71|CG0167686|-20|-72|CG0167686|-20|-72|CG0167687|-20|-73|CG0167687|-20|-73|CG0167688|-41|-73|CG0167688|-41|-73|CG0167688|-41|-73|CG0167688|-41|-73|CG0167688|-41|-73|CG0167688|-41|-73|CG0167688|-41|-73|CG0167688|-41|-73
374|0|8|1000|2|CG0167660|-18|-70|CG0167661|-11|-59
374|0|9|1000|1|CG0167666|-13|-68
374|0|10|1300|8|CG0167652|-23|-59|CG0167653|-34|-73|CG0167654|-24|-77|CG0167655|-44|-68|CG0167656|-45|-41|CG0167657|-46|-44|CG0167658|-45|-40|CG0167659|-47|-37
374|1|0|800|4|CG0167748|-16|-71|CG0167749|-16|-73|CG0167750|-16|-68|CG0167749|-16|-73
374|1|1|1000|6|CG0167760|-16|-77|CG0167761|-18|-79|CG0167762|-19|-76|CG0167763|-20|-77|CG0167764|-15|-79|CG0167765|-14|-76
374|1|2|400|1|CG0188417|-17|-71
374|1|3|500|6|CG0167708|-17|-77|CG0167709|-17|-80|CG0167710|-17|-78|CG0167711|-17|-77|CG0167712|-17|-80|CG0167713|-17|-78
374|1|4|100|1|CG0196384|-26|-58
374|1|5|1200|30|CG0167700|-17|-73|CG0167700|-17|-73|CG0167701|-15|-66|CG0167701|-15|-66|CG0167702|-15|-66|CG0167702|-15|-66|CG0167701|-15|-66|CG0167701|-15|-66|CG0167702|-15|-66|CG0167702|-15|-66|CG0167701|-15|-66|CG0167701|-15|-66|CG0167702|-15|-66|CG0167702|-15|-66|CG0167703|-18|-75|CG0167703|-18|-75|CG0167703|-18|-75|CG0167703|-18|-75|CG0167704|-18|-80|CG0167704|-18|-80|CG0167705|-23|-79|CG0167705|-23|-79|CG0167705|-23|-79|CG0167705|-23|-79|CG0167705|-23|-79|CG0167705|-23|-79|CG0167706|-29|-82|CG0167706|-29|-82|CG0167707|-20|-76|CG0167707|-20|-76
374|1|6|2000|22|CG0167737|-15|-70|CG0167737|-15|-70|CG0167737|-15|-70|CG0167738|-16|-67|CG0167738|-16|-67|CG0167738|-16|-67|CG0167739|-16|-64|CG0167739|-16|-64|CG0167740|-17|-64|CG0167740|-17|-64|CG0167739|-16|-64|CG0167739|-16|-64|CG0167740|-17|-64|CG0167740|-17|-64|CG0167739|-16|-64|CG0167739|-16|-64|CG0167740|-17|-64|CG0167740|-17|-64|CG0167739|-16|-64|CG0167739|-16|-64|CG0167740|-17|-64|CG0167740|-17|-64
374|1|7|1000|26|CG0167751|-16|-70|CG0167751|-16|-70|CG0167751|-16|-70|CG0167751|-16|-70|CG0167751|-16|-70|CG0167751|-16|-70|CG0167752|-15|-70|CG0167752|-15|-70|CG0167753|-15|-69|CG0167753|-15|-69|CG0167753|-15|-69|CG0167753|-15|-69|CG0167753|-15|-69|CG0167753|-15|-69|CG0167754|-16|-70|CG0167754|-16|-70|CG0167755|-15|-72|CG0167755|-15|-72|CG0167756|-26|-73|CG0167756|-26|-73|CG0167756|-26|-73|CG0167756|-26|-73|CG0167756|-26|-73|CG0167756|-26|-73|CG0167756|-26|-73|CG0167756|-26|-73
374|1|8|1000|2|CG0167728|-16|-70|CG0167729|-13|-49
374|1|9|1000|1|CG0167734|-13|-68
374|1|10|1300|8|CG0167720|-22|-59|CG0167721|-35|-61|CG0167722|-32|-73|CG0167723|-23|-70|CG0167724|-14|-46|CG0167725|-22|-47|CG0167726|-29|-46|CG0167727|-33|-45
374|2|0|800|4|CG0167816|-16|-69|CG0167817|-17|-72|CG0167818|-19|-67|CG0167817|-17|-72
374|2|1|1000|6|CG0167828|-20|-77|CG0167829|-17|-78|CG0167830|-23|-75|CG0167831|-16|-77|CG0167832|-20|-78|CG0167833|-25|-76
374|2|2|400|1|CG0188462|-33|-62
374|2|3|500|6|CG0167776|-19|-75|CG0167777|-23|-79|CG0167778|-35|-76|CG0167779|-23|-75|CG0167780|-19|-79|CG0167781|-25|-76
374|2|4|100|1|CG0196424|-14|-57
374|2|5|1200|30|CG0167768|-18|-72|CG0167768|-18|-72|CG0167769|-22|-65|CG0167769|-22|-65|CG0167770|-21|-65|CG0167770|-21|-65|CG0167769|-22|-65|CG0167769|-22|-65|CG0167770|-21|-65|CG0167770|-21|-65|CG0167769|-22|-65|CG0167769|-22|-65|CG0167770|-21|-65|CG0167770|-21|-65|CG0167771|-13|-75|CG0167771|-13|-75|CG0167771|-13|-75|CG0167771|-13|-75|CG0167772|-4|-76|CG0167772|-4|-76|CG0167773|-3|-76|CG0167773|-3|-76|CG0167773|-3|-76|CG0167773|-3|-76|CG0167773|-3|-76|CG0167773|-3|-76|CG0167774|-8|-80|CG0167774|-8|-80|CG0167775|-13|-74|CG0167775|-13|-74
374|2|6|2000|22|CG0167805|-16|-69|CG0167805|-16|-69|CG0167805|-16|-69|CG0167806|-17|-66|CG0167806|-17|-66|CG0167806|-17|-66|CG0167807|-18|-63|CG0167807|-18|-63|CG0167808|-18|-63|CG0167808|-18|-63|CG0167807|-18|-63|CG0167807|-18|-63|CG0167808|-18|-63|CG0167808|-18|-63|CG0167807|-18|-63|CG0167807|-18|-63|CG0167808|-18|-63|CG0167808|-18|-63|CG0167807|-18|-63|CG0167807|-18|-63|CG0167808|-18|-63|CG0167808|-18|-63
374|2|7|1000|26|CG0167819|-16|-69|CG0167819|-16|-69|CG0167819|-16|-69|CG0167819|-16|-69|CG0167819|-16|-69|CG0167819|-16|-69|CG0167820|-17|-68|CG0167820|-17|-68|CG0167821|-17|-68|CG0167821|-17|-68|CG0167821|-17|-68|CG0167821|-17|-68|CG0167821|-17|-68|CG0167821|-17|-68|CG0167822|-16|-68|CG0167822|-16|-68|CG0167823|-16|-70|CG0167823|-16|-70|CG0167824|-16|-70|CG0167824|-16|-70|CG0167824|-16|-70|CG0167824|-16|-70|CG0167824|-16|-70|CG0167824|-16|-70|CG0167824|-16|-70|CG0167824|-16|-70
374|2|8|1000|2|CG0167796|-23|-69|CG0167797|-29|-51
374|2|9|1000|1|CG0167802|-18|-68
374|2|10|1300|8|CG0167788|-31|-64|CG0167789|-23|-57|CG0167790|-36|-61|CG0167791|-27|-73|CG0167792|-12|-44|CG0167793|-19|-47|CG0167794|-29|-41|CG0167795|-33|-39
374|3|0|800|4|CG0167884|-24|-68|CG0167885|-23|-72|CG0167886|-24|-68|CG0167885|-23|-72
374|3|1|1000|6|CG0167896|-20|-75|CG0167897|-21|-77|CG0167898|-28|-75|CG0167899|-20|-76|CG0167900|-20|-78|CG0167901|-27|-75
374|3|2|400|1|CG0188507|-36|-53
374|3|3|500|6|CG0167844|-24|-72|CG0167845|-24|-75|CG0167846|-37|-73|CG0167847|-24|-72|CG0167848|-23|-75|CG0167849|-39|-73
374|3|4|100|1|CG0196464|-10|-51
374|3|5|1200|30|CG0167836|-19|-71|CG0167836|-19|-71|CG0167837|-23|-66|CG0167837|-23|-66|CG0167838|-23|-66|CG0167838|-23|-66|CG0167837|-23|-66|CG0167837|-23|-66|CG0167838|-23|-66|CG0167838|-23|-66|CG0167837|-23|-66|CG0167837|-23|-66|CG0167838|-23|-66|CG0167838|-23|-66|CG0167839|-14|-72|CG0167839|-14|-72|CG0167839|-14|-72|CG0167839|-14|-72|CG0167840|9|-65|CG0167840|9|-65|CG0167841|9|-65|CG0167841|9|-65|CG0167841|9|-65|CG0167841|9|-65|CG0167841|9|-65|CG0167841|9|-65|CG0167842|3|-70|CG0167842|3|-70|CG0167843|-13|-72|CG0167843|-13|-72
374|3|6|2000|22|CG0167873|-24|-68|CG0167873|-24|-68|CG0167873|-24|-68|CG0167874|-24|-66|CG0167874|-24|-66|CG0167874|-24|-66|CG0167875|-24|-63|CG0167875|-24|-63|CG0167876|-24|-63|CG0167876|-24|-63|CG0167875|-24|-63|CG0167875|-24|-63|CG0167876|-24|-63|CG0167876|-24|-63|CG0167875|-24|-63|CG0167875|-24|-63|CG0167876|-24|-63|CG0167876|-24|-63|CG0167875|-24|-63|CG0167875|-24|-63|CG0167876|-24|-63|CG0167876|-24|-63
374|3|7|1000|26|CG0167887|-24|-68|CG0167887|-24|-68|CG0167887|-24|-68|CG0167887|-24|-68|CG0167887|-24|-68|CG0167887|-24|-68|CG0167888|-23|-68|CG0167888|-23|-68|CG0167889|-23|-67|CG0167889|-23|-67|CG0167889|-23|-67|CG0167889|-23|-67|CG0167889|-23|-67|CG0167889|-23|-67|CG0167890|-23|-67|CG0167890|-23|-67|CG0167891|-24|-68|CG0167891|-24|-68|CG0167892|-24|-68|CG0167892|-24|-68|CG0167892|-24|-68|CG0167892|-24|-68|CG0167892|-24|-68|CG0167892|-24|-68|CG0167892|-24|-68|CG0167892|-24|-68
374|3|8|1000|2|CG0167864|-24|-66|CG0167865|-50|-58
374|3|9|1000|1|CG0167870|-20|-70
374|3|10|1300|8|CG0167856|-37|-68|CG0167857|-20|-60|CG0167858|-22|-59|CG0167859|-29|-67|CG0167860|-15|-46|CG0167861|-24|-41|CG0167862|-26|-34|CG0167863|-27|-23
374|4|0|800|4|CG0167952|-25|-68|CG0167953|-24|-72|CG0167954|-24|-70|CG0167953|-24|-72
374|4|1|1000|6|CG0167964|-15|-75|CG0167965|-20|-77|CG0167966|-25|-74|CG0167967|-19|-76|CG0167968|-17|-77|CG0167969|-22|-75
374|4|2|400|1|CG0188552|-25|-51
374|4|3|500|6|CG0167912|-22|-67|CG0167913|-19|-71|CG0167914|-23|-68|CG0167915|-19|-67|CG0167916|-22|-71|CG0167917|-34|-68
374|4|4|100|1|CG0196504|-21|-46
374|4|5|1200|30|CG0167904|-19|-69|CG0167904|-19|-69|CG0167905|-22|-66|CG0167905|-22|-66|CG0167906|-22|-66|CG0167906|-22|-66|CG0167905|-22|-66|CG0167905|-22|-66|CG0167906|-22|-66|CG0167906|-22|-66|CG0167905|-22|-66|CG0167905|-22|-66|CG0167906|-22|-66|CG0167906|-22|-66|CG0167907|-13|-69|CG0167907|-13|-69|CG0167907|-13|-69|CG0167907|-13|-69|CG0167908|-1|-55|CG0167908|-1|-55|CG0167909|3|-53|CG0167909|3|-53|CG0167909|3|-53|CG0167909|3|-53|CG0167909|3|-53|CG0167909|3|-53|CG0167910|3|-59|CG0167910|3|-59|CG0167911|-17|-71|CG0167911|-17|-71
374|4|6|2000|22|CG0167941|-24|-67|CG0167941|-24|-67|CG0167941|-24|-67|CG0167942|-24|-66|CG0167942|-24|-66|CG0167942|-24|-66|CG0167943|-32|-64|CG0167943|-32|-64|CG0167944|-33|-64|CG0167944|-33|-64|CG0167943|-32|-64|CG0167943|-32|-64|CG0167944|-33|-64|CG0167944|-33|-64|CG0167943|-32|-64|CG0167943|-32|-64|CG0167944|-33|-64|CG0167944|-33|-64|CG0167943|-32|-64|CG0167943|-32|-64|CG0167944|-33|-64|CG0167944|-33|-64
374|4|7|1000|26|CG0167955|-24|-67|CG0167955|-24|-67|CG0167955|-24|-67|CG0167955|-24|-67|CG0167955|-24|-67|CG0167955|-24|-67|CG0167956|-24|-67|CG0167956|-24|-67|CG0167957|-24|-67|CG0167957|-24|-67|CG0167957|-24|-67|CG0167957|-24|-67|CG0167957|-24|-67|CG0167957|-24|-67|CG0167958|-24|-66|CG0167958|-24|-66|CG0167959|-25|-65|CG0167959|-25|-65|CG0167960|-25|-66|CG0167960|-25|-66|CG0167960|-25|-66|CG0167960|-25|-66|CG0167960|-25|-66|CG0167960|-25|-66|CG0167960|-25|-66|CG0167960|-25|-66
374|4|8|1000|2|CG0167932|-25|-64|CG0167933|-50|-72
374|4|9|1000|1|CG0167938|-18|-72
374|4|10|1300|8|CG0167924|-32|-76|CG0167925|-35|-64|CG0167926|-22|-58|CG0167927|-17|-56|CG0167928|-19|-45|CG0167929|-25|-45|CG0167930|-26|-32|CG0167931|-31|-29
374|5|0|800|4|CG0168020|-17|-68|CG0168021|-17|-72|CG0168022|-17|-70|CG0168021|-17|-72
374|5|1|1000|6|CG0168032|-19|-74|CG0168033|-15|-76|CG0168034|-14|-73|CG0168035|-17|-75|CG0168036|-18|-76|CG0168037|-18|-74
374|5|2|400|1|CG0188597|-19|-60
374|5|3|500|6|CG0167980|-17|-65|CG0167981|-17|-69|CG0167982|-17|-66|CG0167983|-17|-65|CG0167984|-17|-69|CG0167985|-17|-66
374|5|4|100|1|CG0196544|-24|-45
374|5|5|1200|30|CG0167972|-16|-69|CG0167972|-16|-69|CG0167973|-20|-67|CG0167973|-20|-67|CG0167974|-20|-67|CG0167974|-20|-67|CG0167973|-20|-67|CG0167973|-20|-67|CG0167974|-20|-67|CG0167974|-20|-67|CG0167973|-20|-67|CG0167973|-20|-67|CG0167974|-20|-67|CG0167974|-20|-67|CG0167975|-15|-66|CG0167975|-15|-66|CG0167975|-15|-66|CG0167975|-15|-66|CG0167976|-22|-49|CG0167976|-22|-49|CG0167977|-21|-46|CG0167977|-21|-46|CG0167977|-21|-46|CG0167977|-21|-46|CG0167977|-21|-46|CG0167977|-21|-46|CG0167978|-16|-52|CG0167978|-16|-52|CG0167979|-19|-69|CG0167979|-19|-69
374|5|6|2000|22|CG0168009|-26|-68|CG0168009|-26|-68|CG0168009|-26|-68|CG0168010|-24|-67|CG0168010|-24|-67|CG0168010|-24|-67|CG0168011|-30|-64|CG0168011|-30|-64|CG0168012|-30|-64|CG0168012|-30|-64|CG0168011|-30|-64|CG0168011|-30|-64|CG0168012|-30|-64|CG0168012|-30|-64|CG0168011|-30|-64|CG0168011|-30|-64|CG0168012|-30|-64|CG0168012|-30|-64|CG0168011|-30|-64|CG0168011|-30|-64|CG0168012|-30|-64|CG0168012|-30|-64
374|5|7|1000|26|CG0168023|-24|-68|CG0168023|-24|-68|CG0168023|-24|-68|CG0168023|-24|-68|CG0168023|-24|-68|CG0168023|-24|-68|CG0168024|-23|-69|CG0168024|-23|-69|CG0168025|-20|-69|CG0168025|-20|-69|CG0168025|-20|-69|CG0168025|-20|-69|CG0168025|-20|-69|CG0168025|-20|-69|CG0168026|-21|-69|CG0168026|-21|-69|CG0168027|-23|-66|CG0168027|-23|-66|CG0168028|-25|-66|CG0168028|-25|-66|CG0168028|-25|-66|CG0168028|-25|-66|CG0168028|-25|-66|CG0168028|-25|-66|CG0168028|-25|-66|CG0168028|-25|-66
374|5|8|1000|2|CG0168000|-18|-64|CG0168001|-33|-82
374|5|9|1000|1|CG0168006|-13|-72
374|5|10|1300|8|CG0167992|-23|-80|CG0167993|-39|-65|CG0167994|-34|-64|CG0167995|-22|-57|CG0167996|-16|-43|CG0167997|-23|-44|CG0167998|-28|-34|CG0167999|-34|-27
374|6|0|800|4|CG0168088|-21|-71|CG0168089|-19|-75|CG0168090|-19|-72|CG0168089|-19|-75
374|6|1|1000|6|CG0168100|-16|-75|CG0168101|-20|-77|CG0168102|-23|-74|CG0168103|-20|-75|CG0168104|-14|-77|CG0168105|-25|-75
374|6|2|400|1|CG0188642|-38|-63
374|6|3|500|6|CG0168048|-24|-68|CG0168049|-23|-72|CG0168050|-24|-69|CG0168051|-24|-68|CG0168052|-25|-72|CG0168053|-30|-69
374|6|4|100|1|CG0196584|-20|-48
374|6|5|1200|30|CG0168040|-17|-71|CG0168040|-17|-71|CG0168041|-19|-68|CG0168041|-19|-68|CG0168042|-19|-68|CG0168042|-19|-68|CG0168041|-19|-68|CG0168041|-19|-68|CG0168042|-19|-68|CG0168042|-19|-68|CG0168041|-19|-68|CG0168041|-19|-68|CG0168042|-19|-68|CG0168042|-19|-68|CG0168043|-18|-66|CG0168043|-18|-66|CG0168043|-18|-66|CG0168043|-18|-66|CG0168044|-44|-54|CG0168044|-44|-54|CG0168045|-50|-49|CG0168045|-50|-49|CG0168045|-50|-49|CG0168045|-50|-49|CG0168045|-50|-49|CG0168045|-50|-49|CG0168046|-40|-55|CG0168046|-40|-55|CG0168047|-25|-71|CG0168047|-25|-71
374|6|6|2000|22|CG0168077|-25|-71|CG0168077|-25|-71|CG0168077|-25|-71|CG0168078|-24|-69|CG0168078|-24|-69|CG0168078|-24|-69|CG0168079|-21|-69|CG0168079|-21|-69|CG0168080|-21|-70|CG0168080|-21|-70|CG0168079|-21|-69|CG0168079|-21|-69|CG0168080|-21|-70|CG0168080|-21|-70|CG0168079|-21|-69|CG0168079|-21|-69|CG0168080|-21|-70|CG0168080|-21|-70|CG0168079|-21|-69|CG0168079|-21|-69|CG0168080|-21|-70|CG0168080|-21|-70
374|6|7|1000|26|CG0168091|-25|-71|CG0168091|-25|-71|CG0168091|-25|-71|CG0168091|-25|-71|CG0168091|-25|-71|CG0168091|-25|-71|CG0168092|-21|-71|CG0168092|-21|-71|CG0168093|-21|-71|CG0168093|-21|-71|CG0168093|-21|-71|CG0168093|-21|-71|CG0168093|-21|-71|CG0168093|-21|-71|CG0168094|-21|-71|CG0168094|-21|-71|CG0168095|-38|-70|CG0168095|-38|-70|CG0168096|-22|-70|CG0168096|-22|-70|CG0168096|-22|-70|CG0168096|-22|-70|CG0168096|-22|-70|CG0168096|-22|-70|CG0168096|-22|-70|CG0168096|-22|-70
374|6|8|1000|2|CG0168068|-23|-67|CG0168069|-12|-82
374|6|9|1000|1|CG0168074|-18|-72
374|6|10|1300|8|CG0168060|-33|-77|CG0168061|-31|-75|CG0168062|-40|-64|CG0168063|-45|-56|CG0168064|-46|-40|CG0168065|-48|-40|CG0168066|-47|-34|CG0168067|-45|-28
374|7|0|800|4|CG0168156|-24|-71|CG0168157|-23|-74|CG0168158|-23|-71|CG0168157|-23|-74
374|7|1|1000|6|CG0168168|-14|-76|CG0168169|-18|-78|CG0168170|-27|-75|CG0168171|-14|-76|CG0168172|-17|-77|CG0168173|-26|-76
374|7|2|400|1|CG0188687|-44|-60
374|7|3|500|6|CG0168116|-27|-72|CG0168117|-27|-75|CG0168118|-29|-73|CG0168119|-27|-72|CG0168120|-27|-75|CG0168121|-27|-73
374|7|4|100|1|CG0196624|-25|-51
374|7|5|1200|30|CG0168108|-25|-72|CG0168108|-25|-72|CG0168109|-22|-67|CG0168109|-22|-67|CG0168110|-23|-67|CG0168110|-23|-67|CG0168109|-22|-67|CG0168109|-22|-67|CG0168110|-23|-67|CG0168110|-23|-67|CG0168109|-22|-67|CG0168109|-22|-67|CG0168110|-23|-67|CG0168110|-23|-67|CG0168111|-30|-68|CG0168111|-30|-68|CG0168111|-30|-68|CG0168111|-30|-68|CG0168112|-54|-65|CG0168112|-54|-65|CG0168113|-67|-62|CG0168113|-67|-62|CG0168113|-67|-62|CG0168113|-67|-62|CG0168113|-67|-62|CG0168113|-67|-62|CG0168114|-51|-65|CG0168114|-51|-65|CG0168115|-26|-73|CG0168115|-26|-73
374|7|6|2000|22|CG0168145|-25|-71|CG0168145|-25|-71|CG0168145|-25|-71|CG0168146|-25|-69|CG0168146|-25|-69|CG0168146|-25|-69|CG0168147|-27|-67|CG0168147|-27|-67|CG0168148|-27|-68|CG0168148|-27|-68|CG0168147|-27|-67|CG0168147|-27|-67|CG0168148|-27|-68|CG0168148|-27|-68|CG0168147|-27|-67|CG0168147|-27|-67|CG0168148|-27|-68|CG0168148|-27|-68|CG0168147|-27|-67|CG0168147|-27|-67|CG0168148|-27|-68|CG0168148|-27|-68
374|7|7|1000|26|CG0168159|-25|-71|CG0168159|-25|-71|CG0168159|-25|-71|CG0168159|-25|-71|CG0168159|-25|-71|CG0168159|-25|-71|CG0168160|-25|-71|CG0168160|-25|-71|CG0168161|-25|-71|CG0168161|-25|-71|CG0168161|-25|-71|CG0168161|-25|-71|CG0168161|-25|-71|CG0168161|-25|-71|CG0168162|-25|-72|CG0168162|-25|-72|CG0168163|-39|-71|CG0168163|-39|-71|CG0168164|-33|-71|CG0168164|-33|-71|CG0168164|-33|-71|CG0168164|-33|-71|CG0168164|-33|-71|CG0168164|-33|-71|CG0168164|-33|-71|CG0168164|-33|-71
374|7|8|1000|2|CG0168136|-23|-69|CG0168137|-14|-74
374|7|9|1000|1|CG0168142|-20|-70
374|7|10|1300|8|CG0168128|-37|-70|CG0168129|-25|-78|CG0168130|-34|-72|CG0168131|-57|-64|CG0168132|-57|-39|CG0168133|-59|-37|CG0168134|-57|-32|CG0168135|-58|-22
