399|0|0|1200|4|CG0177826|-15|-71|CG0177827|-15|-71|CG0177828|-19|-71|CG0177827|-15|-71
399|0|1|1000|6|CG0177831|-19|-72|CG0177832|-14|-73|CG0177833|-21|-70|CG0177834|-14|-72|CG0177835|-19|-73|CG0177836|-22|-70
399|0|2|400|1|CG0188372|-32|-70
399|0|3|600|6|CG0177800|-27|-72|CG0177801|-25|-75|CG0177802|-19|-73|CG0177803|-22|-72|CG0177804|-25|-75|CG0177805|-27|-73
399|0|4|100|1|CG0196344|-27|-55
399|0|5|1500|38|CG0177792|-22|-70|CG0177792|-22|-70|CG0177792|-22|-70|CG0177792|-22|-70|CG0177793|-21|-70|CG0177793|-21|-70|CG0177793|-21|-70|CG0177793|-21|-70|CG0177794|-18|-70|CG0177794|-18|-70|CG0177794|-18|-70|CG0177794|-18|-70|CG0177794|-18|-70|CG0177794|-18|-70|CG0177794|-18|-70|CG0177794|-18|-70|CG0177795|-30|-72|CG0177795|-30|-72|CG0177796|-53|-75|CG0177796|-53|-75|CG0177797|-62|-74|CG0177797|-62|-74|CG0177797|-62|-74|CG0177797|-62|-74|CG0177797|-62|-74|CG0177797|-62|-74|CG0177797|-62|-74|CG0177797|-62|-74|CG0177797|-62|-74|CG0177797|-62|-74|CG0177798|-48|-76|CG0177798|-48|-76|CG0177798|-48|-76|CG0177798|-48|-76|CG0177799|-26|-73|CG0177799|-26|-73|CG0177799|-26|-73|CG0177799|-26|-73
399|0|6|1500|13|CG0177819|-21|-73|CG0177819|-21|-73|CG0177820|-17|-79|CG0177820|-17|-79|CG0177820|-17|-79|CG0177820|-17|-79|CG0177821|-38|-72|CG0177821|-38|-72|CG0177822|-37|-71|CG0177822|-37|-71|CG0177822|-37|-71|CG0177822|-37|-71|CG0177822|-37|-71
399|0|7|1200|12|CG0177313|-24|-70|CG0177313|-24|-70|CG0177314|-24|-69|CG0177314|-24|-69|CG0177315|-19|-68|CG0177315|-19|-68|CG0177315|-19|-68|CG0177316|-32|-69|CG0177316|-32|-69|CG0177317|-36|-73|CG0177318|-47|-74|CG0177318|-47|-74
399|0|8|1000|2|CG0177814|-23|-73|CG0177815|-18|-71
399|0|9|1000|1|CG0177816|-27|-68
399|0|10|1500|16|CG0177808|-23|-72|CG0177808|-23|-72|CG0177809|-18|-64|CG0177809|-18|-64|CG0177810|-15|-52|CG0177810|-15|-52|CG0177810|-15|-52|CG0177810|-15|-52|CG0177810|-15|-52|CG0177811|-14|-48|CG0177811|-14|-48|CG0177812|-37|-51|CG0177812|-37|-51|CG0177813|-49|-34|CG0177813|-49|-34|CG0177813|-49|-34
399|1|0|1200|4|CG0177873|-21|-71|CG0177874|-21|-71|CG0177875|-20|-71|CG0177874|-21|-71
399|1|1|1000|6|CG0177878|-17|-71|CG0177879|-17|-73|CG0177880|-17|-70|CG0177881|-17|-71|CG0177882|-17|-72|CG0177883|-17|-70
399|1|2|400|1|CG0188417|-17|-71
399|1|3|600|6|CG0177847|-27|-73|CG0177848|-20|-75|CG0177849|-17|-73|CG0177850|-19|-73|CG0177851|-28|-75|CG0177852|-33|-73
399|1|4|100|1|CG0196384|-26|-58
399|1|5|1500|38|CG0177839|-20|-70|CG0177839|-20|-70|CG0177839|-20|-70|CG0177839|-20|-70|CG0177840|-19|-69|CG0177840|-19|-69|CG0177840|-19|-69|CG0177840|-19|-69|CG0177841|-17|-69|CG0177841|-17|-69|CG0177841|-17|-69|CG0177841|-17|-69|CG0177841|-17|-69|CG0177841|-17|-69|CG0177841|-17|-69|CG0177841|-17|-69|CG0177842|-20|-71|CG0177842|-20|-71|CG0177843|-32|-79|CG0177843|-32|-79|CG0177844|-34|-82|CG0177844|-34|-82|CG0177844|-34|-82|CG0177844|-34|-82|CG0177844|-34|-82|CG0177844|-34|-82|CG0177844|-34|-82|CG0177844|-34|-82|CG0177844|-34|-82|CG0177844|-34|-82|CG0177845|-26|-79|CG0177845|-26|-79|CG0177845|-26|-79|CG0177845|-26|-79|CG0177846|-21|-73|CG0177846|-21|-73|CG0177846|-21|-73|CG0177846|-21|-73
399|1|6|1500|13|CG0177866|-17|-72|CG0177866|-17|-72|CG0177867|-17|-81|CG0177867|-17|-81|CG0177867|-17|-81|CG0177867|-17|-81|CG0177868|-29|-72|CG0177868|-29|-72|CG0177869|-29|-71|CG0177869|-29|-71|CG0177869|-29|-71|CG0177869|-29|-71|CG0177869|-29|-71
399|1|7|1200|12|CG0177379|-21|-70|CG0177379|-21|-70|CG0177380|-20|-68|CG0177380|-20|-68|CG0177381|-16|-64|CG0177381|-16|-64|CG0177381|-16|-64|CG0177382|-16|-68|CG0177382|-16|-68|CG0177383|-26|-78|CG0177384|-26|-83|CG0177384|-26|-83
399|1|8|1000|2|CG0177861|-17|-75|CG0177862|-26|-69
399|1|9|1000|1|CG0177863|-17|-70
399|1|10|1500|16|CG0177855|-17|-71|CG0177855|-17|-71|CG0177856|-19|-63|CG0177856|-19|-63|CG0177857|-21|-52|CG0177857|-21|-52|CG0177857|-21|-52|CG0177857|-21|-52|CG0177857|-21|-52|CG0177858|-23|-48|CG0177858|-23|-48|CG0177859|-27|-56|CG0177859|-27|-56|CG0177860|-22|-42|CG0177860|-22|-42|CG0177860|-22|-42
399|2|0|1200|4|CG0177920|-22|-73|CG0177921|-22|-73|CG0177922|-21|-73|CG0177921|-22|-73
399|2|1|1000|6|CG0177925|-19|-72|CG0177926|-19|-73|CG0177927|-20|-70|CG0177928|-20|-72|CG0177929|-19|-73|CG0177930|-22|-71
399|2|2|400|1|CG0188462|-33|-62
399|2|3|600|6|CG0177894|-22|-72|CG0177895|-22|-75|CG0177896|-30|-73|CG0177897|-22|-72|CG0177898|-22|-75|CG0177899|-22|-73
399|2|4|100|1|CG0196424|-14|-57
399|2|5|1500|38|CG0177886|-19|-71|CG0177886|-19|-71|CG0177886|-19|-71|CG0177886|-19|-71|CG0177887|-19|-70|CG0177887|-19|-70|CG0177887|-19|-70|CG0177887|-19|-70|CG0177888|-23|-69|CG0177888|-23|-69|CG0177888|-23|-69|CG0177888|-23|-69|CG0177888|-23|-69|CG0177888|-23|-69|CG0177888|-23|-69|CG0177888|-23|-69|CG0177889|-17|-71|CG0177889|-17|-71|CG0177890|-16|-78|CG0177890|-16|-78|CG0177891|-16|-80|CG0177891|-16|-80|CG0177891|-16|-80|CG0177891|-16|-80|CG0177891|-16|-80|CG0177891|-16|-80|CG0177891|-16|-80|CG0177891|-16|-80|CG0177891|-16|-80|CG0177891|-16|-80|CG0177892|-12|-77|CG0177892|-12|-77|CG0177892|-12|-77|CG0177892|-12|-77|CG0177893|-18|-73|CG0177893|-18|-73|CG0177893|-18|-73|CG0177893|-18|-73
399|2|6|1500|13|CG0177913|-21|-73|CG0177913|-21|-73|CG0177914|-22|-75|CG0177914|-22|-75|CG0177914|-22|-75|CG0177914|-22|-75|CG0177915|-20|-72|CG0177915|-20|-72|CG0177916|-20|-71|CG0177916|-20|-71|CG0177916|-20|-71|CG0177916|-20|-71|CG0177916|-20|-71
399|2|7|1200|12|CG0177445|-20|-71|CG0177445|-20|-71|CG0177446|-22|-68|CG0177446|-22|-68|CG0177447|-22|-63|CG0177447|-22|-63|CG0177447|-22|-63|CG0177448|-13|-65|CG0177448|-13|-65|CG0177449|-8|-77|CG0177450|-13|-81|CG0177450|-13|-81
399|2|8|1000|2|CG0177908|-25|-73|CG0177909|-35|-64
399|2|9|1000|1|CG0177910|-26|-68
399|2|10|1500|16|CG0177902|-19|-72|CG0177902|-19|-72|CG0177903|-24|-65|CG0177903|-24|-65|CG0177904|-30|-56|CG0177904|-30|-56|CG0177904|-30|-56|CG0177904|-30|-56|CG0177904|-30|-56|CG0177905|-28|-52|CG0177905|-28|-52|CG0177906|-31|-59|CG0177906|-31|-59|CG0177907|-31|-41|CG0177907|-31|-41|CG0177907|-31|-41
399|3|0|1200|4|CG0177967|-18|-75|CG0177968|-17|-75|CG0177969|-17|-74|CG0177968|-17|-75
399|3|1|1000|6|CG0177972|-18|-73|CG0177973|-17|-74|CG0177974|-24|-71|CG0177975|-19|-73|CG0177976|-20|-74|CG0177977|-23|-72
399|3|2|400|1|CG0188507|-36|-53
399|3|3|600|6|CG0177941|-23|-71|CG0177942|-22|-74|CG0177943|-33|-71|CG0177944|-21|-71|CG0177945|-22|-74|CG0177946|-32|-71
399|3|4|100|1|CG0196464|-10|-51
399|3|5|1500|38|CG0177933|-18|-72|CG0177933|-18|-72|CG0177933|-18|-72|CG0177933|-18|-72|CG0177934|-27|-71|CG0177934|-27|-71|CG0177934|-27|-71|CG0177934|-27|-71|CG0177935|-30|-73|CG0177935|-30|-73|CG0177935|-30|-73|CG0177935|-30|-73|CG0177935|-30|-73|CG0177935|-30|-73|CG0177935|-30|-73|CG0177935|-30|-73|CG0177936|-38|-71|CG0177936|-38|-71|CG0177937|-7|-72|CG0177937|-7|-72|CG0177938|-6|-69|CG0177938|-6|-69|CG0177938|-6|-69|CG0177938|-6|-69|CG0177938|-6|-69|CG0177938|-6|-69|CG0177938|-6|-69|CG0177938|-6|-69|CG0177938|-6|-69|CG0177938|-6|-69|CG0177939|-11|-69|CG0177939|-11|-69|CG0177939|-11|-69|CG0177939|-11|-69|CG0177940|-11|-72|CG0177940|-11|-72|CG0177940|-11|-72|CG0177940|-11|-72
399|3|6|1500|13|CG0177960|-16|-73|CG0177960|-16|-73|CG0177961|-17|-72|CG0177961|-17|-72|CG0177961|-17|-72|CG0177961|-17|-72|CG0177962|-17|-73|CG0177962|-17|-73|CG0177963|-18|-73|CG0177963|-18|-73|CG0177963|-18|-73|CG0177963|-18|-73|CG0177963|-18|-73
399|3|7|1200|12|CG0177511|-17|-72|CG0177511|-17|-72|CG0177512|-21|-70|CG0177512|-21|-70|CG0177513|-36|-66|CG0177513|-36|-66|CG0177513|-36|-66|CG0177514|-19|-64|CG0177514|-19|-64|CG0177515|-9|-71|CG0177516|-14|-70|CG0177516|-14|-70
399|3|8|1000|2|CG0177955|-20|-68|CG0177956|-45|-63
399|3|9|1000|1|CG0177957|-22|-61
399|3|10|1500|16|CG0177949|-17|-73|CG0177949|-17|-73|CG0177950|-22|-68|CG0177950|-22|-68|CG0177951|-29|-61|CG0177951|-29|-61|CG0177951|-29|-61|CG0177951|-29|-61|CG0177951|-29|-61|CG0177952|-29|-57|CG0177952|-29|-57|CG0177953|-30|-58|CG0177953|-30|-58|CG0177954|-29|-29|CG0177954|-29|-29|CG0177954|-29|-29
399|4|0|1200|4|CG0178014|-18|-75|CG0178015|-19|-75|CG0178016|-19|-75|CG0178015|-19|-75
399|4|1|1000|6|CG0178019|-24|-74|CG0178020|-23|-75|CG0178021|-23|-72|CG0178022|-24|-74|CG0178023|-24|-75|CG0178024|-25|-73
399|4|2|400|1|CG0188552|-25|-51
399|4|3|600|6|CG0177988|-26|-68|CG0177989|-27|-71|CG0177990|-26|-68|CG0177991|-26|-68|CG0177992|-27|-71|CG0177993|-28|-68
399|4|4|100|1|CG0196504|-21|-46
399|4|5|1500|38|CG0177980|-20|-73|CG0177980|-20|-73|CG0177980|-20|-73|CG0177980|-20|-73|CG0177981|-30|-73|CG0177981|-30|-73|CG0177981|-30|-73|CG0177981|-30|-73|CG0177982|-35|-83|CG0177982|-35|-83|CG0177982|-35|-83|CG0177982|-35|-83|CG0177982|-35|-83|CG0177982|-35|-83|CG0177982|-35|-83|CG0177982|-35|-83|CG0177983|-47|-71|CG0177983|-47|-71|CG0177984|-7|-64|CG0177984|-7|-64|CG0177985|-8|-55|CG0177985|-8|-55|CG0177985|-8|-55|CG0177985|-8|-55|CG0177985|-8|-55|CG0177985|-8|-55|CG0177985|-8|-55|CG0177985|-8|-55|CG0177985|-8|-55|CG0177985|-8|-55|CG0177986|-9|-60|CG0177986|-9|-60|CG0177986|-9|-60|CG0177986|-9|-60|CG0177987|-16|-69|CG0177987|-16|-69|CG0177987|-16|-69|CG0177987|-16|-69
399|4|6|1500|13|CG0178007|-21|-73|CG0178007|-21|-73|CG0178008|-22|-69|CG0178008|-22|-69|CG0178008|-22|-69|CG0178008|-22|-69|CG0178009|-20|-74|CG0178009|-20|-74|CG0178010|-20|-74|CG0178010|-20|-74|CG0178010|-20|-74|CG0178010|-20|-74|CG0178010|-20|-74
399|4|7|1200|12|CG0177577|-18|-73|CG0177577|-18|-73|CG0177578|-25|-73|CG0177578|-25|-73|CG0177579|-35|-72|CG0177579|-35|-72|CG0177579|-35|-72|CG0177580|-26|-64|CG0177580|-26|-64|CG0177581|-12|-61|CG0177582|-22|-54|CG0177582|-22|-54
399|4|8|1000|2|CG0178002|-25|-64|CG0178003|-34|-74
399|4|9|1000|1|CG0178004|-26|-57
399|4|10|1500|16|CG0177996|-22|-74|CG0177996|-22|-74|CG0177997|-26|-71|CG0177997|-26|-71|CG0177998|-29|-65|CG0177998|-29|-65|CG0177998|-29|-65|CG0177998|-29|-65|CG0177998|-29|-65|CG0177999|-24|-62|CG0177999|-24|-62|CG0178000|-24|-53|CG0178000|-24|-53|CG0178001|-17|-26|CG0178001|-17|-26|CG0178001|-17|-26
399|5|0|1200|4|CG0178061|-16|-74|CG0178062|-14|-74|CG0178063|-15|-74|CG0178062|-14|-74
399|5|1|1000|6|CG0178066|-17|-74|CG0178067|-17|-75|CG0178068|-17|-72|CG0178069|-17|-74|CG0178070|-17|-75|CG0178071|-18|-73
399|5|2|400|1|CG0188597|-19|-60
399|5|3|600|6|CG0178035|-21|-67|CG0178036|-21|-70|CG0178037|-21|-67|CG0178038|-21|-67|CG0178039|-21|-70|CG0178040|-21|-67
399|5|4|100|1|CG0196544|-24|-45
399|5|5|1500|38|CG0178027|-29|-73|CG0178027|-29|-73|CG0178027|-29|-73|CG0178027|-29|-73|CG0178028|-30|-73|CG0178028|-30|-73|CG0178028|-30|-73|CG0178028|-30|-73|CG0178029|-28|-86|CG0178029|-28|-86|CG0178029|-28|-86|CG0178029|-28|-86|CG0178029|-28|-86|CG0178029|-28|-86|CG0178029|-28|-86|CG0178029|-28|-86|CG0178030|-29|-83|CG0178030|-29|-83|CG0178031|-18|-59|CG0178031|-18|-59|CG0178032|-17|-47|CG0178032|-17|-47|CG0178032|-17|-47|CG0178032|-17|-47|CG0178032|-17|-47|CG0178032|-17|-47|CG0178032|-17|-47|CG0178032|-17|-47|CG0178032|-17|-47|CG0178032|-17|-47|CG0178033|-18|-56|CG0178033|-18|-56|CG0178033|-18|-56|CG0178033|-18|-56|CG0178034|-19|-68|CG0178034|-19|-68|CG0178034|-19|-68|CG0178034|-19|-68
399|5|6|1500|13|CG0178054|-17|-73|CG0178054|-17|-73|CG0178055|-17|-68|CG0178055|-17|-68|CG0178055|-17|-68|CG0178055|-17|-68|CG0178056|-18|-74|CG0178056|-18|-74|CG0178057|-20|-74|CG0178057|-20|-74|CG0178057|-20|-74|CG0178057|-20|-74|CG0178057|-20|-74
399|5|7|1200|12|CG0177643|-16|-73|CG0177643|-16|-73|CG0177644|-17|-75|CG0177644|-17|-75|CG0177645|-18|-76|CG0177645|-18|-76|CG0177645|-18|-76|CG0177646|-20|-66|CG0177646|-20|-66|CG0177647|-20|-55|CG0177648|-20|-44|CG0177648|-20|-44
399|5|8|1000|2|CG0178049|-17|-62|CG0178050|-27|-78
399|5|9|1000|1|CG0178051|-20|-65
399|5|10|1500|16|CG0178043|-23|-74|CG0178043|-23|-74|CG0178044|-23|-71|CG0178044|-23|-71|CG0178045|-22|-65|CG0178045|-22|-65|CG0178045|-22|-65|CG0178045|-22|-65|CG0178045|-22|-65|CG0178046|-14|-62|CG0178046|-14|-62|CG0178047|-16|-47|CG0178047|-16|-47|CG0178048|-15|-22|CG0178048|-15|-22|CG0178048|-15|-22
399|6|0|1200|4|CG0178108|-30|-72|CG0178109|-29|-73|CG0178110|-27|-73|CG0178109|-29|-73
399|6|1|1000|6|CG0178113|-29|-74|CG0178114|-30|-75|CG0178115|-30|-72|CG0178116|-29|-74|CG0178117|-28|-75|CG0178118|-28|-72
399|6|2|400|1|CG0188642|-38|-63
399|6|3|600|6|CG0178082|-29|-68|CG0178083|-30|-71|CG0178084|-29|-68|CG0178085|-29|-68|CG0178086|-30|-71|CG0178087|-29|-68
399|6|4|100|1|CG0196584|-20|-48
399|6|5|1500|38|CG0178074|-39|-72|CG0178074|-39|-72|CG0178074|-39|-72|CG0178074|-39|-72|CG0178075|-32|-73|CG0178075|-32|-73|CG0178075|-32|-73|CG0178075|-32|-73|CG0178076|-24|-82|CG0178076|-24|-82|CG0178076|-24|-82|CG0178076|-24|-82|CG0178076|-24|-82|CG0178076|-24|-82|CG0178076|-24|-82|CG0178076|-24|-82|CG0178077|-20|-88|CG0178077|-20|-88|CG0178078|-52|-60|CG0178078|-52|-60|CG0178079|-30|-49|CG0178079|-30|-49|CG0178079|-30|-49|CG0178079|-30|-49|CG0178079|-30|-49|CG0178079|-30|-49|CG0178079|-30|-49|CG0178079|-30|-49|CG0178079|-30|-49|CG0178079|-30|-49|CG0178080|-27|-59|CG0178080|-27|-59|CG0178080|-27|-59|CG0178080|-27|-59|CG0178081|-37|-68|CG0178081|-37|-68|CG0178081|-37|-68|CG0178081|-37|-68
399|6|6|1500|13|CG0178101|-26|-73|CG0178101|-26|-73|CG0178102|-22|-68|CG0178102|-22|-68|CG0178102|-22|-68|CG0178102|-22|-68|CG0178103|-27|-74|CG0178103|-27|-74|CG0178104|-29|-74|CG0178104|-29|-74|CG0178104|-29|-74|CG0178104|-29|-74|CG0178104|-29|-74
399|6|7|1200|12|CG0177709|-13|-72|CG0177709|-13|-72|CG0177710|-15|-75|CG0177710|-15|-75|CG0177711|-22|-76|CG0177711|-22|-76|CG0177711|-22|-76|CG0177712|-22|-68|CG0177712|-22|-68|CG0177713|-43|-56|CG0177714|-33|-46|CG0177714|-33|-46
399|6|8|1000|2|CG0178096|-42|-64|CG0178097|-23|-74
399|6|9|1000|1|CG0178098|-29|-71
399|6|10|1500|16|CG0178090|-24|-74|CG0178090|-24|-74|CG0178091|-20|-69|CG0178091|-20|-69|CG0178092|-16|-61|CG0178092|-16|-61|CG0178092|-16|-61|CG0178092|-16|-61|CG0178092|-16|-61|CG0178093|-22|-58|CG0178093|-22|-58|CG0178094|-29|-44|CG0178094|-29|-44|CG0178095|-45|-19|CG0178095|-45|-19|CG0178095|-45|-19
399|7|0|1200|4|CG0178155|-27|-71|CG0178156|-29|-71|CG0178157|-31|-71|CG0178156|-29|-71
399|7|1|1000|6|CG0178160|-28|-73|CG0178161|-29|-74|CG0178162|-28|-71|CG0178163|-28|-73|CG0178164|-27|-74|CG0178165|-26|-71
399|7|2|400|1|CG0188687|-44|-60
399|7|3|600|6|CG0178129|-26|-71|CG0178130|-26|-74|CG0178131|-26|-71|CG0178132|-26|-71|CG0178133|-26|-74|CG0178134|-26|-71
399|7|4|100|1|CG0196624|-25|-51
399|7|5|1500|38|CG0178121|-26|-71|CG0178121|-26|-71|CG0178121|-26|-71|CG0178121|-26|-71|CG0178122|-26|-71|CG0178122|-26|-71|CG0178122|-26|-71|CG0178122|-26|-71|CG0178123|-29|-72|CG0178123|-29|-72|CG0178123|-29|-72|CG0178123|-29|-72|CG0178123|-29|-72|CG0178123|-29|-72|CG0178123|-29|-72|CG0178123|-29|-72|CG0178124|-24|-81|CG0178124|-24|-81|CG0178125|-75|-68|CG0178125|-75|-68|CG0178126|-56|-60|CG0178126|-56|-60|CG0178126|-56|-60|CG0178126|-56|-60|CG0178126|-56|-60|CG0178126|-56|-60|CG0178126|-56|-60|CG0178126|-56|-60|CG0178126|-56|-60|CG0178126|-56|-60|CG0178127|-43|-68|CG0178127|-43|-68|CG0178127|-43|-68|CG0178127|-43|-68|CG0178128|-41|-70|CG0178128|-41|-70|CG0178128|-41|-70|CG0178128|-41|-70
399|7|6|1500|13|CG0178148|-30|-73|CG0178148|-30|-73|CG0178149|-25|-72|CG0178149|-25|-72|CG0178149|-25|-72|CG0178149|-25|-72|CG0178150|-25|-73|CG0178150|-25|-73|CG0178151|-25|-72|CG0178151|-25|-72|CG0178151|-25|-72|CG0178151|-25|-72|CG0178151|-25|-72
399|7|7|1200|12|CG0177775|-18|-71|CG0177775|-18|-71|CG0177776|-22|-72|CG0177776|-22|-72|CG0177777|-25|-72|CG0177777|-25|-72|CG0177777|-25|-72|CG0177778|-36|-69|CG0177778|-36|-69|CG0177779|-53|-63|CG0177780|-52|-58|CG0177780|-52|-58
399|7|8|1000|2|CG0178143|-45|-68|CG0178144|-25|-70
399|7|9|1000|1|CG0178145|-30|-70
399|7|10|1500|16|CG0178137|-32|-73|CG0178137|-32|-73|CG0178138|-26|-66|CG0178138|-26|-66|CG0178139|-21|-56|CG0178139|-21|-56|CG0178139|-21|-56|CG0178139|-21|-56|CG0178139|-21|-56|CG0178140|-24|-52|CG0178140|-24|-52|CG0178141|-46|-46|CG0178141|-46|-46|CG0178142|-55|-19|CG0178142|-55|-19|CG0178142|-55|-19
