397|0|0|1200|4|CG0176964|-19|-71|CG0176965|-19|-71|CG0176966|-20|-71|CG0176965|-19|-71
397|0|1|1000|6|CG0176969|-20|-72|CG0176970|-20|-73|CG0176971|-21|-70|CG0176972|-21|-72|CG0176973|-21|-73|CG0176974|-22|-70
397|0|2|400|1|CG0188372|-32|-70
397|0|3|600|6|CG0177272|-27|-72|CG0177273|-25|-75|CG0177274|-19|-73|CG0177275|-22|-72|CG0177276|-25|-75|CG0177277|-27|-73
397|0|4|100|1|CG0196344|-27|-55
397|0|5|1300|23|CG0176936|-23|-70|CG0176936|-23|-70|CG0176937|-21|-71|CG0176937|-21|-71|CG0176938|-24|-71|CG0176938|-24|-71|CG0176939|-21|-72|CG0176939|-21|-72|CG0176940|-21|-73|CG0176940|-21|-73|CG0176940|-21|-73|CG0176940|-21|-73|CG0176940|-21|-73|CG0176940|-21|-73|CG0176941|-32|-71|CG0176941|-32|-71|CG0176941|-32|-71|CG0176941|-32|-71|CG0176941|-32|-71|CG0176942|-29|-71|CG0176942|-29|-71|CG0176943|-23|-70|CG0176943|-23|-70
397|0|6|1500|13|CG0176957|-19|-73|CG0176957|-19|-73|CG0176958|-18|-75|CG0176958|-18|-75|CG0176958|-18|-75|CG0176958|-18|-75|CG0176959|-22|-72|CG0176959|-22|-72|CG0176960|-24|-71|CG0176960|-24|-71|CG0176960|-24|-71|CG0176960|-24|-71|CG0176960|-24|-71
397|0|7|1200|12|CG0177313|-24|-70|CG0177313|-24|-70|CG0177314|-24|-69|CG0177314|-24|-69|CG0177315|-19|-68|CG0177315|-19|-68|CG0177315|-19|-68|CG0177316|-32|-69|CG0177316|-32|-69|CG0177317|-36|-73|CG0177318|-47|-74|CG0177318|-47|-74
397|0|8|1000|2|CG0176952|-28|-73|CG0176953|-18|-51
397|0|9|1000|1|CG0176954|-26|-68
397|0|10|1500|16|CG0176946|-19|-72|CG0176946|-19|-72|CG0176947|-15|-64|CG0176947|-15|-64|CG0176948|-11|-52|CG0176948|-11|-52|CG0176948|-11|-52|CG0176948|-11|-52|CG0176948|-11|-52|CG0176949|-11|-48|CG0176949|-11|-48|CG0176950|-26|-51|CG0176950|-26|-51|CG0176951|-49|-34|CG0176951|-49|-34|CG0176951|-49|-34
397|1|0|1200|4|CG0177005|-25|-71|CG0177006|-21|-71|CG0177007|-21|-71|CG0177006|-21|-71
397|1|1|1000|6|CG0177010|-17|-71|CG0177011|-17|-73|CG0177012|-17|-70|CG0177013|-17|-71|CG0177014|-17|-72|CG0177015|-17|-70
397|1|2|400|1|CG0188417|-17|-71
397|1|3|600|6|CG0177338|-27|-73|CG0177339|-20|-75|CG0177340|-17|-73|CG0177341|-19|-73|CG0177342|-28|-75|CG0177343|-33|-73
397|1|4|100|1|CG0196384|-26|-58
397|1|5|1300|23|CG0176977|-23|-71|CG0176977|-23|-71|CG0176978|-22|-72|CG0176978|-22|-72|CG0176979|-21|-72|CG0176979|-21|-72|CG0176980|-19|-73|CG0176980|-19|-73|CG0176981|-19|-73|CG0176981|-19|-73|CG0176981|-19|-73|CG0176981|-19|-73|CG0176981|-19|-73|CG0176981|-19|-73|CG0176982|-20|-72|CG0176982|-20|-72|CG0176982|-20|-72|CG0176982|-20|-72|CG0176982|-20|-72|CG0176983|-26|-71|CG0176983|-26|-71|CG0176984|-24|-71|CG0176984|-24|-71
397|1|6|1500|13|CG0176998|-19|-72|CG0176998|-19|-72|CG0176999|-19|-75|CG0176999|-19|-75|CG0176999|-19|-75|CG0176999|-19|-75|CG0177000|-24|-72|CG0177000|-24|-72|CG0177001|-24|-71|CG0177001|-24|-71|CG0177001|-24|-71|CG0177001|-24|-71|CG0177001|-24|-71
397|1|7|1200|12|CG0177379|-21|-70|CG0177379|-21|-70|CG0177380|-20|-68|CG0177380|-20|-68|CG0177381|-16|-64|CG0177381|-16|-64|CG0177381|-16|-64|CG0177382|-16|-68|CG0177382|-16|-68|CG0177383|-26|-78|CG0177384|-26|-83|CG0177384|-26|-83
397|1|8|1000|2|CG0176993|-17|-75|CG0176994|-26|-51
397|1|9|1000|1|CG0176995|-20|-70
397|1|10|1500|16|CG0176987|-20|-71|CG0176987|-20|-71|CG0176988|-21|-63|CG0176988|-21|-63|CG0176989|-22|-52|CG0176989|-22|-52|CG0176989|-22|-52|CG0176989|-22|-52|CG0176989|-22|-52|CG0176990|-27|-48|CG0176990|-27|-48|CG0176991|-27|-56|CG0176991|-27|-56|CG0176992|-22|-42|CG0176992|-22|-42|CG0176992|-22|-42
397|2|0|1200|4|CG0177046|-28|-73|CG0177047|-29|-73|CG0177048|-28|-73|CG0177047|-29|-73
397|2|1|1000|6|CG0177051|-20|-72|CG0177052|-26|-73|CG0177053|-28|-70|CG0177054|-24|-72|CG0177055|-19|-73|CG0177056|-22|-71
397|2|2|400|1|CG0188462|-33|-62
397|2|3|600|6|CG0177404|-22|-72|CG0177405|-22|-75|CG0177406|-30|-73|CG0177407|-22|-72|CG0177408|-22|-75|CG0177409|-22|-73
397|2|4|100|1|CG0196424|-14|-57
397|2|5|1300|23|CG0177018|-20|-73|CG0177018|-20|-73|CG0177019|-19|-73|CG0177019|-19|-73|CG0177020|-18|-74|CG0177020|-18|-74|CG0177021|-18|-73|CG0177021|-18|-73|CG0177022|-17|-73|CG0177022|-17|-73|CG0177022|-17|-73|CG0177022|-17|-73|CG0177022|-17|-73|CG0177022|-17|-73|CG0177023|-18|-73|CG0177023|-18|-73|CG0177023|-18|-73|CG0177023|-18|-73|CG0177023|-18|-73|CG0177024|-19|-73|CG0177024|-19|-73|CG0177025|-20|-73|CG0177025|-20|-73
397|2|6|1500|13|CG0177039|-21|-73|CG0177039|-21|-73|CG0177040|-22|-75|CG0177040|-22|-75|CG0177040|-22|-75|CG0177040|-22|-75|CG0177041|-20|-72|CG0177041|-20|-72|CG0177042|-20|-71|CG0177042|-20|-71|CG0177042|-20|-71|CG0177042|-20|-71|CG0177042|-20|-71
397|2|7|1200|12|CG0177445|-20|-71|CG0177445|-20|-71|CG0177446|-22|-68|CG0177446|-22|-68|CG0177447|-22|-63|CG0177447|-22|-63|CG0177447|-22|-63|CG0177448|-13|-65|CG0177448|-13|-65|CG0177449|-8|-77|CG0177450|-13|-81|CG0177450|-13|-81
397|2|8|1000|2|CG0177034|-25|-73|CG0177035|-35|-57
397|2|9|1000|1|CG0177036|-26|-68
397|2|10|1500|16|CG0177028|-27|-72|CG0177028|-27|-72|CG0177029|-31|-65|CG0177029|-31|-65|CG0177030|-36|-56|CG0177030|-36|-56|CG0177030|-36|-56|CG0177030|-36|-56|CG0177030|-36|-56|CG0177031|-31|-52|CG0177031|-31|-52|CG0177032|-31|-59|CG0177032|-31|-59|CG0177033|-31|-41|CG0177033|-31|-41|CG0177033|-31|-41
397|3|0|1200|4|CG0177087|-17|-75|CG0177088|-19|-75|CG0177089|-22|-74|CG0177088|-19|-75
397|3|1|1000|6|CG0177092|-18|-73|CG0177093|-22|-74|CG0177094|-25|-71|CG0177095|-19|-73|CG0177096|-18|-74|CG0177097|-23|-72
397|3|2|400|1|CG0188507|-36|-53
397|3|3|600|6|CG0177470|-23|-71|CG0177471|-22|-74|CG0177472|-33|-71|CG0177473|-21|-71|CG0177474|-22|-74|CG0177475|-32|-71
397|3|4|100|1|CG0196464|-10|-51
397|3|5|1300|23|CG0177059|-20|-74|CG0177059|-20|-74|CG0177060|-18|-75|CG0177060|-18|-75|CG0177061|-17|-75|CG0177061|-17|-75|CG0177062|-17|-73|CG0177062|-17|-73|CG0177063|-16|-73|CG0177063|-16|-73|CG0177063|-16|-73|CG0177063|-16|-73|CG0177063|-16|-73|CG0177063|-16|-73|CG0177064|-26|-74|CG0177064|-26|-74|CG0177064|-26|-74|CG0177064|-26|-74|CG0177064|-26|-74|CG0177065|-26|-74|CG0177065|-26|-74|CG0177066|-23|-74|CG0177066|-23|-74
397|3|6|1500|13|CG0177080|-16|-73|CG0177080|-16|-73|CG0177081|-17|-72|CG0177081|-17|-72|CG0177081|-17|-72|CG0177081|-17|-72|CG0177082|-17|-73|CG0177082|-17|-73|CG0177083|-18|-73|CG0177083|-18|-73|CG0177083|-18|-73|CG0177083|-18|-73|CG0177083|-18|-73
397|3|7|1200|12|CG0177511|-17|-72|CG0177511|-17|-72|CG0177512|-21|-70|CG0177512|-21|-70|CG0177513|-36|-66|CG0177513|-36|-66|CG0177513|-36|-66|CG0177514|-19|-64|CG0177514|-19|-64|CG0177515|-9|-71|CG0177516|-14|-70|CG0177516|-14|-70
397|3|8|1000|2|CG0177075|-20|-68|CG0177076|-45|-63
397|3|9|1000|1|CG0177077|-22|-61
397|3|10|1500|16|CG0177069|-18|-73|CG0177069|-18|-73|CG0177070|-24|-68|CG0177070|-24|-68|CG0177071|-29|-61|CG0177071|-29|-61|CG0177071|-29|-61|CG0177071|-29|-61|CG0177071|-29|-61|CG0177072|-29|-57|CG0177072|-29|-57|CG0177073|-30|-58|CG0177073|-30|-58|CG0177074|-29|-29|CG0177074|-29|-29|CG0177074|-29|-29
397|4|0|1200|4|CG0177128|-17|-75|CG0177129|-17|-75|CG0177130|-17|-75|CG0177129|-17|-75
397|4|1|1000|6|CG0177133|-20|-74|CG0177134|-20|-75|CG0177135|-22|-72|CG0177136|-20|-74|CG0177137|-20|-75|CG0177138|-20|-73
397|4|2|400|1|CG0188552|-25|-51
397|4|3|600|6|CG0177536|-22|-68|CG0177537|-22|-71|CG0177538|-22|-68|CG0177539|-22|-68|CG0177540|-22|-71|CG0177541|-28|-68
397|4|4|100|1|CG0196504|-21|-46
397|4|5|1300|23|CG0177100|-18|-75|CG0177100|-18|-75|CG0177101|-19|-75|CG0177101|-19|-75|CG0177102|-16|-74|CG0177102|-16|-74|CG0177103|-18|-73|CG0177103|-18|-73|CG0177104|-18|-73|CG0177104|-18|-73|CG0177104|-18|-73|CG0177104|-18|-73|CG0177104|-18|-73|CG0177104|-18|-73|CG0177105|-26|-74|CG0177105|-26|-74|CG0177105|-26|-74|CG0177105|-26|-74|CG0177105|-26|-74|CG0177106|-31|-75|CG0177106|-31|-75|CG0177107|-18|-75|CG0177107|-18|-75
397|4|6|1500|13|CG0177121|-21|-73|CG0177121|-21|-73|CG0177122|-22|-69|CG0177122|-22|-69|CG0177122|-22|-69|CG0177122|-22|-69|CG0177123|-20|-74|CG0177123|-20|-74|CG0177124|-20|-74|CG0177124|-20|-74|CG0177124|-20|-74|CG0177124|-20|-74|CG0177124|-20|-74
397|4|7|1200|12|CG0177577|-18|-73|CG0177577|-18|-73|CG0177578|-25|-73|CG0177578|-25|-73|CG0177579|-35|-72|CG0177579|-35|-72|CG0177579|-35|-72|CG0177580|-26|-64|CG0177580|-26|-64|CG0177581|-12|-61|CG0177582|-22|-54|CG0177582|-22|-54
397|4|8|1000|2|CG0177116|-25|-64|CG0177117|-34|-74
397|4|9|1000|1|CG0177118|-26|-55
397|4|10|1500|16|CG0177110|-20|-74|CG0177110|-20|-74|CG0177111|-22|-71|CG0177111|-22|-71|CG0177112|-24|-65|CG0177112|-24|-65|CG0177112|-24|-65|CG0177112|-24|-65|CG0177112|-24|-65|CG0177113|-21|-62|CG0177113|-21|-62|CG0177114|-24|-53|CG0177114|-24|-53|CG0177115|-17|-26|CG0177115|-17|-26|CG0177115|-17|-26
397|5|0|1200|4|CG0177169|-13|-74|CG0177170|-14|-74|CG0177171|-14|-74|CG0177170|-14|-74
397|5|1|1000|6|CG0177174|-17|-74|CG0177175|-17|-75|CG0177176|-17|-72|CG0177177|-17|-74|CG0177178|-17|-75|CG0177179|-17|-73
397|5|2|400|1|CG0188597|-19|-60
397|5|3|600|6|CG0177602|-22|-67|CG0177603|-28|-70|CG0177604|-33|-67|CG0177605|-28|-67|CG0177606|-22|-70|CG0177607|-17|-67
397|5|4|100|1|CG0196544|-24|-45
397|5|5|1300|23|CG0177141|-12|-74|CG0177141|-12|-74|CG0177142|-39|-74|CG0177142|-39|-74|CG0177143|-23|-73|CG0177143|-23|-73|CG0177144|-27|-73|CG0177144|-27|-73|CG0177145|-21|-73|CG0177145|-21|-73|CG0177145|-21|-73|CG0177145|-21|-73|CG0177145|-21|-73|CG0177145|-21|-73|CG0177146|-13|-74|CG0177146|-13|-74|CG0177146|-13|-74|CG0177146|-13|-74|CG0177146|-13|-74|CG0177147|-20|-74|CG0177147|-20|-74|CG0177148|-12|-74|CG0177148|-12|-74
397|5|6|1500|13|CG0177162|-17|-73|CG0177162|-17|-73|CG0177163|-17|-68|CG0177163|-17|-68|CG0177163|-17|-68|CG0177163|-17|-68|CG0177164|-17|-74|CG0177164|-17|-74|CG0177165|-17|-74|CG0177165|-17|-74|CG0177165|-17|-74|CG0177165|-17|-74|CG0177165|-17|-74
397|5|7|1200|12|CG0177643|-16|-73|CG0177643|-16|-73|CG0177644|-17|-75|CG0177644|-17|-75|CG0177645|-18|-76|CG0177645|-18|-76|CG0177645|-18|-76|CG0177646|-20|-66|CG0177646|-20|-66|CG0177647|-20|-55|CG0177648|-20|-44|CG0177648|-20|-44
397|5|8|1000|2|CG0177157|-17|-62|CG0177158|-27|-78
397|5|9|1000|1|CG0177159|-17|-53
397|5|10|1500|16|CG0177151|-17|-74|CG0177151|-17|-74|CG0177152|-17|-71|CG0177152|-17|-71|CG0177153|-16|-65|CG0177153|-16|-65|CG0177153|-16|-65|CG0177153|-16|-65|CG0177153|-16|-65|CG0177154|-14|-62|CG0177154|-14|-62|CG0177155|-16|-47|CG0177155|-16|-47|CG0177156|-14|-22|CG0177156|-14|-22|CG0177156|-14|-22
397|6|0|1200|4|CG0177210|-14|-72|CG0177211|-14|-73|CG0177212|-14|-73|CG0177211|-14|-73
397|6|1|1000|6|CG0177215|-13|-74|CG0177216|-19|-75|CG0177217|-23|-72|CG0177218|-20|-74|CG0177219|-13|-75|CG0177220|-22|-72
397|6|2|400|1|CG0188642|-38|-63
397|6|3|600|6|CG0177668|-26|-68|CG0177669|-27|-71|CG0177670|-26|-68|CG0177671|-26|-68|CG0177672|-28|-71|CG0177673|-22|-68
397|6|4|100|1|CG0196584|-20|-48
397|6|5|1300|23|CG0177182|-21|-73|CG0177182|-21|-73|CG0177183|-41|-72|CG0177183|-41|-72|CG0177184|-31|-72|CG0177184|-31|-72|CG0177185|-34|-73|CG0177185|-34|-73|CG0177186|-32|-73|CG0177186|-32|-73|CG0177186|-32|-73|CG0177186|-32|-73|CG0177186|-32|-73|CG0177186|-32|-73|CG0177187|-27|-73|CG0177187|-27|-73|CG0177187|-27|-73|CG0177187|-27|-73|CG0177187|-27|-73|CG0177188|-24|-73|CG0177188|-24|-73|CG0177189|-24|-73|CG0177189|-24|-73
397|6|6|1500|13|CG0177203|-21|-73|CG0177203|-21|-73|CG0177204|-17|-68|CG0177204|-17|-68|CG0177204|-17|-68|CG0177204|-17|-68|CG0177205|-22|-74|CG0177205|-22|-74|CG0177206|-25|-74|CG0177206|-25|-74|CG0177206|-25|-74|CG0177206|-25|-74|CG0177206|-25|-74
397|6|7|1200|12|CG0177709|-13|-72|CG0177709|-13|-72|CG0177710|-15|-75|CG0177710|-15|-75|CG0177711|-22|-76|CG0177711|-22|-76|CG0177711|-22|-76|CG0177712|-22|-68|CG0177712|-22|-68|CG0177713|-43|-56|CG0177714|-33|-46|CG0177714|-33|-46
397|6|8|1000|2|CG0177198|-24|-64|CG0177199|-23|-74
397|6|9|1000|1|CG0177200|-26|-55
397|6|10|1500|16|CG0177192|-13|-74|CG0177192|-13|-74|CG0177193|-13|-69|CG0177193|-13|-69|CG0177194|-13|-61|CG0177194|-13|-61|CG0177194|-13|-61|CG0177194|-13|-61|CG0177194|-13|-61|CG0177195|-16|-58|CG0177195|-16|-58|CG0177196|-17|-44|CG0177196|-17|-44|CG0177197|-36|-19|CG0177197|-36|-19|CG0177197|-36|-19
397|7|0|1200|4|CG0177251|-17|-71|CG0177252|-15|-71|CG0177253|-14|-71|CG0177252|-15|-71
397|7|1|1000|6|CG0177256|-17|-73|CG0177257|-17|-74|CG0177258|-23|-71|CG0177259|-18|-73|CG0177260|-19|-74|CG0177261|-24|-71
397|7|2|400|1|CG0188687|-44|-60
397|7|3|600|6|CG0177734|-19|-71|CG0177735|-19|-74|CG0177736|-23|-71|CG0177737|-19|-71|CG0177738|-21|-74|CG0177739|-24|-71
397|7|4|100|1|CG0196624|-25|-51
397|7|5|1300|23|CG0177223|-19|-71|CG0177223|-19|-71|CG0177224|-25|-71|CG0177224|-25|-71|CG0177225|-37|-71|CG0177225|-37|-71|CG0177226|-35|-73|CG0177226|-35|-73|CG0177227|-31|-73|CG0177227|-31|-73|CG0177227|-31|-73|CG0177227|-31|-73|CG0177227|-31|-73|CG0177227|-31|-73|CG0177228|-34|-72|CG0177228|-34|-72|CG0177228|-34|-72|CG0177228|-34|-72|CG0177228|-34|-72|CG0177229|-28|-72|CG0177229|-28|-72|CG0177230|-24|-71|CG0177230|-24|-71
397|7|6|1500|13|CG0177244|-17|-73|CG0177244|-17|-73|CG0177245|-20|-72|CG0177245|-20|-72|CG0177245|-20|-72|CG0177245|-20|-72|CG0177246|-22|-73|CG0177246|-22|-73|CG0177247|-25|-72|CG0177247|-25|-72|CG0177247|-25|-72|CG0177247|-25|-72|CG0177247|-25|-72
397|7|7|1200|12|CG0177775|-18|-71|CG0177775|-18|-71|CG0177776|-22|-72|CG0177776|-22|-72|CG0177777|-25|-72|CG0177777|-25|-72|CG0177777|-25|-72|CG0177778|-36|-69|CG0177778|-36|-69|CG0177779|-53|-63|CG0177780|-52|-58|CG0177780|-52|-58
397|7|8|1000|2|CG0177239|-26|-68|CG0177240|-25|-63
397|7|9|1000|1|CG0177241|-30|-61
397|7|10|1500|16|CG0177233|-19|-73|CG0177233|-19|-73|CG0177234|-12|-66|CG0177234|-12|-66|CG0177235|-11|-56|CG0177235|-11|-56|CG0177235|-11|-56|CG0177235|-11|-56|CG0177235|-11|-56|CG0177236|-15|-52|CG0177236|-15|-52|CG0177237|-25|-46|CG0177237|-25|-46|CG0177238|-55|-19|CG0177238|-55|-19|CG0177238|-55|-19
