390|0|0|1200|4|CG0174203|-19|-66|CG0174204|-15|-65|CG0174205|-15|-65|CG0174204|-15|-65
390|0|1|1000|6|CG0174208|-17|-63|CG0174209|-25|-66|CG0174210|-19|-64|CG0174211|-17|-63|CG0174212|-23|-66|CG0174213|-19|-64
390|0|2|400|1|CG0188372|-32|-70
390|0|3|500|6|CG0174176|-23|-69|CG0174177|-23|-72|CG0174178|-23|-70|CG0174179|-23|-69|CG0174180|-23|-72|CG0174181|-24|-70
390|0|4|100|1|CG0196344|-27|-55
390|0|5|1500|30|CG0174168|-17|-68|CG0174168|-17|-68|CG0174168|-17|-68|CG0174168|-17|-68|CG0174169|-27|-106|CG0174169|-27|-106|CG0174170|-17|-100|CG0174170|-17|-100|CG0174170|-17|-100|CG0174170|-17|-100|CG0174171|-20|-108|CG0174171|-20|-108|CG0174171|-20|-108|CG0174171|-20|-108|CG0174172|-61|-95|CG0174172|-61|-95|CG0174173|-59|-72|CG0174173|-59|-72|CG0174173|-59|-72|CG0174173|-59|-72|CG0174173|-59|-72|CG0174173|-59|-72|CG0174174|-55|-88|CG0174174|-55|-88|CG0174174|-55|-88|CG0174174|-55|-88|CG0174175|-35|-69|CG0174175|-35|-69|CG0174175|-35|-69|CG0174175|-35|-69
390|0|6|1200|15|CG0174196|-31|-86|CG0174197|-25|-82|CG0174198|-25|-82|CG0174199|-25|-87|CG0174196|-31|-86|CG0174197|-25|-82|CG0174198|-25|-82|CG0174199|-25|-87|CG0174196|-31|-86|CG0174197|-25|-82|CG0174198|-25|-82|CG0174199|-25|-87|CG0174196|-31|-86|CG0174197|-25|-82|CG0174198|-25|-82
390|0|7|1000|28|CG0174938|-15|-65|CG0174938|-15|-65|CG0174938|-15|-65|CG0174938|-15|-65|CG0174939|-18|-63|CG0174939|-18|-63|CG0174939|-18|-63|CG0174939|-18|-63|CG0174940|-21|-64|CG0174940|-21|-64|CG0174940|-21|-64|CG0174940|-21|-64|CG0174940|-21|-64|CG0174940|-21|-64|CG0174940|-21|-64|CG0174940|-21|-64|CG0174941|-29|-62|CG0174941|-29|-62|CG0174941|-29|-62|CG0174941|-29|-62|CG0174942|-35|-67|CG0174942|-35|-67|CG0174943|-43|-77|CG0174943|-43|-77|CG0174943|-43|-77|CG0174943|-43|-77|CG0174943|-43|-77|CG0174943|-43|-77
390|0|8|1000|2|CG0174191|-34|-76|CG0174192|-19|-85
390|0|9|1000|1|CG0174193|-33|-66
390|0|10|1000|11|CG0174184|-29|-85|CG0174184|-29|-85|CG0174185|-43|-75|CG0174185|-43|-75|CG0174186|-17|-70|CG0174186|-17|-70|CG0174187|-38|-85|CG0174187|-38|-85|CG0174188|-51|-56|CG0174189|-57|-45|CG0174190|-66|-34
390|1|0|1200|4|CG0174251|-22|-65|CG0174252|-22|-65|CG0174253|-21|-65|CG0174252|-22|-65
390|1|1|1000|6|CG0174256|-22|-62|CG0174257|-22|-65|CG0174258|-22|-63|CG0174259|-22|-62|CG0174260|-22|-65|CG0174261|-22|-63
390|1|2|400|1|CG0188417|-17|-71
390|1|3|500|6|CG0174224|-21|-65|CG0174225|-21|-68|CG0174226|-22|-66|CG0174227|-21|-65|CG0174228|-21|-68|CG0174229|-22|-66
390|1|4|100|1|CG0196384|-26|-58
390|1|5|1500|30|CG0174216|-22|-63|CG0174216|-22|-63|CG0174216|-22|-63|CG0174216|-22|-63|CG0174217|-22|-105|CG0174217|-22|-105|CG0174218|-22|-93|CG0174218|-22|-93|CG0174218|-22|-93|CG0174218|-22|-93|CG0174219|-22|-98|CG0174219|-22|-98|CG0174219|-22|-98|CG0174219|-22|-98|CG0174220|-26|-97|CG0174220|-26|-97|CG0174221|-26|-76|CG0174221|-26|-76|CG0174221|-26|-76|CG0174221|-26|-76|CG0174221|-26|-76|CG0174221|-26|-76|CG0174222|-21|-87|CG0174222|-21|-87|CG0174222|-21|-87|CG0174222|-21|-87|CG0174223|-22|-66|CG0174223|-22|-66|CG0174223|-22|-66|CG0174223|-22|-66
390|1|6|1200|15|CG0174244|-22|-88|CG0174245|-28|-80|CG0174246|-21|-79|CG0174247|-19|-80|CG0174244|-22|-88|CG0174245|-28|-80|CG0174246|-21|-79|CG0174247|-19|-80|CG0174244|-22|-88|CG0174245|-28|-80|CG0174246|-21|-79|CG0174247|-19|-80|CG0174244|-22|-88|CG0174245|-28|-80|CG0174246|-21|-79
390|1|7|1000|28|CG0175005|-24|-64|CG0175005|-24|-64|CG0175005|-24|-64|CG0175005|-24|-64|CG0175006|-21|-61|CG0175006|-21|-61|CG0175006|-21|-61|CG0175006|-21|-61|CG0175007|-21|-65|CG0175007|-21|-65|CG0175007|-21|-65|CG0175007|-21|-65|CG0175007|-21|-65|CG0175007|-21|-65|CG0175007|-21|-65|CG0175007|-21|-65|CG0175008|-22|-61|CG0175008|-22|-61|CG0175008|-22|-61|CG0175008|-22|-61|CG0175009|-28|-68|CG0175009|-28|-68|CG0175010|-30|-81|CG0175010|-30|-81|CG0175010|-30|-81|CG0175010|-30|-81|CG0175010|-30|-81|CG0175010|-30|-81
390|1|8|1000|2|CG0174239|-21|-72|CG0174240|-31|-81
390|1|9|1000|1|CG0174241|-21|-67
390|1|10|1000|11|CG0174232|-22|-83|CG0174232|-22|-83|CG0174233|-33|-81|CG0174233|-33|-81|CG0174234|-38|-70|CG0174234|-38|-70|CG0174235|-16|-90|CG0174235|-16|-90|CG0174236|-16|-67|CG0174237|-37|-63|CG0174238|-47|-38
390|2|0|1200|4|CG0174299|-25|-65|CG0174300|-25|-66|CG0174301|-25|-66|CG0174300|-25|-66
390|2|1|1000|6|CG0174304|-29|-63|CG0174305|-30|-65|CG0174306|-29|-64|CG0174307|-29|-63|CG0174308|-28|-65|CG0174309|-28|-63
390|2|2|400|1|CG0188462|-33|-62
390|2|3|500|6|CG0174272|-23|-69|CG0174273|-23|-72|CG0174274|-29|-70|CG0174275|-23|-69|CG0174276|-23|-72|CG0174277|-23|-70
390|2|4|100|1|CG0196424|-14|-57
390|2|5|1500|30|CG0174264|-18|-68|CG0174264|-18|-68|CG0174264|-18|-68|CG0174264|-18|-68|CG0174265|-24|-102|CG0174265|-24|-102|CG0174266|-24|-92|CG0174266|-24|-92|CG0174266|-24|-92|CG0174266|-24|-92|CG0174267|-22|-91|CG0174267|-22|-91|CG0174267|-22|-91|CG0174267|-22|-91|CG0174268|-6|-94|CG0174268|-6|-94|CG0174269|-3|-71|CG0174269|-3|-71|CG0174269|-3|-71|CG0174269|-3|-71|CG0174269|-3|-71|CG0174269|-3|-71|CG0174270|-11|-87|CG0174270|-11|-87|CG0174270|-11|-87|CG0174270|-11|-87|CG0174271|-19|-69|CG0174271|-19|-69|CG0174271|-19|-69|CG0174271|-19|-69
390|2|6|1200|15|CG0174292|-25|-87|CG0174293|-31|-86|CG0174294|-25|-82|CG0174295|-25|-82|CG0174292|-25|-87|CG0174293|-31|-86|CG0174294|-25|-82|CG0174295|-25|-82|CG0174292|-25|-87|CG0174293|-31|-86|CG0174294|-25|-82|CG0174295|-25|-82|CG0174292|-25|-87|CG0174293|-31|-86|CG0174294|-25|-82
390|2|7|1000|28|CG0175072|-23|-69|CG0175072|-23|-69|CG0175072|-23|-69|CG0175072|-23|-69|CG0175073|-30|-63|CG0175073|-30|-63|CG0175073|-30|-63|CG0175073|-30|-63|CG0175074|-37|-57|CG0175074|-37|-57|CG0175074|-37|-57|CG0175074|-37|-57|CG0175074|-37|-57|CG0175074|-37|-57|CG0175074|-37|-57|CG0175074|-37|-57|CG0175075|-32|-62|CG0175075|-32|-62|CG0175075|-32|-62|CG0175075|-32|-62|CG0175076|-21|-69|CG0175076|-21|-69|CG0175077|-19|-80|CG0175077|-19|-80|CG0175077|-19|-80|CG0175077|-19|-80|CG0175077|-19|-80|CG0175077|-19|-80
390|2|8|1000|2|CG0174287|-14|-75|CG0174288|-43|-74
390|2|9|1000|1|CG0174289|-12|-62
390|2|10|1000|11|CG0174280|-38|-76|CG0174280|-38|-76|CG0174281|-19|-84|CG0174281|-19|-84|CG0174282|-39|-77|CG0174282|-39|-77|CG0174283|-23|-91|CG0174283|-23|-91|CG0174284|-17|-64|CG0174285|-20|-68|CG0174286|-23|-35
390|3|0|1200|4|CG0174347|-27|-71|CG0174348|-29|-72|CG0174349|-29|-73|CG0174348|-29|-72
390|3|1|1000|6|CG0174352|-32|-71|CG0174353|-30|-74|CG0174354|-30|-72|CG0174355|-32|-71|CG0174356|-35|-73|CG0174357|-33|-72
390|3|2|400|1|CG0188507|-36|-53
390|3|3|500|6|CG0174320|-31|-69|CG0174321|-31|-72|CG0174322|-33|-71|CG0174323|-31|-69|CG0174324|-31|-72|CG0174325|-35|-71
390|3|4|100|1|CG0196464|-10|-51
390|3|5|1500|30|CG0174312|-29|-70|CG0174312|-29|-70|CG0174312|-29|-70|CG0174312|-29|-70|CG0174313|-17|-97|CG0174313|-17|-97|CG0174314|-42|-98|CG0174314|-42|-98|CG0174314|-42|-98|CG0174314|-42|-98|CG0174315|-40|-94|CG0174315|-40|-94|CG0174315|-40|-94|CG0174315|-40|-94|CG0174316|8|-83|CG0174316|8|-83|CG0174317|18|-53|CG0174317|18|-53|CG0174317|18|-53|CG0174317|18|-53|CG0174317|18|-53|CG0174317|18|-53|CG0174318|-6|-75|CG0174318|-6|-75|CG0174318|-6|-75|CG0174318|-6|-75|CG0174319|-12|-73|CG0174319|-12|-73|CG0174319|-12|-73|CG0174319|-12|-73
390|3|6|1200|15|CG0174340|-19|-80|CG0174341|-22|-88|CG0174342|-28|-80|CG0174343|-21|-79|CG0174340|-19|-80|CG0174341|-22|-88|CG0174342|-28|-80|CG0174343|-21|-79|CG0174340|-19|-80|CG0174341|-22|-88|CG0174342|-28|-80|CG0174343|-21|-79|CG0174340|-19|-80|CG0174341|-22|-88|CG0174342|-28|-80
390|3|7|1000|28|CG0175139|-25|-74|CG0175139|-25|-74|CG0175139|-25|-74|CG0175139|-25|-74|CG0175140|-29|-72|CG0175140|-29|-72|CG0175140|-29|-72|CG0175140|-29|-72|CG0175141|-39|-69|CG0175141|-39|-69|CG0175141|-39|-69|CG0175141|-39|-69|CG0175141|-39|-69|CG0175141|-39|-69|CG0175141|-39|-69|CG0175141|-39|-69|CG0175142|-35|-72|CG0175142|-35|-72|CG0175142|-35|-72|CG0175142|-35|-72|CG0175143|-15|-73|CG0175143|-15|-73|CG0175144|-20|-77|CG0175144|-20|-77|CG0175144|-20|-77|CG0175144|-20|-77|CG0175144|-20|-77|CG0175144|-20|-77
390|3|8|1000|2|CG0174335|-16|-72|CG0174336|-43|-67
390|3|9|1000|1|CG0174337|-13|-54
390|3|10|1000|11|CG0174328|-36|-67|CG0174328|-36|-67|CG0174329|-33|-78|CG0174329|-33|-78|CG0174330|-31|-82|CG0174330|-31|-82|CG0174331|-39|-87|CG0174331|-39|-87|CG0174332|-21|-47|CG0174333|-25|-59|CG0174334|-27|-27
390|4|0|1200|4|CG0174395|-28|-74|CG0174396|-26|-74|CG0174397|-26|-75|CG0174396|-26|-74
390|4|1|1000|6|CG0174400|-31|-75|CG0174401|-29|-77|CG0174402|-30|-75|CG0174403|-31|-75|CG0174404|-32|-77|CG0174405|-32|-75
390|4|2|400|1|CG0188552|-25|-51
390|4|3|500|6|CG0174368|-30|-65|CG0174369|-30|-68|CG0174370|-30|-66|CG0174371|-30|-65|CG0174372|-30|-68|CG0174373|-30|-66
390|4|4|100|1|CG0196504|-21|-46
390|4|5|1500|30|CG0174360|-31|-68|CG0174360|-31|-68|CG0174360|-31|-68|CG0174360|-31|-68|CG0174361|-24|-95|CG0174361|-24|-95|CG0174362|-37|-108|CG0174362|-37|-108|CG0174362|-37|-108|CG0174362|-37|-108|CG0174363|-43|-105|CG0174363|-43|-105|CG0174363|-43|-105|CG0174363|-43|-105|CG0174364|-6|-67|CG0174364|-6|-67|CG0174365|-1|-30|CG0174365|-1|-30|CG0174365|-1|-30|CG0174365|-1|-30|CG0174365|-1|-30|CG0174365|-1|-30|CG0174366|-10|-61|CG0174366|-10|-61|CG0174366|-10|-61|CG0174366|-10|-61|CG0174367|-20|-72|CG0174367|-20|-72|CG0174367|-20|-72|CG0174367|-20|-72
390|4|6|1200|15|CG0174388|-25|-82|CG0174389|-25|-87|CG0174390|-31|-86|CG0174391|-25|-82|CG0174388|-25|-82|CG0174389|-25|-87|CG0174390|-31|-86|CG0174391|-25|-82|CG0174388|-25|-82|CG0174389|-25|-87|CG0174390|-31|-86|CG0174391|-25|-82|CG0174388|-25|-82|CG0174389|-25|-87|CG0174390|-31|-86
390|4|7|1000|28|CG0175206|-25|-74|CG0175206|-25|-74|CG0175206|-25|-74|CG0175206|-25|-74|CG0175207|-31|-77|CG0175207|-31|-77|CG0175207|-31|-77|CG0175207|-31|-77|CG0175208|-39|-78|CG0175208|-39|-78|CG0175208|-39|-78|CG0175208|-39|-78|CG0175208|-39|-78|CG0175208|-39|-78|CG0175208|-39|-78|CG0175208|-39|-78|CG0175209|-34|-77|CG0175209|-34|-77|CG0175209|-34|-77|CG0175209|-34|-77|CG0175210|-16|-71|CG0175210|-16|-71|CG0175211|-25|-66|CG0175211|-25|-66|CG0175211|-25|-66|CG0175211|-25|-66|CG0175211|-25|-66|CG0175211|-25|-66
390|4|8|1000|2|CG0174383|-22|-66|CG0174384|-41|-70
390|4|9|1000|1|CG0174385|-14|-51
390|4|10|1000|11|CG0174376|-37|-70|CG0174376|-37|-70|CG0174377|-43|-71|CG0174377|-43|-71|CG0174378|-27|-82|CG0174378|-27|-82|CG0174379|-34|-81|CG0174379|-34|-81|CG0174380|-16|-36|CG0174381|-22|-40|CG0174382|-27|-25
390|5|0|1200|4|CG0174443|-22|-72|CG0174444|-21|-71|CG0174445|-25|-72|CG0174444|-21|-71
390|5|1|1000|6|CG0174448|-21|-73|CG0174449|-21|-75|CG0174450|-21|-73|CG0174451|-21|-73|CG0174452|-21|-75|CG0174453|-22|-73
390|5|2|400|1|CG0188597|-19|-60
390|5|3|500|6|CG0174416|-32|-58|CG0174417|-32|-61|CG0174418|-32|-60|CG0174419|-32|-58|CG0174420|-32|-61|CG0174421|-32|-60
390|5|4|100|1|CG0196544|-24|-45
390|5|5|1500|30|CG0174408|-22|-63|CG0174408|-22|-63|CG0174408|-22|-63|CG0174408|-22|-63|CG0174409|-21|-96|CG0174409|-21|-96|CG0174410|-22|-115|CG0174410|-22|-115|CG0174410|-22|-115|CG0174410|-22|-115|CG0174411|-26|-116|CG0174411|-26|-116|CG0174411|-26|-116|CG0174411|-26|-116|CG0174412|-24|-55|CG0174412|-24|-55|CG0174413|-26|-26|CG0174413|-26|-26|CG0174413|-26|-26|CG0174413|-26|-26|CG0174413|-26|-26|CG0174413|-26|-26|CG0174414|-22|-50|CG0174414|-22|-50|CG0174414|-22|-50|CG0174414|-22|-50|CG0174415|-22|-68|CG0174415|-22|-68|CG0174415|-22|-68|CG0174415|-22|-68
390|5|6|1200|15|CG0174436|-21|-79|CG0174437|-19|-80|CG0174438|-22|-88|CG0174439|-28|-80|CG0174436|-21|-79|CG0174437|-19|-80|CG0174438|-22|-88|CG0174439|-28|-80|CG0174436|-21|-79|CG0174437|-19|-80|CG0174438|-22|-88|CG0174439|-28|-80|CG0174436|-21|-79|CG0174437|-19|-80|CG0174438|-22|-88
390|5|7|1000|28|CG0175273|-16|-73|CG0175273|-16|-73|CG0175273|-16|-73|CG0175273|-16|-73|CG0175274|-22|-75|CG0175274|-22|-75|CG0175274|-22|-75|CG0175274|-22|-75|CG0175275|-22|-77|CG0175275|-22|-77|CG0175275|-22|-77|CG0175275|-22|-77|CG0175275|-22|-77|CG0175275|-22|-77|CG0175275|-22|-77|CG0175275|-22|-77|CG0175276|-19|-74|CG0175276|-19|-74|CG0175276|-19|-74|CG0175276|-19|-74|CG0175277|-19|-70|CG0175277|-19|-70|CG0175278|-19|-55|CG0175278|-19|-55|CG0175278|-19|-55|CG0175278|-19|-55|CG0175278|-19|-55|CG0175278|-19|-55
390|5|8|1000|2|CG0174431|-22|-59|CG0174432|-34|-74
390|5|9|1000|1|CG0174433|-22|-54
390|5|10|1000|11|CG0174424|-21|-70|CG0174424|-21|-70|CG0174425|-43|-67|CG0174425|-43|-67|CG0174426|-41|-76|CG0174426|-41|-76|CG0174427|-26|-75|CG0174427|-26|-75|CG0174428|-27|-40|CG0174429|-33|-40|CG0174430|-34|-29
390|6|0|1200|4|CG0174491|-36|-75|CG0174492|-38|-75|CG0174493|-40|-74|CG0174492|-38|-75
390|6|1|1000|6|CG0174496|-32|-75|CG0174497|-34|-77|CG0174498|-34|-75|CG0174499|-32|-75|CG0174500|-30|-77|CG0174501|-31|-76
390|6|2|400|1|CG0188642|-38|-63
390|6|3|500|6|CG0174464|-39|-65|CG0174465|-39|-68|CG0174466|-39|-66|CG0174467|-39|-65|CG0174468|-39|-68|CG0174469|-39|-66
390|6|4|100|1|CG0196584|-20|-48
390|6|5|1500|30|CG0174456|-37|-69|CG0174456|-37|-69|CG0174456|-37|-69|CG0174456|-37|-69|CG0174457|-31|-99|CG0174457|-31|-99|CG0174458|-27|-115|CG0174458|-27|-115|CG0174458|-27|-115|CG0174458|-27|-115|CG0174459|-26|-121|CG0174459|-26|-121|CG0174459|-26|-121|CG0174459|-26|-121|CG0174460|-71|-66|CG0174460|-71|-66|CG0174461|-64|-30|CG0174461|-64|-30|CG0174461|-64|-30|CG0174461|-64|-30|CG0174461|-64|-30|CG0174461|-64|-30|CG0174462|-53|-61|CG0174462|-53|-61|CG0174462|-53|-61|CG0174462|-53|-61|CG0174463|-45|-72|CG0174463|-45|-72|CG0174463|-45|-72|CG0174463|-45|-72
390|6|6|1200|15|CG0174484|-25|-82|CG0174485|-25|-82|CG0174486|-25|-87|CG0174487|-31|-86|CG0174484|-25|-82|CG0174485|-25|-82|CG0174486|-25|-87|CG0174487|-31|-86|CG0174484|-25|-82|CG0174485|-25|-82|CG0174486|-25|-87|CG0174487|-31|-86|CG0174484|-25|-82|CG0174485|-25|-82|CG0174486|-25|-87
390|6|7|1000|28|CG0175340|-14|-73|CG0175340|-14|-73|CG0175340|-14|-73|CG0175340|-14|-73|CG0175341|-35|-74|CG0175341|-35|-74|CG0175341|-35|-74|CG0175341|-35|-74|CG0175342|-34|-73|CG0175342|-34|-73|CG0175342|-34|-73|CG0175342|-34|-73|CG0175342|-34|-73|CG0175342|-34|-73|CG0175342|-34|-73|CG0175342|-34|-73|CG0175343|-37|-72|CG0175343|-37|-72|CG0175343|-37|-72|CG0175343|-37|-72|CG0175344|-20|-71|CG0175344|-20|-71|CG0175345|-34|-53|CG0175345|-34|-53|CG0175345|-34|-53|CG0175345|-34|-53|CG0175345|-34|-53|CG0175345|-34|-53
390|6|8|1000|2|CG0174479|-37|-66|CG0174480|-42|-72
390|6|9|1000|1|CG0174481|-33|-59
390|6|10|1000|11|CG0174472|-42|-71|CG0174472|-42|-71|CG0174473|-32|-71|CG0174473|-32|-71|CG0174474|-38|-68|CG0174474|-38|-68|CG0174475|-45|-74|CG0174475|-45|-74|CG0174476|-53|-42|CG0174477|-53|-41|CG0174478|-53|-28
390|7|0|1200|4|CG0174539|-39|-73|CG0174540|-36|-73|CG0174541|-32|-72|CG0174540|-36|-73
390|7|1|1000|6|CG0174544|-34|-72|CG0174545|-37|-74|CG0174546|-36|-72|CG0174547|-34|-72|CG0174548|-32|-74|CG0174549|-33|-72
390|7|2|400|1|CG0188687|-44|-60
390|7|3|500|6|CG0174512|-30|-69|CG0174513|-30|-72|CG0174514|-30|-71|CG0174515|-30|-69|CG0174516|-30|-72|CG0174517|-30|-71
390|7|4|100|1|CG0196624|-25|-51
390|7|5|1500|30|CG0174504|-37|-70|CG0174504|-37|-70|CG0174504|-37|-70|CG0174504|-37|-70|CG0174505|-30|-104|CG0174505|-30|-104|CG0174506|-25|-108|CG0174506|-25|-108|CG0174506|-25|-108|CG0174506|-25|-108|CG0174507|-26|-117|CG0174507|-26|-117|CG0174507|-26|-117|CG0174507|-26|-117|CG0174508|-93|-83|CG0174508|-93|-83|CG0174509|-85|-53|CG0174509|-85|-53|CG0174509|-85|-53|CG0174509|-85|-53|CG0174509|-85|-53|CG0174509|-85|-53|CG0174510|-76|-76|CG0174510|-76|-76|CG0174510|-76|-76|CG0174510|-76|-76|CG0174511|-55|-73|CG0174511|-55|-73|CG0174511|-55|-73|CG0174511|-55|-73
390|7|6|1200|15|CG0174532|-28|-80|CG0174533|-21|-79|CG0174534|-19|-80|CG0174535|-22|-88|CG0174532|-28|-80|CG0174533|-21|-79|CG0174534|-19|-80|CG0174535|-22|-88|CG0174532|-28|-80|CG0174533|-21|-79|CG0174534|-19|-80|CG0174535|-22|-88|CG0174532|-28|-80|CG0174533|-21|-79|CG0174534|-19|-80
390|7|7|1000|28|CG0175407|-14|-68|CG0175407|-14|-68|CG0175407|-14|-68|CG0175407|-14|-68|CG0175408|-33|-69|CG0175408|-33|-69|CG0175408|-33|-69|CG0175408|-33|-69|CG0175409|-33|-65|CG0175409|-33|-65|CG0175409|-33|-65|CG0175409|-33|-65|CG0175409|-33|-65|CG0175409|-33|-65|CG0175409|-33|-65|CG0175409|-33|-65|CG0175410|-43|-65|CG0175410|-43|-65|CG0175410|-43|-65|CG0175410|-43|-65|CG0175411|-29|-70|CG0175411|-29|-70|CG0175412|-45|-66|CG0175412|-45|-66|CG0175412|-45|-66|CG0175412|-45|-66|CG0175412|-45|-66|CG0175412|-45|-66
390|7|8|1000|2|CG0174527|-50|-73|CG0174528|-31|-81
390|7|9|1000|1|CG0174529|-29|-61
390|7|10|1000|11|CG0174520|-41|-79|CG0174520|-41|-79|CG0174521|-29|-72|CG0174521|-29|-72|CG0174522|-36|-72|CG0174522|-36|-72|CG0174523|-43|-78|CG0174523|-43|-78|CG0174524|-67|-42|CG0174525|-57|-36|CG0174526|-56|-23
