386|0|0|1500|4|CG0172510|-21|-88|CG0172511|-21|-88|CG0172512|-21|-88|CG0172511|-21|-88
386|0|1|1000|6|CG0172524|-31|-88|CG0172525|-27|-89|CG0172526|-32|-85|CG0172527|-30|-88|CG0172528|-33|-89|CG0172529|-36|-85
386|0|2|400|1|CG0188372|-32|-70
386|0|3|600|6|CG0172472|-34|-83|CG0172473|-31|-88|CG0172474|-35|-85|CG0172475|-31|-81|CG0172476|-38|-88|CG0172477|-33|-87
386|0|4|100|1|CG0196344|-27|-55
386|0|5|1200|40|CG0172464|-33|-86|CG0172464|-33|-86|CG0172464|-33|-86|CG0172464|-33|-86|CG0172465|-33|-84|CG0172465|-33|-84|CG0172465|-33|-84|CG0172465|-33|-84|CG0172466|-28|-79|CG0172466|-28|-79|CG0172466|-28|-79|CG0172466|-28|-79|CG0172466|-28|-79|CG0172466|-28|-79|CG0172466|-28|-79|CG0172466|-28|-79|CG0172467|-35|-84|CG0172467|-35|-84|CG0172467|-35|-84|CG0172467|-35|-84|CG0172468|-46|-85|CG0172468|-46|-85|CG0172468|-46|-85|CG0172468|-46|-85|CG0172469|-52|-84|CG0172469|-52|-84|CG0172469|-52|-84|CG0172469|-52|-84|CG0172469|-52|-84|CG0172469|-52|-84|CG0172469|-52|-84|CG0172469|-52|-84|CG0172470|-30|-85|CG0172470|-30|-85|CG0172470|-30|-85|CG0172470|-30|-85|CG0172471|-37|-86|CG0172471|-37|-86|CG0172471|-37|-86|CG0172471|-37|-86
386|0|6|1200|17|CG0172499|-28|-88|CG0172499|-28|-88|CG0172499|-28|-88|CG0172500|-42|-88|CG0172500|-42|-88|CG0172500|-42|-88|CG0172501|-38|-88|CG0172501|-38|-88|CG0172502|-24|-88|CG0172502|-24|-88|CG0172502|-24|-88|CG0172502|-24|-88|CG0172502|-24|-88|CG0172502|-24|-88|CG0172502|-24|-88|CG0172502|-24|-88|CG0172502|-24|-88
386|0|7|2000|17|CG0172513|-31|-87|CG0172513|-31|-87|CG0172514|-26|-86|CG0172514|-26|-86|CG0172515|-15|-93|CG0172515|-15|-93|CG0172515|-15|-93|CG0172515|-15|-93|CG0172516|-30|-84|CG0172517|-45|-98|CG0172518|-67|-83|CG0172518|-67|-83|CG0172518|-67|-83|CG0172519|-50|-91|CG0172519|-50|-91|CG0172520|-32|-89|CG0172520|-32|-89
386|0|8|1000|2|CG0172490|-36|-77|CG0172491|-34|-74
386|0|9|1000|1|CG0172496|-33|-66
386|0|10|1500|20|CG0172484|-29|-87|CG0172484|-29|-87|CG0172484|-29|-87|CG0172485|-33|-78|CG0172485|-33|-78|CG0172485|-33|-78|CG0172486|-38|-67|CG0172486|-38|-67|CG0172486|-38|-67|CG0172486|-38|-67|CG0172486|-38|-67|CG0172486|-38|-67|CG0172487|-43|-71|CG0172487|-43|-71|CG0172488|-55|-65|CG0172488|-55|-65|CG0172488|-55|-65|CG0172489|-66|-44|CG0172489|-66|-44|CG0172489|-66|-44
386|1|0|1500|4|CG0172578|-26|-89|CG0172579|-26|-89|CG0172580|-27|-89|CG0172579|-26|-89
386|1|1|1000|6|CG0172592|-30|-88|CG0172593|-30|-90|CG0172594|-31|-86|CG0172595|-30|-88|CG0172596|-28|-90|CG0172597|-28|-86
386|1|2|400|1|CG0188417|-17|-71
386|1|3|600|6|CG0172540|-29|-84|CG0172541|-35|-90|CG0172542|-33|-87|CG0172543|-33|-83|CG0172544|-27|-90|CG0172545|-23|-87
386|1|4|100|1|CG0196384|-26|-58
386|1|5|1200|40|CG0172532|-23|-86|CG0172532|-23|-86|CG0172532|-23|-86|CG0172532|-23|-86|CG0172533|-19|-85|CG0172533|-19|-85|CG0172533|-19|-85|CG0172533|-19|-85|CG0172534|-18|-79|CG0172534|-18|-79|CG0172534|-18|-79|CG0172534|-18|-79|CG0172534|-18|-79|CG0172534|-18|-79|CG0172534|-18|-79|CG0172534|-18|-79|CG0172535|-18|-84|CG0172535|-18|-84|CG0172535|-18|-84|CG0172535|-18|-84|CG0172536|-21|-88|CG0172536|-21|-88|CG0172536|-21|-88|CG0172536|-21|-88|CG0172537|-18|-89|CG0172537|-18|-89|CG0172537|-18|-89|CG0172537|-18|-89|CG0172537|-18|-89|CG0172537|-18|-89|CG0172537|-18|-89|CG0172537|-18|-89|CG0172538|-23|-88|CG0172538|-23|-88|CG0172538|-23|-88|CG0172538|-23|-88|CG0172539|-28|-87|CG0172539|-28|-87|CG0172539|-28|-87|CG0172539|-28|-87
386|1|6|1200|17|CG0172567|-26|-89|CG0172567|-26|-89|CG0172567|-26|-89|CG0172568|-39|-88|CG0172568|-39|-88|CG0172568|-39|-88|CG0172569|-30|-89|CG0172569|-30|-89|CG0172570|-23|-89|CG0172570|-23|-89|CG0172570|-23|-89|CG0172570|-23|-89|CG0172570|-23|-89|CG0172570|-23|-89|CG0172570|-23|-89|CG0172570|-23|-89|CG0172570|-23|-89
386|1|7|2000|17|CG0172581|-20|-87|CG0172581|-20|-87|CG0172582|-15|-78|CG0172582|-15|-78|CG0172583|-7|-89|CG0172583|-7|-89|CG0172583|-7|-89|CG0172583|-7|-89|CG0172584|-7|-83|CG0172585|-37|-99|CG0172586|-37|-94|CG0172586|-37|-94|CG0172586|-37|-94|CG0172587|-37|-96|CG0172587|-37|-96|CG0172588|-23|-88|CG0172588|-23|-88
386|1|8|1000|2|CG0172558|-24|-79|CG0172559|-21|-80
386|1|9|1000|1|CG0172564|-32|-68
386|1|10|1500|20|CG0172552|-22|-88|CG0172552|-22|-88|CG0172552|-22|-88|CG0172553|-24|-79|CG0172553|-24|-79|CG0172553|-24|-79|CG0172554|-25|-68|CG0172554|-25|-68|CG0172554|-25|-68|CG0172554|-25|-68|CG0172554|-25|-68|CG0172554|-25|-68|CG0172555|-28|-75|CG0172555|-28|-75|CG0172556|-21|-71|CG0172556|-21|-71|CG0172556|-21|-71|CG0172557|-26|-53|CG0172557|-26|-53|CG0172557|-26|-53
386|2|0|1500|4|CG0172646|-25|-88|CG0172647|-24|-88|CG0172648|-23|-88|CG0172647|-24|-88
386|2|1|1000|6|CG0172660|-21|-88|CG0172661|-23|-89|CG0172662|-25|-85|CG0172663|-21|-88|CG0172664|-19|-89|CG0172665|-27|-85
386|2|2|400|1|CG0188462|-33|-62
386|2|3|600|6|CG0172608|-26|-81|CG0172609|-24|-88|CG0172610|-33|-86|CG0172611|-22|-83|CG0172612|-25|-88|CG0172613|-35|-84
386|2|4|100|1|CG0196424|-14|-57
386|2|5|1200|40|CG0172600|-14|-86|CG0172600|-14|-86|CG0172600|-14|-86|CG0172600|-14|-86|CG0172601|-13|-83|CG0172601|-13|-83|CG0172601|-13|-83|CG0172601|-13|-83|CG0172602|-16|-78|CG0172602|-16|-78|CG0172602|-16|-78|CG0172602|-16|-78|CG0172602|-16|-78|CG0172602|-16|-78|CG0172602|-16|-78|CG0172602|-16|-78|CG0172603|-13|-83|CG0172603|-13|-83|CG0172603|-13|-83|CG0172603|-13|-83|CG0172604|-8|-84|CG0172604|-8|-84|CG0172604|-8|-84|CG0172604|-8|-84|CG0172605|-9|-84|CG0172605|-9|-84|CG0172605|-9|-84|CG0172605|-9|-84|CG0172605|-9|-84|CG0172605|-9|-84|CG0172605|-9|-84|CG0172605|-9|-84|CG0172606|-12|-85|CG0172606|-12|-85|CG0172606|-12|-85|CG0172606|-12|-85|CG0172607|-17|-86|CG0172607|-17|-86|CG0172607|-17|-86|CG0172607|-17|-86
386|2|6|1200|17|CG0172635|-18|-88|CG0172635|-18|-88|CG0172635|-18|-88|CG0172636|-19|-88|CG0172636|-19|-88|CG0172636|-19|-88|CG0172637|-20|-88|CG0172637|-20|-88|CG0172638|-15|-88|CG0172638|-15|-88|CG0172638|-15|-88|CG0172638|-15|-88|CG0172638|-15|-88|CG0172638|-15|-88|CG0172638|-15|-88|CG0172638|-15|-88|CG0172638|-15|-88
386|2|7|2000|17|CG0172649|-12|-86|CG0172649|-12|-86|CG0172650|-18|-77|CG0172650|-18|-77|CG0172651|-21|-83|CG0172651|-21|-83|CG0172651|-21|-83|CG0172651|-21|-83|CG0172652|-9|-74|CG0172653|-14|-88|CG0172654|-15|-90|CG0172654|-15|-90|CG0172654|-15|-90|CG0172655|-11|-92|CG0172655|-11|-92|CG0172656|-9|-84|CG0172656|-9|-84
386|2|8|1000|2|CG0172626|-22|-77|CG0172627|-33|-83
386|2|9|1000|1|CG0172632|-21|-66
386|2|10|1500|20|CG0172620|-14|-87|CG0172620|-14|-87|CG0172620|-14|-87|CG0172621|-13|-78|CG0172621|-13|-78|CG0172621|-13|-78|CG0172622|-18|-67|CG0172622|-18|-67|CG0172622|-18|-67|CG0172622|-18|-67|CG0172622|-18|-67|CG0172622|-18|-67|CG0172623|-31|-71|CG0172623|-31|-71|CG0172624|-29|-69|CG0172624|-29|-69|CG0172624|-29|-69|CG0172625|-32|-44|CG0172625|-32|-44|CG0172625|-32|-44
386|3|0|1500|4|CG0172714|-13|-87|CG0172715|-13|-87|CG0172716|-13|-87|CG0172715|-13|-87
386|3|1|1000|6|CG0172728|-18|-86|CG0172729|-18|-88|CG0172730|-29|-84|CG0172731|-17|-86|CG0172732|-17|-88|CG0172733|-28|-84
386|3|2|400|1|CG0188507|-36|-53
386|3|3|600|6|CG0172676|-19|-78|CG0172677|-25|-85|CG0172678|-33|-83|CG0172679|-20|-80|CG0172680|-24|-85|CG0172681|-33|-80
386|3|4|100|1|CG0196464|-10|-51
386|3|5|1200|40|CG0172668|-13|-85|CG0172668|-13|-85|CG0172668|-13|-85|CG0172668|-13|-85|CG0172669|-22|-81|CG0172669|-22|-81|CG0172669|-22|-81|CG0172669|-22|-81|CG0172670|-26|-77|CG0172670|-26|-77|CG0172670|-26|-77|CG0172670|-26|-77|CG0172670|-26|-77|CG0172670|-26|-77|CG0172670|-26|-77|CG0172670|-26|-77|CG0172671|-20|-80|CG0172671|-20|-80|CG0172671|-20|-80|CG0172671|-20|-80|CG0172672|3|-73|CG0172672|3|-73|CG0172672|3|-73|CG0172672|3|-73|CG0172673|1|-73|CG0172673|1|-73|CG0172673|1|-73|CG0172673|1|-73|CG0172673|1|-73|CG0172673|1|-73|CG0172673|1|-73|CG0172673|1|-73|CG0172674|-4|-79|CG0172674|-4|-79|CG0172674|-4|-79|CG0172674|-4|-79|CG0172675|-6|-82|CG0172675|-6|-82|CG0172675|-6|-82|CG0172675|-6|-82
386|3|6|1200|17|CG0172703|-13|-87|CG0172703|-13|-87|CG0172703|-13|-87|CG0172704|-17|-88|CG0172704|-17|-88|CG0172704|-17|-88|CG0172705|-13|-87|CG0172705|-13|-87|CG0172706|-10|-86|CG0172706|-10|-86|CG0172706|-10|-86|CG0172706|-10|-86|CG0172706|-10|-86|CG0172706|-10|-86|CG0172706|-10|-86|CG0172706|-10|-86|CG0172706|-10|-86
386|3|7|2000|17|CG0172717|-21|-85|CG0172717|-21|-85|CG0172718|-35|-80|CG0172718|-35|-80|CG0172719|-38|-80|CG0172719|-38|-80|CG0172719|-38|-80|CG0172719|-38|-80|CG0172720|-42|-71|CG0172721|-14|-79|CG0172722|-8|-73|CG0172722|-8|-73|CG0172722|-8|-73|CG0172723|-9|-78|CG0172723|-9|-78|CG0172724|-16|-80|CG0172724|-16|-80
386|3|8|1000|2|CG0172694|-24|-69|CG0172695|-43|-82
386|3|9|1000|1|CG0172700|-17|-59
386|3|10|1500|20|CG0172688|-11|-85|CG0172688|-11|-85|CG0172688|-11|-85|CG0172689|-16|-75|CG0172689|-16|-75|CG0172689|-16|-75|CG0172690|-30|-64|CG0172690|-30|-64|CG0172690|-30|-64|CG0172690|-30|-64|CG0172690|-30|-64|CG0172690|-30|-64|CG0172691|-31|-63|CG0172691|-31|-63|CG0172692|-30|-50|CG0172692|-30|-50|CG0172692|-30|-50|CG0172693|-27|-24|CG0172693|-27|-24|CG0172693|-27|-24
386|4|0|1500|4|CG0172782|-19|-86|CG0172783|-20|-86|CG0172784|-20|-86|CG0172783|-20|-86
386|4|1|1000|6|CG0172796|-21|-85|CG0172797|-20|-87|CG0172798|-28|-83|CG0172799|-20|-85|CG0172800|-24|-87|CG0172801|-26|-83
386|4|2|400|1|CG0188552|-25|-51
386|4|3|600|6|CG0172744|-24|-74|CG0172745|-26|-82|CG0172746|-34|-80|CG0172747|-25|-76|CG0172748|-25|-82|CG0172749|-36|-77
386|4|4|100|1|CG0196504|-21|-46
386|4|5|1200|40|CG0172736|-18|-83|CG0172736|-18|-83|CG0172736|-18|-83|CG0172736|-18|-83|CG0172737|-25|-79|CG0172737|-25|-79|CG0172737|-25|-79|CG0172737|-25|-79|CG0172738|-29|-76|CG0172738|-29|-76|CG0172738|-29|-76|CG0172738|-29|-76|CG0172738|-29|-76|CG0172738|-29|-76|CG0172738|-29|-76|CG0172738|-29|-76|CG0172739|-25|-78|CG0172739|-25|-78|CG0172739|-25|-78|CG0172739|-25|-78|CG0172740|-4|-63|CG0172740|-4|-63|CG0172740|-4|-63|CG0172740|-4|-63|CG0172741|2|-62|CG0172741|2|-62|CG0172741|2|-62|CG0172741|2|-62|CG0172741|2|-62|CG0172741|2|-62|CG0172741|2|-62|CG0172741|2|-62|CG0172742|-2|-72|CG0172742|-2|-72|CG0172742|-2|-72|CG0172742|-2|-72|CG0172743|-12|-79|CG0172743|-12|-79|CG0172743|-12|-79|CG0172743|-12|-79
386|4|6|1200|17|CG0172771|-18|-86|CG0172771|-18|-86|CG0172771|-18|-86|CG0172772|-20|-87|CG0172772|-20|-87|CG0172772|-20|-87|CG0172773|-20|-86|CG0172773|-20|-86|CG0172774|-15|-84|CG0172774|-15|-84|CG0172774|-15|-84|CG0172774|-15|-84|CG0172774|-15|-84|CG0172774|-15|-84|CG0172774|-15|-84|CG0172774|-15|-84|CG0172774|-15|-84
386|4|7|2000|17|CG0172785|-24|-84|CG0172785|-24|-84|CG0172786|-33|-86|CG0172786|-33|-86|CG0172787|-43|-81|CG0172787|-43|-81|CG0172787|-43|-81|CG0172787|-43|-81|CG0172788|-56|-77|CG0172789|-19|-68|CG0172790|-15|-52|CG0172790|-15|-52|CG0172790|-15|-52|CG0172791|-14|-60|CG0172791|-14|-60|CG0172792|-22|-77|CG0172792|-22|-77
386|4|8|1000|2|CG0172762|-21|-60|CG0172763|-52|-90
386|4|9|1000|1|CG0172768|-20|-51
386|4|10|1500|20|CG0172756|-16|-81|CG0172756|-16|-81|CG0172756|-16|-81|CG0172757|-20|-71|CG0172757|-20|-71|CG0172757|-20|-71|CG0172758|-31|-60|CG0172758|-31|-60|CG0172758|-31|-60|CG0172758|-31|-60|CG0172758|-31|-60|CG0172758|-31|-60|CG0172759|-32|-55|CG0172759|-32|-55|CG0172760|-30|-31|CG0172760|-30|-31|CG0172760|-30|-31|CG0172761|-30|-28|CG0172761|-30|-28|CG0172761|-30|-28
386|5|0|1500|4|CG0172850|-23|-85|CG0172851|-24|-85|CG0172852|-24|-85|CG0172851|-24|-85
386|5|1|1000|6|CG0172864|-31|-84|CG0172865|-32|-86|CG0172866|-29|-82|CG0172867|-30|-84|CG0172868|-31|-86|CG0172869|-31|-82
386|5|2|400|1|CG0188597|-19|-60
386|5|3|600|6|CG0172812|-35|-74|CG0172813|-28|-80|CG0172814|-24|-77|CG0172815|-31|-74|CG0172816|-35|-80|CG0172817|-35|-77
386|5|4|100|1|CG0196544|-24|-45
386|5|5|1200|40|CG0172804|-29|-83|CG0172804|-29|-83|CG0172804|-29|-83|CG0172804|-29|-83|CG0172805|-28|-78|CG0172805|-28|-78|CG0172805|-28|-78|CG0172805|-28|-78|CG0172806|-23|-76|CG0172806|-23|-76|CG0172806|-23|-76|CG0172806|-23|-76|CG0172806|-23|-76|CG0172806|-23|-76|CG0172806|-23|-76|CG0172806|-23|-76|CG0172807|-26|-78|CG0172807|-26|-78|CG0172807|-26|-78|CG0172807|-26|-78|CG0172808|-31|-60|CG0172808|-31|-60|CG0172808|-31|-60|CG0172808|-31|-60|CG0172809|-17|-57|CG0172809|-17|-57|CG0172809|-17|-57|CG0172809|-17|-57|CG0172809|-17|-57|CG0172809|-17|-57|CG0172809|-17|-57|CG0172809|-17|-57|CG0172810|-25|-69|CG0172810|-25|-69|CG0172810|-25|-69|CG0172810|-25|-69|CG0172811|-28|-77|CG0172811|-28|-77|CG0172811|-28|-77|CG0172811|-28|-77
386|5|6|1200|17|CG0172839|-25|-85|CG0172839|-25|-85|CG0172839|-25|-85|CG0172840|-37|-85|CG0172840|-37|-85|CG0172840|-37|-85|CG0172841|-29|-85|CG0172841|-29|-85|CG0172842|-22|-84|CG0172842|-22|-84|CG0172842|-22|-84|CG0172842|-22|-84|CG0172842|-22|-84|CG0172842|-22|-84|CG0172842|-22|-84|CG0172842|-22|-84|CG0172842|-22|-84
386|5|7|2000|17|CG0172853|-24|-84|CG0172853|-24|-84|CG0172854|-29|-90|CG0172854|-29|-90|CG0172855|-35|-87|CG0172855|-35|-87|CG0172855|-35|-87|CG0172855|-35|-87|CG0172856|-39|-82|CG0172857|-29|-61|CG0172858|-17|-40|CG0172858|-17|-40|CG0172858|-17|-40|CG0172859|-18|-52|CG0172859|-18|-52|CG0172860|-27|-78|CG0172860|-27|-78
386|5|8|1000|2|CG0172830|-24|-56|CG0172831|-42|-95
386|5|9|1000|1|CG0172836|-28|-47
386|5|10|1500|20|CG0172824|-24|-80|CG0172824|-24|-80|CG0172824|-24|-80|CG0172825|-22|-69|CG0172825|-22|-69|CG0172825|-22|-69|CG0172826|-25|-58|CG0172826|-25|-58|CG0172826|-25|-58|CG0172826|-25|-58|CG0172826|-25|-58|CG0172826|-25|-58|CG0172827|-21|-52|CG0172827|-21|-52|CG0172828|-24|-26|CG0172828|-24|-26|CG0172828|-24|-26|CG0172829|-34|-26|CG0172829|-34|-26|CG0172829|-34|-26
386|6|0|1500|4|CG0172918|-24|-86|CG0172919|-23|-86|CG0172920|-22|-86|CG0172919|-23|-86
386|6|1|1000|6|CG0172932|-30|-85|CG0172933|-35|-87|CG0172934|-36|-83|CG0172935|-32|-85|CG0172936|-25|-87|CG0172937|-32|-83
386|6|2|400|1|CG0188642|-38|-63
386|6|3|600|6|CG0172880|-30|-77|CG0172881|-34|-82|CG0172882|-32|-78|CG0172883|-37|-74|CG0172884|-29|-82|CG0172885|-37|-80
386|6|4|100|1|CG0196584|-20|-48
386|6|5|1200|40|CG0172872|-32|-84|CG0172872|-32|-84|CG0172872|-32|-84|CG0172872|-32|-84|CG0172873|-22|-79|CG0172873|-22|-79|CG0172873|-22|-79|CG0172873|-22|-79|CG0172874|-27|-77|CG0172874|-27|-77|CG0172874|-27|-77|CG0172874|-27|-77|CG0172874|-27|-77|CG0172874|-27|-77|CG0172874|-27|-77|CG0172874|-27|-77|CG0172875|-24|-80|CG0172875|-24|-80|CG0172875|-24|-80|CG0172875|-24|-80|CG0172876|-52|-65|CG0172876|-52|-65|CG0172876|-52|-65|CG0172876|-52|-65|CG0172877|-58|-62|CG0172877|-58|-62|CG0172877|-58|-62|CG0172877|-58|-62|CG0172877|-58|-62|CG0172877|-58|-62|CG0172877|-58|-62|CG0172877|-58|-62|CG0172878|-46|-72|CG0172878|-46|-72|CG0172878|-46|-72|CG0172878|-46|-72|CG0172879|-39|-79|CG0172879|-39|-79|CG0172879|-39|-79|CG0172879|-39|-79
386|6|6|1200|17|CG0172907|-25|-86|CG0172907|-25|-86|CG0172907|-25|-86|CG0172908|-39|-86|CG0172908|-39|-86|CG0172908|-39|-86|CG0172909|-36|-86|CG0172909|-36|-86|CG0172910|-23|-84|CG0172910|-23|-84|CG0172910|-23|-84|CG0172910|-23|-84|CG0172910|-23|-84|CG0172910|-23|-84|CG0172910|-23|-84|CG0172910|-23|-84|CG0172910|-23|-84
386|6|7|2000|17|CG0172921|-17|-85|CG0172921|-17|-85|CG0172922|-41|-91|CG0172922|-41|-91|CG0172923|-46|-92|CG0172923|-46|-92|CG0172923|-46|-92|CG0172923|-46|-92|CG0172924|-52|-86|CG0172925|-59|-64|CG0172926|-53|-40|CG0172926|-53|-40|CG0172926|-53|-40|CG0172927|-50|-59|CG0172927|-50|-59|CG0172928|-29|-82|CG0172928|-29|-82
386|6|8|1000|2|CG0172898|-33|-60|CG0172899|-21|-94
386|6|9|1000|1|CG0172904|-33|-51
386|6|10|1500|20|CG0172892|-34|-81|CG0172892|-34|-81|CG0172892|-34|-81|CG0172893|-30|-71|CG0172893|-30|-71|CG0172893|-30|-71|CG0172894|-36|-60|CG0172894|-36|-60|CG0172894|-36|-60|CG0172894|-36|-60|CG0172894|-36|-60|CG0172894|-36|-60|CG0172895|-43|-55|CG0172895|-43|-55|CG0172896|-56|-34|CG0172896|-56|-34|CG0172896|-56|-34|CG0172897|-73|-25|CG0172897|-73|-25|CG0172897|-73|-25
386|7|0|1500|4|CG0172986|-16|-87|CG0172987|-16|-87|CG0172988|-16|-87|CG0172987|-16|-87
386|7|1|1000|6|CG0173000|-17|-86|CG0173001|-22|-88|CG0173002|-30|-84|CG0173003|-20|-86|CG0173004|-23|-88|CG0173005|-30|-84
386|7|2|400|1|CG0188687|-44|-60
386|7|3|600|6|CG0172948|-25|-80|CG0172949|-25|-85|CG0172950|-35|-80|CG0172951|-25|-77|CG0172952|-29|-85|CG0172953|-36|-84
386|7|4|100|1|CG0196624|-25|-51
386|7|5|1200|40|CG0172940|-28|-85|CG0172940|-28|-85|CG0172940|-28|-85|CG0172940|-28|-85|CG0172941|-35|-82|CG0172941|-35|-82|CG0172941|-35|-82|CG0172941|-35|-82|CG0172942|-37|-78|CG0172942|-37|-78|CG0172942|-37|-78|CG0172942|-37|-78|CG0172942|-37|-78|CG0172942|-37|-78|CG0172942|-37|-78|CG0172942|-37|-78|CG0172943|-40|-82|CG0172943|-40|-82|CG0172943|-40|-82|CG0172943|-40|-82|CG0172944|-58|-75|CG0172944|-58|-75|CG0172944|-58|-75|CG0172944|-58|-75|CG0172945|-76|-73|CG0172945|-76|-73|CG0172945|-76|-73|CG0172945|-76|-73|CG0172945|-76|-73|CG0172945|-76|-73|CG0172945|-76|-73|CG0172945|-76|-73|CG0172946|-46|-79|CG0172946|-46|-79|CG0172946|-46|-79|CG0172946|-46|-79|CG0172947|-31|-83|CG0172947|-31|-83|CG0172947|-31|-83|CG0172947|-31|-83
386|7|6|1200|17|CG0172975|-20|-87|CG0172975|-20|-87|CG0172975|-20|-87|CG0172976|-24|-88|CG0172976|-24|-88|CG0172976|-24|-88|CG0172977|-27|-87|CG0172977|-27|-87|CG0172978|-20|-86|CG0172978|-20|-86|CG0172978|-20|-86|CG0172978|-20|-86|CG0172978|-20|-86|CG0172978|-20|-86|CG0172978|-20|-86|CG0172978|-20|-86|CG0172978|-20|-86
386|7|7|2000|17|CG0172989|-32|-86|CG0172989|-32|-86|CG0172990|-36|-88|CG0172990|-36|-88|CG0172991|-38|-95|CG0172991|-38|-95|CG0172991|-38|-95|CG0172991|-38|-95|CG0172992|-53|-86|CG0172993|-59|-85|CG0172994|-79|-60|CG0172994|-79|-60|CG0172994|-79|-60|CG0172995|-65|-76|CG0172995|-65|-76|CG0172996|-32|-87|CG0172996|-32|-87
386|7|8|1000|2|CG0172966|-35|-70|CG0172967|-35|-85
386|7|9|1000|1|CG0172972|-34|-59
386|7|10|1500|20|CG0172960|-27|-84|CG0172960|-27|-84|CG0172960|-27|-84|CG0172961|-30|-75|CG0172961|-30|-75|CG0172961|-30|-75|CG0172962|-35|-64|CG0172962|-35|-64|CG0172962|-35|-64|CG0172962|-35|-64|CG0172962|-35|-64|CG0172962|-35|-64|CG0172963|-45|-63|CG0172963|-45|-63|CG0172964|-64|-49|CG0172964|-64|-49|CG0172964|-64|-49|CG0172965|-73|-22|CG0172965|-73|-22|CG0172965|-73|-22
