382|0|0|1500|4|CG0171025|-15|-77|CG0171026|-15|-77|CG0171027|-17|-77|CG0171026|-15|-77
382|0|1|1000|6|CG0171030|-20|-77|CG0171031|-15|-78|CG0171032|-25|-76|CG0171033|-16|-77|CG0171034|-20|-79|CG0171035|-22|-76
382|0|2|400|1|CG0188372|-32|-70
382|0|3|400|6|CG0171000|-24|-75|CG0171001|-24|-76|CG0171002|-24|-76|CG0171003|-24|-75|CG0171004|-24|-76|CG0171005|-24|-76
382|0|4|100|1|CG0196344|-27|-55
382|0|5|1300|36|CG0170992|-14|-75|CG0170992|-14|-75|CG0170992|-14|-75|CG0170992|-14|-75|CG0170993|-31|-76|CG0170993|-31|-76|CG0170993|-31|-76|CG0170993|-31|-76|CG0170994|-44|-77|CG0170994|-44|-77|CG0170994|-44|-77|CG0170994|-44|-77|CG0170994|-44|-77|CG0170994|-44|-77|CG0170994|-44|-77|CG0170994|-44|-77|CG0170995|-39|-78|CG0170995|-39|-78|CG0170996|-57|-78|CG0170996|-57|-78|CG0170997|-43|-84|CG0170997|-43|-84|CG0170997|-43|-84|CG0170997|-43|-84|CG0170997|-43|-84|CG0170997|-43|-84|CG0170997|-43|-84|CG0170997|-43|-84|CG0170998|-40|-80|CG0170998|-40|-80|CG0170998|-40|-80|CG0170998|-40|-80|CG0170999|-26|-78|CG0170999|-26|-78|CG0170999|-26|-78|CG0170999|-26|-78
382|0|6|1500|9|CG0171019|-17|-77|CG0171019|-17|-77|CG0171020|-26|-79|CG0171020|-26|-79|CG0171020|-26|-79|CG0171020|-26|-79|CG0171020|-26|-79|CG0171020|-26|-79|CG0171021|-20|-84
382|0|7|1200|11|CG0170120|-19|-77|CG0170120|-19|-77|CG0170120|-19|-77|CG0170121|-19|-75|CG0170122|-30|-68|CG0170122|-30|-68|CG0170122|-30|-68|CG0170122|-30|-68|CG0170123|-35|-69|CG0170124|-35|-73|CG0170125|-34|-75
382|0|8|1000|2|CG0171014|-27|-74|CG0171015|-19|-71
382|0|9|1000|1|CG0171016|-30|-79
382|0|10|1200|7|CG0171008|-20|-77|CG0171009|-23|-71|CG0171010|-34|-64|CG0171010|-34|-64|CG0171011|-41|-64|CG0171012|-45|-58|CG0171013|-60|-44
382|1|0|1500|4|CG0171071|-22|-76|CG0171072|-22|-76|CG0171073|-22|-76|CG0171072|-22|-76
382|1|1|1000|6|CG0171076|-18|-76|CG0171077|-18|-77|CG0171078|-17|-75|CG0171079|-18|-76|CG0171080|-16|-78|CG0171081|-15|-75
382|1|2|400|1|CG0188417|-17|-71
382|1|3|400|6|CG0171046|-20|-77|CG0171047|-20|-78|CG0171048|-20|-77|CG0171049|-20|-77|CG0171050|-20|-78|CG0171051|-20|-77
382|1|4|100|1|CG0196384|-26|-58
382|1|5|1300|36|CG0171038|-14|-74|CG0171038|-14|-74|CG0171038|-14|-74|CG0171038|-14|-74|CG0171039|-21|-77|CG0171039|-21|-77|CG0171039|-21|-77|CG0171039|-21|-77|CG0171040|-29|-81|CG0171040|-29|-81|CG0171040|-29|-81|CG0171040|-29|-81|CG0171040|-29|-81|CG0171040|-29|-81|CG0171040|-29|-81|CG0171040|-29|-81|CG0171041|-32|-82|CG0171041|-32|-82|CG0171042|-23|-82|CG0171042|-23|-82|CG0171043|-22|-84|CG0171043|-22|-84|CG0171043|-22|-84|CG0171043|-22|-84|CG0171043|-22|-84|CG0171043|-22|-84|CG0171043|-22|-84|CG0171043|-22|-84|CG0171044|-18|-83|CG0171044|-18|-83|CG0171044|-18|-83|CG0171044|-18|-83|CG0171045|-16|-79|CG0171045|-16|-79|CG0171045|-16|-79|CG0171045|-16|-79
382|1|6|1500|9|CG0171065|-18|-76|CG0171065|-18|-76|CG0171066|-21|-77|CG0171066|-21|-77|CG0171066|-21|-77|CG0171066|-21|-77|CG0171066|-21|-77|CG0171066|-21|-77|CG0171067|-17|-79
382|1|7|1200|11|CG0170185|-18|-76|CG0170185|-18|-76|CG0170185|-18|-76|CG0170186|-20|-76|CG0170187|-24|-73|CG0170187|-24|-73|CG0170187|-24|-73|CG0170187|-24|-73|CG0170188|-24|-75|CG0170189|-18|-77|CG0170190|-18|-79
382|1|8|1000|2|CG0171060|-17|-77|CG0171061|-30|-64
382|1|9|1000|1|CG0171062|-16|-76
382|1|10|1200|7|CG0171054|-18|-77|CG0171055|-16|-72|CG0171056|-16|-65|CG0171056|-16|-65|CG0171057|-16|-67|CG0171058|-17|-61|CG0171059|-24|-49
382|2|0|1500|4|CG0171117|-18|-78|CG0171118|-19|-78|CG0171119|-20|-78|CG0171118|-19|-78
382|2|1|1000|6|CG0171122|-20|-77|CG0171123|-18|-78|CG0171124|-20|-76|CG0171125|-16|-77|CG0171126|-17|-79|CG0171127|-23|-76
382|2|2|400|1|CG0188462|-33|-62
382|2|3|400|6|CG0171092|-24|-75|CG0171093|-19|-76|CG0171094|-30|-75|CG0171095|-19|-75|CG0171096|-27|-76|CG0171097|-37|-75
382|2|4|100|1|CG0196424|-14|-57
382|2|5|1300|36|CG0171084|-16|-75|CG0171084|-16|-75|CG0171084|-16|-75|CG0171084|-16|-75|CG0171085|-15|-76|CG0171085|-15|-76|CG0171085|-15|-76|CG0171085|-15|-76|CG0171086|-15|-80|CG0171086|-15|-80|CG0171086|-15|-80|CG0171086|-15|-80|CG0171086|-15|-80|CG0171086|-15|-80|CG0171086|-15|-80|CG0171086|-15|-80|CG0171087|-22|-80|CG0171087|-22|-80|CG0171088|-12|-79|CG0171088|-12|-79|CG0171089|-12|-81|CG0171089|-12|-81|CG0171089|-12|-81|CG0171089|-12|-81|CG0171089|-12|-81|CG0171089|-12|-81|CG0171089|-12|-81|CG0171089|-12|-81|CG0171090|-10|-80|CG0171090|-10|-80|CG0171090|-10|-80|CG0171090|-10|-80|CG0171091|-12|-78|CG0171091|-12|-78|CG0171091|-12|-78|CG0171091|-12|-78
382|2|6|1500|9|CG0171111|-14|-77|CG0171111|-14|-77|CG0171112|-15|-77|CG0171112|-15|-77|CG0171112|-15|-77|CG0171112|-15|-77|CG0171112|-15|-77|CG0171112|-15|-77|CG0171113|-20|-80
382|2|7|1200|11|CG0170250|-17|-77|CG0170250|-17|-77|CG0170250|-17|-77|CG0170251|-18|-76|CG0170252|-21|-74|CG0170252|-21|-74|CG0170252|-21|-74|CG0170252|-21|-74|CG0170253|-18|-74|CG0170254|-19|-74|CG0170255|-19|-77
382|2|8|1000|2|CG0171106|-11|-74|CG0171107|-40|-59
382|2|9|1000|1|CG0171108|-19|-74
382|2|10|1200|7|CG0171100|-16|-77|CG0171101|-15|-71|CG0171102|-17|-62|CG0171102|-17|-62|CG0171103|-18|-58|CG0171104|-18|-50|CG0171105|-17|-38
382|3|0|1500|4|CG0171163|-16|-78|CG0171164|-15|-78|CG0171165|-13|-78|CG0171164|-15|-78
382|3|1|1000|6|CG0171168|-21|-77|CG0171169|-17|-78|CG0171170|-27|-76|CG0171171|-19|-77|CG0171172|-17|-79|CG0171173|-25|-76
382|3|2|400|1|CG0188507|-36|-53
382|3|3|400|6|CG0171138|-26|-69|CG0171139|-29|-71|CG0171140|-45|-70|CG0171141|-29|-69|CG0171142|-31|-71|CG0171143|-44|-70
382|3|4|100|1|CG0196464|-10|-51
382|3|5|1300|36|CG0171130|-17|-76|CG0171130|-17|-76|CG0171130|-17|-76|CG0171130|-17|-76|CG0171131|-9|-74|CG0171131|-9|-74|CG0171131|-9|-74|CG0171131|-9|-74|CG0171132|-13|-73|CG0171132|-13|-73|CG0171132|-13|-73|CG0171132|-13|-73|CG0171132|-13|-73|CG0171132|-13|-73|CG0171132|-13|-73|CG0171132|-13|-73|CG0171133|-7|-74|CG0171133|-7|-74|CG0171134|-8|-71|CG0171134|-8|-71|CG0171135|-8|-71|CG0171135|-8|-71|CG0171135|-8|-71|CG0171135|-8|-71|CG0171135|-8|-71|CG0171135|-8|-71|CG0171135|-8|-71|CG0171135|-8|-71|CG0171136|-5|-71|CG0171136|-5|-71|CG0171136|-5|-71|CG0171136|-5|-71|CG0171137|-16|-75|CG0171137|-16|-75|CG0171137|-16|-75|CG0171137|-16|-75
382|3|6|1500|9|CG0171157|-13|-77|CG0171157|-13|-77|CG0171158|-11|-77|CG0171158|-11|-77|CG0171158|-11|-77|CG0171158|-11|-77|CG0171158|-11|-77|CG0171158|-11|-77|CG0171159|-18|-86
382|3|7|1200|11|CG0170315|-14|-77|CG0170315|-14|-77|CG0170315|-14|-77|CG0170316|-16|-75|CG0170317|-15|-71|CG0170317|-15|-71|CG0170317|-15|-71|CG0170317|-15|-71|CG0170318|-15|-66|CG0170319|-15|-65|CG0170320|-15|-70
382|3|8|1000|2|CG0171152|-12|-66|CG0171153|-51|-68
382|3|9|1000|1|CG0171154|-15|-69
382|3|10|1200|7|CG0171146|-15|-77|CG0171147|-18|-68|CG0171148|-20|-54|CG0171148|-20|-54|CG0171149|-20|-44|CG0171150|-20|-30|CG0171151|-21|-21
382|4|0|1500|4|CG0171209|-21|-78|CG0171210|-21|-78|CG0171211|-21|-78|CG0171210|-21|-78
382|4|1|1000|6|CG0171214|-23|-78|CG0171215|-22|-79|CG0171216|-24|-76|CG0171217|-23|-78|CG0171218|-24|-79|CG0171219|-25|-77
382|4|2|400|1|CG0188552|-25|-51
382|4|3|400|6|CG0171184|-17|-63|CG0171185|-26|-65|CG0171186|-36|-64|CG0171187|-25|-63|CG0171188|-20|-65|CG0171189|-28|-64
382|4|4|100|1|CG0196504|-21|-46
382|4|5|1300|36|CG0171176|-21|-78|CG0171176|-21|-78|CG0171176|-21|-78|CG0171176|-21|-78|CG0171177|-20|-71|CG0171177|-20|-71|CG0171177|-20|-71|CG0171177|-20|-71|CG0171178|-6|-66|CG0171178|-6|-66|CG0171178|-6|-66|CG0171178|-6|-66|CG0171178|-6|-66|CG0171178|-6|-66|CG0171178|-6|-66|CG0171178|-6|-66|CG0171179|-2|-65|CG0171179|-2|-65|CG0171180|-2|-62|CG0171180|-2|-62|CG0171181|-23|-60|CG0171181|-23|-60|CG0171181|-23|-60|CG0171181|-23|-60|CG0171181|-23|-60|CG0171181|-23|-60|CG0171181|-23|-60|CG0171181|-23|-60|CG0171182|-13|-61|CG0171182|-13|-61|CG0171182|-13|-61|CG0171182|-13|-61|CG0171183|-22|-72|CG0171183|-22|-72|CG0171183|-22|-72|CG0171183|-22|-72
382|4|6|1500|9|CG0171203|-14|-78|CG0171203|-14|-78|CG0171204|-13|-77|CG0171204|-13|-77|CG0171204|-13|-77|CG0171204|-13|-77|CG0171204|-13|-77|CG0171204|-13|-77|CG0171205|-13|-90
382|4|7|1200|11|CG0170380|-14|-77|CG0170380|-14|-77|CG0170380|-14|-77|CG0170381|-12|-74|CG0170382|-12|-65|CG0170382|-12|-65|CG0170382|-12|-65|CG0170382|-12|-65|CG0170383|-10|-56|CG0170384|-7|-54|CG0170385|-23|-60
382|4|8|1000|2|CG0171198|-13|-59|CG0171199|-38|-81
382|4|9|1000|1|CG0171200|-12|-63
382|4|10|1200|7|CG0171192|-27|-78|CG0171193|-29|-66|CG0171194|-22|-47|CG0171194|-22|-47|CG0171195|-24|-33|CG0171196|-23|-15|CG0171197|-22|-14
382|5|0|1500|4|CG0171255|-17|-78|CG0171256|-16|-78|CG0171257|-17|-78|CG0171256|-16|-78
382|5|1|1000|6|CG0171260|-19|-78|CG0171261|-18|-79|CG0171262|-18|-76|CG0171263|-19|-78|CG0171264|-18|-79|CG0171265|-18|-77
382|5|2|400|1|CG0188597|-19|-60
382|5|3|400|6|CG0171230|-20|-60|CG0171231|-20|-62|CG0171232|-20|-61|CG0171233|-20|-60|CG0171234|-20|-62|CG0171235|-20|-61
382|5|4|100|1|CG0196544|-24|-45
382|5|5|1300|36|CG0171222|-20|-79|CG0171222|-20|-79|CG0171222|-20|-79|CG0171222|-20|-79|CG0171223|-36|-70|CG0171223|-36|-70|CG0171223|-36|-70|CG0171223|-36|-70|CG0171224|-11|-61|CG0171224|-11|-61|CG0171224|-11|-61|CG0171224|-11|-61|CG0171224|-11|-61|CG0171224|-11|-61|CG0171224|-11|-61|CG0171224|-11|-61|CG0171225|-10|-61|CG0171225|-10|-61|CG0171226|-14|-57|CG0171226|-14|-57|CG0171227|-72|-54|CG0171227|-72|-54|CG0171227|-72|-54|CG0171227|-72|-54|CG0171227|-72|-54|CG0171227|-72|-54|CG0171227|-72|-54|CG0171227|-72|-54|CG0171228|-56|-56|CG0171228|-56|-56|CG0171228|-56|-56|CG0171228|-56|-56|CG0171229|-36|-70|CG0171229|-36|-70|CG0171229|-36|-70|CG0171229|-36|-70
382|5|6|1500|9|CG0171249|-27|-78|CG0171249|-27|-78|CG0171250|-34|-77|CG0171250|-34|-77|CG0171250|-34|-77|CG0171250|-34|-77|CG0171250|-34|-77|CG0171250|-34|-77|CG0171251|-27|-89
382|5|7|1200|11|CG0170445|-17|-77|CG0170445|-17|-77|CG0170445|-17|-77|CG0170446|-16|-72|CG0170447|-16|-59|CG0170447|-16|-59|CG0170447|-16|-59|CG0170447|-16|-59|CG0170448|-20|-49|CG0170449|-20|-49|CG0170450|-30|-62
382|5|8|1000|2|CG0171244|-16|-56|CG0171245|-29|-84
382|5|9|1000|1|CG0171246|-22|-62
382|5|10|1200|7|CG0171238|-24|-78|CG0171239|-26|-66|CG0171240|-28|-45|CG0171240|-28|-45|CG0171241|-23|-32|CG0171242|-22|-17|CG0171243|-21|-16
382|6|0|1500|4|CG0171301|-30|-77|CG0171302|-29|-77|CG0171303|-28|-77|CG0171302|-29|-77
382|6|1|1000|6|CG0171306|-30|-78|CG0171307|-31|-79|CG0171308|-32|-77|CG0171309|-30|-78|CG0171310|-28|-79|CG0171311|-27|-77
382|6|2|400|1|CG0188642|-38|-63
382|6|3|400|6|CG0171276|-47|-63|CG0171277|-47|-65|CG0171278|-47|-64|CG0171279|-47|-63|CG0171280|-47|-65|CG0171281|-47|-64
382|6|4|100|1|CG0196584|-20|-48
382|6|5|1300|36|CG0171268|-23|-78|CG0171268|-23|-78|CG0171268|-23|-78|CG0171268|-23|-78|CG0171269|-32|-71|CG0171269|-32|-71|CG0171269|-32|-71|CG0171269|-32|-71|CG0171270|-33|-63|CG0171270|-33|-63|CG0171270|-33|-63|CG0171270|-33|-63|CG0171270|-33|-63|CG0171270|-33|-63|CG0171270|-33|-63|CG0171270|-33|-63|CG0171271|-33|-63|CG0171271|-33|-63|CG0171272|-69|-61|CG0171272|-69|-61|CG0171273|-77|-59|CG0171273|-77|-59|CG0171273|-77|-59|CG0171273|-77|-59|CG0171273|-77|-59|CG0171273|-77|-59|CG0171273|-77|-59|CG0171273|-77|-59|CG0171274|-67|-61|CG0171274|-67|-61|CG0171274|-67|-61|CG0171274|-67|-61|CG0171275|-44|-72|CG0171275|-44|-72|CG0171275|-44|-72|CG0171275|-44|-72
382|6|6|1500|9|CG0171295|-33|-78|CG0171295|-33|-78|CG0171296|-37|-77|CG0171296|-37|-77|CG0171296|-37|-77|CG0171296|-37|-77|CG0171296|-37|-77|CG0171296|-37|-77|CG0171297|-35|-84
382|6|7|1200|11|CG0170510|-22|-77|CG0170510|-22|-77|CG0170510|-22|-77|CG0170511|-18|-72|CG0170512|-23|-58|CG0170512|-23|-58|CG0170512|-23|-58|CG0170512|-23|-58|CG0170513|-31|-50|CG0170514|-48|-53|CG0170515|-32|-71
382|6|8|1000|2|CG0171290|-36|-59|CG0171291|-29|-80
382|6|9|1000|1|CG0171292|-25|-70
382|6|10|1200|7|CG0171284|-27|-77|CG0171285|-27|-67|CG0171286|-33|-50|CG0171286|-33|-50|CG0171287|-44|-42|CG0171288|-56|-21|CG0171289|-61|-18
382|7|0|1500|4|CG0171347|-28|-77|CG0171348|-29|-77|CG0171349|-30|-77|CG0171348|-29|-77
382|7|1|1000|6|CG0171352|-29|-77|CG0171353|-31|-78|CG0171354|-32|-76|CG0171355|-29|-77|CG0171356|-27|-79|CG0171357|-27|-76
382|7|2|400|1|CG0188687|-44|-60
382|7|3|400|6|CG0171322|-47|-70|CG0171323|-47|-71|CG0171324|-47|-70|CG0171325|-47|-70|CG0171326|-47|-71|CG0171327|-47|-70
382|7|4|100|1|CG0196624|-25|-51
382|7|5|1300|36|CG0171314|-20|-76|CG0171314|-20|-76|CG0171314|-20|-76|CG0171314|-20|-76|CG0171315|-36|-74|CG0171315|-36|-74|CG0171315|-36|-74|CG0171315|-36|-74|CG0171316|-41|-70|CG0171316|-41|-70|CG0171316|-41|-70|CG0171316|-41|-70|CG0171316|-41|-70|CG0171316|-41|-70|CG0171316|-41|-70|CG0171316|-41|-70|CG0171317|-50|-70|CG0171317|-50|-70|CG0171318|-86|-70|CG0171318|-86|-70|CG0171319|-45|-81|CG0171319|-45|-81|CG0171319|-45|-81|CG0171319|-45|-81|CG0171319|-45|-81|CG0171319|-45|-81|CG0171319|-45|-81|CG0171319|-45|-81|CG0171320|-44|-71|CG0171320|-44|-71|CG0171320|-44|-71|CG0171320|-44|-71|CG0171321|-31|-75|CG0171321|-31|-75|CG0171321|-31|-75|CG0171321|-31|-75
382|7|6|1500|9|CG0171341|-22|-77|CG0171341|-22|-77|CG0171342|-21|-77|CG0171342|-21|-77|CG0171342|-21|-77|CG0171342|-21|-77|CG0171342|-21|-77|CG0171342|-21|-77|CG0171343|-24|-80
382|7|7|1200|11|CG0170575|-16|-76|CG0170575|-16|-76|CG0170575|-16|-76|CG0170576|-23|-73|CG0170577|-27|-62|CG0170577|-27|-62|CG0170577|-27|-62|CG0170577|-27|-62|CG0170578|-38|-59|CG0170579|-56|-65|CG0170580|-40|-75
382|7|8|1000|2|CG0171336|-38|-66|CG0171337|-29|-76
382|7|9|1000|1|CG0171338|-35|-77
382|7|10|1200|7|CG0171330|-32|-77|CG0171331|-34|-69|CG0171332|-47|-57|CG0171332|-47|-57|CG0171333|-52|-55|CG0171334|-63|-42|CG0171335|-70|-24
