401|0|0|1200|4|CG0178578|-30|-71|CG0178579|-28|-71|CG0178580|-25|-71|CG0178579|-28|-71
401|0|1|1000|6|CG0178583|-29|-72|CG0178584|-29|-73|CG0178585|-29|-70|CG0178586|-29|-72|CG0178587|-29|-73|CG0178588|-29|-71
401|0|2|400|1|CG0188372|-32|-70
401|0|3|600|6|CG0178552|-19|-72|CG0178553|-19|-75|CG0178554|-19|-73|CG0178555|-19|-72|CG0178556|-19|-75|CG0178557|-21|-73
401|0|4|100|1|CG0196344|-27|-55
401|0|5|1500|38|CG0178544|-14|-71|CG0178544|-14|-71|CG0178544|-14|-71|CG0178544|-14|-71|CG0178545|-19|-74|CG0178545|-19|-74|CG0178545|-19|-74|CG0178545|-19|-74|CG0178546|-22|-74|CG0178546|-22|-74|CG0178546|-22|-74|CG0178546|-22|-74|CG0178546|-22|-74|CG0178546|-22|-74|CG0178546|-22|-74|CG0178546|-22|-74|CG0178547|-39|-74|CG0178547|-39|-74|CG0178548|-49|-76|CG0178548|-49|-76|CG0178549|-46|-90|CG0178549|-46|-90|CG0178549|-46|-90|CG0178549|-46|-90|CG0178549|-46|-90|CG0178549|-46|-90|CG0178549|-46|-90|CG0178549|-46|-90|CG0178549|-46|-90|CG0178549|-46|-90|CG0178550|-20|-91|CG0178550|-20|-91|CG0178550|-20|-91|CG0178550|-20|-91|CG0178551|-26|-72|CG0178551|-26|-72|CG0178551|-26|-72|CG0178551|-26|-72
401|0|6|1500|13|CG0178571|-27|-73|CG0178571|-27|-73|CG0178572|-33|-75|CG0178572|-33|-75|CG0178572|-33|-75|CG0178572|-33|-75|CG0178573|-34|-72|CG0178573|-34|-72|CG0178574|-36|-73|CG0178574|-36|-73|CG0178574|-36|-73|CG0178574|-36|-73|CG0178574|-36|-73
401|0|7|1200|12|CG0177313|-24|-70|CG0177313|-24|-70|CG0177314|-24|-69|CG0177314|-24|-69|CG0177315|-19|-68|CG0177315|-19|-68|CG0177315|-19|-68|CG0177316|-32|-69|CG0177316|-32|-69|CG0177317|-36|-73|CG0177318|-47|-74|CG0177318|-47|-74
401|0|8|1000|2|CG0178566|-29|-73|CG0178567|-18|-51
401|0|9|1000|1|CG0178568|-42|-69
401|0|10|1500|16|CG0178560|-21|-72|CG0178560|-21|-72|CG0178561|-19|-64|CG0178561|-19|-64|CG0178562|-15|-52|CG0178562|-15|-52|CG0178562|-15|-52|CG0178562|-15|-52|CG0178562|-15|-52|CG0178563|-23|-48|CG0178563|-23|-48|CG0178564|-30|-51|CG0178564|-30|-51|CG0178565|-65|-34|CG0178565|-65|-34|CG0178565|-65|-34
401|1|0|1200|4|CG0178625|-31|-71|CG0178626|-32|-71|CG0178627|-33|-71|CG0178626|-32|-71
401|1|1|1000|6|CG0178630|-31|-71|CG0178631|-32|-73|CG0178632|-31|-70|CG0178633|-31|-71|CG0178634|-31|-72|CG0178635|-31|-70
401|1|2|400|1|CG0188417|-17|-71
401|1|3|600|6|CG0178599|-20|-73|CG0178600|-20|-76|CG0178601|-20|-74|CG0178602|-20|-73|CG0178603|-20|-76|CG0178604|-20|-74
401|1|4|100|1|CG0196384|-26|-58
401|1|5|1500|38|CG0178591|-19|-71|CG0178591|-19|-71|CG0178591|-19|-71|CG0178591|-19|-71|CG0178592|-19|-75|CG0178592|-19|-75|CG0178592|-19|-75|CG0178592|-19|-75|CG0178593|-20|-75|CG0178593|-20|-75|CG0178593|-20|-75|CG0178593|-20|-75|CG0178593|-20|-75|CG0178593|-20|-75|CG0178593|-20|-75|CG0178593|-20|-75|CG0178594|-20|-74|CG0178594|-20|-74|CG0178595|-15|-81|CG0178595|-15|-81|CG0178596|-27|-105|CG0178596|-27|-105|CG0178596|-27|-105|CG0178596|-27|-105|CG0178596|-27|-105|CG0178596|-27|-105|CG0178596|-27|-105|CG0178596|-27|-105|CG0178596|-27|-105|CG0178596|-27|-105|CG0178597|-22|-89|CG0178597|-22|-89|CG0178597|-22|-89|CG0178597|-22|-89|CG0178598|-20|-72|CG0178598|-20|-72|CG0178598|-20|-72|CG0178598|-20|-72
401|1|6|1500|13|CG0178618|-29|-72|CG0178618|-29|-72|CG0178619|-29|-75|CG0178619|-29|-75|CG0178619|-29|-75|CG0178619|-29|-75|CG0178620|-28|-72|CG0178620|-28|-72|CG0178621|-28|-71|CG0178621|-28|-71|CG0178621|-28|-71|CG0178621|-28|-71|CG0178621|-28|-71
401|1|7|1200|12|CG0177379|-21|-70|CG0177379|-21|-70|CG0177380|-20|-68|CG0177380|-20|-68|CG0177381|-16|-64|CG0177381|-16|-64|CG0177381|-16|-64|CG0177382|-16|-68|CG0177382|-16|-68|CG0177383|-26|-78|CG0177384|-26|-83|CG0177384|-26|-83
401|1|8|1000|2|CG0178613|-29|-75|CG0178614|-35|-46
401|1|9|1000|1|CG0178615|-32|-70
401|1|10|1500|16|CG0178607|-29|-71|CG0178607|-29|-71|CG0178608|-30|-63|CG0178608|-30|-63|CG0178609|-30|-52|CG0178609|-30|-52|CG0178609|-30|-52|CG0178609|-30|-52|CG0178609|-30|-52|CG0178610|-30|-48|CG0178610|-30|-48|CG0178611|-27|-56|CG0178611|-27|-56|CG0178612|-22|-42|CG0178612|-22|-42|CG0178612|-22|-42
401|2|0|1200|4|CG0178672|-22|-73|CG0178673|-22|-73|CG0178674|-23|-73|CG0178673|-22|-73
401|2|1|1000|6|CG0178677|-19|-72|CG0178678|-19|-73|CG0178679|-19|-70|CG0178680|-20|-72|CG0178681|-19|-73|CG0178682|-22|-71
401|2|2|400|1|CG0188462|-33|-62
401|2|3|600|6|CG0178646|-19|-74|CG0178647|-21|-77|CG0178648|-30|-74|CG0178649|-20|-74|CG0178650|-17|-77|CG0178651|-21|-74
401|2|4|100|1|CG0196424|-14|-57
401|2|5|1500|38|CG0178638|-39|-71|CG0178638|-39|-71|CG0178638|-39|-71|CG0178638|-39|-71|CG0178639|-35|-74|CG0178639|-35|-74|CG0178639|-35|-74|CG0178639|-35|-74|CG0178640|-24|-73|CG0178640|-24|-73|CG0178640|-24|-73|CG0178640|-24|-73|CG0178640|-24|-73|CG0178640|-24|-73|CG0178640|-24|-73|CG0178640|-24|-73|CG0178641|-17|-71|CG0178641|-17|-71|CG0178642|-13|-75|CG0178642|-13|-75|CG0178643|-11|-108|CG0178643|-11|-108|CG0178643|-11|-108|CG0178643|-11|-108|CG0178643|-11|-108|CG0178643|-11|-108|CG0178643|-11|-108|CG0178643|-11|-108|CG0178643|-11|-108|CG0178643|-11|-108|CG0178644|-14|-75|CG0178644|-14|-75|CG0178644|-14|-75|CG0178644|-14|-75|CG0178645|-18|-73|CG0178645|-18|-73|CG0178645|-18|-73|CG0178645|-18|-73
401|2|6|1500|13|CG0178665|-21|-73|CG0178665|-21|-73|CG0178666|-22|-75|CG0178666|-22|-75|CG0178666|-22|-75|CG0178666|-22|-75|CG0178667|-20|-72|CG0178667|-20|-72|CG0178668|-20|-71|CG0178668|-20|-71|CG0178668|-20|-71|CG0178668|-20|-71|CG0178668|-20|-71
401|2|7|1200|12|CG0177445|-20|-71|CG0177445|-20|-71|CG0177446|-22|-68|CG0177446|-22|-68|CG0177447|-22|-63|CG0177447|-22|-63|CG0177447|-22|-63|CG0177448|-13|-65|CG0177448|-13|-65|CG0177449|-8|-77|CG0177450|-13|-81|CG0177450|-13|-81
401|2|8|1000|2|CG0178660|-25|-73|CG0178661|-35|-51
401|2|9|1000|1|CG0178662|-26|-68
401|2|10|1500|16|CG0178654|-20|-72|CG0178654|-20|-72|CG0178655|-24|-65|CG0178655|-24|-65|CG0178656|-30|-56|CG0178656|-30|-56|CG0178656|-30|-56|CG0178656|-30|-56|CG0178656|-30|-56|CG0178657|-28|-52|CG0178657|-28|-52|CG0178658|-31|-59|CG0178658|-31|-59|CG0178659|-30|-41|CG0178659|-30|-41|CG0178659|-30|-41
401|3|0|1200|4|CG0178719|-17|-75|CG0178720|-17|-75|CG0178721|-17|-74|CG0178720|-17|-75
401|3|1|1000|6|CG0178724|-18|-73|CG0178725|-17|-74|CG0178726|-24|-71|CG0178727|-18|-73|CG0178728|-18|-74|CG0178729|-23|-71
401|3|2|400|1|CG0188507|-36|-53
401|3|3|600|6|CG0178693|-50|-72|CG0178694|-51|-75|CG0178695|-50|-72|CG0178696|-50|-72|CG0178697|-51|-75|CG0178698|-50|-72
401|3|4|100|1|CG0196464|-10|-51
401|3|5|1500|38|CG0178685|-59|-71|CG0178685|-59|-71|CG0178685|-59|-71|CG0178685|-59|-71|CG0178686|-51|-70|CG0178686|-51|-70|CG0178686|-51|-70|CG0178686|-51|-70|CG0178687|-43|-68|CG0178687|-43|-68|CG0178687|-43|-68|CG0178687|-43|-68|CG0178687|-43|-68|CG0178687|-43|-68|CG0178687|-43|-68|CG0178687|-43|-68|CG0178688|-13|-64|CG0178688|-13|-64|CG0178689|-8|-70|CG0178689|-8|-70|CG0178690|-7|-99|CG0178690|-7|-99|CG0178690|-7|-99|CG0178690|-7|-99|CG0178690|-7|-99|CG0178690|-7|-99|CG0178690|-7|-99|CG0178690|-7|-99|CG0178690|-7|-99|CG0178690|-7|-99|CG0178691|-11|-72|CG0178691|-11|-72|CG0178691|-11|-72|CG0178691|-11|-72|CG0178692|-38|-72|CG0178692|-38|-72|CG0178692|-38|-72|CG0178692|-38|-72
401|3|6|1500|13|CG0178712|-16|-73|CG0178712|-16|-73|CG0178713|-17|-72|CG0178713|-17|-72|CG0178713|-17|-72|CG0178713|-17|-72|CG0178714|-17|-73|CG0178714|-17|-73|CG0178715|-18|-73|CG0178715|-18|-73|CG0178715|-18|-73|CG0178715|-18|-73|CG0178715|-18|-73
401|3|7|1200|12|CG0177511|-17|-72|CG0177511|-17|-72|CG0177512|-21|-70|CG0177512|-21|-70|CG0177513|-36|-66|CG0177513|-36|-66|CG0177513|-36|-66|CG0177514|-19|-64|CG0177514|-19|-64|CG0177515|-9|-71|CG0177516|-14|-70|CG0177516|-14|-70
401|3|8|1000|2|CG0178707|-20|-68|CG0178708|-45|-63
401|3|9|1000|1|CG0178709|-22|-61
401|3|10|1500|16|CG0178701|-17|-73|CG0178701|-17|-73|CG0178702|-22|-68|CG0178702|-22|-68|CG0178703|-29|-61|CG0178703|-29|-61|CG0178703|-29|-61|CG0178703|-29|-61|CG0178703|-29|-61|CG0178704|-29|-57|CG0178704|-29|-57|CG0178705|-30|-58|CG0178705|-30|-58|CG0178706|-29|-29|CG0178706|-29|-29|CG0178706|-29|-29
401|4|0|1200|4|CG0178766|-35|-75|CG0178767|-28|-75|CG0178768|-19|-75|CG0178767|-28|-75
401|4|1|1000|6|CG0178771|-31|-74|CG0178772|-32|-75|CG0178773|-32|-72|CG0178774|-32|-74|CG0178775|-31|-75|CG0178776|-31|-72
401|4|2|400|1|CG0188552|-25|-51
401|4|3|600|6|CG0178740|-53|-68|CG0178741|-53|-71|CG0178742|-53|-68|CG0178743|-53|-68|CG0178744|-53|-71|CG0178745|-53|-68
401|4|4|100|1|CG0196504|-21|-46
401|4|5|1500|38|CG0178732|-45|-71|CG0178732|-45|-71|CG0178732|-45|-71|CG0178732|-45|-71|CG0178733|-38|-66|CG0178733|-38|-66|CG0178733|-38|-66|CG0178733|-38|-66|CG0178734|-37|-70|CG0178734|-37|-70|CG0178734|-37|-70|CG0178734|-37|-70|CG0178734|-37|-70|CG0178734|-37|-70|CG0178734|-37|-70|CG0178734|-37|-70|CG0178735|-30|-59|CG0178735|-30|-59|CG0178736|-7|-64|CG0178736|-7|-64|CG0178737|-6|-83|CG0178737|-6|-83|CG0178737|-6|-83|CG0178737|-6|-83|CG0178737|-6|-83|CG0178737|-6|-83|CG0178737|-6|-83|CG0178737|-6|-83|CG0178737|-6|-83|CG0178737|-6|-83|CG0178738|-11|-70|CG0178738|-11|-70|CG0178738|-11|-70|CG0178738|-11|-70|CG0178739|-56|-71|CG0178739|-56|-71|CG0178739|-56|-71|CG0178739|-56|-71
401|4|6|1500|13|CG0178759|-32|-73|CG0178759|-32|-73|CG0178760|-26|-69|CG0178760|-26|-69|CG0178760|-26|-69|CG0178760|-26|-69|CG0178761|-24|-74|CG0178761|-24|-74|CG0178762|-26|-74|CG0178762|-26|-74|CG0178762|-26|-74|CG0178762|-26|-74|CG0178762|-26|-74
401|4|7|1200|12|CG0177577|-18|-73|CG0177577|-18|-73|CG0177578|-25|-73|CG0177578|-25|-73|CG0177579|-35|-72|CG0177579|-35|-72|CG0177579|-35|-72|CG0177580|-26|-64|CG0177580|-26|-64|CG0177581|-12|-61|CG0177582|-22|-54|CG0177582|-22|-54
401|4|8|1000|2|CG0178754|-25|-64|CG0178755|-34|-74
401|4|9|1000|1|CG0178756|-26|-55
401|4|10|1500|16|CG0178748|-20|-74|CG0178748|-20|-74|CG0178749|-22|-71|CG0178749|-22|-71|CG0178750|-24|-65|CG0178750|-24|-65|CG0178750|-24|-65|CG0178750|-24|-65|CG0178750|-24|-65|CG0178751|-21|-62|CG0178751|-21|-62|CG0178752|-24|-53|CG0178752|-24|-53|CG0178753|-17|-26|CG0178753|-17|-26|CG0178753|-17|-26
401|5|0|1200|4|CG0178813|-51|-74|CG0178814|-50|-74|CG0178815|-48|-74|CG0178814|-50|-74
401|5|1|1000|6|CG0178818|-51|-74|CG0178819|-52|-75|CG0178820|-51|-73|CG0178821|-52|-74|CG0178822|-51|-75|CG0178823|-51|-73
401|5|2|400|1|CG0188597|-19|-60
401|5|3|600|6|CG0178787|-27|-69|CG0178788|-27|-71|CG0178789|-27|-69|CG0178790|-27|-69|CG0178791|-27|-71|CG0178792|-27|-69
401|5|4|100|1|CG0196544|-24|-45
401|5|5|1500|38|CG0178779|-13|-71|CG0178779|-13|-71|CG0178779|-13|-71|CG0178779|-13|-71|CG0178780|-16|-72|CG0178780|-16|-72|CG0178780|-16|-72|CG0178780|-16|-72|CG0178781|-18|-79|CG0178781|-18|-79|CG0178781|-18|-79|CG0178781|-18|-79|CG0178781|-18|-79|CG0178781|-18|-79|CG0178781|-18|-79|CG0178781|-18|-79|CG0178782|-39|-58|CG0178782|-39|-58|CG0178783|-19|-62|CG0178783|-19|-62|CG0178784|-18|-68|CG0178784|-18|-68|CG0178784|-18|-68|CG0178784|-18|-68|CG0178784|-18|-68|CG0178784|-18|-68|CG0178784|-18|-68|CG0178784|-18|-68|CG0178784|-18|-68|CG0178784|-18|-68|CG0178785|-30|-68|CG0178785|-30|-68|CG0178785|-30|-68|CG0178785|-30|-68|CG0178786|-42|-70|CG0178786|-42|-70|CG0178786|-42|-70|CG0178786|-42|-70
401|5|6|1500|13|CG0178806|-54|-73|CG0178806|-54|-73|CG0178807|-53|-68|CG0178807|-53|-68|CG0178807|-53|-68|CG0178807|-53|-68|CG0178808|-53|-74|CG0178808|-53|-74|CG0178809|-55|-74|CG0178809|-55|-74|CG0178809|-55|-74|CG0178809|-55|-74|CG0178809|-55|-74
401|5|7|1200|12|CG0177643|-16|-73|CG0177643|-16|-73|CG0177644|-17|-75|CG0177644|-17|-75|CG0177645|-18|-76|CG0177645|-18|-76|CG0177645|-18|-76|CG0177646|-20|-66|CG0177646|-20|-66|CG0177647|-20|-55|CG0177648|-20|-44|CG0177648|-20|-44
401|5|8|1000|2|CG0178801|-48|-62|CG0178802|-27|-78
401|5|9|1000|1|CG0178803|-51|-53
401|5|10|1500|16|CG0178795|-40|-74|CG0178795|-40|-74|CG0178796|-40|-71|CG0178796|-40|-71|CG0178797|-39|-65|CG0178797|-39|-65|CG0178797|-39|-65|CG0178797|-39|-65|CG0178797|-39|-65|CG0178798|-43|-62|CG0178798|-43|-62|CG0178799|-26|-47|CG0178799|-26|-47|CG0178800|-20|-22|CG0178800|-20|-22|CG0178800|-20|-22
401|6|0|1200|4|CG0178860|-37|-72|CG0178861|-43|-73|CG0178862|-48|-73|CG0178861|-43|-73
401|6|1|1000|6|CG0178865|-41|-74|CG0178866|-41|-75|CG0178867|-41|-72|CG0178868|-41|-74|CG0178869|-41|-75|CG0178870|-41|-73
401|6|2|400|1|CG0188642|-38|-63
401|6|3|600|6|CG0178834|-22|-70|CG0178835|-22|-73|CG0178836|-22|-71|CG0178837|-22|-70|CG0178838|-22|-73|CG0178839|-22|-71
401|6|4|100|1|CG0196584|-20|-48
401|6|5|1500|38|CG0178826|-24|-71|CG0178826|-24|-71|CG0178826|-24|-71|CG0178826|-24|-71|CG0178827|-27|-66|CG0178827|-27|-66|CG0178827|-27|-66|CG0178827|-27|-66|CG0178828|-27|-76|CG0178828|-27|-76|CG0178828|-27|-76|CG0178828|-27|-76|CG0178828|-27|-76|CG0178828|-27|-76|CG0178828|-27|-76|CG0178828|-27|-76|CG0178829|-28|-63|CG0178829|-28|-63|CG0178830|-56|-65|CG0178830|-56|-65|CG0178831|-29|-66|CG0178831|-29|-66|CG0178831|-29|-66|CG0178831|-29|-66|CG0178831|-29|-66|CG0178831|-29|-66|CG0178831|-29|-66|CG0178831|-29|-66|CG0178831|-29|-66|CG0178831|-29|-66|CG0178832|-56|-68|CG0178832|-56|-68|CG0178832|-56|-68|CG0178832|-56|-68|CG0178833|-14|-70|CG0178833|-14|-70|CG0178833|-14|-70|CG0178833|-14|-70
401|6|6|1500|13|CG0178853|-44|-73|CG0178853|-44|-73|CG0178854|-49|-68|CG0178854|-49|-68|CG0178854|-49|-68|CG0178854|-49|-68|CG0178855|-52|-74|CG0178855|-52|-74|CG0178856|-50|-74|CG0178856|-50|-74|CG0178856|-50|-74|CG0178856|-50|-74|CG0178856|-50|-74
401|6|7|1200|12|CG0177709|-13|-72|CG0177709|-13|-72|CG0177710|-15|-75|CG0177710|-15|-75|CG0177711|-22|-76|CG0177711|-22|-76|CG0177711|-22|-76|CG0177712|-22|-68|CG0177712|-22|-68|CG0177713|-43|-56|CG0177714|-33|-46|CG0177714|-33|-46
401|6|8|1000|2|CG0178848|-52|-64|CG0178849|-40|-74
401|6|9|1000|1|CG0178850|-53|-55
401|6|10|1500|16|CG0178842|-45|-74|CG0178842|-45|-74|CG0178843|-47|-69|CG0178843|-47|-69|CG0178844|-50|-61|CG0178844|-50|-61|CG0178844|-50|-61|CG0178844|-50|-61|CG0178844|-50|-61|CG0178845|-55|-58|CG0178845|-55|-58|CG0178846|-66|-44|CG0178846|-66|-44|CG0178847|-53|-19|CG0178847|-53|-19|CG0178847|-53|-19
401|7|0|1200|4|CG0178907|-13|-71|CG0178908|-14|-71|CG0178909|-21|-71|CG0178908|-14|-71
401|7|1|1000|6|CG0178912|-12|-73|CG0178913|-12|-74|CG0178914|-23|-71|CG0178915|-12|-73|CG0178916|-12|-74|CG0178917|-24|-71
401|7|2|400|1|CG0188687|-44|-60
401|7|3|600|6|CG0178881|-27|-69|CG0178882|-27|-72|CG0178883|-27|-70|CG0178884|-27|-69|CG0178885|-27|-72|CG0178886|-27|-70
401|7|4|100|1|CG0196624|-25|-51
401|7|5|1500|38|CG0178873|-24|-71|CG0178873|-24|-71|CG0178873|-24|-71|CG0178873|-24|-71|CG0178874|-27|-71|CG0178874|-27|-71|CG0178874|-27|-71|CG0178874|-27|-71|CG0178875|-30|-69|CG0178875|-30|-69|CG0178875|-30|-69|CG0178875|-30|-69|CG0178875|-30|-69|CG0178875|-30|-69|CG0178875|-30|-69|CG0178875|-30|-69|CG0178876|-38|-70|CG0178876|-38|-70|CG0178877|-74|-71|CG0178877|-74|-71|CG0178878|-41|-75|CG0178878|-41|-75|CG0178878|-41|-75|CG0178878|-41|-75|CG0178878|-41|-75|CG0178878|-41|-75|CG0178878|-41|-75|CG0178878|-41|-75|CG0178878|-41|-75|CG0178878|-41|-75|CG0178879|-48|-79|CG0178879|-48|-79|CG0178879|-48|-79|CG0178879|-48|-79|CG0178880|-27|-71|CG0178880|-27|-71|CG0178880|-27|-71|CG0178880|-27|-71
401|7|6|1500|13|CG0178900|-13|-73|CG0178900|-13|-73|CG0178901|-21|-72|CG0178901|-21|-72|CG0178901|-21|-72|CG0178901|-21|-72|CG0178902|-24|-73|CG0178902|-24|-73|CG0178903|-25|-73|CG0178903|-25|-73|CG0178903|-25|-73|CG0178903|-25|-73|CG0178903|-25|-73
401|7|7|1200|12|CG0177775|-18|-71|CG0177775|-18|-71|CG0177776|-22|-72|CG0177776|-22|-72|CG0177777|-25|-72|CG0177777|-25|-72|CG0177777|-25|-72|CG0177778|-36|-69|CG0177778|-36|-69|CG0177779|-53|-63|CG0177780|-52|-58|CG0177780|-52|-58
401|7|8|1000|2|CG0178895|-28|-68|CG0178896|-37|-63
401|7|9|1000|1|CG0178897|-30|-66
401|7|10|1500|16|CG0178889|-25|-73|CG0178889|-25|-73|CG0178890|-27|-66|CG0178890|-27|-66|CG0178891|-31|-56|CG0178891|-31|-56|CG0178891|-31|-56|CG0178891|-31|-56|CG0178891|-31|-56|CG0178892|-35|-52|CG0178892|-35|-52|CG0178893|-67|-46|CG0178893|-67|-46|CG0178894|-83|-19|CG0178894|-83|-19|CG0178894|-83|-19
