417|0|0|1500|4|CG0184825|-24|-77|CG0184826|-30|-77|CG0184827|-36|-77|CG0184826|-30|-77
417|0|1|1000|6|CG0184830|-24|-78|CG0184831|-24|-80|CG0184832|-25|-77|CG0184833|-24|-78|CG0184834|-23|-81|CG0184835|-23|-77
417|0|2|400|1|CG0188372|-32|-70
417|0|3|500|6|CG0184800|-23|-81|CG0184801|-23|-83|CG0184802|-24|-79|CG0184803|-26|-80|CG0184804|-23|-84|CG0184805|-25|-80
417|0|4|100|1|CG0196344|-27|-55
417|0|5|2000|42|CG0184792|-42|-79|CG0184792|-42|-79|CG0184792|-42|-79|CG0184792|-42|-79|CG0184792|-42|-79|CG0184792|-42|-79|CG0184793|-39|-78|CG0184793|-39|-78|CG0184793|-39|-78|CG0184793|-39|-78|CG0184794|-30|-71|CG0184794|-30|-71|CG0184794|-30|-71|CG0184794|-30|-71|CG0184794|-30|-71|CG0184794|-30|-71|CG0184794|-30|-71|CG0184794|-30|-71|CG0184794|-30|-71|CG0184794|-30|-71|CG0184795|-62|-77|CG0184795|-62|-77|CG0184796|-71|-84|CG0184796|-71|-84|CG0184796|-71|-84|CG0184796|-71|-84|CG0184796|-71|-84|CG0184796|-71|-84|CG0184797|-80|-82|CG0184797|-80|-82|CG0184797|-80|-82|CG0184797|-80|-82|CG0184798|-34|-80|CG0184798|-34|-80|CG0184798|-34|-80|CG0184798|-34|-80|CG0184798|-34|-80|CG0184798|-34|-80|CG0184799|-22|-102|CG0184799|-22|-102|CG0184799|-22|-102|CG0184799|-22|-102
417|0|6|1000|7|CG0184819|-36|-84|CG0184819|-36|-84|CG0184819|-36|-84|CG0184820|-21|-105|CG0184821|-64|-79|CG0184821|-64|-79|CG0184821|-64|-79
417|0|7|1200|28|CG0184327|-21|-78|CG0184327|-21|-78|CG0184327|-21|-78|CG0184327|-21|-78|CG0184328|-15|-73|CG0184328|-15|-73|CG0184328|-15|-73|CG0184328|-15|-73|CG0184329|-8|-70|CG0184329|-8|-70|CG0184329|-8|-70|CG0184329|-8|-70|CG0184329|-8|-70|CG0184329|-8|-70|CG0184329|-8|-70|CG0184329|-8|-70|CG0184330|-24|-74|CG0184330|-24|-74|CG0184330|-24|-74|CG0184330|-24|-74|CG0184331|-33|-83|CG0184331|-33|-83|CG0184332|-46|-83|CG0184332|-46|-83|CG0184332|-46|-83|CG0184332|-46|-83|CG0184332|-46|-83|CG0184332|-46|-83
417|0|8|1000|2|CG0184814|-25|-84|CG0184815|-22|-78
417|0|9|1000|1|CG0184816|-57|-81
417|0|10|1500|14|CG0184808|-27|-77|CG0184808|-27|-77|CG0184809|-17|-63|CG0184809|-17|-63|CG0184810|-20|-59|CG0184810|-20|-59|CG0184810|-20|-59|CG0184811|-27|-57|CG0184811|-27|-57|CG0184812|-70|-64|CG0184812|-70|-64|CG0184813|-84|-48|CG0184813|-84|-48|CG0184813|-84|-48
417|1|0|1500|4|CG0184871|-19|-78|CG0184872|-20|-78|CG0184873|-20|-78|CG0184872|-20|-78
417|1|1|1000|6|CG0184876|-18|-79|CG0184877|-18|-81|CG0184878|-18|-78|CG0184879|-18|-79|CG0184880|-18|-81|CG0184881|-18|-78
417|1|2|400|1|CG0188417|-17|-71
417|1|3|500|6|CG0184846|-18|-81|CG0184847|-18|-83|CG0184848|-17|-79|CG0184849|-17|-81|CG0184850|-17|-84|CG0184851|-18|-81
417|1|4|100|1|CG0196384|-26|-58
417|1|5|2000|42|CG0184838|-19|-80|CG0184838|-19|-80|CG0184838|-19|-80|CG0184838|-19|-80|CG0184838|-19|-80|CG0184838|-19|-80|CG0184839|-15|-76|CG0184839|-15|-76|CG0184839|-15|-76|CG0184839|-15|-76|CG0184840|-18|-72|CG0184840|-18|-72|CG0184840|-18|-72|CG0184840|-18|-72|CG0184840|-18|-72|CG0184840|-18|-72|CG0184840|-18|-72|CG0184840|-18|-72|CG0184840|-18|-72|CG0184840|-18|-72|CG0184841|-22|-81|CG0184841|-22|-81|CG0184842|-14|-88|CG0184842|-14|-88|CG0184842|-14|-88|CG0184842|-14|-88|CG0184842|-14|-88|CG0184842|-14|-88|CG0184843|-22|-86|CG0184843|-22|-86|CG0184843|-22|-86|CG0184843|-22|-86|CG0184844|-30|-85|CG0184844|-30|-85|CG0184844|-30|-85|CG0184844|-30|-85|CG0184844|-30|-85|CG0184844|-30|-85|CG0184845|-17|-90|CG0184845|-17|-90|CG0184845|-17|-90|CG0184845|-17|-90
417|1|6|1000|7|CG0184865|-18|-83|CG0184865|-18|-83|CG0184865|-18|-83|CG0184866|-18|-108|CG0184867|-57|-80|CG0184867|-57|-80|CG0184867|-57|-80
417|1|7|1200|28|CG0184391|-17|-79|CG0184391|-17|-79|CG0184391|-17|-79|CG0184391|-17|-79|CG0184392|-20|-72|CG0184392|-20|-72|CG0184392|-20|-72|CG0184392|-20|-72|CG0184393|-16|-63|CG0184393|-16|-63|CG0184393|-16|-63|CG0184393|-16|-63|CG0184393|-16|-63|CG0184393|-16|-63|CG0184393|-16|-63|CG0184393|-16|-63|CG0184394|-19|-71|CG0184394|-19|-71|CG0184394|-19|-71|CG0184394|-19|-71|CG0184395|-28|-85|CG0184395|-28|-85|CG0184396|-24|-90|CG0184396|-24|-90|CG0184396|-24|-90|CG0184396|-24|-90|CG0184396|-24|-90|CG0184396|-24|-90
417|1|8|1000|2|CG0184860|-18|-85|CG0184861|-16|-59
417|1|9|1000|1|CG0184862|-54|-83
417|1|10|1500|14|CG0184854|-18|-77|CG0184854|-18|-77|CG0184855|-18|-61|CG0184855|-18|-61|CG0184856|-12|-54|CG0184856|-12|-54|CG0184856|-12|-54|CG0184857|-16|-54|CG0184857|-16|-54|CG0184858|-24|-67|CG0184858|-24|-67|CG0184859|-44|-54|CG0184859|-44|-54|CG0184859|-44|-54
417|2|0|1500|4|CG0184917|-26|-78|CG0184918|-26|-78|CG0184919|-27|-77|CG0184918|-26|-78
417|2|1|1000|6|CG0184922|-25|-78|CG0184923|-25|-80|CG0184924|-24|-76|CG0184925|-25|-78|CG0184926|-26|-80|CG0184927|-24|-76
417|2|2|400|1|CG0188462|-33|-62
417|2|3|500|6|CG0184892|-20|-81|CG0184893|-26|-83|CG0184894|-34|-79|CG0184895|-26|-81|CG0184896|-19|-84|CG0184897|-27|-80
417|2|4|100|1|CG0196424|-14|-57
417|2|5|2000|42|CG0184884|-18|-78|CG0184884|-18|-78|CG0184884|-18|-78|CG0184884|-18|-78|CG0184884|-18|-78|CG0184884|-18|-78|CG0184885|-24|-77|CG0184885|-24|-77|CG0184885|-24|-77|CG0184885|-24|-77|CG0184886|-28|-75|CG0184886|-28|-75|CG0184886|-28|-75|CG0184886|-28|-75|CG0184886|-28|-75|CG0184886|-28|-75|CG0184886|-28|-75|CG0184886|-28|-75|CG0184886|-28|-75|CG0184886|-28|-75|CG0184887|-23|-81|CG0184887|-23|-81|CG0184888|-19|-86|CG0184888|-19|-86|CG0184888|-19|-86|CG0184888|-19|-86|CG0184888|-19|-86|CG0184888|-19|-86|CG0184889|-18|-85|CG0184889|-18|-85|CG0184889|-18|-85|CG0184889|-18|-85|CG0184890|-17|-82|CG0184890|-17|-82|CG0184890|-17|-82|CG0184890|-17|-82|CG0184890|-17|-82|CG0184890|-17|-82|CG0184891|-17|-79|CG0184891|-17|-79|CG0184891|-17|-79|CG0184891|-17|-79
417|2|6|1000|7|CG0184911|-18|-84|CG0184911|-18|-84|CG0184911|-18|-84|CG0184912|-23|-101|CG0184913|-31|-79|CG0184913|-31|-79|CG0184913|-31|-79
417|2|7|1200|28|CG0184455|-27|-78|CG0184455|-27|-78|CG0184455|-27|-78|CG0184455|-27|-78|CG0184456|-34|-73|CG0184456|-34|-73|CG0184456|-34|-73|CG0184456|-34|-73|CG0184457|-39|-64|CG0184457|-39|-64|CG0184457|-39|-64|CG0184457|-39|-64|CG0184457|-39|-64|CG0184457|-39|-64|CG0184457|-39|-64|CG0184457|-39|-64|CG0184458|-33|-70|CG0184458|-33|-70|CG0184458|-33|-70|CG0184458|-33|-70|CG0184459|-25|-85|CG0184459|-25|-85|CG0184460|-11|-91|CG0184460|-11|-91|CG0184460|-11|-91|CG0184460|-11|-91|CG0184460|-11|-91|CG0184460|-11|-91
417|2|8|1000|2|CG0184906|-18|-83|CG0184907|-40|-58
417|2|9|1000|1|CG0184908|-25|-81
417|2|10|1500|14|CG0184900|-25|-76|CG0184900|-25|-76|CG0184901|-40|-62|CG0184901|-40|-62|CG0184902|-30|-52|CG0184902|-30|-52|CG0184902|-30|-52|CG0184903|-34|-54|CG0184903|-34|-54|CG0184904|-25|-61|CG0184904|-25|-61|CG0184905|-17|-45|CG0184905|-17|-45|CG0184905|-17|-45
417|3|0|1500|4|CG0184963|-28|-84|CG0184964|-29|-84|CG0184965|-29|-83|CG0184964|-29|-84
417|3|1|1000|6|CG0184968|-29|-83|CG0184969|-29|-85|CG0184970|-28|-82|CG0184971|-28|-83|CG0184972|-29|-86|CG0184973|-28|-82
417|3|2|400|1|CG0188507|-36|-53
417|3|3|500|6|CG0184938|-31|-80|CG0184939|-29|-83|CG0184940|-40|-79|CG0184941|-27|-80|CG0184942|-29|-84|CG0184943|-41|-80
417|3|4|100|1|CG0196464|-10|-51
417|3|5|2000|42|CG0184930|-20|-80|CG0184930|-20|-80|CG0184930|-20|-80|CG0184930|-20|-80|CG0184930|-20|-80|CG0184930|-20|-80|CG0184931|-28|-81|CG0184931|-28|-81|CG0184931|-28|-81|CG0184931|-28|-81|CG0184932|-29|-79|CG0184932|-29|-79|CG0184932|-29|-79|CG0184932|-29|-79|CG0184932|-29|-79|CG0184932|-29|-79|CG0184932|-29|-79|CG0184932|-29|-79|CG0184932|-29|-79|CG0184932|-29|-79|CG0184933|-26|-76|CG0184933|-26|-76|CG0184934|-19|-78|CG0184934|-19|-78|CG0184934|-19|-78|CG0184934|-19|-78|CG0184934|-19|-78|CG0184934|-19|-78|CG0184935|-14|-79|CG0184935|-14|-79|CG0184935|-14|-79|CG0184935|-14|-79|CG0184936|-29|-74|CG0184936|-29|-74|CG0184936|-29|-74|CG0184936|-29|-74|CG0184936|-29|-74|CG0184936|-29|-74|CG0184937|-18|-81|CG0184937|-18|-81|CG0184937|-18|-81|CG0184937|-18|-81
417|3|6|1000|7|CG0184957|-20|-85|CG0184957|-20|-85|CG0184957|-20|-85|CG0184958|-27|-89|CG0184959|-40|-83|CG0184959|-40|-83|CG0184959|-40|-83
417|3|7|1200|28|CG0184519|-29|-84|CG0184519|-29|-84|CG0184519|-29|-84|CG0184519|-29|-84|CG0184520|-37|-82|CG0184520|-37|-82|CG0184520|-37|-82|CG0184520|-37|-82|CG0184521|-49|-76|CG0184521|-49|-76|CG0184521|-49|-76|CG0184521|-49|-76|CG0184521|-49|-76|CG0184521|-49|-76|CG0184521|-49|-76|CG0184521|-49|-76|CG0184522|-37|-78|CG0184522|-37|-78|CG0184522|-37|-78|CG0184522|-37|-78|CG0184523|-21|-86|CG0184523|-21|-86|CG0184524|-18|-83|CG0184524|-18|-83|CG0184524|-18|-83|CG0184524|-18|-83|CG0184524|-18|-83|CG0184524|-18|-83
417|3|8|1000|2|CG0184952|-22|-80|CG0184953|-61|-62
417|3|9|1000|1|CG0184954|-18|-79
417|3|10|1500|14|CG0184946|-29|-81|CG0184946|-29|-81|CG0184947|-48|-67|CG0184947|-48|-67|CG0184948|-45|-55|CG0184948|-45|-55|CG0184948|-45|-55|CG0184949|-50|-58|CG0184949|-50|-58|CG0184950|-31|-53|CG0184950|-31|-53|CG0184951|-29|-26|CG0184951|-29|-26|CG0184951|-29|-26
417|4|0|1500|4|CG0185009|-22|-88|CG0185010|-23|-88|CG0185011|-23|-87|CG0185010|-23|-88
417|4|1|1000|6|CG0185014|-24|-87|CG0185015|-24|-89|CG0185016|-23|-86|CG0185017|-24|-88|CG0185018|-24|-90|CG0185019|-24|-87
417|4|2|400|1|CG0188552|-25|-51
417|4|3|500|6|CG0184984|-27|-79|CG0184985|-20|-82|CG0184986|-25|-77|CG0184987|-20|-79|CG0184988|-25|-83|CG0184989|-34|-79
417|4|4|100|1|CG0196504|-21|-46
417|4|5|2000|42|CG0184976|-20|-82|CG0184976|-20|-82|CG0184976|-20|-82|CG0184976|-20|-82|CG0184976|-20|-82|CG0184976|-20|-82|CG0184977|-25|-84|CG0184977|-25|-84|CG0184977|-25|-84|CG0184977|-25|-84|CG0184978|-24|-81|CG0184978|-24|-81|CG0184978|-24|-81|CG0184978|-24|-81|CG0184978|-24|-81|CG0184978|-24|-81|CG0184978|-24|-81|CG0184978|-24|-81|CG0184978|-24|-81|CG0184978|-24|-81|CG0184979|-16|-70|CG0184979|-16|-70|CG0184980|-13|-69|CG0184980|-13|-69|CG0184980|-13|-69|CG0184980|-13|-69|CG0184980|-13|-69|CG0184980|-13|-69|CG0184981|-9|-71|CG0184981|-9|-71|CG0184981|-9|-71|CG0184981|-9|-71|CG0184982|-56|-65|CG0184982|-56|-65|CG0184982|-56|-65|CG0184982|-56|-65|CG0184982|-56|-65|CG0184982|-56|-65|CG0184983|-17|-81|CG0184983|-17|-81|CG0184983|-17|-81|CG0184983|-17|-81
417|4|6|1000|7|CG0185003|-20|-85|CG0185003|-20|-85|CG0185003|-20|-85|CG0185004|-23|-88|CG0185005|-29|-87|CG0185005|-29|-87|CG0185005|-29|-87
417|4|7|1200|28|CG0184583|-22|-88|CG0184583|-22|-88|CG0184583|-22|-88|CG0184583|-22|-88|CG0184584|-28|-89|CG0184584|-28|-89|CG0184584|-28|-89|CG0184584|-28|-89|CG0184585|-42|-88|CG0184585|-42|-88|CG0184585|-42|-88|CG0184585|-42|-88|CG0184585|-42|-88|CG0184585|-42|-88|CG0184585|-42|-88|CG0184585|-42|-88|CG0184586|-35|-84|CG0184586|-35|-84|CG0184586|-35|-84|CG0184586|-35|-84|CG0184587|-19|-83|CG0184587|-19|-83|CG0184588|-32|-73|CG0184588|-32|-73|CG0184588|-32|-73|CG0184588|-32|-73|CG0184588|-32|-73|CG0184588|-32|-73
417|4|8|1000|2|CG0184998|-26|-78|CG0184999|-52|-79
417|4|9|1000|1|CG0185000|-11|-70
417|4|10|1500|14|CG0184992|-24|-86|CG0184992|-24|-86|CG0184993|-37|-78|CG0184993|-37|-78|CG0184994|-42|-68|CG0184994|-42|-68|CG0184994|-42|-68|CG0184995|-45|-63|CG0184995|-45|-63|CG0184996|-28|-50|CG0184996|-28|-50|CG0184997|-25|-14|CG0184997|-25|-14|CG0184997|-25|-14
417|5|0|1500|4|CG0185055|-16|-89|CG0185056|-16|-89|CG0185057|-17|-89|CG0185056|-16|-89
417|5|1|1000|6|CG0185060|-18|-90|CG0185061|-18|-92|CG0185062|-18|-89|CG0185063|-18|-90|CG0185064|-18|-92|CG0185065|-17|-89
417|5|2|400|1|CG0188597|-19|-60
417|5|3|500|6|CG0185030|-26|-79|CG0185031|-26|-83|CG0185032|-26|-77|CG0185033|-26|-79|CG0185034|-27|-83|CG0185035|-26|-80
417|5|4|100|1|CG0196544|-24|-45
417|5|5|2000|42|CG0185022|-17|-84|CG0185022|-17|-84|CG0185022|-17|-84|CG0185022|-17|-84|CG0185022|-17|-84|CG0185022|-17|-84|CG0185023|-15|-86|CG0185023|-15|-86|CG0185023|-15|-86|CG0185023|-15|-86|CG0185024|-13|-81|CG0185024|-13|-81|CG0185024|-13|-81|CG0185024|-13|-81|CG0185024|-13|-81|CG0185024|-13|-81|CG0185024|-13|-81|CG0185024|-13|-81|CG0185024|-13|-81|CG0185024|-13|-81|CG0185025|-14|-68|CG0185025|-14|-68|CG0185026|-18|-67|CG0185026|-18|-67|CG0185026|-18|-67|CG0185026|-18|-67|CG0185026|-18|-67|CG0185026|-18|-67|CG0185027|-18|-68|CG0185027|-18|-68|CG0185027|-18|-68|CG0185027|-18|-68|CG0185028|-51|-79|CG0185028|-51|-79|CG0185028|-51|-79|CG0185028|-51|-79|CG0185028|-51|-79|CG0185028|-51|-79|CG0185029|-59|-83|CG0185029|-59|-83|CG0185029|-59|-83|CG0185029|-59|-83
417|5|6|1000|7|CG0185049|-18|-87|CG0185049|-18|-87|CG0185049|-18|-87|CG0185050|-18|-91|CG0185051|-19|-89|CG0185051|-19|-89|CG0185051|-19|-89
417|5|7|1200|28|CG0184647|-15|-90|CG0184647|-15|-90|CG0184647|-15|-90|CG0184647|-15|-90|CG0184648|-13|-91|CG0184648|-13|-91|CG0184648|-13|-91|CG0184648|-13|-91|CG0184649|-19|-94|CG0184649|-19|-94|CG0184649|-19|-94|CG0184649|-19|-94|CG0184649|-19|-94|CG0184649|-19|-94|CG0184649|-19|-94|CG0184649|-19|-94|CG0184650|-15|-87|CG0184650|-15|-87|CG0184650|-15|-87|CG0184650|-15|-87|CG0184651|-21|-79|CG0184651|-21|-79|CG0184652|-30|-71|CG0184652|-30|-71|CG0184652|-30|-71|CG0184652|-30|-71|CG0184652|-30|-71|CG0184652|-30|-71
417|5|8|1000|2|CG0185044|-18|-78|CG0185045|-71|-88
417|5|9|1000|1|CG0185046|-22|-70
417|5|10|1500|14|CG0185038|-21|-88|CG0185038|-21|-88|CG0185039|-29|-83|CG0185039|-29|-83|CG0185040|-23|-75|CG0185040|-23|-75|CG0185040|-23|-75|CG0185041|-22|-70|CG0185041|-22|-70|CG0185042|-21|-50|CG0185042|-21|-50|CG0185043|-28|-20|CG0185043|-28|-20|CG0185043|-28|-20
417|6|0|1500|4|CG0185101|-39|-87|CG0185102|-35|-87|CG0185103|-30|-86|CG0185102|-35|-87
417|6|1|1000|6|CG0185106|-47|-88|CG0185107|-47|-90|CG0185108|-48|-87|CG0185109|-47|-88|CG0185110|-46|-90|CG0185111|-46|-87
417|6|2|400|1|CG0188642|-38|-63
417|6|3|500|6|CG0185076|-49|-80|CG0185077|-49|-83|CG0185078|-49|-78|CG0185079|-49|-80|CG0185080|-49|-84|CG0185081|-49|-80
417|6|4|100|1|CG0196584|-20|-48
417|6|5|2000|42|CG0185068|-60|-84|CG0185068|-60|-84|CG0185068|-60|-84|CG0185068|-60|-84|CG0185068|-60|-84|CG0185068|-60|-84|CG0185069|-56|-84|CG0185069|-56|-84|CG0185069|-56|-84|CG0185069|-56|-84|CG0185070|-32|-78|CG0185070|-32|-78|CG0185070|-32|-78|CG0185070|-32|-78|CG0185070|-32|-78|CG0185070|-32|-78|CG0185070|-32|-78|CG0185070|-32|-78|CG0185070|-32|-78|CG0185070|-32|-78|CG0185071|-37|-69|CG0185071|-37|-69|CG0185072|-76|-70|CG0185072|-76|-70|CG0185072|-76|-70|CG0185072|-76|-70|CG0185072|-76|-70|CG0185072|-76|-70|CG0185073|-61|-69|CG0185073|-61|-69|CG0185073|-61|-69|CG0185073|-61|-69|CG0185074|-47|-92|CG0185074|-47|-92|CG0185074|-47|-92|CG0185074|-47|-92|CG0185074|-47|-92|CG0185074|-47|-92|CG0185075|-65|-83|CG0185075|-65|-83|CG0185075|-65|-83|CG0185075|-65|-83
417|6|6|1000|7|CG0185095|-52|-86|CG0185095|-52|-86|CG0185095|-52|-86|CG0185096|-32|-89|CG0185097|-30|-87|CG0185097|-30|-87|CG0185097|-30|-87
417|6|7|1200|28|CG0184711|-13|-87|CG0184711|-13|-87|CG0184711|-13|-87|CG0184711|-13|-87|CG0184712|-18|-87|CG0184712|-18|-87|CG0184712|-18|-87|CG0184712|-18|-87|CG0184713|-18|-90|CG0184713|-18|-90|CG0184713|-18|-90|CG0184713|-18|-90|CG0184713|-18|-90|CG0184713|-18|-90|CG0184713|-18|-90|CG0184713|-18|-90|CG0184714|-21|-83|CG0184714|-21|-83|CG0184714|-21|-83|CG0184714|-21|-83|CG0184715|-33|-74|CG0184715|-33|-74|CG0184716|-31|-68|CG0184716|-31|-68|CG0184716|-31|-68|CG0184716|-31|-68|CG0184716|-31|-68|CG0184716|-31|-68
417|6|8|1000|2|CG0185090|-48|-79|CG0185091|-65|-86
417|6|9|1000|1|CG0185092|-36|-72
417|6|10|1500|14|CG0185084|-53|-86|CG0185084|-53|-86|CG0185085|-53|-79|CG0185085|-53|-79|CG0185086|-47|-75|CG0185086|-47|-75|CG0185086|-47|-75|CG0185087|-47|-68|CG0185087|-47|-68|CG0185088|-42|-56|CG0185088|-42|-56|CG0185089|-66|-19|CG0185089|-66|-19|CG0185089|-66|-19
417|7|0|1500|4|CG0185147|-43|-81|CG0185148|-45|-81|CG0185149|-46|-80|CG0185148|-45|-81
417|7|1|1000|6|CG0185152|-49|-82|CG0185153|-50|-84|CG0185154|-50|-81|CG0185155|-49|-82|CG0185156|-48|-85|CG0185157|-47|-81
417|7|2|400|1|CG0188687|-44|-60
417|7|3|500|6|CG0185122|-43|-80|CG0185123|-43|-83|CG0185124|-43|-78|CG0185125|-43|-80|CG0185126|-43|-84|CG0185127|-43|-80
417|7|4|100|1|CG0196624|-25|-51
417|7|5|2000|42|CG0185114|-71|-82|CG0185114|-71|-82|CG0185114|-71|-82|CG0185114|-71|-82|CG0185114|-71|-82|CG0185114|-71|-82|CG0185115|-67|-80|CG0185115|-67|-80|CG0185115|-67|-80|CG0185115|-67|-80|CG0185116|-43|-75|CG0185116|-43|-75|CG0185116|-43|-75|CG0185116|-43|-75|CG0185116|-43|-75|CG0185116|-43|-75|CG0185116|-43|-75|CG0185116|-43|-75|CG0185116|-43|-75|CG0185116|-43|-75|CG0185117|-71|-72|CG0185117|-71|-72|CG0185118|-103|-77|CG0185118|-103|-77|CG0185118|-103|-77|CG0185118|-103|-77|CG0185118|-103|-77|CG0185118|-103|-77|CG0185119|-100|-75|CG0185119|-100|-75|CG0185119|-100|-75|CG0185119|-100|-75|CG0185120|-48|-90|CG0185120|-48|-90|CG0185120|-48|-90|CG0185120|-48|-90|CG0185120|-48|-90|CG0185120|-48|-90|CG0185121|-34|-99|CG0185121|-34|-99|CG0185121|-34|-99|CG0185121|-34|-99
417|7|6|1000|7|CG0185141|-61|-85|CG0185141|-61|-85|CG0185141|-61|-85|CG0185142|-37|-96|CG0185143|-34|-82|CG0185143|-34|-82|CG0185143|-34|-82
417|7|7|1200|28|CG0184775|-21|-81|CG0184775|-21|-81|CG0184775|-21|-81|CG0184775|-21|-81|CG0184776|-20|-78|CG0184776|-20|-78|CG0184776|-20|-78|CG0184776|-20|-78|CG0184777|-15|-78|CG0184777|-15|-78|CG0184777|-15|-78|CG0184777|-15|-78|CG0184777|-15|-78|CG0184777|-15|-78|CG0184777|-15|-78|CG0184777|-15|-78|CG0184778|-27|-76|CG0184778|-27|-76|CG0184778|-27|-76|CG0184778|-27|-76|CG0184779|-33|-76|CG0184779|-33|-76|CG0184780|-52|-73|CG0184780|-52|-73|CG0184780|-52|-73|CG0184780|-52|-73|CG0184780|-52|-73|CG0184780|-52|-73
417|7|8|1000|2|CG0185136|-51|-81|CG0185137|-28|-79
417|7|9|1000|1|CG0185138|-35|-76
417|7|10|1500|14|CG0185130|-53|-80|CG0185130|-53|-80|CG0185131|-45|-67|CG0185131|-45|-67|CG0185132|-47|-65|CG0185132|-47|-65|CG0185132|-47|-65|CG0185133|-52|-61|CG0185133|-52|-61|CG0185134|-80|-62|CG0185134|-80|-62|CG0185135|-80|-28|CG0185135|-80|-28|CG0185135|-80|-28
