416|0|0|1500|4|CG0184324|-16|-77|CG0184325|-15|-77|CG0184326|-15|-77|CG0184325|-15|-77
416|0|1|1000|6|CG0184336|-18|-78|CG0184337|-15|-80|CG0184338|-22|-77|CG0184339|-13|-78|CG0184340|-20|-81|CG0184341|-23|-77
416|0|2|400|1|CG0188372|-32|-70
416|0|3|500|6|CG0184287|-23|-81|CG0184288|-23|-83|CG0184289|-24|-79|CG0184290|-26|-80|CG0184291|-23|-84|CG0184292|-25|-80
416|0|4|100|1|CG0196344|-27|-55
416|0|5|1200|24|CG0184280|-19|-77|CG0184280|-19|-77|CG0184280|-19|-77|CG0184280|-19|-77|CG0184281|-14|-78|CG0184281|-14|-78|CG0184281|-14|-78|CG0184281|-14|-78|CG0184282|-16|-90|CG0184282|-16|-90|CG0184283|-37|-82|CG0184283|-37|-82|CG0184284|-45|-84|CG0184284|-45|-84|CG0184285|-36|-91|CG0184285|-36|-91|CG0184285|-36|-91|CG0184285|-36|-91|CG0184286|-33|-85|CG0184286|-33|-85|CG0184286|-33|-85|CG0184286|-33|-85|CG0184286|-33|-85|CG0184286|-33|-85
416|0|6|1000|7|CG0184314|-18|-84|CG0184314|-18|-84|CG0184314|-18|-84|CG0184315|-20|-82|CG0184316|-24|-79|CG0184316|-24|-79|CG0184316|-24|-79
416|0|7|1200|28|CG0184327|-21|-78|CG0184327|-21|-78|CG0184327|-21|-78|CG0184327|-21|-78|CG0184328|-15|-73|CG0184328|-15|-73|CG0184328|-15|-73|CG0184328|-15|-73|CG0184329|-8|-70|CG0184329|-8|-70|CG0184329|-8|-70|CG0184329|-8|-70|CG0184329|-8|-70|CG0184329|-8|-70|CG0184329|-8|-70|CG0184329|-8|-70|CG0184330|-24|-74|CG0184330|-24|-74|CG0184330|-24|-74|CG0184330|-24|-74|CG0184331|-33|-83|CG0184331|-33|-83|CG0184332|-46|-83|CG0184332|-46|-83|CG0184332|-46|-83|CG0184332|-46|-83|CG0184332|-46|-83|CG0184332|-46|-83
416|0|8|1000|2|CG0184305|-22|-84|CG0184306|-22|-65
416|0|9|1000|1|CG0184311|-25|-81
416|0|10|1500|14|CG0184299|-16|-77|CG0184299|-16|-77|CG0184300|-14|-63|CG0184300|-14|-63|CG0184301|-14|-59|CG0184301|-14|-59|CG0184301|-14|-59|CG0184302|-15|-57|CG0184302|-15|-57|CG0184303|-38|-64|CG0184303|-38|-64|CG0184304|-49|-48|CG0184304|-49|-48|CG0184304|-49|-48
416|1|0|1500|4|CG0184388|-20|-78|CG0184389|-20|-78|CG0184390|-19|-78|CG0184389|-20|-78
416|1|1|1000|6|CG0184400|-18|-79|CG0184401|-18|-81|CG0184402|-18|-78|CG0184403|-18|-79|CG0184404|-18|-81|CG0184405|-18|-78
416|1|2|400|1|CG0188417|-17|-71
416|1|3|500|6|CG0184351|-18|-81|CG0184352|-18|-83|CG0184353|-17|-79|CG0184354|-17|-81|CG0184355|-17|-84|CG0184356|-18|-81
416|1|4|100|1|CG0196384|-26|-58
416|1|5|1200|24|CG0184344|-18|-77|CG0184344|-18|-77|CG0184344|-18|-77|CG0184344|-18|-77|CG0184345|-16|-77|CG0184345|-16|-77|CG0184345|-16|-77|CG0184345|-16|-77|CG0184346|-9|-88|CG0184346|-9|-88|CG0184347|-26|-88|CG0184347|-26|-88|CG0184348|-24|-85|CG0184348|-24|-85|CG0184349|-33|-92|CG0184349|-33|-92|CG0184349|-33|-92|CG0184349|-33|-92|CG0184350|-24|-85|CG0184350|-24|-85|CG0184350|-24|-85|CG0184350|-24|-85|CG0184350|-24|-85|CG0184350|-24|-85
416|1|6|1000|7|CG0184378|-18|-83|CG0184378|-18|-83|CG0184378|-18|-83|CG0184379|-18|-80|CG0184380|-18|-80|CG0184380|-18|-80|CG0184380|-18|-80
416|1|7|1200|28|CG0184391|-17|-79|CG0184391|-17|-79|CG0184391|-17|-79|CG0184391|-17|-79|CG0184392|-20|-72|CG0184392|-20|-72|CG0184392|-20|-72|CG0184392|-20|-72|CG0184393|-16|-63|CG0184393|-16|-63|CG0184393|-16|-63|CG0184393|-16|-63|CG0184393|-16|-63|CG0184393|-16|-63|CG0184393|-16|-63|CG0184393|-16|-63|CG0184394|-19|-71|CG0184394|-19|-71|CG0184394|-19|-71|CG0184394|-19|-71|CG0184395|-28|-85|CG0184395|-28|-85|CG0184396|-24|-90|CG0184396|-24|-90|CG0184396|-24|-90|CG0184396|-24|-90|CG0184396|-24|-90|CG0184396|-24|-90
416|1|8|1000|2|CG0184369|-18|-85|CG0184370|-16|-54
416|1|9|1000|1|CG0184375|-21|-83
416|1|10|1500|14|CG0184363|-18|-77|CG0184363|-18|-77|CG0184364|-18|-61|CG0184364|-18|-61|CG0184365|-12|-54|CG0184365|-12|-54|CG0184365|-12|-54|CG0184366|-16|-54|CG0184366|-16|-54|CG0184367|-19|-67|CG0184367|-19|-67|CG0184368|-18|-54|CG0184368|-18|-54|CG0184368|-18|-54
416|2|0|1500|4|CG0184452|-26|-78|CG0184453|-26|-78|CG0184454|-27|-77|CG0184453|-26|-78
416|2|1|1000|6|CG0184464|-25|-78|CG0184465|-25|-80|CG0184466|-24|-76|CG0184467|-25|-78|CG0184468|-26|-80|CG0184469|-24|-76
416|2|2|400|1|CG0188462|-33|-62
416|2|3|500|6|CG0184415|-20|-81|CG0184416|-26|-83|CG0184417|-34|-79|CG0184418|-26|-81|CG0184419|-19|-84|CG0184420|-27|-80
416|2|4|100|1|CG0196424|-14|-57
416|2|5|1200|24|CG0184408|-26|-76|CG0184408|-26|-76|CG0184408|-26|-76|CG0184408|-26|-76|CG0184409|-27|-76|CG0184409|-27|-76|CG0184409|-27|-76|CG0184409|-27|-76|CG0184410|-13|-80|CG0184410|-13|-80|CG0184411|-10|-90|CG0184411|-10|-90|CG0184412|-16|-83|CG0184412|-16|-83|CG0184413|-14|-87|CG0184413|-14|-87|CG0184413|-14|-87|CG0184413|-14|-87|CG0184414|-17|-84|CG0184414|-17|-84|CG0184414|-17|-84|CG0184414|-17|-84|CG0184414|-17|-84|CG0184414|-17|-84
416|2|6|1000|7|CG0184442|-18|-84|CG0184442|-18|-84|CG0184442|-18|-84|CG0184443|-23|-82|CG0184444|-31|-78|CG0184444|-31|-78|CG0184444|-31|-78
416|2|7|1200|28|CG0184455|-27|-78|CG0184455|-27|-78|CG0184455|-27|-78|CG0184455|-27|-78|CG0184456|-34|-73|CG0184456|-34|-73|CG0184456|-34|-73|CG0184456|-34|-73|CG0184457|-39|-64|CG0184457|-39|-64|CG0184457|-39|-64|CG0184457|-39|-64|CG0184457|-39|-64|CG0184457|-39|-64|CG0184457|-39|-64|CG0184457|-39|-64|CG0184458|-33|-70|CG0184458|-33|-70|CG0184458|-33|-70|CG0184458|-33|-70|CG0184459|-25|-85|CG0184459|-25|-85|CG0184460|-11|-91|CG0184460|-11|-91|CG0184460|-11|-91|CG0184460|-11|-91|CG0184460|-11|-91|CG0184460|-11|-91
416|2|8|1000|2|CG0184433|-18|-83|CG0184434|-40|-58
416|2|9|1000|1|CG0184439|-25|-81
416|2|10|1500|14|CG0184427|-25|-76|CG0184427|-25|-76|CG0184428|-40|-62|CG0184428|-40|-62|CG0184429|-30|-52|CG0184429|-30|-52|CG0184429|-30|-52|CG0184430|-34|-54|CG0184430|-34|-54|CG0184431|-25|-61|CG0184431|-25|-61|CG0184432|-17|-42|CG0184432|-17|-42|CG0184432|-17|-42
416|3|0|1500|4|CG0184516|-28|-84|CG0184517|-29|-84|CG0184518|-29|-83|CG0184517|-29|-84
416|3|1|1000|6|CG0184528|-29|-83|CG0184529|-29|-85|CG0184530|-28|-82|CG0184531|-28|-83|CG0184532|-29|-86|CG0184533|-28|-82
416|3|2|400|1|CG0188507|-36|-53
416|3|3|500|6|CG0184479|-31|-80|CG0184480|-29|-83|CG0184481|-40|-79|CG0184482|-27|-80|CG0184483|-29|-84|CG0184484|-41|-80
416|3|4|100|1|CG0196464|-10|-51
416|3|5|1200|24|CG0184472|-29|-82|CG0184472|-29|-82|CG0184472|-29|-82|CG0184472|-29|-82|CG0184473|-31|-81|CG0184473|-31|-81|CG0184473|-31|-81|CG0184473|-31|-81|CG0184474|-15|-73|CG0184474|-15|-73|CG0184475|-11|-87|CG0184475|-11|-87|CG0184476|-9|-81|CG0184476|-9|-81|CG0184477|-6|-80|CG0184477|-6|-80|CG0184477|-6|-80|CG0184477|-6|-80|CG0184478|-15|-83|CG0184478|-15|-83|CG0184478|-15|-83|CG0184478|-15|-83|CG0184478|-15|-83|CG0184478|-15|-83
416|3|6|1000|7|CG0184506|-20|-85|CG0184506|-20|-85|CG0184506|-20|-85|CG0184507|-27|-86|CG0184508|-40|-83|CG0184508|-40|-83|CG0184508|-40|-83
416|3|7|1200|28|CG0184519|-29|-84|CG0184519|-29|-84|CG0184519|-29|-84|CG0184519|-29|-84|CG0184520|-37|-82|CG0184520|-37|-82|CG0184520|-37|-82|CG0184520|-37|-82|CG0184521|-49|-76|CG0184521|-49|-76|CG0184521|-49|-76|CG0184521|-49|-76|CG0184521|-49|-76|CG0184521|-49|-76|CG0184521|-49|-76|CG0184521|-49|-76|CG0184522|-37|-78|CG0184522|-37|-78|CG0184522|-37|-78|CG0184522|-37|-78|CG0184523|-21|-86|CG0184523|-21|-86|CG0184524|-18|-83|CG0184524|-18|-83|CG0184524|-18|-83|CG0184524|-18|-83|CG0184524|-18|-83|CG0184524|-18|-83
416|3|8|1000|2|CG0184497|-21|-80|CG0184498|-61|-62
416|3|9|1000|1|CG0184503|-18|-76
416|3|10|1500|14|CG0184491|-29|-81|CG0184491|-29|-81|CG0184492|-48|-67|CG0184492|-48|-67|CG0184493|-45|-55|CG0184493|-45|-55|CG0184493|-45|-55|CG0184494|-50|-58|CG0184494|-50|-58|CG0184495|-31|-53|CG0184495|-31|-53|CG0184496|-30|-21|CG0184496|-30|-21|CG0184496|-30|-21
416|4|0|1500|4|CG0184580|-22|-88|CG0184581|-22|-88|CG0184582|-22|-87|CG0184581|-22|-88
416|4|1|1000|6|CG0184592|-23|-87|CG0184593|-24|-89|CG0184594|-23|-86|CG0184595|-23|-88|CG0184596|-23|-90|CG0184597|-23|-87
416|4|2|400|1|CG0188552|-25|-51
416|4|3|500|6|CG0184543|-27|-79|CG0184544|-19|-82|CG0184545|-25|-77|CG0184546|-17|-79|CG0184547|-25|-83|CG0184548|-34|-79
416|4|4|100|1|CG0196504|-21|-46
416|4|5|1200|24|CG0184536|-22|-86|CG0184536|-22|-86|CG0184536|-22|-86|CG0184536|-22|-86|CG0184537|-26|-87|CG0184537|-26|-87|CG0184537|-26|-87|CG0184537|-26|-87|CG0184538|-23|-76|CG0184538|-23|-76|CG0184539|-16|-81|CG0184539|-16|-81|CG0184540|-21|-79|CG0184540|-21|-79|CG0184541|-10|-73|CG0184541|-10|-73|CG0184541|-10|-73|CG0184541|-10|-73|CG0184542|-15|-82|CG0184542|-15|-82|CG0184542|-15|-82|CG0184542|-15|-82|CG0184542|-15|-82|CG0184542|-15|-82
416|4|6|1000|7|CG0184570|-18|-85|CG0184570|-18|-85|CG0184570|-18|-85|CG0184571|-23|-88|CG0184572|-29|-87|CG0184572|-29|-87|CG0184572|-29|-87
416|4|7|1200|28|CG0184583|-22|-88|CG0184583|-22|-88|CG0184583|-22|-88|CG0184583|-22|-88|CG0184584|-28|-89|CG0184584|-28|-89|CG0184584|-28|-89|CG0184584|-28|-89|CG0184585|-42|-88|CG0184585|-42|-88|CG0184585|-42|-88|CG0184585|-42|-88|CG0184585|-42|-88|CG0184585|-42|-88|CG0184585|-42|-88|CG0184585|-42|-88|CG0184586|-35|-84|CG0184586|-35|-84|CG0184586|-35|-84|CG0184586|-35|-84|CG0184587|-19|-83|CG0184587|-19|-83|CG0184588|-32|-73|CG0184588|-32|-73|CG0184588|-32|-73|CG0184588|-32|-73|CG0184588|-32|-73|CG0184588|-32|-73
416|4|8|1000|2|CG0184561|-17|-78|CG0184562|-52|-79
416|4|9|1000|1|CG0184567|-11|-70
416|4|10|1500|14|CG0184555|-24|-86|CG0184555|-24|-86|CG0184556|-37|-78|CG0184556|-37|-78|CG0184557|-42|-68|CG0184557|-42|-68|CG0184557|-42|-68|CG0184558|-45|-63|CG0184558|-45|-63|CG0184559|-28|-50|CG0184559|-28|-50|CG0184560|-25|-14|CG0184560|-25|-14|CG0184560|-25|-14
416|5|0|1500|4|CG0184644|-16|-89|CG0184645|-16|-89|CG0184646|-16|-89|CG0184645|-16|-89
416|5|1|1000|6|CG0184656|-18|-90|CG0184657|-18|-92|CG0184658|-18|-89|CG0184659|-18|-90|CG0184660|-18|-92|CG0184661|-17|-89
416|5|2|400|1|CG0188597|-19|-60
416|5|3|500|6|CG0184607|-18|-79|CG0184608|-18|-83|CG0184609|-18|-77|CG0184610|-17|-79|CG0184611|-18|-83|CG0184612|-18|-80
416|5|4|100|1|CG0196544|-24|-45
416|5|5|1200|24|CG0184600|-22|-88|CG0184600|-22|-88|CG0184600|-22|-88|CG0184600|-22|-88|CG0184601|-19|-90|CG0184601|-19|-90|CG0184601|-19|-90|CG0184601|-19|-90|CG0184602|-36|-78|CG0184602|-36|-78|CG0184603|-33|-74|CG0184603|-33|-74|CG0184604|-27|-78|CG0184604|-27|-78|CG0184605|-25|-71|CG0184605|-25|-71|CG0184605|-25|-71|CG0184605|-25|-71|CG0184606|-20|-83|CG0184606|-20|-83|CG0184606|-20|-83|CG0184606|-20|-83|CG0184606|-20|-83|CG0184606|-20|-83
416|5|6|1000|7|CG0184634|-18|-87|CG0184634|-18|-87|CG0184634|-18|-87|CG0184635|-18|-91|CG0184636|-18|-89|CG0184636|-18|-89|CG0184636|-18|-89
416|5|7|1200|28|CG0184647|-15|-90|CG0184647|-15|-90|CG0184647|-15|-90|CG0184647|-15|-90|CG0184648|-13|-91|CG0184648|-13|-91|CG0184648|-13|-91|CG0184648|-13|-91|CG0184649|-19|-94|CG0184649|-19|-94|CG0184649|-19|-94|CG0184649|-19|-94|CG0184649|-19|-94|CG0184649|-19|-94|CG0184649|-19|-94|CG0184649|-19|-94|CG0184650|-15|-87|CG0184650|-15|-87|CG0184650|-15|-87|CG0184650|-15|-87|CG0184651|-21|-79|CG0184651|-21|-79|CG0184652|-30|-71|CG0184652|-30|-71|CG0184652|-30|-71|CG0184652|-30|-71|CG0184652|-30|-71|CG0184652|-30|-71
416|5|8|1000|2|CG0184625|-18|-78|CG0184626|-39|-88
416|5|9|1000|1|CG0184631|-16|-70
416|5|10|1500|14|CG0184619|-18|-88|CG0184619|-18|-88|CG0184620|-18|-83|CG0184620|-18|-83|CG0184621|-23|-75|CG0184621|-23|-75|CG0184621|-23|-75|CG0184622|-22|-70|CG0184622|-22|-70|CG0184623|-21|-50|CG0184623|-21|-50|CG0184624|-28|-20|CG0184624|-28|-20|CG0184624|-28|-20
416|6|0|1500|4|CG0184708|-16|-87|CG0184709|-16|-87|CG0184710|-16|-86|CG0184709|-16|-87
416|6|1|1000|6|CG0184720|-13|-88|CG0184721|-20|-90|CG0184722|-24|-87|CG0184723|-18|-88|CG0184724|-16|-90|CG0184725|-23|-87
416|6|2|400|1|CG0188642|-38|-63
416|6|3|500|6|CG0184671|-26|-80|CG0184672|-24|-83|CG0184673|-27|-78|CG0184674|-24|-80|CG0184675|-24|-84|CG0184676|-24|-80
416|6|4|100|1|CG0196584|-20|-48
416|6|5|1200|24|CG0184664|-17|-86|CG0184664|-17|-86|CG0184664|-17|-86|CG0184664|-17|-86|CG0184665|-15|-88|CG0184665|-15|-88|CG0184665|-15|-88|CG0184665|-15|-88|CG0184666|-35|-82|CG0184666|-35|-82|CG0184667|-41|-73|CG0184667|-41|-73|CG0184668|-29|-81|CG0184668|-29|-81|CG0184669|-39|-77|CG0184669|-39|-77|CG0184669|-39|-77|CG0184669|-39|-77|CG0184670|-29|-84|CG0184670|-29|-84|CG0184670|-29|-84|CG0184670|-29|-84|CG0184670|-29|-84|CG0184670|-29|-84
416|6|6|1000|7|CG0184698|-19|-86|CG0184698|-19|-86|CG0184698|-19|-86|CG0184699|-21|-89|CG0184700|-25|-87|CG0184700|-25|-87|CG0184700|-25|-87
416|6|7|1200|28|CG0184711|-13|-87|CG0184711|-13|-87|CG0184711|-13|-87|CG0184711|-13|-87|CG0184712|-18|-87|CG0184712|-18|-87|CG0184712|-18|-87|CG0184712|-18|-87|CG0184713|-18|-90|CG0184713|-18|-90|CG0184713|-18|-90|CG0184713|-18|-90|CG0184713|-18|-90|CG0184713|-18|-90|CG0184713|-18|-90|CG0184713|-18|-90|CG0184714|-21|-83|CG0184714|-21|-83|CG0184714|-21|-83|CG0184714|-21|-83|CG0184715|-33|-74|CG0184715|-33|-74|CG0184716|-31|-68|CG0184716|-31|-68|CG0184716|-31|-68|CG0184716|-31|-68|CG0184716|-31|-68|CG0184716|-31|-68
416|6|8|1000|2|CG0184689|-21|-79|CG0184690|-21|-86
416|6|9|1000|1|CG0184695|-26|-72
416|6|10|1500|14|CG0184683|-16|-86|CG0184683|-16|-86|CG0184684|-10|-79|CG0184684|-10|-79|CG0184685|-9|-75|CG0184685|-9|-75|CG0184685|-9|-75|CG0184686|-10|-68|CG0184686|-10|-68|CG0184687|-33|-56|CG0184687|-33|-56|CG0184688|-66|-19|CG0184688|-66|-19|CG0184688|-66|-19
416|7|0|1500|4|CG0184772|-14|-81|CG0184773|-14|-81|CG0184774|-13|-80|CG0184773|-14|-81
416|7|1|1000|6|CG0184784|-14|-82|CG0184785|-15|-84|CG0184786|-25|-81|CG0184787|-14|-82|CG0184788|-16|-85|CG0184789|-25|-81
416|7|2|400|1|CG0188687|-44|-60
416|7|3|500|6|CG0184735|-30|-80|CG0184736|-30|-83|CG0184737|-30|-78|CG0184738|-30|-80|CG0184739|-30|-84|CG0184740|-30|-80
416|7|4|100|1|CG0196624|-25|-51
416|7|5|1200|24|CG0184728|-13|-80|CG0184728|-13|-80|CG0184728|-13|-80|CG0184728|-13|-80|CG0184729|-14|-81|CG0184729|-14|-81|CG0184729|-14|-81|CG0184729|-14|-81|CG0184730|-26|-89|CG0184730|-26|-89|CG0184731|-37|-79|CG0184731|-37|-79|CG0184732|-47|-83|CG0184732|-47|-83|CG0184733|-45|-85|CG0184733|-45|-85|CG0184733|-45|-85|CG0184733|-45|-85|CG0184734|-30|-84|CG0184734|-30|-84|CG0184734|-30|-84|CG0184734|-30|-84|CG0184734|-30|-84|CG0184734|-30|-84
416|7|6|1000|7|CG0184762|-22|-85|CG0184762|-22|-85|CG0184762|-22|-85|CG0184763|-19|-85|CG0184764|-29|-82|CG0184764|-29|-82|CG0184764|-29|-82
416|7|7|1200|28|CG0184775|-21|-81|CG0184775|-21|-81|CG0184775|-21|-81|CG0184775|-21|-81|CG0184776|-20|-78|CG0184776|-20|-78|CG0184776|-20|-78|CG0184776|-20|-78|CG0184777|-15|-78|CG0184777|-15|-78|CG0184777|-15|-78|CG0184777|-15|-78|CG0184777|-15|-78|CG0184777|-15|-78|CG0184777|-15|-78|CG0184777|-15|-78|CG0184778|-27|-76|CG0184778|-27|-76|CG0184778|-27|-76|CG0184778|-27|-76|CG0184779|-33|-76|CG0184779|-33|-76|CG0184780|-52|-73|CG0184780|-52|-73|CG0184780|-52|-73|CG0184780|-52|-73|CG0184780|-52|-73|CG0184780|-52|-73
416|7|8|1000|2|CG0184753|-26|-81|CG0184754|-28|-78
416|7|9|1000|1|CG0184759|-32|-76
416|7|10|1500|14|CG0184747|-13|-80|CG0184747|-13|-80|CG0184748|-11|-67|CG0184748|-11|-67|CG0184749|-11|-65|CG0184749|-11|-65|CG0184749|-11|-65|CG0184750|-11|-61|CG0184750|-11|-61|CG0184751|-42|-62|CG0184751|-42|-62|CG0184752|-74|-28|CG0184752|-74|-28|CG0184752|-74|-28
