419|0|0|1500|4|CG0185578|-27|-77|CG0185579|-25|-77|CG0185580|-22|-77|CG0185579|-25|-77
419|0|1|1000|6|CG0185583|-28|-78|CG0185584|-28|-80|CG0185585|-28|-77|CG0185586|-28|-78|CG0185587|-28|-81|CG0185588|-28|-77
419|0|2|400|1|CG0188372|-32|-70
419|0|3|500|6|CG0185553|-26|-80|CG0185554|-26|-83|CG0185555|-26|-79|CG0185556|-26|-80|CG0185557|-26|-84|CG0185558|-26|-80
419|0|4|100|1|CG0196344|-27|-55
419|0|5|1300|44|CG0185544|-18|-75|CG0185544|-18|-75|CG0185544|-18|-75|CG0185544|-18|-75|CG0185545|-27|-76|CG0185545|-27|-76|CG0185545|-27|-76|CG0185545|-27|-76|CG0185546|-43|-82|CG0185546|-43|-82|CG0185546|-43|-82|CG0185546|-43|-82|CG0185547|-44|-106|CG0185547|-44|-106|CG0185547|-44|-106|CG0185547|-44|-106|CG0185548|-31|-117|CG0185548|-31|-117|CG0185548|-31|-117|CG0185548|-31|-117|CG0185548|-31|-117|CG0185548|-31|-117|CG0185549|-29|-102|CG0185549|-29|-102|CG0185549|-29|-102|CG0185549|-29|-102|CG0185549|-29|-102|CG0185549|-29|-102|CG0185549|-29|-102|CG0185549|-29|-102|CG0185550|-54|-89|CG0185550|-54|-89|CG0185551|-52|-81|CG0185551|-52|-81|CG0185551|-52|-81|CG0185551|-52|-81|CG0185551|-52|-81|CG0185551|-52|-81|CG0185551|-52|-81|CG0185551|-52|-81|CG0185552|-32|-84|CG0185552|-32|-84|CG0185552|-32|-84|CG0185552|-32|-84
419|0|6|1000|7|CG0185572|-22|-84|CG0185572|-22|-84|CG0185572|-22|-84|CG0185573|-33|-82|CG0185574|-36|-79|CG0185574|-36|-79|CG0185574|-36|-79
419|0|7|1200|28|CG0184327|-21|-78|CG0184327|-21|-78|CG0184327|-21|-78|CG0184327|-21|-78|CG0184328|-15|-73|CG0184328|-15|-73|CG0184328|-15|-73|CG0184328|-15|-73|CG0184329|-8|-70|CG0184329|-8|-70|CG0184329|-8|-70|CG0184329|-8|-70|CG0184329|-8|-70|CG0184329|-8|-70|CG0184329|-8|-70|CG0184329|-8|-70|CG0184330|-24|-74|CG0184330|-24|-74|CG0184330|-24|-74|CG0184330|-24|-74|CG0184331|-33|-83|CG0184331|-33|-83|CG0184332|-46|-83|CG0184332|-46|-83|CG0184332|-46|-83|CG0184332|-46|-83|CG0184332|-46|-83|CG0184332|-46|-83
419|0|8|1000|2|CG0185567|-22|-84|CG0185568|-22|-65
419|0|9|1000|1|CG0185569|-39|-81
419|0|10|1500|14|CG0185561|-22|-77|CG0185561|-22|-77|CG0185562|-14|-63|CG0185562|-14|-63|CG0185563|-41|-59|CG0185563|-41|-59|CG0185563|-41|-59|CG0185564|-51|-57|CG0185564|-51|-57|CG0185565|-72|-64|CG0185565|-72|-64|CG0185566|-62|-48|CG0185566|-62|-48|CG0185566|-62|-48
419|1|0|1500|4|CG0185625|-29|-78|CG0185626|-30|-78|CG0185627|-31|-78|CG0185626|-30|-78
419|1|1|1000|6|CG0185630|-18|-79|CG0185631|-18|-81|CG0185632|-18|-78|CG0185633|-18|-79|CG0185634|-18|-81|CG0185635|-18|-78
419|1|2|400|1|CG0188417|-17|-71
419|1|3|500|6|CG0185600|-15|-81|CG0185601|-15|-83|CG0185602|-15|-79|CG0185603|-15|-81|CG0185604|-15|-84|CG0185605|-15|-81
419|1|4|100|1|CG0196384|-26|-58
419|1|5|1300|44|CG0185591|-15|-75|CG0185591|-15|-75|CG0185591|-15|-75|CG0185591|-15|-75|CG0185592|-24|-76|CG0185592|-24|-76|CG0185592|-24|-76|CG0185592|-24|-76|CG0185593|-17|-89|CG0185593|-17|-89|CG0185593|-17|-89|CG0185593|-17|-89|CG0185594|-14|-116|CG0185594|-14|-116|CG0185594|-14|-116|CG0185594|-14|-116|CG0185595|-18|-114|CG0185595|-18|-114|CG0185595|-18|-114|CG0185595|-18|-114|CG0185595|-18|-114|CG0185595|-18|-114|CG0185596|-15|-91|CG0185596|-15|-91|CG0185596|-15|-91|CG0185596|-15|-91|CG0185596|-15|-91|CG0185596|-15|-91|CG0185596|-15|-91|CG0185596|-15|-91|CG0185597|-17|-95|CG0185597|-17|-95|CG0185598|-21|-88|CG0185598|-21|-88|CG0185598|-21|-88|CG0185598|-21|-88|CG0185598|-21|-88|CG0185598|-21|-88|CG0185598|-21|-88|CG0185598|-21|-88|CG0185599|-20|-83|CG0185599|-20|-83|CG0185599|-20|-83|CG0185599|-20|-83
419|1|6|1000|7|CG0185619|-24|-83|CG0185619|-24|-83|CG0185619|-24|-83|CG0185620|-26|-80|CG0185621|-27|-80|CG0185621|-27|-80|CG0185621|-27|-80
419|1|7|1200|28|CG0184391|-17|-79|CG0184391|-17|-79|CG0184391|-17|-79|CG0184391|-17|-79|CG0184392|-20|-72|CG0184392|-20|-72|CG0184392|-20|-72|CG0184392|-20|-72|CG0184393|-16|-63|CG0184393|-16|-63|CG0184393|-16|-63|CG0184393|-16|-63|CG0184393|-16|-63|CG0184393|-16|-63|CG0184393|-16|-63|CG0184393|-16|-63|CG0184394|-19|-71|CG0184394|-19|-71|CG0184394|-19|-71|CG0184394|-19|-71|CG0184395|-28|-85|CG0184395|-28|-85|CG0184396|-24|-90|CG0184396|-24|-90|CG0184396|-24|-90|CG0184396|-24|-90|CG0184396|-24|-90|CG0184396|-24|-90
419|1|8|1000|2|CG0185614|-23|-85|CG0185615|-13|-53
419|1|9|1000|1|CG0185616|-28|-83
419|1|10|1500|14|CG0185608|-25|-77|CG0185608|-25|-77|CG0185609|-21|-61|CG0185609|-21|-61|CG0185610|-13|-54|CG0185610|-13|-54|CG0185610|-13|-54|CG0185611|-19|-54|CG0185611|-19|-54|CG0185612|-20|-67|CG0185612|-20|-67|CG0185613|-31|-54|CG0185613|-31|-54|CG0185613|-31|-54
419|2|0|1500|4|CG0185672|-26|-78|CG0185673|-26|-78|CG0185674|-27|-77|CG0185673|-26|-78
419|2|1|1000|6|CG0185677|-25|-78|CG0185678|-25|-80|CG0185679|-24|-77|CG0185680|-25|-78|CG0185681|-26|-80|CG0185682|-24|-77
419|2|2|400|1|CG0188462|-33|-62
419|2|3|500|6|CG0185647|-20|-81|CG0185648|-26|-83|CG0185649|-34|-79|CG0185650|-26|-81|CG0185651|-19|-84|CG0185652|-27|-80
419|2|4|100|1|CG0196424|-14|-57
419|2|5|1300|44|CG0185638|-30|-74|CG0185638|-30|-74|CG0185638|-30|-74|CG0185638|-30|-74|CG0185639|-27|-75|CG0185639|-27|-75|CG0185639|-27|-75|CG0185639|-27|-75|CG0185640|-20|-77|CG0185640|-20|-77|CG0185640|-20|-77|CG0185640|-20|-77|CG0185641|-18|-111|CG0185641|-18|-111|CG0185641|-18|-111|CG0185641|-18|-111|CG0185642|-17|-104|CG0185642|-17|-104|CG0185642|-17|-104|CG0185642|-17|-104|CG0185642|-17|-104|CG0185642|-17|-104|CG0185643|-18|-80|CG0185643|-18|-80|CG0185643|-18|-80|CG0185643|-18|-80|CG0185643|-18|-80|CG0185643|-18|-80|CG0185643|-18|-80|CG0185643|-18|-80|CG0185644|-17|-88|CG0185644|-17|-88|CG0185645|-21|-87|CG0185645|-21|-87|CG0185645|-21|-87|CG0185645|-21|-87|CG0185645|-21|-87|CG0185645|-21|-87|CG0185645|-21|-87|CG0185645|-21|-87|CG0185646|-22|-83|CG0185646|-22|-83|CG0185646|-22|-83|CG0185646|-22|-83
419|2|6|1000|7|CG0185666|-18|-84|CG0185666|-18|-84|CG0185666|-18|-84|CG0185667|-23|-82|CG0185668|-31|-78|CG0185668|-31|-78|CG0185668|-31|-78
419|2|7|1200|28|CG0184455|-27|-78|CG0184455|-27|-78|CG0184455|-27|-78|CG0184455|-27|-78|CG0184456|-34|-73|CG0184456|-34|-73|CG0184456|-34|-73|CG0184456|-34|-73|CG0184457|-39|-64|CG0184457|-39|-64|CG0184457|-39|-64|CG0184457|-39|-64|CG0184457|-39|-64|CG0184457|-39|-64|CG0184457|-39|-64|CG0184457|-39|-64|CG0184458|-33|-70|CG0184458|-33|-70|CG0184458|-33|-70|CG0184458|-33|-70|CG0184459|-25|-85|CG0184459|-25|-85|CG0184460|-11|-91|CG0184460|-11|-91|CG0184460|-11|-91|CG0184460|-11|-91|CG0184460|-11|-91|CG0184460|-11|-91
419|2|8|1000|2|CG0185661|-21|-83|CG0185662|-40|-52
419|2|9|1000|1|CG0185663|-25|-81
419|2|10|1500|14|CG0185655|-25|-76|CG0185655|-25|-76|CG0185656|-40|-62|CG0185656|-40|-62|CG0185657|-30|-52|CG0185657|-30|-52|CG0185657|-30|-52|CG0185658|-34|-54|CG0185658|-34|-54|CG0185659|-25|-61|CG0185659|-25|-61|CG0185660|-17|-42|CG0185660|-17|-42|CG0185660|-17|-42
419|3|0|1500|4|CG0185719|-28|-84|CG0185720|-29|-84|CG0185721|-29|-83|CG0185720|-29|-84
419|3|1|1000|6|CG0185724|-29|-83|CG0185725|-29|-85|CG0185726|-28|-82|CG0185727|-28|-83|CG0185728|-29|-86|CG0185729|-28|-82
419|3|2|400|1|CG0188507|-36|-53
419|3|3|500|6|CG0185694|-40|-81|CG0185695|-40|-83|CG0185696|-40|-79|CG0185697|-39|-80|CG0185698|-39|-84|CG0185699|-41|-80
419|3|4|100|1|CG0196464|-10|-51
419|3|5|1300|44|CG0185685|-48|-82|CG0185685|-48|-82|CG0185685|-48|-82|CG0185685|-48|-82|CG0185686|-30|-81|CG0185686|-30|-81|CG0185686|-30|-81|CG0185686|-30|-81|CG0185687|-22|-80|CG0185687|-22|-80|CG0185687|-22|-80|CG0185687|-22|-80|CG0185688|-24|-95|CG0185688|-24|-95|CG0185688|-24|-95|CG0185688|-24|-95|CG0185689|-18|-94|CG0185689|-18|-94|CG0185689|-18|-94|CG0185689|-18|-94|CG0185689|-18|-94|CG0185689|-18|-94|CG0185690|-18|-81|CG0185690|-18|-81|CG0185690|-18|-81|CG0185690|-18|-81|CG0185690|-18|-81|CG0185690|-18|-81|CG0185690|-18|-81|CG0185690|-18|-81|CG0185691|-15|-84|CG0185691|-15|-84|CG0185692|-20|-78|CG0185692|-20|-78|CG0185692|-20|-78|CG0185692|-20|-78|CG0185692|-20|-78|CG0185692|-20|-78|CG0185692|-20|-78|CG0185692|-20|-78|CG0185693|-19|-84|CG0185693|-19|-84|CG0185693|-19|-84|CG0185693|-19|-84
419|3|6|1000|7|CG0185713|-20|-85|CG0185713|-20|-85|CG0185713|-20|-85|CG0185714|-27|-86|CG0185715|-40|-83|CG0185715|-40|-83|CG0185715|-40|-83
419|3|7|1200|28|CG0184519|-29|-84|CG0184519|-29|-84|CG0184519|-29|-84|CG0184519|-29|-84|CG0184520|-37|-82|CG0184520|-37|-82|CG0184520|-37|-82|CG0184520|-37|-82|CG0184521|-49|-76|CG0184521|-49|-76|CG0184521|-49|-76|CG0184521|-49|-76|CG0184521|-49|-76|CG0184521|-49|-76|CG0184521|-49|-76|CG0184521|-49|-76|CG0184522|-37|-78|CG0184522|-37|-78|CG0184522|-37|-78|CG0184522|-37|-78|CG0184523|-21|-86|CG0184523|-21|-86|CG0184524|-18|-83|CG0184524|-18|-83|CG0184524|-18|-83|CG0184524|-18|-83|CG0184524|-18|-83|CG0184524|-18|-83
419|3|8|1000|2|CG0185708|-21|-80|CG0185709|-61|-61
419|3|9|1000|1|CG0185710|-18|-76
419|3|10|1500|14|CG0185702|-29|-81|CG0185702|-29|-81|CG0185703|-48|-67|CG0185703|-48|-67|CG0185704|-45|-55|CG0185704|-45|-55|CG0185704|-45|-55|CG0185705|-50|-58|CG0185705|-50|-58|CG0185706|-31|-53|CG0185706|-31|-53|CG0185707|-29|-21|CG0185707|-29|-21|CG0185707|-29|-21
419|4|0|1500|4|CG0185766|-29|-88|CG0185767|-22|-88|CG0185768|-22|-87|CG0185767|-22|-88
419|4|1|1000|6|CG0185771|-51|-87|CG0185772|-51|-89|CG0185773|-51|-86|CG0185774|-51|-88|CG0185775|-51|-90|CG0185776|-51|-87
419|4|2|400|1|CG0188552|-25|-51
419|4|3|500|6|CG0185741|-50|-79|CG0185742|-50|-82|CG0185743|-50|-77|CG0185744|-50|-79|CG0185745|-50|-83|CG0185746|-50|-79
419|4|4|100|1|CG0196504|-21|-46
419|4|5|1300|44|CG0185732|-52|-89|CG0185732|-52|-89|CG0185732|-52|-89|CG0185732|-52|-89|CG0185733|-24|-85|CG0185733|-24|-85|CG0185733|-24|-85|CG0185733|-24|-85|CG0185734|-19|-82|CG0185734|-19|-82|CG0185734|-19|-82|CG0185734|-19|-82|CG0185735|-19|-82|CG0185735|-19|-82|CG0185735|-19|-82|CG0185735|-19|-82|CG0185736|-16|-89|CG0185736|-16|-89|CG0185736|-16|-89|CG0185736|-16|-89|CG0185736|-16|-89|CG0185736|-16|-89|CG0185737|-25|-82|CG0185737|-25|-82|CG0185737|-25|-82|CG0185737|-25|-82|CG0185737|-25|-82|CG0185737|-25|-82|CG0185737|-25|-82|CG0185737|-25|-82|CG0185738|-14|-80|CG0185738|-14|-80|CG0185739|-11|-70|CG0185739|-11|-70|CG0185739|-11|-70|CG0185739|-11|-70|CG0185739|-11|-70|CG0185739|-11|-70|CG0185739|-11|-70|CG0185739|-11|-70|CG0185740|-18|-83|CG0185740|-18|-83|CG0185740|-18|-83|CG0185740|-18|-83
419|4|6|1000|7|CG0185760|-35|-85|CG0185760|-35|-85|CG0185760|-35|-85|CG0185761|-33|-88|CG0185762|-29|-87|CG0185762|-29|-87|CG0185762|-29|-87
419|4|7|1200|28|CG0184583|-22|-88|CG0184583|-22|-88|CG0184583|-22|-88|CG0184583|-22|-88|CG0184584|-28|-89|CG0184584|-28|-89|CG0184584|-28|-89|CG0184584|-28|-89|CG0184585|-42|-88|CG0184585|-42|-88|CG0184585|-42|-88|CG0184585|-42|-88|CG0184585|-42|-88|CG0184585|-42|-88|CG0184585|-42|-88|CG0184585|-42|-88|CG0184586|-35|-84|CG0184586|-35|-84|CG0184586|-35|-84|CG0184586|-35|-84|CG0184587|-19|-83|CG0184587|-19|-83|CG0184588|-32|-73|CG0184588|-32|-73|CG0184588|-32|-73|CG0184588|-32|-73|CG0184588|-32|-73|CG0184588|-32|-73
419|4|8|1000|2|CG0185755|-17|-78|CG0185756|-52|-79
419|4|9|1000|1|CG0185757|-24|-70
419|4|10|1500|14|CG0185749|-24|-86|CG0185749|-24|-86|CG0185750|-37|-78|CG0185750|-37|-78|CG0185751|-42|-68|CG0185751|-42|-68|CG0185751|-42|-68|CG0185752|-45|-63|CG0185752|-45|-63|CG0185753|-28|-50|CG0185753|-28|-50|CG0185754|-25|-14|CG0185754|-25|-14|CG0185754|-25|-14
419|5|0|1500|4|CG0185813|-51|-89|CG0185814|-49|-89|CG0185815|-45|-89|CG0185814|-49|-89
419|5|1|1000|6|CG0185818|-53|-90|CG0185819|-53|-92|CG0185820|-53|-89|CG0185821|-53|-90|CG0185822|-53|-92|CG0185823|-53|-89
419|5|2|400|1|CG0188597|-19|-60
419|5|3|500|6|CG0185788|-32|-80|CG0185789|-32|-84|CG0185790|-32|-77|CG0185791|-32|-79|CG0185792|-32|-84|CG0185793|-32|-80
419|5|4|100|1|CG0196544|-24|-45
419|5|5|1300|44|CG0185779|-27|-91|CG0185779|-27|-91|CG0185779|-27|-91|CG0185779|-27|-91|CG0185780|-52|-88|CG0185780|-52|-88|CG0185780|-52|-88|CG0185780|-52|-88|CG0185781|-17|-84|CG0185781|-17|-84|CG0185781|-17|-84|CG0185781|-17|-84|CG0185782|-14|-83|CG0185782|-14|-83|CG0185782|-14|-83|CG0185782|-14|-83|CG0185783|-22|-92|CG0185783|-22|-92|CG0185783|-22|-92|CG0185783|-22|-92|CG0185783|-22|-92|CG0185783|-22|-92|CG0185784|-34|-92|CG0185784|-34|-92|CG0185784|-34|-92|CG0185784|-34|-92|CG0185784|-34|-92|CG0185784|-34|-92|CG0185784|-34|-92|CG0185784|-34|-92|CG0185785|-16|-79|CG0185785|-16|-79|CG0185786|-13|-71|CG0185786|-13|-71|CG0185786|-13|-71|CG0185786|-13|-71|CG0185786|-13|-71|CG0185786|-13|-71|CG0185786|-13|-71|CG0185786|-13|-71|CG0185787|-16|-84|CG0185787|-16|-84|CG0185787|-16|-84|CG0185787|-16|-84
419|5|6|1000|7|CG0185807|-58|-87|CG0185807|-58|-87|CG0185807|-58|-87|CG0185808|-56|-91|CG0185809|-57|-89|CG0185809|-57|-89|CG0185809|-57|-89
419|5|7|1200|28|CG0184647|-15|-90|CG0184647|-15|-90|CG0184647|-15|-90|CG0184647|-15|-90|CG0184648|-13|-91|CG0184648|-13|-91|CG0184648|-13|-91|CG0184648|-13|-91|CG0184649|-19|-94|CG0184649|-19|-94|CG0184649|-19|-94|CG0184649|-19|-94|CG0184649|-19|-94|CG0184649|-19|-94|CG0184649|-19|-94|CG0184649|-19|-94|CG0184650|-15|-87|CG0184650|-15|-87|CG0184650|-15|-87|CG0184650|-15|-87|CG0184651|-21|-79|CG0184651|-21|-79|CG0184652|-30|-71|CG0184652|-30|-71|CG0184652|-30|-71|CG0184652|-30|-71|CG0184652|-30|-71|CG0184652|-30|-71
419|5|8|1000|2|CG0185802|-33|-78|CG0185803|-59|-88
419|5|9|1000|1|CG0185804|-55|-70
419|5|10|1500|14|CG0185796|-47|-88|CG0185796|-47|-88|CG0185797|-31|-83|CG0185797|-31|-83|CG0185798|-23|-75|CG0185798|-23|-75|CG0185798|-23|-75|CG0185799|-22|-70|CG0185799|-22|-70|CG0185800|-21|-50|CG0185800|-21|-50|CG0185801|-28|-20|CG0185801|-28|-20|CG0185801|-28|-20
419|6|0|1500|4|CG0185860|-43|-87|CG0185861|-47|-87|CG0185862|-51|-86|CG0185861|-47|-87
419|6|1|1000|6|CG0185865|-26|-88|CG0185866|-26|-90|CG0185867|-26|-87|CG0185868|-26|-88|CG0185869|-26|-90|CG0185870|-26|-87
419|6|2|400|1|CG0188642|-38|-63
419|6|3|500|6|CG0185835|-27|-80|CG0185836|-27|-84|CG0185837|-27|-78|CG0185838|-27|-80|CG0185839|-27|-84|CG0185840|-27|-80
419|6|4|100|1|CG0196584|-20|-48
419|6|5|1300|44|CG0185826|-17|-88|CG0185826|-17|-88|CG0185826|-17|-88|CG0185826|-17|-88|CG0185827|-48|-86|CG0185827|-48|-86|CG0185827|-48|-86|CG0185827|-48|-86|CG0185828|-63|-83|CG0185828|-63|-83|CG0185828|-63|-83|CG0185828|-63|-83|CG0185829|-38|-83|CG0185829|-38|-83|CG0185829|-38|-83|CG0185829|-38|-83|CG0185830|-33|-103|CG0185830|-33|-103|CG0185830|-33|-103|CG0185830|-33|-103|CG0185830|-33|-103|CG0185830|-33|-103|CG0185831|-30|-102|CG0185831|-30|-102|CG0185831|-30|-102|CG0185831|-30|-102|CG0185831|-30|-102|CG0185831|-30|-102|CG0185831|-30|-102|CG0185831|-30|-102|CG0185832|-64|-82|CG0185832|-64|-82|CG0185833|-34|-70|CG0185833|-34|-70|CG0185833|-34|-70|CG0185833|-34|-70|CG0185833|-34|-70|CG0185833|-34|-70|CG0185833|-34|-70|CG0185833|-34|-70|CG0185834|-56|-85|CG0185834|-56|-85|CG0185834|-56|-85|CG0185834|-56|-85
419|6|6|1000|7|CG0185854|-47|-86|CG0185854|-47|-86|CG0185854|-47|-86|CG0185855|-46|-89|CG0185856|-57|-87|CG0185856|-57|-87|CG0185856|-57|-87
419|6|7|1200|28|CG0184711|-13|-87|CG0184711|-13|-87|CG0184711|-13|-87|CG0184711|-13|-87|CG0184712|-18|-87|CG0184712|-18|-87|CG0184712|-18|-87|CG0184712|-18|-87|CG0184713|-18|-90|CG0184713|-18|-90|CG0184713|-18|-90|CG0184713|-18|-90|CG0184713|-18|-90|CG0184713|-18|-90|CG0184713|-18|-90|CG0184713|-18|-90|CG0184714|-21|-83|CG0184714|-21|-83|CG0184714|-21|-83|CG0184714|-21|-83|CG0184715|-33|-74|CG0184715|-33|-74|CG0184716|-31|-68|CG0184716|-31|-68|CG0184716|-31|-68|CG0184716|-31|-68|CG0184716|-31|-68|CG0184716|-31|-68
419|6|8|1000|2|CG0185849|-57|-79|CG0185850|-55|-86
419|6|9|1000|1|CG0185851|-52|-72
419|6|10|1500|14|CG0185843|-56|-86|CG0185843|-56|-86|CG0185844|-55|-79|CG0185844|-55|-79|CG0185845|-39|-75|CG0185845|-39|-75|CG0185845|-39|-75|CG0185846|-34|-68|CG0185846|-34|-68|CG0185847|-55|-56|CG0185847|-55|-56|CG0185848|-83|-19|CG0185848|-83|-19|CG0185848|-83|-19
419|7|0|1500|4|CG0185907|-14|-81|CG0185908|-20|-81|CG0185909|-28|-80|CG0185908|-20|-81
419|7|1|1000|6|CG0185912|-23|-82|CG0185913|-23|-84|CG0185914|-25|-81|CG0185915|-23|-82|CG0185916|-23|-85|CG0185917|-25|-81
419|7|2|400|1|CG0188687|-44|-60
419|7|3|500|6|CG0185882|-36|-80|CG0185883|-36|-83|CG0185884|-36|-78|CG0185885|-36|-80|CG0185886|-36|-84|CG0185887|-36|-80
419|7|4|100|1|CG0196624|-25|-51
419|7|5|1300|44|CG0185873|-24|-81|CG0185873|-24|-81|CG0185873|-24|-81|CG0185873|-24|-81|CG0185874|-20|-80|CG0185874|-20|-80|CG0185874|-20|-80|CG0185874|-20|-80|CG0185875|-74|-80|CG0185875|-74|-80|CG0185875|-74|-80|CG0185875|-74|-80|CG0185876|-57|-88|CG0185876|-57|-88|CG0185876|-57|-88|CG0185876|-57|-88|CG0185877|-33|-113|CG0185877|-33|-113|CG0185877|-33|-113|CG0185877|-33|-113|CG0185877|-33|-113|CG0185877|-33|-113|CG0185878|-37|-106|CG0185878|-37|-106|CG0185878|-37|-106|CG0185878|-37|-106|CG0185878|-37|-106|CG0185878|-37|-106|CG0185878|-37|-106|CG0185878|-37|-106|CG0185879|-82|-85|CG0185879|-82|-85|CG0185880|-61|-71|CG0185880|-61|-71|CG0185880|-61|-71|CG0185880|-61|-71|CG0185880|-61|-71|CG0185880|-61|-71|CG0185880|-61|-71|CG0185880|-61|-71|CG0185881|-61|-84|CG0185881|-61|-84|CG0185881|-61|-84|CG0185881|-61|-84
419|7|6|1000|7|CG0185901|-22|-85|CG0185901|-22|-85|CG0185901|-22|-85|CG0185902|-23|-85|CG0185903|-28|-82|CG0185903|-28|-82|CG0185903|-28|-82
419|7|7|1200|28|CG0184775|-21|-81|CG0184775|-21|-81|CG0184775|-21|-81|CG0184775|-21|-81|CG0184776|-20|-78|CG0184776|-20|-78|CG0184776|-20|-78|CG0184776|-20|-78|CG0184777|-15|-78|CG0184777|-15|-78|CG0184777|-15|-78|CG0184777|-15|-78|CG0184777|-15|-78|CG0184777|-15|-78|CG0184777|-15|-78|CG0184777|-15|-78|CG0184778|-27|-76|CG0184778|-27|-76|CG0184778|-27|-76|CG0184778|-27|-76|CG0184779|-33|-76|CG0184779|-33|-76|CG0184780|-52|-73|CG0184780|-52|-73|CG0184780|-52|-73|CG0184780|-52|-73|CG0184780|-52|-73|CG0184780|-52|-73
419|7|8|1000|2|CG0185896|-47|-81|CG0185897|-28|-78
419|7|9|1000|1|CG0185898|-32|-76
419|7|10|1500|14|CG0185890|-33|-80|CG0185890|-33|-80|CG0185891|-46|-67|CG0185891|-46|-67|CG0185892|-57|-65|CG0185892|-57|-65|CG0185892|-57|-65|CG0185893|-61|-61|CG0185893|-61|-61|CG0185894|-91|-62|CG0185894|-91|-62|CG0185895|-100|-28|CG0185895|-100|-28|CG0185895|-100|-28
