410|0|0|1000|4|CG0181989|-18|-78|CG0181990|-18|-78|CG0181991|-18|-77|CG0181990|-18|-78
410|0|1|1000|6|CG0182001|-19|-77|CG0182002|-17|-78|CG0182003|-25|-76|CG0182004|-15|-77|CG0182005|-21|-78|CG0182006|-24|-75
410|0|2|400|1|CG0188372|-32|-70
410|0|3|650|6|CG0181952|-26|-77|CG0181953|-26|-79|CG0181954|-24|-77|CG0181955|-24|-76|CG0181956|-29|-79|CG0181957|-21|-77
410|0|4|100|1|CG0196344|-27|-55
410|0|5|1300|42|CG0181944|-16|-72|CG0181944|-16|-72|CG0181945|-16|-71|CG0181945|-16|-71|CG0181946|-16|-71|CG0181946|-16|-71|CG0181944|-16|-72|CG0181944|-16|-72|CG0181945|-16|-71|CG0181945|-16|-71|CG0181946|-16|-71|CG0181946|-16|-71|CG0181944|-16|-72|CG0181944|-16|-72|CG0181945|-16|-71|CG0181945|-16|-71|CG0181946|-16|-71|CG0181946|-16|-71|CG0181944|-16|-72|CG0181944|-16|-72|CG0181945|-16|-71|CG0181945|-16|-71|CG0181946|-16|-71|CG0181946|-16|-71|CG0181947|-23|-74|CG0181947|-23|-74|CG0181948|-35|-77|CG0181948|-35|-77|CG0181949|-53|-72|CG0181949|-53|-72|CG0181949|-53|-72|CG0181949|-53|-72|CG0181949|-53|-72|CG0181949|-53|-72|CG0181950|-39|-79|CG0181950|-39|-79|CG0181950|-39|-79|CG0181950|-39|-79|CG0181951|-20|-73|CG0181951|-20|-73|CG0181951|-20|-73|CG0181951|-20|-73
410|0|6|1000|7|CG0181979|-20|-77|CG0181979|-20|-77|CG0181979|-20|-77|CG0181979|-20|-77|CG0181980|-21|-76|CG0181981|-18|-76|CG0181981|-18|-76
410|0|7|1200|11|CG0181992|-13|-78|CG0181992|-13|-78|CG0181993|-14|-77|CG0181993|-14|-77|CG0181994|-14|-78|CG0181994|-14|-78|CG0181994|-14|-78|CG0181995|-28|-81|CG0181996|-38|-80|CG0181997|-40|-82|CG0181997|-40|-82
410|0|8|1000|2|CG0181970|-26|-74|CG0181971|-22|-65
410|0|9|1000|1|CG0181976|-24|-75
410|0|10|1500|10|CG0181964|-15|-75|CG0181964|-15|-75|CG0181965|-15|-64|CG0181966|-15|-55|CG0181967|-21|-57|CG0181967|-21|-57|CG0181967|-21|-57|CG0181968|-31|-51|CG0181969|-42|-38|CG0181969|-42|-38
410|1|0|1000|4|CG0182054|-16|-77|CG0182055|-16|-77|CG0182056|-17|-77|CG0182055|-16|-77
410|1|1|1000|6|CG0182066|-17|-76|CG0182067|-17|-77|CG0182068|-17|-75|CG0182069|-17|-76|CG0182070|-17|-78|CG0182071|-17|-75
410|1|2|400|1|CG0188417|-17|-71
410|1|3|650|6|CG0182017|-19|-77|CG0182018|-22|-80|CG0182019|-28|-78|CG0182020|-21|-77|CG0182021|-17|-80|CG0182022|-16|-77
410|1|4|100|1|CG0196384|-26|-58
410|1|5|1300|42|CG0182009|-14|-68|CG0182009|-14|-68|CG0182010|-14|-68|CG0182010|-14|-68|CG0182011|-14|-67|CG0182011|-14|-67|CG0182009|-14|-68|CG0182009|-14|-68|CG0182010|-14|-68|CG0182010|-14|-68|CG0182011|-14|-67|CG0182011|-14|-67|CG0182009|-14|-68|CG0182009|-14|-68|CG0182010|-14|-68|CG0182010|-14|-68|CG0182011|-14|-67|CG0182011|-14|-67|CG0182009|-14|-68|CG0182009|-14|-68|CG0182010|-14|-68|CG0182010|-14|-68|CG0182011|-14|-67|CG0182011|-14|-67|CG0182012|-14|-72|CG0182012|-14|-72|CG0182013|-28|-82|CG0182013|-28|-82|CG0182014|-36|-81|CG0182014|-36|-81|CG0182014|-36|-81|CG0182014|-36|-81|CG0182014|-36|-81|CG0182014|-36|-81|CG0182015|-27|-82|CG0182015|-27|-82|CG0182015|-27|-82|CG0182015|-27|-82|CG0182016|-16|-71|CG0182016|-16|-71|CG0182016|-16|-71|CG0182016|-16|-71
410|1|6|1000|7|CG0182044|-25|-77|CG0182044|-25|-77|CG0182044|-25|-77|CG0182044|-25|-77|CG0182045|-27|-76|CG0182046|-26|-74|CG0182046|-26|-74
410|1|7|1200|11|CG0182057|-11|-75|CG0182057|-11|-75|CG0182058|-8|-73|CG0182058|-8|-73|CG0182059|-5|-73|CG0182059|-5|-73|CG0182059|-5|-73|CG0182060|-12|-75|CG0182061|-22|-81|CG0182062|-28|-85|CG0182062|-28|-85
410|1|8|1000|2|CG0182035|-17|-76|CG0182036|-28|-58
410|1|9|1000|1|CG0182041|-17|-77
410|1|10|1500|10|CG0182029|-17|-75|CG0182029|-17|-75|CG0182030|-17|-62|CG0182031|-17|-54|CG0182032|-22|-57|CG0182032|-22|-57|CG0182032|-22|-57|CG0182033|-23|-53|CG0182034|-28|-44|CG0182034|-28|-44
410|2|0|1000|4|CG0182119|-16|-78|CG0182120|-16|-78|CG0182121|-17|-78|CG0182120|-16|-78
410|2|1|1000|6|CG0182131|-19|-77|CG0182132|-18|-77|CG0182133|-20|-75|CG0182134|-17|-77|CG0182135|-18|-78|CG0182136|-25|-75
410|2|2|400|1|CG0188462|-33|-62
410|2|3|650|6|CG0182082|-22|-77|CG0182083|-16|-79|CG0182084|-21|-77|CG0182085|-15|-76|CG0182086|-24|-79|CG0182087|-31|-77
410|2|4|100|1|CG0196424|-14|-57
410|2|5|1300|42|CG0182074|-25|-70|CG0182074|-25|-70|CG0182075|-26|-69|CG0182075|-26|-69|CG0182076|-26|-69|CG0182076|-26|-69|CG0182074|-25|-70|CG0182074|-25|-70|CG0182075|-26|-69|CG0182075|-26|-69|CG0182076|-26|-69|CG0182076|-26|-69|CG0182074|-25|-70|CG0182074|-25|-70|CG0182075|-26|-69|CG0182075|-26|-69|CG0182076|-26|-69|CG0182076|-26|-69|CG0182074|-25|-70|CG0182074|-25|-70|CG0182075|-26|-69|CG0182075|-26|-69|CG0182076|-26|-69|CG0182076|-26|-69|CG0182077|-21|-72|CG0182077|-21|-72|CG0182078|-10|-80|CG0182078|-10|-80|CG0182079|-9|-79|CG0182079|-9|-79|CG0182079|-9|-79|CG0182079|-9|-79|CG0182079|-9|-79|CG0182079|-9|-79|CG0182080|-8|-80|CG0182080|-8|-80|CG0182080|-8|-80|CG0182080|-8|-80|CG0182081|-24|-73|CG0182081|-24|-73|CG0182081|-24|-73|CG0182081|-24|-73
410|2|6|1000|7|CG0182109|-17|-77|CG0182109|-17|-77|CG0182109|-17|-77|CG0182109|-17|-77|CG0182110|-20|-76|CG0182111|-22|-76|CG0182111|-22|-76
410|2|7|1200|11|CG0182122|-15|-74|CG0182122|-15|-74|CG0182123|-15|-71|CG0182123|-15|-71|CG0182124|-14|-67|CG0182124|-14|-67|CG0182124|-14|-67|CG0182125|-6|-69|CG0182126|-4|-78|CG0182127|-7|-82|CG0182127|-7|-82
410|2|8|1000|2|CG0182100|-14|-74|CG0182101|-35|-62
410|2|9|1000|1|CG0182106|-15|-75
410|2|10|1500|10|CG0182094|-19|-75|CG0182094|-19|-75|CG0182095|-25|-64|CG0182096|-25|-55|CG0182097|-25|-55|CG0182097|-25|-55|CG0182097|-25|-55|CG0182098|-35|-49|CG0182099|-37|-39|CG0182099|-37|-39
410|3|0|1000|4|CG0182184|-17|-78|CG0182185|-18|-78|CG0182186|-18|-78|CG0182185|-18|-78
410|3|1|1000|6|CG0182196|-19|-78|CG0182197|-19|-79|CG0182198|-26|-76|CG0182199|-19|-78|CG0182200|-19|-80|CG0182201|-27|-77
410|3|2|400|1|CG0188507|-36|-53
410|3|3|650|6|CG0182147|-22|-76|CG0182148|-26|-79|CG0182149|-31|-76|CG0182150|-19|-76|CG0182151|-26|-79|CG0182152|-34|-77
410|3|4|100|1|CG0196464|-10|-51
410|3|5|1300|42|CG0182139|-31|-74|CG0182139|-31|-74|CG0182140|-34|-74|CG0182140|-34|-74|CG0182141|-40|-74|CG0182141|-40|-74|CG0182139|-31|-74|CG0182139|-31|-74|CG0182140|-34|-74|CG0182140|-34|-74|CG0182141|-40|-74|CG0182141|-40|-74|CG0182139|-31|-74|CG0182139|-31|-74|CG0182140|-34|-74|CG0182140|-34|-74|CG0182141|-40|-74|CG0182141|-40|-74|CG0182139|-31|-74|CG0182139|-31|-74|CG0182140|-34|-74|CG0182140|-34|-74|CG0182141|-40|-74|CG0182141|-40|-74|CG0182142|-25|-74|CG0182142|-25|-74|CG0182143|-17|-72|CG0182143|-17|-72|CG0182144|-20|-67|CG0182144|-20|-67|CG0182144|-20|-67|CG0182144|-20|-67|CG0182144|-20|-67|CG0182144|-20|-67|CG0182145|-13|-75|CG0182145|-13|-75|CG0182145|-13|-75|CG0182145|-13|-75|CG0182146|-28|-77|CG0182146|-28|-77|CG0182146|-28|-77|CG0182146|-28|-77
410|3|6|1000|7|CG0182174|-16|-76|CG0182174|-16|-76|CG0182174|-16|-76|CG0182174|-16|-76|CG0182175|-18|-78|CG0182176|-24|-78|CG0182176|-24|-78
410|3|7|1200|11|CG0182187|-20|-74|CG0182187|-20|-74|CG0182188|-27|-71|CG0182188|-27|-71|CG0182189|-33|-66|CG0182189|-33|-66|CG0182189|-33|-66|CG0182190|-25|-64|CG0182191|-8|-72|CG0182192|-8|-74|CG0182192|-8|-74
410|3|8|1000|2|CG0182165|-15|-68|CG0182166|-43|-71
410|3|9|1000|1|CG0182171|-10|-70
410|3|10|1500|10|CG0182159|-20|-77|CG0182159|-20|-77|CG0182160|-28|-68|CG0182161|-40|-59|CG0182162|-41|-52|CG0182162|-41|-52|CG0182162|-41|-52|CG0182163|-41|-39|CG0182164|-40|-26|CG0182164|-40|-26
410|4|0|1000|4|CG0182249|-16|-78|CG0182250|-16|-78|CG0182251|-16|-78|CG0182250|-16|-78
410|4|1|1000|6|CG0182261|-18|-78|CG0182262|-18|-79|CG0182263|-24|-77|CG0182264|-18|-79|CG0182265|-18|-80|CG0182266|-21|-77
410|4|2|400|1|CG0188552|-25|-51
410|4|3|650|6|CG0182212|-15|-74|CG0182213|-23|-77|CG0182214|-28|-75|CG0182215|-20|-74|CG0182216|-16|-77|CG0182217|-22|-75
410|4|4|100|1|CG0196504|-21|-46
410|4|5|1300|42|CG0182204|-29|-79|CG0182204|-29|-79|CG0182205|-33|-79|CG0182205|-33|-79|CG0182206|-43|-80|CG0182206|-43|-80|CG0182204|-29|-79|CG0182204|-29|-79|CG0182205|-33|-79|CG0182205|-33|-79|CG0182206|-43|-80|CG0182206|-43|-80|CG0182204|-29|-79|CG0182204|-29|-79|CG0182205|-33|-79|CG0182205|-33|-79|CG0182206|-43|-80|CG0182206|-43|-80|CG0182204|-29|-79|CG0182204|-29|-79|CG0182205|-33|-79|CG0182205|-33|-79|CG0182206|-43|-80|CG0182206|-43|-80|CG0182207|-32|-77|CG0182207|-32|-77|CG0182208|-22|-62|CG0182208|-22|-62|CG0182209|-22|-50|CG0182209|-22|-50|CG0182209|-22|-50|CG0182209|-22|-50|CG0182209|-22|-50|CG0182209|-22|-50|CG0182210|-17|-68|CG0182210|-17|-68|CG0182210|-17|-68|CG0182210|-17|-68|CG0182211|-25|-81|CG0182211|-25|-81|CG0182211|-25|-81|CG0182211|-25|-81
410|4|6|1000|7|CG0182239|-18|-74|CG0182239|-18|-74|CG0182239|-18|-74|CG0182239|-18|-74|CG0182240|-21|-78|CG0182241|-22|-80|CG0182241|-22|-80
410|4|7|1200|11|CG0182252|-23|-76|CG0182252|-23|-76|CG0182253|-32|-75|CG0182253|-32|-75|CG0182254|-34|-69|CG0182254|-34|-69|CG0182254|-34|-69|CG0182255|-40|-66|CG0182256|-16|-66|CG0182257|-16|-65|CG0182257|-16|-65
410|4|8|1000|2|CG0182230|-14|-62|CG0182231|-34|-79
410|4|9|1000|1|CG0182236|-11|-66
410|4|10|1500|10|CG0182224|-19|-78|CG0182224|-19|-78|CG0182225|-27|-72|CG0182226|-35|-62|CG0182227|-36|-49|CG0182227|-36|-49|CG0182227|-36|-49|CG0182228|-36|-30|CG0182229|-35|-25|CG0182229|-35|-25
410|5|0|1000|4|CG0182314|-17|-78|CG0182315|-16|-78|CG0182316|-16|-78|CG0182315|-16|-78
410|5|1|1000|6|CG0182326|-17|-78|CG0182327|-17|-79|CG0182328|-16|-77|CG0182329|-16|-79|CG0182330|-17|-80|CG0182331|-17|-77
410|5|2|400|1|CG0188597|-19|-60
410|5|3|650|6|CG0182277|-24|-74|CG0182278|-17|-76|CG0182279|-16|-74|CG0182280|-20|-73|CG0182281|-26|-76|CG0182282|-27|-74
410|5|4|100|1|CG0196544|-24|-45
410|5|5|1300|42|CG0182269|-27|-83|CG0182269|-27|-83|CG0182270|-19|-83|CG0182270|-19|-83|CG0182271|-23|-83|CG0182271|-23|-83|CG0182269|-27|-83|CG0182269|-27|-83|CG0182270|-19|-83|CG0182270|-19|-83|CG0182271|-23|-83|CG0182271|-23|-83|CG0182269|-27|-83|CG0182269|-27|-83|CG0182270|-19|-83|CG0182270|-19|-83|CG0182271|-23|-83|CG0182271|-23|-83|CG0182269|-27|-83|CG0182269|-27|-83|CG0182270|-19|-83|CG0182270|-19|-83|CG0182271|-23|-83|CG0182271|-23|-83|CG0182272|-25|-80|CG0182272|-25|-80|CG0182273|-17|-58|CG0182273|-17|-58|CG0182274|-15|-39|CG0182274|-15|-39|CG0182274|-15|-39|CG0182274|-15|-39|CG0182274|-15|-39|CG0182274|-15|-39|CG0182275|-16|-65|CG0182275|-16|-65|CG0182275|-16|-65|CG0182275|-16|-65|CG0182276|-21|-83|CG0182276|-21|-83|CG0182276|-21|-83|CG0182276|-21|-83
410|5|6|1000|7|CG0182304|-26|-74|CG0182304|-26|-74|CG0182304|-26|-74|CG0182304|-26|-74|CG0182305|-28|-78|CG0182306|-26|-80|CG0182306|-26|-80
410|5|7|1200|11|CG0182317|-26|-79|CG0182317|-26|-79|CG0182318|-26|-79|CG0182318|-26|-79|CG0182319|-32|-76|CG0182319|-32|-76|CG0182319|-32|-76|CG0182320|-35|-72|CG0182321|-37|-65|CG0182322|-20|-61|CG0182322|-20|-61
410|5|8|1000|2|CG0182295|-20|-60|CG0182296|-26|-82
410|5|9|1000|1|CG0182301|-16|-64
410|5|10|1500|10|CG0182289|-16|-78|CG0182289|-16|-78|CG0182290|-16|-74|CG0182291|-15|-63|CG0182292|-19|-50|CG0182292|-19|-50|CG0182292|-19|-50|CG0182293|-19|-28|CG0182294|-15|-28|CG0182294|-15|-28
410|6|0|1000|4|CG0182379|-17|-78|CG0182380|-17|-78|CG0182381|-17|-78|CG0182380|-17|-78
410|6|1|1000|6|CG0182391|-15|-78|CG0182392|-21|-80|CG0182393|-24|-77|CG0182394|-19|-79|CG0182395|-17|-80|CG0182396|-26|-77
410|6|2|400|1|CG0188642|-38|-63
410|6|3|650|6|CG0182342|-25|-75|CG0182343|-28|-77|CG0182344|-24|-75|CG0182345|-27|-74|CG0182346|-24|-77|CG0182347|-24|-75
410|6|4|100|1|CG0196584|-20|-48
410|6|5|1300|42|CG0182334|-16|-82|CG0182334|-16|-82|CG0182335|-16|-83|CG0182335|-16|-83|CG0182336|-16|-83|CG0182336|-16|-83|CG0182334|-16|-82|CG0182334|-16|-82|CG0182335|-16|-83|CG0182335|-16|-83|CG0182336|-16|-83|CG0182336|-16|-83|CG0182334|-16|-82|CG0182334|-16|-82|CG0182335|-16|-83|CG0182335|-16|-83|CG0182336|-16|-83|CG0182336|-16|-83|CG0182334|-16|-82|CG0182334|-16|-82|CG0182335|-16|-83|CG0182335|-16|-83|CG0182336|-16|-83|CG0182336|-16|-83|CG0182337|-21|-81|CG0182337|-21|-81|CG0182338|-33|-60|CG0182338|-33|-60|CG0182339|-39|-41|CG0182339|-39|-41|CG0182339|-39|-41|CG0182339|-39|-41|CG0182339|-39|-41|CG0182339|-39|-41|CG0182340|-31|-67|CG0182340|-31|-67|CG0182340|-31|-67|CG0182340|-31|-67|CG0182341|-17|-82|CG0182341|-17|-82|CG0182341|-17|-82|CG0182341|-17|-82
410|6|6|1000|7|CG0182369|-20|-74|CG0182369|-20|-74|CG0182369|-20|-74|CG0182369|-20|-74|CG0182370|-22|-78|CG0182371|-18|-80|CG0182371|-18|-80
410|6|7|1200|11|CG0182382|-26|-81|CG0182382|-26|-81|CG0182383|-27|-82|CG0182383|-27|-82|CG0182384|-32|-80|CG0182384|-32|-80|CG0182384|-32|-80|CG0182385|-32|-79|CG0182386|-47|-68|CG0182387|-33|-65|CG0182387|-33|-65
410|6|8|1000|2|CG0182360|-32|-63|CG0182361|-30|-79
410|6|9|1000|1|CG0182366|-25|-66
410|6|10|1500|10|CG0182354|-13|-78|CG0182354|-13|-78|CG0182355|-8|-73|CG0182356|-8|-62|CG0182357|-22|-52|CG0182357|-22|-52|CG0182357|-22|-52|CG0182358|-35|-32|CG0182359|-43|-26|CG0182359|-43|-26
410|7|0|1000|4|CG0182444|-15|-78|CG0182445|-15|-78|CG0182446|-15|-78|CG0182445|-15|-78
410|7|1|1000|6|CG0182456|-14|-78|CG0182457|-16|-79|CG0182458|-28|-77|CG0182459|-15|-78|CG0182460|-16|-79|CG0182461|-29|-76
410|7|2|400|1|CG0188687|-44|-60
410|7|3|650|6|CG0182407|-20|-76|CG0182408|-24|-79|CG0182409|-27|-77|CG0182410|-20|-76|CG0182411|-26|-79|CG0182412|-26|-76
410|7|4|100|1|CG0196624|-25|-51
410|7|5|1300|42|CG0182399|-18|-77|CG0182399|-18|-77|CG0182400|-18|-78|CG0182400|-18|-78|CG0182401|-18|-78|CG0182401|-18|-78|CG0182399|-18|-77|CG0182399|-18|-77|CG0182400|-18|-78|CG0182400|-18|-78|CG0182401|-18|-78|CG0182401|-18|-78|CG0182399|-18|-77|CG0182399|-18|-77|CG0182400|-18|-78|CG0182400|-18|-78|CG0182401|-18|-78|CG0182401|-18|-78|CG0182399|-18|-77|CG0182399|-18|-77|CG0182400|-18|-78|CG0182400|-18|-78|CG0182401|-18|-78|CG0182401|-18|-78|CG0182402|-27|-79|CG0182402|-27|-79|CG0182403|-44|-68|CG0182403|-44|-68|CG0182404|-59|-55|CG0182404|-59|-55|CG0182404|-59|-55|CG0182404|-59|-55|CG0182404|-59|-55|CG0182404|-59|-55|CG0182405|-34|-73|CG0182405|-34|-73|CG0182405|-34|-73|CG0182405|-34|-73|CG0182406|-19|-78|CG0182406|-19|-78|CG0182406|-19|-78|CG0182406|-19|-78
410|7|6|1000|7|CG0182434|-19|-76|CG0182434|-19|-76|CG0182434|-19|-76|CG0182434|-19|-76|CG0182435|-13|-78|CG0182436|-13|-77|CG0182436|-13|-77
410|7|7|1200|11|CG0182447|-19|-80|CG0182447|-19|-80|CG0182448|-17|-81|CG0182448|-17|-81|CG0182449|-21|-81|CG0182449|-21|-81|CG0182449|-21|-81|CG0182450|-33|-83|CG0182451|-43|-75|CG0182452|-49|-74|CG0182452|-49|-74
410|7|8|1000|2|CG0182425|-32|-69|CG0182426|-27|-71
410|7|9|1000|1|CG0182431|-30|-71
410|7|10|1500|10|CG0182419|-14|-77|CG0182419|-14|-77|CG0182420|-14|-69|CG0182421|-14|-59|CG0182422|-23|-55|CG0182422|-23|-55|CG0182422|-23|-55|CG0182423|-41|-42|CG0182424|-52|-25|CG0182424|-52|-25
