407|0|0|1000|4|CG0180921|-17|-78|CG0180922|-17|-78|CG0180923|-21|-78|CG0180922|-17|-78
407|0|1|1000|6|CG0180926|-18|-76|CG0180927|-16|-77|CG0180928|-24|-75|CG0180929|-16|-76|CG0180930|-20|-77|CG0180931|-22|-75
407|0|2|400|1|CG0188372|-32|-70
407|0|3|600|6|CG0180896|-19|-78|CG0180897|-19|-80|CG0180898|-25|-79|CG0180899|-19|-78|CG0180900|-29|-80|CG0180901|-29|-79
407|0|4|100|1|CG0196344|-27|-55
407|0|5|1500|32|CG0180888|-25|-78|CG0180889|-25|-95|CG0180890|-25|-78|CG0180888|-25|-78|CG0180889|-25|-95|CG0180890|-25|-78|CG0180888|-25|-78|CG0180889|-25|-95|CG0180890|-25|-78|CG0180888|-25|-78|CG0180889|-25|-95|CG0180889|-25|-95|CG0180890|-25|-78|CG0180890|-25|-78|CG0180891|-24|-79|CG0180891|-24|-79|CG0180891|-24|-79|CG0180891|-24|-79|CG0180892|-30|-74|CG0180892|-30|-74|CG0180893|-54|-80|CG0180893|-54|-80|CG0180894|-59|-95|CG0180894|-59|-95|CG0180894|-59|-95|CG0180894|-59|-95|CG0180894|-59|-95|CG0180894|-59|-95|CG0180895|-25|-80|CG0180895|-25|-80|CG0180895|-25|-80|CG0180895|-25|-80
407|0|6|800|10|CG0180894|-59|-95|CG0180915|-26|-77|CG0180916|-33|-78|CG0180916|-33|-78|CG0180917|-42|-81|CG0180917|-42|-81|CG0180917|-42|-81|CG0180917|-42|-81|CG0180917|-42|-81|CG0180917|-42|-81
407|0|7|1200|12|CG0179656|-17|-78|CG0179656|-17|-78|CG0179657|-19|-80|CG0179657|-19|-80|CG0179658|-20|-78|CG0179658|-20|-78|CG0179658|-20|-78|CG0179658|-20|-78|CG0179659|-36|-79|CG0179660|-43|-81|CG0179661|-42|-78|CG0179661|-42|-78
407|0|8|1000|2|CG0180910|-26|-84|CG0180911|-29|-74
407|0|9|1000|1|CG0180912|-26|-73
407|0|10|1000|8|CG0180904|-22|-76|CG0180904|-22|-76|CG0180905|-18|-60|CG0180906|-21|-48|CG0180907|-17|-56|CG0180907|-17|-56|CG0180908|-34|-63|CG0180909|-51|-45
407|1|0|1000|4|CG0180967|-17|-74|CG0180968|-17|-74|CG0180969|-17|-74|CG0180968|-17|-74
407|1|1|1000|6|CG0180972|-17|-72|CG0180973|-17|-74|CG0180974|-17|-71|CG0180975|-17|-72|CG0180976|-17|-74|CG0180977|-17|-71
407|1|2|400|1|CG0188417|-17|-71
407|1|3|600|6|CG0180942|-17|-75|CG0180943|-17|-77|CG0180944|-20|-77|CG0180945|-17|-76|CG0180946|-17|-78|CG0180947|-17|-77
407|1|4|100|1|CG0196384|-26|-58
407|1|5|1500|32|CG0180934|-18|-76|CG0180935|-18|-83|CG0180936|-42|-76|CG0180934|-18|-76|CG0180935|-18|-83|CG0180936|-42|-76|CG0180934|-18|-76|CG0180935|-18|-83|CG0180936|-42|-76|CG0180934|-18|-76|CG0180935|-18|-83|CG0180935|-18|-83|CG0180936|-42|-76|CG0180936|-42|-76|CG0180937|-13|-78|CG0180937|-13|-78|CG0180937|-13|-78|CG0180937|-13|-78|CG0180938|-13|-74|CG0180938|-13|-74|CG0180939|-17|-89|CG0180939|-17|-89|CG0180940|-16|-109|CG0180940|-16|-109|CG0180940|-16|-109|CG0180940|-16|-109|CG0180940|-16|-109|CG0180940|-16|-109|CG0180941|-17|-77|CG0180941|-17|-77|CG0180941|-17|-77|CG0180941|-17|-77
407|1|6|800|10|CG0180940|-16|-109|CG0180961|-17|-75|CG0180962|-12|-78|CG0180962|-12|-78|CG0180963|-13|-75|CG0180963|-13|-75|CG0180963|-13|-75|CG0180963|-13|-75|CG0180963|-13|-75|CG0180963|-13|-75
407|1|7|1200|12|CG0179721|-17|-74|CG0179721|-17|-74|CG0179722|-17|-78|CG0179722|-17|-78|CG0179723|-21|-79|CG0179723|-21|-79|CG0179723|-21|-79|CG0179723|-21|-79|CG0179724|-18|-79|CG0179725|-31|-83|CG0179726|-25|-82|CG0179726|-25|-82
407|1|8|1000|2|CG0180956|-21|-85|CG0180957|-33|-74
407|1|9|1000|1|CG0180958|-17|-71
407|1|10|1000|8|CG0180950|-17|-71|CG0180950|-17|-71|CG0180951|-21|-48|CG0180952|-26|-45|CG0180953|-30|-56|CG0180953|-30|-56|CG0180954|-27|-65|CG0180955|-23|-54
407|2|0|1000|4|CG0181013|-26|-78|CG0181014|-20|-78|CG0181015|-16|-77|CG0181014|-20|-78
407|2|1|1000|6|CG0181018|-21|-76|CG0181019|-21|-77|CG0181020|-21|-75|CG0181021|-21|-75|CG0181022|-22|-77|CG0181023|-24|-75
407|2|2|400|1|CG0188462|-33|-62
407|2|3|600|6|CG0180988|-28|-77|CG0180989|-27|-79|CG0180990|-27|-79|CG0180991|-28|-78|CG0180992|-30|-80|CG0180993|-30|-79
407|2|4|100|1|CG0196424|-14|-57
407|2|5|1500|32|CG0180980|-19|-81|CG0180981|-37|-80|CG0180982|-42|-80|CG0180980|-19|-81|CG0180981|-37|-80|CG0180982|-42|-80|CG0180980|-19|-81|CG0180981|-37|-80|CG0180982|-42|-80|CG0180980|-19|-81|CG0180981|-37|-80|CG0180981|-37|-80|CG0180982|-42|-80|CG0180982|-42|-80|CG0180983|-48|-79|CG0180983|-48|-79|CG0180983|-48|-79|CG0180983|-48|-79|CG0180984|-7|-72|CG0180984|-7|-72|CG0180985|-6|-78|CG0180985|-6|-78|CG0180986|-7|-105|CG0180986|-7|-105|CG0180986|-7|-105|CG0180986|-7|-105|CG0180986|-7|-105|CG0180986|-7|-105|CG0180987|-10|-79|CG0180987|-10|-79|CG0180987|-10|-79|CG0180987|-10|-79
407|2|6|800|10|CG0180986|-7|-105|CG0181007|-11|-77|CG0181008|-7|-76|CG0181008|-7|-76|CG0181009|-12|-70|CG0181009|-12|-70|CG0181009|-12|-70|CG0181009|-12|-70|CG0181009|-12|-70|CG0181009|-12|-70
407|2|7|1200|12|CG0179786|-16|-78|CG0179786|-16|-78|CG0179787|-13|-82|CG0179787|-13|-82|CG0179788|-15|-84|CG0179788|-15|-84|CG0179788|-15|-84|CG0179788|-15|-84|CG0179789|-6|-79|CG0179790|-7|-80|CG0179791|-12|-80|CG0179791|-12|-80
407|2|8|1000|2|CG0181002|-13|-77|CG0181003|-41|-67
407|2|9|1000|1|CG0181004|-11|-73
407|2|10|1000|8|CG0180996|-20|-75|CG0180996|-20|-75|CG0180997|-34|-51|CG0180998|-29|-47|CG0180999|-30|-56|CG0180999|-30|-56|CG0181000|-28|-62|CG0181001|-25|-47
407|3|0|1000|4|CG0181059|-41|-80|CG0181060|-39|-80|CG0181061|-37|-80|CG0181060|-39|-80
407|3|1|1000|6|CG0181064|-40|-80|CG0181065|-39|-81|CG0181066|-38|-79|CG0181067|-40|-79|CG0181068|-40|-81|CG0181069|-41|-79
407|3|2|400|1|CG0188507|-36|-53
407|3|3|600|6|CG0181034|-32|-76|CG0181035|-31|-78|CG0181036|-34|-77|CG0181037|-32|-77|CG0181038|-34|-79|CG0181039|-34|-78
407|3|4|100|1|CG0196464|-10|-51
407|3|5|1500|32|CG0181026|-43|-87|CG0181027|-38|-81|CG0181028|-31|-81|CG0181026|-43|-87|CG0181027|-38|-81|CG0181028|-31|-81|CG0181026|-43|-87|CG0181027|-38|-81|CG0181028|-31|-81|CG0181026|-43|-87|CG0181027|-38|-81|CG0181027|-38|-81|CG0181028|-31|-81|CG0181028|-31|-81|CG0181029|-57|-76|CG0181029|-57|-76|CG0181029|-57|-76|CG0181029|-57|-76|CG0181030|-7|-67|CG0181030|-7|-67|CG0181031|-9|-73|CG0181031|-9|-73|CG0181032|-10|-84|CG0181032|-10|-84|CG0181032|-10|-84|CG0181032|-10|-84|CG0181032|-10|-84|CG0181032|-10|-84|CG0181033|-19|-79|CG0181033|-19|-79|CG0181033|-19|-79|CG0181033|-19|-79
407|3|6|800|10|CG0181032|-10|-84|CG0181053|-29|-75|CG0181054|-31|-68|CG0181054|-31|-68|CG0181055|-25|-58|CG0181055|-25|-58|CG0181055|-25|-58|CG0181055|-25|-58|CG0181055|-25|-58|CG0181055|-25|-58
407|3|7|1200|12|CG0179851|-13|-80|CG0179851|-13|-80|CG0179852|-21|-83|CG0179852|-21|-83|CG0179853|-23|-84|CG0179853|-23|-84|CG0179853|-23|-84|CG0179853|-23|-84|CG0179854|-6|-74|CG0179855|-6|-72|CG0179856|-6|-68|CG0179856|-6|-68
407|3|8|1000|2|CG0181048|-14|-75|CG0181049|-45|-68
407|3|9|1000|1|CG0181050|-28|-72
407|3|10|1000|8|CG0181042|-39|-79|CG0181042|-39|-79|CG0181043|-44|-62|CG0181044|-37|-55|CG0181045|-25|-59|CG0181045|-25|-59|CG0181046|-20|-53|CG0181047|-20|-27
407|4|0|1000|4|CG0181105|-32|-80|CG0181106|-36|-80|CG0181107|-39|-80|CG0181106|-36|-80
407|4|1|1000|6|CG0181110|-35|-81|CG0181111|-35|-82|CG0181112|-34|-80|CG0181113|-35|-80|CG0181114|-36|-82|CG0181115|-36|-80
407|4|2|400|1|CG0188552|-25|-51
407|4|3|600|6|CG0181080|-20|-72|CG0181081|-20|-74|CG0181082|-29|-73|CG0181083|-21|-73|CG0181084|-21|-75|CG0181085|-21|-74
407|4|4|100|1|CG0196504|-21|-46
407|4|5|1500|32|CG0181072|-50|-89|CG0181073|-35|-80|CG0181074|-51|-79|CG0181072|-50|-89|CG0181073|-35|-80|CG0181074|-51|-79|CG0181072|-50|-89|CG0181073|-35|-80|CG0181074|-51|-79|CG0181072|-50|-89|CG0181073|-35|-80|CG0181073|-35|-80|CG0181074|-51|-79|CG0181074|-51|-79|CG0181075|-35|-73|CG0181075|-35|-73|CG0181075|-35|-73|CG0181075|-35|-73|CG0181076|-28|-62|CG0181076|-28|-62|CG0181077|-10|-65|CG0181077|-10|-65|CG0181078|-10|-70|CG0181078|-10|-70|CG0181078|-10|-70|CG0181078|-10|-70|CG0181078|-10|-70|CG0181078|-10|-70|CG0181079|-53|-76|CG0181079|-53|-76|CG0181079|-53|-76|CG0181079|-53|-76
407|4|6|800|10|CG0181078|-10|-70|CG0181099|-32|-71|CG0181100|-37|-59|CG0181100|-37|-59|CG0181101|-26|-48|CG0181101|-26|-48|CG0181101|-26|-48|CG0181101|-26|-48|CG0181101|-26|-48|CG0181101|-26|-48
407|4|7|1200|12|CG0179916|-16|-80|CG0179916|-16|-80|CG0179917|-30|-81|CG0179917|-30|-81|CG0179918|-22|-81|CG0179918|-22|-81|CG0179918|-22|-81|CG0179918|-22|-81|CG0179919|-12|-67|CG0179920|-10|-60|CG0179921|-10|-52|CG0179921|-10|-52
407|4|8|1000|2|CG0181094|-23|-71|CG0181095|-57|-79
407|4|9|1000|1|CG0181096|-37|-73
407|4|10|1000|8|CG0181088|-36|-81|CG0181088|-36|-81|CG0181089|-38|-70|CG0181090|-33|-61|CG0181091|-30|-59|CG0181091|-30|-59|CG0181092|-29|-43|CG0181093|-25|-21
407|5|0|1000|4|CG0181151|-24|-78|CG0181152|-17|-78|CG0181153|-19|-78|CG0181152|-17|-78
407|5|1|1000|6|CG0181156|-16|-79|CG0181157|-16|-80|CG0181158|-16|-78|CG0181159|-16|-79|CG0181160|-16|-80|CG0181161|-16|-78
407|5|2|400|1|CG0188597|-19|-60
407|5|3|600|6|CG0181126|-49|-68|CG0181127|-50|-70|CG0181128|-49|-69|CG0181129|-49|-69|CG0181130|-49|-71|CG0181131|-49|-69
407|5|4|100|1|CG0196544|-24|-45
407|5|5|1500|32|CG0181118|-28|-87|CG0181119|-36|-93|CG0181120|-42|-75|CG0181118|-28|-87|CG0181119|-36|-93|CG0181120|-42|-75|CG0181118|-28|-87|CG0181119|-36|-93|CG0181120|-42|-75|CG0181118|-28|-87|CG0181119|-36|-93|CG0181119|-36|-93|CG0181120|-42|-75|CG0181120|-42|-75|CG0181121|-23|-69|CG0181121|-23|-69|CG0181121|-23|-69|CG0181121|-23|-69|CG0181122|-45|-61|CG0181122|-45|-61|CG0181123|-19|-60|CG0181123|-19|-60|CG0181124|-19|-66|CG0181124|-19|-66|CG0181124|-19|-66|CG0181124|-19|-66|CG0181124|-19|-66|CG0181124|-19|-66|CG0181125|-54|-72|CG0181125|-54|-72|CG0181125|-54|-72|CG0181125|-54|-72
407|5|6|800|10|CG0181124|-19|-66|CG0181145|-20|-67|CG0181146|-33|-54|CG0181146|-33|-54|CG0181147|-46|-52|CG0181147|-46|-52|CG0181147|-46|-52|CG0181147|-46|-52|CG0181147|-46|-52|CG0181147|-46|-52
407|5|7|1200|12|CG0179981|-20|-78|CG0179981|-20|-78|CG0179982|-23|-79|CG0179982|-23|-79|CG0179983|-21|-80|CG0179983|-21|-80|CG0179983|-21|-80|CG0179983|-21|-80|CG0179984|-20|-61|CG0179985|-16|-52|CG0179986|-15|-43|CG0179986|-15|-43
407|5|8|1000|2|CG0181140|-23|-67|CG0181141|-39|-81
407|5|9|1000|1|CG0181142|-25|-84
407|5|10|1000|8|CG0181134|-16|-79|CG0181134|-16|-79|CG0181135|-19|-71|CG0181136|-26|-61|CG0181137|-31|-57|CG0181137|-31|-57|CG0181138|-29|-36|CG0181139|-45|-16
407|6|0|1000|4|CG0181197|-41|-80|CG0181198|-39|-80|CG0181199|-36|-80|CG0181198|-39|-80
407|6|1|1000|6|CG0181202|-38|-81|CG0181203|-38|-83|CG0181204|-38|-80|CG0181205|-37|-81|CG0181206|-37|-83|CG0181207|-37|-80
407|6|2|400|1|CG0188642|-38|-63
407|6|3|600|6|CG0181172|-53|-73|CG0181173|-54|-75|CG0181174|-54|-74|CG0181175|-53|-73|CG0181176|-52|-75|CG0181177|-51|-74
407|6|4|100|1|CG0196584|-20|-48
407|6|5|1500|32|CG0181164|-17|-81|CG0181165|-18|-103|CG0181166|-17|-83|CG0181164|-17|-81|CG0181165|-18|-103|CG0181166|-17|-83|CG0181164|-17|-81|CG0181165|-18|-103|CG0181166|-17|-83|CG0181164|-17|-81|CG0181165|-18|-103|CG0181165|-18|-103|CG0181166|-17|-83|CG0181166|-17|-83|CG0181167|-28|-73|CG0181167|-28|-73|CG0181167|-28|-73|CG0181167|-28|-73|CG0181168|-37|-67|CG0181168|-37|-67|CG0181169|-74|-64|CG0181169|-74|-64|CG0181170|-45|-67|CG0181170|-45|-67|CG0181170|-45|-67|CG0181170|-45|-67|CG0181170|-45|-67|CG0181170|-45|-67|CG0181171|-27|-75|CG0181171|-27|-75|CG0181171|-27|-75|CG0181171|-27|-75
407|6|6|800|10|CG0181170|-45|-67|CG0181191|-52|-71|CG0181192|-58|-63|CG0181192|-58|-63|CG0181193|-64|-58|CG0181193|-64|-58|CG0181193|-64|-58|CG0181193|-64|-58|CG0181193|-64|-58|CG0181193|-64|-58
407|6|7|1200|12|CG0180046|-18|-80|CG0180046|-18|-80|CG0180047|-22|-82|CG0180047|-22|-82|CG0180048|-23|-81|CG0180048|-23|-81|CG0180048|-23|-81|CG0180048|-23|-81|CG0180049|-29|-66|CG0180050|-43|-57|CG0180051|-46|-46|CG0180051|-46|-46
407|6|8|1000|2|CG0181186|-35|-71|CG0181187|-29|-79
407|6|9|1000|1|CG0181188|-29|-89
407|6|10|1000|8|CG0181180|-40|-81|CG0181180|-40|-81|CG0181181|-37|-70|CG0181182|-43|-60|CG0181183|-58|-59|CG0181183|-58|-59|CG0181184|-71|-40|CG0181185|-86|-20
407|7|0|1000|4|CG0181243|-34|-80|CG0181244|-37|-80|CG0181245|-40|-80|CG0181244|-37|-80
407|7|1|1000|6|CG0181248|-37|-80|CG0181249|-38|-81|CG0181250|-38|-79|CG0181251|-37|-79|CG0181252|-36|-81|CG0181253|-35|-79
407|7|2|400|1|CG0188687|-44|-60
407|7|3|600|6|CG0181218|-27|-76|CG0181219|-29|-78|CG0181220|-30|-78|CG0181221|-27|-77|CG0181222|-30|-79|CG0181223|-32|-77
407|7|4|100|1|CG0196624|-25|-51
407|7|5|1500|32|CG0181210|-26|-79|CG0181211|-26|-103|CG0181212|-26|-80|CG0181210|-26|-79|CG0181211|-26|-103|CG0181212|-26|-80|CG0181210|-26|-79|CG0181211|-26|-103|CG0181212|-26|-80|CG0181210|-26|-79|CG0181211|-26|-103|CG0181211|-26|-103|CG0181212|-26|-80|CG0181212|-26|-80|CG0181213|-29|-78|CG0181213|-29|-78|CG0181213|-29|-78|CG0181213|-29|-78|CG0181214|-38|-73|CG0181214|-38|-73|CG0181215|-88|-73|CG0181215|-88|-73|CG0181216|-73|-76|CG0181216|-73|-76|CG0181216|-73|-76|CG0181216|-73|-76|CG0181216|-73|-76|CG0181216|-73|-76|CG0181217|-28|-78|CG0181217|-28|-78|CG0181217|-28|-78|CG0181217|-28|-78
407|7|6|800|10|CG0181216|-73|-76|CG0181237|-52|-76|CG0181238|-49|-72|CG0181238|-49|-72|CG0181239|-54|-71|CG0181239|-54|-71|CG0181239|-54|-71|CG0181239|-54|-71|CG0181239|-54|-71|CG0181239|-54|-71
407|7|7|1200|12|CG0180111|-16|-80|CG0180111|-16|-80|CG0180112|-22|-82|CG0180112|-22|-82|CG0180113|-21|-80|CG0180113|-21|-80|CG0180113|-21|-80|CG0180113|-21|-80|CG0180114|-45|-74|CG0180115|-58|-70|CG0180116|-54|-64|CG0180116|-54|-64
407|7|8|1000|2|CG0181232|-35|-75|CG0181233|-30|-68
407|7|9|1000|1|CG0181234|-38|-84
407|7|10|1000|8|CG0181226|-43|-80|CG0181226|-43|-80|CG0181227|-38|-61|CG0181228|-42|-54|CG0181229|-51|-59|CG0181229|-51|-59|CG0181230|-71|-53|CG0181231|-76|-24
