422|0|0|1500|4|CG0186702|-21|-96|CG0186703|-21|-96|CG0186704|-21|-96|CG0186703|-21|-96
422|0|1|1000|6|CG0186716|-31|-95|CG0186717|-27|-97|CG0186718|-32|-93|CG0186719|-30|-95|CG0186720|-33|-97|CG0186721|-36|-93
422|0|2|400|1|CG0188372|-32|-70
422|0|3|600|6|CG0186664|-34|-90|CG0186665|-31|-94|CG0186666|-35|-90|CG0186667|-31|-87|CG0186668|-38|-94|CG0186669|-33|-93
422|0|4|100|1|CG0196344|-27|-55
422|0|5|1200|40|CG0186656|-33|-94|CG0186656|-33|-94|CG0186656|-33|-94|CG0186656|-33|-94|CG0186657|-33|-91|CG0186657|-33|-91|CG0186657|-33|-91|CG0186657|-33|-91|CG0186658|-28|-86|CG0186658|-28|-86|CG0186658|-28|-86|CG0186658|-28|-86|CG0186658|-28|-86|CG0186658|-28|-86|CG0186658|-28|-86|CG0186658|-28|-86|CG0186659|-35|-91|CG0186659|-35|-91|CG0186659|-35|-91|CG0186659|-35|-91|CG0186660|-46|-90|CG0186660|-46|-90|CG0186660|-46|-90|CG0186660|-46|-90|CG0186661|-53|-83|CG0186661|-53|-83|CG0186661|-53|-83|CG0186661|-53|-83|CG0186661|-53|-83|CG0186661|-53|-83|CG0186661|-53|-83|CG0186661|-53|-83|CG0186662|-33|-90|CG0186662|-33|-90|CG0186662|-33|-90|CG0186662|-33|-90|CG0186663|-37|-93|CG0186663|-37|-93|CG0186663|-37|-93|CG0186663|-37|-93
422|0|6|1200|17|CG0186691|-28|-96|CG0186691|-28|-96|CG0186691|-28|-96|CG0186692|-42|-97|CG0186692|-42|-97|CG0186692|-42|-97|CG0186693|-38|-96|CG0186693|-38|-96|CG0186694|-24|-94|CG0186694|-24|-94|CG0186694|-24|-94|CG0186694|-24|-94|CG0186694|-24|-94|CG0186694|-24|-94|CG0186694|-24|-94|CG0186694|-24|-94|CG0186694|-24|-94
422|0|7|2000|17|CG0186705|-31|-96|CG0186705|-31|-96|CG0186706|-26|-94|CG0186706|-26|-94|CG0186707|-15|-93|CG0186707|-15|-93|CG0186707|-15|-93|CG0186707|-15|-93|CG0186708|-30|-90|CG0186709|-50|-98|CG0186710|-74|-80|CG0186710|-74|-80|CG0186710|-74|-80|CG0186711|-54|-90|CG0186711|-54|-90|CG0186712|-32|-96|CG0186712|-32|-96
422|0|8|1000|2|CG0186682|-36|-74|CG0186683|-34|-84
422|0|9|1000|1|CG0186688|-33|-63
422|0|10|1500|20|CG0186676|-29|-92|CG0186676|-29|-92|CG0186676|-29|-92|CG0186677|-33|-82|CG0186677|-33|-82|CG0186677|-33|-82|CG0186678|-38|-71|CG0186678|-38|-71|CG0186678|-38|-71|CG0186678|-38|-71|CG0186678|-38|-71|CG0186678|-38|-71|CG0186679|-43|-80|CG0186679|-43|-80|CG0186680|-55|-74|CG0186680|-55|-74|CG0186680|-55|-74|CG0186681|-66|-41|CG0186681|-66|-41|CG0186681|-66|-41
422|1|0|1500|4|CG0186770|-26|-98|CG0186771|-26|-98|CG0186772|-27|-98|CG0186771|-26|-98
422|1|1|1000|6|CG0186784|-30|-97|CG0186785|-30|-99|CG0186786|-31|-94|CG0186787|-30|-97|CG0186788|-28|-99|CG0186789|-28|-94
422|1|2|400|1|CG0188417|-17|-71
422|1|3|600|6|CG0186732|-29|-92|CG0186733|-35|-98|CG0186734|-33|-95|CG0186735|-33|-92|CG0186736|-27|-98|CG0186737|-23|-95
422|1|4|100|1|CG0196384|-26|-58
422|1|5|1200|40|CG0186724|-23|-95|CG0186724|-23|-95|CG0186724|-23|-95|CG0186724|-23|-95|CG0186725|-19|-93|CG0186725|-19|-93|CG0186725|-19|-93|CG0186725|-19|-93|CG0186726|-18|-86|CG0186726|-18|-86|CG0186726|-18|-86|CG0186726|-18|-86|CG0186726|-18|-86|CG0186726|-18|-86|CG0186726|-18|-86|CG0186726|-18|-86|CG0186727|-18|-92|CG0186727|-18|-92|CG0186727|-18|-92|CG0186727|-18|-92|CG0186728|-21|-96|CG0186728|-21|-96|CG0186728|-21|-96|CG0186728|-21|-96|CG0186729|-21|-93|CG0186729|-21|-93|CG0186729|-21|-93|CG0186729|-21|-93|CG0186729|-21|-93|CG0186729|-21|-93|CG0186729|-21|-93|CG0186729|-21|-93|CG0186730|-23|-96|CG0186730|-23|-96|CG0186730|-23|-96|CG0186730|-23|-96|CG0186731|-28|-96|CG0186731|-28|-96|CG0186731|-28|-96|CG0186731|-28|-96
422|1|6|1200|17|CG0186759|-26|-98|CG0186759|-26|-98|CG0186759|-26|-98|CG0186760|-39|-97|CG0186760|-39|-97|CG0186760|-39|-97|CG0186761|-30|-98|CG0186761|-30|-98|CG0186762|-23|-97|CG0186762|-23|-97|CG0186762|-23|-97|CG0186762|-23|-97|CG0186762|-23|-97|CG0186762|-23|-97|CG0186762|-23|-97|CG0186762|-23|-97|CG0186762|-23|-97
422|1|7|2000|17|CG0186773|-20|-95|CG0186773|-20|-95|CG0186774|-15|-86|CG0186774|-15|-86|CG0186775|-7|-89|CG0186775|-7|-89|CG0186775|-7|-89|CG0186775|-7|-89|CG0186776|-7|-83|CG0186777|-37|-99|CG0186778|-37|-92|CG0186778|-37|-92|CG0186778|-37|-92|CG0186779|-37|-98|CG0186779|-37|-98|CG0186780|-23|-95|CG0186780|-23|-95
422|1|8|1000|2|CG0186750|-24|-77|CG0186751|-21|-80
422|1|9|1000|1|CG0186756|-32|-66
422|1|10|1500|20|CG0186744|-22|-96|CG0186744|-22|-96|CG0186744|-22|-96|CG0186745|-24|-86|CG0186745|-24|-86|CG0186745|-24|-86|CG0186746|-25|-76|CG0186746|-25|-76|CG0186746|-25|-76|CG0186746|-25|-76|CG0186746|-25|-76|CG0186746|-25|-76|CG0186747|-28|-84|CG0186747|-28|-84|CG0186748|-21|-79|CG0186748|-21|-79|CG0186748|-21|-79|CG0186749|-26|-50|CG0186749|-26|-50|CG0186749|-26|-50
422|2|0|1500|4|CG0186838|-25|-96|CG0186839|-24|-96|CG0186840|-23|-96|CG0186839|-24|-96
422|2|1|1000|6|CG0186852|-21|-95|CG0186853|-23|-97|CG0186854|-25|-93|CG0186855|-21|-95|CG0186856|-19|-97|CG0186857|-27|-93
422|2|2|400|1|CG0188462|-33|-62
422|2|3|600|6|CG0186800|-26|-87|CG0186801|-24|-94|CG0186802|-33|-93|CG0186803|-22|-89|CG0186804|-25|-94|CG0186805|-35|-90
422|2|4|100|1|CG0196424|-14|-57
422|2|5|1200|40|CG0186792|-14|-93|CG0186792|-14|-93|CG0186792|-14|-93|CG0186792|-14|-93|CG0186793|-13|-89|CG0186793|-13|-89|CG0186793|-13|-89|CG0186793|-13|-89|CG0186794|-16|-81|CG0186794|-16|-81|CG0186794|-16|-81|CG0186794|-16|-81|CG0186794|-16|-81|CG0186794|-16|-81|CG0186794|-16|-81|CG0186794|-16|-81|CG0186795|-13|-87|CG0186795|-13|-87|CG0186795|-13|-87|CG0186795|-13|-87|CG0186796|-8|-90|CG0186796|-8|-90|CG0186796|-8|-90|CG0186796|-8|-90|CG0186797|-9|-91|CG0186797|-9|-91|CG0186797|-9|-91|CG0186797|-9|-91|CG0186797|-9|-91|CG0186797|-9|-91|CG0186797|-9|-91|CG0186797|-9|-91|CG0186798|-12|-93|CG0186798|-12|-93|CG0186798|-12|-93|CG0186798|-12|-93|CG0186799|-17|-93|CG0186799|-17|-93|CG0186799|-17|-93|CG0186799|-17|-93
422|2|6|1200|17|CG0186827|-18|-96|CG0186827|-18|-96|CG0186827|-18|-96|CG0186828|-19|-97|CG0186828|-19|-97|CG0186828|-19|-97|CG0186829|-20|-96|CG0186829|-20|-96|CG0186830|-15|-94|CG0186830|-15|-94|CG0186830|-15|-94|CG0186830|-15|-94|CG0186830|-15|-94|CG0186830|-15|-94|CG0186830|-15|-94|CG0186830|-15|-94|CG0186830|-15|-94
422|2|7|2000|17|CG0186841|-11|-91|CG0186841|-11|-91|CG0186842|-18|-81|CG0186842|-18|-81|CG0186843|-21|-83|CG0186843|-21|-83|CG0186843|-21|-83|CG0186843|-21|-83|CG0186844|-9|-74|CG0186845|-14|-93|CG0186846|-15|-89|CG0186846|-15|-89|CG0186846|-15|-89|CG0186847|-11|-91|CG0186847|-11|-91|CG0186848|-9|-87|CG0186848|-9|-87
422|2|8|1000|2|CG0186818|-22|-74|CG0186819|-30|-83
422|2|9|1000|1|CG0186824|-21|-63
422|2|10|1500|20|CG0186812|-14|-94|CG0186812|-14|-94|CG0186812|-14|-94|CG0186813|-13|-84|CG0186813|-13|-84|CG0186813|-13|-84|CG0186814|-18|-73|CG0186814|-18|-73|CG0186814|-18|-73|CG0186814|-18|-73|CG0186814|-18|-73|CG0186814|-18|-73|CG0186815|-31|-79|CG0186815|-31|-79|CG0186816|-29|-69|CG0186816|-29|-69|CG0186816|-29|-69|CG0186817|-32|-43|CG0186817|-32|-43|CG0186817|-32|-43
422|3|0|1500|4|CG0186906|-12|-92|CG0186907|-11|-91|CG0186908|-11|-91|CG0186907|-11|-91
422|3|1|1000|6|CG0186920|-18|-91|CG0186921|-18|-92|CG0186922|-29|-88|CG0186923|-17|-91|CG0186924|-17|-92|CG0186925|-28|-88
422|3|2|400|1|CG0188507|-36|-53
422|3|3|600|6|CG0186868|-19|-78|CG0186869|-25|-86|CG0186870|-33|-85|CG0186871|-20|-81|CG0186872|-24|-86|CG0186873|-33|-80
422|3|4|100|1|CG0196464|-10|-51
422|3|5|1200|40|CG0186860|-11|-88|CG0186860|-11|-88|CG0186860|-11|-88|CG0186860|-11|-88|CG0186861|-22|-81|CG0186861|-22|-81|CG0186861|-22|-81|CG0186861|-22|-81|CG0186862|-26|-76|CG0186862|-26|-76|CG0186862|-26|-76|CG0186862|-26|-76|CG0186862|-26|-76|CG0186862|-26|-76|CG0186862|-26|-76|CG0186862|-26|-76|CG0186863|-20|-79|CG0186863|-20|-79|CG0186863|-20|-79|CG0186863|-20|-79|CG0186864|3|-75|CG0186864|3|-75|CG0186864|3|-75|CG0186864|3|-75|CG0186865|1|-79|CG0186865|1|-79|CG0186865|1|-79|CG0186865|1|-79|CG0186865|1|-79|CG0186865|1|-79|CG0186865|1|-79|CG0186865|1|-79|CG0186866|-4|-83|CG0186866|-4|-83|CG0186866|-4|-83|CG0186866|-4|-83|CG0186867|-6|-86|CG0186867|-6|-86|CG0186867|-6|-86|CG0186867|-6|-86
422|3|6|1200|17|CG0186895|-11|-91|CG0186895|-11|-91|CG0186895|-11|-91|CG0186896|-15|-94|CG0186896|-15|-94|CG0186896|-15|-94|CG0186897|-11|-91|CG0186897|-11|-91|CG0186898|-10|-87|CG0186898|-10|-87|CG0186898|-10|-87|CG0186898|-10|-87|CG0186898|-10|-87|CG0186898|-10|-87|CG0186898|-10|-87|CG0186898|-10|-87|CG0186898|-10|-87
422|3|7|2000|17|CG0186909|-21|-85|CG0186909|-21|-85|CG0186910|-35|-79|CG0186910|-35|-79|CG0186911|-38|-80|CG0186911|-38|-80|CG0186911|-38|-80|CG0186911|-38|-80|CG0186912|-42|-69|CG0186913|-14|-79|CG0186914|-8|-70|CG0186914|-8|-70|CG0186914|-8|-70|CG0186915|-9|-75|CG0186915|-9|-75|CG0186916|-16|-78|CG0186916|-16|-78
422|3|8|1000|2|CG0186886|-24|-66|CG0186887|-41|-87
422|3|9|1000|1|CG0186892|-17|-56
422|3|10|1500|20|CG0186880|-11|-86|CG0186880|-11|-86|CG0186880|-11|-86|CG0186881|-16|-75|CG0186881|-16|-75|CG0186881|-16|-75|CG0186882|-30|-64|CG0186882|-30|-64|CG0186882|-30|-64|CG0186882|-30|-64|CG0186882|-30|-64|CG0186882|-30|-64|CG0186883|-31|-67|CG0186883|-31|-67|CG0186884|-30|-50|CG0186884|-30|-50|CG0186884|-30|-50|CG0186885|-27|-24|CG0186885|-27|-24|CG0186885|-27|-24
422|4|0|1500|4|CG0186974|-19|-86|CG0186975|-20|-86|CG0186976|-20|-86|CG0186975|-20|-86
422|4|1|1000|6|CG0186988|-21|-85|CG0186989|-20|-87|CG0186990|-28|-83|CG0186991|-20|-85|CG0186992|-24|-87|CG0186993|-26|-83
422|4|2|400|1|CG0188552|-25|-51
422|4|3|600|6|CG0186936|-24|-72|CG0186937|-26|-80|CG0186938|-34|-78|CG0186939|-25|-74|CG0186940|-25|-80|CG0186941|-36|-75
422|4|4|100|1|CG0196504|-21|-46
422|4|5|1200|40|CG0186928|-18|-83|CG0186928|-18|-83|CG0186928|-18|-83|CG0186928|-18|-83|CG0186929|-25|-77|CG0186929|-25|-77|CG0186929|-25|-77|CG0186929|-25|-77|CG0186930|-29|-73|CG0186930|-29|-73|CG0186930|-29|-73|CG0186930|-29|-73|CG0186930|-29|-73|CG0186930|-29|-73|CG0186930|-29|-73|CG0186930|-29|-73|CG0186931|-25|-75|CG0186931|-25|-75|CG0186931|-25|-75|CG0186931|-25|-75|CG0186932|-4|-62|CG0186932|-4|-62|CG0186932|-4|-62|CG0186932|-4|-62|CG0186933|1|-61|CG0186933|1|-61|CG0186933|1|-61|CG0186933|1|-61|CG0186933|1|-61|CG0186933|1|-61|CG0186933|1|-61|CG0186933|1|-61|CG0186934|-2|-71|CG0186934|-2|-71|CG0186934|-2|-71|CG0186934|-2|-71|CG0186935|-12|-79|CG0186935|-12|-79|CG0186935|-12|-79|CG0186935|-12|-79
422|4|6|1200|17|CG0186963|-18|-86|CG0186963|-18|-86|CG0186963|-18|-86|CG0186964|-20|-90|CG0186964|-20|-90|CG0186964|-20|-90|CG0186965|-20|-86|CG0186965|-20|-86|CG0186966|-15|-83|CG0186966|-15|-83|CG0186966|-15|-83|CG0186966|-15|-83|CG0186966|-15|-83|CG0186966|-15|-83|CG0186966|-15|-83|CG0186966|-15|-83|CG0186966|-15|-83
422|4|7|2000|17|CG0186977|-24|-83|CG0186977|-24|-83|CG0186978|-33|-84|CG0186978|-33|-84|CG0186979|-40|-81|CG0186979|-40|-81|CG0186979|-40|-81|CG0186979|-40|-81|CG0186980|-56|-75|CG0186981|-19|-65|CG0186982|-15|-52|CG0186982|-15|-52|CG0186982|-15|-52|CG0186983|-14|-57|CG0186983|-14|-57|CG0186984|-22|-74|CG0186984|-22|-74
422|4|8|1000|2|CG0186954|-21|-58|CG0186955|-52|-97
422|4|9|1000|1|CG0186960|-20|-48
422|4|10|1500|20|CG0186948|-16|-80|CG0186948|-16|-80|CG0186948|-16|-80|CG0186949|-20|-69|CG0186949|-20|-69|CG0186949|-20|-69|CG0186950|-31|-58|CG0186950|-31|-58|CG0186950|-31|-58|CG0186950|-31|-58|CG0186950|-31|-58|CG0186950|-31|-58|CG0186951|-32|-54|CG0186951|-32|-54|CG0186952|-30|-31|CG0186952|-30|-31|CG0186952|-30|-31|CG0186953|-30|-28|CG0186953|-30|-28|CG0186953|-30|-28
422|5|0|1500|4|CG0187042|-23|-84|CG0187043|-24|-84|CG0187044|-24|-84|CG0187043|-24|-84
422|5|1|1000|6|CG0187056|-31|-84|CG0187057|-32|-85|CG0187058|-29|-81|CG0187059|-30|-84|CG0187060|-31|-86|CG0187061|-31|-81
422|5|2|400|1|CG0188597|-19|-60
422|5|3|600|6|CG0187004|-35|-71|CG0187005|-28|-77|CG0187006|-24|-74|CG0187007|-31|-71|CG0187008|-35|-77|CG0187009|-35|-75
422|5|4|100|1|CG0196544|-24|-45
422|5|5|1200|40|CG0186996|-29|-82|CG0186996|-29|-82|CG0186996|-29|-82|CG0186996|-29|-82|CG0186997|-28|-76|CG0186997|-28|-76|CG0186997|-28|-76|CG0186997|-28|-76|CG0186998|-23|-73|CG0186998|-23|-73|CG0186998|-23|-73|CG0186998|-23|-73|CG0186998|-23|-73|CG0186998|-23|-73|CG0186998|-23|-73|CG0186998|-23|-73|CG0186999|-26|-75|CG0186999|-26|-75|CG0186999|-26|-75|CG0186999|-26|-75|CG0187000|-31|-57|CG0187000|-31|-57|CG0187000|-31|-57|CG0187000|-31|-57|CG0187001|-17|-54|CG0187001|-17|-54|CG0187001|-17|-54|CG0187001|-17|-54|CG0187001|-17|-54|CG0187001|-17|-54|CG0187001|-17|-54|CG0187001|-17|-54|CG0187002|-25|-67|CG0187002|-25|-67|CG0187002|-25|-67|CG0187002|-25|-67|CG0187003|-28|-76|CG0187003|-28|-76|CG0187003|-28|-76|CG0187003|-28|-76
422|5|6|1200|17|CG0187031|-25|-84|CG0187031|-25|-84|CG0187031|-25|-84|CG0187032|-37|-88|CG0187032|-37|-88|CG0187032|-37|-88|CG0187033|-29|-84|CG0187033|-29|-84|CG0187034|-22|-81|CG0187034|-22|-81|CG0187034|-22|-81|CG0187034|-22|-81|CG0187034|-22|-81|CG0187034|-22|-81|CG0187034|-22|-81|CG0187034|-22|-81|CG0187034|-22|-81
422|5|7|2000|17|CG0187045|-24|-83|CG0187045|-24|-83|CG0187046|-29|-89|CG0187046|-29|-89|CG0187047|-35|-87|CG0187047|-35|-87|CG0187047|-35|-87|CG0187047|-35|-87|CG0187048|-39|-82|CG0187049|-29|-57|CG0187050|-17|-40|CG0187050|-17|-40|CG0187050|-17|-40|CG0187051|-18|-48|CG0187051|-18|-48|CG0187052|-27|-75|CG0187052|-27|-75
422|5|8|1000|2|CG0187022|-24|-56|CG0187023|-42|-103
422|5|9|1000|1|CG0187028|-28|-45
422|5|10|1500|20|CG0187016|-24|-77|CG0187016|-24|-77|CG0187016|-24|-77|CG0187017|-22|-66|CG0187017|-22|-66|CG0187017|-22|-66|CG0187018|-25|-56|CG0187018|-25|-56|CG0187018|-25|-56|CG0187018|-25|-56|CG0187018|-25|-56|CG0187018|-25|-56|CG0187019|-21|-51|CG0187019|-21|-51|CG0187020|-24|-26|CG0187020|-24|-26|CG0187020|-24|-26|CG0187021|-34|-26|CG0187021|-34|-26|CG0187021|-34|-26
422|6|0|1500|4|CG0187110|-24|-86|CG0187111|-23|-86|CG0187112|-22|-86|CG0187111|-23|-86
422|6|1|1000|6|CG0187124|-30|-85|CG0187125|-35|-87|CG0187126|-36|-83|CG0187127|-32|-85|CG0187128|-25|-87|CG0187129|-32|-83
422|6|2|400|1|CG0188642|-38|-63
422|6|3|600|6|CG0187072|-30|-75|CG0187073|-34|-80|CG0187074|-32|-75|CG0187075|-37|-72|CG0187076|-29|-80|CG0187077|-37|-78
422|6|4|100|1|CG0196584|-20|-48
422|6|5|1200|40|CG0187064|-32|-84|CG0187064|-32|-84|CG0187064|-32|-84|CG0187064|-32|-84|CG0187065|-26|-78|CG0187065|-26|-78|CG0187065|-26|-78|CG0187065|-26|-78|CG0187066|-28|-75|CG0187066|-28|-75|CG0187066|-28|-75|CG0187066|-28|-75|CG0187066|-28|-75|CG0187066|-28|-75|CG0187066|-28|-75|CG0187066|-28|-75|CG0187067|-29|-78|CG0187067|-29|-78|CG0187067|-29|-78|CG0187067|-29|-78|CG0187068|-52|-62|CG0187068|-52|-62|CG0187068|-52|-62|CG0187068|-52|-62|CG0187069|-58|-58|CG0187069|-58|-58|CG0187069|-58|-58|CG0187069|-58|-58|CG0187069|-58|-58|CG0187069|-58|-58|CG0187069|-58|-58|CG0187069|-58|-58|CG0187070|-46|-70|CG0187070|-46|-70|CG0187070|-46|-70|CG0187070|-46|-70|CG0187071|-39|-79|CG0187071|-39|-79|CG0187071|-39|-79|CG0187071|-39|-79
422|6|6|1200|17|CG0187099|-25|-86|CG0187099|-25|-86|CG0187099|-25|-86|CG0187100|-39|-90|CG0187100|-39|-90|CG0187100|-39|-90|CG0187101|-36|-86|CG0187101|-36|-86|CG0187102|-23|-83|CG0187102|-23|-83|CG0187102|-23|-83|CG0187102|-23|-83|CG0187102|-23|-83|CG0187102|-23|-83|CG0187102|-23|-83|CG0187102|-23|-83|CG0187102|-23|-83
422|6|7|2000|17|CG0187113|-22|-87|CG0187113|-22|-87|CG0187114|-41|-93|CG0187114|-41|-93|CG0187115|-46|-93|CG0187115|-46|-93|CG0187115|-46|-93|CG0187115|-46|-93|CG0187116|-52|-91|CG0187117|-59|-63|CG0187118|-53|-40|CG0187118|-53|-40|CG0187118|-53|-40|CG0187119|-57|-55|CG0187119|-57|-55|CG0187120|-37|-81|CG0187120|-37|-81
422|6|8|1000|2|CG0187090|-34|-58|CG0187091|-21|-102
422|6|9|1000|1|CG0187096|-34|-48
422|6|10|1500|20|CG0187084|-34|-79|CG0187084|-34|-79|CG0187084|-34|-79|CG0187085|-30|-68|CG0187085|-30|-68|CG0187085|-30|-68|CG0187086|-36|-58|CG0187086|-36|-58|CG0187086|-36|-58|CG0187086|-36|-58|CG0187086|-36|-58|CG0187086|-36|-58|CG0187087|-43|-55|CG0187087|-43|-55|CG0187088|-56|-36|CG0187088|-56|-36|CG0187088|-56|-36|CG0187089|-73|-25|CG0187089|-73|-25|CG0187089|-73|-25
422|7|0|1500|4|CG0187178|-21|-91|CG0187179|-21|-91|CG0187180|-21|-92|CG0187179|-21|-91
422|7|1|1000|6|CG0187192|-21|-91|CG0187193|-22|-92|CG0187194|-30|-88|CG0187195|-21|-91|CG0187196|-23|-92|CG0187197|-30|-88
422|7|2|400|1|CG0188687|-44|-60
422|7|3|600|6|CG0187140|-33|-82|CG0187141|-34|-86|CG0187142|-35|-81|CG0187143|-34|-78|CG0187144|-34|-86|CG0187145|-36|-86
422|7|4|100|1|CG0196624|-25|-51
422|7|5|1200|40|CG0187132|-28|-90|CG0187132|-28|-90|CG0187132|-28|-90|CG0187132|-28|-90|CG0187133|-35|-84|CG0187133|-35|-84|CG0187133|-35|-84|CG0187133|-35|-84|CG0187134|-37|-80|CG0187134|-37|-80|CG0187134|-37|-80|CG0187134|-37|-80|CG0187134|-37|-80|CG0187134|-37|-80|CG0187134|-37|-80|CG0187134|-37|-80|CG0187135|-40|-83|CG0187135|-40|-83|CG0187135|-40|-83|CG0187135|-40|-83|CG0187136|-58|-75|CG0187136|-58|-75|CG0187136|-58|-75|CG0187136|-58|-75|CG0187137|-76|-70|CG0187137|-76|-70|CG0187137|-76|-70|CG0187137|-76|-70|CG0187137|-76|-70|CG0187137|-76|-70|CG0187137|-76|-70|CG0187137|-76|-70|CG0187138|-46|-79|CG0187138|-46|-79|CG0187138|-46|-79|CG0187138|-46|-79|CG0187139|-31|-86|CG0187139|-31|-86|CG0187139|-31|-86|CG0187139|-31|-86
422|7|6|1200|17|CG0187167|-21|-91|CG0187167|-21|-91|CG0187167|-21|-91|CG0187168|-24|-94|CG0187168|-24|-94|CG0187168|-24|-94|CG0187169|-27|-91|CG0187169|-27|-91|CG0187170|-29|-87|CG0187170|-29|-87|CG0187170|-29|-87|CG0187170|-29|-87|CG0187170|-29|-87|CG0187170|-29|-87|CG0187170|-29|-87|CG0187170|-29|-87|CG0187170|-29|-87
422|7|7|2000|17|CG0187181|-32|-92|CG0187181|-32|-92|CG0187182|-36|-95|CG0187182|-36|-95|CG0187183|-38|-95|CG0187183|-38|-95|CG0187183|-38|-95|CG0187183|-38|-95|CG0187184|-53|-94|CG0187185|-60|-85|CG0187186|-87|-56|CG0187186|-87|-56|CG0187186|-87|-56|CG0187187|-74|-73|CG0187187|-74|-73|CG0187188|-35|-89|CG0187188|-35|-89
422|7|8|1000|2|CG0187158|-43|-66|CG0187159|-35|-94
422|7|9|1000|1|CG0187164|-43|-56
422|7|10|1500|20|CG0187152|-34|-84|CG0187152|-34|-84|CG0187152|-34|-84|CG0187153|-38|-74|CG0187153|-38|-74|CG0187153|-38|-74|CG0187154|-36|-63|CG0187154|-36|-63|CG0187154|-36|-63|CG0187154|-36|-63|CG0187154|-36|-63|CG0187154|-36|-63|CG0187155|-45|-67|CG0187155|-45|-67|CG0187156|-64|-57|CG0187156|-64|-57|CG0187156|-64|-57|CG0187157|-81|-22|CG0187157|-81|-22|CG0187157|-81|-22
