804|0|0|629|4|CG0253045|-24|-62|CG0253046|-19|-65|CG0253047|-14|-60|CG0253046|-19|-65
804|0|1|400|4|CG0253045|-24|-62|CG0253046|-19|-65|CG0253047|-14|-60|CG0253046|-19|-65
804|0|2|
804|0|3|255|4|CG0253045|-24|-62|CG0253046|-19|-65|CG0253047|-14|-60|CG0253046|-19|-65
804|0|4|
804|0|5|595|9|CG0253045|-24|-62|CG0253046|-19|-65|CG0253047|-14|-60|CG0253039|-51|-92|CG0253040|-69|-89|CG0253041|-67|-102|CG0253041|-67|-102|CG0253040|-69|-89|CG0253039|-51|-92
804|0|6|595|8|CG0253045|-24|-62|CG0253046|-19|-65|CG0253047|-14|-60|CG0253039|-51|-92|CG0253040|-69|-89|CG0253041|-67|-102|CG0253040|-69|-89|CG0253039|-51|-92
804|0|7|595|4|CG0253045|-24|-62|CG0253046|-19|-65|CG0253047|-14|-60|CG0253046|-19|-65
804|0|8|1000|2|CG0253045|-24|-62|CG0253043|-13|-58
804|0|9|1000|1|CG0253044|-18|-60
804|0|10|1000|1|CG0253042|-20|-24
804|1|0|629|4|CG0253054|-23|-63|CG0253055|-39|-57|CG0253056|-20|-53|CG0253055|-39|-57
804|1|1|400|4|CG0253054|-23|-63|CG0253055|-39|-57|CG0253056|-20|-53|CG0253055|-39|-57
804|1|2|
804|1|3|255|4|CG0253054|-23|-63|CG0253055|-39|-57|CG0253056|-20|-53|CG0253055|-39|-57
804|1|4|
804|1|5|595|9|CG0253054|-23|-63|CG0253055|-39|-57|CG0253056|-20|-53|CG0253048|-32|-88|CG0253049|-29|-97|CG0253050|-21|-112|CG0253050|-21|-112|CG0253049|-29|-97|CG0253048|-32|-88
804|1|6|595|8|CG0253054|-23|-63|CG0253055|-39|-57|CG0253056|-20|-53|CG0253048|-32|-88|CG0253049|-29|-97|CG0253050|-21|-112|CG0253049|-29|-97|CG0253048|-32|-88
804|1|7|595|4|CG0253054|-23|-63|CG0253055|-39|-57|CG0253056|-20|-53|CG0253055|-39|-57
804|1|8|1000|2|CG0253054|-23|-63|CG0253052|-24|-55
804|1|9|1000|1|CG0253053|-13|-59
804|1|10|1000|1|CG0253051|-29|-24
804|2|0|629|4|CG0253063|-20|-62|CG0253064|-38|-64|CG0253065|-35|-61|CG0253064|-38|-64
804|2|1|400|4|CG0253063|-20|-62|CG0253064|-38|-64|CG0253065|-35|-61|CG0253064|-38|-64
804|2|2|
804|2|3|255|4|CG0253063|-20|-62|CG0253064|-38|-64|CG0253065|-35|-61|CG0253064|-38|-64
804|2|4|
804|2|5|595|9|CG0253063|-20|-62|CG0253064|-38|-64|CG0253065|-35|-61|CG0253057|2|-93|CG0253058|4|-88|CG0253059|30|-102|CG0253059|30|-102|CG0253058|4|-88|CG0253057|2|-93
804|2|6|595|8|CG0253063|-20|-62|CG0253064|-38|-64|CG0253065|-35|-61|CG0253057|2|-93|CG0253058|4|-88|CG0253059|30|-102|CG0253058|4|-88|CG0253057|2|-93
804|2|7|595|4|CG0253063|-20|-62|CG0253064|-38|-64|CG0253065|-35|-61|CG0253064|-38|-64
804|2|8|1000|2|CG0253063|-20|-62|CG0253061|-53|-59
804|2|9|1000|1|CG0253062|-16|-57
804|2|10|1000|1|CG0253060|-22|-22
804|3|0|629|4|CG0253072|-11|-62|CG0253073|-20|-71|CG0253074|-32|-71|CG0253073|-20|-71
804|3|1|400|4|CG0253072|-11|-62|CG0253073|-20|-71|CG0253074|-32|-71|CG0253073|-20|-71
804|3|2|
804|3|3|255|4|CG0253072|-11|-62|CG0253073|-20|-71|CG0253074|-32|-71|CG0253073|-20|-71
804|3|4|
804|3|5|595|9|CG0253072|-11|-62|CG0253073|-20|-71|CG0253074|-32|-71|CG0253066|14|-86|CG0253067|33|-65|CG0253068|54|-77|CG0253068|54|-77|CG0253067|33|-65|CG0253066|14|-86
804|3|6|595|8|CG0253072|-11|-62|CG0253073|-20|-71|CG0253074|-32|-71|CG0253066|14|-86|CG0253067|33|-65|CG0253068|54|-77|CG0253067|33|-65|CG0253066|14|-86
804|3|7|595|4|CG0253072|-11|-62|CG0253073|-20|-71|CG0253074|-32|-71|CG0253073|-20|-71
804|3|8|1000|2|CG0253072|-11|-62|CG0253070|-57|-63
804|3|9|1000|1|CG0253071|-35|-60
804|3|10|1000|1|CG0253069|-21|-19
804|4|0|629|4|CG0253081|-20|-60|CG0253082|-39|-71|CG0253083|-34|-78|CG0253082|-39|-71
804|4|1|400|4|CG0253081|-20|-60|CG0253082|-39|-71|CG0253083|-34|-78|CG0253082|-39|-71
804|4|2|
804|4|3|255|4|CG0253081|-20|-60|CG0253082|-39|-71|CG0253083|-34|-78|CG0253082|-39|-71
804|4|4|
804|4|5|595|9|CG0253081|-20|-60|CG0253082|-39|-71|CG0253083|-34|-78|CG0253075|2|-69|CG0253076|3|-41|CG0253077|32|-48|CG0253077|32|-48|CG0253076|3|-41|CG0253075|2|-69
804|4|6|595|8|CG0253081|-20|-60|CG0253082|-39|-71|CG0253083|-34|-78|CG0253075|2|-69|CG0253076|3|-41|CG0253077|32|-48|CG0253076|3|-41|CG0253075|2|-69
804|4|7|595|4|CG0253081|-20|-60|CG0253082|-39|-71|CG0253083|-34|-78|CG0253082|-39|-71
804|4|8|1000|2|CG0253081|-20|-60|CG0253079|-53|-74
804|4|9|1000|1|CG0253080|-35|-69
804|4|10|1000|1|CG0253078|-40|-17
804|5|0|629|4|CG0253090|-24|-59|CG0253091|-37|-62|CG0253092|-17|-77|CG0253091|-37|-62
804|5|1|400|4|CG0253090|-24|-59|CG0253091|-37|-62|CG0253092|-17|-77|CG0253091|-37|-62
804|5|2|
804|5|3|255|4|CG0253090|-24|-59|CG0253091|-37|-62|CG0253092|-17|-77|CG0253091|-37|-62
804|5|4|
804|5|5|595|9|CG0253090|-24|-59|CG0253091|-37|-62|CG0253092|-17|-77|CG0253084|-34|-52|CG0253085|-39|-35|CG0253086|-25|-35|CG0253086|-25|-35|CG0253085|-39|-35|CG0253084|-34|-52
804|5|6|595|8|CG0253090|-24|-59|CG0253091|-37|-62|CG0253092|-17|-77|CG0253084|-34|-52|CG0253085|-39|-35|CG0253086|-25|-35|CG0253085|-39|-35|CG0253084|-34|-52
804|5|7|595|4|CG0253090|-24|-59|CG0253091|-37|-62|CG0253092|-17|-77|CG0253091|-37|-62
804|5|8|1000|2|CG0253090|-24|-59|CG0253088|-24|-80
804|5|9|1000|1|CG0253089|-18|-78
804|5|10|1000|1|CG0253087|-44|-18
804|6|0|629|4|CG0253099|-24|-60|CG0253100|-17|-72|CG0253101|-14|-78|CG0253100|-17|-72
804|6|1|400|4|CG0253099|-24|-60|CG0253100|-17|-72|CG0253101|-14|-78|CG0253100|-17|-72
804|6|2|
804|6|3|255|4|CG0253099|-24|-60|CG0253100|-17|-72|CG0253101|-14|-78|CG0253100|-17|-72
804|6|4|
804|6|5|595|9|CG0253099|-24|-60|CG0253100|-17|-72|CG0253101|-14|-78|CG0253093|-52|-69|CG0253094|-70|-55|CG0253095|-75|-48|CG0253095|-75|-48|CG0253094|-70|-55|CG0253093|-52|-69
804|6|6|595|8|CG0253099|-24|-60|CG0253100|-17|-72|CG0253101|-14|-78|CG0253093|-52|-69|CG0253094|-70|-55|CG0253095|-75|-48|CG0253094|-70|-55|CG0253093|-52|-69
804|6|7|595|4|CG0253099|-24|-60|CG0253100|-17|-72|CG0253101|-14|-78|CG0253100|-17|-72
804|6|8|1000|2|CG0253099|-24|-60|CG0253097|-12|-81
804|6|9|1000|1|CG0253098|-30|-79
804|6|10|1000|1|CG0253096|-25|-22
804|7|0|629|4|CG0253108|-18|-62|CG0253109|-16|-72|CG0253110|-15|-70|CG0253109|-16|-72
804|7|1|400|4|CG0253108|-18|-62|CG0253109|-16|-72|CG0253110|-15|-70|CG0253109|-16|-72
804|7|2|
804|7|3|255|4|CG0253108|-18|-62|CG0253109|-16|-72|CG0253110|-15|-70|CG0253109|-16|-72
804|7|4|
804|7|5|595|9|CG0253108|-18|-62|CG0253109|-16|-72|CG0253110|-15|-70|CG0253102|-57|-85|CG0253103|-92|-74|CG0253104|-94|-77|CG0253104|-94|-77|CG0253103|-92|-74|CG0253102|-57|-85
804|7|6|595|8|CG0253108|-18|-62|CG0253109|-16|-72|CG0253110|-15|-70|CG0253102|-57|-85|CG0253103|-92|-74|CG0253104|-94|-77|CG0253103|-92|-74|CG0253102|-57|-85
804|7|7|595|4|CG0253108|-18|-62|CG0253109|-16|-72|CG0253110|-15|-70|CG0253109|-16|-72
804|7|8|1000|2|CG0253108|-18|-62|CG0253106|-7|-70
804|7|9|1000|1|CG0253107|-25|-70
804|7|10|1000|1|CG0253105|-19|-24
