442|0|0|9000|57|CG0194093|-16|-53|CG0194094|-18|-52|CG0194095|-19|-52|CG0194096|-21|-49|CG0194097|-22|-47|CG0194096|-21|-49|CG0194095|-19|-52|CG0194094|-18|-52|CG0194093|-16|-53|CG0194094|-18|-52|CG0194095|-19|-52|CG0194096|-21|-49|CG0194097|-22|-47|CG0194096|-21|-49|CG0194095|-19|-52|CG0194094|-18|-52|CG0194093|-16|-53|CG0194094|-18|-52|CG0194095|-19|-52|CG0194096|-21|-49|CG0194097|-22|-47|CG0194096|-21|-49|CG0194095|-19|-52|CG0194094|-18|-52|CG0194093|-16|-53|CG0194094|-18|-52|CG0194095|-19|-52|CG0194096|-21|-49|CG0194097|-22|-47|CG0194096|-21|-49|CG0194095|-19|-52|CG0194094|-18|-52|CG0194093|-16|-53|CG0194094|-18|-52|CG0194095|-19|-52|CG0194096|-21|-49|CG0194097|-22|-47|CG0194096|-21|-49|CG0194095|-19|-52|CG0194094|-18|-52|CG0194093|-16|-53|CG0194094|-18|-52|CG0194095|-19|-52|CG0194096|-21|-49|CG0194097|-22|-47|CG0194096|-21|-49|CG0194095|-19|-52|CG0194073|-21|-50|CG0194098|-17|-46|CG0194099|-16|-48|CG0194099|-16|-48|CG0194100|-17|-47|CG0194100|-17|-47|CG0194098|-17|-46|CG0194098|-17|-46|CG0194095|-19|-52|CG0194094|-18|-52
442|0|1|650|8|CG0194101|-20|-48|CG0194101|-20|-48|CG0194102|-18|-48|CG0194103|-17|-49|CG0194104|-17|-50|CG0194104|-17|-50|CG0194105|-18|-50|CG0194106|-19|-49
442|0|2|800|5|CG0194098|-17|-46|CG0194099|-16|-48|CG0194099|-16|-48|CG0194100|-17|-47|CG0194100|-17|-47
442|0|3|250|7|CG0194075|-13|-64|CG0194076|-17|-66|CG0194077|-22|-72|CG0194078|-24|-59|CG0194073|-21|-50|CG0194074|-14|-43|CG0194074|-14|-43
442|0|4|100|1|CG0196344|-27|-55
442|0|5|1200|25|CG0194064|-19|-60|CG0194064|-19|-60|CG0194065|-32|-67|CG0194065|-32|-67|CG0194066|-42|-57|CG0194066|-42|-57|CG0194067|-28|-52|CG0194067|-28|-52|CG0194067|-28|-52|CG0194067|-28|-52|CG0194068|-46|-51|CG0194068|-46|-51|CG0194069|-57|-46|CG0194069|-57|-46|CG0194069|-57|-46|CG0194068|-46|-51|CG0194068|-46|-51|CG0194067|-28|-52|CG0194067|-28|-52|CG0194070|-35|-59|CG0194070|-35|-59|CG0194071|-17|-59|CG0194071|-17|-59|CG0194072|-11|-46|CG0194072|-11|-46
442|0|6|2000|19|CG0194064|-19|-60|CG0194065|-32|-67|CG0194066|-42|-57|CG0194090|-32|-60|CG0194091|-32|-56|CG0194090|-32|-60|CG0194091|-32|-56|CG0194092|-38|-49|CG0194092|-38|-49|CG0194070|-35|-59|CG0194071|-17|-59|CG0194072|-11|-46|CG0194072|-11|-46|CG0194097|-22|-47|CG0194098|-17|-46|CG0194099|-16|-48|CG0194100|-17|-47|CG0194100|-17|-47|CG0194073|-21|-50
442|0|7|986|7|CG0252875|-18|-73|CG0252876|-22|-73|CG0252877|-23|-73|CG0252863|-17|-64|CG0252864|-34|-63|CG0252864|-34|-63|CG0252865|-22|-71
442|0|8|1000|2|CG0194087|-18|-47|CG0194088|-6|-34
442|0|9|1000|1|CG0194089|-18|-42
442|0|10|1500|13|CG0194079|-22|-55|CG0194080|-22|-55|CG0194080|-22|-55|CG0194081|-27|-51|CG0194081|-27|-51|CG0194082|-23|-37|CG0194082|-23|-37|CG0194083|-26|-38|CG0194084|-24|-41|CG0194085|-24|-36|CG0194085|-24|-36|CG0194086|-24|-37|CG0194086|-24|-37
442|1|0|9000|57|CG0194136|-14|-51|CG0194137|-14|-52|CG0194138|-14|-53|CG0194139|-17|-52|CG0194140|-19|-51|CG0194139|-17|-52|CG0194138|-14|-53|CG0194137|-14|-52|CG0194136|-14|-51|CG0194137|-14|-52|CG0194138|-14|-53|CG0194139|-17|-52|CG0194140|-19|-51|CG0194139|-17|-52|CG0194138|-14|-53|CG0194137|-14|-52|CG0194136|-14|-51|CG0194137|-14|-52|CG0194138|-14|-53|CG0194139|-17|-52|CG0194140|-19|-51|CG0194139|-17|-52|CG0194138|-14|-53|CG0194137|-14|-52|CG0194136|-14|-51|CG0194137|-14|-52|CG0194138|-14|-53|CG0194139|-17|-52|CG0194140|-19|-51|CG0194139|-17|-52|CG0194138|-14|-53|CG0194137|-14|-52|CG0194136|-14|-51|CG0194137|-14|-52|CG0194138|-14|-53|CG0194139|-17|-52|CG0194140|-19|-51|CG0194139|-17|-52|CG0194138|-14|-53|CG0194137|-14|-52|CG0194136|-14|-51|CG0194137|-14|-52|CG0194138|-14|-53|CG0194139|-17|-52|CG0194140|-19|-51|CG0194139|-17|-52|CG0194138|-14|-53|CG0194116|-19|-52|CG0194141|-17|-46|CG0194142|-21|-47|CG0194142|-21|-47|CG0194143|-19|-46|CG0194143|-19|-46|CG0194141|-17|-46|CG0194141|-17|-46|CG0194138|-14|-53|CG0194137|-14|-52
442|1|1|650|8|CG0194144|-20|-49|CG0194144|-20|-49|CG0194145|-17|-50|CG0194146|-15|-49|CG0194147|-16|-50|CG0194147|-16|-50|CG0194148|-17|-50|CG0194149|-17|-50
442|1|2|800|5|CG0194141|-17|-46|CG0194142|-21|-47|CG0194142|-21|-47|CG0194143|-19|-46|CG0194143|-19|-46
442|1|3|250|7|CG0194118|-19|-64|CG0194119|-18|-66|CG0194120|-18|-72|CG0194121|-20|-62|CG0194116|-19|-52|CG0194117|-17|-43|CG0194117|-17|-43
442|1|4|100|1|CG0196384|-26|-58
442|1|5|1200|25|CG0194107|-29|-61|CG0194107|-29|-61|CG0194108|-29|-65|CG0194108|-29|-65|CG0194109|-16|-65|CG0194109|-16|-65|CG0194110|-16|-53|CG0194110|-16|-53|CG0194110|-16|-53|CG0194110|-16|-53|CG0194111|-14|-61|CG0194111|-14|-61|CG0194112|-28|-54|CG0194112|-28|-54|CG0194112|-28|-54|CG0194111|-14|-61|CG0194111|-14|-61|CG0194110|-16|-53|CG0194110|-16|-53|CG0194113|-15|-56|CG0194113|-15|-56|CG0194114|-14|-59|CG0194114|-14|-59|CG0194115|-12|-45|CG0194115|-12|-45
442|1|6|2000|19|CG0194107|-29|-61|CG0194108|-29|-65|CG0194109|-16|-65|CG0194133|-15|-61|CG0194134|-15|-61|CG0194133|-15|-61|CG0194134|-15|-61|CG0194135|-15|-57|CG0194135|-15|-57|CG0194113|-15|-56|CG0194114|-14|-59|CG0194115|-12|-45|CG0194115|-12|-45|CG0194140|-19|-51|CG0194141|-17|-46|CG0194142|-21|-47|CG0194143|-19|-46|CG0194143|-19|-46|CG0194116|-19|-52
442|1|7|986|7|CG0252897|-23|-72|CG0252898|-22|-72|CG0252899|-20|-72|CG0252885|-11|-60|CG0252886|-22|-70|CG0252886|-22|-70|CG0252887|-22|-73
442|1|8|1000|2|CG0194130|-24|-48|CG0194131|-23|-28
442|1|9|1000|1|CG0194132|-15|-43
442|1|10|1500|13|CG0194122|-23|-57|CG0194123|-16|-56|CG0194123|-16|-56|CG0194124|-16|-52|CG0194124|-16|-52|CG0194125|-16|-38|CG0194125|-16|-38|CG0194126|-16|-40|CG0194127|-16|-43|CG0194128|-16|-38|CG0194128|-16|-38|CG0194129|-16|-39|CG0194129|-16|-39
442|2|0|9000|57|CG0194179|-29|-48|CG0194180|-30|-50|CG0194181|-30|-52|CG0194182|-30|-52|CG0194183|-36|-52|CG0194182|-30|-52|CG0194181|-30|-52|CG0194180|-30|-50|CG0194179|-29|-48|CG0194180|-30|-50|CG0194181|-30|-52|CG0194182|-30|-52|CG0194183|-36|-52|CG0194182|-30|-52|CG0194181|-30|-52|CG0194180|-30|-50|CG0194179|-29|-48|CG0194180|-30|-50|CG0194181|-30|-52|CG0194182|-30|-52|CG0194183|-36|-52|CG0194182|-30|-52|CG0194181|-30|-52|CG0194180|-30|-50|CG0194179|-29|-48|CG0194180|-30|-50|CG0194181|-30|-52|CG0194182|-30|-52|CG0194183|-36|-52|CG0194182|-30|-52|CG0194181|-30|-52|CG0194180|-30|-50|CG0194179|-29|-48|CG0194180|-30|-50|CG0194181|-30|-52|CG0194182|-30|-52|CG0194183|-36|-52|CG0194182|-30|-52|CG0194181|-30|-52|CG0194180|-30|-50|CG0194179|-29|-48|CG0194180|-30|-50|CG0194181|-30|-52|CG0194182|-30|-52|CG0194183|-36|-52|CG0194182|-30|-52|CG0194181|-30|-52|CG0194159|-34|-50|CG0194184|-31|-48|CG0194185|-30|-50|CG0194185|-30|-50|CG0194186|-31|-46|CG0194186|-31|-46|CG0194184|-31|-48|CG0194184|-31|-48|CG0194181|-30|-52|CG0194180|-30|-50
442|2|1|650|8|CG0194187|-33|-50|CG0194187|-33|-50|CG0194188|-36|-50|CG0194189|-26|-48|CG0194190|-21|-48|CG0194190|-21|-48|CG0194191|-26|-48|CG0194192|-30|-49
442|2|2|800|5|CG0194184|-31|-48|CG0194185|-30|-50|CG0194185|-30|-50|CG0194186|-31|-46|CG0194186|-31|-46
442|2|3|250|7|CG0194161|-31|-64|CG0194162|-35|-66|CG0194163|-32|-71|CG0194164|-30|-59|CG0194159|-34|-50|CG0194160|-36|-43|CG0194160|-36|-43
442|2|4|100|1|CG0196424|-14|-57
442|2|5|1200|25|CG0194150|-34|-60|CG0194150|-34|-60|CG0194151|-23|-63|CG0194151|-23|-63|CG0194152|-9|-63|CG0194152|-9|-63|CG0194153|-12|-40|CG0194153|-12|-40|CG0194153|-12|-40|CG0194153|-12|-40|CG0194154|-12|-51|CG0194154|-12|-51|CG0194155|-10|-57|CG0194155|-10|-57|CG0194155|-10|-57|CG0194154|-12|-51|CG0194154|-12|-51|CG0194153|-12|-40|CG0194153|-12|-40|CG0194156|-8|-51|CG0194156|-8|-51|CG0194157|-14|-60|CG0194157|-14|-60|CG0194158|-24|-46|CG0194158|-24|-46
442|2|6|2000|19|CG0194150|-34|-60|CG0194151|-23|-63|CG0194152|-9|-63|CG0194176|-15|-55|CG0194177|-14|-56|CG0194176|-15|-55|CG0194177|-14|-56|CG0194178|-12|-53|CG0194178|-12|-53|CG0194156|-8|-51|CG0194157|-14|-60|CG0194158|-24|-46|CG0194158|-24|-46|CG0194183|-36|-52|CG0194184|-31|-48|CG0194185|-30|-50|CG0194186|-31|-46|CG0194186|-31|-46|CG0194159|-34|-50
442|2|7|986|7|CG0252919|-18|-72|CG0252920|-13|-72|CG0252921|-10|-71|CG0252907|-29|-60|CG0252908|-24|-70|CG0252908|-24|-70|CG0252909|-26|-71
442|2|8|1000|2|CG0194173|-42|-48|CG0194174|-55|-34
442|2|9|1000|1|CG0194175|-32|-42
442|2|10|1500|13|CG0194165|-34|-55|CG0194166|-29|-55|CG0194166|-29|-55|CG0194167|-30|-51|CG0194167|-30|-51|CG0194168|-29|-38|CG0194168|-29|-38|CG0194169|-32|-38|CG0194170|-29|-41|CG0194171|-30|-36|CG0194171|-30|-36|CG0194172|-32|-37|CG0194172|-32|-37
442|3|0|9000|57|CG0194222|-41|-44|CG0194223|-38|-46|CG0194224|-39|-49|CG0194225|-34|-50|CG0194226|-39|-50|CG0194225|-34|-50|CG0194224|-39|-49|CG0194223|-38|-46|CG0194222|-41|-44|CG0194223|-38|-46|CG0194224|-39|-49|CG0194225|-34|-50|CG0194226|-39|-50|CG0194225|-34|-50|CG0194224|-39|-49|CG0194223|-38|-46|CG0194222|-41|-44|CG0194223|-38|-46|CG0194224|-39|-49|CG0194225|-34|-50|CG0194226|-39|-50|CG0194225|-34|-50|CG0194224|-39|-49|CG0194223|-38|-46|CG0194222|-41|-44|CG0194223|-38|-46|CG0194224|-39|-49|CG0194225|-34|-50|CG0194226|-39|-50|CG0194225|-34|-50|CG0194224|-39|-49|CG0194223|-38|-46|CG0194222|-41|-44|CG0194223|-38|-46|CG0194224|-39|-49|CG0194225|-34|-50|CG0194226|-39|-50|CG0194225|-34|-50|CG0194224|-39|-49|CG0194223|-38|-46|CG0194222|-41|-44|CG0194223|-38|-46|CG0194224|-39|-49|CG0194225|-34|-50|CG0194226|-39|-50|CG0194225|-34|-50|CG0194224|-39|-49|CG0194202|-47|-45|CG0194227|-41|-50|CG0194228|-40|-54|CG0194228|-40|-54|CG0194229|-42|-49|CG0194229|-42|-49|CG0194227|-41|-50|CG0194227|-41|-50|CG0194224|-39|-49|CG0194223|-38|-46
442|3|1|650|8|CG0194230|-35|-49|CG0194230|-35|-49|CG0194231|-35|-49|CG0194232|-35|-47|CG0194233|-36|-47|CG0194233|-36|-47|CG0194234|-35|-46|CG0194235|-36|-47
442|3|2|800|5|CG0194227|-41|-50|CG0194228|-40|-54|CG0194228|-40|-54|CG0194229|-42|-49|CG0194229|-42|-49
442|3|3|250|7|CG0194204|-43|-66|CG0194205|-44|-68|CG0194206|-44|-70|CG0194207|-40|-54|CG0194202|-47|-45|CG0194203|-49|-42|CG0194203|-49|-42
442|3|4|100|1|CG0196464|-10|-51
442|3|5|1200|25|CG0194193|-23|-58|CG0194193|-23|-58|CG0194194|-9|-60|CG0194194|-9|-60|CG0194195|-10|-55|CG0194195|-10|-55|CG0194196|-10|-38|CG0194196|-10|-38|CG0194196|-10|-38|CG0194196|-10|-38|CG0194197|-9|-37|CG0194197|-9|-37|CG0194198|-8|-42|CG0194198|-8|-42|CG0194198|-8|-42|CG0194197|-9|-37|CG0194197|-9|-37|CG0194196|-10|-38|CG0194196|-10|-38|CG0194199|-8|-49|CG0194199|-8|-49|CG0194200|-18|-61|CG0194200|-18|-61|CG0194201|-37|-49|CG0194201|-37|-49
442|3|6|2000|19|CG0194193|-23|-58|CG0194194|-9|-60|CG0194195|-10|-55|CG0194219|-16|-46|CG0194220|-14|-43|CG0194219|-16|-46|CG0194220|-14|-43|CG0194221|-9|-39|CG0194221|-9|-39|CG0194199|-8|-49|CG0194200|-18|-61|CG0194201|-37|-49|CG0194201|-37|-49|CG0194226|-39|-50|CG0194227|-41|-50|CG0194228|-40|-54|CG0194229|-42|-49|CG0194229|-42|-49|CG0194202|-47|-45
442|3|7|986|7|CG0252941|-14|-72|CG0252942|-12|-72|CG0252943|-14|-71|CG0252929|-40|-65|CG0252930|-29|-66|CG0252930|-29|-66|CG0252931|-21|-69
442|3|8|1000|2|CG0194216|-38|-47|CG0194217|-62|-45
442|3|9|1000|1|CG0194218|-44|-40
442|3|10|1500|13|CG0194208|-26|-51|CG0194209|-29|-52|CG0194209|-29|-52|CG0194210|-38|-50|CG0194210|-38|-50|CG0194211|-39|-39|CG0194211|-39|-39|CG0194212|-44|-42|CG0194213|-40|-39|CG0194214|-42|-31|CG0194214|-42|-31|CG0194215|-43|-30|CG0194215|-43|-30
442|4|0|9000|57|CG0194265|-35|-42|CG0194266|-33|-44|CG0194267|-29|-48|CG0194268|-27|-45|CG0194269|-26|-45|CG0194268|-27|-45|CG0194267|-29|-48|CG0194266|-33|-44|CG0194265|-35|-42|CG0194266|-33|-44|CG0194267|-29|-48|CG0194268|-27|-45|CG0194269|-26|-45|CG0194268|-27|-45|CG0194267|-29|-48|CG0194266|-33|-44|CG0194265|-35|-42|CG0194266|-33|-44|CG0194267|-29|-48|CG0194268|-27|-45|CG0194269|-26|-45|CG0194268|-27|-45|CG0194267|-29|-48|CG0194266|-33|-44|CG0194265|-35|-42|CG0194266|-33|-44|CG0194267|-29|-48|CG0194268|-27|-45|CG0194269|-26|-45|CG0194268|-27|-45|CG0194267|-29|-48|CG0194266|-33|-44|CG0194265|-35|-42|CG0194266|-33|-44|CG0194267|-29|-48|CG0194268|-27|-45|CG0194269|-26|-45|CG0194268|-27|-45|CG0194267|-29|-48|CG0194266|-33|-44|CG0194265|-35|-42|CG0194266|-33|-44|CG0194267|-29|-48|CG0194268|-27|-45|CG0194269|-26|-45|CG0194268|-27|-45|CG0194267|-29|-48|CG0194245|-33|-50|CG0194270|-30|-50|CG0194271|-27|-58|CG0194271|-27|-58|CG0194272|-29|-52|CG0194272|-29|-52|CG0194270|-30|-50|CG0194270|-30|-50|CG0194267|-29|-48|CG0194266|-33|-44
442|4|1|650|8|CG0194273|-27|-47|CG0194273|-27|-47|CG0194274|-26|-46|CG0194275|-29|-44|CG0194276|-32|-46|CG0194276|-32|-46|CG0194277|-33|-44|CG0194278|-25|-45
442|4|2|800|5|CG0194270|-30|-50|CG0194271|-27|-58|CG0194271|-27|-58|CG0194272|-29|-52|CG0194272|-29|-52
442|4|3|250|7|CG0194247|-30|-66|CG0194248|-35|-69|CG0194249|-31|-67|CG0194250|-28|-55|CG0194245|-33|-50|CG0194246|-34|-41|CG0194246|-34|-41
442|4|4|100|1|CG0196504|-21|-46
442|4|5|1200|25|CG0194236|-15|-54|CG0194236|-15|-54|CG0194237|-14|-56|CG0194237|-14|-56|CG0194238|-9|-52|CG0194238|-9|-52|CG0194239|-15|-40|CG0194239|-15|-40|CG0194239|-15|-40|CG0194239|-15|-40|CG0194240|-16|-38|CG0194240|-16|-38|CG0194241|-17|-37|CG0194241|-17|-37|CG0194241|-17|-37|CG0194240|-16|-38|CG0194240|-16|-38|CG0194239|-15|-40|CG0194239|-15|-40|CG0194242|-16|-50|CG0194242|-16|-50|CG0194243|-26|-62|CG0194243|-26|-62|CG0194244|-44|-50|CG0194244|-44|-50
442|4|6|2000|19|CG0194236|-15|-54|CG0194237|-14|-56|CG0194238|-9|-52|CG0194262|-21|-37|CG0194263|-19|-38|CG0194262|-21|-37|CG0194263|-19|-38|CG0194264|-16|-38|CG0194264|-16|-38|CG0194242|-16|-50|CG0194243|-26|-62|CG0194244|-44|-50|CG0194244|-44|-50|CG0194269|-26|-45|CG0194270|-30|-50|CG0194271|-27|-58|CG0194272|-29|-52|CG0194272|-29|-52|CG0194245|-33|-50
442|4|7|986|7|CG0252963|-19|-74|CG0252964|-19|-72|CG0252965|-19|-71|CG0252951|-35|-72|CG0252952|-24|-57|CG0252952|-24|-57|CG0252953|-21|-66
442|4|8|1000|2|CG0194259|-40|-45|CG0194260|-53|-60
442|4|9|1000|1|CG0194261|-31|-36
442|4|10|1500|13|CG0194251|-34|-46|CG0194252|-28|-49|CG0194252|-28|-49|CG0194253|-27|-47|CG0194253|-27|-47|CG0194254|-27|-40|CG0194254|-27|-40|CG0194255|-30|-42|CG0194256|-28|-39|CG0194257|-29|-34|CG0194257|-29|-34|CG0194258|-30|-26|CG0194258|-30|-26
442|5|0|9000|57|CG0194308|-21|-43|CG0194309|-19|-49|CG0194310|-16|-53|CG0194311|-15|-47|CG0194312|-14|-42|CG0194311|-15|-47|CG0194310|-16|-53|CG0194309|-19|-49|CG0194308|-21|-43|CG0194309|-19|-49|CG0194310|-16|-53|CG0194311|-15|-47|CG0194312|-14|-42|CG0194311|-15|-47|CG0194310|-16|-53|CG0194309|-19|-49|CG0194308|-21|-43|CG0194309|-19|-49|CG0194310|-16|-53|CG0194311|-15|-47|CG0194312|-14|-42|CG0194311|-15|-47|CG0194310|-16|-53|CG0194309|-19|-49|CG0194308|-21|-43|CG0194309|-19|-49|CG0194310|-16|-53|CG0194311|-15|-47|CG0194312|-14|-42|CG0194311|-15|-47|CG0194310|-16|-53|CG0194309|-19|-49|CG0194308|-21|-43|CG0194309|-19|-49|CG0194310|-16|-53|CG0194311|-15|-47|CG0194312|-14|-42|CG0194311|-15|-47|CG0194310|-16|-53|CG0194309|-19|-49|CG0194308|-21|-43|CG0194309|-19|-49|CG0194310|-16|-53|CG0194311|-15|-47|CG0194312|-14|-42|CG0194311|-15|-47|CG0194310|-16|-53|CG0194288|-18|-47|CG0194313|-16|-49|CG0194314|-15|-57|CG0194314|-15|-57|CG0194315|-15|-52|CG0194315|-15|-52|CG0194313|-16|-49|CG0194313|-16|-49|CG0194310|-16|-53|CG0194309|-19|-49
442|5|1|650|8|CG0194316|-15|-46|CG0194316|-15|-46|CG0194317|-17|-46|CG0194318|-16|-46|CG0194319|-18|-47|CG0194319|-18|-47|CG0194320|-15|-46|CG0194321|-15|-46
442|5|2|800|5|CG0194313|-16|-49|CG0194314|-15|-57|CG0194314|-15|-57|CG0194315|-15|-52|CG0194315|-15|-52
442|5|3|250|7|CG0194290|-19|-64|CG0194291|-17|-68|CG0194292|-17|-65|CG0194293|-19|-51|CG0194288|-18|-47|CG0194289|-16|-43|CG0194289|-16|-43
442|5|4|100|1|CG0196544|-24|-45
442|5|5|1200|25|CG0194279|-15|-54|CG0194279|-15|-54|CG0194280|-21|-59|CG0194280|-21|-59|CG0194281|-13|-52|CG0194281|-13|-52|CG0194282|-22|-42|CG0194282|-22|-42|CG0194282|-22|-42|CG0194282|-22|-42|CG0194283|-19|-41|CG0194283|-19|-41|CG0194284|-22|-41|CG0194284|-22|-41|CG0194284|-22|-41|CG0194283|-19|-41|CG0194283|-19|-41|CG0194282|-22|-42|CG0194282|-22|-42|CG0194285|-21|-53|CG0194285|-21|-53|CG0194286|-31|-61|CG0194286|-31|-61|CG0194287|-35|-49|CG0194287|-35|-49
442|5|6|2000|19|CG0194279|-15|-54|CG0194280|-21|-59|CG0194281|-13|-52|CG0194305|-19|-41|CG0194306|-19|-41|CG0194305|-19|-41|CG0194306|-19|-41|CG0194307|-19|-41|CG0194307|-19|-41|CG0194285|-21|-53|CG0194286|-31|-61|CG0194287|-35|-49|CG0194287|-35|-49|CG0194312|-14|-42|CG0194313|-16|-49|CG0194314|-15|-57|CG0194315|-15|-52|CG0194315|-15|-52|CG0194288|-18|-47
442|5|7|986|7|CG0252985|-23|-73|CG0252986|-21|-72|CG0252987|-19|-71|CG0252973|-17|-76|CG0252974|-10|-50|CG0252974|-10|-50|CG0252975|-26|-63
442|5|8|1000|2|CG0194302|-22|-45|CG0194303|-19|-70
442|5|9|1000|1|CG0194304|-15|-35
442|5|10|1500|13|CG0194294|-22|-46|CG0194295|-15|-48|CG0194295|-15|-48|CG0194296|-15|-51|CG0194296|-15|-51|CG0194297|-14|-46|CG0194297|-14|-46|CG0194298|-14|-42|CG0194299|-16|-40|CG0194300|-14|-33|CG0194300|-14|-33|CG0194301|-15|-27|CG0194301|-15|-27
442|6|0|9000|57|CG0194351|-22|-45|CG0194352|-20|-47|CG0194353|-19|-48|CG0194354|-18|-44|CG0194355|-17|-42|CG0194354|-18|-44|CG0194353|-19|-48|CG0194352|-20|-47|CG0194351|-22|-45|CG0194352|-20|-47|CG0194353|-19|-48|CG0194354|-18|-44|CG0194355|-17|-42|CG0194354|-18|-44|CG0194353|-19|-48|CG0194352|-20|-47|CG0194351|-22|-45|CG0194352|-20|-47|CG0194353|-19|-48|CG0194354|-18|-44|CG0194355|-17|-42|CG0194354|-18|-44|CG0194353|-19|-48|CG0194352|-20|-47|CG0194351|-22|-45|CG0194352|-20|-47|CG0194353|-19|-48|CG0194354|-18|-44|CG0194355|-17|-42|CG0194354|-18|-44|CG0194353|-19|-48|CG0194352|-20|-47|CG0194351|-22|-45|CG0194352|-20|-47|CG0194353|-19|-48|CG0194354|-18|-44|CG0194355|-17|-42|CG0194354|-18|-44|CG0194353|-19|-48|CG0194352|-20|-47|CG0194351|-22|-45|CG0194352|-20|-47|CG0194353|-19|-48|CG0194354|-18|-44|CG0194355|-17|-42|CG0194354|-18|-44|CG0194353|-19|-48|CG0194331|-21|-49|CG0194356|-17|-49|CG0194357|-14|-55|CG0194357|-14|-55|CG0194358|-21|-52|CG0194358|-21|-52|CG0194356|-17|-49|CG0194356|-17|-49|CG0194353|-19|-48|CG0194352|-20|-47
442|6|1|650|8|CG0194359|-18|-46|CG0194359|-18|-46|CG0194360|-20|-45|CG0194361|-19|-45|CG0194362|-17|-47|CG0194362|-17|-47|CG0194363|-18|-46|CG0194364|-17|-45
442|6|2|800|5|CG0194356|-17|-49|CG0194357|-14|-55|CG0194357|-14|-55|CG0194358|-21|-52|CG0194358|-21|-52
442|6|3|250|7|CG0194333|-13|-66|CG0194334|-15|-69|CG0194335|-22|-67|CG0194336|-24|-55|CG0194331|-21|-49|CG0194332|-14|-41|CG0194332|-14|-41
442|6|4|100|1|CG0196584|-20|-48
442|6|5|1200|25|CG0194322|-25|-56|CG0194322|-25|-56|CG0194323|-27|-64|CG0194323|-27|-64|CG0194324|-34|-53|CG0194324|-34|-53|CG0194325|-54|-43|CG0194325|-54|-43|CG0194325|-54|-43|CG0194325|-54|-43|CG0194326|-49|-43|CG0194326|-49|-43|CG0194327|-28|-44|CG0194327|-28|-44|CG0194327|-28|-44|CG0194326|-49|-43|CG0194326|-49|-43|CG0194325|-54|-43|CG0194325|-54|-43|CG0194328|-36|-57|CG0194328|-36|-57|CG0194329|-31|-60|CG0194329|-31|-60|CG0194330|-13|-50|CG0194330|-13|-50
442|6|6|2000|19|CG0194322|-25|-56|CG0194323|-27|-64|CG0194324|-34|-53|CG0194348|-35|-42|CG0194349|-35|-43|CG0194348|-35|-42|CG0194349|-35|-43|CG0194350|-37|-43|CG0194350|-37|-43|CG0194328|-36|-57|CG0194329|-31|-60|CG0194330|-13|-50|CG0194330|-13|-50|CG0194355|-17|-42|CG0194356|-17|-49|CG0194357|-14|-55|CG0194358|-21|-52|CG0194358|-21|-52|CG0194331|-21|-49
442|6|7|986|7|CG0253007|-18|-74|CG0253008|-17|-73|CG0253009|-17|-73|CG0252995|-16|-77|CG0252996|-27|-48|CG0252996|-27|-48|CG0252997|-32|-63
442|6|8|1000|2|CG0194345|-18|-45|CG0194346|-1|-63
442|6|9|1000|1|CG0194347|-18|-36
442|6|10|1500|13|CG0194337|-23|-46|CG0194338|-21|-49|CG0194338|-21|-49|CG0194339|-26|-47|CG0194339|-26|-47|CG0194340|-23|-40|CG0194340|-23|-40|CG0194341|-27|-41|CG0194342|-24|-38|CG0194343|-24|-30|CG0194343|-24|-30|CG0194344|-24|-24|CG0194344|-24|-24
442|7|0|9000|57|CG0194394|-24|-50|CG0194395|-24|-50|CG0194396|-24|-49|CG0194397|-25|-46|CG0194398|-26|-44|CG0194397|-25|-46|CG0194396|-24|-49|CG0194395|-24|-50|CG0194394|-24|-50|CG0194395|-24|-50|CG0194396|-24|-49|CG0194397|-25|-46|CG0194398|-26|-44|CG0194397|-25|-46|CG0194396|-24|-49|CG0194395|-24|-50|CG0194394|-24|-50|CG0194395|-24|-50|CG0194396|-24|-49|CG0194397|-25|-46|CG0194398|-26|-44|CG0194397|-25|-46|CG0194396|-24|-49|CG0194395|-24|-50|CG0194394|-24|-50|CG0194395|-24|-50|CG0194396|-24|-49|CG0194397|-25|-46|CG0194398|-26|-44|CG0194397|-25|-46|CG0194396|-24|-49|CG0194395|-24|-50|CG0194394|-24|-50|CG0194395|-24|-50|CG0194396|-24|-49|CG0194397|-25|-46|CG0194398|-26|-44|CG0194397|-25|-46|CG0194396|-24|-49|CG0194395|-24|-50|CG0194394|-24|-50|CG0194395|-24|-50|CG0194396|-24|-49|CG0194397|-25|-46|CG0194398|-26|-44|CG0194397|-25|-46|CG0194396|-24|-49|CG0194374|-25|-45|CG0194399|-20|-48|CG0194400|-15|-52|CG0194400|-15|-52|CG0194401|-18|-51|CG0194401|-18|-51|CG0194399|-20|-48|CG0194399|-20|-48|CG0194396|-24|-49|CG0194395|-24|-50
442|7|1|650|8|CG0194402|-21|-47|CG0194402|-21|-47|CG0194403|-22|-47|CG0194404|-22|-47|CG0194405|-22|-49|CG0194405|-22|-49|CG0194406|-22|-49|CG0194407|-22|-47
442|7|2|800|5|CG0194399|-20|-48|CG0194400|-15|-52|CG0194400|-15|-52|CG0194401|-18|-51|CG0194401|-18|-51
442|7|3|250|7|CG0194376|-16|-66|CG0194377|-18|-68|CG0194378|-25|-70|CG0194379|-31|-54|CG0194374|-25|-45|CG0194375|-16|-42|CG0194375|-16|-42
442|7|4|100|1|CG0196624|-25|-51
442|7|5|1200|25|CG0194365|-24|-58|CG0194365|-24|-58|CG0194366|-26|-67|CG0194366|-26|-67|CG0194367|-48|-56|CG0194367|-48|-56|CG0194368|-54|-43|CG0194368|-54|-43|CG0194368|-54|-43|CG0194368|-54|-43|CG0194369|-67|-44|CG0194369|-67|-44|CG0194370|-55|-45|CG0194370|-55|-45|CG0194370|-55|-45|CG0194369|-67|-44|CG0194369|-67|-44|CG0194368|-54|-43|CG0194368|-54|-43|CG0194371|-38|-59|CG0194371|-38|-59|CG0194372|-24|-60|CG0194372|-24|-60|CG0194373|-14|-49|CG0194373|-14|-49
442|7|6|2000|19|CG0194365|-24|-58|CG0194366|-26|-67|CG0194367|-48|-56|CG0194391|-38|-52|CG0194392|-39|-43|CG0194391|-38|-52|CG0194392|-39|-43|CG0194393|-47|-44|CG0194393|-47|-44|CG0194371|-38|-59|CG0194372|-24|-60|CG0194373|-14|-49|CG0194373|-14|-49|CG0194398|-26|-44|CG0194399|-20|-48|CG0194400|-15|-52|CG0194401|-18|-51|CG0194401|-18|-51|CG0194374|-25|-45
442|7|7|986|7|CG0253029|-18|-74|CG0253030|-18|-74|CG0253031|-18|-74|CG0253017|-21|-72|CG0253018|-41|-54|CG0253018|-41|-54|CG0253019|-24|-67
442|7|8|1000|2|CG0194388|-16|-46|CG0194389|12|-47
442|7|9|1000|1|CG0194390|-21|-40
442|7|10|1500|13|CG0194380|-30|-51|CG0194381|-27|-52|CG0194381|-27|-52|CG0194382|-26|-50|CG0194382|-26|-50|CG0194383|-26|-40|CG0194383|-26|-40|CG0194384|-33|-40|CG0194385|-29|-36|CG0194386|-28|-31|CG0194386|-28|-31|CG0194387|-29|-30|CG0194387|-29|-30
