435|0|0|2000|6|CG0191615|-32|-82|CG0191616|-32|-82|CG0191617|-33|-82|CG0191618|-36|-81|CG0191619|-37|-81|CG0191620|-34|-82
435|0|1|1000|6|CG0191621|-53|-78|CG0191622|-50|-78|CG0191623|-43|-78|CG0191624|-44|-79|CG0191625|-48|-79|CG0191626|-56|-78
435|0|2|400|1|CG0192278|-21|-43
435|0|3|400|6|CG0191592|-62|-79|CG0191593|-60|-80|CG0191594|-56|-76|CG0191595|-53|-75|CG0191596|-57|-76|CG0191597|-61|-74
435|0|4|100|1|CG0196344|-27|-55
435|0|5|1000|22|CG0191584|-45|-86|CG0191584|-45|-86|CG0191584|-45|-86|CG0191584|-45|-86|CG0191585|-53|-79|CG0191585|-53|-79|CG0191585|-53|-79|CG0191586|-65|-75|CG0191586|-65|-75|CG0191587|-98|-96|CG0191587|-98|-96|CG0191588|-95|-110|CG0191588|-95|-110|CG0191589|-97|-128|CG0191589|-97|-128|CG0191590|-77|-107|CG0191590|-77|-107|CG0191590|-77|-107|CG0191590|-77|-107|CG0191591|-44|-71|CG0191591|-44|-71|CG0191591|-44|-71
435|0|6|2000|18|CG0191607|-49|-81|CG0191608|-62|-93|CG0191609|-26|-107|CG0191610|-26|-110|CG0191609|-26|-107|CG0191610|-26|-110|CG0191609|-26|-107|CG0191610|-26|-110|CG0191609|-26|-107|CG0191610|-26|-110|CG0191609|-26|-107|CG0191610|-26|-110|CG0191611|-30|-109|CG0191611|-30|-109|CG0191612|-55|-80|CG0191613|-44|-80|CG0191614|-41|-82|CG0191614|-41|-82
435|0|7|986|7|CG0252875|-18|-73|CG0252876|-22|-73|CG0252877|-23|-73|CG0252863|-17|-64|CG0252864|-34|-63|CG0252864|-34|-63|CG0252865|-22|-71
435|0|8|1000|2|CG0191604|-48|-83|CG0191605|-42|-84
435|0|9|1000|1|CG0191606|-50|-74
435|0|10|1000|6|CG0191598|-43|-82|CG0191599|-44|-82|CG0191600|-45|-89|CG0191601|-52|-94|CG0191602|-67|-70|CG0191603|-67|-67
435|1|0|2000|6|CG0191658|-34|-80|CG0191659|-34|-80|CG0191660|-34|-80|CG0191661|-34|-80|CG0191662|-34|-80|CG0191663|-34|-80
435|1|1|1000|6|CG0191664|-33|-79|CG0191665|-33|-80|CG0191666|-34|-81|CG0191667|-36|-79|CG0191668|-39|-80|CG0191669|-38|-81
435|1|2|400|1|CG0192324|-16|-42
435|1|3|400|6|CG0191635|-37|-81|CG0191636|-37|-83|CG0191637|-37|-80|CG0191638|-44|-78|CG0191639|-44|-78|CG0191640|-40|-75
435|1|4|100|1|CG0196384|-26|-58
435|1|5|1000|22|CG0191627|-36|-89|CG0191627|-36|-89|CG0191627|-36|-89|CG0191627|-36|-89|CG0191628|-34|-86|CG0191628|-34|-86|CG0191628|-34|-86|CG0191629|-35|-81|CG0191629|-35|-81|CG0191630|-33|-105|CG0191630|-33|-105|CG0191631|-32|-121|CG0191631|-32|-121|CG0191632|-39|-139|CG0191632|-39|-139|CG0191633|-49|-113|CG0191633|-49|-113|CG0191633|-49|-113|CG0191633|-49|-113|CG0191634|-40|-73|CG0191634|-40|-73|CG0191634|-40|-73
435|1|6|2000|18|CG0191650|-43|-81|CG0191651|-51|-85|CG0191652|-64|-94|CG0191653|-64|-96|CG0191652|-64|-94|CG0191653|-64|-96|CG0191652|-64|-94|CG0191653|-64|-96|CG0191652|-64|-94|CG0191653|-64|-96|CG0191652|-64|-94|CG0191653|-64|-96|CG0191654|-52|-95|CG0191654|-52|-95|CG0191655|-34|-85|CG0191656|-34|-84|CG0191657|-34|-83|CG0191657|-34|-83
435|1|7|986|7|CG0252897|-23|-72|CG0252898|-22|-72|CG0252899|-20|-72|CG0252885|-11|-60|CG0252886|-22|-70|CG0252886|-22|-70|CG0252887|-22|-73
435|1|8|1000|2|CG0191647|-48|-85|CG0191648|-50|-86
435|1|9|1000|1|CG0191649|-40|-76
435|1|10|1000|6|CG0191641|-34|-81|CG0191642|-35|-85|CG0191643|-36|-96|CG0191644|-49|-103|CG0191645|-46|-76|CG0191646|-41|-76
435|2|0|2000|6|CG0191701|-39|-81|CG0191702|-39|-81|CG0191703|-39|-82|CG0191704|-39|-82|CG0191705|-39|-82|CG0191706|-39|-81
435|2|1|1000|6|CG0191707|-47|-80|CG0191708|-45|-80|CG0191709|-39|-79|CG0191710|-29|-77|CG0191711|-32|-77|CG0191712|-40|-79
435|2|2|400|1|CG0192370|-29|-43
435|2|3|400|6|CG0191678|-51|-80|CG0191679|-35|-81|CG0191680|-23|-75|CG0191681|-22|-73|CG0191682|-40|-75|CG0191683|-53|-74
435|2|4|100|1|CG0196424|-14|-57
435|2|5|1000|22|CG0191670|-35|-86|CG0191670|-35|-86|CG0191670|-35|-86|CG0191670|-35|-86|CG0191671|-31|-79|CG0191671|-31|-79|CG0191671|-31|-79|CG0191672|-7|-75|CG0191672|-7|-75|CG0191673|24|-97|CG0191673|24|-97|CG0191674|27|-111|CG0191674|27|-111|CG0191675|23|-127|CG0191675|23|-127|CG0191676|-5|-107|CG0191676|-5|-107|CG0191676|-5|-107|CG0191676|-5|-107|CG0191677|-36|-71|CG0191677|-36|-71|CG0191677|-36|-71
435|2|6|2000|18|CG0191693|-38|-81|CG0191694|-38|-97|CG0191695|-67|-114|CG0191696|-68|-115|CG0191695|-67|-114|CG0191696|-68|-115|CG0191695|-67|-114|CG0191696|-68|-115|CG0191695|-67|-114|CG0191696|-68|-115|CG0191695|-67|-114|CG0191696|-68|-115|CG0191697|-52|-110|CG0191697|-52|-110|CG0191698|-38|-80|CG0191699|-39|-80|CG0191700|-39|-82|CG0191700|-39|-82
435|2|7|986|7|CG0252919|-18|-72|CG0252920|-13|-72|CG0252921|-10|-71|CG0252907|-29|-60|CG0252908|-24|-70|CG0252908|-24|-70|CG0252909|-26|-71
435|2|8|1000|2|CG0191690|-43|-86|CG0191691|-48|-85
435|2|9|1000|1|CG0191692|-33|-74
435|2|10|1000|6|CG0191684|-38|-81|CG0191685|-37|-82|CG0191686|-36|-89|CG0191687|-33|-94|CG0191688|-41|-70|CG0191689|-42|-67
435|3|0|2000|6|CG0191744|-28|-80|CG0191745|-28|-81|CG0191746|-28|-81|CG0191747|-28|-82|CG0191748|-28|-81|CG0191749|-28|-80
435|3|1|1000|6|CG0191750|-39|-76|CG0191751|-36|-76|CG0191752|-30|-73|CG0191753|-38|-71|CG0191754|-35|-71|CG0191755|-33|-73
435|3|2|400|1|CG0192416|-40|-39
435|3|3|400|6|CG0191721|-46|-75|CG0191722|-40|-74|CG0191723|-22|-66|CG0191724|-27|-65|CG0191725|-27|-68|CG0191726|-43|-71
435|3|4|100|1|CG0196464|-10|-51
435|3|5|1000|22|CG0191713|-24|-79|CG0191713|-24|-79|CG0191713|-24|-79|CG0191713|-24|-79|CG0191714|-18|-66|CG0191714|-18|-66|CG0191714|-18|-66|CG0191715|13|-66|CG0191715|13|-66|CG0191716|50|-69|CG0191716|50|-69|CG0191717|52|-86|CG0191717|52|-86|CG0191718|45|-104|CG0191718|45|-104|CG0191719|-2|-97|CG0191719|-2|-97|CG0191719|-2|-97|CG0191719|-2|-97|CG0191720|-28|-72|CG0191720|-28|-72|CG0191720|-28|-72
435|3|6|2000|18|CG0191736|-30|-79|CG0191737|-35|-100|CG0191738|-53|-131|CG0191739|-49|-131|CG0191738|-53|-131|CG0191739|-49|-131|CG0191738|-53|-131|CG0191739|-49|-131|CG0191738|-53|-131|CG0191739|-49|-131|CG0191738|-53|-131|CG0191739|-49|-131|CG0191740|-35|-122|CG0191740|-35|-122|CG0191741|-28|-73|CG0191742|-28|-75|CG0191743|-29|-80|CG0191743|-29|-80
435|3|7|986|7|CG0252941|-14|-72|CG0252942|-12|-72|CG0252943|-14|-71|CG0252929|-40|-65|CG0252930|-29|-66|CG0252930|-29|-66|CG0252931|-21|-69
435|3|8|1000|2|CG0191733|-36|-85|CG0191734|-44|-82
435|3|9|1000|1|CG0191735|-29|-68
435|3|10|1000|6|CG0191727|-28|-77|CG0191728|-27|-77|CG0191729|-24|-77|CG0191730|-13|-79|CG0191731|-29|-58|CG0191732|-32|-47
435|4|0|2000|6|CG0191787|-38|-81|CG0191788|-38|-82|CG0191789|-38|-82|CG0191790|-38|-81|CG0191791|-38|-81|CG0191792|-38|-80
435|4|1|1000|6|CG0191793|-27|-71|CG0191794|-28|-70|CG0191795|-34|-68|CG0191796|-44|-67|CG0191797|-42|-68|CG0191798|-42|-69
435|4|2|400|1|CG0192462|-28|-41
435|4|3|400|6|CG0191764|-52|-71|CG0191765|-48|-68|CG0191766|-34|-57|CG0191767|-24|-58|CG0191768|-24|-63|CG0191769|-40|-68
435|4|4|100|1|CG0196504|-21|-46
435|4|5|1000|22|CG0191756|-38|-73|CG0191756|-38|-73|CG0191756|-38|-73|CG0191756|-38|-73|CG0191757|-31|-54|CG0191757|-31|-54|CG0191757|-31|-54|CG0191758|-5|-52|CG0191758|-5|-52|CG0191759|28|-31|CG0191759|28|-31|CG0191760|30|-59|CG0191760|30|-59|CG0191761|24|-79|CG0191761|24|-79|CG0191762|-5|-86|CG0191762|-5|-86|CG0191762|-5|-86|CG0191762|-5|-86|CG0191763|-39|-72|CG0191763|-39|-72|CG0191763|-39|-72
435|4|6|2000|18|CG0191779|-38|-78|CG0191780|-38|-93|CG0191781|-76|-134|CG0191782|-74|-134|CG0191781|-76|-134|CG0191782|-74|-134|CG0191781|-76|-134|CG0191782|-74|-134|CG0191781|-76|-134|CG0191782|-74|-134|CG0191781|-76|-134|CG0191782|-74|-134|CG0191783|-58|-125|CG0191783|-58|-125|CG0191784|-38|-64|CG0191785|-38|-71|CG0191786|-39|-80|CG0191786|-39|-80
435|4|7|986|7|CG0252963|-19|-74|CG0252964|-19|-72|CG0252965|-19|-71|CG0252951|-35|-72|CG0252952|-24|-57|CG0252952|-24|-57|CG0252953|-21|-66
435|4|8|1000|2|CG0191776|-38|-84|CG0191777|-41|-88
435|4|9|1000|1|CG0191778|-34|-63
435|4|10|1000|6|CG0191770|-38|-74|CG0191771|-38|-72|CG0191772|-36|-72|CG0191773|-36|-67|CG0191774|-41|-43|CG0191775|-43|-32
435|5|0|2000|6|CG0191830|-34|-82|CG0191831|-34|-82|CG0191832|-34|-82|CG0191833|-34|-82|CG0191834|-34|-82|CG0191835|-34|-82
435|5|1|1000|6|CG0191836|-36|-68|CG0191837|-38|-67|CG0191838|-38|-66|CG0191839|-32|-67|CG0191840|-32|-67|CG0191841|-35|-66
435|5|2|400|1|CG0192508|-16|-41
435|5|3|400|6|CG0191807|-42|-70|CG0191808|-43|-65|CG0191809|-38|-55|CG0191810|-39|-56|CG0191811|-39|-62|CG0191812|-37|-67
435|5|4|100|1|CG0196544|-24|-45
435|5|5|1000|22|CG0191799|-36|-71|CG0191799|-36|-71|CG0191799|-36|-71|CG0191799|-36|-71|CG0191800|-33|-47|CG0191800|-33|-47|CG0191800|-33|-47|CG0191801|-34|-39|CG0191801|-34|-39|CG0191802|-35|-9|CG0191802|-35|-9|CG0191803|-36|-49|CG0191803|-36|-49|CG0191804|-44|-71|CG0191804|-44|-71|CG0191805|-56|-82|CG0191805|-56|-82|CG0191805|-56|-82|CG0191805|-56|-82|CG0191806|-42|-73|CG0191806|-42|-73|CG0191806|-42|-73
435|5|6|2000|18|CG0191822|-44|-78|CG0191823|-52|-93|CG0191824|-61|-125|CG0191825|-62|-125|CG0191824|-61|-125|CG0191825|-62|-125|CG0191824|-61|-125|CG0191825|-62|-125|CG0191824|-61|-125|CG0191825|-62|-125|CG0191824|-61|-125|CG0191825|-62|-125|CG0191826|-52|-117|CG0191826|-52|-117|CG0191827|-34|-62|CG0191828|-34|-70|CG0191829|-34|-80|CG0191829|-34|-80
435|5|7|986|7|CG0252985|-23|-73|CG0252986|-21|-72|CG0252987|-19|-71|CG0252973|-17|-76|CG0252974|-10|-50|CG0252974|-10|-50|CG0252975|-26|-63
435|5|8|1000|2|CG0191819|-39|-85|CG0191820|-44|-92
435|5|9|1000|1|CG0191821|-39|-62
435|5|10|1000|6|CG0191813|-35|-72|CG0191814|-37|-71|CG0191815|-39|-71|CG0191816|-51|-55|CG0191817|-45|-29|CG0191818|-43|-23
435|6|0|2000|6|CG0191873|-35|-82|CG0191874|-37|-82|CG0191875|-35|-82|CG0191876|-33|-82|CG0191877|-33|-82|CG0191878|-34|-82
435|6|1|1000|6|CG0191879|-43|-68|CG0191880|-52|-68|CG0191881|-63|-67|CG0191882|-57|-70|CG0191883|-48|-69|CG0191884|-42|-68
435|6|2|400|1|CG0192554|-21|-43
435|6|3|400|6|CG0191850|-58|-70|CG0191851|-67|-67|CG0191852|-67|-58|CG0191853|-52|-59|CG0191854|-45|-65|CG0191855|-47|-67
435|6|4|100|1|CG0196584|-20|-48
435|6|5|1000|22|CG0191842|-45|-73|CG0191842|-45|-73|CG0191842|-45|-73|CG0191842|-45|-73|CG0191843|-55|-54|CG0191843|-55|-54|CG0191843|-55|-54|CG0191844|-71|-52|CG0191844|-71|-52|CG0191845|-108|-30|CG0191845|-108|-30|CG0191846|-104|-59|CG0191846|-104|-59|CG0191847|-108|-79|CG0191847|-108|-79|CG0191848|-78|-86|CG0191848|-78|-86|CG0191848|-78|-86|CG0191848|-78|-86|CG0191849|-44|-72|CG0191849|-44|-72|CG0191849|-44|-72
435|6|6|2000|18|CG0191865|-48|-78|CG0191866|-63|-91|CG0191867|-25|-135|CG0191868|-25|-135|CG0191867|-25|-135|CG0191868|-25|-135|CG0191867|-25|-135|CG0191868|-25|-135|CG0191867|-25|-135|CG0191868|-25|-135|CG0191867|-25|-135|CG0191868|-25|-135|CG0191869|-31|-126|CG0191869|-31|-126|CG0191870|-52|-64|CG0191871|-46|-71|CG0191872|-41|-80|CG0191872|-41|-80
435|6|7|986|7|CG0253007|-18|-74|CG0253008|-17|-73|CG0253009|-17|-73|CG0252995|-16|-77|CG0252996|-27|-48|CG0252996|-27|-48|CG0252997|-32|-63
435|6|8|1000|2|CG0191862|-30|-84|CG0191863|-39|-89
435|6|9|1000|1|CG0191864|-48|-63
435|6|10|1000|6|CG0191856|-43|-73|CG0191857|-48|-72|CG0191858|-45|-73|CG0191859|-57|-68|CG0191860|-77|-44|CG0191861|-77|-31
435|7|0|2000|6|CG0191916|-46|-82|CG0191917|-46|-81|CG0191918|-46|-81|CG0191919|-46|-81|CG0191920|-46|-80|CG0191921|-46|-81
435|7|1|1000|6|CG0191922|-56|-72|CG0191923|-56|-73|CG0191924|-58|-72|CG0191925|-56|-75|CG0191926|-56|-75|CG0191927|-57|-73
435|7|2|400|1|CG0192600|-21|-39
435|7|3|400|6|CG0191893|-62|-74|CG0191894|-63|-73|CG0191895|-65|-67|CG0191896|-59|-67|CG0191897|-58|-70|CG0191898|-58|-70
435|7|4|100|1|CG0196624|-25|-51
435|7|5|1000|22|CG0191885|-57|-79|CG0191885|-57|-79|CG0191885|-57|-79|CG0191885|-57|-79|CG0191886|-63|-67|CG0191886|-63|-67|CG0191886|-63|-67|CG0191887|-85|-65|CG0191887|-85|-65|CG0191888|-124|-67|CG0191888|-124|-67|CG0191889|-123|-86|CG0191889|-123|-86|CG0191890|-123|-104|CG0191890|-123|-104|CG0191891|-81|-97|CG0191891|-81|-97|CG0191891|-81|-97|CG0191891|-81|-97|CG0191892|-48|-72|CG0191892|-48|-72|CG0191892|-48|-72
435|7|6|2000|18|CG0191908|-47|-79|CG0191909|-42|-97|CG0191910|-15|-128|CG0191911|-19|-129|CG0191910|-15|-128|CG0191911|-19|-129|CG0191910|-15|-128|CG0191911|-19|-129|CG0191910|-15|-128|CG0191911|-19|-129|CG0191910|-15|-128|CG0191911|-19|-129|CG0191912|-41|-122|CG0191912|-41|-122|CG0191913|-61|-73|CG0191914|-49|-75|CG0191915|-41|-80|CG0191915|-41|-80
435|7|7|986|7|CG0253029|-18|-74|CG0253030|-18|-74|CG0253031|-18|-74|CG0253017|-21|-72|CG0253018|-41|-54|CG0253018|-41|-54|CG0253019|-24|-67
435|7|8|1000|2|CG0191905|-36|-82|CG0191906|-25|-83
435|7|9|1000|1|CG0191907|-61|-68
435|7|10|1000|6|CG0191899|-55|-77|CG0191900|-64|-77|CG0191901|-56|-77|CG0191902|-75|-80|CG0191903|-100|-57|CG0191904|-100|-45
