426|0|0|3000|19|CG0188397|-29|-73|CG0188399|-29|-73|CG0188400|-29|-73|CG0188401|-29|-73|CG0188402|-29|-73|CG0188403|-29|-73|CG0188397|-29|-73|CG0188399|-29|-73|CG0188400|-29|-73|CG0188401|-29|-73|CG0188402|-29|-73|CG0188403|-29|-73|CG0188398|-29|-73|CG0188405|-29|-73|CG0188404|-29|-73|CG0188405|-29|-73|CG0188404|-29|-73|CG0188406|-29|-73|CG0188398|-29|-73
426|0|1|1000|6|CG0188407|-31|-73|CG0188408|-30|-76|CG0188409|-41|-74|CG0188410|-48|-73|CG0188411|-38|-75|CG0188412|-31|-74
426|0|2|400|1|CG0188372|-32|-70
426|0|3|500|6|CG0188372|-32|-70|CG0188373|-32|-77|CG0188374|-63|-83|CG0188375|-54|-69|CG0188376|-55|-62|CG0188377|-38|-64
426|0|4|100|1|CG0196344|-27|-55
426|0|5|1000|22|CG0188368|-22|-82|CG0188368|-22|-82|CG0188368|-22|-82|CG0188369|-41|-82|CG0188369|-41|-82|CG0188370|-18|-82|CG0188370|-18|-82|CG0188370|-18|-82|CG0188369|-41|-82|CG0188369|-41|-82|CG0188368|-22|-82|CG0188368|-22|-82|CG0188368|-22|-82|CG0188369|-41|-82|CG0188369|-41|-82|CG0188370|-18|-82|CG0188370|-18|-82|CG0188370|-18|-82|CG0188369|-41|-82|CG0188369|-41|-82|CG0188371|-37|-63|CG0188371|-37|-63
426|0|6|2000|19|CG0188391|-28|-70|CG0188392|-28|-70|CG0188393|-28|-69|CG0188393|-28|-69|CG0188393|-28|-69|CG0188393|-28|-69|CG0188393|-28|-69|CG0188393|-28|-69|CG0188393|-28|-69|CG0188393|-28|-69|CG0188393|-28|-69|CG0188393|-28|-69|CG0188393|-28|-69|CG0188393|-28|-69|CG0188393|-28|-69|CG0188393|-28|-69|CG0188394|-28|-69|CG0188395|-28|-69|CG0188396|-34|-70
426|0|7|986|7|CG0252875|-18|-73|CG0252876|-22|-73|CG0252877|-23|-73|CG0252863|-17|-64|CG0252864|-34|-63|CG0252864|-34|-63|CG0252865|-22|-71
426|0|8|1000|2|CG0188388|-21|-59|CG0188389|-13|-65
426|0|9|1000|1|CG0188390|-33|-51
426|0|10|1500|10|CG0188378|-40|-55|CG0188380|-40|-53|CG0188381|-37|-54|CG0188382|-40|-66|CG0188383|-31|-77|CG0188384|-26|-76|CG0188385|-44|-74|CG0188386|-59|-57|CG0188387|-61|-49|CG0188379|-61|-48
426|1|0|3000|19|CG0188442|-23|-72|CG0188444|-22|-72|CG0188445|-21|-72|CG0188446|-24|-72|CG0188447|-22|-72|CG0188448|-21|-72|CG0188442|-23|-72|CG0188444|-22|-72|CG0188445|-21|-72|CG0188446|-24|-72|CG0188447|-22|-72|CG0188448|-21|-72|CG0188443|-22|-72|CG0188450|-20|-72|CG0188449|-19|-71|CG0188450|-20|-72|CG0188449|-19|-71|CG0188451|-21|-72|CG0188443|-22|-72
426|1|1|1000|6|CG0188452|-17|-74|CG0188453|-17|-77|CG0188454|-17|-76|CG0188455|-17|-75|CG0188456|-17|-76|CG0188457|-18|-75
426|1|2|400|1|CG0188417|-17|-71
426|1|3|500|6|CG0188417|-17|-71|CG0188418|-17|-77|CG0188419|-18|-86|CG0188420|-17|-72|CG0188421|-17|-65|CG0188422|-17|-67
426|1|4|100|1|CG0196384|-26|-58
426|1|5|1000|22|CG0188413|-18|-79|CG0188413|-18|-79|CG0188413|-18|-79|CG0188414|-17|-79|CG0188414|-17|-79|CG0188415|-24|-79|CG0188415|-24|-79|CG0188415|-24|-79|CG0188414|-17|-79|CG0188414|-17|-79|CG0188413|-18|-79|CG0188413|-18|-79|CG0188413|-18|-79|CG0188414|-17|-79|CG0188414|-17|-79|CG0188415|-24|-79|CG0188415|-24|-79|CG0188415|-24|-79|CG0188414|-17|-79|CG0188414|-17|-79|CG0188416|-18|-65|CG0188416|-18|-65
426|1|6|2000|19|CG0188436|-18|-69|CG0188437|-18|-68|CG0188438|-19|-67|CG0188438|-19|-67|CG0188438|-19|-67|CG0188438|-19|-67|CG0188438|-19|-67|CG0188438|-19|-67|CG0188438|-19|-67|CG0188438|-19|-67|CG0188438|-19|-67|CG0188438|-19|-67|CG0188438|-19|-67|CG0188438|-19|-67|CG0188438|-19|-67|CG0188438|-19|-67|CG0188439|-20|-65|CG0188440|-18|-66|CG0188441|-18|-68
426|1|7|986|7|CG0252897|-23|-72|CG0252898|-22|-72|CG0252899|-20|-72|CG0252885|-11|-60|CG0252886|-22|-70|CG0252886|-22|-70|CG0252887|-22|-73
426|1|8|1000|2|CG0188433|-28|-59|CG0188434|-30|-58
426|1|9|1000|1|CG0188435|-19|-52
426|1|10|1500|10|CG0188423|-17|-60|CG0188425|-16|-51|CG0188426|-16|-61|CG0188427|-17|-74|CG0188428|-17|-75|CG0188429|-21|-73|CG0188430|-21|-77|CG0188431|-22|-63|CG0188432|-20|-61|CG0188424|-19|-60
426|2|0|3000|19|CG0188487|-35|-65|CG0188489|-38|-65|CG0188490|-38|-65|CG0188491|-39|-65|CG0188492|-42|-65|CG0188493|-40|-65|CG0188487|-35|-65|CG0188489|-38|-65|CG0188490|-38|-65|CG0188491|-39|-65|CG0188492|-42|-65|CG0188493|-40|-65|CG0188488|-38|-65|CG0188495|-39|-66|CG0188494|-39|-66|CG0188495|-39|-66|CG0188494|-39|-66|CG0188496|-40|-66|CG0188488|-38|-65
426|2|1|1000|6|CG0188497|-23|-64|CG0188498|-23|-68|CG0188499|-22|-66|CG0188500|-23|-66|CG0188501|-21|-67|CG0188502|-20|-66
426|2|2|400|1|CG0188462|-33|-62
426|2|3|500|6|CG0188462|-33|-62|CG0188463|-28|-69|CG0188464|-19|-77|CG0188465|-13|-65|CG0188466|-24|-57|CG0188467|-32|-61
426|2|4|100|1|CG0196424|-14|-57
426|2|5|1000|22|CG0188458|-28|-73|CG0188458|-28|-73|CG0188458|-28|-73|CG0188459|-28|-73|CG0188459|-28|-73|CG0188460|-28|-78|CG0188460|-28|-78|CG0188460|-28|-78|CG0188459|-28|-73|CG0188459|-28|-73|CG0188458|-28|-73|CG0188458|-28|-73|CG0188458|-28|-73|CG0188459|-28|-73|CG0188459|-28|-73|CG0188460|-28|-78|CG0188460|-28|-78|CG0188460|-28|-78|CG0188459|-28|-73|CG0188459|-28|-73|CG0188461|-26|-61|CG0188461|-26|-61
426|2|6|2000|19|CG0188481|-27|-62|CG0188482|-25|-62|CG0188483|-23|-63|CG0188483|-23|-63|CG0188483|-23|-63|CG0188483|-23|-63|CG0188483|-23|-63|CG0188483|-23|-63|CG0188483|-23|-63|CG0188483|-23|-63|CG0188483|-23|-63|CG0188483|-23|-63|CG0188483|-23|-63|CG0188483|-23|-63|CG0188483|-23|-63|CG0188483|-23|-63|CG0188484|-23|-63|CG0188485|-25|-62|CG0188486|-27|-62
426|2|7|986|7|CG0252919|-18|-72|CG0252920|-13|-72|CG0252921|-10|-71|CG0252907|-29|-60|CG0252908|-24|-70|CG0252908|-24|-70|CG0252909|-26|-71
426|2|8|1000|2|CG0188478|-42|-54|CG0188479|-44|-55
426|2|9|1000|1|CG0188480|-30|-45
426|2|10|1500|10|CG0188468|-18|-59|CG0188470|-18|-50|CG0188471|-21|-59|CG0188472|-22|-68|CG0188473|-26|-68|CG0188474|-24|-69|CG0188475|-12|-66|CG0188476|-9|-56|CG0188477|-10|-51|CG0188469|-7|-51
426|3|0|3000|19|CG0188532|-27|-62|CG0188534|-34|-63|CG0188535|-32|-63|CG0188536|-33|-63|CG0188537|-38|-62|CG0188538|-38|-62|CG0188532|-27|-62|CG0188534|-34|-63|CG0188535|-32|-63|CG0188536|-33|-63|CG0188537|-38|-62|CG0188538|-38|-62|CG0188533|-34|-62|CG0188540|-38|-62|CG0188539|-38|-63|CG0188540|-38|-62|CG0188539|-38|-63|CG0188541|-38|-62|CG0188533|-34|-62
426|3|1|1000|6|CG0188542|-23|-57|CG0188543|-24|-60|CG0188544|-22|-58|CG0188545|-24|-58|CG0188546|-22|-60|CG0188547|-20|-59
426|3|2|400|1|CG0188507|-36|-53
426|3|3|500|6|CG0188507|-36|-53|CG0188508|-30|-61|CG0188509|-19|-63|CG0188510|-12|-65|CG0188511|-23|-49|CG0188512|-29|-48
426|3|4|100|1|CG0196464|-10|-51
426|3|5|1000|22|CG0188503|-27|-72|CG0188503|-27|-72|CG0188503|-27|-72|CG0188504|-27|-72|CG0188504|-27|-72|CG0188505|-27|-84|CG0188505|-27|-84|CG0188505|-27|-84|CG0188504|-27|-72|CG0188504|-27|-72|CG0188503|-27|-72|CG0188503|-27|-72|CG0188503|-27|-72|CG0188504|-27|-72|CG0188504|-27|-72|CG0188505|-27|-84|CG0188505|-27|-84|CG0188505|-27|-84|CG0188504|-27|-72|CG0188504|-27|-72|CG0188506|-28|-53|CG0188506|-28|-53
426|3|6|2000|19|CG0188526|-28|-60|CG0188527|-27|-60|CG0188528|-25|-61|CG0188528|-25|-61|CG0188528|-25|-61|CG0188528|-25|-61|CG0188528|-25|-61|CG0188528|-25|-61|CG0188528|-25|-61|CG0188528|-25|-61|CG0188528|-25|-61|CG0188528|-25|-61|CG0188528|-25|-61|CG0188528|-25|-61|CG0188528|-25|-61|CG0188528|-25|-61|CG0188529|-24|-61|CG0188530|-26|-60|CG0188531|-29|-59
426|3|7|986|7|CG0252941|-14|-72|CG0252942|-12|-72|CG0252943|-14|-71|CG0252929|-40|-65|CG0252930|-29|-66|CG0252930|-29|-66|CG0252931|-21|-69
426|3|8|1000|2|CG0188523|-48|-50|CG0188524|-49|-60
426|3|9|1000|1|CG0188525|-29|-38
426|3|10|1500|10|CG0188513|-24|-57|CG0188515|-22|-59|CG0188516|-24|-57|CG0188517|-28|-58|CG0188518|-33|-63|CG0188519|-26|-66|CG0188520|-7|-51|CG0188521|-1|-42|CG0188522|-1|-36|CG0188514|-5|-29
426|4|0|3000|19|CG0188577|-25|-59|CG0188579|-26|-59|CG0188580|-24|-59|CG0188581|-31|-59|CG0188582|-32|-59|CG0188583|-30|-59|CG0188577|-25|-59|CG0188579|-26|-59|CG0188580|-24|-59|CG0188581|-31|-59|CG0188582|-32|-59|CG0188583|-30|-59|CG0188578|-31|-57|CG0188585|-31|-58|CG0188584|-31|-59|CG0188585|-31|-58|CG0188584|-31|-59|CG0188586|-31|-57|CG0188578|-31|-57
426|4|1|1000|6|CG0188587|-23|-59|CG0188588|-24|-62|CG0188589|-23|-63|CG0188590|-23|-60|CG0188591|-22|-64|CG0188592|-20|-61
426|4|2|400|1|CG0188552|-25|-51
426|4|3|500|6|CG0188552|-25|-51|CG0188553|-22|-54|CG0188554|-25|-66|CG0188555|-22|-66|CG0188556|-22|-55|CG0188557|-26|-50
426|4|4|100|1|CG0196504|-21|-46
426|4|5|1000|22|CG0188548|-27|-74|CG0188548|-27|-74|CG0188548|-27|-74|CG0188549|-27|-74|CG0188549|-27|-74|CG0188550|-27|-85|CG0188550|-27|-85|CG0188550|-27|-85|CG0188549|-27|-74|CG0188549|-27|-74|CG0188548|-27|-74|CG0188548|-27|-74|CG0188548|-27|-74|CG0188549|-27|-74|CG0188549|-27|-74|CG0188550|-27|-85|CG0188550|-27|-85|CG0188550|-27|-85|CG0188549|-27|-74|CG0188549|-27|-74|CG0188551|-26|-53|CG0188551|-26|-53
426|4|6|2000|19|CG0188571|-26|-57|CG0188572|-25|-59|CG0188573|-23|-59|CG0188573|-23|-59|CG0188573|-23|-59|CG0188573|-23|-59|CG0188573|-23|-59|CG0188573|-23|-59|CG0188573|-23|-59|CG0188573|-23|-59|CG0188573|-23|-59|CG0188573|-23|-59|CG0188573|-23|-59|CG0188573|-23|-59|CG0188573|-23|-59|CG0188573|-23|-59|CG0188574|-23|-59|CG0188575|-25|-57|CG0188576|-27|-56
426|4|7|986|7|CG0252963|-19|-74|CG0252964|-19|-72|CG0252965|-19|-71|CG0252951|-35|-72|CG0252952|-24|-57|CG0252952|-24|-57|CG0252953|-21|-66
426|4|8|1000|2|CG0188568|-35|-56|CG0188569|-41|-69
426|4|9|1000|1|CG0188570|-24|-38
426|4|10|1500|10|CG0188558|-21|-62|CG0188560|-20|-64|CG0188561|-23|-63|CG0188562|-26|-62|CG0188563|-28|-64|CG0188564|-18|-60|CG0188565|-12|-50|CG0188566|-8|-26|CG0188567|-9|-34|CG0188559|-7|-18
426|5|0|3000|19|CG0188622|-20|-57|CG0188624|-19|-58|CG0188625|-19|-59|CG0188626|-19|-58|CG0188627|-20|-58|CG0188628|-20|-57|CG0188622|-20|-57|CG0188624|-19|-58|CG0188625|-19|-59|CG0188626|-19|-58|CG0188627|-20|-58|CG0188628|-20|-57|CG0188623|-23|-57|CG0188630|-20|-56|CG0188629|-19|-57|CG0188630|-20|-56|CG0188629|-19|-57|CG0188631|-21|-56|CG0188623|-23|-57
426|5|1|1000|6|CG0188632|-20|-60|CG0188633|-21|-62|CG0188634|-20|-64|CG0188635|-20|-61|CG0188636|-19|-65|CG0188637|-20|-62
426|5|2|400|1|CG0188597|-19|-60
426|5|3|500|6|CG0188597|-19|-60|CG0188598|-20|-61|CG0188599|-24|-63|CG0188600|-24|-65|CG0188601|-20|-55|CG0188602|-19|-54
426|5|4|100|1|CG0196544|-24|-45
426|5|5|1000|22|CG0188593|-26|-75|CG0188593|-26|-75|CG0188593|-26|-75|CG0188594|-22|-75|CG0188594|-22|-75|CG0188595|-20|-80|CG0188595|-20|-80|CG0188595|-20|-80|CG0188594|-22|-75|CG0188594|-22|-75|CG0188593|-26|-75|CG0188593|-26|-75|CG0188593|-26|-75|CG0188594|-22|-75|CG0188594|-22|-75|CG0188595|-20|-80|CG0188595|-20|-80|CG0188595|-20|-80|CG0188594|-22|-75|CG0188594|-22|-75|CG0188596|-18|-54|CG0188596|-18|-54
426|5|6|2000|19|CG0188616|-20|-56|CG0188617|-19|-57|CG0188618|-18|-57|CG0188618|-18|-57|CG0188618|-18|-57|CG0188618|-18|-57|CG0188618|-18|-57|CG0188618|-18|-57|CG0188618|-18|-57|CG0188618|-18|-57|CG0188618|-18|-57|CG0188618|-18|-57|CG0188618|-18|-57|CG0188618|-18|-57|CG0188618|-18|-57|CG0188618|-18|-57|CG0188619|-19|-57|CG0188620|-22|-57|CG0188621|-21|-56
426|5|7|986|7|CG0252985|-23|-73|CG0252986|-21|-72|CG0252987|-19|-71|CG0252973|-17|-76|CG0252974|-10|-50|CG0252974|-10|-50|CG0252975|-26|-63
426|5|8|1000|2|CG0188613|-28|-58|CG0188614|-30|-77
426|5|9|1000|1|CG0188615|-24|-39
426|5|10|1500|10|CG0188603|-20|-62|CG0188605|-20|-64|CG0188606|-20|-64|CG0188607|-21|-63|CG0188608|-20|-66|CG0188609|-20|-61|CG0188610|-23|-48|CG0188611|-25|-20|CG0188612|-22|-28|CG0188604|-22|-15
426|6|0|3000|19|CG0188667|-28|-59|CG0188669|-28|-60|CG0188670|-28|-62|CG0188671|-28|-59|CG0188672|-28|-59|CG0188673|-28|-58|CG0188667|-28|-59|CG0188669|-28|-60|CG0188670|-28|-62|CG0188671|-28|-59|CG0188672|-28|-59|CG0188673|-28|-58|CG0188668|-29|-58|CG0188675|-30|-57|CG0188674|-29|-58|CG0188675|-30|-57|CG0188674|-29|-58|CG0188676|-29|-58|CG0188668|-29|-58
426|6|1|1000|6|CG0188677|-48|-59|CG0188678|-40|-63|CG0188679|-39|-64|CG0188680|-39|-61|CG0188681|-37|-65|CG0188682|-43|-61
426|6|2|400|1|CG0188642|-38|-63
426|6|3|500|6|CG0188642|-38|-63|CG0188643|-47|-64|CG0188644|-70|-70|CG0188645|-58|-67|CG0188646|-53|-58|CG0188647|-46|-56
426|6|4|100|1|CG0196584|-20|-48
426|6|5|1000|22|CG0188638|-25|-76|CG0188638|-25|-76|CG0188638|-25|-76|CG0188639|-48|-74|CG0188639|-48|-74|CG0188640|-26|-74|CG0188640|-26|-74|CG0188640|-26|-74|CG0188639|-48|-74|CG0188639|-48|-74|CG0188638|-25|-76|CG0188638|-25|-76|CG0188638|-25|-76|CG0188639|-48|-74|CG0188639|-48|-74|CG0188640|-26|-74|CG0188640|-26|-74|CG0188640|-26|-74|CG0188639|-48|-74|CG0188639|-48|-74|CG0188641|-38|-51|CG0188641|-38|-51
426|6|6|2000|19|CG0188661|-35|-57|CG0188662|-34|-57|CG0188663|-32|-57|CG0188663|-32|-57|CG0188663|-32|-57|CG0188663|-32|-57|CG0188663|-32|-57|CG0188663|-32|-57|CG0188663|-32|-57|CG0188663|-32|-57|CG0188663|-32|-57|CG0188663|-32|-57|CG0188663|-32|-57|CG0188663|-32|-57|CG0188663|-32|-57|CG0188663|-32|-57|CG0188664|-25|-59|CG0188665|-31|-58|CG0188666|-37|-58
426|6|7|986|7|CG0253007|-18|-74|CG0253008|-17|-73|CG0253009|-17|-73|CG0252995|-16|-77|CG0252996|-27|-48|CG0252996|-27|-48|CG0252997|-32|-63
426|6|8|1000|2|CG0188658|-29|-56|CG0188659|-27|-77
426|6|9|1000|1|CG0188660|-38|-38
426|6|10|1500|10|CG0188648|-48|-61|CG0188650|-41|-64|CG0188651|-41|-64|CG0188652|-50|-62|CG0188653|-31|-63|CG0188654|-29|-67|CG0188655|-51|-51|CG0188656|-73|-29|CG0188657|-75|-26|CG0188649|-76|-19
426|7|0|3000|19|CG0188712|-28|-67|CG0188714|-28|-67|CG0188715|-28|-67|CG0188716|-28|-67|CG0188717|-28|-67|CG0188718|-28|-67|CG0188712|-28|-67|CG0188714|-28|-67|CG0188715|-28|-67|CG0188716|-28|-67|CG0188717|-28|-67|CG0188718|-28|-67|CG0188713|-37|-66|CG0188720|-32|-66|CG0188719|-33|-67|CG0188720|-32|-66|CG0188719|-33|-67|CG0188721|-30|-65|CG0188713|-37|-66
426|7|1|1000|6|CG0188722|-51|-63|CG0188723|-45|-66|CG0188724|-47|-63|CG0188725|-58|-62|CG0188726|-43|-63|CG0188727|-47|-64
426|7|2|400|1|CG0188687|-44|-60
426|7|3|500|6|CG0188687|-44|-60|CG0188688|-52|-68|CG0188689|-78|-71|CG0188690|-69|-68|CG0188691|-65|-56|CG0188692|-50|-51
426|7|4|100|1|CG0196624|-25|-51
426|7|5|1000|22|CG0188683|-27|-80|CG0188683|-27|-80|CG0188683|-27|-80|CG0188684|-48|-80|CG0188684|-48|-80|CG0188685|-28|-81|CG0188685|-28|-81|CG0188685|-28|-81|CG0188684|-48|-80|CG0188684|-48|-80|CG0188683|-27|-80|CG0188683|-27|-80|CG0188683|-27|-80|CG0188684|-48|-80|CG0188684|-48|-80|CG0188685|-28|-81|CG0188685|-28|-81|CG0188685|-28|-81|CG0188684|-48|-80|CG0188684|-48|-80|CG0188686|-40|-52|CG0188686|-40|-52
426|7|6|2000|19|CG0188706|-38|-64|CG0188707|-34|-66|CG0188708|-32|-65|CG0188708|-32|-65|CG0188708|-32|-65|CG0188708|-32|-65|CG0188708|-32|-65|CG0188708|-32|-65|CG0188708|-32|-65|CG0188708|-32|-65|CG0188708|-32|-65|CG0188708|-32|-65|CG0188708|-32|-65|CG0188708|-32|-65|CG0188708|-32|-65|CG0188708|-32|-65|CG0188709|-24|-67|CG0188710|-31|-66|CG0188711|-40|-64
426|7|7|986|7|CG0253029|-18|-74|CG0253030|-18|-74|CG0253031|-18|-74|CG0253017|-21|-72|CG0253018|-41|-54|CG0253018|-41|-54|CG0253019|-24|-67
426|7|8|1000|2|CG0188703|-21|-59|CG0188704|-13|-73
426|7|9|1000|1|CG0188705|-39|-43
426|7|10|1500|10|CG0188693|-53|-53|CG0188695|-50|-60|CG0188696|-49|-59|CG0188697|-54|-55|CG0188698|-34|-70|CG0188699|-32|-74|CG0188700|-62|-59|CG0188701|-83|-44|CG0188702|-87|-27|CG0188694|-88|-26
