444|0|0|4500|69|CG0194933|-32|-59|CG0194934|-32|-59|CG0194935|-33|-58|CG0194936|-32|-58|CG0194937|-32|-59|CG0194938|-32|-59|CG0194933|-32|-59|CG0194933|-32|-59|CG0194934|-32|-59|CG0194934|-32|-59|CG0194935|-33|-58|CG0194935|-33|-58|CG0194936|-32|-58|CG0194936|-32|-58|CG0194937|-32|-59|CG0194937|-32|-59|CG0194938|-32|-59|CG0194938|-32|-59|CG0194933|-32|-59|CG0194933|-32|-59|CG0194934|-32|-59|CG0194934|-32|-59|CG0194935|-33|-58|CG0194935|-33|-58|CG0194936|-32|-58|CG0194936|-32|-58|CG0194937|-32|-59|CG0194937|-32|-59|CG0194938|-32|-59|CG0194938|-32|-59|CG0194939|-31|-60|CG0194940|-31|-61|CG0194941|-31|-60|CG0194933|-32|-59|CG0194933|-32|-59|CG0194934|-32|-59|CG0194934|-32|-59|CG0194935|-33|-58|CG0194935|-33|-58|CG0194936|-32|-58|CG0194936|-32|-58|CG0194937|-32|-59|CG0194937|-32|-59|CG0194938|-32|-59|CG0194938|-32|-59|CG0194939|-31|-60|CG0194940|-31|-61|CG0194941|-31|-60|CG0194939|-31|-60|CG0194940|-31|-61|CG0194941|-31|-60|CG0194933|-32|-59|CG0194933|-32|-59|CG0194934|-32|-59|CG0194934|-32|-59|CG0194935|-33|-58|CG0194935|-33|-58|CG0194936|-32|-58|CG0194936|-32|-58|CG0194937|-32|-59|CG0194937|-32|-59|CG0194938|-32|-59|CG0194938|-32|-59|CG0194933|-32|-59|CG0194934|-32|-59|CG0194935|-33|-58|CG0194936|-32|-58|CG0194937|-32|-59|CG0194938|-32|-59
444|0|1|1000|6|CG0194942|-35|-54|CG0194943|-35|-53|CG0194944|-36|-56|CG0194945|-40|-55|CG0194946|-35|-53|CG0194947|-35|-54
444|0|2|500|10|CG0195419|-32|-61|CG0195420|-32|-63|CG0195421|-32|-63|CG0195422|-32|-63|CG0195422|-32|-63|CG0195419|-32|-61|CG0195420|-32|-63|CG0195421|-32|-63|CG0195422|-32|-63|CG0195422|-32|-63
444|0|3|300|6|CG0194898|-43|-48|CG0194899|-34|-52|CG0194900|-35|-58|CG0194901|-39|-65|CG0194902|-40|-62|CG0194903|-49|-53
444|0|4|100|1|CG0196344|-27|-55
444|0|5|1000|28|CG0194888|-31|-48|CG0194888|-31|-48|CG0194888|-31|-48|CG0194888|-31|-48|CG0194888|-31|-48|CG0194888|-31|-48|CG0194888|-31|-48|CG0194890|-33|-52|CG0194890|-33|-52|CG0194890|-33|-52|CG0194891|-45|-53|CG0194891|-45|-53|CG0194892|-31|-52|CG0194892|-31|-52|CG0194893|-44|-60|CG0194893|-44|-60|CG0194894|-40|-59|CG0194894|-40|-59|CG0194895|-31|-56|CG0194895|-31|-56|CG0194896|-31|-54|CG0194896|-31|-54|CG0194896|-31|-54|CG0194896|-31|-54|CG0194897|-43|-65|CG0194897|-43|-65|CG0194889|-33|-57|CG0194889|-33|-57
444|0|6|1800|20|CG0194920|-32|-61|CG0194925|-35|-54|CG0194926|-34|-64|CG0194927|-32|-67|CG0194928|-32|-69|CG0194929|-34|-67|CG0194930|-31|-69|CG0194931|-27|-69|CG0194932|-29|-70|CG0194931|-27|-69|CG0194932|-29|-70|CG0194931|-27|-69|CG0194932|-29|-70|CG0194932|-29|-70|CG0194932|-29|-70|CG0194932|-29|-70|CG0194921|-31|-68|CG0194922|-35|-65|CG0194923|-35|-64|CG0194924|-32|-59
444|0|7|986|7|CG0252875|-18|-73|CG0252876|-22|-73|CG0252877|-23|-73|CG0252863|-17|-64|CG0252864|-34|-63|CG0252864|-34|-63|CG0252865|-22|-71
444|0|8|1000|2|CG0194917|-23|-65|CG0194918|-28|-44
444|0|9|1000|1|CG0194919|-22|-43
444|0|10|1500|14|CG0194904|-38|-55|CG0194909|-44|-54|CG0194910|-41|-52|CG0194911|-40|-53|CG0194912|-37|-55|CG0194913|-37|-60|CG0194914|-39|-60|CG0194914|-39|-60|CG0194915|-42|-54|CG0194916|-43|-44|CG0194905|-44|-38|CG0194906|-44|-38|CG0194907|-44|-38|CG0194908|-44|-38
444|1|0|4500|69|CG0194993|-25|-62|CG0194994|-25|-62|CG0194995|-25|-61|CG0194996|-24|-61|CG0194997|-25|-62|CG0194998|-25|-62|CG0194993|-25|-62|CG0194993|-25|-62|CG0194994|-25|-62|CG0194994|-25|-62|CG0194995|-25|-61|CG0194995|-25|-61|CG0194996|-24|-61|CG0194996|-24|-61|CG0194997|-25|-62|CG0194997|-25|-62|CG0194998|-25|-62|CG0194998|-25|-62|CG0194993|-25|-62|CG0194993|-25|-62|CG0194994|-25|-62|CG0194994|-25|-62|CG0194995|-25|-61|CG0194995|-25|-61|CG0194996|-24|-61|CG0194996|-24|-61|CG0194997|-25|-62|CG0194997|-25|-62|CG0194998|-25|-62|CG0194998|-25|-62|CG0194999|-24|-64|CG0195000|-21|-64|CG0195001|-23|-66|CG0194993|-25|-62|CG0194993|-25|-62|CG0194994|-25|-62|CG0194994|-25|-62|CG0194995|-25|-61|CG0194995|-25|-61|CG0194996|-24|-61|CG0194996|-24|-61|CG0194997|-25|-62|CG0194997|-25|-62|CG0194998|-25|-62|CG0194998|-25|-62|CG0194999|-24|-64|CG0195000|-21|-64|CG0195001|-23|-66|CG0194999|-24|-64|CG0195000|-21|-64|CG0195001|-23|-66|CG0194993|-25|-62|CG0194993|-25|-62|CG0194994|-25|-62|CG0194994|-25|-62|CG0194995|-25|-61|CG0194995|-25|-61|CG0194996|-24|-61|CG0194996|-24|-61|CG0194997|-25|-62|CG0194997|-25|-62|CG0194998|-25|-62|CG0194998|-25|-62|CG0194993|-25|-62|CG0194994|-25|-62|CG0194995|-25|-61|CG0194996|-24|-61|CG0194997|-25|-62|CG0194998|-25|-62
444|1|1|1000|6|CG0195002|-25|-56|CG0195003|-25|-56|CG0195004|-25|-57|CG0195005|-25|-56|CG0195006|-25|-56|CG0195007|-26|-57
444|1|2|500|10|CG0195480|-25|-63|CG0195481|-25|-64|CG0195482|-21|-64|CG0195483|-23|-66|CG0195483|-23|-66|CG0195480|-25|-63|CG0195481|-25|-64|CG0195482|-21|-64|CG0195483|-23|-66|CG0195483|-23|-66
444|1|3|300|6|CG0194958|-25|-50|CG0194959|-25|-55|CG0194960|-26|-61|CG0194961|-25|-69|CG0194962|-25|-66|CG0194963|-25|-56
444|1|4|100|1|CG0196384|-26|-58
444|1|5|1000|28|CG0194948|-25|-50|CG0194948|-25|-50|CG0194948|-25|-50|CG0194948|-25|-50|CG0194948|-25|-50|CG0194948|-25|-50|CG0194948|-25|-50|CG0194950|-28|-58|CG0194950|-28|-58|CG0194950|-28|-58|CG0194951|-31|-64|CG0194951|-31|-64|CG0194952|-25|-53|CG0194952|-25|-53|CG0194953|-19|-64|CG0194953|-19|-64|CG0194954|-20|-63|CG0194954|-20|-63|CG0194955|-22|-58|CG0194955|-22|-58|CG0194956|-25|-54|CG0194956|-25|-54|CG0194956|-25|-54|CG0194956|-25|-54|CG0194957|-24|-69|CG0194957|-24|-69|CG0194949|-26|-63|CG0194949|-26|-63
444|1|6|1800|20|CG0194980|-26|-64|CG0194985|-27|-56|CG0194986|-27|-67|CG0194987|-27|-71|CG0194988|-27|-73|CG0194989|-27|-72|CG0194990|-27|-73|CG0194991|-27|-73|CG0194992|-26|-72|CG0194991|-27|-73|CG0194992|-26|-72|CG0194991|-27|-73|CG0194992|-26|-72|CG0194992|-26|-72|CG0194992|-26|-72|CG0194992|-26|-72|CG0194981|-27|-72|CG0194982|-27|-70|CG0194983|-26|-67|CG0194984|-25|-62
444|1|7|986|7|CG0252897|-23|-72|CG0252898|-22|-72|CG0252899|-20|-72|CG0252885|-11|-60|CG0252886|-22|-70|CG0252886|-22|-70|CG0252887|-22|-73
444|1|8|1000|2|CG0194977|-22|-58|CG0194978|-26|-43
444|1|9|1000|1|CG0194979|-24|-46
444|1|10|1500|14|CG0194964|-34|-60|CG0194969|-36|-58|CG0194970|-34|-57|CG0194971|-39|-57|CG0194972|-42|-59|CG0194973|-44|-65|CG0194974|-40|-63|CG0194974|-40|-63|CG0194975|-41|-56|CG0194976|-41|-45|CG0194965|-41|-38|CG0194966|-44|-38|CG0194967|-46|-38|CG0194968|-46|-38
444|2|0|4500|69|CG0195053|-34|-59|CG0195054|-34|-58|CG0195055|-35|-58|CG0195056|-36|-58|CG0195057|-35|-59|CG0195058|-35|-59|CG0195053|-34|-59|CG0195053|-34|-59|CG0195054|-34|-58|CG0195054|-34|-58|CG0195055|-35|-58|CG0195055|-35|-58|CG0195056|-36|-58|CG0195056|-36|-58|CG0195057|-35|-59|CG0195057|-35|-59|CG0195058|-35|-59|CG0195058|-35|-59|CG0195053|-34|-59|CG0195053|-34|-59|CG0195054|-34|-58|CG0195054|-34|-58|CG0195055|-35|-58|CG0195055|-35|-58|CG0195056|-36|-58|CG0195056|-36|-58|CG0195057|-35|-59|CG0195057|-35|-59|CG0195058|-35|-59|CG0195058|-35|-59|CG0195059|-34|-59|CG0195060|-34|-58|CG0195061|-34|-59|CG0195053|-34|-59|CG0195053|-34|-59|CG0195054|-34|-58|CG0195054|-34|-58|CG0195055|-35|-58|CG0195055|-35|-58|CG0195056|-36|-58|CG0195056|-36|-58|CG0195057|-35|-59|CG0195057|-35|-59|CG0195058|-35|-59|CG0195058|-35|-59|CG0195059|-34|-59|CG0195060|-34|-58|CG0195061|-34|-59|CG0195059|-34|-59|CG0195060|-34|-58|CG0195061|-34|-59|CG0195053|-34|-59|CG0195053|-34|-59|CG0195054|-34|-58|CG0195054|-34|-58|CG0195055|-35|-58|CG0195055|-35|-58|CG0195056|-36|-58|CG0195056|-36|-58|CG0195057|-35|-59|CG0195057|-35|-59|CG0195058|-35|-59|CG0195058|-35|-59|CG0195053|-34|-59|CG0195054|-34|-58|CG0195055|-35|-58|CG0195056|-36|-58|CG0195057|-35|-59|CG0195058|-35|-59
444|2|1|1000|6|CG0195062|-29|-56|CG0195063|-34|-53|CG0195064|-40|-54|CG0195065|-30|-55|CG0195066|-27|-53|CG0195067|-26|-55
444|2|2|500|10|CG0195541|-35|-61|CG0195542|-34|-62|CG0195543|-34|-62|CG0195544|-34|-62|CG0195544|-34|-62|CG0195541|-35|-61|CG0195542|-34|-62|CG0195543|-34|-62|CG0195544|-34|-62|CG0195544|-34|-62
444|2|3|300|6|CG0195018|-58|-48|CG0195019|-57|-51|CG0195020|-54|-58|CG0195021|-53|-65|CG0195022|-51|-62|CG0195023|-55|-53
444|2|4|100|1|CG0196424|-14|-57
444|2|5|1000|28|CG0195008|-57|-48|CG0195008|-57|-48|CG0195008|-57|-48|CG0195008|-57|-48|CG0195008|-57|-48|CG0195008|-57|-48|CG0195008|-57|-48|CG0195010|-55|-57|CG0195010|-55|-57|CG0195010|-55|-57|CG0195011|-49|-61|CG0195011|-49|-61|CG0195012|-51|-52|CG0195012|-51|-52|CG0195013|-41|-54|CG0195013|-41|-54|CG0195014|-55|-53|CG0195014|-55|-53|CG0195015|-58|-52|CG0195015|-58|-52|CG0195016|-56|-54|CG0195016|-56|-54|CG0195016|-56|-54|CG0195016|-56|-54|CG0195017|-48|-64|CG0195017|-48|-64|CG0195009|-50|-56|CG0195009|-50|-56
444|2|6|1800|20|CG0195040|-35|-61|CG0195045|-28|-54|CG0195046|-25|-63|CG0195047|-24|-67|CG0195048|-25|-69|CG0195049|-26|-68|CG0195050|-27|-69|CG0195051|-28|-70|CG0195052|-28|-69|CG0195051|-28|-70|CG0195052|-28|-69|CG0195051|-28|-70|CG0195052|-28|-69|CG0195052|-28|-69|CG0195052|-28|-69|CG0195052|-28|-69|CG0195041|-29|-69|CG0195042|-30|-66|CG0195043|-30|-64|CG0195044|-34|-59
444|2|7|986|7|CG0252919|-18|-72|CG0252920|-13|-72|CG0252921|-10|-71|CG0252907|-29|-60|CG0252908|-24|-70|CG0252908|-24|-70|CG0252909|-26|-71
444|2|8|1000|2|CG0195037|-71|-50|CG0195038|-47|-44
444|2|9|1000|1|CG0195039|-50|-52
444|2|10|1500|14|CG0195024|-34|-59|CG0195029|-34|-56|CG0195030|-42|-56|CG0195031|-67|-57|CG0195032|-75|-60|CG0195033|-69|-59|CG0195034|-57|-55|CG0195034|-57|-55|CG0195035|-46|-46|CG0195036|-46|-34|CG0195025|-47|-34|CG0195026|-56|-34|CG0195027|-57|-34|CG0195028|-57|-34
444|3|0|4500|69|CG0195113|-40|-63|CG0195114|-40|-62|CG0195115|-41|-62|CG0195116|-42|-63|CG0195117|-41|-65|CG0195118|-40|-64|CG0195113|-40|-63|CG0195113|-40|-63|CG0195114|-40|-62|CG0195114|-40|-62|CG0195115|-41|-62|CG0195115|-41|-62|CG0195116|-42|-63|CG0195116|-42|-63|CG0195117|-41|-65|CG0195117|-41|-65|CG0195118|-40|-64|CG0195118|-40|-64|CG0195113|-40|-63|CG0195113|-40|-63|CG0195114|-40|-62|CG0195114|-40|-62|CG0195115|-41|-62|CG0195115|-41|-62|CG0195116|-42|-63|CG0195116|-42|-63|CG0195117|-41|-65|CG0195117|-41|-65|CG0195118|-40|-64|CG0195118|-40|-64|CG0195119|-39|-63|CG0195120|-40|-61|CG0195121|-40|-61|CG0195113|-40|-63|CG0195113|-40|-63|CG0195114|-40|-62|CG0195114|-40|-62|CG0195115|-41|-62|CG0195115|-41|-62|CG0195116|-42|-63|CG0195116|-42|-63|CG0195117|-41|-65|CG0195117|-41|-65|CG0195118|-40|-64|CG0195118|-40|-64|CG0195119|-39|-63|CG0195120|-40|-61|CG0195121|-40|-61|CG0195119|-39|-63|CG0195120|-40|-61|CG0195121|-40|-61|CG0195113|-40|-63|CG0195113|-40|-63|CG0195114|-40|-62|CG0195114|-40|-62|CG0195115|-41|-62|CG0195115|-41|-62|CG0195116|-42|-63|CG0195116|-42|-63|CG0195117|-41|-65|CG0195117|-41|-65|CG0195118|-40|-64|CG0195118|-40|-64|CG0195113|-40|-63|CG0195114|-40|-62|CG0195115|-41|-62|CG0195116|-42|-63|CG0195117|-41|-65|CG0195118|-40|-64
444|3|1|1000|6|CG0195122|-35|-63|CG0195123|-36|-60|CG0195124|-42|-60|CG0195125|-35|-62|CG0195126|-36|-61|CG0195127|-42|-62
444|3|2|500|10|CG0195602|-40|-64|CG0195603|-39|-63|CG0195604|-40|-61|CG0195605|-40|-62|CG0195605|-40|-62|CG0195602|-40|-64|CG0195603|-39|-63|CG0195604|-40|-61|CG0195605|-40|-62|CG0195605|-40|-62
444|3|3|300|6|CG0195078|-76|-44|CG0195079|-75|-46|CG0195080|-72|-47|CG0195081|-69|-52|CG0195082|-67|-52|CG0195083|-73|-46
444|3|4|100|1|CG0196464|-10|-51
444|3|5|1000|28|CG0195068|-74|-48|CG0195068|-74|-48|CG0195068|-74|-48|CG0195068|-74|-48|CG0195068|-74|-48|CG0195068|-74|-48|CG0195068|-74|-48|CG0195070|-68|-49|CG0195070|-68|-49|CG0195070|-68|-49|CG0195071|-61|-46|CG0195071|-61|-46|CG0195072|-73|-45|CG0195072|-73|-45|CG0195073|-61|-46|CG0195073|-61|-46|CG0195074|-62|-48|CG0195074|-62|-48|CG0195075|-65|-47|CG0195075|-65|-47|CG0195076|-68|-48|CG0195076|-68|-48|CG0195076|-68|-48|CG0195076|-68|-48|CG0195077|-61|-48|CG0195077|-61|-48|CG0195069|-65|-48|CG0195069|-65|-48
444|3|6|1800|20|CG0195100|-40|-59|CG0195105|-38|-59|CG0195106|-32|-59|CG0195107|-32|-58|CG0195108|-33|-59|CG0195109|-35|-60|CG0195110|-36|-59|CG0195111|-37|-61|CG0195112|-38|-60|CG0195111|-37|-61|CG0195112|-38|-60|CG0195111|-37|-61|CG0195112|-38|-60|CG0195112|-38|-60|CG0195112|-38|-60|CG0195112|-38|-60|CG0195101|-38|-59|CG0195102|-39|-57|CG0195103|-40|-58|CG0195104|-40|-59
444|3|7|986|7|CG0252941|-14|-72|CG0252942|-12|-72|CG0252943|-14|-71|CG0252929|-40|-65|CG0252930|-29|-66|CG0252930|-29|-66|CG0252931|-21|-69
444|3|8|1000|2|CG0195097|-78|-55|CG0195098|-81|-48
444|3|9|1000|1|CG0195099|-54|-61
444|3|10|1500|14|CG0195084|-40|-52|CG0195089|-40|-53|CG0195090|-60|-52|CG0195091|-70|-52|CG0195092|-66|-60|CG0195093|-55|-72|CG0195094|-50|-69|CG0195094|-50|-69|CG0195095|-48|-55|CG0195096|-46|-45|CG0195085|-46|-44|CG0195086|-45|-38|CG0195087|-44|-35|CG0195088|-45|-29
444|4|0|4500|69|CG0195173|-33|-68|CG0195174|-33|-66|CG0195175|-34|-66|CG0195176|-34|-67|CG0195177|-34|-69|CG0195178|-33|-69|CG0195173|-33|-68|CG0195173|-33|-68|CG0195174|-33|-66|CG0195174|-33|-66|CG0195175|-34|-66|CG0195175|-34|-66|CG0195176|-34|-67|CG0195176|-34|-67|CG0195177|-34|-69|CG0195177|-34|-69|CG0195178|-33|-69|CG0195178|-33|-69|CG0195173|-33|-68|CG0195173|-33|-68|CG0195174|-33|-66|CG0195174|-33|-66|CG0195175|-34|-66|CG0195175|-34|-66|CG0195176|-34|-67|CG0195176|-34|-67|CG0195177|-34|-69|CG0195177|-34|-69|CG0195178|-33|-69|CG0195178|-33|-69|CG0195179|-33|-68|CG0195180|-33|-64|CG0195181|-33|-65|CG0195173|-33|-68|CG0195173|-33|-68|CG0195174|-33|-66|CG0195174|-33|-66|CG0195175|-34|-66|CG0195175|-34|-66|CG0195176|-34|-67|CG0195176|-34|-67|CG0195177|-34|-69|CG0195177|-34|-69|CG0195178|-33|-69|CG0195178|-33|-69|CG0195179|-33|-68|CG0195180|-33|-64|CG0195181|-33|-65|CG0195179|-33|-68|CG0195180|-33|-64|CG0195181|-33|-65|CG0195173|-33|-68|CG0195173|-33|-68|CG0195174|-33|-66|CG0195174|-33|-66|CG0195175|-34|-66|CG0195175|-34|-66|CG0195176|-34|-67|CG0195176|-34|-67|CG0195177|-34|-69|CG0195177|-34|-69|CG0195178|-33|-69|CG0195178|-33|-69|CG0195173|-33|-68|CG0195174|-33|-66|CG0195175|-34|-66|CG0195176|-34|-67|CG0195177|-34|-69|CG0195178|-33|-69
444|4|1|1000|6|CG0195182|-30|-68|CG0195183|-27|-67|CG0195184|-27|-67|CG0195185|-29|-67|CG0195186|-32|-67|CG0195187|-39|-68
444|4|2|500|10|CG0195663|-33|-69|CG0195664|-33|-68|CG0195665|-33|-64|CG0195666|-33|-65|CG0195666|-33|-65|CG0195663|-33|-69|CG0195664|-33|-68|CG0195665|-33|-64|CG0195666|-33|-65|CG0195666|-33|-65
444|4|3|300|6|CG0195138|-52|-62|CG0195139|-51|-61|CG0195140|-50|-55|CG0195141|-48|-56|CG0195142|-46|-54|CG0195143|-50|-57
444|4|4|100|1|CG0196504|-21|-46
444|4|5|1000|28|CG0195128|-52|-67|CG0195128|-52|-67|CG0195128|-52|-67|CG0195128|-52|-67|CG0195128|-52|-67|CG0195128|-52|-67|CG0195128|-52|-67|CG0195130|-45|-65|CG0195130|-45|-65|CG0195130|-45|-65|CG0195131|-40|-61|CG0195131|-40|-61|CG0195132|-55|-63|CG0195132|-55|-63|CG0195133|-46|-62|CG0195133|-46|-62|CG0195134|-36|-62|CG0195134|-36|-62|CG0195135|-38|-62|CG0195135|-38|-62|CG0195136|-46|-61|CG0195136|-46|-61|CG0195136|-46|-61|CG0195136|-46|-61|CG0195137|-42|-48|CG0195137|-42|-48|CG0195129|-46|-63|CG0195129|-46|-63
444|4|6|1800|20|CG0195160|-29|-67|CG0195165|-28|-67|CG0195166|-24|-65|CG0195167|-24|-64|CG0195168|-24|-64|CG0195169|-26|-65|CG0195170|-27|-64|CG0195171|-27|-65|CG0195172|-28|-65|CG0195171|-27|-65|CG0195172|-28|-65|CG0195171|-27|-65|CG0195172|-28|-65|CG0195172|-28|-65|CG0195172|-28|-65|CG0195172|-28|-65|CG0195161|-28|-65|CG0195162|-33|-66|CG0195163|-33|-68|CG0195164|-33|-68
444|4|7|986|7|CG0252963|-19|-74|CG0252964|-19|-72|CG0252965|-19|-71|CG0252951|-35|-72|CG0252952|-24|-57|CG0252952|-24|-57|CG0252953|-21|-66
444|4|8|1000|2|CG0195157|-52|-77|CG0195158|-75|-58
444|4|9|1000|1|CG0195159|-41|-64
444|4|10|1500|14|CG0195144|-37|-46|CG0195149|-38|-47|CG0195150|-45|-50|CG0195151|-37|-65|CG0195152|-23|-76|CG0195153|-18|-84|CG0195154|-23|-80|CG0195154|-23|-80|CG0195155|-29|-67|CG0195156|-31|-56|CG0195145|-24|-53|CG0195146|-23|-44|CG0195147|-23|-41|CG0195148|-23|-36
444|5|0|4500|69|CG0195233|-26|-66|CG0195234|-26|-65|CG0195235|-26|-65|CG0195236|-25|-66|CG0195237|-25|-67|CG0195238|-25|-67|CG0195233|-26|-66|CG0195233|-26|-66|CG0195234|-26|-65|CG0195234|-26|-65|CG0195235|-26|-65|CG0195235|-26|-65|CG0195236|-25|-66|CG0195236|-25|-66|CG0195237|-25|-67|CG0195237|-25|-67|CG0195238|-25|-67|CG0195238|-25|-67|CG0195233|-26|-66|CG0195233|-26|-66|CG0195234|-26|-65|CG0195234|-26|-65|CG0195235|-26|-65|CG0195235|-26|-65|CG0195236|-25|-66|CG0195236|-25|-66|CG0195237|-25|-67|CG0195237|-25|-67|CG0195238|-25|-67|CG0195238|-25|-67|CG0195239|-26|-66|CG0195240|-28|-63|CG0195241|-27|-64|CG0195233|-26|-66|CG0195233|-26|-66|CG0195234|-26|-65|CG0195234|-26|-65|CG0195235|-26|-65|CG0195235|-26|-65|CG0195236|-25|-66|CG0195236|-25|-66|CG0195237|-25|-67|CG0195237|-25|-67|CG0195238|-25|-67|CG0195238|-25|-67|CG0195239|-26|-66|CG0195240|-28|-63|CG0195241|-27|-64|CG0195239|-26|-66|CG0195240|-28|-63|CG0195241|-27|-64|CG0195233|-26|-66|CG0195233|-26|-66|CG0195234|-26|-65|CG0195234|-26|-65|CG0195235|-26|-65|CG0195235|-26|-65|CG0195236|-25|-66|CG0195236|-25|-66|CG0195237|-25|-67|CG0195237|-25|-67|CG0195238|-25|-67|CG0195238|-25|-67|CG0195233|-26|-66|CG0195234|-26|-65|CG0195235|-26|-65|CG0195236|-25|-66|CG0195237|-25|-67|CG0195238|-25|-67
444|5|1|1000|6|CG0195242|-26|-70|CG0195243|-25|-69|CG0195244|-26|-69|CG0195245|-25|-70|CG0195246|-25|-70|CG0195247|-26|-70
444|5|2|500|10|CG0195724|-25|-68|CG0195725|-26|-66|CG0195726|-28|-63|CG0195727|-27|-64|CG0195727|-27|-64|CG0195724|-25|-68|CG0195725|-26|-66|CG0195726|-28|-63|CG0195727|-27|-64|CG0195727|-27|-64
444|5|3|300|6|CG0195198|-25|-72|CG0195199|-26|-71|CG0195200|-25|-62|CG0195201|-26|-62|CG0195202|-26|-59|CG0195203|-25|-66
444|5|4|100|1|CG0196544|-24|-45
444|5|5|1000|28|CG0195188|-25|-75|CG0195188|-25|-75|CG0195188|-25|-75|CG0195188|-25|-75|CG0195188|-25|-75|CG0195188|-25|-75|CG0195188|-25|-75|CG0195190|-22|-70|CG0195190|-22|-70|CG0195190|-22|-70|CG0195191|-20|-66|CG0195191|-20|-66|CG0195192|-25|-72|CG0195192|-25|-72|CG0195193|-26|-69|CG0195193|-26|-69|CG0195194|-27|-67|CG0195194|-27|-67|CG0195195|-27|-66|CG0195195|-27|-66|CG0195196|-25|-68|CG0195196|-25|-68|CG0195196|-25|-68|CG0195196|-25|-68|CG0195197|-26|-53|CG0195197|-26|-53|CG0195189|-26|-70|CG0195189|-26|-70
444|5|6|1800|20|CG0195220|-27|-71|CG0195225|-27|-70|CG0195226|-28|-66|CG0195227|-28|-65|CG0195228|-28|-66|CG0195229|-27|-67|CG0195230|-27|-67|CG0195231|-28|-68|CG0195232|-27|-68|CG0195231|-28|-68|CG0195232|-27|-68|CG0195231|-28|-68|CG0195232|-27|-68|CG0195232|-27|-68|CG0195232|-27|-68|CG0195232|-27|-68|CG0195221|-27|-68|CG0195222|-27|-69|CG0195223|-26|-70|CG0195224|-26|-71
444|5|7|986|7|CG0252985|-23|-73|CG0252986|-21|-72|CG0252987|-19|-71|CG0252973|-17|-76|CG0252974|-10|-50|CG0252974|-10|-50|CG0252975|-26|-63
444|5|8|1000|2|CG0195217|-30|-82|CG0195218|-32|-70
444|5|9|1000|1|CG0195219|-24|-64
444|5|10|1500|14|CG0195204|-27|-54|CG0195209|-20|-50|CG0195210|-12|-55|CG0195211|-12|-65|CG0195212|-15|-73|CG0195213|-18|-79|CG0195214|-22|-77|CG0195214|-22|-77|CG0195215|-31|-68|CG0195216|-33|-57|CG0195205|-33|-50|CG0195206|-33|-38|CG0195207|-33|-34|CG0195208|-33|-31
444|6|0|4500|69|CG0195293|-35|-60|CG0195294|-34|-59|CG0195295|-34|-59|CG0195296|-34|-60|CG0195297|-34|-61|CG0195298|-34|-62|CG0195293|-35|-60|CG0195293|-35|-60|CG0195294|-34|-59|CG0195294|-34|-59|CG0195295|-34|-59|CG0195295|-34|-59|CG0195296|-34|-60|CG0195296|-34|-60|CG0195297|-34|-61|CG0195297|-34|-61|CG0195298|-34|-62|CG0195298|-34|-62|CG0195293|-35|-60|CG0195293|-35|-60|CG0195294|-34|-59|CG0195294|-34|-59|CG0195295|-34|-59|CG0195295|-34|-59|CG0195296|-34|-60|CG0195296|-34|-60|CG0195297|-34|-61|CG0195297|-34|-61|CG0195298|-34|-62|CG0195298|-34|-62|CG0195299|-36|-60|CG0195300|-39|-58|CG0195301|-36|-59|CG0195293|-35|-60|CG0195293|-35|-60|CG0195294|-34|-59|CG0195294|-34|-59|CG0195295|-34|-59|CG0195295|-34|-59|CG0195296|-34|-60|CG0195296|-34|-60|CG0195297|-34|-61|CG0195297|-34|-61|CG0195298|-34|-62|CG0195298|-34|-62|CG0195299|-36|-60|CG0195300|-39|-58|CG0195301|-36|-59|CG0195299|-36|-60|CG0195300|-39|-58|CG0195301|-36|-59|CG0195293|-35|-60|CG0195293|-35|-60|CG0195294|-34|-59|CG0195294|-34|-59|CG0195295|-34|-59|CG0195295|-34|-59|CG0195296|-34|-60|CG0195296|-34|-60|CG0195297|-34|-61|CG0195297|-34|-61|CG0195298|-34|-62|CG0195298|-34|-62|CG0195293|-35|-60|CG0195294|-34|-59|CG0195295|-34|-59|CG0195296|-34|-60|CG0195297|-34|-61|CG0195298|-34|-62
444|6|1|1000|6|CG0195302|-38|-66|CG0195303|-37|-66|CG0195304|-37|-67|CG0195305|-37|-66|CG0195306|-37|-66|CG0195307|-37|-66
444|6|2|500|10|CG0195785|-34|-62|CG0195786|-36|-60|CG0195787|-39|-58|CG0195788|-36|-59|CG0195788|-36|-59|CG0195785|-34|-62|CG0195786|-36|-60|CG0195787|-39|-58|CG0195788|-36|-59|CG0195788|-36|-59
444|6|3|300|6|CG0195258|-35|-62|CG0195259|-36|-61|CG0195260|-37|-55|CG0195261|-40|-56|CG0195262|-50|-54|CG0195263|-43|-57
444|6|4|100|1|CG0196584|-20|-48
444|6|5|1000|28|CG0195248|-25|-67|CG0195248|-25|-67|CG0195248|-25|-67|CG0195248|-25|-67|CG0195248|-25|-67|CG0195248|-25|-67|CG0195248|-25|-67|CG0195250|-34|-62|CG0195250|-34|-62|CG0195250|-34|-62|CG0195251|-46|-58|CG0195251|-46|-58|CG0195252|-30|-66|CG0195252|-30|-66|CG0195253|-50|-65|CG0195253|-50|-65|CG0195254|-43|-58|CG0195254|-43|-58|CG0195255|-31|-56|CG0195255|-31|-56|CG0195256|-27|-60|CG0195256|-27|-60|CG0195256|-27|-60|CG0195256|-27|-60|CG0195257|-47|-47|CG0195257|-47|-47|CG0195249|-35|-63|CG0195249|-35|-63
444|6|6|1800|20|CG0195280|-34|-67|CG0195285|-37|-66|CG0195286|-36|-64|CG0195287|-32|-63|CG0195288|-33|-64|CG0195289|-34|-64|CG0195290|-31|-65|CG0195291|-30|-65|CG0195292|-29|-65|CG0195291|-30|-65|CG0195292|-29|-65|CG0195291|-30|-65|CG0195292|-29|-65|CG0195292|-29|-65|CG0195292|-29|-65|CG0195292|-29|-65|CG0195281|-33|-65|CG0195282|-35|-66|CG0195283|-36|-67|CG0195284|-35|-67
444|6|7|986|7|CG0253007|-18|-74|CG0253008|-17|-73|CG0253009|-17|-73|CG0252995|-16|-77|CG0252996|-27|-48|CG0252996|-27|-48|CG0252997|-32|-63
444|6|8|1000|2|CG0195277|-28|-68|CG0195278|-30|-68
444|6|9|1000|1|CG0195279|-37|-58
444|6|10|1500|14|CG0195264|-33|-57|CG0195269|-33|-48|CG0195270|-33|-48|CG0195271|-34|-49|CG0195272|-34|-53|CG0195273|-34|-59|CG0195274|-36|-62|CG0195274|-36|-62|CG0195275|-40|-58|CG0195276|-45|-49|CG0195265|-47|-38|CG0195266|-47|-28|CG0195267|-47|-28|CG0195268|-47|-28
444|7|0|4500|69|CG0195353|-47|-52|CG0195354|-47|-52|CG0195355|-47|-52|CG0195356|-46|-53|CG0195357|-46|-54|CG0195358|-47|-54|CG0195353|-47|-52|CG0195353|-47|-52|CG0195354|-47|-52|CG0195354|-47|-52|CG0195355|-47|-52|CG0195355|-47|-52|CG0195356|-46|-53|CG0195356|-46|-53|CG0195357|-46|-54|CG0195357|-46|-54|CG0195358|-47|-54|CG0195358|-47|-54|CG0195353|-47|-52|CG0195353|-47|-52|CG0195354|-47|-52|CG0195354|-47|-52|CG0195355|-47|-52|CG0195355|-47|-52|CG0195356|-46|-53|CG0195356|-46|-53|CG0195357|-46|-54|CG0195357|-46|-54|CG0195358|-47|-54|CG0195358|-47|-54|CG0195359|-47|-53|CG0195360|-48|-52|CG0195361|-48|-53|CG0195353|-47|-52|CG0195353|-47|-52|CG0195354|-47|-52|CG0195354|-47|-52|CG0195355|-47|-52|CG0195355|-47|-52|CG0195356|-46|-53|CG0195356|-46|-53|CG0195357|-46|-54|CG0195357|-46|-54|CG0195358|-47|-54|CG0195358|-47|-54|CG0195359|-47|-53|CG0195360|-48|-52|CG0195361|-48|-53|CG0195359|-47|-53|CG0195360|-48|-52|CG0195361|-48|-53|CG0195353|-47|-52|CG0195353|-47|-52|CG0195354|-47|-52|CG0195354|-47|-52|CG0195355|-47|-52|CG0195355|-47|-52|CG0195356|-46|-53|CG0195356|-46|-53|CG0195357|-46|-54|CG0195357|-46|-54|CG0195358|-47|-54|CG0195358|-47|-54|CG0195353|-47|-52|CG0195354|-47|-52|CG0195355|-47|-52|CG0195356|-46|-53|CG0195357|-46|-54|CG0195358|-47|-54
444|7|1|1000|6|CG0195362|-47|-60|CG0195363|-47|-60|CG0195364|-48|-62|CG0195365|-47|-61|CG0195366|-47|-60|CG0195367|-48|-61
444|7|2|500|10|CG0195846|-47|-57|CG0195847|-47|-59|CG0195848|-48|-59|CG0195849|-48|-57|CG0195849|-48|-57|CG0195846|-47|-57|CG0195847|-47|-59|CG0195848|-48|-59|CG0195849|-48|-57|CG0195849|-48|-57
444|7|3|300|6|CG0195318|-47|-45|CG0195319|-47|-45|CG0195320|-50|-46|CG0195321|-53|-52|CG0195322|-58|-54|CG0195323|-57|-47
444|7|4|100|1|CG0196624|-25|-51
444|7|5|1000|28|CG0195308|-32|-48|CG0195308|-32|-48|CG0195308|-32|-48|CG0195308|-32|-48|CG0195308|-32|-48|CG0195308|-32|-48|CG0195308|-32|-48|CG0195310|-46|-45|CG0195310|-46|-45|CG0195310|-46|-45|CG0195311|-59|-44|CG0195311|-59|-44|CG0195312|-40|-47|CG0195312|-40|-47|CG0195313|-59|-51|CG0195313|-59|-51|CG0195314|-52|-45|CG0195314|-52|-45|CG0195315|-41|-45|CG0195315|-41|-45|CG0195316|-35|-48|CG0195316|-35|-48|CG0195316|-35|-48|CG0195316|-35|-48|CG0195317|-60|-49|CG0195317|-60|-49|CG0195309|-45|-48|CG0195309|-45|-48
444|7|6|1800|20|CG0195340|-46|-58|CG0195345|-51|-58|CG0195346|-49|-57|CG0195347|-43|-57|CG0195348|-43|-59|CG0195349|-44|-60|CG0195350|-39|-59|CG0195351|-32|-60|CG0195352|-32|-62|CG0195351|-32|-60|CG0195352|-32|-62|CG0195351|-32|-60|CG0195352|-32|-62|CG0195352|-32|-62|CG0195352|-32|-62|CG0195352|-32|-62|CG0195341|-37|-58|CG0195342|-45|-57|CG0195343|-46|-57|CG0195344|-47|-58
444|7|7|986|7|CG0253029|-18|-74|CG0253030|-18|-74|CG0253031|-18|-74|CG0253017|-21|-72|CG0253018|-41|-54|CG0253018|-41|-54|CG0253019|-24|-67
444|7|8|1000|2|CG0195337|-18|-67|CG0195338|-24|-50
444|7|9|1000|1|CG0195339|-36|-47
444|7|10|1500|14|CG0195324|-46|-54|CG0195329|-42|-44|CG0195330|-38|-43|CG0195331|-38|-44|CG0195332|-41|-46|CG0195333|-43|-48|CG0195334|-41|-47|CG0195334|-41|-47|CG0195335|-38|-43|CG0195336|-45|-36|CG0195325|-45|-34|CG0195326|-44|-34|CG0195327|-43|-34|CG0195328|-43|-34
