428|0|0|6000|53|CG0189118|-29|-71|CG0189120|-29|-71|CG0189121|-29|-71|CG0189122|-29|-71|CG0189123|-29|-71|CG0189118|-29|-71|CG0189120|-29|-71|CG0189121|-29|-71|CG0189122|-29|-71|CG0189123|-29|-71|CG0189118|-29|-71|CG0189118|-29|-71|CG0189120|-29|-71|CG0189120|-29|-71|CG0189121|-29|-71|CG0189121|-29|-71|CG0189122|-29|-71|CG0189122|-29|-71|CG0189123|-29|-71|CG0189123|-29|-71|CG0189118|-29|-71|CG0189118|-29|-71|CG0189120|-29|-71|CG0189120|-29|-71|CG0189121|-29|-71|CG0189121|-29|-71|CG0189122|-29|-71|CG0189122|-29|-71|CG0189123|-29|-71|CG0189123|-29|-71|CG0189118|-29|-71|CG0189120|-29|-71|CG0189121|-29|-71|CG0189122|-29|-71|CG0189123|-29|-71|CG0189118|-29|-71|CG0189120|-29|-71|CG0189121|-29|-71|CG0189122|-29|-71|CG0189123|-29|-71|CG0189118|-29|-71|CG0189120|-29|-71|CG0189121|-29|-71|CG0189122|-29|-71|CG0189123|-29|-71|CG0189124|-29|-71|CG0189124|-29|-71|CG0189124|-29|-71|CG0189125|-29|-71|CG0189126|-29|-73|CG0189126|-29|-73|CG0189127|-29|-73|CG0189119|-29|-72
428|0|1|800|6|CG0189128|-31|-69|CG0189129|-30|-73|CG0189130|-41|-72|CG0189131|-48|-71|CG0189132|-38|-72|CG0189133|-31|-71
428|0|2|400|1|CG0189093|-32|-67
428|0|3|500|6|CG0189093|-32|-67|CG0189094|-32|-74|CG0189095|-63|-82|CG0189096|-54|-72|CG0189097|-55|-64|CG0189098|-38|-67
428|0|4|100|1|CG0196344|-27|-55
428|0|5|1000|14|CG0189088|-4|-74|CG0189088|-4|-74|CG0189089|-10|-76|CG0189089|-10|-76|CG0189090|-24|-85|CG0189090|-24|-85|CG0189090|-24|-85|CG0189091|-38|-78|CG0189091|-38|-78|CG0189091|-38|-78|CG0189092|-58|-65|CG0189092|-58|-65|CG0189092|-58|-65|CG0189092|-58|-65
428|0|6|2000|18|CG0189112|-28|-71|CG0189113|-28|-69|CG0189114|-28|-69|CG0189114|-28|-69|CG0189115|-28|-69|CG0189114|-28|-69|CG0189115|-28|-69|CG0189114|-28|-69|CG0189115|-28|-69|CG0189114|-28|-69|CG0189115|-28|-69|CG0189114|-28|-69|CG0189115|-28|-69|CG0189114|-28|-69|CG0189115|-28|-69|CG0189115|-28|-69|CG0189116|-28|-71|CG0189117|-28|-71
428|0|7|986|7|CG0252875|-18|-73|CG0252876|-22|-73|CG0252877|-23|-73|CG0252863|-17|-64|CG0252864|-34|-63|CG0252864|-34|-63|CG0252865|-22|-71
428|0|8|1000|2|CG0189109|-22|-73|CG0189110|-13|-57
428|0|9|1000|1|CG0189111|-36|-47
428|0|10|1200|10|CG0189099|-42|-66|CG0189101|-43|-53|CG0189102|-39|-61|CG0189103|-40|-79|CG0189104|-31|-72|CG0189105|-24|-69|CG0189106|-41|-69|CG0189107|-59|-62|CG0189108|-61|-62|CG0189100|-61|-62
428|1|0|6000|53|CG0189164|-23|-73|CG0189166|-22|-72|CG0189167|-21|-72|CG0189168|-24|-72|CG0189169|-22|-73|CG0189164|-23|-73|CG0189166|-22|-72|CG0189167|-21|-72|CG0189168|-24|-72|CG0189169|-22|-73|CG0189164|-23|-73|CG0189164|-23|-73|CG0189166|-22|-72|CG0189166|-22|-72|CG0189167|-21|-72|CG0189167|-21|-72|CG0189168|-24|-72|CG0189168|-24|-72|CG0189169|-22|-73|CG0189169|-22|-73|CG0189164|-23|-73|CG0189164|-23|-73|CG0189166|-22|-72|CG0189166|-22|-72|CG0189167|-21|-72|CG0189167|-21|-72|CG0189168|-24|-72|CG0189168|-24|-72|CG0189169|-22|-73|CG0189169|-22|-73|CG0189164|-23|-73|CG0189166|-22|-72|CG0189167|-21|-72|CG0189168|-24|-72|CG0189169|-22|-73|CG0189164|-23|-73|CG0189166|-22|-72|CG0189167|-21|-72|CG0189168|-24|-72|CG0189169|-22|-73|CG0189164|-23|-73|CG0189166|-22|-72|CG0189167|-21|-72|CG0189168|-24|-72|CG0189169|-22|-73|CG0189170|-21|-73|CG0189170|-21|-73|CG0189170|-21|-73|CG0189171|-19|-73|CG0189172|-20|-74|CG0189172|-20|-74|CG0189173|-21|-74|CG0189165|-22|-73
428|1|1|800|6|CG0189174|-17|-72|CG0189175|-17|-77|CG0189176|-15|-75|CG0189177|-14|-74|CG0189178|-16|-76|CG0189179|-18|-75
428|1|2|400|1|CG0189139|-17|-70
428|1|3|500|6|CG0189139|-17|-70|CG0189140|-14|-77|CG0189141|-18|-87|CG0189142|-12|-77|CG0189143|-16|-68|CG0189144|-16|-72
428|1|4|100|1|CG0196384|-26|-58
428|1|5|1000|14|CG0189134|-8|-67|CG0189134|-8|-67|CG0189135|-9|-70|CG0189135|-9|-70|CG0189136|-17|-83|CG0189136|-17|-83|CG0189136|-17|-83|CG0189137|-29|-85|CG0189137|-29|-85|CG0189137|-29|-85|CG0189138|-23|-77|CG0189138|-23|-77|CG0189138|-23|-77|CG0189138|-23|-77
428|1|6|2000|18|CG0189158|-18|-72|CG0189159|-18|-71|CG0189160|-18|-70|CG0189160|-18|-70|CG0189161|-18|-69|CG0189160|-18|-70|CG0189161|-18|-69|CG0189160|-18|-70|CG0189161|-18|-69|CG0189160|-18|-70|CG0189161|-18|-69|CG0189160|-18|-70|CG0189161|-18|-69|CG0189160|-18|-70|CG0189161|-18|-69|CG0189161|-18|-69|CG0189162|-18|-70|CG0189163|-18|-71
428|1|7|986|7|CG0252897|-23|-72|CG0252898|-22|-72|CG0252899|-20|-72|CG0252885|-11|-60|CG0252886|-22|-70|CG0252886|-22|-70|CG0252887|-22|-73
428|1|8|1000|2|CG0189155|-28|-77|CG0189156|-30|-50
428|1|9|1000|1|CG0189157|-19|-47
428|1|10|1200|10|CG0189145|-16|-73|CG0189147|-16|-56|CG0189148|-16|-67|CG0189149|-16|-85|CG0189150|-16|-74|CG0189151|-21|-71|CG0189152|-21|-74|CG0189153|-22|-71|CG0189154|-20|-73|CG0189146|-19|-73
428|2|0|6000|53|CG0189210|-35|-70|CG0189212|-38|-70|CG0189213|-38|-70|CG0189214|-39|-70|CG0189215|-42|-70|CG0189210|-35|-70|CG0189212|-38|-70|CG0189213|-38|-70|CG0189214|-39|-70|CG0189215|-42|-70|CG0189210|-35|-70|CG0189210|-35|-70|CG0189212|-38|-70|CG0189212|-38|-70|CG0189213|-38|-70|CG0189213|-38|-70|CG0189214|-39|-70|CG0189214|-39|-70|CG0189215|-42|-70|CG0189215|-42|-70|CG0189210|-35|-70|CG0189210|-35|-70|CG0189212|-38|-70|CG0189212|-38|-70|CG0189213|-38|-70|CG0189213|-38|-70|CG0189214|-39|-70|CG0189214|-39|-70|CG0189215|-42|-70|CG0189215|-42|-70|CG0189210|-35|-70|CG0189212|-38|-70|CG0189213|-38|-70|CG0189214|-39|-70|CG0189215|-42|-70|CG0189210|-35|-70|CG0189212|-38|-70|CG0189213|-38|-70|CG0189214|-39|-70|CG0189215|-42|-70|CG0189210|-35|-70|CG0189212|-38|-70|CG0189213|-38|-70|CG0189214|-39|-70|CG0189215|-42|-70|CG0189216|-40|-70|CG0189216|-40|-70|CG0189216|-40|-70|CG0189217|-39|-70|CG0189218|-39|-71|CG0189218|-39|-71|CG0189219|-40|-71|CG0189211|-38|-71
428|2|1|800|6|CG0189220|-23|-69|CG0189221|-23|-72|CG0189222|-22|-71|CG0189223|-23|-71|CG0189224|-21|-72|CG0189225|-20|-71
428|2|2|400|1|CG0189185|-33|-66
428|2|3|500|6|CG0189185|-33|-66|CG0189186|-28|-74|CG0189187|-19|-81|CG0189188|-13|-72|CG0189189|-24|-63|CG0189190|-32|-66
428|2|4|100|1|CG0196424|-14|-57
428|2|5|1000|14|CG0189180|-47|-69|CG0189180|-47|-69|CG0189181|-42|-72|CG0189181|-42|-72|CG0189182|-39|-83|CG0189182|-39|-83|CG0189182|-39|-83|CG0189183|-37|-83|CG0189183|-37|-83|CG0189183|-37|-83|CG0189184|-25|-70|CG0189184|-25|-70|CG0189184|-25|-70|CG0189184|-25|-70
428|2|6|2000|18|CG0189204|-27|-70|CG0189205|-25|-70|CG0189206|-23|-70|CG0189206|-23|-70|CG0189207|-23|-69|CG0189206|-23|-70|CG0189207|-23|-69|CG0189206|-23|-70|CG0189207|-23|-69|CG0189206|-23|-70|CG0189207|-23|-69|CG0189206|-23|-70|CG0189207|-23|-69|CG0189206|-23|-70|CG0189207|-23|-69|CG0189207|-23|-69|CG0189208|-25|-68|CG0189209|-27|-69
428|2|7|986|7|CG0252919|-18|-72|CG0252920|-13|-72|CG0252921|-10|-71|CG0252907|-29|-60|CG0252908|-24|-70|CG0252908|-24|-70|CG0252909|-26|-71
428|2|8|1000|2|CG0189201|-42|-74|CG0189202|-44|-52
428|2|9|1000|1|CG0189203|-30|-45
428|2|10|1200|10|CG0189191|-18|-65|CG0189193|-18|-50|CG0189194|-21|-59|CG0189195|-22|-79|CG0189196|-26|-71|CG0189197|-24|-69|CG0189198|-12|-68|CG0189199|-9|-62|CG0189200|-10|-61|CG0189192|-7|-60
428|3|0|6000|53|CG0189256|-27|-69|CG0189258|-34|-69|CG0189259|-32|-69|CG0189260|-33|-69|CG0189261|-38|-69|CG0189256|-27|-69|CG0189258|-34|-69|CG0189259|-32|-69|CG0189260|-33|-69|CG0189261|-38|-69|CG0189256|-27|-69|CG0189256|-27|-69|CG0189258|-34|-69|CG0189258|-34|-69|CG0189259|-32|-69|CG0189259|-32|-69|CG0189260|-33|-69|CG0189260|-33|-69|CG0189261|-38|-69|CG0189261|-38|-69|CG0189256|-27|-69|CG0189256|-27|-69|CG0189258|-34|-69|CG0189258|-34|-69|CG0189259|-32|-69|CG0189259|-32|-69|CG0189260|-33|-69|CG0189260|-33|-69|CG0189261|-38|-69|CG0189261|-38|-69|CG0189256|-27|-69|CG0189258|-34|-69|CG0189259|-32|-69|CG0189260|-33|-69|CG0189261|-38|-69|CG0189256|-27|-69|CG0189258|-34|-69|CG0189259|-32|-69|CG0189260|-33|-69|CG0189261|-38|-69|CG0189256|-27|-69|CG0189258|-34|-69|CG0189259|-32|-69|CG0189260|-33|-69|CG0189261|-38|-69|CG0189262|-38|-69|CG0189262|-38|-69|CG0189262|-38|-69|CG0189263|-38|-70|CG0189264|-38|-70|CG0189264|-38|-70|CG0189265|-38|-69|CG0189257|-34|-69
428|3|1|800|6|CG0189266|-23|-62|CG0189267|-24|-65|CG0189268|-22|-63|CG0189269|-24|-63|CG0189270|-22|-65|CG0189271|-20|-65
428|3|2|400|1|CG0189231|-36|-59
428|3|3|500|6|CG0189231|-36|-59|CG0189232|-30|-67|CG0189233|-19|-69|CG0189234|-12|-65|CG0189235|-23|-53|CG0189236|-29|-57
428|3|4|100|1|CG0196464|-10|-51
428|3|5|1000|14|CG0189226|-63|-82|CG0189226|-63|-82|CG0189227|-55|-82|CG0189227|-55|-82|CG0189228|-39|-85|CG0189228|-39|-85|CG0189228|-39|-85|CG0189229|-40|-74|CG0189229|-40|-74|CG0189229|-40|-74|CG0189230|-22|-63|CG0189230|-22|-63|CG0189230|-22|-63|CG0189230|-22|-63
428|3|6|2000|18|CG0189250|-28|-70|CG0189251|-27|-71|CG0189252|-25|-72|CG0189252|-25|-72|CG0189253|-24|-71|CG0189252|-25|-72|CG0189253|-24|-71|CG0189252|-25|-72|CG0189253|-24|-71|CG0189252|-25|-72|CG0189253|-24|-71|CG0189252|-25|-72|CG0189253|-24|-71|CG0189252|-25|-72|CG0189253|-24|-71|CG0189253|-24|-71|CG0189254|-26|-69|CG0189255|-29|-69
428|3|7|986|7|CG0252941|-14|-72|CG0252942|-12|-72|CG0252943|-14|-71|CG0252929|-40|-65|CG0252930|-29|-66|CG0252930|-29|-66|CG0252931|-21|-69
428|3|8|1000|2|CG0189247|-48|-68|CG0189248|-57|-63
428|3|9|1000|1|CG0189249|-29|-36
428|3|10|1200|10|CG0189237|-24|-57|CG0189239|-22|-59|CG0189240|-24|-57|CG0189241|-28|-64|CG0189242|-33|-68|CG0189243|-26|-66|CG0189244|-7|-54|CG0189245|-1|-42|CG0189246|-1|-36|CG0189238|-7|-32
428|4|0|6000|53|CG0189302|-25|-70|CG0189304|-26|-70|CG0189305|-24|-70|CG0189306|-31|-70|CG0189307|-32|-70|CG0189302|-25|-70|CG0189304|-26|-70|CG0189305|-24|-70|CG0189306|-31|-70|CG0189307|-32|-70|CG0189302|-25|-70|CG0189302|-25|-70|CG0189304|-26|-70|CG0189304|-26|-70|CG0189305|-24|-70|CG0189305|-24|-70|CG0189306|-31|-70|CG0189306|-31|-70|CG0189307|-32|-70|CG0189307|-32|-70|CG0189302|-25|-70|CG0189302|-25|-70|CG0189304|-26|-70|CG0189304|-26|-70|CG0189305|-24|-70|CG0189305|-24|-70|CG0189306|-31|-70|CG0189306|-31|-70|CG0189307|-32|-70|CG0189307|-32|-70|CG0189302|-25|-70|CG0189304|-26|-70|CG0189305|-24|-70|CG0189306|-31|-70|CG0189307|-32|-70|CG0189302|-25|-70|CG0189304|-26|-70|CG0189305|-24|-70|CG0189306|-31|-70|CG0189307|-32|-70|CG0189302|-25|-70|CG0189304|-26|-70|CG0189305|-24|-70|CG0189306|-31|-70|CG0189307|-32|-70|CG0189308|-30|-70|CG0189308|-30|-70|CG0189308|-30|-70|CG0189309|-31|-71|CG0189310|-31|-70|CG0189310|-31|-70|CG0189311|-31|-69|CG0189303|-28|-69
428|4|1|800|6|CG0189312|-23|-60|CG0189313|-24|-62|CG0189314|-23|-63|CG0189315|-23|-60|CG0189316|-22|-63|CG0189317|-20|-61
428|4|2|400|1|CG0189277|-25|-55
428|4|3|500|6|CG0189277|-25|-55|CG0189278|-22|-64|CG0189279|-25|-66|CG0189280|-22|-66|CG0189281|-22|-55|CG0189282|-26|-50
428|4|4|100|1|CG0196504|-21|-46
428|4|5|1000|14|CG0189272|-63|-99|CG0189272|-63|-99|CG0189273|-54|-97|CG0189273|-54|-97|CG0189274|-35|-92|CG0189274|-35|-92|CG0189274|-35|-92|CG0189275|-30|-62|CG0189275|-30|-62|CG0189275|-30|-62|CG0189276|-21|-57|CG0189276|-21|-57|CG0189276|-21|-57|CG0189276|-21|-57
428|4|6|2000|18|CG0189296|-26|-71|CG0189297|-25|-73|CG0189298|-23|-73|CG0189298|-23|-73|CG0189299|-23|-73|CG0189298|-23|-73|CG0189299|-23|-73|CG0189298|-23|-73|CG0189299|-23|-73|CG0189298|-23|-73|CG0189299|-23|-73|CG0189298|-23|-73|CG0189299|-23|-73|CG0189298|-23|-73|CG0189299|-23|-73|CG0189299|-23|-73|CG0189300|-24|-72|CG0189301|-27|-71
428|4|7|986|7|CG0252963|-19|-74|CG0252964|-19|-72|CG0252965|-19|-71|CG0252951|-35|-72|CG0252952|-24|-57|CG0252952|-24|-57|CG0252953|-21|-66
428|4|8|1000|2|CG0189293|-35|-60|CG0189294|-52|-77
428|4|9|1000|1|CG0189295|-24|-38
428|4|10|1200|10|CG0189283|-21|-62|CG0189285|-20|-64|CG0189286|-23|-63|CG0189287|-26|-62|CG0189288|-28|-68|CG0189289|-18|-64|CG0189290|-12|-50|CG0189291|-8|-26|CG0189292|-10|-34|CG0189284|-8|-18
428|5|0|6000|53|CG0189348|-20|-70|CG0189350|-17|-70|CG0189351|-17|-70|CG0189352|-19|-70|CG0189353|-19|-70|CG0189348|-20|-70|CG0189350|-17|-70|CG0189351|-17|-70|CG0189352|-19|-70|CG0189353|-19|-70|CG0189348|-20|-70|CG0189348|-20|-70|CG0189350|-17|-70|CG0189350|-17|-70|CG0189351|-17|-70|CG0189351|-17|-70|CG0189352|-19|-70|CG0189352|-19|-70|CG0189353|-19|-70|CG0189353|-19|-70|CG0189348|-20|-70|CG0189348|-20|-70|CG0189350|-17|-70|CG0189350|-17|-70|CG0189351|-17|-70|CG0189351|-17|-70|CG0189352|-19|-70|CG0189352|-19|-70|CG0189353|-19|-70|CG0189353|-19|-70|CG0189348|-20|-70|CG0189350|-17|-70|CG0189351|-17|-70|CG0189352|-19|-70|CG0189353|-19|-70|CG0189348|-20|-70|CG0189350|-17|-70|CG0189351|-17|-70|CG0189352|-19|-70|CG0189353|-19|-70|CG0189348|-20|-70|CG0189350|-17|-70|CG0189351|-17|-70|CG0189352|-19|-70|CG0189353|-19|-70|CG0189354|-19|-71|CG0189354|-19|-71|CG0189354|-19|-71|CG0189355|-19|-70|CG0189356|-20|-70|CG0189356|-20|-70|CG0189357|-21|-70|CG0189349|-23|-70
428|5|1|800|6|CG0189358|-17|-60|CG0189359|-16|-62|CG0189360|-17|-64|CG0189361|-19|-61|CG0189362|-15|-65|CG0189363|-15|-62
428|5|2|400|1|CG0189323|-18|-60
428|5|3|500|6|CG0189323|-18|-60|CG0189324|-17|-63|CG0189325|-24|-63|CG0189326|-24|-65|CG0189327|-16|-55|CG0189328|-17|-54
428|5|4|100|1|CG0196544|-24|-45
428|5|5|1000|14|CG0189318|-30|-106|CG0189318|-30|-106|CG0189319|-29|-103|CG0189319|-29|-103|CG0189320|-26|-95|CG0189320|-26|-95|CG0189320|-26|-95|CG0189321|-10|-55|CG0189321|-10|-55|CG0189321|-10|-55|CG0189322|-10|-48|CG0189322|-10|-48|CG0189322|-10|-48|CG0189322|-10|-48
428|5|6|2000|18|CG0189342|-16|-75|CG0189343|-16|-75|CG0189344|-16|-75|CG0189344|-16|-75|CG0189345|-16|-74|CG0189344|-16|-75|CG0189345|-16|-74|CG0189344|-16|-75|CG0189345|-16|-74|CG0189344|-16|-75|CG0189345|-16|-74|CG0189344|-16|-75|CG0189345|-16|-74|CG0189344|-16|-75|CG0189345|-16|-74|CG0189345|-16|-74|CG0189346|-16|-74|CG0189347|-16|-74
428|5|7|986|7|CG0252985|-23|-73|CG0252986|-21|-72|CG0252987|-19|-71|CG0252973|-17|-76|CG0252974|-10|-50|CG0252974|-10|-50|CG0252975|-26|-63
428|5|8|1000|2|CG0189339|-28|-58|CG0189340|-30|-88
428|5|9|1000|1|CG0189341|-21|-39
428|5|10|1200|10|CG0189329|-17|-62|CG0189331|-17|-64|CG0189332|-17|-64|CG0189333|-16|-63|CG0189334|-15|-69|CG0189335|-20|-65|CG0189336|-23|-48|CG0189337|-25|-20|CG0189338|-22|-28|CG0189330|-22|-15
428|6|0|6000|53|CG0189394|-28|-69|CG0189396|-28|-69|CG0189397|-28|-69|CG0189398|-28|-69|CG0189399|-28|-69|CG0189394|-28|-69|CG0189396|-28|-69|CG0189397|-28|-69|CG0189398|-28|-69|CG0189399|-28|-69|CG0189394|-28|-69|CG0189394|-28|-69|CG0189396|-28|-69|CG0189396|-28|-69|CG0189397|-28|-69|CG0189397|-28|-69|CG0189398|-28|-69|CG0189398|-28|-69|CG0189399|-28|-69|CG0189399|-28|-69|CG0189394|-28|-69|CG0189394|-28|-69|CG0189396|-28|-69|CG0189396|-28|-69|CG0189397|-28|-69|CG0189397|-28|-69|CG0189398|-28|-69|CG0189398|-28|-69|CG0189399|-28|-69|CG0189399|-28|-69|CG0189394|-28|-69|CG0189396|-28|-69|CG0189397|-28|-69|CG0189398|-28|-69|CG0189399|-28|-69|CG0189394|-28|-69|CG0189396|-28|-69|CG0189397|-28|-69|CG0189398|-28|-69|CG0189399|-28|-69|CG0189394|-28|-69|CG0189396|-28|-69|CG0189397|-28|-69|CG0189398|-28|-69|CG0189399|-28|-69|CG0189400|-28|-69|CG0189400|-28|-69|CG0189400|-28|-69|CG0189401|-29|-68|CG0189402|-29|-70|CG0189402|-29|-70|CG0189403|-29|-70|CG0189395|-29|-70
428|6|1|800|6|CG0189404|-48|-59|CG0189405|-40|-63|CG0189406|-34|-64|CG0189407|-39|-61|CG0189408|-32|-65|CG0189409|-43|-61
428|6|2|400|1|CG0189369|-33|-63
428|6|3|500|6|CG0189369|-33|-63|CG0189370|-47|-64|CG0189371|-70|-70|CG0189372|-58|-67|CG0189373|-53|-58|CG0189374|-40|-56
428|6|4|100|1|CG0196584|-20|-48
428|6|5|1000|14|CG0189364|-16|-101|CG0189364|-16|-101|CG0189365|-19|-99|CG0189365|-19|-99|CG0189366|-14|-94|CG0189366|-14|-94|CG0189366|-14|-94|CG0189367|-32|-56|CG0189367|-32|-56|CG0189367|-32|-56|CG0189368|-52|-42|CG0189368|-52|-42|CG0189368|-52|-42|CG0189368|-52|-42
428|6|6|2000|18|CG0189388|-35|-75|CG0189389|-34|-73|CG0189390|-32|-72|CG0189390|-32|-72|CG0189391|-22|-72|CG0189390|-32|-72|CG0189391|-22|-72|CG0189390|-32|-72|CG0189391|-22|-72|CG0189390|-32|-72|CG0189391|-22|-72|CG0189390|-32|-72|CG0189391|-22|-72|CG0189390|-32|-72|CG0189391|-22|-72|CG0189391|-22|-72|CG0189392|-32|-75|CG0189393|-43|-75
428|6|7|986|7|CG0253007|-18|-74|CG0253008|-17|-73|CG0253009|-17|-73|CG0252995|-16|-77|CG0252996|-27|-48|CG0252996|-27|-48|CG0252997|-32|-63
428|6|8|1000|2|CG0189385|-26|-58|CG0189386|-27|-86
428|6|9|1000|1|CG0189387|-41|-38
428|6|10|1200|10|CG0189375|-47|-61|CG0189377|-47|-64|CG0189378|-48|-64|CG0189379|-43|-62|CG0189380|-31|-69|CG0189381|-25|-66|CG0189382|-46|-51|CG0189383|-65|-29|CG0189384|-70|-26|CG0189376|-71|-19
428|7|0|6000|53|CG0189440|-27|-68|CG0189442|-27|-68|CG0189443|-27|-68|CG0189444|-27|-68|CG0189445|-27|-68|CG0189440|-27|-68|CG0189442|-27|-68|CG0189443|-27|-68|CG0189444|-27|-68|CG0189445|-27|-68|CG0189440|-27|-68|CG0189440|-27|-68|CG0189442|-27|-68|CG0189442|-27|-68|CG0189443|-27|-68|CG0189443|-27|-68|CG0189444|-27|-68|CG0189444|-27|-68|CG0189445|-27|-68|CG0189445|-27|-68|CG0189440|-27|-68|CG0189440|-27|-68|CG0189442|-27|-68|CG0189442|-27|-68|CG0189443|-27|-68|CG0189443|-27|-68|CG0189444|-27|-68|CG0189444|-27|-68|CG0189445|-27|-68|CG0189445|-27|-68|CG0189440|-27|-68|CG0189442|-27|-68|CG0189443|-27|-68|CG0189444|-27|-68|CG0189445|-27|-68|CG0189440|-27|-68|CG0189442|-27|-68|CG0189443|-27|-68|CG0189444|-27|-68|CG0189445|-27|-68|CG0189440|-27|-68|CG0189442|-27|-68|CG0189443|-27|-68|CG0189444|-27|-68|CG0189445|-27|-68|CG0189446|-27|-68|CG0189446|-27|-68|CG0189446|-27|-68|CG0189447|-33|-68|CG0189448|-29|-69|CG0189448|-29|-69|CG0189449|-28|-70|CG0189441|-37|-69
428|7|1|800|6|CG0189450|-51|-62|CG0189451|-44|-66|CG0189452|-47|-63|CG0189453|-58|-63|CG0189454|-40|-65|CG0189455|-47|-64
428|7|2|400|1|CG0189415|-39|-60
428|7|3|500|6|CG0189415|-39|-60|CG0189416|-52|-67|CG0189417|-78|-71|CG0189418|-69|-68|CG0189419|-65|-56|CG0189420|-48|-58
428|7|4|100|1|CG0196624|-25|-51
428|7|5|1000|14|CG0189410|-12|-88|CG0189410|-12|-88|CG0189411|-19|-88|CG0189411|-19|-88|CG0189412|-19|-90|CG0189412|-19|-90|CG0189412|-19|-90|CG0189413|-44|-66|CG0189413|-44|-66|CG0189413|-44|-66|CG0189414|-77|-43|CG0189414|-77|-43|CG0189414|-77|-43|CG0189414|-77|-43
428|7|6|2000|18|CG0189434|-38|-73|CG0189435|-34|-69|CG0189436|-32|-68|CG0189436|-32|-68|CG0189437|-24|-68|CG0189436|-32|-68|CG0189437|-24|-68|CG0189436|-32|-68|CG0189437|-24|-68|CG0189436|-32|-68|CG0189437|-24|-68|CG0189436|-32|-68|CG0189437|-24|-68|CG0189436|-32|-68|CG0189437|-24|-68|CG0189437|-24|-68|CG0189438|-31|-71|CG0189439|-45|-72
428|7|7|986|7|CG0253029|-18|-74|CG0253030|-18|-74|CG0253031|-18|-74|CG0253017|-21|-72|CG0253018|-41|-54|CG0253018|-41|-54|CG0253019|-24|-67
428|7|8|1000|2|CG0189431|-28|-65|CG0189432|-13|-72
428|7|9|1000|1|CG0189433|-53|-42
428|7|10|1200|10|CG0189421|-60|-53|CG0189423|-62|-60|CG0189424|-59|-59|CG0189425|-55|-64|CG0189426|-30|-69|CG0189427|-29|-67|CG0189428|-57|-56|CG0189429|-81|-44|CG0189430|-90|-33|CG0189422|-91|-32
