451|0|0|8000|67|CG0197700|-28|-63|CG0197700|-28|-63|CG0197701|-24|-63|CG0197701|-24|-63|CG0197702|-21|-62|CG0197702|-21|-62|CG0197703|-24|-60|CG0197703|-24|-60|CG0197704|-31|-60|CG0197704|-31|-60|CG0197705|-31|-61|CG0197705|-31|-61|CG0197700|-28|-63|CG0197700|-28|-63|CG0197701|-24|-63|CG0197701|-24|-63|CG0197702|-21|-62|CG0197702|-21|-62|CG0197703|-24|-60|CG0197703|-24|-60|CG0197704|-31|-60|CG0197704|-31|-60|CG0197705|-31|-61|CG0197705|-31|-61|CG0197700|-28|-63|CG0197700|-28|-63|CG0197701|-24|-63|CG0197701|-24|-63|CG0197702|-21|-62|CG0197702|-21|-62|CG0197703|-24|-60|CG0197703|-24|-60|CG0197704|-31|-60|CG0197704|-31|-60|CG0197705|-31|-61|CG0197705|-31|-61|CG0197700|-28|-63|CG0197701|-24|-63|CG0197702|-21|-62|CG0197703|-24|-60|CG0197704|-31|-60|CG0197705|-31|-61|CG0197700|-28|-63|CG0197701|-24|-63|CG0197702|-21|-62|CG0197703|-24|-60|CG0197704|-31|-60|CG0197704|-31|-60|CG0197705|-31|-61|CG0197705|-31|-61|CG0197700|-28|-63|CG0197700|-28|-63|CG0197701|-24|-63|CG0197702|-21|-62|CG0197703|-24|-60|CG0197704|-31|-60|CG0197705|-31|-61|CG0197705|-31|-61|CG0197700|-28|-63|CG0197700|-28|-63|CG0197701|-24|-63|CG0197702|-21|-62|CG0197703|-24|-60|CG0197704|-31|-60|CG0197705|-31|-61|CG0197705|-31|-61|CG0197700|-28|-63
451|0|1|800|6|CG0197706|-24|-64|CG0197707|-34|-64|CG0197708|-34|-57|CG0197709|-32|-57|CG0197710|-28|-60|CG0197711|-23|-60
451|0|2|300|2|CG0199046|-34|-73|CG0199068|-42|-77
451|0|3|300|6|CG0197682|-35|-73|CG0197683|-34|-73|CG0197684|-32|-71|CG0197685|-39|-74|CG0197686|-30|-72|CG0197687|-37|-70
451|0|4|100|1|CG0197672|-29|-55
451|0|5|1500|21|CG0197672|-29|-55|CG0197672|-29|-55|CG0197674|-27|-59|CG0197674|-27|-59|CG0197675|-31|-58|CG0197675|-31|-58|CG0197676|-34|-55|CG0197676|-34|-55|CG0197677|-25|-51|CG0197677|-25|-51|CG0197678|-23|-44|CG0197678|-23|-44|CG0197679|-41|-55|CG0197679|-41|-55|CG0197680|-37|-61|CG0197680|-37|-61|CG0197680|-37|-61|CG0197681|-33|-58|CG0197681|-33|-58|CG0197673|-26|-58|CG0197673|-26|-58
451|0|6|2000|26|CG0197697|-26|-46|CG0197697|-26|-46|CG0197698|-28|-57|CG0197699|-28|-49|CG0197697|-26|-46|CG0197697|-26|-46|CG0197698|-28|-57|CG0197699|-28|-49|CG0197697|-26|-46|CG0197697|-26|-46|CG0197698|-28|-57|CG0197699|-28|-49|CG0197699|-28|-49|CG0197697|-26|-46|CG0197697|-26|-46|CG0197698|-28|-57|CG0197699|-28|-49|CG0197699|-28|-49|CG0197699|-28|-49|CG0197697|-26|-46|CG0197697|-26|-46|CG0197698|-28|-57|CG0197699|-28|-49|CG0197699|-28|-49|CG0197699|-28|-49|CG0197699|-28|-49
451|0|7|986|7|CG0252875|-18|-73|CG0252876|-22|-73|CG0252877|-23|-73|CG0252863|-17|-64|CG0252864|-34|-63|CG0252864|-34|-63|CG0252865|-22|-71
451|0|8|1000|2|CG0197694|-32|-61|CG0197695|-18|-44
451|0|9|1000|1|CG0197696|-25|-47
451|0|10|1000|6|CG0197688|-23|-60|CG0197689|-25|-63|CG0197690|-28|-65|CG0197691|-38|-59|CG0197692|-48|-53|CG0197693|-53|-42
451|1|0|8000|67|CG0197740|-29|-64|CG0197740|-29|-64|CG0197741|-23|-64|CG0197741|-23|-64|CG0197742|-24|-64|CG0197742|-24|-64|CG0197743|-25|-64|CG0197743|-25|-64|CG0197744|-31|-64|CG0197744|-31|-64|CG0197745|-32|-64|CG0197745|-32|-64|CG0197740|-29|-64|CG0197740|-29|-64|CG0197741|-23|-64|CG0197741|-23|-64|CG0197742|-24|-64|CG0197742|-24|-64|CG0197743|-25|-64|CG0197743|-25|-64|CG0197744|-31|-64|CG0197744|-31|-64|CG0197745|-32|-64|CG0197745|-32|-64|CG0197740|-29|-64|CG0197740|-29|-64|CG0197741|-23|-64|CG0197741|-23|-64|CG0197742|-24|-64|CG0197742|-24|-64|CG0197743|-25|-64|CG0197743|-25|-64|CG0197744|-31|-64|CG0197744|-31|-64|CG0197745|-32|-64|CG0197745|-32|-64|CG0197740|-29|-64|CG0197741|-23|-64|CG0197742|-24|-64|CG0197743|-25|-64|CG0197744|-31|-64|CG0197745|-32|-64|CG0197740|-29|-64|CG0197741|-23|-64|CG0197742|-24|-64|CG0197743|-25|-64|CG0197744|-31|-64|CG0197744|-31|-64|CG0197745|-32|-64|CG0197745|-32|-64|CG0197740|-29|-64|CG0197740|-29|-64|CG0197741|-23|-64|CG0197742|-24|-64|CG0197743|-25|-64|CG0197744|-31|-64|CG0197745|-32|-64|CG0197745|-32|-64|CG0197740|-29|-64|CG0197740|-29|-64|CG0197741|-23|-64|CG0197742|-24|-64|CG0197743|-25|-64|CG0197744|-31|-64|CG0197745|-32|-64|CG0197745|-32|-64|CG0197740|-29|-64
451|1|1|800|6|CG0197746|-21|-66|CG0197747|-21|-68|CG0197748|-22|-63|CG0197749|-24|-63|CG0197750|-24|-64|CG0197751|-23|-63
451|1|2|300|2|CG0199088|-26|-75|CG0199110|-28|-79
451|1|3|300|6|CG0197722|-20|-77|CG0197723|-20|-76|CG0197724|-20|-74|CG0197725|-19|-77|CG0197726|-24|-76|CG0197727|-23|-73
451|1|4|100|1|CG0197712|-28|-58
451|1|5|1500|21|CG0197712|-28|-58|CG0197712|-28|-58|CG0197714|-31|-60|CG0197714|-31|-60|CG0197715|-36|-58|CG0197715|-36|-58|CG0197716|-32|-57|CG0197716|-32|-57|CG0197717|-30|-51|CG0197717|-30|-51|CG0197718|-29|-46|CG0197718|-29|-46|CG0197719|-19|-61|CG0197719|-19|-61|CG0197720|-20|-65|CG0197720|-20|-65|CG0197720|-20|-65|CG0197721|-25|-61|CG0197721|-25|-61|CG0197713|-24|-61|CG0197713|-24|-61
451|1|6|2000|26|CG0197737|-21|-49|CG0197737|-21|-49|CG0197738|-30|-57|CG0197739|-33|-48|CG0197737|-21|-49|CG0197737|-21|-49|CG0197738|-30|-57|CG0197739|-33|-48|CG0197737|-21|-49|CG0197737|-21|-49|CG0197738|-30|-57|CG0197739|-33|-48|CG0197739|-33|-48|CG0197737|-21|-49|CG0197737|-21|-49|CG0197738|-30|-57|CG0197739|-33|-48|CG0197739|-33|-48|CG0197739|-33|-48|CG0197737|-21|-49|CG0197737|-21|-49|CG0197738|-30|-57|CG0197739|-33|-48|CG0197739|-33|-48|CG0197739|-33|-48|CG0197739|-33|-48
451|1|7|986|7|CG0252897|-23|-72|CG0252898|-22|-72|CG0252899|-20|-72|CG0252885|-11|-60|CG0252886|-22|-70|CG0252886|-22|-70|CG0252887|-22|-73
451|1|8|1000|2|CG0197734|-22|-57|CG0197735|-26|-43
451|1|9|1000|1|CG0197736|-23|-48
451|1|10|1000|6|CG0197728|-27|-63|CG0197729|-28|-65|CG0197730|-23|-68|CG0197731|-24|-64|CG0197732|-24|-60|CG0197733|-24|-51
451|2|0|8000|67|CG0197780|-15|-60|CG0197780|-15|-60|CG0197781|-15|-60|CG0197781|-15|-60|CG0197782|-16|-61|CG0197782|-16|-61|CG0197783|-17|-63|CG0197783|-17|-63|CG0197784|-15|-63|CG0197784|-15|-63|CG0197785|-16|-61|CG0197785|-16|-61|CG0197780|-15|-60|CG0197780|-15|-60|CG0197781|-15|-60|CG0197781|-15|-60|CG0197782|-16|-61|CG0197782|-16|-61|CG0197783|-17|-63|CG0197783|-17|-63|CG0197784|-15|-63|CG0197784|-15|-63|CG0197785|-16|-61|CG0197785|-16|-61|CG0197780|-15|-60|CG0197780|-15|-60|CG0197781|-15|-60|CG0197781|-15|-60|CG0197782|-16|-61|CG0197782|-16|-61|CG0197783|-17|-63|CG0197783|-17|-63|CG0197784|-15|-63|CG0197784|-15|-63|CG0197785|-16|-61|CG0197785|-16|-61|CG0197780|-15|-60|CG0197781|-15|-60|CG0197782|-16|-61|CG0197783|-17|-63|CG0197784|-15|-63|CG0197785|-16|-61|CG0197780|-15|-60|CG0197781|-15|-60|CG0197782|-16|-61|CG0197783|-17|-63|CG0197784|-15|-63|CG0197784|-15|-63|CG0197785|-16|-61|CG0197785|-16|-61|CG0197780|-15|-60|CG0197780|-15|-60|CG0197781|-15|-60|CG0197782|-16|-61|CG0197783|-17|-63|CG0197784|-15|-63|CG0197785|-16|-61|CG0197785|-16|-61|CG0197780|-15|-60|CG0197780|-15|-60|CG0197781|-15|-60|CG0197782|-16|-61|CG0197783|-17|-63|CG0197784|-15|-63|CG0197785|-16|-61|CG0197785|-16|-61|CG0197780|-15|-60
451|2|1|800|6|CG0197786|-16|-65|CG0197787|-13|-64|CG0197788|-14|-58|CG0197789|-17|-61|CG0197790|-15|-63|CG0197791|-17|-62
451|2|2|300|2|CG0199130|-16|-71|CG0199152|-24|-76
451|2|3|300|6|CG0197762|-13|-73|CG0197763|-10|-72|CG0197764|-10|-70|CG0197765|-20|-73|CG0197766|-14|-73|CG0197767|-6|-71
451|2|4|100|1|CG0197752|-18|-57
451|2|5|1500|21|CG0197752|-18|-57|CG0197752|-18|-57|CG0197754|-25|-58|CG0197754|-25|-58|CG0197755|-22|-56|CG0197755|-22|-56|CG0197756|-19|-58|CG0197756|-19|-58|CG0197757|-24|-56|CG0197757|-24|-56|CG0197758|-27|-52|CG0197758|-27|-52|CG0197759|-11|-53|CG0197759|-11|-53|CG0197760|-12|-58|CG0197760|-12|-58|CG0197760|-12|-58|CG0197761|-14|-55|CG0197761|-14|-55|CG0197753|-14|-56|CG0197753|-14|-56
451|2|6|2000|26|CG0197777|-14|-46|CG0197777|-14|-46|CG0197778|-18|-57|CG0197779|-22|-50|CG0197777|-14|-46|CG0197777|-14|-46|CG0197778|-18|-57|CG0197779|-22|-50|CG0197777|-14|-46|CG0197777|-14|-46|CG0197778|-18|-57|CG0197779|-22|-50|CG0197779|-22|-50|CG0197777|-14|-46|CG0197777|-14|-46|CG0197778|-18|-57|CG0197779|-22|-50|CG0197779|-22|-50|CG0197779|-22|-50|CG0197777|-14|-46|CG0197777|-14|-46|CG0197778|-18|-57|CG0197779|-22|-50|CG0197779|-22|-50|CG0197779|-22|-50|CG0197779|-22|-50
451|2|7|986|7|CG0252919|-18|-72|CG0252920|-13|-72|CG0252921|-10|-71|CG0252907|-29|-60|CG0252908|-24|-70|CG0252908|-24|-70|CG0252909|-26|-71
451|2|8|1000|2|CG0197774|-12|-52|CG0197775|-37|-48
451|2|9|1000|1|CG0197776|-26|-50
451|2|10|1000|6|CG0197768|-29|-61|CG0197769|-23|-63|CG0197770|-15|-65|CG0197771|-17|-60|CG0197772|-18|-53|CG0197773|-18|-42
451|3|0|8000|67|CG0197820|-9|-53|CG0197820|-9|-53|CG0197821|-9|-53|CG0197821|-9|-53|CG0197822|-9|-55|CG0197822|-9|-55|CG0197823|-9|-57|CG0197823|-9|-57|CG0197824|-9|-57|CG0197824|-9|-57|CG0197825|-9|-55|CG0197825|-9|-55|CG0197820|-9|-53|CG0197820|-9|-53|CG0197821|-9|-53|CG0197821|-9|-53|CG0197822|-9|-55|CG0197822|-9|-55|CG0197823|-9|-57|CG0197823|-9|-57|CG0197824|-9|-57|CG0197824|-9|-57|CG0197825|-9|-55|CG0197825|-9|-55|CG0197820|-9|-53|CG0197820|-9|-53|CG0197821|-9|-53|CG0197821|-9|-53|CG0197822|-9|-55|CG0197822|-9|-55|CG0197823|-9|-57|CG0197823|-9|-57|CG0197824|-9|-57|CG0197824|-9|-57|CG0197825|-9|-55|CG0197825|-9|-55|CG0197820|-9|-53|CG0197821|-9|-53|CG0197822|-9|-55|CG0197823|-9|-57|CG0197824|-9|-57|CG0197825|-9|-55|CG0197820|-9|-53|CG0197821|-9|-53|CG0197822|-9|-55|CG0197823|-9|-57|CG0197824|-9|-57|CG0197824|-9|-57|CG0197825|-9|-55|CG0197825|-9|-55|CG0197820|-9|-53|CG0197820|-9|-53|CG0197821|-9|-53|CG0197822|-9|-55|CG0197823|-9|-57|CG0197824|-9|-57|CG0197825|-9|-55|CG0197825|-9|-55|CG0197820|-9|-53|CG0197820|-9|-53|CG0197821|-9|-53|CG0197822|-9|-55|CG0197823|-9|-57|CG0197824|-9|-57|CG0197825|-9|-55|CG0197825|-9|-55|CG0197820|-9|-53
451|3|1|800|6|CG0197826|-14|-61|CG0197827|-16|-53|CG0197828|-25|-47|CG0197829|-28|-53|CG0197830|-19|-57|CG0197831|-13|-57
451|3|2|300|2|CG0199172|-20|-63|CG0199194|-70|-69
451|3|3|300|6|CG0197802|-14|-63|CG0197803|-7|-63|CG0197804|0|-60|CG0197805|-14|-63|CG0197806|-3|-65|CG0197807|-1|-63
451|3|4|100|1|CG0197792|-10|-51
451|3|5|1500|21|CG0197792|-10|-51|CG0197792|-10|-51|CG0197794|-13|-54|CG0197794|-13|-54|CG0197795|-19|-54|CG0197795|-19|-54|CG0197796|-23|-58|CG0197796|-23|-58|CG0197797|-22|-60|CG0197797|-22|-60|CG0197798|-25|-58|CG0197798|-25|-58|CG0197799|-5|-42|CG0197799|-5|-42|CG0197800|-6|-42|CG0197800|-6|-42|CG0197800|-6|-42|CG0197801|-8|-44|CG0197801|-8|-44|CG0197793|-8|-47|CG0197793|-8|-47
451|3|6|2000|26|CG0197817|-8|-40|CG0197817|-8|-40|CG0197818|-12|-54|CG0197819|-26|-55|CG0197817|-8|-40|CG0197817|-8|-40|CG0197818|-12|-54|CG0197819|-26|-55|CG0197817|-8|-40|CG0197817|-8|-40|CG0197818|-12|-54|CG0197819|-26|-55|CG0197819|-26|-55|CG0197817|-8|-40|CG0197817|-8|-40|CG0197818|-12|-54|CG0197819|-26|-55|CG0197819|-26|-55|CG0197819|-26|-55|CG0197817|-8|-40|CG0197817|-8|-40|CG0197818|-12|-54|CG0197819|-26|-55|CG0197819|-26|-55|CG0197819|-26|-55|CG0197819|-26|-55
451|3|7|986|7|CG0252941|-14|-72|CG0252942|-12|-72|CG0252943|-14|-71|CG0252929|-40|-65|CG0252930|-29|-66|CG0252930|-29|-66|CG0252931|-21|-69
451|3|8|1000|2|CG0197814|-19|-49|CG0197815|-31|-54
451|3|9|1000|1|CG0197816|-22|-49
451|3|10|1000|6|CG0197808|-21|-53|CG0197809|-14|-55|CG0197810|-11|-58|CG0197811|-13|-51|CG0197812|-12|-35|CG0197813|-12|-19
451|4|0|8000|67|CG0197860|-18|-48|CG0197860|-18|-48|CG0197861|-16|-48|CG0197861|-16|-48|CG0197862|-16|-50|CG0197862|-16|-50|CG0197863|-15|-51|CG0197863|-15|-51|CG0197864|-15|-50|CG0197864|-15|-50|CG0197865|-16|-49|CG0197865|-16|-49|CG0197860|-18|-48|CG0197860|-18|-48|CG0197861|-16|-48|CG0197861|-16|-48|CG0197862|-16|-50|CG0197862|-16|-50|CG0197863|-15|-51|CG0197863|-15|-51|CG0197864|-15|-50|CG0197864|-15|-50|CG0197865|-16|-49|CG0197865|-16|-49|CG0197860|-18|-48|CG0197860|-18|-48|CG0197861|-16|-48|CG0197861|-16|-48|CG0197862|-16|-50|CG0197862|-16|-50|CG0197863|-15|-51|CG0197863|-15|-51|CG0197864|-15|-50|CG0197864|-15|-50|CG0197865|-16|-49|CG0197865|-16|-49|CG0197860|-18|-48|CG0197861|-16|-48|CG0197862|-16|-50|CG0197863|-15|-51|CG0197864|-15|-50|CG0197865|-16|-49|CG0197860|-18|-48|CG0197861|-16|-48|CG0197862|-16|-50|CG0197863|-15|-51|CG0197864|-15|-50|CG0197864|-15|-50|CG0197865|-16|-49|CG0197865|-16|-49|CG0197860|-18|-48|CG0197860|-18|-48|CG0197861|-16|-48|CG0197862|-16|-50|CG0197863|-15|-51|CG0197864|-15|-50|CG0197865|-16|-49|CG0197865|-16|-49|CG0197860|-18|-48|CG0197860|-18|-48|CG0197861|-16|-48|CG0197862|-16|-50|CG0197863|-15|-51|CG0197864|-15|-50|CG0197865|-16|-49|CG0197865|-16|-49|CG0197860|-18|-48
451|4|1|800|6|CG0197866|-17|-56|CG0197867|-21|-41|CG0197868|-28|-38|CG0197869|-27|-43|CG0197870|-20|-49|CG0197871|-18|-52
451|4|2|300|2|CG0199214|-25|-51|CG0199236|-72|-58
451|4|3|300|6|CG0197842|-23|-53|CG0197843|-15|-53|CG0197844|-7|-52|CG0197845|-14|-53|CG0197846|-8|-55|CG0197847|-14|-54
451|4|4|100|1|CG0197832|-21|-46
451|4|5|1500|21|CG0197832|-21|-46|CG0197832|-21|-46|CG0197834|-18|-50|CG0197834|-18|-50|CG0197835|-18|-53|CG0197835|-18|-53|CG0197836|-26|-58|CG0197836|-26|-58|CG0197837|-33|-63|CG0197837|-33|-63|CG0197838|-27|-61|CG0197838|-27|-61|CG0197839|-11|-26|CG0197839|-11|-26|CG0197840|-9|-27|CG0197840|-9|-27|CG0197840|-9|-27|CG0197841|-12|-35|CG0197841|-12|-35|CG0197833|-16|-42|CG0197833|-16|-42
451|4|6|2000|26|CG0197857|-15|-35|CG0197857|-15|-35|CG0197858|-18|-52|CG0197859|-24|-61|CG0197857|-15|-35|CG0197857|-15|-35|CG0197858|-18|-52|CG0197859|-24|-61|CG0197857|-15|-35|CG0197857|-15|-35|CG0197858|-18|-52|CG0197859|-24|-61|CG0197859|-24|-61|CG0197857|-15|-35|CG0197857|-15|-35|CG0197858|-18|-52|CG0197859|-24|-61|CG0197859|-24|-61|CG0197859|-24|-61|CG0197857|-15|-35|CG0197857|-15|-35|CG0197858|-18|-52|CG0197859|-24|-61|CG0197859|-24|-61|CG0197859|-24|-61|CG0197859|-24|-61
451|4|7|986|7|CG0252963|-19|-74|CG0252964|-19|-72|CG0252965|-19|-71|CG0252951|-35|-72|CG0252952|-24|-57|CG0252952|-24|-57|CG0252953|-21|-66
451|4|8|1000|2|CG0197854|-30|-52|CG0197855|-18|-58
451|4|9|1000|1|CG0197856|-22|-48
451|4|10|1000|6|CG0197848|-32|-47|CG0197849|-24|-48|CG0197850|-20|-51|CG0197851|-20|-40|CG0197852|-19|-16|CG0197853|-20|-14
451|5|0|8000|67|CG0197900|-28|-46|CG0197900|-28|-46|CG0197901|-27|-47|CG0197901|-27|-47|CG0197902|-29|-47|CG0197902|-29|-47|CG0197903|-24|-46|CG0197903|-24|-46|CG0197904|-23|-47|CG0197904|-23|-47|CG0197905|-24|-47|CG0197905|-24|-47|CG0197900|-28|-46|CG0197900|-28|-46|CG0197901|-27|-47|CG0197901|-27|-47|CG0197902|-29|-47|CG0197902|-29|-47|CG0197903|-24|-46|CG0197903|-24|-46|CG0197904|-23|-47|CG0197904|-23|-47|CG0197905|-24|-47|CG0197905|-24|-47|CG0197900|-28|-46|CG0197900|-28|-46|CG0197901|-27|-47|CG0197901|-27|-47|CG0197902|-29|-47|CG0197902|-29|-47|CG0197903|-24|-46|CG0197903|-24|-46|CG0197904|-23|-47|CG0197904|-23|-47|CG0197905|-24|-47|CG0197905|-24|-47|CG0197900|-28|-46|CG0197901|-27|-47|CG0197902|-29|-47|CG0197903|-24|-46|CG0197904|-23|-47|CG0197905|-24|-47|CG0197900|-28|-46|CG0197901|-27|-47|CG0197902|-29|-47|CG0197903|-24|-46|CG0197904|-23|-47|CG0197904|-23|-47|CG0197905|-24|-47|CG0197905|-24|-47|CG0197900|-28|-46|CG0197900|-28|-46|CG0197901|-27|-47|CG0197902|-29|-47|CG0197903|-24|-46|CG0197904|-23|-47|CG0197905|-24|-47|CG0197905|-24|-47|CG0197900|-28|-46|CG0197900|-28|-46|CG0197901|-27|-47|CG0197902|-29|-47|CG0197903|-24|-46|CG0197904|-23|-47|CG0197905|-24|-47|CG0197905|-24|-47|CG0197900|-28|-46
451|5|1|800|6|CG0197906|-16|-54|CG0197907|-25|-36|CG0197908|-25|-34|CG0197909|-20|-39|CG0197910|-18|-44|CG0197911|-18|-49
451|5|2|300|2|CG0199256|-55|-48|CG0199278|-36|-54
451|5|3|300|6|CG0197882|-21|-49|CG0197883|-25|-50|CG0197884|-24|-49|CG0197885|-21|-49|CG0197886|-22|-50|CG0197887|-22|-50
451|5|4|100|1|CG0197872|-24|-43
451|5|5|1500|21|CG0197872|-24|-43|CG0197872|-24|-43|CG0197874|-20|-47|CG0197874|-20|-47|CG0197875|-20|-53|CG0197875|-20|-53|CG0197876|-23|-56|CG0197876|-23|-56|CG0197877|-29|-62|CG0197877|-29|-62|CG0197878|-18|-60|CG0197878|-18|-60|CG0197879|-33|-18|CG0197879|-33|-18|CG0197880|-35|-20|CG0197880|-35|-20|CG0197880|-35|-20|CG0197881|-30|-31|CG0197881|-30|-31|CG0197873|-27|-40|CG0197873|-27|-40
451|5|6|2000|26|CG0197897|-21|-35|CG0197897|-21|-35|CG0197898|-30|-51|CG0197899|-34|-63|CG0197897|-21|-35|CG0197897|-21|-35|CG0197898|-30|-51|CG0197899|-34|-63|CG0197897|-21|-35|CG0197897|-21|-35|CG0197898|-30|-51|CG0197899|-34|-63|CG0197899|-34|-63|CG0197897|-21|-35|CG0197897|-21|-35|CG0197898|-30|-51|CG0197899|-34|-63|CG0197899|-34|-63|CG0197899|-34|-63|CG0197897|-21|-35|CG0197897|-21|-35|CG0197898|-30|-51|CG0197899|-34|-63|CG0197899|-34|-63|CG0197899|-34|-63|CG0197899|-34|-63
451|5|7|986|7|CG0252985|-23|-73|CG0252986|-21|-72|CG0252987|-19|-71|CG0252973|-17|-76|CG0252974|-10|-50|CG0252974|-10|-50|CG0252975|-26|-63
451|5|8|1000|2|CG0197894|-26|-56|CG0197895|-23|-58
451|5|9|1000|1|CG0197896|-18|-47
451|5|10|1000|6|CG0197888|-28|-44|CG0197889|-31|-43|CG0197890|-26|-47|CG0197891|-25|-36|CG0197892|-27|-13|CG0197893|-25|-10
451|6|0|8000|67|CG0197940|-27|-51|CG0197940|-27|-51|CG0197941|-27|-51|CG0197941|-27|-51|CG0197942|-26|-49|CG0197942|-26|-49|CG0197943|-23|-48|CG0197943|-23|-48|CG0197944|-20|-49|CG0197944|-20|-49|CG0197945|-22|-50|CG0197945|-22|-50|CG0197940|-27|-51|CG0197940|-27|-51|CG0197941|-27|-51|CG0197941|-27|-51|CG0197942|-26|-49|CG0197942|-26|-49|CG0197943|-23|-48|CG0197943|-23|-48|CG0197944|-20|-49|CG0197944|-20|-49|CG0197945|-22|-50|CG0197945|-22|-50|CG0197940|-27|-51|CG0197940|-27|-51|CG0197941|-27|-51|CG0197941|-27|-51|CG0197942|-26|-49|CG0197942|-26|-49|CG0197943|-23|-48|CG0197943|-23|-48|CG0197944|-20|-49|CG0197944|-20|-49|CG0197945|-22|-50|CG0197945|-22|-50|CG0197940|-27|-51|CG0197941|-27|-51|CG0197942|-26|-49|CG0197943|-23|-48|CG0197944|-20|-49|CG0197945|-22|-50|CG0197940|-27|-51|CG0197941|-27|-51|CG0197942|-26|-49|CG0197943|-23|-48|CG0197944|-20|-49|CG0197944|-20|-49|CG0197945|-22|-50|CG0197945|-22|-50|CG0197940|-27|-51|CG0197940|-27|-51|CG0197941|-27|-51|CG0197942|-26|-49|CG0197943|-23|-48|CG0197944|-20|-49|CG0197945|-22|-50|CG0197945|-22|-50|CG0197940|-27|-51|CG0197940|-27|-51|CG0197941|-27|-51|CG0197942|-26|-49|CG0197943|-23|-48|CG0197944|-20|-49|CG0197945|-22|-50|CG0197945|-22|-50|CG0197940|-27|-51
451|6|1|800|6|CG0197946|-18|-55|CG0197947|-33|-41|CG0197948|-33|-39|CG0197949|-25|-43|CG0197950|-20|-45|CG0197951|-19|-50
451|6|2|300|2|CG0199298|-73|-52|CG0199320|-29|-60
451|6|3|300|6|CG0197922|-39|-53|CG0197923|-30|-55|CG0197924|-38|-53|CG0197925|-37|-53|CG0197926|-34|-53|CG0197927|-33|-52
451|6|4|100|1|CG0197912|-20|-47
451|6|5|1500|21|CG0197912|-20|-47|CG0197912|-20|-47|CG0197914|-19|-50|CG0197914|-19|-50|CG0197915|-22|-55|CG0197915|-22|-55|CG0197916|-17|-56|CG0197916|-17|-56|CG0197917|-19|-58|CG0197917|-19|-58|CG0197918|-32|-54|CG0197918|-32|-54|CG0197919|-50|-25|CG0197919|-50|-25|CG0197920|-45|-28|CG0197920|-45|-28|CG0197920|-45|-28|CG0197921|-36|-36|CG0197921|-36|-36|CG0197913|-29|-45|CG0197913|-29|-45
451|6|6|2000|26|CG0197937|-27|-37|CG0197937|-27|-37|CG0197938|-30|-52|CG0197939|-29|-61|CG0197937|-27|-37|CG0197937|-27|-37|CG0197938|-30|-52|CG0197939|-29|-61|CG0197937|-27|-37|CG0197937|-27|-37|CG0197938|-30|-52|CG0197939|-29|-61|CG0197939|-29|-61|CG0197937|-27|-37|CG0197937|-27|-37|CG0197938|-30|-52|CG0197939|-29|-61|CG0197939|-29|-61|CG0197939|-29|-61|CG0197937|-27|-37|CG0197937|-27|-37|CG0197938|-30|-52|CG0197939|-29|-61|CG0197939|-29|-61|CG0197939|-29|-61|CG0197939|-29|-61
451|6|7|986|7|CG0253007|-18|-74|CG0253008|-17|-73|CG0253009|-17|-73|CG0252995|-16|-77|CG0252996|-27|-48|CG0252996|-27|-48|CG0252997|-32|-63
451|6|8|1000|2|CG0197934|-21|-61|CG0197935|-28|-54
451|6|9|1000|1|CG0197936|-11|-46
451|6|10|1000|6|CG0197928|-24|-49|CG0197929|-26|-47|CG0197930|-29|-51|CG0197931|-37|-40|CG0197932|-52|-17|CG0197933|-58|-15
451|7|0|8000|67|CG0197980|-26|-57|CG0197980|-26|-57|CG0197981|-26|-57|CG0197981|-26|-57|CG0197982|-26|-55|CG0197982|-26|-55|CG0197983|-26|-53|CG0197983|-26|-53|CG0197984|-26|-54|CG0197984|-26|-54|CG0197985|-26|-55|CG0197985|-26|-55|CG0197980|-26|-57|CG0197980|-26|-57|CG0197981|-26|-57|CG0197981|-26|-57|CG0197982|-26|-55|CG0197982|-26|-55|CG0197983|-26|-53|CG0197983|-26|-53|CG0197984|-26|-54|CG0197984|-26|-54|CG0197985|-26|-55|CG0197985|-26|-55|CG0197980|-26|-57|CG0197980|-26|-57|CG0197981|-26|-57|CG0197981|-26|-57|CG0197982|-26|-55|CG0197982|-26|-55|CG0197983|-26|-53|CG0197983|-26|-53|CG0197984|-26|-54|CG0197984|-26|-54|CG0197985|-26|-55|CG0197985|-26|-55|CG0197980|-26|-57|CG0197981|-26|-57|CG0197982|-26|-55|CG0197983|-26|-53|CG0197984|-26|-54|CG0197985|-26|-55|CG0197980|-26|-57|CG0197981|-26|-57|CG0197982|-26|-55|CG0197983|-26|-53|CG0197984|-26|-54|CG0197984|-26|-54|CG0197985|-26|-55|CG0197985|-26|-55|CG0197980|-26|-57|CG0197980|-26|-57|CG0197981|-26|-57|CG0197982|-26|-55|CG0197983|-26|-53|CG0197984|-26|-54|CG0197985|-26|-55|CG0197985|-26|-55|CG0197980|-26|-57|CG0197980|-26|-57|CG0197981|-26|-57|CG0197982|-26|-55|CG0197983|-26|-53|CG0197984|-26|-54|CG0197985|-26|-55|CG0197985|-26|-55|CG0197980|-26|-57
451|7|1|800|6|CG0197986|-25|-59|CG0197987|-43|-52|CG0197988|-42|-47|CG0197989|-35|-50|CG0197990|-29|-51|CG0197991|-26|-55
451|7|2|300|2|CG0199340|-50|-63|CG0199362|-39|-70
451|7|3|300|6|CG0197962|-52|-63|CG0197963|-43|-64|CG0197964|-48|-63|CG0197965|-52|-64|CG0197966|-38|-62|CG0197967|-49|-61
451|7|4|100|1|CG0197952|-25|-49
451|7|5|1500|21|CG0197952|-25|-49|CG0197952|-25|-49|CG0197954|-21|-55|CG0197954|-21|-55|CG0197955|-15|-57|CG0197955|-15|-57|CG0197956|-20|-55|CG0197956|-20|-55|CG0197957|-18|-54|CG0197957|-18|-54|CG0197958|-37|-47|CG0197958|-37|-47|CG0197959|-59|-39|CG0197959|-59|-39|CG0197960|-54|-45|CG0197960|-54|-45|CG0197960|-54|-45|CG0197961|-41|-47|CG0197961|-41|-47|CG0197953|-33|-51|CG0197953|-33|-51
451|7|6|2000|26|CG0197977|-32|-42|CG0197977|-32|-42|CG0197978|-17|-54|CG0197979|-11|-55|CG0197977|-32|-42|CG0197977|-32|-42|CG0197978|-17|-54|CG0197979|-11|-55|CG0197977|-32|-42|CG0197977|-32|-42|CG0197978|-17|-54|CG0197979|-11|-55|CG0197979|-11|-55|CG0197977|-32|-42|CG0197977|-32|-42|CG0197978|-17|-54|CG0197979|-11|-55|CG0197979|-11|-55|CG0197979|-11|-55|CG0197977|-32|-42|CG0197977|-32|-42|CG0197978|-17|-54|CG0197979|-11|-55|CG0197979|-11|-55|CG0197979|-11|-55|CG0197979|-11|-55
451|7|7|986|7|CG0253029|-18|-74|CG0253030|-18|-74|CG0253031|-18|-74|CG0253017|-21|-72|CG0253018|-41|-54|CG0253018|-41|-54|CG0253019|-24|-67
451|7|8|1000|2|CG0197974|-26|-62|CG0197975|-20|-47
451|7|9|1000|1|CG0197976|-16|-46
451|7|10|1000|6|CG0197968|-29|-53|CG0197969|-33|-55|CG0197970|-37|-58|CG0197971|-45|-50|CG0197972|-66|-35|CG0197973|-75|-19
