460|0|0|1000|6|CG0200967|-23|-43|CG0200968|-21|-44|CG0200969|-21|-47|CG0200970|-25|-49|CG0200971|-27|-47|CG0200972|-26|-45
460|0|1|1000|6|CG0200973|-23|-45|CG0200974|-28|-48|CG0200975|-27|-46|CG0200976|-29|-43|CG0200977|-27|-45|CG0200978|-25|-45
460|0|2|500|11|CG0200938|-16|-59|CG0200941|-16|-59|CG0200942|-13|-59|CG0200943|-8|-62|CG0200944|-24|-57|CG0200945|-37|-50|CG0200946|-31|-41|CG0200947|-20|-38|CG0200948|-22|-34|CG0200939|-21|-15|CG0200940|-21|-11
460|0|3|100|1|CG0188360|-64|-128
460|0|4|400|11|CG0200940|-21|-11|CG0200939|-21|-15|CG0200948|-22|-34|CG0200947|-20|-38|CG0200946|-31|-41|CG0200945|-37|-50|CG0200944|-24|-57|CG0200943|-8|-62|CG0200942|-13|-59|CG0200941|-16|-59|CG0200938|-16|-59
460|0|5|700|72|CG0200928|-37|-65|CG0200928|-37|-65|CG0200930|-46|-68|CG0200930|-46|-68|CG0200931|-44|-67|CG0200931|-44|-67|CG0200932|-29|-68|CG0200932|-29|-68|CG0200933|-10|-72|CG0200933|-10|-72|CG0200934|-28|-70|CG0200934|-28|-70|CG0200935|-43|-63|CG0200935|-43|-63|CG0200936|-47|-54|CG0200936|-47|-54|CG0200937|-36|-64|CG0200937|-36|-64|CG0200928|-37|-65|CG0200928|-37|-65|CG0200930|-46|-68|CG0200930|-46|-68|CG0200931|-44|-67|CG0200931|-44|-67|CG0200932|-29|-68|CG0200932|-29|-68|CG0200933|-10|-72|CG0200933|-10|-72|CG0200934|-28|-70|CG0200934|-28|-70|CG0200935|-43|-63|CG0200935|-43|-63|CG0200936|-47|-54|CG0200936|-47|-54|CG0200937|-36|-64|CG0200937|-36|-64|CG0200928|-37|-65|CG0200928|-37|-65|CG0200930|-46|-68|CG0200930|-46|-68|CG0200931|-44|-67|CG0200931|-44|-67|CG0200932|-29|-68|CG0200932|-29|-68|CG0200933|-10|-72|CG0200933|-10|-72|CG0200934|-28|-70|CG0200934|-28|-70|CG0200935|-43|-63|CG0200935|-43|-63|CG0200936|-47|-54|CG0200936|-47|-54|CG0200937|-36|-64|CG0200937|-36|-64|CG0200928|-37|-65|CG0200928|-37|-65|CG0200930|-46|-68|CG0200930|-46|-68|CG0200931|-44|-67|CG0200931|-44|-67|CG0200932|-29|-68|CG0200932|-29|-68|CG0200933|-10|-72|CG0200933|-10|-72|CG0200934|-28|-70|CG0200934|-28|-70|CG0200935|-43|-63|CG0200935|-43|-63|CG0200936|-47|-54|CG0200936|-47|-54|CG0200937|-36|-64|CG0200937|-36|-64
460|0|6|2000|19|CG0200958|-21|-53|CG0200959|-25|-54|CG0200960|-31|-54|CG0200961|-32|-51|CG0200962|-36|-55|CG0200963|-35|-53|CG0200964|-36|-56|CG0200965|-33|-53|CG0200966|-34|-55|CG0200962|-36|-55|CG0200963|-35|-53|CG0200964|-36|-56|CG0200965|-33|-53|CG0200966|-34|-55|CG0200962|-36|-55|CG0200963|-35|-53|CG0200964|-36|-56|CG0200965|-33|-53|CG0200966|-34|-55
460|0|7|986|7|CG0252875|-18|-73|CG0252876|-22|-73|CG0252877|-23|-73|CG0252863|-17|-64|CG0252864|-34|-63|CG0252864|-34|-63|CG0252865|-22|-71
460|0|8|1000|2|CG0200955|-27|-46|CG0200956|-17|-49
460|0|9|1000|1|CG0200957|-24|-51
460|0|10|1500|6|CG0200949|-25|-45|CG0200950|-28|-42|CG0200951|-34|-35|CG0200952|-43|-29|CG0200953|-60|-34|CG0200954|-63|-35
460|1|0|1000|6|CG0201018|-33|-38|CG0201019|-29|-39|CG0201020|-29|-40|CG0201021|-32|-42|CG0201022|-34|-42|CG0201023|-33|-39
460|1|1|1000|6|CG0201024|-32|-38|CG0201025|-32|-43|CG0201026|-32|-44|CG0201027|-32|-41|CG0201028|-32|-40|CG0201029|-32|-39
460|1|2|500|11|CG0200989|-15|-44|CG0200992|-16|-45|CG0200993|-16|-42|CG0200994|-12|-47|CG0200995|-13|-52|CG0200996|-22|-56|CG0200997|-33|-50|CG0200998|-31|-44|CG0200999|-18|-38|CG0200990|-21|-14|CG0200991|-25|-12
460|1|3|100|1|CG0188361|-64|-128
460|1|4|400|11|CG0200991|-25|-12|CG0200990|-21|-14|CG0200999|-18|-38|CG0200998|-31|-44|CG0200997|-33|-50|CG0200996|-22|-56|CG0200995|-13|-52|CG0200994|-12|-47|CG0200993|-16|-42|CG0200992|-16|-45|CG0200989|-15|-44
460|1|5|700|72|CG0200979|-47|-68|CG0200979|-47|-68|CG0200981|-39|-66|CG0200981|-39|-66|CG0200982|-23|-70|CG0200982|-23|-70|CG0200983|-15|-72|CG0200983|-15|-72|CG0200984|-34|-68|CG0200984|-34|-68|CG0200985|-46|-59|CG0200985|-46|-59|CG0200986|-44|-58|CG0200986|-44|-58|CG0200987|-30|-67|CG0200987|-30|-67|CG0200988|-29|-70|CG0200988|-29|-70|CG0200979|-47|-68|CG0200979|-47|-68|CG0200981|-39|-66|CG0200981|-39|-66|CG0200982|-23|-70|CG0200982|-23|-70|CG0200983|-15|-72|CG0200983|-15|-72|CG0200984|-34|-68|CG0200984|-34|-68|CG0200985|-46|-59|CG0200985|-46|-59|CG0200986|-44|-58|CG0200986|-44|-58|CG0200987|-30|-67|CG0200987|-30|-67|CG0200988|-29|-70|CG0200988|-29|-70|CG0200979|-47|-68|CG0200979|-47|-68|CG0200981|-39|-66|CG0200981|-39|-66|CG0200982|-23|-70|CG0200982|-23|-70|CG0200983|-15|-72|CG0200983|-15|-72|CG0200984|-34|-68|CG0200984|-34|-68|CG0200985|-46|-59|CG0200985|-46|-59|CG0200986|-44|-58|CG0200986|-44|-58|CG0200987|-30|-67|CG0200987|-30|-67|CG0200988|-29|-70|CG0200988|-29|-70|CG0200979|-47|-68|CG0200979|-47|-68|CG0200981|-39|-66|CG0200981|-39|-66|CG0200982|-23|-70|CG0200982|-23|-70|CG0200983|-15|-72|CG0200983|-15|-72|CG0200984|-34|-68|CG0200984|-34|-68|CG0200985|-46|-59|CG0200985|-46|-59|CG0200986|-44|-58|CG0200986|-44|-58|CG0200987|-30|-67|CG0200987|-30|-67|CG0200988|-29|-70|CG0200988|-29|-70
460|1|6|2000|19|CG0201009|-31|-49|CG0201010|-32|-46|CG0201011|-27|-47|CG0201012|-20|-49|CG0201013|-24|-52|CG0201014|-23|-51|CG0201015|-23|-54|CG0201016|-21|-52|CG0201017|-21|-54|CG0201013|-24|-52|CG0201014|-23|-51|CG0201015|-23|-54|CG0201016|-21|-52|CG0201017|-21|-54|CG0201013|-24|-52|CG0201014|-23|-51|CG0201015|-23|-54|CG0201016|-21|-52|CG0201017|-21|-54
460|1|7|986|7|CG0252897|-23|-72|CG0252898|-22|-72|CG0252899|-20|-72|CG0252885|-11|-60|CG0252886|-22|-70|CG0252886|-22|-70|CG0252887|-22|-73
460|1|8|1000|2|CG0201006|-24|-43|CG0201007|-44|-46
460|1|9|1000|1|CG0201008|-21|-51
460|1|10|1500|6|CG0201000|-35|-41|CG0201001|-37|-37|CG0201002|-41|-30|CG0201003|-41|-33|CG0201004|-42|-36|CG0201005|-40|-37
460|2|0|1000|6|CG0201069|-31|-42|CG0201070|-29|-42|CG0201071|-28|-43|CG0201072|-30|-46|CG0201073|-32|-45|CG0201074|-31|-44
460|2|1|1000|6|CG0201075|-30|-44|CG0201076|-27|-48|CG0201077|-26|-47|CG0201078|-24|-46|CG0201079|-27|-46|CG0201080|-29|-45
460|2|2|500|11|CG0201040|-25|-47|CG0201043|-31|-51|CG0201044|-28|-43|CG0201045|-28|-42|CG0201046|-24|-41|CG0201047|-18|-52|CG0201048|-22|-53|CG0201049|-30|-47|CG0201050|-28|-39|CG0201041|-22|-17|CG0201042|-19|-16
460|2|3|100|1|CG0188362|-64|-128
460|2|4|400|11|CG0201042|-19|-16|CG0201041|-22|-17|CG0201050|-28|-39|CG0201049|-30|-47|CG0201048|-22|-53|CG0201047|-18|-52|CG0201046|-24|-41|CG0201045|-28|-42|CG0201044|-28|-43|CG0201043|-31|-51|CG0201040|-25|-47
460|2|5|700|72|CG0201030|-34|-66|CG0201030|-34|-66|CG0201032|-16|-72|CG0201032|-16|-72|CG0201033|-22|-72|CG0201033|-22|-72|CG0201034|-40|-65|CG0201034|-40|-65|CG0201035|-47|-55|CG0201035|-47|-55|CG0201036|-40|-62|CG0201036|-40|-62|CG0201037|-27|-69|CG0201037|-27|-69|CG0201038|-28|-70|CG0201038|-28|-70|CG0201039|-35|-66|CG0201039|-35|-66|CG0201030|-34|-66|CG0201030|-34|-66|CG0201032|-16|-72|CG0201032|-16|-72|CG0201033|-22|-72|CG0201033|-22|-72|CG0201034|-40|-65|CG0201034|-40|-65|CG0201035|-47|-55|CG0201035|-47|-55|CG0201036|-40|-62|CG0201036|-40|-62|CG0201037|-27|-69|CG0201037|-27|-69|CG0201038|-28|-70|CG0201038|-28|-70|CG0201039|-35|-66|CG0201039|-35|-66|CG0201030|-34|-66|CG0201030|-34|-66|CG0201032|-16|-72|CG0201032|-16|-72|CG0201033|-22|-72|CG0201033|-22|-72|CG0201034|-40|-65|CG0201034|-40|-65|CG0201035|-47|-55|CG0201035|-47|-55|CG0201036|-40|-62|CG0201036|-40|-62|CG0201037|-27|-69|CG0201037|-27|-69|CG0201038|-28|-70|CG0201038|-28|-70|CG0201039|-35|-66|CG0201039|-35|-66|CG0201030|-34|-66|CG0201030|-34|-66|CG0201032|-16|-72|CG0201032|-16|-72|CG0201033|-22|-72|CG0201033|-22|-72|CG0201034|-40|-65|CG0201034|-40|-65|CG0201035|-47|-55|CG0201035|-47|-55|CG0201036|-40|-62|CG0201036|-40|-62|CG0201037|-27|-69|CG0201037|-27|-69|CG0201038|-28|-70|CG0201038|-28|-70|CG0201039|-35|-66|CG0201039|-35|-66
460|2|6|2000|19|CG0201060|-32|-56|CG0201061|-28|-54|CG0201062|-19|-51|CG0201063|-17|-48|CG0201064|-16|-54|CG0201065|-16|-54|CG0201066|-16|-57|CG0201067|-16|-54|CG0201068|-17|-55|CG0201064|-16|-54|CG0201065|-16|-54|CG0201066|-16|-57|CG0201067|-16|-54|CG0201068|-17|-55|CG0201064|-16|-54|CG0201065|-16|-54|CG0201066|-16|-57|CG0201067|-16|-54|CG0201068|-17|-55
460|2|7|986|7|CG0252919|-18|-72|CG0252920|-13|-72|CG0252921|-10|-71|CG0252907|-29|-60|CG0252908|-24|-70|CG0252908|-24|-70|CG0252909|-26|-71
460|2|8|1000|2|CG0201057|-23|-46|CG0201058|-57|-49
460|2|9|1000|1|CG0201059|-24|-50
460|2|10|1500|6|CG0201051|-30|-46|CG0201052|-30|-43|CG0201053|-29|-37|CG0201054|-29|-30|CG0201055|-16|-32|CG0201056|-20|-37
460|3|0|1000|6|CG0201120|-28|-44|CG0201121|-27|-44|CG0201122|-26|-45|CG0201123|-25|-49|CG0201124|-26|-48|CG0201125|-27|-45
460|3|1|1000|6|CG0201126|-28|-46|CG0201127|-23|-49|CG0201128|-19|-49|CG0201129|-28|-46|CG0201130|-21|-48|CG0201131|-25|-47
460|3|2|500|11|CG0201091|-28|-52|CG0201094|-34|-59|CG0201095|-32|-49|CG0201096|-34|-46|CG0201097|-38|-44|CG0201098|-28|-42|CG0201099|-21|-51|CG0201100|-21|-47|CG0201101|-23|-37|CG0201092|-28|-17|CG0201093|-24|-17
460|3|3|100|1|CG0188363|-64|-128
460|3|4|400|11|CG0201093|-24|-17|CG0201092|-28|-17|CG0201101|-23|-37|CG0201100|-21|-47|CG0201099|-21|-51|CG0201098|-28|-42|CG0201097|-38|-44|CG0201096|-34|-46|CG0201095|-32|-49|CG0201094|-34|-59|CG0201091|-28|-52
460|3|5|700|72|CG0201081|-10|-72|CG0201081|-10|-72|CG0201083|-29|-70|CG0201083|-29|-70|CG0201084|-44|-62|CG0201084|-44|-62|CG0201085|-46|-55|CG0201085|-46|-55|CG0201086|-35|-65|CG0201086|-35|-65|CG0201087|-28|-70|CG0201087|-28|-70|CG0201088|-27|-69|CG0201088|-27|-69|CG0201089|-41|-66|CG0201089|-41|-66|CG0201090|-47|-68|CG0201090|-47|-68|CG0201081|-10|-72|CG0201081|-10|-72|CG0201083|-29|-70|CG0201083|-29|-70|CG0201084|-44|-62|CG0201084|-44|-62|CG0201085|-46|-55|CG0201085|-46|-55|CG0201086|-35|-65|CG0201086|-35|-65|CG0201087|-28|-70|CG0201087|-28|-70|CG0201088|-27|-69|CG0201088|-27|-69|CG0201089|-41|-66|CG0201089|-41|-66|CG0201090|-47|-68|CG0201090|-47|-68|CG0201081|-10|-72|CG0201081|-10|-72|CG0201083|-29|-70|CG0201083|-29|-70|CG0201084|-44|-62|CG0201084|-44|-62|CG0201085|-46|-55|CG0201085|-46|-55|CG0201086|-35|-65|CG0201086|-35|-65|CG0201087|-28|-70|CG0201087|-28|-70|CG0201088|-27|-69|CG0201088|-27|-69|CG0201089|-41|-66|CG0201089|-41|-66|CG0201090|-47|-68|CG0201090|-47|-68|CG0201081|-10|-72|CG0201081|-10|-72|CG0201083|-29|-70|CG0201083|-29|-70|CG0201084|-44|-62|CG0201084|-44|-62|CG0201085|-46|-55|CG0201085|-46|-55|CG0201086|-35|-65|CG0201086|-35|-65|CG0201087|-28|-70|CG0201087|-28|-70|CG0201088|-27|-69|CG0201088|-27|-69|CG0201089|-41|-66|CG0201089|-41|-66|CG0201090|-47|-68|CG0201090|-47|-68
460|3|6|2000|19|CG0201111|-28|-58|CG0201112|-26|-55|CG0201113|-22|-48|CG0201114|-20|-43|CG0201115|-20|-49|CG0201116|-19|-49|CG0201117|-19|-51|CG0201118|-19|-48|CG0201119|-20|-49|CG0201115|-20|-49|CG0201116|-19|-49|CG0201117|-19|-51|CG0201118|-19|-48|CG0201119|-20|-49|CG0201115|-20|-49|CG0201116|-19|-49|CG0201117|-19|-51|CG0201118|-19|-48|CG0201119|-20|-49
460|3|7|986|7|CG0252941|-14|-72|CG0252942|-12|-72|CG0252943|-14|-71|CG0252929|-40|-65|CG0252930|-29|-66|CG0252930|-29|-66|CG0252931|-21|-69
460|3|8|1000|2|CG0201108|-28|-44|CG0201109|-49|-64
460|3|9|1000|1|CG0201110|-29|-45
460|3|10|1500|6|CG0201102|-32|-46|CG0201103|-31|-43|CG0201104|-20|-39|CG0201105|-13|-27|CG0201106|-16|-25|CG0201107|-21|-24
460|4|0|1000|6|CG0201171|-31|-46|CG0201172|-31|-47|CG0201173|-35|-47|CG0201174|-35|-49|CG0201175|-31|-49|CG0201176|-29|-48
460|4|1|1000|6|CG0201177|-31|-47|CG0201178|-28|-47|CG0201179|-26|-45|CG0201180|-25|-42|CG0201181|-27|-46|CG0201182|-29|-47
460|4|2|500|11|CG0201142|-50|-56|CG0201145|-53|-64|CG0201146|-47|-56|CG0201147|-35|-51|CG0201148|-32|-48|CG0201149|-32|-41|CG0201150|-31|-45|CG0201151|-25|-45|CG0201152|-19|-33|CG0201143|-25|-15|CG0201144|-24|-12
460|4|3|100|1|CG0188364|-64|-128
460|4|4|400|11|CG0201144|-24|-12|CG0201143|-25|-15|CG0201152|-19|-33|CG0201151|-25|-45|CG0201150|-31|-45|CG0201149|-32|-41|CG0201148|-32|-48|CG0201147|-35|-51|CG0201146|-47|-56|CG0201145|-53|-64|CG0201142|-50|-56
460|4|5|700|72|CG0201132|-35|-68|CG0201132|-35|-68|CG0201134|-46|-58|CG0201134|-46|-58|CG0201135|-44|-59|CG0201135|-44|-59|CG0201136|-29|-67|CG0201136|-29|-67|CG0201137|-29|-70|CG0201137|-29|-70|CG0201138|-30|-68|CG0201138|-30|-68|CG0201139|-44|-67|CG0201139|-44|-67|CG0201140|-46|-68|CG0201140|-46|-68|CG0201141|-35|-65|CG0201141|-35|-65|CG0201132|-35|-68|CG0201132|-35|-68|CG0201134|-46|-58|CG0201134|-46|-58|CG0201135|-44|-59|CG0201135|-44|-59|CG0201136|-29|-67|CG0201136|-29|-67|CG0201137|-29|-70|CG0201137|-29|-70|CG0201138|-30|-68|CG0201138|-30|-68|CG0201139|-44|-67|CG0201139|-44|-67|CG0201140|-46|-68|CG0201140|-46|-68|CG0201141|-35|-65|CG0201141|-35|-65|CG0201132|-35|-68|CG0201132|-35|-68|CG0201134|-46|-58|CG0201134|-46|-58|CG0201135|-44|-59|CG0201135|-44|-59|CG0201136|-29|-67|CG0201136|-29|-67|CG0201137|-29|-70|CG0201137|-29|-70|CG0201138|-30|-68|CG0201138|-30|-68|CG0201139|-44|-67|CG0201139|-44|-67|CG0201140|-46|-68|CG0201140|-46|-68|CG0201141|-35|-65|CG0201141|-35|-65|CG0201132|-35|-68|CG0201132|-35|-68|CG0201134|-46|-58|CG0201134|-46|-58|CG0201135|-44|-59|CG0201135|-44|-59|CG0201136|-29|-67|CG0201136|-29|-67|CG0201137|-29|-70|CG0201137|-29|-70|CG0201138|-30|-68|CG0201138|-30|-68|CG0201139|-44|-67|CG0201139|-44|-67|CG0201140|-46|-68|CG0201140|-46|-68|CG0201141|-35|-65|CG0201141|-35|-65
460|4|6|2000|19|CG0201162|-32|-53|CG0201163|-29|-49|CG0201164|-20|-44|CG0201165|-17|-40|CG0201166|-16|-39|CG0201167|-16|-39|CG0201168|-16|-39|CG0201169|-16|-38|CG0201170|-17|-39|CG0201166|-16|-39|CG0201167|-16|-39|CG0201168|-16|-39|CG0201169|-16|-38|CG0201170|-17|-39|CG0201166|-16|-39|CG0201167|-16|-39|CG0201168|-16|-39|CG0201169|-16|-38|CG0201170|-17|-39
460|4|7|986|7|CG0252963|-19|-74|CG0252964|-19|-72|CG0252965|-19|-71|CG0252951|-35|-72|CG0252952|-24|-57|CG0252952|-24|-57|CG0252953|-21|-66
460|4|8|1000|2|CG0201159|-22|-42|CG0201160|-58|-71
460|4|9|1000|1|CG0201161|-23|-43
460|4|10|1500|6|CG0201153|-31|-46|CG0201154|-30|-44|CG0201155|-28|-37|CG0201156|-25|-23|CG0201157|-15|-12|CG0201158|-20|-13
460|5|0|1000|6|CG0201222|-33|-44|CG0201223|-33|-44|CG0201224|-35|-45|CG0201225|-34|-46|CG0201226|-31|-45|CG0201227|-30|-44
460|5|1|1000|6|CG0201228|-31|-44|CG0201229|-33|-43|CG0201230|-34|-41|CG0201231|-35|-37|CG0201232|-34|-42|CG0201233|-32|-43
460|5|2|500|11|CG0201193|-53|-55|CG0201196|-50|-64|CG0201197|-50|-57|CG0201198|-50|-56|CG0201199|-34|-50|CG0201200|-26|-45|CG0201201|-31|-37|CG0201202|-29|-41|CG0201203|-30|-31|CG0201194|-22|-15|CG0201195|-22|-12
460|5|3|100|1|CG0188365|-64|-128
460|5|4|400|11|CG0201195|-22|-12|CG0201194|-22|-15|CG0201203|-30|-31|CG0201202|-29|-41|CG0201201|-31|-37|CG0201200|-26|-45|CG0201199|-34|-50|CG0201198|-50|-56|CG0201197|-50|-57|CG0201196|-50|-64|CG0201193|-53|-55
460|5|5|700|72|CG0201183|-47|-55|CG0201183|-47|-55|CG0201185|-40|-62|CG0201185|-40|-62|CG0201186|-27|-69|CG0201186|-27|-69|CG0201187|-28|-70|CG0201187|-28|-70|CG0201188|-36|-65|CG0201188|-36|-65|CG0201189|-46|-67|CG0201189|-46|-67|CG0201190|-44|-67|CG0201190|-44|-67|CG0201191|-30|-68|CG0201191|-30|-68|CG0201192|-11|-72|CG0201192|-11|-72|CG0201183|-47|-55|CG0201183|-47|-55|CG0201185|-40|-62|CG0201185|-40|-62|CG0201186|-27|-69|CG0201186|-27|-69|CG0201187|-28|-70|CG0201187|-28|-70|CG0201188|-36|-65|CG0201188|-36|-65|CG0201189|-46|-67|CG0201189|-46|-67|CG0201190|-44|-67|CG0201190|-44|-67|CG0201191|-30|-68|CG0201191|-30|-68|CG0201192|-11|-72|CG0201192|-11|-72|CG0201183|-47|-55|CG0201183|-47|-55|CG0201185|-40|-62|CG0201185|-40|-62|CG0201186|-27|-69|CG0201186|-27|-69|CG0201187|-28|-70|CG0201187|-28|-70|CG0201188|-36|-65|CG0201188|-36|-65|CG0201189|-46|-67|CG0201189|-46|-67|CG0201190|-44|-67|CG0201190|-44|-67|CG0201191|-30|-68|CG0201191|-30|-68|CG0201192|-11|-72|CG0201192|-11|-72|CG0201183|-47|-55|CG0201183|-47|-55|CG0201185|-40|-62|CG0201185|-40|-62|CG0201186|-27|-69|CG0201186|-27|-69|CG0201187|-28|-70|CG0201187|-28|-70|CG0201188|-36|-65|CG0201188|-36|-65|CG0201189|-46|-67|CG0201189|-46|-67|CG0201190|-44|-67|CG0201190|-44|-67|CG0201191|-30|-68|CG0201191|-30|-68|CG0201192|-11|-72|CG0201192|-11|-72
460|5|6|2000|19|CG0201213|-31|-47|CG0201214|-34|-45|CG0201215|-33|-40|CG0201216|-24|-38|CG0201217|-26|-37|CG0201218|-25|-37|CG0201219|-25|-37|CG0201220|-22|-37|CG0201221|-26|-38|CG0201217|-26|-37|CG0201218|-25|-37|CG0201219|-25|-37|CG0201220|-22|-37|CG0201221|-26|-38|CG0201217|-26|-37|CG0201218|-25|-37|CG0201219|-25|-37|CG0201220|-22|-37|CG0201221|-26|-38
460|5|7|986|7|CG0252985|-23|-73|CG0252986|-21|-72|CG0252987|-19|-71|CG0252973|-17|-76|CG0252974|-10|-50|CG0252974|-10|-50|CG0252975|-26|-63
460|5|8|1000|2|CG0201210|-24|-40|CG0201211|-37|-65
460|5|9|1000|1|CG0201212|-22|-43
460|5|10|1500|6|CG0201204|-34|-47|CG0201205|-37|-45|CG0201206|-41|-38|CG0201207|-40|-23|CG0201208|-41|-12|CG0201209|-41|-15
460|6|0|1000|6|CG0201273|-21|-45|CG0201274|-21|-46|CG0201275|-23|-48|CG0201276|-25|-48|CG0201277|-23|-46|CG0201278|-21|-45
460|6|1|1000|6|CG0201279|-21|-47|CG0201280|-26|-47|CG0201281|-26|-45|CG0201282|-27|-42|CG0201283|-25|-46|CG0201284|-23|-47
460|6|2|500|11|CG0201244|-33|-66|CG0201247|-31|-71|CG0201248|-33|-65|CG0201249|-41|-56|CG0201250|-38|-51|CG0201251|-29|-46|CG0201252|-25|-41|CG0201253|-29|-37|CG0201254|-34|-28|CG0201245|-22|-14|CG0201246|-20|-13
460|6|3|100|1|CG0188366|-64|-128
460|6|4|400|11|CG0201246|-20|-13|CG0201245|-22|-14|CG0201254|-34|-28|CG0201253|-29|-37|CG0201252|-25|-41|CG0201251|-29|-46|CG0201250|-38|-51|CG0201249|-41|-56|CG0201248|-33|-65|CG0201247|-31|-71|CG0201244|-33|-66
460|6|5|700|72|CG0201234|-34|-65|CG0201234|-34|-65|CG0201236|-28|-70|CG0201236|-28|-70|CG0201237|-27|-69|CG0201237|-27|-69|CG0201238|-41|-66|CG0201238|-41|-66|CG0201239|-47|-68|CG0201239|-47|-68|CG0201240|-40|-66|CG0201240|-40|-66|CG0201241|-24|-70|CG0201241|-24|-70|CG0201242|-14|-72|CG0201242|-14|-72|CG0201243|-33|-69|CG0201243|-33|-69|CG0201234|-34|-65|CG0201234|-34|-65|CG0201236|-28|-70|CG0201236|-28|-70|CG0201237|-27|-69|CG0201237|-27|-69|CG0201238|-41|-66|CG0201238|-41|-66|CG0201239|-47|-68|CG0201239|-47|-68|CG0201240|-40|-66|CG0201240|-40|-66|CG0201241|-24|-70|CG0201241|-24|-70|CG0201242|-14|-72|CG0201242|-14|-72|CG0201243|-33|-69|CG0201243|-33|-69|CG0201234|-34|-65|CG0201234|-34|-65|CG0201236|-28|-70|CG0201236|-28|-70|CG0201237|-27|-69|CG0201237|-27|-69|CG0201238|-41|-66|CG0201238|-41|-66|CG0201239|-47|-68|CG0201239|-47|-68|CG0201240|-40|-66|CG0201240|-40|-66|CG0201241|-24|-70|CG0201241|-24|-70|CG0201242|-14|-72|CG0201242|-14|-72|CG0201243|-33|-69|CG0201243|-33|-69|CG0201234|-34|-65|CG0201234|-34|-65|CG0201236|-28|-70|CG0201236|-28|-70|CG0201237|-27|-69|CG0201237|-27|-69|CG0201238|-41|-66|CG0201238|-41|-66|CG0201239|-47|-68|CG0201239|-47|-68|CG0201240|-40|-66|CG0201240|-40|-66|CG0201241|-24|-70|CG0201241|-24|-70|CG0201242|-14|-72|CG0201242|-14|-72|CG0201243|-33|-69|CG0201243|-33|-69
460|6|6|2000|19|CG0201264|-22|-51|CG0201265|-26|-49|CG0201266|-33|-44|CG0201267|-33|-41|CG0201268|-35|-39|CG0201269|-34|-39|CG0201270|-35|-39|CG0201271|-34|-38|CG0201272|-35|-39|CG0201268|-35|-39|CG0201269|-34|-39|CG0201270|-35|-39|CG0201271|-34|-38|CG0201272|-35|-39|CG0201268|-35|-39|CG0201269|-34|-39|CG0201270|-35|-39|CG0201271|-34|-38|CG0201272|-35|-39
460|6|7|986|7|CG0253007|-18|-74|CG0253008|-17|-73|CG0253009|-17|-73|CG0252995|-16|-77|CG0252996|-27|-48|CG0252996|-27|-48|CG0252997|-32|-63
460|6|8|1000|2|CG0201261|-25|-42|CG0201262|-18|-71
460|6|9|1000|1|CG0201263|-24|-42
460|6|10|1500|6|CG0201255|-24|-47|CG0201256|-26|-43|CG0201257|-33|-37|CG0201258|-44|-24|CG0201259|-64|-12|CG0201260|-68|-13
460|7|0|1000|6|CG0201324|-14|-43|CG0201325|-14|-45|CG0201326|-15|-49|CG0201327|-16|-50|CG0201328|-16|-48|CG0201329|-15|-46
460|7|1|1000|6|CG0201330|-15|-47|CG0201331|-25|-48|CG0201332|-28|-46|CG0201333|-31|-43|CG0201334|-22|-46|CG0201335|-16|-44
460|7|2|500|11|CG0201295|-14|-68|CG0201298|-10|-70|CG0201299|-12|-67|CG0201300|-23|-64|CG0201301|-35|-55|CG0201302|-35|-46|CG0201303|-24|-44|CG0201304|-21|-39|CG0201305|-24|-34|CG0201296|-21|-17|CG0201297|-23|-12
460|7|3|100|1|CG0188367|-64|-128
460|7|4|400|11|CG0201297|-23|-12|CG0201296|-21|-17|CG0201305|-24|-34|CG0201304|-21|-39|CG0201303|-24|-44|CG0201302|-35|-46|CG0201301|-35|-55|CG0201300|-23|-64|CG0201299|-12|-67|CG0201298|-10|-70|CG0201295|-14|-68
460|7|5|700|72|CG0201285|-29|-70|CG0201285|-29|-70|CG0201287|-31|-67|CG0201287|-31|-67|CG0201288|-45|-67|CG0201288|-45|-67|CG0201289|-46|-68|CG0201289|-46|-68|CG0201290|-35|-66|CG0201290|-35|-66|CG0201291|-17|-72|CG0201291|-17|-72|CG0201292|-21|-72|CG0201292|-21|-72|CG0201293|-39|-66|CG0201293|-39|-66|CG0201294|-47|-56|CG0201294|-47|-56|CG0201285|-29|-70|CG0201285|-29|-70|CG0201287|-31|-67|CG0201287|-31|-67|CG0201288|-45|-67|CG0201288|-45|-67|CG0201289|-46|-68|CG0201289|-46|-68|CG0201290|-35|-66|CG0201290|-35|-66|CG0201291|-17|-72|CG0201291|-17|-72|CG0201292|-21|-72|CG0201292|-21|-72|CG0201293|-39|-66|CG0201293|-39|-66|CG0201294|-47|-56|CG0201294|-47|-56|CG0201285|-29|-70|CG0201285|-29|-70|CG0201287|-31|-67|CG0201287|-31|-67|CG0201288|-45|-67|CG0201288|-45|-67|CG0201289|-46|-68|CG0201289|-46|-68|CG0201290|-35|-66|CG0201290|-35|-66|CG0201291|-17|-72|CG0201291|-17|-72|CG0201292|-21|-72|CG0201292|-21|-72|CG0201293|-39|-66|CG0201293|-39|-66|CG0201294|-47|-56|CG0201294|-47|-56|CG0201285|-29|-70|CG0201285|-29|-70|CG0201287|-31|-67|CG0201287|-31|-67|CG0201288|-45|-67|CG0201288|-45|-67|CG0201289|-46|-68|CG0201289|-46|-68|CG0201290|-35|-66|CG0201290|-35|-66|CG0201291|-17|-72|CG0201291|-17|-72|CG0201292|-21|-72|CG0201292|-21|-72|CG0201293|-39|-66|CG0201293|-39|-66|CG0201294|-47|-56|CG0201294|-47|-56
460|7|6|2000|19|CG0201315|-14|-56|CG0201316|-17|-55|CG0201317|-24|-52|CG0201318|-30|-45|CG0201319|-31|-50|CG0201320|-28|-49|CG0201321|-29|-51|CG0201322|-28|-48|CG0201323|-28|-50|CG0201319|-31|-50|CG0201320|-28|-49|CG0201321|-29|-51|CG0201322|-28|-48|CG0201323|-28|-50|CG0201319|-31|-50|CG0201320|-28|-49|CG0201321|-29|-51|CG0201322|-28|-48|CG0201323|-28|-50
460|7|7|986|7|CG0253029|-18|-74|CG0253030|-18|-74|CG0253031|-18|-74|CG0253017|-21|-72|CG0253018|-41|-54|CG0253018|-41|-54|CG0253019|-24|-67
460|7|8|1000|2|CG0201312|-16|-44|CG0201313|-6|-65
460|7|9|1000|1|CG0201314|-20|-48
460|7|10|1500|6|CG0201306|-13|-45|CG0201307|-12|-42|CG0201308|-19|-37|CG0201309|-41|-25|CG0201310|-63|-22|CG0201311|-69|-22
