476|0|0|700|6|CG0206159|-22|-92|CG0206160|-21|-80|CG0206161|-22|-79|CG0206162|-22|-87|CG0206163|-22|-79|CG0206164|-23|-80
476|0|1|500|6|CG0206165|-23|-100|CG0206166|-23|-79|CG0206167|-27|-79|CG0206168|-23|-98|CG0206169|-23|-79|CG0206170|-27|-80
476|0|2|800|8|CG0208200|-29|-44|CG0208201|-36|-38|CG0208202|-24|-39|CG0208203|-32|-60|CG0208204|-21|-62|CG0208205|-19|-61|CG0208206|-22|-50|CG0208207|-23|-43
476|0|3|400|6|CG0206136|-30|-106|CG0206137|-26|-75|CG0206138|-30|-75|CG0206139|-30|-104|CG0206140|-27|-75|CG0206141|-30|-75
476|0|4|600|4|CG0208211|-57|-82|CG0208212|-65|-86|CG0208213|-68|-75|CG0208214|-58|-46
476|0|5|1500|30|CG0206128|-32|-89|CG0206128|-32|-89|CG0206129|-42|-93|CG0206129|-42|-93|CG0206130|-56|-88|CG0206130|-56|-88|CG0206131|-74|-87|CG0206131|-74|-87|CG0206132|-81|-84|CG0206132|-81|-84|CG0206131|-74|-87|CG0206131|-74|-87|CG0206132|-81|-84|CG0206132|-81|-84|CG0206131|-74|-87|CG0206131|-74|-87|CG0206132|-81|-84|CG0206132|-81|-84|CG0206132|-81|-84|CG0206132|-81|-84|CG0206133|-58|-98|CG0206133|-58|-98|CG0206133|-58|-98|CG0206133|-58|-98|CG0206133|-58|-98|CG0206133|-58|-98|CG0206134|-60|-88|CG0206134|-60|-88|CG0206135|-34|-87|CG0206135|-34|-87
476|0|6|2000|22|CG0206151|-29|-81|CG0206152|-31|-74|CG0206152|-31|-74|CG0206153|-26|-67|CG0206153|-26|-67|CG0206153|-26|-67|CG0206154|-28|-68|CG0206155|-34|-69|CG0206156|-31|-82|CG0206157|-31|-85|CG0206158|-30|-75|CG0206153|-26|-67|CG0206154|-28|-68|CG0206155|-34|-69|CG0206156|-31|-82|CG0206157|-31|-85|CG0206158|-30|-75|CG0206153|-26|-67|CG0206153|-26|-67|CG0206152|-31|-74|CG0206152|-31|-74|CG0206151|-29|-81
476|0|7|986|7|CG0252875|-18|-73|CG0252876|-22|-73|CG0252877|-23|-73|CG0252863|-17|-64|CG0252864|-34|-63|CG0252864|-34|-63|CG0252865|-22|-71
476|0|8|1000|2|CG0206148|-45|-65|CG0206149|-7|-62
476|0|9|1000|1|CG0206150|-19|-64
476|0|10|900|6|CG0206142|-24|-65|CG0206143|-28|-68|CG0206144|-24|-58|CG0206145|-23|-56|CG0206146|-22|-39|CG0206147|-22|-19
476|1|0|700|6|CG0206202|-39|-79|CG0206203|-38|-78|CG0206204|-36|-78|CG0206205|-38|-78|CG0206206|-37|-78|CG0206207|-36|-79
476|1|1|500|6|CG0206208|-29|-90|CG0206209|-43|-79|CG0206210|-38|-78|CG0206211|-29|-88|CG0206212|-42|-79|CG0206213|-38|-79
476|1|2|800|8|CG0208252|-31|-47|CG0208253|-31|-39|CG0208254|-31|-39|CG0208255|-31|-59|CG0208256|-31|-63|CG0208257|-29|-63|CG0208258|-23|-54|CG0208259|-11|-47
476|1|3|400|6|CG0206179|-29|-98|CG0206180|-32|-75|CG0206181|-39|-75|CG0206182|-29|-96|CG0206183|-32|-75|CG0206184|-39|-76
476|1|4|600|4|CG0208263|-53|-83|CG0208264|-48|-90|CG0208265|-58|-79|CG0208266|-52|-47
476|1|5|1500|30|CG0206171|-25|-90|CG0206171|-25|-90|CG0206172|-13|-95|CG0206172|-13|-95|CG0206173|-36|-92|CG0206173|-36|-92|CG0206174|-41|-96|CG0206174|-41|-96|CG0206175|-31|-89|CG0206175|-31|-89|CG0206174|-41|-96|CG0206174|-41|-96|CG0206175|-31|-89|CG0206175|-31|-89|CG0206174|-41|-96|CG0206174|-41|-96|CG0206175|-31|-89|CG0206175|-31|-89|CG0206175|-31|-89|CG0206175|-31|-89|CG0206176|-49|-101|CG0206176|-49|-101|CG0206176|-49|-101|CG0206176|-49|-101|CG0206176|-49|-101|CG0206176|-49|-101|CG0206177|-23|-91|CG0206177|-23|-91|CG0206178|-25|-88|CG0206178|-25|-88
476|1|6|2000|22|CG0206194|-37|-81|CG0206195|-37|-75|CG0206195|-37|-75|CG0206196|-37|-67|CG0206196|-37|-67|CG0206196|-37|-67|CG0206197|-37|-68|CG0206198|-37|-79|CG0206199|-37|-86|CG0206200|-38|-79|CG0206201|-37|-75|CG0206196|-37|-67|CG0206197|-37|-68|CG0206198|-37|-79|CG0206199|-37|-86|CG0206200|-38|-79|CG0206201|-37|-75|CG0206196|-37|-67|CG0206196|-37|-67|CG0206195|-37|-75|CG0206195|-37|-75|CG0206194|-37|-81
476|1|7|986|7|CG0252897|-23|-72|CG0252898|-22|-72|CG0252899|-20|-72|CG0252885|-11|-60|CG0252886|-22|-70|CG0252886|-22|-70|CG0252887|-22|-73
476|1|8|1000|2|CG0206191|-35|-66|CG0206192|-43|-56
476|1|9|1000|1|CG0206193|-20|-63
476|1|10|900|6|CG0206185|-38|-64|CG0206186|-17|-61|CG0206187|-13|-53|CG0206188|-22|-51|CG0206189|-42|-23|CG0206190|-45|-19
476|2|0|700|6|CG0206245|-38|-92|CG0206246|-37|-79|CG0206247|-36|-79|CG0206248|-41|-87|CG0206249|-35|-79|CG0206250|-35|-79
476|2|1|500|6|CG0206251|-31|-101|CG0206252|-41|-79|CG0206253|-32|-79|CG0206254|-31|-99|CG0206255|-41|-79|CG0206256|-32|-80
476|2|2|800|8|CG0208304|-32|-46|CG0208305|-32|-40|CG0208306|-32|-40|CG0208307|-32|-60|CG0208308|-32|-62|CG0208309|-31|-59|CG0208310|-20|-51|CG0208311|-12|-44
476|2|3|400|6|CG0206222|-35|-107|CG0206223|-43|-75|CG0206224|-36|-74|CG0206225|-35|-105|CG0206226|-42|-75|CG0206227|-34|-75
476|2|4|600|4|CG0208315|-50|-82|CG0208316|-42|-85|CG0208317|-52|-76|CG0208318|-48|-46
476|2|5|1500|30|CG0206214|-37|-89|CG0206214|-37|-89|CG0206215|-14|-93|CG0206215|-14|-93|CG0206216|-8|-88|CG0206216|-8|-88|CG0206217|12|-87|CG0206217|12|-87|CG0206218|28|-84|CG0206218|28|-84|CG0206217|12|-87|CG0206217|12|-87|CG0206218|28|-84|CG0206218|28|-84|CG0206217|12|-87|CG0206217|12|-87|CG0206218|28|-84|CG0206218|28|-84|CG0206218|28|-84|CG0206218|28|-84|CG0206219|-14|-98|CG0206219|-14|-98|CG0206219|-14|-98|CG0206219|-14|-98|CG0206219|-14|-98|CG0206219|-14|-98|CG0206220|6|-88|CG0206220|6|-88|CG0206221|-16|-87|CG0206221|-16|-87
476|2|6|2000|22|CG0206237|-36|-81|CG0206238|-36|-74|CG0206238|-36|-74|CG0206239|-42|-67|CG0206239|-42|-67|CG0206239|-42|-67|CG0206240|-41|-75|CG0206241|-41|-84|CG0206242|-40|-81|CG0206243|-41|-69|CG0206244|-39|-74|CG0206239|-42|-67|CG0206240|-41|-75|CG0206241|-41|-84|CG0206242|-40|-81|CG0206243|-41|-69|CG0206244|-39|-74|CG0206239|-42|-67|CG0206239|-42|-67|CG0206238|-36|-74|CG0206238|-36|-74|CG0206237|-36|-81
476|2|7|986|7|CG0252919|-18|-72|CG0252920|-13|-72|CG0252921|-10|-71|CG0252907|-29|-60|CG0252908|-24|-70|CG0252908|-24|-70|CG0252909|-26|-71
476|2|8|1000|2|CG0206234|-15|-64|CG0206235|-59|-60
476|2|9|1000|1|CG0206236|-13|-64
476|2|10|900|6|CG0206228|-45|-65|CG0206229|-31|-68|CG0206230|-13|-56|CG0206231|-18|-58|CG0206232|-45|-42|CG0206233|-54|-20
476|3|0|700|6|CG0206288|-17|-102|CG0206289|-17|-75|CG0206290|-17|-75|CG0206291|-21|-99|CG0206292|-16|-75|CG0206293|-18|-75
476|3|1|500|6|CG0206294|-42|-106|CG0206295|-42|-74|CG0206296|-42|-75|CG0206297|-43|-104|CG0206298|-43|-74|CG0206299|-42|-76
476|3|2|800|8|CG0208356|-23|-46|CG0208357|-25|-40|CG0208358|-26|-41|CG0208359|-22|-61|CG0208360|-22|-60|CG0208361|-22|-52|CG0208362|-10|-43|CG0208363|-10|-36
476|3|3|400|6|CG0206265|-48|-107|CG0206266|-48|-68|CG0206267|-49|-76|CG0206268|-48|-105|CG0206269|-49|-68|CG0206270|-47|-77
476|3|4|600|4|CG0208367|-41|-78|CG0208368|-36|-84|CG0208369|-43|-70|CG0208370|-40|-44
476|3|5|1500|30|CG0206257|-31|-79|CG0206257|-31|-79|CG0206258|-8|-80|CG0206258|-8|-80|CG0206259|21|-72|CG0206259|21|-72|CG0206260|43|-69|CG0206260|43|-69|CG0206261|46|-62|CG0206261|46|-62|CG0206260|43|-69|CG0206260|43|-69|CG0206261|46|-62|CG0206261|46|-62|CG0206260|43|-69|CG0206260|43|-69|CG0206261|46|-62|CG0206261|46|-62|CG0206261|46|-62|CG0206261|46|-62|CG0206262|28|-82|CG0206262|28|-82|CG0206262|28|-82|CG0206262|28|-82|CG0206262|28|-82|CG0206262|28|-82|CG0206263|18|-75|CG0206263|18|-75|CG0206264|-26|-80|CG0206264|-26|-80
476|3|6|2000|22|CG0206280|-41|-73|CG0206281|-21|-77|CG0206281|-21|-77|CG0206282|-23|-70|CG0206282|-23|-70|CG0206282|-23|-70|CG0206283|-24|-82|CG0206284|-24|-81|CG0206285|-23|-70|CG0206286|-25|-66|CG0206287|-21|-68|CG0206282|-23|-70|CG0206283|-24|-82|CG0206284|-24|-81|CG0206285|-23|-70|CG0206286|-25|-66|CG0206287|-21|-68|CG0206282|-23|-70|CG0206282|-23|-70|CG0206281|-21|-77|CG0206281|-21|-77|CG0206280|-41|-73
476|3|7|986|7|CG0252941|-14|-72|CG0252942|-12|-72|CG0252943|-14|-71|CG0252929|-40|-65|CG0252930|-29|-66|CG0252930|-29|-66|CG0252931|-21|-69
476|3|8|1000|2|CG0206277|-9|-63|CG0206278|-51|-75
476|3|9|1000|1|CG0206279|-15|-61
476|3|10|900|6|CG0206271|-28|-76|CG0206272|-28|-79|CG0206273|-15|-59|CG0206274|-21|-60|CG0206275|-42|-56|CG0206276|-52|-23
476|4|0|700|6|CG0206331|-39|-102|CG0206332|-38|-69|CG0206333|-38|-72|CG0206334|-42|-101|CG0206335|-38|-68|CG0206336|-39|-73
476|4|1|500|6|CG0206337|-28|-104|CG0206338|-44|-67|CG0206339|-34|-74|CG0206340|-29|-102|CG0206341|-45|-67|CG0206342|-34|-75
476|4|2|800|8|CG0208408|-31|-45|CG0208409|-30|-45|CG0208410|-31|-46|CG0208411|-30|-63|CG0208412|-30|-59|CG0208413|-30|-46|CG0208414|-19|-37|CG0208415|-13|-31
476|4|3|400|6|CG0206308|-32|-99|CG0206309|-43|-71|CG0206310|-35|-73|CG0206311|-33|-97|CG0206312|-43|-72|CG0206313|-35|-74
476|4|4|600|4|CG0208419|-43|-74|CG0208420|-41|-80|CG0208421|-44|-69|CG0208422|-47|-44
476|4|5|1500|30|CG0206300|-36|-78|CG0206300|-36|-78|CG0206301|-13|-64|CG0206301|-13|-64|CG0206302|-9|-52|CG0206302|-9|-52|CG0206303|16|-41|CG0206303|16|-41|CG0206304|30|-31|CG0206304|30|-31|CG0206303|16|-41|CG0206303|16|-41|CG0206304|30|-31|CG0206304|30|-31|CG0206303|16|-41|CG0206303|16|-41|CG0206304|30|-31|CG0206304|30|-31|CG0206304|30|-31|CG0206304|30|-31|CG0206305|-16|-63|CG0206305|-16|-63|CG0206305|-16|-63|CG0206305|-16|-63|CG0206305|-16|-63|CG0206305|-16|-63|CG0206306|6|-59|CG0206306|6|-59|CG0206307|-16|-71|CG0206307|-16|-71
476|4|6|2000|22|CG0206323|-39|-77|CG0206324|-40|-81|CG0206324|-40|-81|CG0206325|-44|-78|CG0206325|-44|-78|CG0206325|-44|-78|CG0206326|-44|-81|CG0206327|-43|-72|CG0206328|-44|-61|CG0206329|-44|-59|CG0206330|-41|-65|CG0206325|-44|-78|CG0206326|-44|-81|CG0206327|-43|-72|CG0206328|-44|-61|CG0206329|-44|-59|CG0206330|-41|-65|CG0206325|-44|-78|CG0206325|-44|-78|CG0206324|-40|-81|CG0206324|-40|-81|CG0206323|-39|-77
476|4|7|986|7|CG0252963|-19|-74|CG0252964|-19|-72|CG0252965|-19|-71|CG0252951|-35|-72|CG0252952|-24|-57|CG0252952|-24|-57|CG0252953|-21|-66
476|4|8|1000|2|CG0206320|-10|-58|CG0206321|-59|-83
476|4|9|1000|1|CG0206322|-13|-58
476|4|10|900|6|CG0206314|-47|-80|CG0206315|-34|-86|CG0206316|-15|-60|CG0206317|-25|-58|CG0206318|-50|-58|CG0206319|-56|-30
476|5|0|700|6|CG0206374|-38|-92|CG0206375|-38|-64|CG0206376|-36|-68|CG0206377|-39|-92|CG0206378|-38|-63|CG0206379|-36|-69
476|5|1|500|6|CG0206380|-30|-95|CG0206381|-41|-63|CG0206382|-39|-70|CG0206383|-30|-93|CG0206384|-42|-62|CG0206385|-38|-71
476|5|2|800|8|CG0208460|-30|-46|CG0208461|-30|-46|CG0208462|-30|-48|CG0208463|-30|-64|CG0208464|-28|-59|CG0208465|-23|-44|CG0208466|-20|-36|CG0208467|-13|-29
476|5|3|400|6|CG0206351|-30|-88|CG0206352|-30|-78|CG0206353|-41|-75|CG0206354|-30|-86|CG0206355|-30|-78|CG0206356|-41|-75
476|5|4|600|4|CG0208471|-57|-73|CG0208472|-47|-77|CG0208473|-60|-70|CG0208474|-53|-44
476|5|5|1500|30|CG0206343|-23|-75|CG0206343|-23|-75|CG0206344|-14|-61|CG0206344|-14|-61|CG0206345|-38|-41|CG0206345|-38|-41|CG0206346|-44|-22|CG0206346|-44|-22|CG0206347|-36|-14|CG0206347|-36|-14|CG0206346|-44|-22|CG0206346|-44|-22|CG0206347|-36|-14|CG0206347|-36|-14|CG0206346|-44|-22|CG0206346|-44|-22|CG0206347|-36|-14|CG0206347|-36|-14|CG0206347|-36|-14|CG0206347|-36|-14|CG0206348|-52|-51|CG0206348|-52|-51|CG0206348|-52|-51|CG0206348|-52|-51|CG0206348|-52|-51|CG0206348|-52|-51|CG0206349|-25|-51|CG0206349|-25|-51|CG0206350|-26|-63|CG0206350|-26|-63
476|5|6|2000|22|CG0206366|-39|-64|CG0206367|-39|-61|CG0206367|-39|-61|CG0206368|-38|-81|CG0206368|-38|-81|CG0206368|-38|-81|CG0206369|-38|-74|CG0206370|-38|-61|CG0206371|-39|-60|CG0206372|-38|-62|CG0206373|-38|-74|CG0206368|-38|-81|CG0206369|-38|-74|CG0206370|-38|-61|CG0206371|-39|-60|CG0206372|-38|-62|CG0206373|-38|-74|CG0206368|-38|-81|CG0206368|-38|-81|CG0206367|-39|-61|CG0206367|-39|-61|CG0206366|-39|-64
476|5|7|986|7|CG0252985|-23|-73|CG0252986|-21|-72|CG0252987|-19|-71|CG0252973|-17|-76|CG0252974|-10|-50|CG0252974|-10|-50|CG0252975|-26|-63
476|5|8|1000|2|CG0206363|-30|-53|CG0206364|-33|-84
476|5|9|1000|1|CG0206365|-21|-55
476|5|10|900|6|CG0206357|-40|-70|CG0206358|-21|-84|CG0206359|-14|-59|CG0206360|-27|-50|CG0206361|-43|-59|CG0206362|-43|-28
476|6|0|700|6|CG0206417|-22|-102|CG0206418|-22|-69|CG0206419|-23|-72|CG0206420|-23|-99|CG0206421|-22|-68|CG0206422|-23|-73
476|6|1|500|6|CG0206423|-24|-103|CG0206424|-24|-68|CG0206425|-27|-74|CG0206426|-24|-101|CG0206427|-24|-67|CG0206428|-27|-75
476|6|2|800|8|CG0208512|-31|-43|CG0208513|-23|-43|CG0208514|-36|-44|CG0208515|-20|-63|CG0208516|-22|-59|CG0208517|-21|-47|CG0208518|-23|-36|CG0208519|-20|-31
476|6|3|400|6|CG0206394|-30|-99|CG0206395|-27|-71|CG0206396|-30|-72|CG0206397|-30|-97|CG0206398|-28|-72|CG0206399|-31|-74
476|6|4|600|4|CG0208523|-65|-74|CG0208524|-65|-77|CG0208525|-66|-67|CG0208526|-61|-44
476|6|5|1500|30|CG0206386|-33|-79|CG0206386|-33|-79|CG0206387|-45|-64|CG0206387|-45|-64|CG0206388|-60|-53|CG0206388|-60|-53|CG0206389|-81|-41|CG0206389|-81|-41|CG0206390|-86|-30|CG0206390|-86|-30|CG0206389|-81|-41|CG0206389|-81|-41|CG0206390|-86|-30|CG0206390|-86|-30|CG0206389|-81|-41|CG0206389|-81|-41|CG0206390|-86|-30|CG0206390|-86|-30|CG0206390|-86|-30|CG0206390|-86|-30|CG0206391|-57|-63|CG0206391|-57|-63|CG0206391|-57|-63|CG0206391|-57|-63|CG0206391|-57|-63|CG0206391|-57|-63|CG0206392|-64|-60|CG0206392|-64|-60|CG0206393|-35|-72|CG0206393|-35|-72
476|6|6|2000|22|CG0206409|-29|-83|CG0206410|-31|-67|CG0206410|-31|-67|CG0206411|-27|-78|CG0206411|-27|-78|CG0206411|-27|-78|CG0206412|-29|-66|CG0206413|-30|-65|CG0206414|-32|-67|CG0206415|-32|-72|CG0206416|-31|-81|CG0206411|-27|-78|CG0206412|-29|-66|CG0206413|-30|-65|CG0206414|-32|-67|CG0206415|-32|-72|CG0206416|-31|-81|CG0206411|-27|-78|CG0206411|-27|-78|CG0206410|-31|-67|CG0206410|-31|-67|CG0206409|-29|-83
476|6|7|986|7|CG0253007|-18|-74|CG0253008|-17|-73|CG0253009|-17|-73|CG0252995|-16|-77|CG0252996|-27|-48|CG0252996|-27|-48|CG0252997|-32|-63
476|6|8|1000|2|CG0206406|-46|-53|CG0206407|-7|-82
476|6|9|1000|1|CG0206408|-19|-58
476|6|10|900|6|CG0206400|-25|-80|CG0206401|-29|-86|CG0206402|-24|-60|CG0206403|-23|-58|CG0206404|-23|-57|CG0206405|-23|-28
476|7|0|700|6|CG0206460|-20|-102|CG0206461|-20|-76|CG0206462|-20|-75|CG0206463|-20|-99|CG0206464|-20|-75|CG0206465|-21|-75
476|7|1|500|6|CG0206466|-22|-106|CG0206467|-22|-75|CG0206468|-22|-75|CG0206469|-22|-104|CG0206470|-22|-75|CG0206471|-23|-76
476|7|2|800|8|CG0208564|-36|-43|CG0208565|-32|-37|CG0208566|-27|-39|CG0208567|-23|-62|CG0208568|-17|-60|CG0208569|-27|-54|CG0208570|-31|-41|CG0208571|-30|-37
476|7|3|400|6|CG0206437|-27|-106|CG0206438|-27|-68|CG0206439|-27|-76|CG0206440|-28|-104|CG0206441|-28|-68|CG0206442|-28|-77
476|7|4|600|4|CG0208575|-59|-78|CG0208576|-59|-81|CG0208577|-72|-71|CG0208578|-63|-44
476|7|5|1500|30|CG0206429|-34|-80|CG0206429|-34|-80|CG0206430|-57|-81|CG0206430|-57|-81|CG0206431|-78|-73|CG0206431|-78|-73|CG0206432|-98|-68|CG0206432|-98|-68|CG0206433|-99|-62|CG0206433|-99|-62|CG0206432|-98|-68|CG0206432|-98|-68|CG0206433|-99|-62|CG0206433|-99|-62|CG0206432|-98|-68|CG0206432|-98|-68|CG0206433|-99|-62|CG0206433|-99|-62|CG0206433|-99|-62|CG0206433|-99|-62|CG0206434|-62|-83|CG0206434|-62|-83|CG0206434|-62|-83|CG0206434|-62|-83|CG0206434|-62|-83|CG0206434|-62|-83|CG0206435|-64|-76|CG0206435|-64|-76|CG0206436|-32|-80|CG0206436|-32|-80
476|7|6|2000|22|CG0206452|-29|-74|CG0206453|-31|-67|CG0206453|-31|-67|CG0206454|-27|-70|CG0206454|-27|-70|CG0206454|-27|-70|CG0206455|-29|-64|CG0206456|-31|-64|CG0206457|-34|-70|CG0206458|-35|-82|CG0206459|-33|-81|CG0206454|-27|-70|CG0206455|-29|-64|CG0206456|-31|-64|CG0206457|-34|-70|CG0206458|-35|-82|CG0206459|-33|-81|CG0206454|-27|-70|CG0206454|-27|-70|CG0206453|-31|-67|CG0206453|-31|-67|CG0206452|-29|-74
476|7|7|986|7|CG0253029|-18|-74|CG0253030|-18|-74|CG0253031|-18|-74|CG0253017|-21|-72|CG0253018|-41|-54|CG0253018|-41|-54|CG0253019|-24|-67
476|7|8|1000|2|CG0206449|-34|-59|CG0206450|-5|-74
476|7|9|1000|1|CG0206451|-17|-61
476|7|10|900|6|CG0206443|-24|-76|CG0206444|-30|-80|CG0206445|-24|-60|CG0206446|-23|-62|CG0206447|-21|-54|CG0206448|-21|-23
