464|0|0|800|6|CG0202273|-22|-58|CG0202274|-23|-62|CG0202275|-23|-63|CG0202276|-21|-61|CG0202277|-21|-60|CG0202278|-22|-58
464|0|1|400|6|CG0202279|-25|-57|CG0202280|-25|-54|CG0202281|-25|-55|CG0202282|-25|-56|CG0202283|-24|-57|CG0202284|-24|-57
464|0|2|600|7|CG0202256|-24|-59|CG0202256|-24|-59|CG0202257|-13|-60|CG0202257|-13|-60|CG0202257|-13|-60|CG0202257|-13|-60|CG0202258|-24|-59
464|0|3|100|2|CG0202259|-30|-48|CG0202260|-30|-48
464|0|4|600|4|CG0208211|-57|-82|CG0208212|-65|-86|CG0208213|-68|-75|CG0208214|-58|-46
464|0|5|850|52|CG0202248|-19|-62|CG0202248|-19|-62|CG0202248|-19|-62|CG0202248|-19|-62|CG0202249|-18|-60|CG0202249|-18|-60|CG0202249|-18|-60|CG0202249|-18|-60|CG0202250|-28|-64|CG0202250|-28|-64|CG0202251|-23|-56|CG0202251|-23|-56|CG0202251|-23|-56|CG0202251|-23|-56|CG0202252|-34|-56|CG0202252|-34|-56|CG0202253|-16|-57|CG0202253|-16|-57|CG0202253|-16|-57|CG0202253|-16|-57|CG0202250|-28|-64|CG0202250|-28|-64|CG0202251|-23|-56|CG0202251|-23|-56|CG0202251|-23|-56|CG0202251|-23|-56|CG0202252|-34|-56|CG0202252|-34|-56|CG0202253|-16|-57|CG0202253|-16|-57|CG0202253|-16|-57|CG0202253|-16|-57|CG0202250|-28|-64|CG0202250|-28|-64|CG0202251|-23|-56|CG0202251|-23|-56|CG0202251|-23|-56|CG0202251|-23|-56|CG0202252|-34|-56|CG0202252|-34|-56|CG0202253|-16|-57|CG0202253|-16|-57|CG0202253|-16|-57|CG0202253|-16|-57|CG0202254|-24|-58|CG0202254|-24|-58|CG0202254|-24|-58|CG0202254|-24|-58|CG0202255|-18|-61|CG0202255|-18|-61|CG0202255|-18|-61|CG0202255|-18|-61
464|0|6|800|11|CG0202270|-17|-55|CG0202271|-17|-54|CG0202272|-14|-52|CG0202271|-17|-54|CG0202270|-17|-55|CG0202271|-17|-54|CG0202272|-14|-52|CG0202272|-14|-52|CG0202272|-14|-52|CG0202271|-17|-54|CG0202270|-17|-55
464|0|7|986|7|CG0252875|-18|-73|CG0252876|-22|-73|CG0252877|-23|-73|CG0252863|-17|-64|CG0252864|-34|-63|CG0252864|-34|-63|CG0252865|-22|-71
464|0|8|1000|2|CG0202267|-26|-53|CG0202268|-17|-43
464|0|9|1000|1|CG0202269|-23|-59
464|0|10|1200|6|CG0202261|-34|-54|CG0202262|-34|-43|CG0202263|-27|-37|CG0202264|-35|-34|CG0202265|-35|-27|CG0202266|-34|-26
464|1|0|800|6|CG0202310|-23|-55|CG0202311|-24|-60|CG0202312|-26|-63|CG0202313|-25|-62|CG0202314|-23|-59|CG0202315|-22|-56
464|1|1|400|6|CG0202316|-22|-54|CG0202317|-25|-55|CG0202318|-25|-56|CG0202319|-24|-56|CG0202320|-23|-55|CG0202321|-22|-54
464|1|2|600|7|CG0202293|-27|-55|CG0202293|-27|-55|CG0202294|-13|-56|CG0202294|-13|-56|CG0202294|-13|-56|CG0202294|-13|-56|CG0202295|-20|-57
464|1|3|100|2|CG0202296|-22|-52|CG0202297|-20|-52
464|1|4|600|4|CG0208263|-53|-83|CG0208264|-48|-90|CG0208265|-58|-79|CG0208266|-52|-47
464|1|5|850|52|CG0202285|-23|-60|CG0202285|-23|-60|CG0202285|-23|-60|CG0202285|-23|-60|CG0202286|-23|-60|CG0202286|-23|-60|CG0202286|-23|-60|CG0202286|-23|-60|CG0202287|-23|-62|CG0202287|-23|-62|CG0202288|-22|-56|CG0202288|-22|-56|CG0202288|-22|-56|CG0202288|-22|-56|CG0202289|-22|-61|CG0202289|-22|-61|CG0202290|-25|-58|CG0202290|-25|-58|CG0202290|-25|-58|CG0202290|-25|-58|CG0202287|-23|-62|CG0202287|-23|-62|CG0202288|-22|-56|CG0202288|-22|-56|CG0202288|-22|-56|CG0202288|-22|-56|CG0202289|-22|-61|CG0202289|-22|-61|CG0202290|-25|-58|CG0202290|-25|-58|CG0202290|-25|-58|CG0202290|-25|-58|CG0202287|-23|-62|CG0202287|-23|-62|CG0202288|-22|-56|CG0202288|-22|-56|CG0202288|-22|-56|CG0202288|-22|-56|CG0202289|-22|-61|CG0202289|-22|-61|CG0202290|-25|-58|CG0202290|-25|-58|CG0202290|-25|-58|CG0202290|-25|-58|CG0202291|-23|-60|CG0202291|-23|-60|CG0202291|-23|-60|CG0202291|-23|-60|CG0202292|-23|-60|CG0202292|-23|-60|CG0202292|-23|-60|CG0202292|-23|-60
464|1|6|800|11|CG0202307|-23|-57|CG0202308|-23|-55|CG0202309|-23|-53|CG0202308|-23|-55|CG0202307|-23|-57|CG0202308|-23|-55|CG0202309|-23|-53|CG0202309|-23|-53|CG0202309|-23|-53|CG0202308|-23|-55|CG0202307|-23|-57
464|1|7|986|7|CG0252897|-23|-72|CG0252898|-22|-72|CG0252899|-20|-72|CG0252885|-11|-60|CG0252886|-22|-70|CG0252886|-22|-70|CG0252887|-22|-73
464|1|8|1000|2|CG0202304|-23|-57|CG0202305|-24|-39
464|1|9|1000|1|CG0202306|-22|-53
464|1|10|1200|6|CG0202298|-22|-50|CG0202299|-21|-40|CG0202300|-15|-34|CG0202301|-27|-30|CG0202302|-27|-30|CG0202303|-25|-30
464|2|0|800|6|CG0202347|-17|-58|CG0202348|-19|-61|CG0202349|-16|-62|CG0202350|-17|-61|CG0202351|-19|-59|CG0202352|-18|-58
464|2|1|400|6|CG0202353|-28|-57|CG0202354|-25|-54|CG0202355|-21|-54|CG0202356|-24|-56|CG0202357|-26|-56|CG0202358|-31|-56
464|2|2|600|7|CG0202330|-22|-57|CG0202330|-22|-57|CG0202331|-17|-57|CG0202331|-17|-57|CG0202331|-17|-57|CG0202331|-17|-57|CG0202332|-17|-62
464|2|3|100|2|CG0202333|-28|-48|CG0202334|-28|-48
464|2|4|600|4|CG0208315|-50|-82|CG0208316|-42|-85|CG0208317|-52|-76|CG0208318|-48|-46
464|2|5|850|52|CG0202322|-21|-62|CG0202322|-21|-62|CG0202322|-21|-62|CG0202322|-21|-62|CG0202323|-22|-59|CG0202323|-22|-59|CG0202323|-22|-59|CG0202323|-22|-59|CG0202324|-27|-58|CG0202324|-27|-58|CG0202325|-27|-57|CG0202325|-27|-57|CG0202325|-27|-57|CG0202325|-27|-57|CG0202326|-27|-63|CG0202326|-27|-63|CG0202327|-26|-58|CG0202327|-26|-58|CG0202327|-26|-58|CG0202327|-26|-58|CG0202324|-27|-58|CG0202324|-27|-58|CG0202325|-27|-57|CG0202325|-27|-57|CG0202325|-27|-57|CG0202325|-27|-57|CG0202326|-27|-63|CG0202326|-27|-63|CG0202327|-26|-58|CG0202327|-26|-58|CG0202327|-26|-58|CG0202327|-26|-58|CG0202324|-27|-58|CG0202324|-27|-58|CG0202325|-27|-57|CG0202325|-27|-57|CG0202325|-27|-57|CG0202325|-27|-57|CG0202326|-27|-63|CG0202326|-27|-63|CG0202327|-26|-58|CG0202327|-26|-58|CG0202327|-26|-58|CG0202327|-26|-58|CG0202328|-23|-59|CG0202328|-23|-59|CG0202328|-23|-59|CG0202328|-23|-59|CG0202329|-25|-61|CG0202329|-25|-61|CG0202329|-25|-61|CG0202329|-25|-61
464|2|6|800|11|CG0202344|-20|-55|CG0202345|-25|-54|CG0202346|-29|-51|CG0202345|-25|-54|CG0202344|-20|-55|CG0202345|-25|-54|CG0202346|-29|-51|CG0202346|-29|-51|CG0202346|-29|-51|CG0202345|-25|-54|CG0202344|-20|-55
464|2|7|986|7|CG0252919|-18|-72|CG0252920|-13|-72|CG0252921|-10|-71|CG0252907|-29|-60|CG0252908|-24|-70|CG0252908|-24|-70|CG0252909|-26|-71
464|2|8|1000|2|CG0202341|-19|-62|CG0202342|-30|-47
464|2|9|1000|1|CG0202343|-11|-59
464|2|10|1200|6|CG0202335|-23|-54|CG0202336|-20|-42|CG0202337|-20|-37|CG0202338|-17|-34|CG0202339|-22|-27|CG0202340|-26|-26
464|3|0|800|6|CG0202384|-20|-59|CG0202385|-13|-63|CG0202386|-15|-64|CG0202387|-17|-63|CG0202388|-20|-62|CG0202389|-24|-60
464|3|1|400|6|CG0202390|-36|-57|CG0202391|-36|-55|CG0202392|-34|-55|CG0202393|-35|-57|CG0202394|-37|-57|CG0202395|-33|-57
464|3|2|600|7|CG0202367|-30|-60|CG0202367|-30|-60|CG0202368|-19|-62|CG0202368|-19|-62|CG0202368|-19|-62|CG0202368|-19|-62|CG0202369|-26|-60
464|3|3|100|2|CG0202370|-38|-48|CG0202371|-38|-45
464|3|4|600|4|CG0208367|-41|-78|CG0208368|-36|-84|CG0208369|-43|-70|CG0208370|-40|-44
464|3|5|850|52|CG0202359|-29|-65|CG0202359|-29|-65|CG0202359|-29|-65|CG0202359|-29|-65|CG0202360|-31|-63|CG0202360|-31|-63|CG0202360|-31|-63|CG0202360|-31|-63|CG0202361|-30|-58|CG0202361|-30|-58|CG0202362|-31|-57|CG0202362|-31|-57|CG0202362|-31|-57|CG0202362|-31|-57|CG0202363|-31|-58|CG0202363|-31|-58|CG0202364|-31|-59|CG0202364|-31|-59|CG0202364|-31|-59|CG0202364|-31|-59|CG0202361|-30|-58|CG0202361|-30|-58|CG0202362|-31|-57|CG0202362|-31|-57|CG0202362|-31|-57|CG0202362|-31|-57|CG0202363|-31|-58|CG0202363|-31|-58|CG0202364|-31|-59|CG0202364|-31|-59|CG0202364|-31|-59|CG0202364|-31|-59|CG0202361|-30|-58|CG0202361|-30|-58|CG0202362|-31|-57|CG0202362|-31|-57|CG0202362|-31|-57|CG0202362|-31|-57|CG0202363|-31|-58|CG0202363|-31|-58|CG0202364|-31|-59|CG0202364|-31|-59|CG0202364|-31|-59|CG0202364|-31|-59|CG0202365|-31|-62|CG0202365|-31|-62|CG0202365|-31|-62|CG0202365|-31|-62|CG0202366|-34|-65|CG0202366|-34|-65|CG0202366|-34|-65|CG0202366|-34|-65
464|3|6|800|11|CG0202381|-26|-60|CG0202382|-23|-57|CG0202383|-21|-54|CG0202382|-23|-57|CG0202381|-26|-60|CG0202382|-23|-57|CG0202383|-21|-54|CG0202383|-21|-54|CG0202383|-21|-54|CG0202382|-23|-57|CG0202381|-26|-60
464|3|7|986|7|CG0252941|-14|-72|CG0252942|-12|-72|CG0252943|-14|-71|CG0252929|-40|-65|CG0252930|-29|-66|CG0252930|-29|-66|CG0252931|-21|-69
464|3|8|1000|2|CG0202378|-10|-62|CG0202379|-31|-53
464|3|9|1000|1|CG0202380|-5|-60
464|3|10|1200|6|CG0202372|-31|-48|CG0202373|-28|-38|CG0202374|-26|-33|CG0202375|-23|-31|CG0202376|-30|-23|CG0202377|-36|-22
464|4|0|800|6|CG0202421|-17|-55|CG0202422|-18|-58|CG0202423|-17|-59|CG0202424|-17|-60|CG0202425|-18|-58|CG0202426|-19|-56
464|4|1|400|6|CG0202427|-24|-51|CG0202428|-27|-49|CG0202429|-28|-50|CG0202430|-27|-51|CG0202431|-26|-52|CG0202432|-19|-52
464|4|2|600|7|CG0202404|-26|-56|CG0202404|-26|-56|CG0202405|-23|-66|CG0202405|-23|-66|CG0202405|-23|-66|CG0202405|-23|-66|CG0202406|-33|-52
464|4|3|100|2|CG0202407|-27|-44|CG0202408|-26|-42
464|4|4|600|4|CG0208419|-43|-74|CG0208420|-41|-80|CG0208421|-44|-69|CG0208422|-47|-44
464|4|5|850|52|CG0202396|-22|-62|CG0202396|-22|-62|CG0202396|-22|-62|CG0202396|-22|-62|CG0202397|-23|-63|CG0202397|-23|-63|CG0202397|-23|-63|CG0202397|-23|-63|CG0202398|-25|-60|CG0202398|-25|-60|CG0202399|-26|-59|CG0202399|-26|-59|CG0202399|-26|-59|CG0202399|-26|-59|CG0202400|-26|-59|CG0202400|-26|-59|CG0202401|-26|-59|CG0202401|-26|-59|CG0202401|-26|-59|CG0202401|-26|-59|CG0202398|-25|-60|CG0202398|-25|-60|CG0202399|-26|-59|CG0202399|-26|-59|CG0202399|-26|-59|CG0202399|-26|-59|CG0202400|-26|-59|CG0202400|-26|-59|CG0202401|-26|-59|CG0202401|-26|-59|CG0202401|-26|-59|CG0202401|-26|-59|CG0202398|-25|-60|CG0202398|-25|-60|CG0202399|-26|-59|CG0202399|-26|-59|CG0202399|-26|-59|CG0202399|-26|-59|CG0202400|-26|-59|CG0202400|-26|-59|CG0202401|-26|-59|CG0202401|-26|-59|CG0202401|-26|-59|CG0202401|-26|-59|CG0202402|-22|-62|CG0202402|-22|-62|CG0202402|-22|-62|CG0202402|-22|-62|CG0202403|-24|-62|CG0202403|-24|-62|CG0202403|-24|-62|CG0202403|-24|-62
464|4|6|800|11|CG0202418|-20|-59|CG0202419|-25|-58|CG0202420|-29|-55|CG0202419|-25|-58|CG0202418|-20|-59|CG0202419|-25|-58|CG0202420|-29|-55|CG0202420|-29|-55|CG0202420|-29|-55|CG0202419|-25|-58|CG0202418|-20|-59
464|4|7|986|7|CG0252963|-19|-74|CG0252964|-19|-72|CG0252965|-19|-71|CG0252951|-35|-72|CG0252952|-24|-57|CG0252952|-24|-57|CG0252953|-21|-66
464|4|8|1000|2|CG0202415|-28|-58|CG0202416|-41|-62
464|4|9|1000|1|CG0202417|-13|-54
464|4|10|1200|6|CG0202409|-22|-40|CG0202410|-19|-38|CG0202411|-19|-37|CG0202412|-17|-38|CG0202413|-21|-24|CG0202414|-25|-18
464|5|0|800|6|CG0202458|-23|-46|CG0202459|-24|-49|CG0202460|-25|-50|CG0202461|-23|-52|CG0202462|-23|-51|CG0202463|-22|-49
464|5|1|400|6|CG0202464|-22|-43|CG0202465|-25|-42|CG0202466|-25|-42|CG0202467|-23|-43|CG0202468|-22|-44|CG0202469|-21|-44
464|5|2|600|7|CG0202441|-20|-51|CG0202441|-20|-51|CG0202442|-27|-65|CG0202442|-27|-65|CG0202442|-27|-65|CG0202442|-27|-65|CG0202443|-25|-49
464|5|3|100|2|CG0202444|-21|-45|CG0202445|-20|-41
464|5|4|600|4|CG0208471|-57|-73|CG0208472|-47|-77|CG0208473|-60|-70|CG0208474|-53|-44
464|5|5|850|52|CG0202433|-23|-54|CG0202433|-23|-54|CG0202433|-23|-54|CG0202433|-23|-54|CG0202434|-22|-56|CG0202434|-22|-56|CG0202434|-22|-56|CG0202434|-22|-56|CG0202435|-23|-55|CG0202435|-23|-55|CG0202436|-23|-56|CG0202436|-23|-56|CG0202436|-23|-56|CG0202436|-23|-56|CG0202437|-23|-56|CG0202437|-23|-56|CG0202438|-21|-57|CG0202438|-21|-57|CG0202438|-21|-57|CG0202438|-21|-57|CG0202435|-23|-55|CG0202435|-23|-55|CG0202436|-23|-56|CG0202436|-23|-56|CG0202436|-23|-56|CG0202436|-23|-56|CG0202437|-23|-56|CG0202437|-23|-56|CG0202438|-21|-57|CG0202438|-21|-57|CG0202438|-21|-57|CG0202438|-21|-57|CG0202435|-23|-55|CG0202435|-23|-55|CG0202436|-23|-56|CG0202436|-23|-56|CG0202436|-23|-56|CG0202436|-23|-56|CG0202437|-23|-56|CG0202437|-23|-56|CG0202438|-21|-57|CG0202438|-21|-57|CG0202438|-21|-57|CG0202438|-21|-57|CG0202439|-22|-56|CG0202439|-22|-56|CG0202439|-22|-56|CG0202439|-22|-56|CG0202440|-22|-55|CG0202440|-22|-55|CG0202440|-22|-55|CG0202440|-22|-55
464|5|6|800|11|CG0202455|-22|-52|CG0202456|-22|-52|CG0202457|-22|-54|CG0202456|-22|-52|CG0202455|-22|-52|CG0202456|-22|-52|CG0202457|-22|-54|CG0202457|-22|-54|CG0202457|-22|-54|CG0202456|-22|-52|CG0202455|-22|-52
464|5|7|986|7|CG0252985|-23|-73|CG0252986|-21|-72|CG0252987|-19|-71|CG0252973|-17|-76|CG0252974|-10|-50|CG0252974|-10|-50|CG0252975|-26|-63
464|5|8|1000|2|CG0202452|-29|-52|CG0202453|-29|-63
464|5|9|1000|1|CG0202454|-23|-45
464|5|10|1200|6|CG0202446|-23|-37|CG0202447|-21|-41|CG0202448|-17|-41|CG0202449|-28|-41|CG0202450|-26|-29|CG0202451|-24|-23
464|6|0|800|6|CG0202495|-22|-55|CG0202496|-23|-58|CG0202497|-23|-59|CG0202498|-20|-61|CG0202499|-21|-59|CG0202500|-22|-56
464|6|1|400|6|CG0202501|-25|-51|CG0202502|-25|-50|CG0202503|-25|-51|CG0202504|-25|-52|CG0202505|-24|-52|CG0202506|-24|-52
464|6|2|600|7|CG0202478|-17|-58|CG0202478|-17|-58|CG0202479|-28|-61|CG0202479|-28|-61|CG0202479|-28|-61|CG0202479|-28|-61|CG0202480|-25|-54
464|6|3|100|2|CG0202481|-30|-44|CG0202482|-30|-41
464|6|4|600|4|CG0208523|-65|-74|CG0208524|-65|-77|CG0208525|-66|-67|CG0208526|-61|-44
464|6|5|850|52|CG0202470|-19|-62|CG0202470|-19|-62|CG0202470|-19|-62|CG0202470|-19|-62|CG0202471|-24|-63|CG0202471|-24|-63|CG0202471|-24|-63|CG0202471|-24|-63|CG0202472|-29|-61|CG0202472|-29|-61|CG0202473|-18|-60|CG0202473|-18|-60|CG0202473|-18|-60|CG0202473|-18|-60|CG0202474|-20|-60|CG0202474|-20|-60|CG0202475|-21|-62|CG0202475|-21|-62|CG0202475|-21|-62|CG0202475|-21|-62|CG0202472|-29|-61|CG0202472|-29|-61|CG0202473|-18|-60|CG0202473|-18|-60|CG0202473|-18|-60|CG0202473|-18|-60|CG0202474|-20|-60|CG0202474|-20|-60|CG0202475|-21|-62|CG0202475|-21|-62|CG0202475|-21|-62|CG0202475|-21|-62|CG0202472|-29|-61|CG0202472|-29|-61|CG0202473|-18|-60|CG0202473|-18|-60|CG0202473|-18|-60|CG0202473|-18|-60|CG0202474|-20|-60|CG0202474|-20|-60|CG0202475|-21|-62|CG0202475|-21|-62|CG0202475|-21|-62|CG0202475|-21|-62|CG0202476|-26|-63|CG0202476|-26|-63|CG0202476|-26|-63|CG0202476|-26|-63|CG0202477|-18|-62|CG0202477|-18|-62|CG0202477|-18|-62|CG0202477|-18|-62
464|6|6|800|11|CG0202492|-18|-59|CG0202493|-18|-58|CG0202494|-15|-55|CG0202493|-18|-58|CG0202492|-18|-59|CG0202493|-18|-58|CG0202494|-15|-55|CG0202494|-15|-55|CG0202494|-15|-55|CG0202493|-18|-58|CG0202492|-18|-59
464|6|7|986|7|CG0253007|-18|-74|CG0253008|-17|-73|CG0253009|-17|-73|CG0252995|-16|-77|CG0252996|-27|-48|CG0252996|-27|-48|CG0252997|-32|-63
464|6|8|1000|2|CG0202489|-28|-54|CG0202490|-21|-56
464|6|9|1000|1|CG0202491|-22|-54
464|6|10|1200|6|CG0202483|-34|-40|CG0202484|-34|-38|CG0202485|-27|-37|CG0202486|-35|-38|CG0202487|-34|-25|CG0202488|-32|-18
464|7|0|800|6|CG0202532|-24|-59|CG0202533|-24|-63|CG0202534|-24|-64|CG0202535|-23|-64|CG0202536|-23|-62|CG0202537|-23|-60
464|7|1|400|6|CG0202538|-28|-57|CG0202539|-28|-56|CG0202540|-28|-56|CG0202541|-28|-57|CG0202542|-28|-57|CG0202543|-28|-57
464|7|2|600|7|CG0202515|-21|-61|CG0202515|-21|-61|CG0202516|-22|-59|CG0202516|-22|-59|CG0202516|-22|-59|CG0202516|-22|-59|CG0202517|-26|-60
464|7|3|100|2|CG0202518|-30|-48|CG0202519|-30|-45
464|7|4|600|4|CG0208575|-59|-78|CG0208576|-59|-81|CG0208577|-72|-71|CG0208578|-63|-44
464|7|5|850|52|CG0202507|-20|-65|CG0202507|-20|-65|CG0202507|-20|-65|CG0202507|-20|-65|CG0202508|-21|-64|CG0202508|-21|-64|CG0202508|-21|-64|CG0202508|-21|-64|CG0202509|-25|-60|CG0202509|-25|-60|CG0202510|-22|-59|CG0202510|-22|-59|CG0202510|-22|-59|CG0202510|-22|-59|CG0202511|-27|-59|CG0202511|-27|-59|CG0202512|-20|-59|CG0202512|-20|-59|CG0202512|-20|-59|CG0202512|-20|-59|CG0202509|-25|-60|CG0202509|-25|-60|CG0202510|-22|-59|CG0202510|-22|-59|CG0202510|-22|-59|CG0202510|-22|-59|CG0202511|-27|-59|CG0202511|-27|-59|CG0202512|-20|-59|CG0202512|-20|-59|CG0202512|-20|-59|CG0202512|-20|-59|CG0202509|-25|-60|CG0202509|-25|-60|CG0202510|-22|-59|CG0202510|-22|-59|CG0202510|-22|-59|CG0202510|-22|-59|CG0202511|-27|-59|CG0202511|-27|-59|CG0202512|-20|-59|CG0202512|-20|-59|CG0202512|-20|-59|CG0202512|-20|-59|CG0202513|-24|-64|CG0202513|-24|-64|CG0202513|-24|-64|CG0202513|-24|-64|CG0202514|-19|-65|CG0202514|-19|-65|CG0202514|-19|-65|CG0202514|-19|-65
464|7|6|800|11|CG0202529|-22|-60|CG0202530|-21|-57|CG0202531|-17|-54|CG0202530|-21|-57|CG0202529|-22|-60|CG0202530|-21|-57|CG0202531|-17|-54|CG0202531|-17|-54|CG0202531|-17|-54|CG0202530|-21|-57|CG0202529|-22|-60
464|7|7|986|7|CG0253029|-18|-74|CG0253030|-18|-74|CG0253031|-18|-74|CG0253017|-21|-72|CG0253018|-41|-54|CG0253018|-41|-54|CG0253019|-24|-67
464|7|8|1000|2|CG0202526|-27|-55|CG0202527|-9|-50
464|7|9|1000|1|CG0202528|-21|-60
464|7|10|1200|6|CG0202520|-35|-48|CG0202521|-32|-37|CG0202522|-32|-33|CG0202523|-33|-31|CG0202524|-33|-24|CG0202525|-33|-22
