479|0|0|400|4|CG0207135|-35|-110|CG0207136|-38|-91|CG0207137|-40|-88|CG0207138|-38|-90
479|0|1|400|4|CG0207135|-35|-110|CG0207136|-38|-91|CG0207137|-40|-88|CG0207138|-38|-90
479|0|2|800|8|CG0208200|-29|-44|CG0208201|-36|-38|CG0208202|-24|-39|CG0208203|-32|-60|CG0208204|-21|-62|CG0208205|-19|-61|CG0208206|-22|-50|CG0208207|-23|-43
479|0|3|300|4|CG0207114|-35|-110|CG0207115|-38|-91|CG0207116|-40|-88|CG0207117|-38|-90
479|0|4|600|4|CG0208211|-57|-82|CG0208212|-65|-86|CG0208213|-68|-75|CG0208214|-58|-46
479|0|5|1000|20|CG0207104|-78|-88|CG0207104|-78|-88|CG0207106|-61|-86|CG0207106|-61|-86|CG0207107|-60|-88|CG0207107|-60|-88|CG0207108|-111|-87|CG0207108|-111|-87|CG0207109|-60|-98|CG0207109|-60|-98|CG0207110|-112|-98|CG0207110|-112|-98|CG0207111|-59|-104|CG0207111|-59|-104|CG0207112|-107|-102|CG0207112|-107|-102|CG0207113|-55|-102|CG0207113|-55|-102|CG0207105|-80|-97|CG0207105|-80|-97
479|0|6|2000|16|CG0207136|-38|-91|CG0207171|-63|-87|CG0207206|-63|-90|CG0207241|-29|-104|CG0207276|-64|-105|CG0207311|-61|-92|CG0207346|-38|-107|CG0207381|-31|-107|CG0207136|-38|-91|CG0207171|-63|-87|CG0207206|-63|-90|CG0207241|-29|-104|CG0207276|-64|-105|CG0207311|-61|-92|CG0207346|-38|-107|CG0207381|-31|-107
479|0|7|986|7|CG0252875|-18|-73|CG0252876|-22|-73|CG0252877|-23|-73|CG0252863|-17|-64|CG0252864|-34|-63|CG0252864|-34|-63|CG0252865|-22|-71
479|0|8|1000|2|CG0207132|-57|-91|CG0207133|-36|-72
479|0|9|1000|1|CG0207134|-35|-94
479|0|10|1500|14|CG0207118|-55|-84|CG0207124|-14|-86|CG0207125|-19|-82|CG0207126|-20|-82|CG0207127|-26|-78|CG0207128|-29|-68|CG0207129|-29|-73|CG0207130|-44|-84|CG0207131|-38|-72|CG0207119|-39|-74|CG0207120|-40|-50|CG0207121|-41|-38|CG0207122|-41|-37|CG0207123|-41|-37
479|1|0|400|4|CG0207170|-35|-97|CG0207171|-63|-87|CG0207172|-38|-85|CG0207173|-44|-87
479|1|1|400|4|CG0207170|-35|-97|CG0207171|-63|-87|CG0207172|-38|-85|CG0207173|-44|-87
479|1|2|800|8|CG0208252|-31|-47|CG0208253|-31|-39|CG0208254|-31|-39|CG0208255|-31|-59|CG0208256|-31|-63|CG0208257|-29|-63|CG0208258|-23|-54|CG0208259|-11|-47
479|1|3|300|4|CG0207149|-35|-97|CG0207150|-63|-87|CG0207151|-38|-85|CG0207152|-44|-87
479|1|4|600|4|CG0208263|-53|-83|CG0208264|-48|-90|CG0208265|-58|-79|CG0208266|-52|-47
479|1|5|1000|20|CG0207139|-58|-87|CG0207139|-58|-87|CG0207141|-38|-87|CG0207141|-38|-87|CG0207142|-51|-89|CG0207142|-51|-89|CG0207143|-49|-88|CG0207143|-49|-88|CG0207144|-51|-99|CG0207144|-51|-99|CG0207145|-49|-99|CG0207145|-49|-99|CG0207146|-51|-105|CG0207146|-51|-105|CG0207147|-49|-102|CG0207147|-49|-102|CG0207148|-51|-102|CG0207148|-51|-102|CG0207140|-57|-95|CG0207140|-57|-95
479|1|6|2000|16|CG0207171|-63|-87|CG0207206|-63|-90|CG0207241|-29|-104|CG0207276|-64|-105|CG0207311|-61|-92|CG0207346|-38|-107|CG0207381|-31|-107|CG0207136|-38|-91|CG0207171|-63|-87|CG0207206|-63|-90|CG0207241|-29|-104|CG0207276|-64|-105|CG0207311|-61|-92|CG0207346|-38|-107|CG0207381|-31|-107|CG0207136|-38|-91
479|1|7|986|7|CG0252897|-23|-72|CG0252898|-22|-72|CG0252899|-20|-72|CG0252885|-11|-60|CG0252886|-22|-70|CG0252886|-22|-70|CG0252887|-22|-73
479|1|8|1000|2|CG0207167|-36|-87|CG0207168|-52|-71
479|1|9|1000|1|CG0207169|-24|-88
479|1|10|1500|14|CG0207153|-63|-77|CG0207159|-65|-80|CG0207160|-53|-64|CG0207161|-46|-71|CG0207162|-55|-69|CG0207163|-67|-66|CG0207164|-58|-75|CG0207165|-74|-86|CG0207166|-67|-73|CG0207154|-49|-65|CG0207155|-46|-51|CG0207156|-43|-31|CG0207157|-40|-35|CG0207158|-45|-35
479|2|0|400|4|CG0207205|-40|-106|CG0207206|-63|-90|CG0207207|-47|-88|CG0207208|-56|-90
479|2|1|400|4|CG0207205|-40|-106|CG0207206|-63|-90|CG0207207|-47|-88|CG0207208|-56|-90
479|2|2|800|8|CG0208304|-32|-46|CG0208305|-32|-40|CG0208306|-32|-40|CG0208307|-32|-60|CG0208308|-32|-62|CG0208309|-31|-59|CG0208310|-20|-51|CG0208311|-12|-44
479|2|3|300|4|CG0207184|-43|-106|CG0207185|-63|-90|CG0207186|-47|-88|CG0207187|-56|-90
479|2|4|600|4|CG0208315|-50|-82|CG0208316|-42|-85|CG0208317|-52|-76|CG0208318|-48|-46
479|2|5|1000|20|CG0207174|-41|-89|CG0207174|-41|-89|CG0207176|-32|-85|CG0207176|-32|-85|CG0207177|-32|-88|CG0207177|-32|-88|CG0207178|23|-87|CG0207178|23|-87|CG0207179|-30|-98|CG0207179|-30|-98|CG0207180|26|-98|CG0207180|26|-98|CG0207181|-32|-103|CG0207181|-32|-103|CG0207182|19|-102|CG0207182|19|-102|CG0207183|-40|-102|CG0207183|-40|-102|CG0207175|-7|-97|CG0207175|-7|-97
479|2|6|2000|16|CG0207206|-63|-90|CG0207241|-29|-104|CG0207276|-64|-105|CG0207311|-61|-92|CG0207346|-38|-107|CG0207381|-31|-107|CG0207136|-38|-91|CG0207171|-63|-87|CG0207206|-63|-90|CG0207241|-29|-104|CG0207276|-64|-105|CG0207311|-61|-92|CG0207346|-38|-107|CG0207381|-31|-107|CG0207136|-38|-91|CG0207171|-63|-87
479|2|7|986|7|CG0252919|-18|-72|CG0252920|-13|-72|CG0252921|-10|-71|CG0252907|-29|-60|CG0252908|-24|-70|CG0252908|-24|-70|CG0252909|-26|-71
479|2|8|1000|2|CG0207202|-17|-91|CG0207203|-38|-72
479|2|9|1000|1|CG0207204|-10|-94
479|2|10|1500|14|CG0207188|-49|-87|CG0207194|-85|-88|CG0207195|-65|-80|CG0207196|-53|-90|CG0207197|-61|-90|CG0207198|-73|-72|CG0207199|-62|-97|CG0207200|-64|-93|CG0207201|-75|-78|CG0207189|-50|-77|CG0207190|-40|-59|CG0207191|-45|-40|CG0207192|-53|-33|CG0207193|-59|-33
479|3|0|400|4|CG0207240|-24|-117|CG0207241|-29|-104|CG0207242|-31|-80|CG0207243|-42|-83
479|3|1|400|4|CG0207240|-24|-117|CG0207241|-29|-104|CG0207242|-31|-80|CG0207243|-42|-83
479|3|2|800|8|CG0208356|-23|-46|CG0208357|-25|-40|CG0208358|-26|-41|CG0208359|-22|-61|CG0208360|-22|-60|CG0208361|-22|-52|CG0208362|-10|-43|CG0208363|-10|-36
479|3|3|300|4|CG0207219|-59|-117|CG0207220|-61|-104|CG0207221|-58|-80|CG0207222|-54|-83
479|3|4|600|4|CG0208367|-41|-78|CG0208368|-36|-84|CG0208369|-43|-70|CG0208370|-40|-44
479|3|5|1000|20|CG0207209|-18|-97|CG0207209|-18|-97|CG0207211|-21|-69|CG0207211|-21|-69|CG0207212|3|-71|CG0207212|3|-71|CG0207213|35|-71|CG0207213|35|-71|CG0207214|6|-81|CG0207214|6|-81|CG0207215|38|-81|CG0207215|38|-81|CG0207216|4|-88|CG0207216|4|-88|CG0207217|28|-87|CG0207217|28|-87|CG0207218|-8|-88|CG0207218|-8|-88|CG0207210|-1|-86|CG0207210|-1|-86
479|3|6|2000|16|CG0207241|-29|-104|CG0207276|-64|-105|CG0207311|-61|-92|CG0207346|-38|-107|CG0207381|-31|-107|CG0207136|-38|-91|CG0207171|-63|-87|CG0207206|-63|-90|CG0207241|-29|-104|CG0207276|-64|-105|CG0207311|-61|-92|CG0207346|-38|-107|CG0207381|-31|-107|CG0207136|-38|-91|CG0207171|-63|-87|CG0207206|-63|-90
479|3|7|986|7|CG0252941|-14|-72|CG0252942|-12|-72|CG0252943|-14|-71|CG0252929|-40|-65|CG0252930|-29|-66|CG0252930|-29|-66|CG0252931|-21|-69
479|3|8|1000|2|CG0207237|-13|-86|CG0207238|-46|-81
479|3|9|1000|1|CG0207239|-7|-93
479|3|10|1500|14|CG0207223|-35|-102|CG0207229|-60|-98|CG0207230|-93|-100|CG0207231|-76|-105|CG0207232|-89|-106|CG0207233|-88|-71|CG0207234|-75|-115|CG0207235|-79|-91|CG0207236|-68|-80|CG0207224|-25|-86|CG0207225|-27|-69|CG0207226|-33|-53|CG0207227|-54|-40|CG0207228|-54|-28
479|4|0|400|4|CG0207275|-38|-120|CG0207276|-64|-105|CG0207277|-49|-66|CG0207278|-57|-70
479|4|1|400|4|CG0207275|-38|-120|CG0207276|-64|-105|CG0207277|-49|-66|CG0207278|-57|-70
479|4|2|800|8|CG0208408|-31|-45|CG0208409|-30|-45|CG0208410|-31|-46|CG0208411|-30|-63|CG0208412|-30|-59|CG0208413|-30|-46|CG0208414|-19|-37|CG0208415|-13|-31
479|4|3|300|4|CG0207254|-40|-120|CG0207255|-64|-105|CG0207256|-49|-66|CG0207257|-57|-70
479|4|4|600|4|CG0208419|-43|-74|CG0208420|-41|-80|CG0208421|-44|-69|CG0208422|-47|-44
479|4|5|1000|20|CG0207244|-44|-97|CG0207244|-44|-97|CG0207246|-29|-63|CG0207246|-29|-63|CG0207247|-34|-47|CG0207247|-34|-47|CG0207248|25|-47|CG0207248|25|-47|CG0207249|-32|-56|CG0207249|-32|-56|CG0207250|27|-56|CG0207250|27|-56|CG0207251|-34|-63|CG0207251|-34|-63|CG0207252|20|-65|CG0207252|20|-65|CG0207253|-42|-69|CG0207253|-42|-69|CG0207245|-7|-69|CG0207245|-7|-69
479|4|6|2000|16|CG0207276|-64|-105|CG0207311|-61|-92|CG0207346|-38|-107|CG0207381|-31|-107|CG0207136|-38|-91|CG0207171|-63|-87|CG0207206|-63|-90|CG0207241|-29|-104|CG0207276|-64|-105|CG0207311|-61|-92|CG0207346|-38|-107|CG0207381|-31|-107|CG0207136|-38|-91|CG0207171|-63|-87|CG0207206|-63|-90|CG0207241|-29|-104
479|4|7|986|7|CG0252963|-19|-74|CG0252964|-19|-72|CG0252965|-19|-71|CG0252951|-35|-72|CG0252952|-24|-57|CG0252952|-24|-57|CG0252953|-21|-66
479|4|8|1000|2|CG0207272|-19|-75|CG0207273|-47|-86
479|4|9|1000|1|CG0207274|-9|-87
479|4|10|1500|14|CG0207258|-32|-108|CG0207264|-86|-108|CG0207265|-83|-107|CG0207266|-77|-110|CG0207267|-77|-108|CG0207268|-70|-86|CG0207269|-73|-118|CG0207270|-51|-85|CG0207271|-72|-95|CG0207259|-44|-88|CG0207260|-31|-67|CG0207261|-32|-57|CG0207262|-59|-48|CG0207263|-59|-35
479|5|0|400|4|CG0207310|-35|-113|CG0207311|-61|-92|CG0207312|-39|-64|CG0207313|-41|-66
479|5|1|400|4|CG0207310|-35|-113|CG0207311|-61|-92|CG0207312|-39|-64|CG0207313|-41|-66
479|5|2|800|8|CG0208460|-30|-46|CG0208461|-30|-46|CG0208462|-30|-48|CG0208463|-30|-64|CG0208464|-28|-59|CG0208465|-23|-44|CG0208466|-20|-36|CG0208467|-13|-29
479|5|3|300|4|CG0207289|-35|-113|CG0207290|-61|-92|CG0207291|-39|-64|CG0207292|-41|-66
479|5|4|600|4|CG0208471|-57|-73|CG0208472|-47|-77|CG0208473|-60|-70|CG0208474|-53|-44
479|5|5|1000|20|CG0207279|-62|-85|CG0207279|-62|-85|CG0207281|-35|-55|CG0207281|-35|-55|CG0207282|-51|-29|CG0207282|-51|-29|CG0207283|-51|-29|CG0207283|-51|-29|CG0207284|-51|-38|CG0207284|-51|-38|CG0207285|-51|-38|CG0207285|-51|-38|CG0207286|-51|-46|CG0207286|-51|-46|CG0207287|-50|-48|CG0207287|-50|-48|CG0207288|-50|-54|CG0207288|-50|-54|CG0207280|-62|-56|CG0207280|-62|-56
479|5|6|2000|16|CG0207311|-61|-92|CG0207346|-38|-107|CG0207381|-31|-107|CG0207136|-38|-91|CG0207171|-63|-87|CG0207206|-63|-90|CG0207241|-29|-104|CG0207276|-64|-105|CG0207311|-61|-92|CG0207346|-38|-107|CG0207381|-31|-107|CG0207136|-38|-91|CG0207171|-63|-87|CG0207206|-63|-90|CG0207241|-29|-104|CG0207276|-64|-105
479|5|7|986|7|CG0252985|-23|-73|CG0252986|-21|-72|CG0252987|-19|-71|CG0252973|-17|-76|CG0252974|-10|-50|CG0252974|-10|-50|CG0252975|-26|-63
479|5|8|1000|2|CG0207307|-36|-67|CG0207308|-67|-82
479|5|9|1000|1|CG0207309|-25|-77
479|5|10|1500|14|CG0207293|-43|-107|CG0207299|-62|-98|CG0207300|-60|-102|CG0207301|-64|-100|CG0207302|-69|-96|CG0207303|-61|-98|CG0207304|-63|-105|CG0207305|-56|-94|CG0207306|-63|-103|CG0207294|-42|-80|CG0207295|-36|-64|CG0207296|-36|-57|CG0207297|-38|-43|CG0207298|-38|-29
479|6|0|400|4|CG0207345|-35|-121|CG0207346|-38|-107|CG0207347|-41|-66|CG0207348|-38|-70
479|6|1|400|4|CG0207345|-35|-121|CG0207346|-38|-107|CG0207347|-41|-66|CG0207348|-38|-70
479|6|2|800|8|CG0208512|-31|-43|CG0208513|-23|-43|CG0208514|-36|-44|CG0208515|-20|-63|CG0208516|-22|-59|CG0208517|-21|-47|CG0208518|-23|-36|CG0208519|-20|-31
479|6|3|300|4|CG0207324|-35|-121|CG0207325|-38|-107|CG0207326|-41|-66|CG0207327|-38|-70
479|6|4|600|4|CG0208523|-65|-74|CG0208524|-65|-77|CG0208525|-66|-67|CG0208526|-61|-44
479|6|5|1000|20|CG0207314|-80|-96|CG0207314|-80|-96|CG0207316|-64|-60|CG0207316|-64|-60|CG0207317|-63|-47|CG0207317|-63|-47|CG0207318|-114|-47|CG0207318|-114|-47|CG0207319|-63|-56|CG0207319|-63|-56|CG0207320|-116|-56|CG0207320|-116|-56|CG0207321|-62|-63|CG0207321|-62|-63|CG0207322|-108|-65|CG0207322|-108|-65|CG0207323|-57|-69|CG0207323|-57|-69|CG0207315|-81|-69|CG0207315|-81|-69
479|6|6|2000|16|CG0207346|-38|-107|CG0207381|-31|-107|CG0207136|-38|-91|CG0207171|-63|-87|CG0207206|-63|-90|CG0207241|-29|-104|CG0207276|-64|-105|CG0207311|-61|-92|CG0207346|-38|-107|CG0207381|-31|-107|CG0207136|-38|-91|CG0207171|-63|-87|CG0207206|-63|-90|CG0207241|-29|-104|CG0207276|-64|-105|CG0207311|-61|-92
479|6|7|986|7|CG0253007|-18|-74|CG0253008|-17|-73|CG0253009|-17|-73|CG0252995|-16|-77|CG0252996|-27|-48|CG0252996|-27|-48|CG0252997|-32|-63
479|6|8|1000|2|CG0207342|-51|-75|CG0207343|-48|-86
479|6|9|1000|1|CG0207344|-31|-87
479|6|10|1500|14|CG0207328|-36|-106|CG0207334|-18|-94|CG0207335|-27|-114|CG0207336|-28|-108|CG0207337|-31|-100|CG0207338|-26|-89|CG0207339|-27|-96|CG0207340|-34|-82|CG0207341|-33|-95|CG0207329|-37|-88|CG0207330|-42|-66|CG0207331|-44|-56|CG0207332|-41|-33|CG0207333|-41|-33
479|7|0|400|4|CG0207380|-27|-120|CG0207381|-31|-107|CG0207382|-35|-80|CG0207383|-31|-83
479|7|1|400|4|CG0207380|-27|-120|CG0207381|-31|-107|CG0207382|-35|-80|CG0207383|-31|-83
479|7|2|800|8|CG0208564|-36|-43|CG0208565|-32|-37|CG0208566|-27|-39|CG0208567|-23|-62|CG0208568|-17|-60|CG0208569|-27|-54|CG0208570|-31|-41|CG0208571|-30|-37
479|7|3|300|4|CG0207359|-27|-120|CG0207360|-31|-107|CG0207361|-35|-80|CG0207362|-31|-83
479|7|4|600|4|CG0208575|-59|-78|CG0208576|-59|-81|CG0208577|-72|-71|CG0208578|-63|-44
479|7|5|1000|20|CG0207349|-56|-97|CG0207349|-56|-97|CG0207351|-67|-67|CG0207351|-67|-67|CG0207352|-74|-71|CG0207352|-74|-71|CG0207353|-114|-71|CG0207353|-114|-71|CG0207354|-76|-81|CG0207354|-76|-81|CG0207355|-117|-81|CG0207355|-117|-81|CG0207356|-74|-88|CG0207356|-74|-88|CG0207357|-107|-87|CG0207357|-107|-87|CG0207358|-63|-88|CG0207358|-63|-88|CG0207350|-57|-86|CG0207350|-57|-86
479|7|6|2000|16|CG0207381|-31|-107|CG0207136|-38|-91|CG0207171|-63|-87|CG0207206|-63|-90|CG0207241|-29|-104|CG0207276|-64|-105|CG0207311|-61|-92|CG0207346|-38|-107|CG0207381|-31|-107|CG0207136|-38|-91|CG0207171|-63|-87|CG0207206|-63|-90|CG0207241|-29|-104|CG0207276|-64|-105|CG0207311|-61|-92|CG0207346|-38|-107
479|7|7|986|7|CG0253029|-18|-74|CG0253030|-18|-74|CG0253031|-18|-74|CG0253017|-21|-72|CG0253018|-41|-54|CG0253018|-41|-54|CG0253019|-24|-67
479|7|8|1000|2|CG0207377|-46|-86|CG0207378|-14|-81
479|7|9|1000|1|CG0207379|-39|-93
479|7|10|1500|14|CG0207363|-14|-96|CG0207369|-2|-94|CG0207370|-11|-106|CG0207371|-11|-104|CG0207372|-10|-98|CG0207373|-13|-67|CG0207374|-16|-92|CG0207375|-16|-82|CG0207376|-28|-74|CG0207364|-31|-86|CG0207365|-37|-60|CG0207366|-39|-48|CG0207367|-37|-27|CG0207368|-37|-27
