488|0|0|1000|10|CG0210187|-44|-91|CG0210189|-46|-63|CG0210190|-42|-92|CG0210191|-46|-61|CG0210192|-41|-91|CG0210193|-46|-61|CG0210194|-42|-91|CG0210195|-45|-62|CG0210196|-44|-92|CG0210188|-44|-63
488|0|1|700|10|CG0210187|-44|-91|CG0210189|-46|-63|CG0210190|-42|-92|CG0210191|-46|-61|CG0210192|-41|-91|CG0210193|-46|-61|CG0210194|-42|-91|CG0210195|-45|-62|CG0210196|-44|-92|CG0210188|-44|-63
488|0|2|100|1|CG0214400|-42|-69
488|0|3|200|2|CG0210169|-55|-85|CG0210170|-38|-65
488|0|4|100|1|CG0214392|-71|-96
488|0|5|800|18|CG0210160|-31|-109|CG0210160|-31|-109|CG0210161|-30|-107|CG0210161|-30|-107|CG0210162|-21|-148|CG0210162|-21|-148|CG0210163|-28|-162|CG0210163|-28|-162|CG0210164|-43|-157|CG0210164|-43|-157|CG0210165|-48|-132|CG0210165|-48|-132|CG0210166|-48|-107|CG0210166|-48|-107|CG0210167|-65|-111|CG0210167|-65|-111|CG0210168|-49|-108|CG0210168|-49|-108
488|0|6|2000|24|CG0210181|-33|-85|CG0210182|-58|-78|CG0210183|-30|-101|CG0210184|-10|-116|CG0210185|-8|-76|CG0210186|-18|-69|CG0210181|-33|-85|CG0210182|-58|-78|CG0210183|-30|-101|CG0210184|-10|-116|CG0210185|-8|-76|CG0210186|-18|-69|CG0210181|-33|-85|CG0210182|-58|-78|CG0210183|-30|-101|CG0210184|-10|-116|CG0210185|-8|-76|CG0210186|-18|-69|CG0210181|-33|-85|CG0210182|-58|-78|CG0210183|-30|-101|CG0210184|-10|-116|CG0210185|-8|-76|CG0210186|-18|-69
488|0|7|986|7|CG0252875|-18|-73|CG0252876|-22|-73|CG0252877|-23|-73|CG0252863|-17|-64|CG0252864|-34|-63|CG0252864|-34|-63|CG0252865|-22|-71
488|0|8|1000|2|CG0210178|-43|-83|CG0210179|-6|-51
488|0|9|1000|1|CG0210180|-28|-67
488|0|10|1000|7|CG0210171|-36|-73|CG0210172|-42|-70|CG0210173|-37|-45|CG0210174|-35|-42|CG0210175|-35|-39|CG0210176|-34|-35|CG0210177|-34|-19
488|1|0|1000|10|CG0210224|-30|-86|CG0210226|-37|-63|CG0210227|-30|-86|CG0210228|-36|-62|CG0210229|-30|-85|CG0210230|-37|-61|CG0210231|-31|-85|CG0210232|-36|-62|CG0210233|-30|-86|CG0210225|-36|-63
488|1|1|700|10|CG0210224|-30|-86|CG0210226|-37|-63|CG0210227|-30|-86|CG0210228|-36|-62|CG0210229|-30|-85|CG0210230|-37|-61|CG0210231|-31|-85|CG0210232|-36|-62|CG0210233|-30|-86|CG0210225|-36|-63
488|1|2|100|1|CG0214449|-79|-67
488|1|3|200|2|CG0210206|-28|-81|CG0210207|-31|-67
488|1|4|100|1|CG0214441|-49|-94
488|1|5|800|18|CG0210197|-19|-107|CG0210197|-19|-107|CG0210198|-23|-110|CG0210198|-23|-110|CG0210199|-19|-142|CG0210199|-19|-142|CG0210200|-19|-158|CG0210200|-19|-158|CG0210201|-19|-158|CG0210201|-19|-158|CG0210202|-13|-136|CG0210202|-13|-136|CG0210203|-12|-108|CG0210203|-12|-108|CG0210204|-31|-110|CG0210204|-31|-110|CG0210205|-34|-102|CG0210205|-34|-102
488|1|6|2000|24|CG0210218|-31|-77|CG0210219|-38|-82|CG0210220|-25|-102|CG0210221|-17|-115|CG0210222|-36|-67|CG0210223|-28|-60|CG0210218|-31|-77|CG0210219|-38|-82|CG0210220|-25|-102|CG0210221|-17|-115|CG0210222|-36|-67|CG0210223|-28|-60|CG0210218|-31|-77|CG0210219|-38|-82|CG0210220|-25|-102|CG0210221|-17|-115|CG0210222|-36|-67|CG0210223|-28|-60|CG0210218|-31|-77|CG0210219|-38|-82|CG0210220|-25|-102|CG0210221|-17|-115|CG0210222|-36|-67|CG0210223|-28|-60
488|1|7|986|7|CG0252897|-23|-72|CG0252898|-22|-72|CG0252899|-20|-72|CG0252885|-11|-60|CG0252886|-22|-70|CG0252886|-22|-70|CG0252887|-22|-73
488|1|8|1000|2|CG0210215|-22|-79|CG0210216|-16|-50
488|1|9|1000|1|CG0210217|-10|-71
488|1|10|1000|7|CG0210208|-13|-78|CG0210209|-14|-71|CG0210210|-8|-48|CG0210211|-9|-47|CG0210212|-10|-38|CG0210213|-24|-35|CG0210214|-28|-16
488|2|0|1000|10|CG0210261|-22|-91|CG0210263|-19|-63|CG0210264|-23|-92|CG0210265|-19|-62|CG0210266|-23|-90|CG0210267|-18|-62|CG0210268|-22|-91|CG0210269|-20|-61|CG0210270|-22|-91|CG0210262|-20|-63
488|2|1|700|10|CG0210261|-22|-91|CG0210263|-19|-63|CG0210264|-23|-92|CG0210265|-19|-62|CG0210266|-23|-90|CG0210267|-18|-62|CG0210268|-22|-91|CG0210269|-20|-61|CG0210270|-22|-91|CG0210262|-20|-63
488|2|2|100|1|CG0214498|-100|-78
488|2|3|200|2|CG0210243|-11|-85|CG0210244|-19|-65
488|2|4|100|1|CG0214490|-48|-104
488|2|5|800|18|CG0210234|-16|-109|CG0210234|-16|-109|CG0210235|-28|-107|CG0210235|-28|-107|CG0210236|-17|-147|CG0210236|-17|-147|CG0210237|-15|-161|CG0210237|-15|-161|CG0210238|-13|-159|CG0210238|-13|-159|CG0210239|0|-133|CG0210239|0|-133|CG0210240|6|-106|CG0210240|6|-106|CG0210241|18|-111|CG0210241|18|-111|CG0210242|-11|-107|CG0210242|-11|-107
488|2|6|2000|24|CG0210255|-27|-84|CG0210256|-9|-78|CG0210257|-19|-102|CG0210258|-36|-116|CG0210259|-46|-75|CG0210260|-49|-69|CG0210255|-27|-84|CG0210256|-9|-78|CG0210257|-19|-102|CG0210258|-36|-116|CG0210259|-46|-75|CG0210260|-49|-69|CG0210255|-27|-84|CG0210256|-9|-78|CG0210257|-19|-102|CG0210258|-36|-116|CG0210259|-46|-75|CG0210260|-49|-69|CG0210255|-27|-84|CG0210256|-9|-78|CG0210257|-19|-102|CG0210258|-36|-116|CG0210259|-46|-75|CG0210260|-49|-69
488|2|7|986|7|CG0252919|-18|-72|CG0252920|-13|-72|CG0252921|-10|-71|CG0252907|-29|-60|CG0252908|-24|-70|CG0252908|-24|-70|CG0252909|-26|-71
488|2|8|1000|2|CG0210252|-11|-75|CG0210253|-47|-51
488|2|9|1000|1|CG0210254|-18|-66
488|2|10|1000|7|CG0210245|-20|-74|CG0210246|-15|-70|CG0210247|-13|-45|CG0210248|-15|-42|CG0210249|-19|-38|CG0210250|-33|-34|CG0210251|-38|-21
488|3|0|1000|10|CG0210298|-25|-87|CG0210300|-23|-59|CG0210301|-26|-87|CG0210302|-22|-58|CG0210303|-26|-87|CG0210304|-22|-58|CG0210305|-27|-86|CG0210306|-23|-57|CG0210307|-25|-86|CG0210299|-25|-59
488|3|1|700|10|CG0210298|-25|-87|CG0210300|-23|-59|CG0210301|-26|-87|CG0210302|-22|-58|CG0210303|-26|-87|CG0210304|-22|-58|CG0210305|-27|-86|CG0210306|-23|-57|CG0210307|-25|-86|CG0210299|-25|-59
488|3|2|100|1|CG0214547|-95|-100
488|3|3|200|2|CG0210280|-12|-81|CG0210281|-12|-68
488|3|4|100|1|CG0214539|-36|-115
488|3|5|800|18|CG0210271|-17|-103|CG0210271|-17|-103|CG0210272|-19|-100|CG0210272|-19|-100|CG0210273|-9|-151|CG0210273|-9|-151|CG0210274|-9|-158|CG0210274|-9|-158|CG0210275|-9|-148|CG0210275|-9|-148|CG0210276|3|-116|CG0210276|3|-116|CG0210277|16|-94|CG0210277|16|-94|CG0210278|28|-96|CG0210278|28|-96|CG0210279|0|-101|CG0210279|0|-101
488|3|6|2000|24|CG0210292|-27|-85|CG0210293|-6|-69|CG0210294|-2|-100|CG0210295|-47|-120|CG0210296|-61|-92|CG0210297|-55|-75|CG0210292|-27|-85|CG0210293|-6|-69|CG0210294|-2|-100|CG0210295|-47|-120|CG0210296|-61|-92|CG0210297|-55|-75|CG0210292|-27|-85|CG0210293|-6|-69|CG0210294|-2|-100|CG0210295|-47|-120|CG0210296|-61|-92|CG0210297|-55|-75|CG0210292|-27|-85|CG0210293|-6|-69|CG0210294|-2|-100|CG0210295|-47|-120|CG0210296|-61|-92|CG0210297|-55|-75
488|3|7|986|7|CG0252941|-14|-72|CG0252942|-12|-72|CG0252943|-14|-71|CG0252929|-40|-65|CG0252930|-29|-66|CG0252930|-29|-66|CG0252931|-21|-69
488|3|8|1000|2|CG0210289|-10|-65|CG0210290|-57|-67
488|3|9|1000|1|CG0210291|-18|-57
488|3|10|1000|7|CG0210282|-26|-70|CG0210283|-16|-63|CG0210284|-14|-38|CG0210285|-14|-38|CG0210286|-27|-36|CG0210287|-37|-33|CG0210288|-45|-15
488|4|0|1000|10|CG0210335|-21|-81|CG0210337|-18|-57|CG0210338|-22|-79|CG0210339|-18|-55|CG0210340|-22|-79|CG0210341|-18|-54|CG0210342|-22|-78|CG0210343|-19|-54|CG0210344|-22|-78|CG0210336|-19|-54
488|4|1|700|10|CG0210335|-21|-81|CG0210337|-18|-57|CG0210338|-22|-79|CG0210339|-18|-55|CG0210340|-22|-79|CG0210341|-18|-54|CG0210342|-22|-78|CG0210343|-19|-54|CG0210344|-22|-78|CG0210336|-19|-54
488|4|2|100|1|CG0214596|-82|-112
488|4|3|200|2|CG0210317|-11|-75|CG0210318|-20|-70
488|4|4|100|1|CG0214588|-48|-120
488|4|5|800|18|CG0210308|-15|-93|CG0210308|-15|-93|CG0210309|-30|-102|CG0210309|-30|-102|CG0210310|-18|-147|CG0210310|-18|-147|CG0210311|-15|-149|CG0210311|-15|-149|CG0210312|-13|-133|CG0210312|-13|-133|CG0210313|-1|-101|CG0210313|-1|-101|CG0210314|5|-78|CG0210314|5|-78|CG0210315|19|-70|CG0210315|19|-70|CG0210316|-10|-84|CG0210316|-10|-84
488|4|6|2000|24|CG0210329|-27|-76|CG0210330|-9|-62|CG0210331|-19|-99|CG0210332|-33|-124|CG0210333|-44|-108|CG0210334|-45|-75|CG0210329|-27|-76|CG0210330|-9|-62|CG0210331|-19|-99|CG0210332|-33|-124|CG0210333|-44|-108|CG0210334|-45|-75|CG0210329|-27|-76|CG0210330|-9|-62|CG0210331|-19|-99|CG0210332|-33|-124|CG0210333|-44|-108|CG0210334|-45|-75|CG0210329|-27|-76|CG0210330|-9|-62|CG0210331|-19|-99|CG0210332|-33|-124|CG0210333|-44|-108|CG0210334|-45|-75
488|4|7|986|7|CG0252963|-19|-74|CG0252964|-19|-72|CG0252965|-19|-71|CG0252951|-35|-72|CG0252952|-24|-57|CG0252952|-24|-57|CG0252953|-21|-66
488|4|8|1000|2|CG0210326|-7|-55|CG0210327|-51|-80
488|4|9|1000|1|CG0210328|-18|-51
488|4|10|1000|7|CG0210319|-20|-69|CG0210320|-15|-60|CG0210321|-15|-36|CG0210322|-16|-36|CG0210323|-22|-40|CG0210324|-33|-33|CG0210325|-37|-25
488|5|0|1000|10|CG0210372|-32|-76|CG0210374|-36|-55|CG0210375|-32|-74|CG0210376|-36|-54|CG0210377|-32|-72|CG0210378|-36|-53|CG0210379|-32|-72|CG0210380|-36|-54|CG0210381|-32|-73|CG0210373|-36|-56
488|5|1|700|10|CG0210372|-32|-76|CG0210374|-36|-55|CG0210375|-32|-74|CG0210376|-36|-54|CG0210377|-32|-72|CG0210378|-36|-53|CG0210379|-32|-72|CG0210380|-36|-54|CG0210381|-32|-73|CG0210373|-36|-56
488|5|2|100|1|CG0214645|-41|-110
488|5|3|200|2|CG0210354|-31|-73|CG0210355|-33|-68
488|5|4|100|1|CG0214637|-67|-114
488|5|5|800|18|CG0210345|-20|-84|CG0210345|-20|-84|CG0210346|-24|-98|CG0210346|-24|-98|CG0210347|-20|-144|CG0210347|-20|-144|CG0210348|-22|-141|CG0210348|-22|-141|CG0210349|-22|-125|CG0210349|-22|-125|CG0210350|-10|-95|CG0210350|-10|-95|CG0210351|-15|-70|CG0210351|-15|-70|CG0210352|-33|-49|CG0210352|-33|-49|CG0210353|-35|-69|CG0210353|-35|-69
488|5|6|2000|24|CG0210366|-31|-64|CG0210367|-39|-59|CG0210368|-25|-97|CG0210369|-21|-125|CG0210370|-33|-114|CG0210371|-29|-78|CG0210366|-31|-64|CG0210367|-39|-59|CG0210368|-25|-97|CG0210369|-21|-125|CG0210370|-33|-114|CG0210371|-29|-78|CG0210366|-31|-64|CG0210367|-39|-59|CG0210368|-25|-97|CG0210369|-21|-125|CG0210370|-33|-114|CG0210371|-29|-78|CG0210366|-31|-64|CG0210367|-39|-59|CG0210368|-25|-97|CG0210369|-21|-125|CG0210370|-33|-114|CG0210371|-29|-78
488|5|7|986|7|CG0252985|-23|-73|CG0252986|-21|-72|CG0252987|-19|-71|CG0252973|-17|-76|CG0252974|-10|-50|CG0252974|-10|-50|CG0252975|-26|-63
488|5|8|1000|2|CG0210363|-29|-55|CG0210364|-21|-83
488|5|9|1000|1|CG0210365|-10|-49
488|5|10|1000|7|CG0210356|-13|-68|CG0210357|-16|-62|CG0210358|-10|-38|CG0210359|-10|-39|CG0210360|-10|-44|CG0210361|-24|-37|CG0210362|-30|-31
488|6|0|1000|10|CG0210409|-44|-81|CG0210411|-44|-57|CG0210412|-41|-80|CG0210413|-45|-55|CG0210414|-41|-79|CG0210415|-45|-54|CG0210416|-41|-78|CG0210417|-44|-55|CG0210418|-42|-80|CG0210410|-44|-57
488|6|1|700|10|CG0210409|-44|-81|CG0210411|-44|-57|CG0210412|-41|-80|CG0210413|-45|-55|CG0210414|-41|-79|CG0210415|-45|-54|CG0210416|-41|-78|CG0210417|-44|-55|CG0210418|-42|-80|CG0210410|-44|-57
488|6|2|100|1|CG0214694|-28|-98
488|6|3|200|2|CG0210391|-57|-74|CG0210392|-36|-70
488|6|4|100|1|CG0214686|-73|-118
488|6|5|800|18|CG0210382|-30|-94|CG0210382|-30|-94|CG0210383|-28|-103|CG0210383|-28|-103|CG0210384|-23|-148|CG0210384|-23|-148|CG0210385|-30|-149|CG0210385|-30|-149|CG0210386|-46|-133|CG0210386|-46|-133|CG0210387|-48|-101|CG0210387|-48|-101|CG0210388|-51|-79|CG0210388|-51|-79|CG0210389|-67|-70|CG0210389|-67|-70|CG0210390|-48|-85|CG0210390|-48|-85
488|6|6|2000|24|CG0210403|-31|-76|CG0210404|-57|-62|CG0210405|-33|-99|CG0210406|-12|-124|CG0210407|-8|-109|CG0210408|-19|-74|CG0210403|-31|-76|CG0210404|-57|-62|CG0210405|-33|-99|CG0210406|-12|-124|CG0210407|-8|-109|CG0210408|-19|-74|CG0210403|-31|-76|CG0210404|-57|-62|CG0210405|-33|-99|CG0210406|-12|-124|CG0210407|-8|-109|CG0210408|-19|-74|CG0210403|-31|-76|CG0210404|-57|-62|CG0210405|-33|-99|CG0210406|-12|-124|CG0210407|-8|-109|CG0210408|-19|-74
488|6|7|986|7|CG0253007|-18|-74|CG0253008|-17|-73|CG0253009|-17|-73|CG0252995|-16|-77|CG0252996|-27|-48|CG0252996|-27|-48|CG0252997|-32|-63
488|6|8|1000|2|CG0210400|-41|-63|CG0210401|-5|-75
488|6|9|1000|1|CG0210402|-29|-52
488|6|10|1000|7|CG0210393|-37|-69|CG0210394|-45|-61|CG0210395|-39|-37|CG0210396|-38|-38|CG0210397|-34|-42|CG0210398|-32|-33|CG0210399|-34|-25
488|7|0|1000|10|CG0210446|-31|-86|CG0210448|-28|-59|CG0210449|-29|-88|CG0210450|-29|-57|CG0210451|-28|-87|CG0210452|-29|-56|CG0210453|-29|-87|CG0210454|-28|-57|CG0210455|-32|-86|CG0210447|-27|-59
488|7|1|700|10|CG0210446|-31|-86|CG0210448|-28|-59|CG0210449|-29|-88|CG0210450|-29|-57|CG0210451|-28|-87|CG0210452|-29|-56|CG0210453|-29|-87|CG0210454|-28|-57|CG0210455|-32|-86|CG0210447|-27|-59
488|7|2|100|1|CG0214743|-25|-81
488|7|3|200|2|CG0210428|-53|-81|CG0210429|-26|-69
488|7|4|100|1|CG0214735|-64|-111
488|7|5|800|18|CG0210419|-25|-105|CG0210419|-25|-105|CG0210420|-33|-101|CG0210420|-33|-101|CG0210421|-29|-151|CG0210421|-29|-151|CG0210422|-30|-157|CG0210422|-30|-157|CG0210423|-43|-147|CG0210423|-43|-147|CG0210424|-57|-115|CG0210424|-57|-115|CG0210425|-70|-96|CG0210425|-70|-96|CG0210426|-63|-96|CG0210426|-63|-96|CG0210427|-37|-100|CG0210427|-37|-100
488|7|6|2000|24|CG0210440|-19|-83|CG0210441|-44|-69|CG0210442|-42|-101|CG0210443|-2|-120|CG0210444|22|-93|CG0210445|1|-74|CG0210440|-19|-83|CG0210441|-44|-69|CG0210442|-42|-101|CG0210443|-2|-120|CG0210444|22|-93|CG0210445|1|-74|CG0210440|-19|-83|CG0210441|-44|-69|CG0210442|-42|-101|CG0210443|-2|-120|CG0210444|22|-93|CG0210445|1|-74|CG0210440|-19|-83|CG0210441|-44|-69|CG0210442|-42|-101|CG0210443|-2|-120|CG0210444|22|-93|CG0210445|1|-74
488|7|7|986|7|CG0253029|-18|-74|CG0253030|-18|-74|CG0253031|-18|-74|CG0253017|-21|-72|CG0253018|-41|-54|CG0253018|-41|-54|CG0253019|-24|-67
488|7|8|1000|2|CG0210437|-42|-77|CG0210438|-4|-60
488|7|9|1000|1|CG0210439|-39|-58
488|7|10|1000|7|CG0210430|-47|-71|CG0210431|-47|-62|CG0210432|-48|-38|CG0210433|-46|-38|CG0210434|-40|-35|CG0210435|-32|-32|CG0210436|-26|-18
