495|0|0|2000|20|CG0212371|-38|-88|CG0212371|-38|-88|CG0212371|-38|-88|CG0212371|-38|-88|CG0212371|-38|-88|CG0212371|-38|-88|CG0212372|-39|-87|CG0212373|-40|-87|CG0212374|-43|-86|CG0212375|-45|-86|CG0212376|-46|-85|CG0212376|-46|-85|CG0212376|-46|-85|CG0212376|-46|-85|CG0212376|-46|-85|CG0212376|-46|-85|CG0212375|-45|-86|CG0212374|-43|-86|CG0212373|-40|-87|CG0212372|-39|-87
495|0|1|600|6|CG0212377|-40|-80|CG0212378|-41|-79|CG0212379|-40|-80|CG0212380|-40|-78|CG0212381|-41|-80|CG0212382|-40|-79
495|0|2|100|1|CG0214400|-42|-69
495|0|3|400|6|CG0212350|-38|-86|CG0212351|-38|-83|CG0212352|-37|-85|CG0212353|-39|-83|CG0212354|-38|-85|CG0212355|-37|-83
495|0|4|100|1|CG0214392|-71|-96
495|0|5|800|15|CG0212344|-40|-87|CG0212344|-40|-87|CG0212344|-40|-87|CG0212345|-45|-83|CG0212345|-45|-83|CG0212345|-45|-83|CG0212346|-69|-98|CG0212346|-69|-98|CG0212346|-69|-98|CG0212347|-54|-86|CG0212347|-54|-86|CG0212348|-73|-92|CG0212348|-73|-92|CG0212349|-46|-89|CG0212349|-46|-89
495|0|6|2000|16|CG0212365|-53|-87|CG0212366|-39|-117|CG0212366|-39|-117|CG0212366|-39|-117|CG0212366|-39|-117|CG0212366|-39|-117|CG0212366|-39|-117|CG0212366|-39|-117|CG0212366|-39|-117|CG0212366|-39|-117|CG0212366|-39|-117|CG0212366|-39|-117|CG0212367|-26|-86|CG0212368|-26|-83|CG0212369|-43|-67|CG0212370|-45|-75
495|0|7|986|7|CG0252875|-18|-73|CG0252876|-22|-73|CG0252877|-23|-73|CG0252863|-17|-64|CG0252864|-34|-63|CG0252864|-34|-63|CG0252865|-22|-71
495|0|8|1000|2|CG0212362|-48|-79|CG0212363|-38|-73
495|0|9|1000|1|CG0212364|-37|-77
495|0|10|1000|7|CG0212356|-45|-78|CG0212357|-51|-77|CG0212358|-52|-73|CG0212359|-43|-68|CG0212360|-43|-72|CG0212360|-43|-72|CG0212361|-43|-60
495|1|0|2000|20|CG0212410|-27|-85|CG0212410|-27|-85|CG0212410|-27|-85|CG0212410|-27|-85|CG0212410|-27|-85|CG0212410|-27|-85|CG0212411|-27|-85|CG0212412|-27|-85|CG0212413|-27|-85|CG0212414|-27|-85|CG0212415|-27|-85|CG0212415|-27|-85|CG0212415|-27|-85|CG0212415|-27|-85|CG0212415|-27|-85|CG0212415|-27|-85|CG0212414|-27|-85|CG0212413|-27|-85|CG0212412|-27|-85|CG0212411|-27|-85
495|1|1|600|6|CG0212416|-28|-79|CG0212417|-27|-78|CG0212418|-25|-79|CG0212419|-27|-78|CG0212420|-28|-79|CG0212421|-29|-79
495|1|2|100|1|CG0214449|-79|-67
495|1|3|400|6|CG0212389|-28|-85|CG0212390|-27|-84|CG0212391|-25|-85|CG0212392|-27|-84|CG0212393|-28|-84|CG0212394|-29|-84
495|1|4|100|1|CG0214441|-49|-94
495|1|5|800|15|CG0212383|-30|-88|CG0212383|-30|-88|CG0212383|-30|-88|CG0212384|-30|-86|CG0212384|-30|-86|CG0212384|-30|-86|CG0212385|-31|-108|CG0212385|-31|-108|CG0212385|-31|-108|CG0212386|-30|-88|CG0212386|-30|-88|CG0212387|-30|-105|CG0212387|-30|-105|CG0212388|-30|-88|CG0212388|-30|-88
495|1|6|2000|16|CG0212404|-33|-81|CG0212405|-38|-106|CG0212405|-38|-106|CG0212405|-38|-106|CG0212405|-38|-106|CG0212405|-38|-106|CG0212405|-38|-106|CG0212405|-38|-106|CG0212405|-38|-106|CG0212405|-38|-106|CG0212405|-38|-106|CG0212405|-38|-106|CG0212406|-27|-71|CG0212407|-27|-77|CG0212408|-40|-71|CG0212409|-40|-77
495|1|7|986|7|CG0252897|-23|-72|CG0252898|-22|-72|CG0252899|-20|-72|CG0252885|-11|-60|CG0252886|-22|-70|CG0252886|-22|-70|CG0252887|-22|-73
495|1|8|1000|2|CG0212401|-35|-80|CG0212402|-51|-72
495|1|9|1000|1|CG0212403|-28|-78
495|1|10|1000|7|CG0212395|-27|-76|CG0212396|-27|-75|CG0212397|-31|-71|CG0212398|-32|-66|CG0212399|-32|-70|CG0212399|-32|-70|CG0212400|-32|-60
495|2|0|2000|20|CG0212449|-34|-85|CG0212449|-34|-85|CG0212449|-34|-85|CG0212449|-34|-85|CG0212449|-34|-85|CG0212449|-34|-85|CG0212450|-34|-86|CG0212451|-34|-86|CG0212452|-34|-87|CG0212453|-35|-87|CG0212454|-35|-88|CG0212454|-35|-88|CG0212454|-35|-88|CG0212454|-35|-88|CG0212454|-35|-88|CG0212454|-35|-88|CG0212453|-35|-87|CG0212452|-34|-87|CG0212451|-34|-86|CG0212450|-34|-86
495|2|1|600|6|CG0212455|-34|-77|CG0212456|-33|-80|CG0212457|-34|-77|CG0212458|-42|-79|CG0212459|-43|-77|CG0212460|-38|-79
495|2|2|100|1|CG0214498|-100|-78
495|2|3|400|6|CG0212428|-34|-83|CG0212429|-33|-84|CG0212430|-36|-82|CG0212431|-45|-84|CG0212432|-47|-82|CG0212433|-41|-84
495|2|4|100|1|CG0214490|-48|-104
495|2|5|800|15|CG0212422|-38|-90|CG0212422|-38|-90|CG0212422|-38|-90|CG0212423|-36|-89|CG0212423|-36|-89|CG0212423|-36|-89|CG0212424|-36|-96|CG0212424|-36|-96|CG0212424|-36|-96|CG0212425|-37|-89|CG0212425|-37|-89|CG0212426|-36|-95|CG0212426|-36|-95|CG0212427|-37|-87|CG0212427|-37|-87
495|2|6|2000|16|CG0212443|-34|-87|CG0212444|-36|-117|CG0212444|-36|-117|CG0212444|-36|-117|CG0212444|-36|-117|CG0212444|-36|-117|CG0212444|-36|-117|CG0212444|-36|-117|CG0212444|-36|-117|CG0212444|-36|-117|CG0212444|-36|-117|CG0212444|-36|-117|CG0212445|-58|-86|CG0212446|-58|-82|CG0212447|-53|-67|CG0212448|-33|-75
495|2|7|986|7|CG0252919|-18|-72|CG0252920|-13|-72|CG0252921|-10|-71|CG0252907|-29|-60|CG0252908|-24|-70|CG0252908|-24|-70|CG0252909|-26|-71
495|2|8|1000|2|CG0212440|-37|-70|CG0212441|-45|-84
495|2|9|1000|1|CG0212442|-33|-77
495|2|10|1000|7|CG0212434|-34|-78|CG0212435|-34|-76|CG0212436|-43|-71|CG0212437|-46|-66|CG0212438|-46|-70|CG0212438|-46|-70|CG0212439|-46|-60
495|3|0|2000|20|CG0212488|-42|-83|CG0212488|-42|-83|CG0212488|-42|-83|CG0212488|-42|-83|CG0212488|-42|-83|CG0212488|-42|-83|CG0212489|-42|-83|CG0212490|-42|-83|CG0212491|-42|-84|CG0212492|-42|-84|CG0212493|-41|-85|CG0212493|-41|-85|CG0212493|-41|-85|CG0212493|-41|-85|CG0212493|-41|-85|CG0212493|-41|-85|CG0212492|-42|-84|CG0212491|-42|-84|CG0212490|-42|-83|CG0212489|-42|-83
495|3|1|600|6|CG0212494|-41|-75|CG0212495|-41|-75|CG0212496|-42|-76|CG0212497|-41|-75|CG0212498|-41|-76|CG0212499|-42|-75
495|3|2|100|1|CG0214547|-95|-100
495|3|3|400|6|CG0212467|-41|-75|CG0212468|-40|-76|CG0212469|-41|-76|CG0212470|-39|-76|CG0212471|-40|-74|CG0212472|-41|-77
495|3|4|100|1|CG0214539|-36|-115
495|3|5|800|15|CG0212461|-47|-88|CG0212461|-47|-88|CG0212461|-47|-88|CG0212462|-45|-89|CG0212462|-45|-89|CG0212462|-45|-89|CG0212463|-41|-86|CG0212463|-41|-86|CG0212463|-41|-86|CG0212464|-45|-85|CG0212464|-45|-85|CG0212465|-41|-81|CG0212465|-41|-81|CG0212466|-46|-83|CG0212466|-46|-83
495|3|6|2000|16|CG0212482|-43|-85|CG0212483|-46|-121|CG0212483|-46|-121|CG0212483|-46|-121|CG0212483|-46|-121|CG0212483|-46|-121|CG0212483|-46|-121|CG0212483|-46|-121|CG0212483|-46|-121|CG0212483|-46|-121|CG0212483|-46|-121|CG0212483|-46|-121|CG0212484|-58|-105|CG0212485|-58|-101|CG0212486|-36|-55|CG0212487|-40|-68
495|3|7|986|7|CG0252941|-14|-72|CG0252942|-12|-72|CG0252943|-14|-71|CG0252929|-40|-65|CG0252930|-29|-66|CG0252930|-29|-66|CG0252931|-21|-69
495|3|8|1000|2|CG0212479|-33|-62|CG0212480|-54|-92
495|3|9|1000|1|CG0212481|-29|-71
495|3|10|1000|7|CG0212473|-41|-76|CG0212474|-34|-71|CG0212475|-38|-69|CG0212476|-42|-67|CG0212477|-43|-68|CG0212477|-43|-68|CG0212478|-42|-53
495|4|0|2000|20|CG0212527|-35|-79|CG0212527|-35|-79|CG0212527|-35|-79|CG0212527|-35|-79|CG0212527|-35|-79|CG0212527|-35|-79|CG0212528|-35|-79|CG0212529|-35|-80|CG0212530|-35|-80|CG0212531|-35|-81|CG0212532|-35|-82|CG0212532|-35|-82|CG0212532|-35|-82|CG0212532|-35|-82|CG0212532|-35|-82|CG0212532|-35|-82|CG0212531|-35|-81|CG0212530|-35|-80|CG0212529|-35|-80|CG0212528|-35|-79
495|4|1|600|6|CG0212533|-46|-75|CG0212534|-41|-74|CG0212535|-35|-75|CG0212536|-34|-75|CG0212537|-34|-75|CG0212538|-37|-75
495|4|2|100|1|CG0214596|-82|-112
495|4|3|400|6|CG0212506|-48|-70|CG0212507|-43|-70|CG0212508|-39|-72|CG0212509|-35|-69|CG0212510|-33|-71|CG0212511|-41|-72
495|4|4|100|1|CG0214588|-48|-120
495|4|5|800|15|CG0212500|-39|-84|CG0212500|-39|-84|CG0212500|-39|-84|CG0212501|-38|-86|CG0212501|-38|-86|CG0212501|-38|-86|CG0212502|-37|-76|CG0212502|-37|-76|CG0212502|-37|-76|CG0212503|-37|-78|CG0212503|-37|-78|CG0212504|-37|-78|CG0212504|-37|-78|CG0212505|-37|-80|CG0212505|-37|-80
495|4|6|2000|16|CG0212521|-34|-82|CG0212522|-36|-115|CG0212522|-36|-115|CG0212522|-36|-115|CG0212522|-36|-115|CG0212522|-36|-115|CG0212522|-36|-115|CG0212522|-36|-115|CG0212522|-36|-115|CG0212522|-36|-115|CG0212522|-36|-115|CG0212522|-36|-115|CG0212523|-57|-117|CG0212524|-56|-114|CG0212525|-56|-55|CG0212526|-33|-59
495|4|7|986|7|CG0252963|-19|-74|CG0252964|-19|-72|CG0252965|-19|-71|CG0252951|-35|-72|CG0252952|-24|-57|CG0252952|-24|-57|CG0252953|-21|-66
495|4|8|1000|2|CG0212518|-37|-53|CG0212519|-44|-101
495|4|9|1000|1|CG0212520|-34|-62
495|4|10|1000|7|CG0212512|-34|-73|CG0212513|-35|-68|CG0212514|-46|-67|CG0212515|-50|-65|CG0212516|-50|-61|CG0212516|-50|-61|CG0212517|-50|-42
495|5|0|2000|20|CG0212566|-30|-80|CG0212566|-30|-80|CG0212566|-30|-80|CG0212566|-30|-80|CG0212566|-30|-80|CG0212566|-30|-80|CG0212567|-29|-80|CG0212568|-28|-80|CG0212569|-28|-80|CG0212570|-28|-80|CG0212571|-28|-80|CG0212571|-28|-80|CG0212571|-28|-80|CG0212571|-28|-80|CG0212571|-28|-80|CG0212571|-28|-80|CG0212570|-28|-80|CG0212569|-28|-80|CG0212568|-28|-80|CG0212567|-29|-80
495|5|1|600|6|CG0212572|-29|-73|CG0212573|-28|-73|CG0212574|-28|-74|CG0212575|-27|-74|CG0212576|-28|-74|CG0212577|-30|-73
495|5|2|100|1|CG0214645|-41|-110
495|5|3|400|6|CG0212545|-29|-67|CG0212546|-27|-68|CG0212547|-28|-70|CG0212548|-28|-67|CG0212549|-29|-68|CG0212550|-30|-69
495|5|4|100|1|CG0214637|-67|-114
495|5|5|800|15|CG0212539|-35|-84|CG0212539|-35|-84|CG0212539|-35|-84|CG0212540|-30|-87|CG0212540|-30|-87|CG0212540|-30|-87|CG0212541|-30|-74|CG0212541|-30|-74|CG0212541|-30|-74|CG0212542|-30|-77|CG0212542|-30|-77|CG0212543|-39|-75|CG0212543|-39|-75|CG0212544|-36|-80|CG0212544|-36|-80
495|5|6|2000|16|CG0212560|-41|-78|CG0212561|-40|-103|CG0212561|-40|-103|CG0212561|-40|-103|CG0212561|-40|-103|CG0212561|-40|-103|CG0212561|-40|-103|CG0212561|-40|-103|CG0212561|-40|-103|CG0212561|-40|-103|CG0212561|-40|-103|CG0212561|-40|-103|CG0212562|-28|-117|CG0212563|-28|-115|CG0212564|-44|-59|CG0212565|-38|-60
495|5|7|986|7|CG0252985|-23|-73|CG0252986|-21|-72|CG0252987|-19|-71|CG0252973|-17|-76|CG0252974|-10|-50|CG0252974|-10|-50|CG0252975|-26|-63
495|5|8|1000|2|CG0212557|-37|-56|CG0212558|-53|-106
495|5|9|1000|1|CG0212559|-28|-60
495|5|10|1000|7|CG0212551|-26|-72|CG0212552|-26|-65|CG0212553|-33|-63|CG0212554|-37|-62|CG0212555|-37|-57|CG0212555|-37|-57|CG0212556|-37|-36
495|6|0|2000|20|CG0212605|-47|-82|CG0212605|-47|-82|CG0212605|-47|-82|CG0212605|-47|-82|CG0212605|-47|-82|CG0212605|-47|-82|CG0212606|-47|-81|CG0212607|-45|-81|CG0212608|-41|-80|CG0212609|-39|-80|CG0212610|-39|-80|CG0212610|-39|-80|CG0212610|-39|-80|CG0212610|-39|-80|CG0212610|-39|-80|CG0212610|-39|-80|CG0212609|-39|-80|CG0212608|-41|-80|CG0212607|-45|-81|CG0212606|-47|-81
495|6|1|600|6|CG0212611|-41|-74|CG0212612|-42|-75|CG0212613|-42|-75|CG0212614|-43|-75|CG0212615|-42|-75|CG0212616|-41|-75
495|6|2|100|1|CG0214694|-28|-98
495|6|3|400|6|CG0212584|-40|-70|CG0212585|-39|-70|CG0212586|-39|-72|CG0212587|-40|-70|CG0212588|-40|-70|CG0212589|-39|-72
495|6|4|100|1|CG0214686|-73|-118
495|6|5|800|15|CG0212578|-45|-85|CG0212578|-45|-85|CG0212578|-45|-85|CG0212579|-43|-87|CG0212579|-43|-87|CG0212579|-43|-87|CG0212580|-81|-77|CG0212580|-81|-77|CG0212580|-81|-77|CG0212581|-60|-78|CG0212581|-60|-78|CG0212582|-74|-75|CG0212582|-74|-75|CG0212583|-53|-81|CG0212583|-53|-81
495|6|6|2000|16|CG0212599|-54|-82|CG0212600|-39|-115|CG0212600|-39|-115|CG0212600|-39|-115|CG0212600|-39|-115|CG0212600|-39|-115|CG0212600|-39|-115|CG0212600|-39|-115|CG0212600|-39|-115|CG0212600|-39|-115|CG0212600|-39|-115|CG0212600|-39|-115|CG0212601|-26|-118|CG0212602|-23|-112|CG0212603|-47|-55|CG0212604|-43|-58
495|6|7|986|7|CG0253007|-18|-74|CG0253008|-17|-73|CG0253009|-17|-73|CG0252995|-16|-77|CG0252996|-27|-48|CG0252996|-27|-48|CG0252997|-32|-63
495|6|8|1000|2|CG0212596|-63|-54|CG0212597|-38|-100
495|6|9|1000|1|CG0212598|-36|-62
495|6|10|1000|7|CG0212590|-48|-74|CG0212591|-55|-69|CG0212592|-56|-67|CG0212593|-47|-66|CG0212594|-47|-63|CG0212594|-47|-63|CG0212595|-47|-44
495|7|0|2000|20|CG0212644|-40|-85|CG0212644|-40|-85|CG0212644|-40|-85|CG0212644|-40|-85|CG0212644|-40|-85|CG0212644|-40|-85|CG0212645|-40|-84|CG0212646|-39|-84|CG0212647|-38|-84|CG0212648|-38|-83|CG0212649|-39|-82|CG0212649|-39|-82|CG0212649|-39|-82|CG0212649|-39|-82|CG0212649|-39|-82|CG0212649|-39|-82|CG0212648|-38|-83|CG0212647|-38|-84|CG0212646|-39|-84|CG0212645|-40|-84
495|7|1|600|6|CG0212650|-41|-76|CG0212651|-38|-76|CG0212652|-36|-76|CG0212653|-36|-76|CG0212654|-38|-76|CG0212655|-41|-76
495|7|2|100|1|CG0214743|-25|-81
495|7|3|400|6|CG0212623|-42|-78|CG0212624|-41|-75|CG0212625|-41|-79|CG0212626|-43|-75|CG0212627|-42|-77|CG0212628|-42|-77
495|7|4|100|1|CG0214735|-64|-111
495|7|5|800|15|CG0212617|-42|-87|CG0212617|-42|-87|CG0212617|-42|-87|CG0212618|-46|-83|CG0212618|-46|-83|CG0212618|-46|-83|CG0212619|-106|-80|CG0212619|-106|-80|CG0212619|-106|-80|CG0212620|-62|-81|CG0212620|-62|-81|CG0212621|-104|-83|CG0212621|-104|-83|CG0212622|-50|-84|CG0212622|-50|-84
495|7|6|2000|16|CG0212638|-42|-87|CG0212639|-18|-121|CG0212639|-18|-121|CG0212639|-18|-121|CG0212639|-18|-121|CG0212639|-18|-121|CG0212639|-18|-121|CG0212639|-18|-121|CG0212639|-18|-121|CG0212639|-18|-121|CG0212639|-18|-121|CG0212639|-18|-121|CG0212640|-6|-105|CG0212641|-6|-100|CG0212642|-52|-55|CG0212643|-37|-67
495|7|7|986|7|CG0253029|-18|-74|CG0253030|-18|-74|CG0253031|-18|-74|CG0253017|-21|-72|CG0253018|-41|-54|CG0253018|-41|-54|CG0253019|-24|-67
495|7|8|1000|2|CG0212635|-63|-65|CG0212636|-12|-87
495|7|9|1000|1|CG0212637|-48|-71
495|7|10|1000|7|CG0212629|-47|-78|CG0212630|-57|-72|CG0212631|-58|-70|CG0212632|-48|-69|CG0212633|-48|-69|CG0212633|-48|-69|CG0212634|-48|-54
