490|0|0|600|10|CG0210780|-23|-90|CG0210782|-24|-62|CG0210783|-21|-88|CG0210784|-25|-60|CG0210785|-20|-85|CG0210786|-25|-61|CG0210787|-20|-85|CG0210788|-24|-62|CG0210789|-23|-89|CG0210781|-23|-62
490|0|1|500|10|CG0210780|-23|-90|CG0210782|-24|-62|CG0210783|-21|-88|CG0210784|-25|-60|CG0210785|-20|-85|CG0210786|-25|-61|CG0210787|-20|-85|CG0210788|-24|-62|CG0210789|-23|-89|CG0210781|-23|-62
490|0|2|100|1|CG0214400|-42|-69
490|0|3|1000|20|CG0210762|-42|-94|CG0210763|-25|-64|CG0210762|-42|-94|CG0210763|-25|-64|CG0210762|-42|-94|CG0210763|-25|-64|CG0210762|-42|-94|CG0210763|-25|-64|CG0210762|-42|-94|CG0210763|-25|-64|CG0210762|-42|-94|CG0210763|-25|-64|CG0210762|-42|-94|CG0210763|-25|-64|CG0210762|-42|-94|CG0210763|-25|-64|CG0210762|-42|-94|CG0210763|-25|-64|CG0210762|-42|-94|CG0210763|-25|-64
490|0|4|100|1|CG0214392|-71|-96
490|0|5|600|20|CG0210752|-18|-78|CG0210752|-18|-78|CG0210754|-50|-54|CG0210754|-50|-54|CG0210755|-40|-51|CG0210755|-40|-51|CG0210756|-66|-56|CG0210756|-66|-56|CG0210757|-47|-76|CG0210757|-47|-76|CG0210758|-74|-85|CG0210758|-74|-85|CG0210759|-64|-101|CG0210759|-64|-101|CG0210760|-50|-117|CG0210760|-50|-117|CG0210761|-50|-114|CG0210761|-50|-114|CG0210753|-29|-95|CG0210753|-29|-95
490|0|6|2000|24|CG0210774|-14|-69|CG0210775|-37|-78|CG0210776|-32|-102|CG0210777|-17|-108|CG0210778|-2|-79|CG0210779|-2|-62|CG0210774|-14|-69|CG0210775|-37|-78|CG0210776|-32|-102|CG0210777|-17|-108|CG0210778|-2|-79|CG0210779|-2|-62|CG0210774|-14|-69|CG0210775|-37|-78|CG0210776|-32|-102|CG0210777|-17|-108|CG0210778|-2|-79|CG0210779|-2|-62|CG0210774|-14|-69|CG0210775|-37|-78|CG0210776|-32|-102|CG0210777|-17|-108|CG0210778|-2|-79|CG0210779|-2|-62
490|0|7|986|7|CG0252875|-18|-73|CG0252876|-22|-73|CG0252877|-23|-73|CG0252863|-17|-64|CG0252864|-34|-63|CG0252864|-34|-63|CG0252865|-22|-71
490|0|8|1000|2|CG0210771|-32|-58|CG0210772|-6|-51
490|0|9|1000|1|CG0210773|-17|-50
490|0|10|1000|3|CG0210764|-28|-84|CG0210765|-28|-76|CG0210763|-25|-64
490|1|0|600|10|CG0210818|-30|-81|CG0210820|-33|-63|CG0210821|-30|-78|CG0210822|-33|-62|CG0210823|-30|-75|CG0210824|-33|-61|CG0210825|-30|-75|CG0210826|-33|-62|CG0210827|-30|-79|CG0210819|-33|-63
490|1|1|500|10|CG0210818|-30|-81|CG0210820|-33|-63|CG0210821|-30|-78|CG0210822|-33|-62|CG0210823|-30|-75|CG0210824|-33|-61|CG0210825|-30|-75|CG0210826|-33|-62|CG0210827|-30|-79|CG0210819|-33|-63
490|1|2|100|1|CG0214449|-79|-67
490|1|3|1000|20|CG0210800|-30|-88|CG0210801|-36|-67|CG0210800|-30|-88|CG0210801|-36|-67|CG0210800|-30|-88|CG0210801|-36|-67|CG0210800|-30|-88|CG0210801|-36|-67|CG0210800|-30|-88|CG0210801|-36|-67|CG0210800|-30|-88|CG0210801|-36|-67|CG0210800|-30|-88|CG0210801|-36|-67|CG0210800|-30|-88|CG0210801|-36|-67|CG0210800|-30|-88|CG0210801|-36|-67|CG0210800|-30|-88|CG0210801|-36|-67
490|1|4|100|1|CG0214441|-49|-94
490|1|5|600|20|CG0210790|-21|-71|CG0210790|-21|-71|CG0210792|-37|-45|CG0210792|-37|-45|CG0210793|-32|-46|CG0210793|-32|-46|CG0210794|-18|-66|CG0210794|-18|-66|CG0210795|-31|-75|CG0210795|-31|-75|CG0210796|-33|-92|CG0210796|-33|-92|CG0210797|-8|-110|CG0210797|-8|-110|CG0210798|-37|-122|CG0210798|-37|-122|CG0210799|-34|-108|CG0210799|-34|-108|CG0210791|-32|-86|CG0210791|-32|-86
490|1|6|2000|24|CG0210812|-30|-57|CG0210813|-34|-82|CG0210814|-17|-102|CG0210815|-13|-106|CG0210816|-33|-67|CG0210817|-35|-46|CG0210812|-30|-57|CG0210813|-34|-82|CG0210814|-17|-102|CG0210815|-13|-106|CG0210816|-33|-67|CG0210817|-35|-46|CG0210812|-30|-57|CG0210813|-34|-82|CG0210814|-17|-102|CG0210815|-13|-106|CG0210816|-33|-67|CG0210817|-35|-46|CG0210812|-30|-57|CG0210813|-34|-82|CG0210814|-17|-102|CG0210815|-13|-106|CG0210816|-33|-67|CG0210817|-35|-46
490|1|7|986|7|CG0252897|-23|-72|CG0252898|-22|-72|CG0252899|-20|-72|CG0252885|-11|-60|CG0252886|-22|-70|CG0252886|-22|-70|CG0252887|-22|-73
490|1|8|1000|2|CG0210809|-18|-58|CG0210810|-24|-50
490|1|9|1000|1|CG0210811|-15|-51
490|1|10|1000|3|CG0210802|-15|-83|CG0210803|-18|-72|CG0210801|-36|-67
490|2|0|600|10|CG0210856|-21|-90|CG0210858|-24|-63|CG0210859|-23|-87|CG0210860|-23|-61|CG0210861|-24|-85|CG0210862|-23|-60|CG0210863|-24|-86|CG0210864|-24|-61|CG0210865|-21|-88|CG0210857|-25|-63
490|2|1|500|10|CG0210856|-21|-90|CG0210858|-24|-63|CG0210859|-23|-87|CG0210860|-23|-61|CG0210861|-24|-85|CG0210862|-23|-60|CG0210863|-24|-86|CG0210864|-24|-61|CG0210865|-21|-88|CG0210857|-25|-63
490|2|2|100|1|CG0214498|-100|-78
490|2|3|1000|20|CG0210838|-12|-94|CG0210839|-27|-65|CG0210838|-12|-94|CG0210839|-27|-65|CG0210838|-12|-94|CG0210839|-27|-65|CG0210838|-12|-94|CG0210839|-27|-65|CG0210838|-12|-94|CG0210839|-27|-65|CG0210838|-12|-94|CG0210839|-27|-65|CG0210838|-12|-94|CG0210839|-27|-65|CG0210838|-12|-94|CG0210839|-27|-65|CG0210838|-12|-94|CG0210839|-27|-65|CG0210838|-12|-94|CG0210839|-27|-65
490|2|4|100|1|CG0214490|-48|-104
490|2|5|600|20|CG0210828|-13|-77|CG0210828|-13|-77|CG0210830|-6|-54|CG0210830|-6|-54|CG0210831|-8|-53|CG0210831|-8|-53|CG0210832|10|-60|CG0210832|10|-60|CG0210833|-8|-68|CG0210833|-8|-68|CG0210834|20|-88|CG0210834|20|-88|CG0210835|4|-104|CG0210835|4|-104|CG0210836|-6|-116|CG0210836|-6|-116|CG0210837|0|-114|CG0210837|0|-114|CG0210829|-18|-93|CG0210829|-18|-93
490|2|6|2000|24|CG0210850|-32|-69|CG0210851|-12|-78|CG0210852|-1|-102|CG0210853|-36|-108|CG0210854|-46|-81|CG0210855|-47|-62|CG0210850|-32|-69|CG0210851|-12|-78|CG0210852|-1|-102|CG0210853|-36|-108|CG0210854|-46|-81|CG0210855|-47|-62|CG0210850|-32|-69|CG0210851|-12|-78|CG0210852|-1|-102|CG0210853|-36|-108|CG0210854|-46|-81|CG0210855|-47|-62|CG0210850|-32|-69|CG0210851|-12|-78|CG0210852|-1|-102|CG0210853|-36|-108|CG0210854|-46|-81|CG0210855|-47|-62
490|2|7|986|7|CG0252919|-18|-72|CG0252920|-13|-72|CG0252921|-10|-71|CG0252907|-29|-60|CG0252908|-24|-70|CG0252908|-24|-70|CG0252909|-26|-71
490|2|8|1000|2|CG0210847|-10|-56|CG0210848|-47|-51
490|2|9|1000|1|CG0210849|-11|-50
490|2|10|1000|3|CG0210840|-20|-84|CG0210841|-14|-76|CG0210839|-27|-65
490|3|0|600|10|CG0210894|-12|-94|CG0210896|-12|-59|CG0210897|-12|-92|CG0210898|-12|-58|CG0210899|-13|-90|CG0210900|-12|-56|CG0210901|-13|-90|CG0210902|-12|-57|CG0210903|-12|-92|CG0210895|-12|-59
490|3|1|500|10|CG0210894|-12|-94|CG0210896|-12|-59|CG0210897|-12|-92|CG0210898|-12|-58|CG0210899|-13|-90|CG0210900|-12|-56|CG0210901|-13|-90|CG0210902|-12|-57|CG0210903|-12|-92|CG0210895|-12|-59
490|3|2|100|1|CG0214547|-95|-100
490|3|3|1000|20|CG0210876|-12|-89|CG0210877|-12|-61|CG0210876|-12|-89|CG0210877|-12|-61|CG0210876|-12|-89|CG0210877|-12|-61|CG0210876|-12|-89|CG0210877|-12|-61|CG0210876|-12|-89|CG0210877|-12|-61|CG0210876|-12|-89|CG0210877|-12|-61|CG0210876|-12|-89|CG0210877|-12|-61|CG0210876|-12|-89|CG0210877|-12|-61|CG0210876|-12|-89|CG0210877|-12|-61|CG0210876|-12|-89|CG0210877|-12|-61
490|3|4|100|1|CG0214539|-36|-115
490|3|5|600|20|CG0210866|-11|-79|CG0210866|-11|-79|CG0210868|-1|-48|CG0210868|-1|-48|CG0210869|8|-49|CG0210869|8|-49|CG0210870|8|-37|CG0210870|8|-37|CG0210871|19|-54|CG0210871|19|-54|CG0210872|24|-70|CG0210872|24|-70|CG0210873|6|-89|CG0210873|6|-89|CG0210874|27|-102|CG0210874|27|-102|CG0210875|22|-108|CG0210875|22|-108|CG0210867|3|-95|CG0210867|3|-95
490|3|6|2000|24|CG0210888|-26|-78|CG0210889|1|-69|CG0210890|3|-100|CG0210891|-47|-113|CG0210892|-61|-95|CG0210893|-55|-77|CG0210888|-26|-78|CG0210889|1|-69|CG0210890|3|-100|CG0210891|-47|-113|CG0210892|-61|-95|CG0210893|-55|-77|CG0210888|-26|-78|CG0210889|1|-69|CG0210890|3|-100|CG0210891|-47|-113|CG0210892|-61|-95|CG0210893|-55|-77|CG0210888|-26|-78|CG0210889|1|-69|CG0210890|3|-100|CG0210891|-47|-113|CG0210892|-61|-95|CG0210893|-55|-77
490|3|7|986|7|CG0252941|-14|-72|CG0252942|-12|-72|CG0252943|-14|-71|CG0252929|-40|-65|CG0252930|-29|-66|CG0252930|-29|-66|CG0252931|-21|-69
490|3|8|1000|2|CG0210885|-9|-55|CG0210886|-43|-55
490|3|9|1000|1|CG0210887|-14|-48
490|3|10|1000|3|CG0210878|-27|-78|CG0210879|-16|-71|CG0210877|-12|-61
490|4|0|600|10|CG0210932|-21|-89|CG0210934|-22|-57|CG0210935|-23|-89|CG0210936|-21|-55|CG0210937|-24|-87|CG0210938|-21|-54|CG0210939|-24|-87|CG0210940|-22|-54|CG0210941|-22|-86|CG0210933|-24|-54
490|4|1|500|10|CG0210932|-21|-89|CG0210934|-22|-57|CG0210935|-23|-89|CG0210936|-21|-55|CG0210937|-24|-87|CG0210938|-21|-54|CG0210939|-24|-87|CG0210940|-22|-54|CG0210941|-22|-86|CG0210933|-24|-54
490|4|2|100|1|CG0214596|-82|-112
490|4|3|1000|20|CG0210914|-11|-76|CG0210915|-28|-59|CG0210914|-11|-76|CG0210915|-28|-59|CG0210914|-11|-76|CG0210915|-28|-59|CG0210914|-11|-76|CG0210915|-28|-59|CG0210914|-11|-76|CG0210915|-28|-59|CG0210914|-11|-76|CG0210915|-28|-59|CG0210914|-11|-76|CG0210915|-28|-59|CG0210914|-11|-76|CG0210915|-28|-59|CG0210914|-11|-76|CG0210915|-28|-59|CG0210914|-11|-76|CG0210915|-28|-59
490|4|4|100|1|CG0214588|-48|-120
490|4|5|600|20|CG0210904|-14|-75|CG0210904|-14|-75|CG0210906|-6|-40|CG0210906|-6|-40|CG0210907|-8|-37|CG0210907|-8|-37|CG0210908|-1|-33|CG0210908|-1|-33|CG0210909|25|-42|CG0210909|25|-42|CG0210910|-7|-54|CG0210910|-7|-54|CG0210911|6|-72|CG0210911|6|-72|CG0210912|16|-87|CG0210912|16|-87|CG0210913|0|-93|CG0210913|0|-93|CG0210905|-16|-87|CG0210905|-16|-87
490|4|6|2000|24|CG0210926|-32|-79|CG0210927|-12|-62|CG0210928|-1|-99|CG0210929|-33|-118|CG0210930|-45|-105|CG0210931|-46|-82|CG0210926|-32|-79|CG0210927|-12|-62|CG0210928|-1|-99|CG0210929|-33|-118|CG0210930|-45|-105|CG0210931|-46|-82|CG0210926|-32|-79|CG0210927|-12|-62|CG0210928|-1|-99|CG0210929|-33|-118|CG0210930|-45|-105|CG0210931|-46|-82|CG0210926|-32|-79|CG0210927|-12|-62|CG0210928|-1|-99|CG0210929|-33|-118|CG0210930|-45|-105|CG0210931|-46|-82
490|4|7|986|7|CG0252963|-19|-74|CG0252964|-19|-72|CG0252965|-19|-71|CG0252951|-35|-72|CG0252952|-24|-57|CG0252952|-24|-57|CG0252953|-21|-66
490|4|8|1000|2|CG0210923|-7|-55|CG0210924|-48|-59
490|4|9|1000|1|CG0210925|-11|-47
490|4|10|1000|3|CG0210916|-20|-69|CG0210917|-14|-62|CG0210915|-28|-59
490|5|0|600|10|CG0210970|-30|-79|CG0210972|-30|-55|CG0210973|-30|-79|CG0210974|-30|-54|CG0210975|-30|-78|CG0210976|-31|-52|CG0210977|-30|-78|CG0210978|-30|-54|CG0210979|-30|-79|CG0210971|-31|-56
490|5|1|500|10|CG0210970|-30|-79|CG0210972|-30|-55|CG0210973|-30|-79|CG0210974|-30|-54|CG0210975|-30|-78|CG0210976|-31|-52|CG0210977|-30|-78|CG0210978|-30|-54|CG0210979|-30|-79|CG0210971|-31|-56
490|5|2|100|1|CG0214645|-41|-110
490|5|3|1000|20|CG0210952|-31|-63|CG0210953|-36|-54|CG0210952|-31|-63|CG0210953|-36|-54|CG0210952|-31|-63|CG0210953|-36|-54|CG0210952|-31|-63|CG0210953|-36|-54|CG0210952|-31|-63|CG0210953|-36|-54|CG0210952|-31|-63|CG0210953|-36|-54|CG0210952|-31|-63|CG0210953|-36|-54|CG0210952|-31|-63|CG0210953|-36|-54|CG0210952|-31|-63|CG0210953|-36|-54|CG0210952|-31|-63|CG0210953|-36|-54
490|5|4|100|1|CG0214637|-67|-114
490|5|5|600|20|CG0210942|-22|-67|CG0210942|-22|-67|CG0210944|-40|-40|CG0210944|-40|-40|CG0210945|-29|-23|CG0210945|-29|-23|CG0210946|-11|-35|CG0210946|-11|-35|CG0210947|-37|-30|CG0210947|-37|-30|CG0210948|-35|-47|CG0210948|-35|-47|CG0210949|-13|-70|CG0210949|-13|-70|CG0210950|-39|-73|CG0210950|-39|-73|CG0210951|-41|-77|CG0210951|-41|-77|CG0210943|-38|-76|CG0210943|-38|-76
490|5|6|2000|24|CG0210964|-29|-71|CG0210965|-33|-59|CG0210966|-18|-97|CG0210967|-16|-121|CG0210968|-33|-111|CG0210969|-33|-78|CG0210964|-29|-71|CG0210965|-33|-59|CG0210966|-18|-97|CG0210967|-16|-121|CG0210968|-33|-111|CG0210969|-33|-78|CG0210964|-29|-71|CG0210965|-33|-59|CG0210966|-18|-97|CG0210967|-16|-121|CG0210968|-33|-111|CG0210969|-33|-78|CG0210964|-29|-71|CG0210965|-33|-59|CG0210966|-18|-97|CG0210967|-16|-121|CG0210968|-33|-111|CG0210969|-33|-78
490|5|7|986|7|CG0252985|-23|-73|CG0252986|-21|-72|CG0252987|-19|-71|CG0252973|-17|-76|CG0252974|-10|-50|CG0252974|-10|-50|CG0252975|-26|-63
490|5|8|1000|2|CG0210961|-26|-55|CG0210962|-26|-59
490|5|9|1000|1|CG0210963|-16|-47
490|5|10|1000|3|CG0210954|-16|-66|CG0210955|-21|-63|CG0210953|-36|-54
490|6|0|600|10|CG0211008|-23|-89|CG0211010|-23|-57|CG0211011|-20|-89|CG0211012|-24|-55|CG0211013|-19|-87|CG0211014|-25|-54|CG0211015|-20|-87|CG0211016|-23|-55|CG0211017|-22|-88|CG0211009|-22|-57
490|6|1|500|10|CG0211008|-23|-89|CG0211010|-23|-57|CG0211011|-20|-89|CG0211012|-24|-55|CG0211013|-19|-87|CG0211014|-25|-54|CG0211015|-20|-87|CG0211016|-23|-55|CG0211017|-22|-88|CG0211009|-22|-57
490|6|2|100|1|CG0214694|-28|-98
490|6|3|1000|20|CG0210990|-42|-76|CG0210991|-24|-59|CG0210990|-42|-76|CG0210991|-24|-59|CG0210990|-42|-76|CG0210991|-24|-59|CG0210990|-42|-76|CG0210991|-24|-59|CG0210990|-42|-76|CG0210991|-24|-59|CG0210990|-42|-76|CG0210991|-24|-59|CG0210990|-42|-76|CG0210991|-24|-59|CG0210990|-42|-76|CG0210991|-24|-59|CG0210990|-42|-76|CG0210991|-24|-59|CG0210990|-42|-76|CG0210991|-24|-59
490|6|4|100|1|CG0214686|-73|-118
490|6|5|600|20|CG0210980|-20|-74|CG0210980|-20|-74|CG0210982|-50|-41|CG0210982|-50|-41|CG0210983|-39|-37|CG0210983|-39|-37|CG0210984|-52|-40|CG0210984|-52|-40|CG0210985|-76|-39|CG0210985|-76|-39|CG0210986|-51|-62|CG0210986|-51|-62|CG0210987|-69|-71|CG0210987|-69|-71|CG0210988|-79|-80|CG0210988|-79|-80|CG0210989|-58|-88|CG0210989|-58|-88|CG0210981|-38|-83|CG0210981|-38|-83
490|6|6|2000|24|CG0211002|-14|-78|CG0211003|-36|-62|CG0211004|-32|-99|CG0211005|-18|-118|CG0211006|-3|-106|CG0211007|-3|-82|CG0211002|-14|-78|CG0211003|-36|-62|CG0211004|-32|-99|CG0211005|-18|-118|CG0211006|-3|-106|CG0211007|-3|-82|CG0211002|-14|-78|CG0211003|-36|-62|CG0211004|-32|-99|CG0211005|-18|-118|CG0211006|-3|-106|CG0211007|-3|-82|CG0211002|-14|-78|CG0211003|-36|-62|CG0211004|-32|-99|CG0211005|-18|-118|CG0211006|-3|-106|CG0211007|-3|-82
490|6|7|986|7|CG0253007|-18|-74|CG0253008|-17|-73|CG0253009|-17|-73|CG0252995|-16|-77|CG0252996|-27|-48|CG0252996|-27|-48|CG0252997|-32|-63
490|6|8|1000|2|CG0210999|-36|-55|CG0211000|-5|-57
490|6|9|1000|1|CG0211001|-16|-47
490|6|10|1000|3|CG0210992|-29|-69|CG0210993|-30|-62|CG0210991|-24|-59
490|7|0|600|10|CG0211046|-15|-94|CG0211048|-15|-59|CG0211049|-15|-92|CG0211050|-15|-57|CG0211051|-15|-90|CG0211052|-16|-56|CG0211053|-16|-90|CG0211054|-16|-57|CG0211055|-15|-92|CG0211047|-15|-59
490|7|1|500|10|CG0211046|-15|-94|CG0211048|-15|-59|CG0211049|-15|-92|CG0211050|-15|-57|CG0211051|-15|-90|CG0211052|-16|-56|CG0211053|-16|-90|CG0211054|-16|-57|CG0211055|-15|-92|CG0211047|-15|-59
490|7|2|100|1|CG0214743|-25|-81
490|7|3|1000|20|CG0211028|-30|-89|CG0211029|-26|-61|CG0211028|-30|-89|CG0211029|-26|-61|CG0211028|-30|-89|CG0211029|-26|-61|CG0211028|-30|-89|CG0211029|-26|-61|CG0211028|-30|-89|CG0211029|-26|-61|CG0211028|-30|-89|CG0211029|-26|-61|CG0211028|-30|-89|CG0211029|-26|-61|CG0211028|-30|-89|CG0211029|-26|-61|CG0211028|-30|-89|CG0211029|-26|-61|CG0211028|-30|-89|CG0211029|-26|-61
490|7|4|100|1|CG0214735|-64|-111
490|7|5|600|20|CG0211018|-20|-79|CG0211018|-20|-79|CG0211020|-34|-48|CG0211020|-34|-48|CG0211021|-50|-48|CG0211021|-50|-48|CG0211022|-83|-45|CG0211022|-83|-45|CG0211023|-71|-57|CG0211023|-71|-57|CG0211024|-75|-75|CG0211024|-75|-75|CG0211025|-90|-84|CG0211025|-90|-84|CG0211026|-71|-100|CG0211026|-71|-100|CG0211027|-48|-106|CG0211027|-48|-106|CG0211019|-27|-94|CG0211019|-27|-94
490|7|6|2000|24|CG0211040|-19|-78|CG0211041|-29|-69|CG0211042|-32|-101|CG0211043|-11|-113|CG0211044|27|-94|CG0211045|16|-77|CG0211040|-19|-78|CG0211041|-29|-69|CG0211042|-32|-101|CG0211043|-11|-113|CG0211044|27|-94|CG0211045|16|-77|CG0211040|-19|-78|CG0211041|-29|-69|CG0211042|-32|-101|CG0211043|-11|-113|CG0211044|27|-94|CG0211045|16|-77|CG0211040|-19|-78|CG0211041|-29|-69|CG0211042|-32|-101|CG0211043|-11|-113|CG0211044|27|-94|CG0211045|16|-77
490|7|7|986|7|CG0253029|-18|-74|CG0253030|-18|-74|CG0253031|-18|-74|CG0253017|-21|-72|CG0253018|-41|-54|CG0253018|-41|-54|CG0253019|-24|-67
490|7|8|1000|2|CG0211037|-27|-57|CG0211038|-4|-52
490|7|9|1000|1|CG0211039|-21|-48
490|7|10|1000|3|CG0211030|-26|-78|CG0211031|-23|-72|CG0211029|-26|-61
