487|0|0|1000|10|CG0209884|-44|-91|CG0209886|-46|-68|CG0209887|-42|-92|CG0209888|-46|-65|CG0209889|-41|-91|CG0209890|-46|-66|CG0209891|-42|-91|CG0209892|-45|-72|CG0209893|-44|-92|CG0209885|-44|-72
487|0|1|800|10|CG0209884|-44|-91|CG0209886|-46|-68|CG0209887|-42|-92|CG0209888|-46|-65|CG0209889|-41|-91|CG0209890|-46|-66|CG0209891|-42|-91|CG0209892|-45|-72|CG0209893|-44|-92|CG0209885|-44|-72
487|0|2|100|1|CG0214400|-42|-69
487|0|3|200|2|CG0209866|-55|-85|CG0209867|-38|-72
487|0|4|100|1|CG0214392|-71|-96
487|0|5|800|20|CG0209856|-37|-84|CG0209856|-37|-84|CG0209858|-57|-48|CG0209858|-57|-48|CG0209859|-50|-69|CG0209859|-50|-69|CG0209860|-59|-66|CG0209860|-59|-66|CG0209861|-60|-75|CG0209861|-60|-75|CG0209862|-63|-91|CG0209862|-63|-91|CG0209863|-78|-106|CG0209863|-78|-106|CG0209864|-76|-120|CG0209864|-76|-120|CG0209865|-42|-124|CG0209865|-42|-124|CG0209857|-37|-108|CG0209857|-37|-108
487|0|6|2000|18|CG0209878|-33|-86|CG0209879|-58|-89|CG0209880|-31|-107|CG0209881|-11|-118|CG0209882|-8|-74|CG0209883|-19|-69|CG0209878|-33|-86|CG0209879|-58|-89|CG0209880|-31|-107|CG0209881|-11|-118|CG0209882|-8|-74|CG0209883|-19|-69|CG0209878|-33|-86|CG0209879|-58|-89|CG0209880|-31|-107|CG0209881|-11|-118|CG0209882|-8|-74|CG0209883|-19|-69
487|0|7|986|7|CG0252875|-18|-73|CG0252876|-22|-73|CG0252877|-23|-73|CG0252863|-17|-64|CG0252864|-34|-63|CG0252864|-34|-63|CG0252865|-22|-71
487|0|8|1000|2|CG0209875|-43|-83|CG0209876|-10|-61
487|0|9|1000|1|CG0209877|-28|-67
487|0|10|1000|7|CG0209868|-36|-73|CG0209869|-42|-70|CG0209870|-37|-45|CG0209871|-35|-42|CG0209872|-35|-39|CG0209873|-34|-35|CG0209874|-34|-19
487|1|0|1000|10|CG0209922|-30|-86|CG0209924|-37|-69|CG0209925|-30|-86|CG0209926|-36|-70|CG0209927|-30|-85|CG0209928|-37|-68|CG0209929|-31|-85|CG0209930|-36|-73|CG0209931|-30|-86|CG0209923|-36|-73
487|1|1|800|10|CG0209922|-30|-86|CG0209924|-37|-69|CG0209925|-30|-86|CG0209926|-36|-70|CG0209927|-30|-85|CG0209928|-37|-68|CG0209929|-31|-85|CG0209930|-36|-73|CG0209931|-30|-86|CG0209923|-36|-73
487|1|2|100|1|CG0214449|-79|-67
487|1|3|200|2|CG0209904|-28|-81|CG0209905|-31|-75
487|1|4|100|1|CG0214441|-49|-94
487|1|5|800|20|CG0209894|-20|-83|CG0209894|-20|-83|CG0209896|-28|-45|CG0209896|-28|-45|CG0209897|-24|-68|CG0209897|-24|-68|CG0209898|-28|-65|CG0209898|-28|-65|CG0209899|-28|-80|CG0209899|-28|-80|CG0209900|-41|-96|CG0209900|-41|-96|CG0209901|-31|-114|CG0209901|-31|-114|CG0209902|-40|-127|CG0209902|-40|-127|CG0209903|-27|-116|CG0209903|-27|-116|CG0209895|-25|-107|CG0209895|-25|-107
487|1|6|2000|18|CG0209916|-30|-78|CG0209917|-37|-91|CG0209918|-26|-106|CG0209919|-17|-116|CG0209920|-36|-67|CG0209921|-27|-60|CG0209916|-30|-78|CG0209917|-37|-91|CG0209918|-26|-106|CG0209919|-17|-116|CG0209920|-36|-67|CG0209921|-27|-60|CG0209916|-30|-78|CG0209917|-37|-91|CG0209918|-26|-106|CG0209919|-17|-116|CG0209920|-36|-67|CG0209921|-27|-60
487|1|7|986|7|CG0252897|-23|-72|CG0252898|-22|-72|CG0252899|-20|-72|CG0252885|-11|-60|CG0252886|-22|-70|CG0252886|-22|-70|CG0252887|-22|-73
487|1|8|1000|2|CG0209913|-22|-79|CG0209914|-24|-61
487|1|9|1000|1|CG0209915|-10|-71
487|1|10|1000|7|CG0209906|-13|-78|CG0209907|-14|-71|CG0209908|-8|-48|CG0209909|-9|-47|CG0209910|-10|-38|CG0209911|-24|-35|CG0209912|-28|-16
487|2|0|1000|10|CG0209960|-22|-91|CG0209962|-19|-68|CG0209963|-23|-92|CG0209964|-19|-69|CG0209965|-23|-90|CG0209966|-18|-66|CG0209967|-22|-91|CG0209968|-20|-67|CG0209969|-22|-91|CG0209961|-20|-68
487|2|1|800|10|CG0209960|-22|-91|CG0209962|-19|-68|CG0209963|-23|-92|CG0209964|-19|-69|CG0209965|-23|-90|CG0209966|-18|-66|CG0209967|-22|-91|CG0209968|-20|-67|CG0209969|-22|-91|CG0209961|-20|-68
487|2|2|100|1|CG0214498|-100|-78
487|2|3|200|2|CG0209942|-11|-85|CG0209943|-19|-70
487|2|4|100|1|CG0214490|-48|-104
487|2|5|800|20|CG0209932|-16|-85|CG0209932|-16|-85|CG0209934|-10|-48|CG0209934|-10|-48|CG0209935|-1|-70|CG0209935|-1|-70|CG0209936|2|-58|CG0209936|2|-58|CG0209937|-2|-72|CG0209937|-2|-72|CG0209938|-2|-91|CG0209938|-2|-91|CG0209939|-9|-109|CG0209939|-9|-109|CG0209940|5|-120|CG0209940|5|-120|CG0209941|-11|-119|CG0209941|-11|-119|CG0209933|-16|-108|CG0209933|-16|-108
487|2|6|2000|18|CG0209954|-25|-85|CG0209955|-7|-87|CG0209956|-19|-105|CG0209957|-40|-117|CG0209958|-46|-74|CG0209959|-49|-70|CG0209954|-25|-85|CG0209955|-7|-87|CG0209956|-19|-105|CG0209957|-40|-117|CG0209958|-46|-74|CG0209959|-49|-70|CG0209954|-25|-85|CG0209955|-7|-87|CG0209956|-19|-105|CG0209957|-40|-117|CG0209958|-46|-74|CG0209959|-49|-70
487|2|7|986|7|CG0252919|-18|-72|CG0252920|-13|-72|CG0252921|-10|-71|CG0252907|-29|-60|CG0252908|-24|-70|CG0252908|-24|-70|CG0252909|-26|-71
487|2|8|1000|2|CG0209951|-11|-75|CG0209952|-47|-64
487|2|9|1000|1|CG0209953|-18|-66
487|2|10|1000|7|CG0209944|-20|-74|CG0209945|-15|-70|CG0209946|-13|-45|CG0209947|-15|-42|CG0209948|-19|-37|CG0209949|-33|-34|CG0209950|-38|-21
487|3|0|1000|10|CG0209998|-25|-87|CG0210000|-23|-62|CG0210001|-26|-87|CG0210002|-22|-62|CG0210003|-26|-87|CG0210004|-22|-59|CG0210005|-27|-86|CG0210006|-23|-59|CG0210007|-25|-86|CG0209999|-25|-61
487|3|1|800|10|CG0209998|-25|-87|CG0210000|-23|-62|CG0210001|-26|-87|CG0210002|-22|-62|CG0210003|-26|-87|CG0210004|-22|-59|CG0210005|-27|-86|CG0210006|-23|-59|CG0210007|-25|-86|CG0209999|-25|-61
487|3|2|100|1|CG0214547|-95|-100
487|3|3|200|2|CG0209980|-12|-81|CG0209981|-12|-68
487|3|4|100|1|CG0214539|-36|-115
487|3|5|800|20|CG0209970|-17|-77|CG0209970|-17|-77|CG0209972|-1|-43|CG0209972|-1|-43|CG0209973|8|-57|CG0209973|8|-57|CG0209974|15|-45|CG0209974|15|-45|CG0209975|2|-57|CG0209975|2|-57|CG0209976|6|-77|CG0209976|6|-77|CG0209977|17|-93|CG0209977|17|-93|CG0209978|18|-105|CG0209978|18|-105|CG0209979|10|-117|CG0209979|10|-117|CG0209971|-7|-101|CG0209971|-7|-101
487|3|6|2000|18|CG0209992|-28|-85|CG0209993|-6|-79|CG0209994|-4|-105|CG0209995|-55|-122|CG0209996|-61|-92|CG0209997|-56|-74|CG0209992|-28|-85|CG0209993|-6|-79|CG0209994|-4|-105|CG0209995|-55|-122|CG0209996|-61|-92|CG0209997|-56|-74|CG0209992|-28|-85|CG0209993|-6|-79|CG0209994|-4|-105|CG0209995|-55|-122|CG0209996|-61|-92|CG0209997|-56|-74
487|3|7|986|7|CG0252941|-14|-72|CG0252942|-12|-72|CG0252943|-14|-71|CG0252929|-40|-65|CG0252930|-29|-66|CG0252930|-29|-66|CG0252931|-21|-69
487|3|8|1000|2|CG0209989|-10|-65|CG0209990|-57|-69
487|3|9|1000|1|CG0209991|-18|-57
487|3|10|1000|7|CG0209982|-26|-70|CG0209983|-16|-63|CG0209984|-13|-38|CG0209985|-14|-38|CG0209986|-27|-36|CG0209987|-37|-33|CG0209988|-45|-15
487|4|0|1000|10|CG0210036|-21|-81|CG0210038|-18|-57|CG0210039|-22|-79|CG0210040|-18|-55|CG0210041|-21|-79|CG0210042|-18|-54|CG0210043|-22|-78|CG0210044|-19|-54|CG0210045|-22|-78|CG0210037|-19|-54
487|4|1|800|10|CG0210036|-21|-81|CG0210038|-18|-57|CG0210039|-22|-79|CG0210040|-18|-55|CG0210041|-21|-79|CG0210042|-18|-54|CG0210043|-22|-78|CG0210044|-19|-54|CG0210045|-22|-78|CG0210037|-19|-54
487|4|2|100|1|CG0214596|-82|-112
487|4|3|200|2|CG0210018|-11|-75|CG0210019|-20|-70
487|4|4|100|1|CG0214588|-48|-120
487|4|5|800|20|CG0210008|-16|-65|CG0210008|-16|-65|CG0210010|-9|-40|CG0210010|-9|-40|CG0210011|-1|-37|CG0210011|-1|-37|CG0210012|-4|-27|CG0210012|-4|-27|CG0210013|-1|-42|CG0210013|-1|-42|CG0210014|-3|-60|CG0210014|-3|-60|CG0210015|6|-79|CG0210015|6|-79|CG0210016|4|-87|CG0210016|4|-87|CG0210017|-10|-111|CG0210017|-10|-111|CG0210009|-17|-87|CG0210009|-17|-87
487|4|6|2000|18|CG0210030|-25|-75|CG0210031|-8|-70|CG0210032|-20|-104|CG0210033|-41|-125|CG0210034|-43|-109|CG0210035|-46|-74|CG0210030|-25|-75|CG0210031|-8|-70|CG0210032|-20|-104|CG0210033|-41|-125|CG0210034|-43|-109|CG0210035|-46|-74|CG0210030|-25|-75|CG0210031|-8|-70|CG0210032|-20|-104|CG0210033|-41|-125|CG0210034|-43|-109|CG0210035|-46|-74
487|4|7|986|7|CG0252963|-19|-74|CG0252964|-19|-72|CG0252965|-19|-71|CG0252951|-35|-72|CG0252952|-24|-57|CG0252952|-24|-57|CG0252953|-21|-66
487|4|8|1000|2|CG0210027|-7|-55|CG0210028|-51|-80
487|4|9|1000|1|CG0210029|-18|-51
487|4|10|1000|7|CG0210020|-20|-69|CG0210021|-15|-60|CG0210022|-15|-36|CG0210023|-16|-36|CG0210024|-22|-40|CG0210025|-33|-33|CG0210026|-37|-25
487|5|0|1000|10|CG0210074|-32|-76|CG0210076|-36|-55|CG0210077|-32|-74|CG0210078|-36|-54|CG0210079|-32|-72|CG0210080|-36|-52|CG0210081|-32|-72|CG0210082|-36|-54|CG0210083|-32|-73|CG0210075|-36|-56
487|5|1|800|10|CG0210074|-32|-76|CG0210076|-36|-55|CG0210077|-32|-74|CG0210078|-36|-54|CG0210079|-32|-72|CG0210080|-36|-52|CG0210081|-32|-72|CG0210082|-36|-54|CG0210083|-32|-73|CG0210075|-36|-56
487|5|2|100|1|CG0214645|-41|-110
487|5|3|200|2|CG0210056|-31|-73|CG0210057|-33|-68
487|5|4|100|1|CG0214637|-67|-114
487|5|5|800|20|CG0210046|-21|-59|CG0210046|-21|-59|CG0210048|-32|-40|CG0210048|-32|-40|CG0210049|-27|-22|CG0210049|-27|-22|CG0210050|-33|-33|CG0210050|-33|-33|CG0210051|-45|-38|CG0210051|-45|-38|CG0210052|-30|-57|CG0210052|-30|-57|CG0210053|-28|-66|CG0210053|-28|-66|CG0210054|-32|-77|CG0210054|-32|-77|CG0210055|-35|-101|CG0210055|-35|-101|CG0210047|-29|-75|CG0210047|-29|-75
487|5|6|2000|18|CG0210068|-32|-64|CG0210069|-38|-65|CG0210070|-25|-105|CG0210071|-21|-127|CG0210072|-34|-115|CG0210073|-28|-78|CG0210068|-32|-64|CG0210069|-38|-65|CG0210070|-25|-105|CG0210071|-21|-127|CG0210072|-34|-115|CG0210073|-28|-78|CG0210068|-32|-64|CG0210069|-38|-65|CG0210070|-25|-105|CG0210071|-21|-127|CG0210072|-34|-115|CG0210073|-28|-78
487|5|7|986|7|CG0252985|-23|-73|CG0252986|-21|-72|CG0252987|-19|-71|CG0252973|-17|-76|CG0252974|-10|-50|CG0252974|-10|-50|CG0252975|-26|-63
487|5|8|1000|2|CG0210065|-29|-55|CG0210066|-21|-83
487|5|9|1000|1|CG0210067|-10|-49
487|5|10|1000|7|CG0210058|-13|-68|CG0210059|-16|-62|CG0210060|-10|-38|CG0210061|-10|-39|CG0210062|-10|-44|CG0210063|-24|-37|CG0210064|-30|-31
487|6|0|1000|10|CG0210112|-44|-81|CG0210114|-44|-57|CG0210115|-41|-80|CG0210116|-45|-55|CG0210117|-41|-79|CG0210118|-45|-54|CG0210119|-41|-78|CG0210120|-44|-55|CG0210121|-42|-80|CG0210113|-44|-57
487|6|1|800|10|CG0210112|-44|-81|CG0210114|-44|-57|CG0210115|-41|-80|CG0210116|-45|-55|CG0210117|-41|-79|CG0210118|-45|-54|CG0210119|-41|-78|CG0210120|-44|-55|CG0210121|-42|-80|CG0210113|-44|-57
487|6|2|100|1|CG0214694|-28|-98
487|6|3|200|2|CG0210094|-57|-74|CG0210095|-36|-70
487|6|4|100|1|CG0214686|-73|-118
487|6|5|800|20|CG0210084|-40|-65|CG0210084|-40|-65|CG0210086|-60|-41|CG0210086|-60|-41|CG0210087|-50|-38|CG0210087|-50|-38|CG0210088|-73|-48|CG0210088|-73|-48|CG0210089|-67|-43|CG0210089|-67|-43|CG0210090|-66|-62|CG0210090|-66|-62|CG0210091|-68|-72|CG0210091|-68|-72|CG0210092|-82|-84|CG0210092|-82|-84|CG0210093|-51|-110|CG0210093|-51|-110|CG0210085|-42|-84|CG0210085|-42|-84
487|6|6|2000|18|CG0210106|-32|-75|CG0210107|-58|-70|CG0210108|-33|-107|CG0210109|-11|-125|CG0210110|-8|-110|CG0210111|-19|-74|CG0210106|-32|-75|CG0210107|-58|-70|CG0210108|-33|-107|CG0210109|-11|-125|CG0210110|-8|-110|CG0210111|-19|-74|CG0210106|-32|-75|CG0210107|-58|-70|CG0210108|-33|-107|CG0210109|-11|-125|CG0210110|-8|-110|CG0210111|-19|-74
487|6|7|986|7|CG0253007|-18|-74|CG0253008|-17|-73|CG0253009|-17|-73|CG0252995|-16|-77|CG0252996|-27|-48|CG0252996|-27|-48|CG0252997|-32|-63
487|6|8|1000|2|CG0210103|-41|-63|CG0210104|-5|-75
487|6|9|1000|1|CG0210105|-29|-52
487|6|10|1000|7|CG0210096|-37|-69|CG0210097|-45|-61|CG0210098|-39|-37|CG0210099|-38|-38|CG0210100|-33|-42|CG0210101|-32|-33|CG0210102|-34|-25
487|7|0|1000|10|CG0210150|-31|-86|CG0210152|-30|-61|CG0210153|-29|-88|CG0210154|-29|-58|CG0210155|-30|-87|CG0210156|-30|-59|CG0210157|-31|-87|CG0210158|-29|-64|CG0210159|-32|-86|CG0210151|-29|-64
487|7|1|800|10|CG0210150|-31|-86|CG0210152|-30|-61|CG0210153|-29|-88|CG0210154|-29|-58|CG0210155|-30|-87|CG0210156|-30|-59|CG0210157|-31|-87|CG0210158|-29|-64|CG0210159|-32|-86|CG0210151|-29|-64
487|7|2|100|1|CG0214743|-25|-81
487|7|3|200|2|CG0210132|-53|-81|CG0210133|-40|-69
487|7|4|100|1|CG0214735|-64|-111
487|7|5|800|20|CG0210122|-35|-77|CG0210122|-35|-77|CG0210124|-57|-42|CG0210124|-57|-42|CG0210125|-54|-58|CG0210125|-54|-58|CG0210126|-83|-62|CG0210126|-83|-62|CG0210127|-76|-62|CG0210127|-76|-62|CG0210128|-80|-75|CG0210128|-80|-75|CG0210129|-87|-88|CG0210129|-87|-88|CG0210130|-90|-103|CG0210130|-90|-103|CG0210131|-50|-121|CG0210131|-50|-121|CG0210123|-39|-99|CG0210123|-39|-99
487|7|6|2000|18|CG0210144|-25|-83|CG0210145|-45|-80|CG0210146|-43|-108|CG0210147|-1|-121|CG0210148|21|-94|CG0210149|0|-74|CG0210144|-25|-83|CG0210145|-45|-80|CG0210146|-43|-108|CG0210147|-1|-121|CG0210148|21|-94|CG0210149|0|-74|CG0210144|-25|-83|CG0210145|-45|-80|CG0210146|-43|-108|CG0210147|-1|-121|CG0210148|21|-94|CG0210149|0|-74
487|7|7|986|7|CG0253029|-18|-74|CG0253030|-18|-74|CG0253031|-18|-74|CG0253017|-21|-72|CG0253018|-41|-54|CG0253018|-41|-54|CG0253019|-24|-67
487|7|8|1000|2|CG0210141|-42|-77|CG0210142|-4|-65
487|7|9|1000|1|CG0210143|-39|-58
487|7|10|1000|7|CG0210134|-47|-71|CG0210135|-47|-62|CG0210136|-48|-38|CG0210137|-46|-38|CG0210138|-40|-35|CG0210139|-31|-32|CG0210140|-26|-18
