499|0|0|6000|48|CG0213718|-50|-37|CG0213718|-50|-37|CG0213719|-50|-37|CG0213719|-50|-37|CG0213720|-50|-37|CG0213720|-50|-37|CG0213721|-50|-37|CG0213721|-50|-37|CG0213722|-50|-37|CG0213722|-50|-37|CG0213723|-50|-37|CG0213723|-50|-37|CG0213718|-50|-37|CG0213718|-50|-37|CG0213719|-50|-37|CG0213719|-50|-37|CG0213720|-50|-37|CG0213720|-50|-37|CG0213721|-50|-37|CG0213721|-50|-37|CG0213722|-50|-37|CG0213722|-50|-37|CG0213723|-50|-37|CG0213723|-50|-37|CG0213718|-50|-37|CG0213719|-50|-37|CG0213720|-50|-37|CG0213721|-50|-37|CG0213722|-50|-37|CG0213723|-50|-37|CG0213718|-50|-37|CG0213719|-50|-37|CG0213720|-50|-37|CG0213721|-50|-37|CG0213722|-50|-37|CG0213723|-50|-37|CG0213718|-50|-37|CG0213719|-50|-37|CG0213720|-50|-37|CG0213721|-50|-37|CG0213722|-50|-37|CG0213723|-50|-37|CG0213718|-50|-37|CG0213719|-50|-37|CG0213720|-50|-37|CG0213721|-50|-37|CG0213722|-50|-37|CG0213723|-50|-37
499|0|1|500|8|CG0213724|-43|-39|CG0213725|-48|-40|CG0213726|-54|-37|CG0213727|-55|-37|CG0213728|-53|-37|CG0213729|-49|-37|CG0213730|-44|-37|CG0213731|-41|-38
499|0|2|100|1|CG0214400|-42|-69
499|0|3|200|8|CG0213724|-43|-39|CG0213725|-48|-40|CG0213726|-54|-37|CG0213727|-55|-37|CG0213728|-53|-37|CG0213729|-49|-37|CG0213730|-44|-37|CG0213731|-41|-38
499|0|4|100|1|CG0214392|-71|-96
499|0|5|600|19|CG0213688|-45|-37|CG0213688|-45|-37|CG0213689|-45|-36|CG0213689|-45|-36|CG0213689|-45|-36|CG0213689|-45|-36|CG0213689|-45|-36|CG0213690|-45|-36|CG0213690|-45|-36|CG0213691|-46|-47|CG0213691|-46|-47|CG0213692|-46|-71|CG0213692|-46|-71|CG0213693|-55|-98|CG0213693|-55|-98|CG0213694|-66|-111|CG0213694|-66|-111|CG0213695|-66|-111|CG0213695|-66|-111
499|0|6|2000|19|CG0213707|-34|-37|CG0213710|-34|-37|CG0213707|-34|-37|CG0213710|-34|-37|CG0213707|-34|-37|CG0213710|-34|-37|CG0213707|-34|-37|CG0213710|-34|-37|CG0213707|-34|-37|CG0213710|-34|-37|CG0213711|-29|-44|CG0213712|-18|-62|CG0213713|-24|-77|CG0213714|-36|-86|CG0213715|-38|-90|CG0213716|-64|-83|CG0213717|-54|-51|CG0213708|-43|-37|CG0213709|-43|-38
499|0|7|986|7|CG0252875|-18|-73|CG0252876|-22|-73|CG0252877|-23|-73|CG0252863|-17|-64|CG0252864|-34|-63|CG0252864|-34|-63|CG0252865|-22|-71
499|0|8|1000|2|CG0213704|-48|-39|CG0213705|-39|-47
499|0|9|1000|1|CG0213706|-37|-52
499|0|10|1300|16|CG0213696|-43|-39|CG0213697|-43|-41|CG0213698|-43|-41|CG0213697|-43|-41|CG0213698|-43|-41|CG0213697|-43|-41|CG0213698|-43|-41|CG0213697|-43|-41|CG0213698|-43|-41|CG0213698|-43|-41|CG0213699|-37|-41|CG0213699|-37|-41|CG0213700|-30|-42|CG0213701|-26|-41|CG0213702|-29|-32|CG0213703|-30|-25
499|1|0|6000|48|CG0213762|-52|-28|CG0213762|-52|-28|CG0213763|-52|-27|CG0213763|-52|-27|CG0213764|-52|-27|CG0213764|-52|-27|CG0213765|-52|-28|CG0213765|-52|-28|CG0213766|-52|-28|CG0213766|-52|-28|CG0213767|-52|-28|CG0213767|-52|-28|CG0213762|-52|-28|CG0213762|-52|-28|CG0213763|-52|-27|CG0213763|-52|-27|CG0213764|-52|-27|CG0213764|-52|-27|CG0213765|-52|-28|CG0213765|-52|-28|CG0213766|-52|-28|CG0213766|-52|-28|CG0213767|-52|-28|CG0213767|-52|-28|CG0213762|-52|-28|CG0213763|-52|-27|CG0213764|-52|-27|CG0213765|-52|-28|CG0213766|-52|-28|CG0213767|-52|-28|CG0213762|-52|-28|CG0213763|-52|-27|CG0213764|-52|-27|CG0213765|-52|-28|CG0213766|-52|-28|CG0213767|-52|-28|CG0213762|-52|-28|CG0213763|-52|-27|CG0213764|-52|-27|CG0213765|-52|-28|CG0213766|-52|-28|CG0213767|-52|-28|CG0213762|-52|-28|CG0213763|-52|-27|CG0213764|-52|-27|CG0213765|-52|-28|CG0213766|-52|-28|CG0213767|-52|-28
499|1|1|500|8|CG0213768|-53|-30|CG0213769|-52|-32|CG0213770|-53|-32|CG0213771|-54|-28|CG0213772|-54|-28|CG0213773|-53|-28|CG0213774|-52|-28|CG0213775|-53|-29
499|1|2|100|1|CG0214449|-79|-67
499|1|3|200|8|CG0213768|-53|-30|CG0213769|-52|-32|CG0213770|-53|-32|CG0213771|-54|-28|CG0213772|-54|-28|CG0213773|-53|-28|CG0213774|-52|-28|CG0213775|-53|-29
499|1|4|100|1|CG0214441|-49|-94
499|1|5|600|19|CG0213732|-48|-28|CG0213732|-48|-28|CG0213733|-48|-30|CG0213733|-48|-30|CG0213733|-48|-30|CG0213733|-48|-30|CG0213733|-48|-30|CG0213734|-47|-36|CG0213734|-47|-36|CG0213735|-47|-49|CG0213735|-47|-49|CG0213736|-47|-76|CG0213736|-47|-76|CG0213737|-47|-105|CG0213737|-47|-105|CG0213738|-47|-118|CG0213738|-47|-118|CG0213739|-47|-118|CG0213739|-47|-118
499|1|6|2000|19|CG0213751|-35|-28|CG0213754|-36|-30|CG0213751|-35|-28|CG0213754|-36|-30|CG0213751|-35|-28|CG0213754|-36|-30|CG0213751|-35|-28|CG0213754|-36|-30|CG0213751|-35|-28|CG0213754|-36|-30|CG0213755|-30|-45|CG0213756|-19|-62|CG0213757|-25|-78|CG0213758|-38|-83|CG0213759|-40|-81|CG0213760|-68|-72|CG0213761|-57|-41|CG0213752|-45|-28|CG0213753|-45|-29
499|1|7|986|7|CG0252897|-23|-72|CG0252898|-22|-72|CG0252899|-20|-72|CG0252885|-11|-60|CG0252886|-22|-70|CG0252886|-22|-70|CG0252887|-22|-73
499|1|8|1000|2|CG0213748|-49|-33|CG0213749|-46|-49
499|1|9|1000|1|CG0213750|-47|-50
499|1|10|1300|16|CG0213740|-46|-33|CG0213741|-46|-40|CG0213742|-46|-41|CG0213741|-46|-40|CG0213742|-46|-41|CG0213741|-46|-40|CG0213742|-46|-41|CG0213741|-46|-40|CG0213742|-46|-41|CG0213742|-46|-41|CG0213743|-38|-42|CG0213743|-38|-42|CG0213744|-31|-42|CG0213745|-28|-41|CG0213746|-31|-33|CG0213747|-32|-25
499|2|0|6000|48|CG0213806|-47|-37|CG0213806|-47|-37|CG0213807|-47|-37|CG0213807|-47|-37|CG0213808|-47|-37|CG0213808|-47|-37|CG0213809|-47|-37|CG0213809|-47|-37|CG0213810|-47|-37|CG0213810|-47|-37|CG0213811|-47|-37|CG0213811|-47|-37|CG0213806|-47|-37|CG0213806|-47|-37|CG0213807|-47|-37|CG0213807|-47|-37|CG0213808|-47|-37|CG0213808|-47|-37|CG0213809|-47|-37|CG0213809|-47|-37|CG0213810|-47|-37|CG0213810|-47|-37|CG0213811|-47|-37|CG0213811|-47|-37|CG0213806|-47|-37|CG0213807|-47|-37|CG0213808|-47|-37|CG0213809|-47|-37|CG0213810|-47|-37|CG0213811|-47|-37|CG0213806|-47|-37|CG0213807|-47|-37|CG0213808|-47|-37|CG0213809|-47|-37|CG0213810|-47|-37|CG0213811|-47|-37|CG0213806|-47|-37|CG0213807|-47|-37|CG0213808|-47|-37|CG0213809|-47|-37|CG0213810|-47|-37|CG0213811|-47|-37|CG0213806|-47|-37|CG0213807|-47|-37|CG0213808|-47|-37|CG0213809|-47|-37|CG0213810|-47|-37|CG0213811|-47|-37
499|2|1|500|8|CG0213812|-44|-38|CG0213813|-47|-39|CG0213814|-50|-40|CG0213815|-49|-37|CG0213816|-50|-37|CG0213817|-50|-37|CG0213818|-49|-37|CG0213819|-45|-37
499|2|2|100|1|CG0214498|-100|-78
499|2|3|200|8|CG0213812|-44|-38|CG0213813|-47|-39|CG0213814|-50|-40|CG0213815|-49|-37|CG0213816|-50|-37|CG0213817|-50|-37|CG0213818|-49|-37|CG0213819|-45|-37
499|2|4|100|1|CG0214490|-48|-104
499|2|5|600|19|CG0213776|-42|-37|CG0213776|-42|-37|CG0213777|-42|-37|CG0213777|-42|-37|CG0213777|-42|-37|CG0213777|-42|-37|CG0213777|-42|-37|CG0213778|-41|-36|CG0213778|-41|-36|CG0213779|-41|-47|CG0213779|-41|-47|CG0213780|-41|-71|CG0213780|-41|-71|CG0213781|-41|-98|CG0213781|-41|-98|CG0213782|-41|-111|CG0213782|-41|-111|CG0213783|-41|-111|CG0213783|-41|-111
499|2|6|2000|19|CG0213795|-31|-37|CG0213798|-32|-37|CG0213795|-31|-37|CG0213798|-32|-37|CG0213795|-31|-37|CG0213798|-32|-37|CG0213795|-31|-37|CG0213798|-32|-37|CG0213795|-31|-37|CG0213798|-32|-37|CG0213799|-26|-44|CG0213800|-18|-62|CG0213801|-21|-77|CG0213802|-33|-86|CG0213803|-35|-90|CG0213804|-61|-83|CG0213805|-52|-51|CG0213796|-40|-37|CG0213797|-39|-38
499|2|7|986|7|CG0252919|-18|-72|CG0252920|-13|-72|CG0252921|-10|-71|CG0252907|-29|-60|CG0252908|-24|-70|CG0252908|-24|-70|CG0252909|-26|-71
499|2|8|1000|2|CG0213792|-40|-39|CG0213793|-41|-49
499|2|9|1000|1|CG0213794|-47|-52
499|2|10|1300|16|CG0213784|-40|-39|CG0213785|-40|-41|CG0213786|-40|-41|CG0213785|-40|-41|CG0213786|-40|-41|CG0213785|-40|-41|CG0213786|-40|-41|CG0213785|-40|-41|CG0213786|-40|-41|CG0213786|-40|-41|CG0213787|-34|-41|CG0213787|-34|-41|CG0213788|-27|-42|CG0213789|-24|-40|CG0213790|-27|-32|CG0213791|-29|-26
499|3|0|6000|48|CG0213850|-34|-38|CG0213850|-34|-38|CG0213851|-34|-38|CG0213851|-34|-38|CG0213852|-34|-37|CG0213852|-34|-37|CG0213853|-34|-37|CG0213853|-34|-37|CG0213854|-34|-38|CG0213854|-34|-38|CG0213855|-34|-38|CG0213855|-34|-38|CG0213850|-34|-38|CG0213850|-34|-38|CG0213851|-34|-38|CG0213851|-34|-38|CG0213852|-34|-37|CG0213852|-34|-37|CG0213853|-34|-37|CG0213853|-34|-37|CG0213854|-34|-38|CG0213854|-34|-38|CG0213855|-34|-38|CG0213855|-34|-38|CG0213850|-34|-38|CG0213851|-34|-38|CG0213852|-34|-37|CG0213853|-34|-37|CG0213854|-34|-38|CG0213855|-34|-38|CG0213850|-34|-38|CG0213851|-34|-38|CG0213852|-34|-37|CG0213853|-34|-37|CG0213854|-34|-38|CG0213855|-34|-38|CG0213850|-34|-38|CG0213851|-34|-38|CG0213852|-34|-37|CG0213853|-34|-37|CG0213854|-34|-38|CG0213855|-34|-38|CG0213850|-34|-38|CG0213851|-34|-38|CG0213852|-34|-37|CG0213853|-34|-37|CG0213854|-34|-38|CG0213855|-34|-38
499|3|1|500|8|CG0213856|-26|-39|CG0213857|-30|-39|CG0213858|-34|-40|CG0213859|-39|-40|CG0213860|-38|-39|CG0213861|-37|-37|CG0213862|-35|-38|CG0213863|-29|-38
499|3|2|100|1|CG0214547|-95|-100
499|3|3|200|8|CG0213856|-26|-39|CG0213857|-30|-39|CG0213858|-34|-40|CG0213859|-39|-40|CG0213860|-38|-39|CG0213861|-37|-37|CG0213862|-35|-38|CG0213863|-29|-38
499|3|4|100|1|CG0214539|-36|-115
499|3|5|600|19|CG0213820|-30|-38|CG0213820|-30|-38|CG0213821|-30|-38|CG0213821|-30|-38|CG0213821|-30|-38|CG0213821|-30|-38|CG0213821|-30|-38|CG0213822|-29|-38|CG0213822|-29|-38|CG0213823|-29|-41|CG0213823|-29|-41|CG0213824|-29|-57|CG0213824|-29|-57|CG0213825|-29|-81|CG0213825|-29|-81|CG0213826|-29|-93|CG0213826|-29|-93|CG0213827|-29|-93|CG0213827|-29|-93
499|3|6|2000|19|CG0213839|-23|-37|CG0213842|-24|-37|CG0213839|-23|-37|CG0213842|-24|-37|CG0213839|-23|-37|CG0213842|-24|-37|CG0213839|-23|-37|CG0213842|-24|-37|CG0213839|-23|-37|CG0213842|-24|-37|CG0213843|-22|-43|CG0213844|-22|-60|CG0213845|-22|-76|CG0213846|-24|-86|CG0213847|-25|-90|CG0213848|-43|-85|CG0213849|-37|-52|CG0213840|-28|-38|CG0213841|-28|-38
499|3|7|986|7|CG0252941|-14|-72|CG0252942|-12|-72|CG0252943|-14|-71|CG0252929|-40|-65|CG0252930|-29|-66|CG0252930|-29|-66|CG0252931|-21|-69
499|3|8|1000|2|CG0213836|-32|-39|CG0213837|-30|-45
499|3|9|1000|1|CG0213838|-34|-54
499|3|10|1300|16|CG0213828|-29|-39|CG0213829|-29|-41|CG0213830|-29|-41|CG0213829|-29|-41|CG0213830|-29|-41|CG0213829|-29|-41|CG0213830|-29|-41|CG0213829|-29|-41|CG0213830|-29|-41|CG0213830|-29|-41|CG0213831|-24|-41|CG0213831|-24|-41|CG0213832|-21|-40|CG0213833|-22|-39|CG0213834|-22|-31|CG0213835|-22|-27
499|4|0|6000|48|CG0213894|-48|-35|CG0213894|-48|-35|CG0213895|-48|-35|CG0213895|-48|-35|CG0213896|-48|-35|CG0213896|-48|-35|CG0213897|-48|-35|CG0213897|-48|-35|CG0213898|-48|-35|CG0213898|-48|-35|CG0213899|-48|-35|CG0213899|-48|-35|CG0213894|-48|-35|CG0213894|-48|-35|CG0213895|-48|-35|CG0213895|-48|-35|CG0213896|-48|-35|CG0213896|-48|-35|CG0213897|-48|-35|CG0213897|-48|-35|CG0213898|-48|-35|CG0213898|-48|-35|CG0213899|-48|-35|CG0213899|-48|-35|CG0213894|-48|-35|CG0213895|-48|-35|CG0213896|-48|-35|CG0213897|-48|-35|CG0213898|-48|-35|CG0213899|-48|-35|CG0213894|-48|-35|CG0213895|-48|-35|CG0213896|-48|-35|CG0213897|-48|-35|CG0213898|-48|-35|CG0213899|-48|-35|CG0213894|-48|-35|CG0213895|-48|-35|CG0213896|-48|-35|CG0213897|-48|-35|CG0213898|-48|-35|CG0213899|-48|-35|CG0213894|-48|-35|CG0213895|-48|-35|CG0213896|-48|-35|CG0213897|-48|-35|CG0213898|-48|-35|CG0213899|-48|-35
499|4|1|500|8|CG0213900|-49|-36|CG0213901|-51|-35|CG0213902|-51|-35|CG0213903|-50|-35|CG0213904|-49|-37|CG0213905|-49|-37|CG0213906|-46|-37|CG0213907|-46|-36
499|4|2|100|1|CG0214596|-82|-112
499|4|3|200|8|CG0213900|-49|-36|CG0213901|-51|-35|CG0213902|-51|-35|CG0213903|-50|-35|CG0213904|-49|-37|CG0213905|-49|-37|CG0213906|-46|-37|CG0213907|-46|-36
499|4|4|100|1|CG0214588|-48|-120
499|4|5|600|19|CG0213864|-42|-36|CG0213864|-42|-36|CG0213865|-42|-37|CG0213865|-42|-37|CG0213865|-42|-37|CG0213865|-42|-37|CG0213865|-42|-37|CG0213866|-43|-37|CG0213866|-43|-37|CG0213867|-43|-37|CG0213867|-43|-37|CG0213868|-43|-42|CG0213868|-43|-42|CG0213869|-43|-60|CG0213869|-43|-60|CG0213870|-43|-71|CG0213870|-43|-71|CG0213871|-43|-71|CG0213871|-43|-71
499|4|6|2000|19|CG0213883|-32|-34|CG0213886|-33|-35|CG0213883|-32|-34|CG0213886|-33|-35|CG0213883|-32|-34|CG0213886|-33|-35|CG0213883|-32|-34|CG0213886|-33|-35|CG0213883|-32|-34|CG0213886|-33|-35|CG0213887|-27|-46|CG0213888|-19|-62|CG0213889|-21|-76|CG0213890|-34|-86|CG0213891|-36|-87|CG0213892|-61|-84|CG0213893|-52|-49|CG0213884|-40|-35|CG0213885|-41|-36
499|4|7|986|7|CG0252963|-19|-74|CG0252964|-19|-72|CG0252965|-19|-71|CG0252951|-35|-72|CG0252952|-24|-57|CG0252952|-24|-57|CG0252953|-21|-66
499|4|8|1000|2|CG0213880|-44|-34|CG0213881|-44|-38
499|4|9|1000|1|CG0213882|-47|-50
499|4|10|1300|16|CG0213872|-42|-38|CG0213873|-42|-43|CG0213874|-42|-46|CG0213873|-42|-43|CG0213874|-42|-46|CG0213873|-42|-43|CG0213874|-42|-46|CG0213873|-42|-43|CG0213874|-42|-46|CG0213874|-42|-46|CG0213875|-35|-47|CG0213875|-35|-47|CG0213876|-28|-41|CG0213877|-25|-38|CG0213878|-28|-30|CG0213879|-29|-25
499|5|0|6000|48|CG0213938|-53|-35|CG0213938|-53|-35|CG0213939|-53|-35|CG0213939|-53|-35|CG0213940|-53|-35|CG0213940|-53|-35|CG0213941|-53|-35|CG0213941|-53|-35|CG0213942|-53|-35|CG0213942|-53|-35|CG0213943|-53|-36|CG0213943|-53|-36|CG0213938|-53|-35|CG0213938|-53|-35|CG0213939|-53|-35|CG0213939|-53|-35|CG0213940|-53|-35|CG0213940|-53|-35|CG0213941|-53|-35|CG0213941|-53|-35|CG0213942|-53|-35|CG0213942|-53|-35|CG0213943|-53|-36|CG0213943|-53|-36|CG0213938|-53|-35|CG0213939|-53|-35|CG0213940|-53|-35|CG0213941|-53|-35|CG0213942|-53|-35|CG0213943|-53|-36|CG0213938|-53|-35|CG0213939|-53|-35|CG0213940|-53|-35|CG0213941|-53|-35|CG0213942|-53|-35|CG0213943|-53|-36|CG0213938|-53|-35|CG0213939|-53|-35|CG0213940|-53|-35|CG0213941|-53|-35|CG0213942|-53|-35|CG0213943|-53|-36|CG0213938|-53|-35|CG0213939|-53|-35|CG0213940|-53|-35|CG0213941|-53|-35|CG0213942|-53|-35|CG0213943|-53|-36
499|5|1|500|8|CG0213944|-51|-36|CG0213945|-52|-36|CG0213946|-53|-36|CG0213947|-53|-36|CG0213948|-53|-36|CG0213949|-53|-36|CG0213950|-52|-36|CG0213951|-52|-36
499|5|2|100|1|CG0214645|-41|-110
499|5|3|200|8|CG0213944|-51|-36|CG0213945|-52|-36|CG0213946|-53|-36|CG0213947|-53|-36|CG0213948|-53|-36|CG0213949|-53|-36|CG0213950|-52|-36|CG0213951|-52|-36
499|5|4|100|1|CG0214637|-67|-114
499|5|5|600|19|CG0213908|-48|-37|CG0213908|-48|-37|CG0213909|-48|-37|CG0213909|-48|-37|CG0213909|-48|-37|CG0213909|-48|-37|CG0213909|-48|-37|CG0213910|-48|-35|CG0213910|-48|-35|CG0213911|-48|-34|CG0213911|-48|-34|CG0213912|-48|-36|CG0213912|-48|-36|CG0213913|-48|-51|CG0213913|-48|-51|CG0213914|-48|-62|CG0213914|-48|-62|CG0213915|-48|-62|CG0213915|-48|-62
499|5|6|2000|19|CG0213927|-35|-35|CG0213930|-36|-38|CG0213927|-35|-35|CG0213930|-36|-38|CG0213927|-35|-35|CG0213930|-36|-38|CG0213927|-35|-35|CG0213930|-36|-38|CG0213927|-35|-35|CG0213930|-36|-38|CG0213931|-30|-49|CG0213932|-19|-65|CG0213933|-25|-78|CG0213934|-38|-88|CG0213935|-40|-87|CG0213936|-68|-81|CG0213937|-57|-49|CG0213928|-46|-34|CG0213929|-45|-36
499|5|7|986|7|CG0252985|-23|-73|CG0252986|-21|-72|CG0252987|-19|-71|CG0252973|-17|-76|CG0252974|-10|-50|CG0252974|-10|-50|CG0252975|-26|-63
499|5|8|1000|2|CG0213924|-49|-34|CG0213925|-47|-39
499|5|9|1000|1|CG0213926|-46|-50
499|5|10|1300|16|CG0213916|-46|-41|CG0213917|-46|-47|CG0213918|-46|-49|CG0213917|-46|-47|CG0213918|-46|-49|CG0213917|-46|-47|CG0213918|-46|-49|CG0213917|-46|-47|CG0213918|-46|-49|CG0213918|-46|-49|CG0213919|-39|-50|CG0213919|-39|-50|CG0213920|-32|-45|CG0213921|-28|-42|CG0213922|-31|-34|CG0213923|-32|-23
499|6|0|6000|48|CG0213982|-48|-35|CG0213982|-48|-35|CG0213983|-48|-35|CG0213983|-48|-35|CG0213984|-48|-35|CG0213984|-48|-35|CG0213985|-48|-34|CG0213985|-48|-34|CG0213986|-48|-35|CG0213986|-48|-35|CG0213987|-48|-35|CG0213987|-48|-35|CG0213982|-48|-35|CG0213982|-48|-35|CG0213983|-48|-35|CG0213983|-48|-35|CG0213984|-48|-35|CG0213984|-48|-35|CG0213985|-48|-34|CG0213985|-48|-34|CG0213986|-48|-35|CG0213986|-48|-35|CG0213987|-48|-35|CG0213987|-48|-35|CG0213982|-48|-35|CG0213983|-48|-35|CG0213984|-48|-35|CG0213985|-48|-34|CG0213986|-48|-35|CG0213987|-48|-35|CG0213982|-48|-35|CG0213983|-48|-35|CG0213984|-48|-35|CG0213985|-48|-34|CG0213986|-48|-35|CG0213987|-48|-35|CG0213982|-48|-35|CG0213983|-48|-35|CG0213984|-48|-35|CG0213985|-48|-34|CG0213986|-48|-35|CG0213987|-48|-35|CG0213982|-48|-35|CG0213983|-48|-35|CG0213984|-48|-35|CG0213985|-48|-34|CG0213986|-48|-35|CG0213987|-48|-35
499|6|1|500|8|CG0213988|-44|-34|CG0213989|-52|-35|CG0213990|-53|-35|CG0213991|-49|-37|CG0213992|-46|-37|CG0213993|-40|-37|CG0213994|-40|-36|CG0213995|-42|-36
499|6|2|100|1|CG0214694|-28|-98
499|6|3|200|8|CG0213988|-44|-34|CG0213989|-52|-35|CG0213990|-53|-35|CG0213991|-49|-37|CG0213992|-46|-37|CG0213993|-40|-37|CG0213994|-40|-36|CG0213995|-42|-36
499|6|4|100|1|CG0214686|-73|-118
499|6|5|600|19|CG0213952|-43|-36|CG0213952|-43|-36|CG0213953|-44|-37|CG0213953|-44|-37|CG0213953|-44|-37|CG0213953|-44|-37|CG0213953|-44|-37|CG0213954|-44|-37|CG0213954|-44|-37|CG0213955|-44|-37|CG0213955|-44|-37|CG0213956|-44|-42|CG0213956|-44|-42|CG0213957|-57|-60|CG0213957|-57|-60|CG0213958|-68|-71|CG0213958|-68|-71|CG0213959|-68|-71|CG0213959|-68|-71
499|6|6|2000|19|CG0213971|-33|-34|CG0213974|-33|-35|CG0213971|-33|-34|CG0213974|-33|-35|CG0213971|-33|-34|CG0213974|-33|-35|CG0213971|-33|-34|CG0213974|-33|-35|CG0213971|-33|-34|CG0213974|-33|-35|CG0213975|-28|-46|CG0213976|-18|-62|CG0213977|-23|-76|CG0213978|-35|-86|CG0213979|-37|-87|CG0213980|-60|-84|CG0213981|-52|-49|CG0213972|-41|-35|CG0213973|-41|-35
499|6|7|986|7|CG0253007|-18|-74|CG0253008|-17|-73|CG0253009|-17|-73|CG0252995|-16|-77|CG0252996|-27|-48|CG0252996|-27|-48|CG0252997|-32|-63
499|6|8|1000|2|CG0213968|-44|-36|CG0213969|-41|-48
499|6|9|1000|1|CG0213970|-36|-50
499|6|10|1300|16|CG0213960|-42|-39|CG0213961|-42|-44|CG0213962|-42|-47|CG0213961|-42|-44|CG0213962|-42|-47|CG0213961|-42|-44|CG0213962|-42|-47|CG0213961|-42|-44|CG0213962|-42|-47|CG0213962|-42|-47|CG0213963|-36|-47|CG0213963|-36|-47|CG0213964|-29|-42|CG0213965|-26|-39|CG0213966|-29|-31|CG0213967|-29|-25
499|7|0|6000|48|CG0214026|-20|-38|CG0214026|-20|-38|CG0214027|-20|-38|CG0214027|-20|-38|CG0214028|-20|-37|CG0214028|-20|-37|CG0214029|-20|-37|CG0214029|-20|-37|CG0214030|-20|-37|CG0214030|-20|-37|CG0214031|-20|-38|CG0214031|-20|-38|CG0214026|-20|-38|CG0214026|-20|-38|CG0214027|-20|-38|CG0214027|-20|-38|CG0214028|-20|-37|CG0214028|-20|-37|CG0214029|-20|-37|CG0214029|-20|-37|CG0214030|-20|-37|CG0214030|-20|-37|CG0214031|-20|-38|CG0214031|-20|-38|CG0214026|-20|-38|CG0214027|-20|-38|CG0214028|-20|-37|CG0214029|-20|-37|CG0214030|-20|-37|CG0214031|-20|-38|CG0214026|-20|-38|CG0214027|-20|-38|CG0214028|-20|-37|CG0214029|-20|-37|CG0214030|-20|-37|CG0214031|-20|-38|CG0214026|-20|-38|CG0214027|-20|-38|CG0214028|-20|-37|CG0214029|-20|-37|CG0214030|-20|-37|CG0214031|-20|-38|CG0214026|-20|-38|CG0214027|-20|-38|CG0214028|-20|-37|CG0214029|-20|-37|CG0214030|-20|-37|CG0214031|-20|-38
499|7|1|500|8|CG0214032|-16|-39|CG0214033|-23|-40|CG0214034|-25|-40|CG0214035|-27|-39|CG0214036|-24|-37|CG0214037|-19|-38|CG0214038|-16|-38|CG0214039|-15|-39
499|7|2|100|1|CG0214743|-25|-81
499|7|3|200|8|CG0214032|-16|-39|CG0214033|-23|-40|CG0214034|-25|-40|CG0214035|-27|-39|CG0214036|-24|-37|CG0214037|-19|-38|CG0214038|-16|-38|CG0214039|-15|-39
499|7|4|100|1|CG0214735|-64|-111
499|7|5|600|19|CG0213996|-18|-38|CG0213996|-18|-38|CG0213997|-19|-38|CG0213997|-19|-38|CG0213997|-19|-38|CG0213997|-19|-38|CG0213997|-19|-38|CG0213998|-19|-38|CG0213998|-19|-38|CG0213999|-19|-41|CG0213999|-19|-41|CG0214000|-49|-57|CG0214000|-49|-57|CG0214001|-59|-81|CG0214001|-59|-81|CG0214002|-65|-93|CG0214002|-65|-93|CG0214003|-65|-93|CG0214003|-65|-93
499|7|6|2000|19|CG0214015|-17|-37|CG0214018|-19|-37|CG0214015|-17|-37|CG0214018|-19|-37|CG0214015|-17|-37|CG0214018|-19|-37|CG0214015|-17|-37|CG0214018|-19|-37|CG0214015|-17|-37|CG0214018|-19|-37|CG0214019|-17|-43|CG0214020|-17|-60|CG0214021|-17|-76|CG0214022|-17|-86|CG0214023|-20|-90|CG0214024|-26|-85|CG0214025|-22|-52|CG0214016|-18|-38|CG0214017|-17|-38
499|7|7|986|7|CG0253029|-18|-74|CG0253030|-18|-74|CG0253031|-18|-74|CG0253017|-21|-72|CG0253018|-41|-54|CG0253018|-41|-54|CG0253019|-24|-67
499|7|8|1000|2|CG0214012|-22|-37|CG0214013|-42|-52
499|7|9|1000|1|CG0214014|-28|-54
499|7|10|1300|16|CG0214004|-18|-39|CG0214005|-18|-41|CG0214006|-18|-41|CG0214005|-18|-41|CG0214006|-18|-41|CG0214005|-18|-41|CG0214006|-18|-41|CG0214005|-18|-41|CG0214006|-18|-41|CG0214006|-18|-41|CG0214007|-16|-41|CG0214007|-16|-41|CG0214008|-16|-41|CG0214009|-16|-40|CG0214010|-15|-32|CG0214011|-15|-26
