508|0|0|12000|48|CG0217087|-18|-49|CG0217088|-19|-48|CG0217089|-18|-51|CG0217088|-19|-48|CG0217087|-18|-49|CG0217090|-18|-46|CG0217091|-18|-48|CG0217090|-18|-46|CG0217087|-18|-49|CG0217088|-19|-48|CG0217089|-18|-51|CG0217088|-19|-48|CG0217087|-18|-49|CG0217090|-18|-46|CG0217091|-18|-48|CG0217091|-18|-48|CG0217091|-18|-48|CG0217091|-18|-48|CG0217091|-18|-48|CG0217090|-18|-46|CG0217087|-18|-49|CG0217088|-19|-48|CG0217089|-18|-51|CG0217088|-19|-48|CG0217087|-18|-49|CG0217090|-18|-46|CG0217091|-18|-48|CG0217090|-18|-46|CG0217087|-18|-49|CG0217088|-19|-48|CG0217089|-18|-51|CG0217088|-19|-48|CG0217087|-18|-49|CG0217090|-18|-46|CG0217091|-18|-48|CG0217090|-18|-46|CG0217087|-18|-49|CG0217088|-19|-48|CG0217089|-18|-51|CG0217089|-18|-51|CG0217089|-18|-51|CG0217089|-18|-51|CG0217089|-18|-51|CG0217088|-19|-48|CG0217087|-18|-49|CG0217090|-18|-46|CG0217091|-18|-48|CG0217090|-18|-46
508|0|1|1000|6|CG0217092|-11|-50|CG0217093|-10|-52|CG0217094|-12|-48|CG0217095|-13|-48|CG0217096|-14|-49|CG0217097|-12|-47
508|0|2|100|1|CG0221375|-29|-32
508|0|3|500|6|CG0217068|-20|-56|CG0217069|-20|-59|CG0217070|-20|-57|CG0217071|-20|-56|CG0217072|-20|-58|CG0217073|-20|-57
508|0|4|100|1|CG0221384|-25|-28
508|0|5|600|24|CG0217064|-34|-56|CG0217064|-34|-56|CG0217065|-31|-63|CG0217065|-31|-63|CG0217066|-36|-56|CG0217066|-36|-56|CG0217067|-38|-51|CG0217067|-38|-51|CG0217064|-34|-56|CG0217064|-34|-56|CG0217065|-31|-63|CG0217065|-31|-63|CG0217066|-36|-56|CG0217066|-36|-56|CG0217067|-38|-51|CG0217067|-38|-51|CG0217064|-34|-56|CG0217064|-34|-56|CG0217065|-31|-63|CG0217065|-31|-63|CG0217066|-36|-56|CG0217066|-36|-56|CG0217067|-38|-51|CG0217067|-38|-51
508|0|6|2000|13|CG0217087|-18|-49|CG0217088|-19|-48|CG0217089|-18|-51|CG0217088|-19|-48|CG0217087|-18|-49|CG0217090|-18|-46|CG0217091|-18|-48|CG0217090|-18|-46|CG0217087|-18|-49|CG0217083|-18|-51|CG0217084|-18|-57|CG0217085|-35|-65|CG0217086|-32|-50
508|0|7|986|7|CG0252875|-18|-73|CG0252876|-22|-73|CG0252877|-23|-73|CG0252863|-17|-64|CG0252864|-34|-63|CG0252864|-34|-63|CG0252865|-22|-71
508|0|8|1000|2|CG0217080|-29|-60|CG0217081|-27|-36
508|0|9|1000|1|CG0217082|-36|-57
508|0|10|1200|8|CG0217074|-21|-48|CG0217074|-21|-48|CG0217075|-24|-44|CG0217075|-24|-44|CG0217076|-35|-32|CG0217077|-35|-33|CG0217078|-35|-32|CG0217079|-35|-32
508|1|0|12000|48|CG0217121|-17|-48|CG0217122|-18|-46|CG0217123|-18|-50|CG0217122|-18|-46|CG0217121|-17|-48|CG0217124|-17|-47|CG0217125|-21|-50|CG0217124|-17|-47|CG0217121|-17|-48|CG0217122|-18|-46|CG0217123|-18|-50|CG0217122|-18|-46|CG0217121|-17|-48|CG0217124|-17|-47|CG0217125|-21|-50|CG0217125|-21|-50|CG0217125|-21|-50|CG0217125|-21|-50|CG0217125|-21|-50|CG0217124|-17|-47|CG0217121|-17|-48|CG0217122|-18|-46|CG0217123|-18|-50|CG0217122|-18|-46|CG0217121|-17|-48|CG0217124|-17|-47|CG0217125|-21|-50|CG0217124|-17|-47|CG0217121|-17|-48|CG0217122|-18|-46|CG0217123|-18|-50|CG0217122|-18|-46|CG0217121|-17|-48|CG0217124|-17|-47|CG0217125|-21|-50|CG0217124|-17|-47|CG0217121|-17|-48|CG0217122|-18|-46|CG0217123|-18|-50|CG0217123|-18|-50|CG0217123|-18|-50|CG0217123|-18|-50|CG0217123|-18|-50|CG0217122|-18|-46|CG0217121|-17|-48|CG0217124|-17|-47|CG0217125|-21|-50|CG0217124|-17|-47
508|1|1|1000|6|CG0217126|-16|-48|CG0217127|-16|-50|CG0217128|-16|-47|CG0217129|-16|-48|CG0217130|-18|-50|CG0217131|-16|-47
508|1|2|100|1|CG0221428|-20|-34
508|1|3|500|6|CG0217102|-27|-58|CG0217103|-27|-61|CG0217104|-26|-59|CG0217105|-26|-58|CG0217106|-26|-60|CG0217107|-26|-60
508|1|4|100|1|CG0221437|-20|-28
508|1|5|600|24|CG0217098|-35|-51|CG0217098|-35|-51|CG0217099|-36|-61|CG0217099|-36|-61|CG0217100|-31|-61|CG0217100|-31|-61|CG0217101|-36|-51|CG0217101|-36|-51|CG0217098|-35|-51|CG0217098|-35|-51|CG0217099|-36|-61|CG0217099|-36|-61|CG0217100|-31|-61|CG0217100|-31|-61|CG0217101|-36|-51|CG0217101|-36|-51|CG0217098|-35|-51|CG0217098|-35|-51|CG0217099|-36|-61|CG0217099|-36|-61|CG0217100|-31|-61|CG0217100|-31|-61|CG0217101|-36|-51|CG0217101|-36|-51
508|1|6|2000|13|CG0217121|-17|-48|CG0217122|-18|-46|CG0217123|-18|-50|CG0217122|-18|-46|CG0217121|-17|-48|CG0217124|-17|-47|CG0217125|-21|-50|CG0217124|-17|-47|CG0217121|-17|-48|CG0217117|-16|-50|CG0217118|-18|-57|CG0217119|-36|-68|CG0217120|-29|-51
508|1|7|986|7|CG0252897|-23|-72|CG0252898|-22|-72|CG0252899|-20|-72|CG0252885|-11|-60|CG0252886|-22|-70|CG0252886|-22|-70|CG0252887|-22|-73
508|1|8|1000|2|CG0217114|-20|-62|CG0217115|-33|-32
508|1|9|1000|1|CG0217116|-17|-60
508|1|10|1200|8|CG0217108|-16|-47|CG0217108|-16|-47|CG0217109|-22|-47|CG0217109|-22|-47|CG0217110|-30|-36|CG0217111|-30|-37|CG0217112|-30|-37|CG0217113|-30|-37
508|2|0|12000|48|CG0217155|-23|-48|CG0217156|-24|-46|CG0217157|-23|-48|CG0217156|-24|-46|CG0217155|-23|-48|CG0217158|-24|-48|CG0217159|-24|-52|CG0217158|-24|-48|CG0217155|-23|-48|CG0217156|-24|-46|CG0217157|-23|-48|CG0217156|-24|-46|CG0217155|-23|-48|CG0217158|-24|-48|CG0217159|-24|-52|CG0217159|-24|-52|CG0217159|-24|-52|CG0217159|-24|-52|CG0217159|-24|-52|CG0217158|-24|-48|CG0217155|-23|-48|CG0217156|-24|-46|CG0217157|-23|-48|CG0217156|-24|-46|CG0217155|-23|-48|CG0217158|-24|-48|CG0217159|-24|-52|CG0217158|-24|-48|CG0217155|-23|-48|CG0217156|-24|-46|CG0217157|-23|-48|CG0217156|-24|-46|CG0217155|-23|-48|CG0217158|-24|-48|CG0217159|-24|-52|CG0217158|-24|-48|CG0217155|-23|-48|CG0217156|-24|-46|CG0217157|-23|-48|CG0217157|-23|-48|CG0217157|-23|-48|CG0217157|-23|-48|CG0217157|-23|-48|CG0217156|-24|-46|CG0217155|-23|-48|CG0217158|-24|-48|CG0217159|-24|-52|CG0217158|-24|-48
508|2|1|1000|6|CG0217160|-21|-48|CG0217161|-21|-49|CG0217162|-21|-47|CG0217163|-21|-50|CG0217164|-23|-52|CG0217165|-22|-47
508|2|2|100|1|CG0221481|-14|-32
508|2|3|500|6|CG0217136|-27|-56|CG0217137|-27|-59|CG0217138|-26|-57|CG0217139|-27|-56|CG0217140|-27|-58|CG0217141|-27|-58
508|2|4|100|1|CG0221490|-25|-28
508|2|5|600|24|CG0217132|-39|-51|CG0217132|-39|-51|CG0217133|-35|-56|CG0217133|-35|-56|CG0217134|-32|-63|CG0217134|-32|-63|CG0217135|-37|-56|CG0217135|-37|-56|CG0217132|-39|-51|CG0217132|-39|-51|CG0217133|-35|-56|CG0217133|-35|-56|CG0217134|-32|-63|CG0217134|-32|-63|CG0217135|-37|-56|CG0217135|-37|-56|CG0217132|-39|-51|CG0217132|-39|-51|CG0217133|-35|-56|CG0217133|-35|-56|CG0217134|-32|-63|CG0217134|-32|-63|CG0217135|-37|-56|CG0217135|-37|-56
508|2|6|2000|13|CG0217155|-23|-48|CG0217156|-24|-46|CG0217157|-23|-48|CG0217156|-24|-46|CG0217155|-23|-48|CG0217158|-24|-48|CG0217159|-24|-52|CG0217158|-24|-48|CG0217155|-23|-48|CG0217151|-23|-51|CG0217152|-23|-57|CG0217153|-23|-63|CG0217154|-24|-49
508|2|7|986|7|CG0252919|-18|-72|CG0252920|-13|-72|CG0252921|-10|-71|CG0252907|-29|-60|CG0252908|-24|-70|CG0252908|-24|-70|CG0252909|-26|-71
508|2|8|1000|2|CG0217148|-25|-60|CG0217149|-42|-37
508|2|9|1000|1|CG0217150|-24|-57
508|2|10|1200|8|CG0217142|-22|-48|CG0217142|-22|-48|CG0217143|-17|-44|CG0217143|-17|-44|CG0217144|-17|-32|CG0217145|-17|-32|CG0217146|-19|-32|CG0217147|-17|-32
508|3|0|12000|48|CG0217189|-23|-53|CG0217190|-24|-49|CG0217191|-25|-51|CG0217190|-24|-49|CG0217189|-23|-53|CG0217192|-23|-52|CG0217193|-24|-57|CG0217192|-23|-52|CG0217189|-23|-53|CG0217190|-24|-49|CG0217191|-25|-51|CG0217190|-24|-49|CG0217189|-23|-53|CG0217192|-23|-52|CG0217193|-24|-57|CG0217193|-24|-57|CG0217193|-24|-57|CG0217193|-24|-57|CG0217193|-24|-57|CG0217192|-23|-52|CG0217189|-23|-53|CG0217190|-24|-49|CG0217191|-25|-51|CG0217190|-24|-49|CG0217189|-23|-53|CG0217192|-23|-52|CG0217193|-24|-57|CG0217192|-23|-52|CG0217189|-23|-53|CG0217190|-24|-49|CG0217191|-25|-51|CG0217190|-24|-49|CG0217189|-23|-53|CG0217192|-23|-52|CG0217193|-24|-57|CG0217192|-23|-52|CG0217189|-23|-53|CG0217190|-24|-49|CG0217191|-25|-51|CG0217191|-25|-51|CG0217191|-25|-51|CG0217191|-25|-51|CG0217191|-25|-51|CG0217190|-24|-49|CG0217189|-23|-53|CG0217192|-23|-52|CG0217193|-24|-57|CG0217192|-23|-52
508|3|1|1000|6|CG0217194|-26|-52|CG0217195|-25|-53|CG0217196|-26|-52|CG0217197|-26|-55|CG0217198|-25|-58|CG0217199|-26|-52
508|3|2|100|1|CG0221534|-13|-26
508|3|3|500|6|CG0217170|-31|-53|CG0217171|-30|-56|CG0217172|-30|-54|CG0217173|-31|-53|CG0217174|-29|-55|CG0217175|-30|-54
508|3|4|100|1|CG0221543|-20|-28
508|3|5|600|24|CG0217166|-36|-51|CG0217166|-36|-51|CG0217167|-34|-51|CG0217167|-34|-51|CG0217168|-36|-61|CG0217168|-36|-61|CG0217169|-32|-61|CG0217169|-32|-61|CG0217166|-36|-51|CG0217166|-36|-51|CG0217167|-34|-51|CG0217167|-34|-51|CG0217168|-36|-61|CG0217168|-36|-61|CG0217169|-32|-61|CG0217169|-32|-61|CG0217166|-36|-51|CG0217166|-36|-51|CG0217167|-34|-51|CG0217167|-34|-51|CG0217168|-36|-61|CG0217168|-36|-61|CG0217169|-32|-61|CG0217169|-32|-61
508|3|6|2000|13|CG0217189|-23|-53|CG0217190|-24|-49|CG0217191|-25|-51|CG0217190|-24|-49|CG0217189|-23|-53|CG0217192|-23|-52|CG0217193|-24|-57|CG0217192|-23|-52|CG0217189|-23|-53|CG0217185|-21|-54|CG0217186|-21|-59|CG0217187|-21|-62|CG0217188|-22|-45
508|3|7|986|7|CG0252941|-14|-72|CG0252942|-12|-72|CG0252943|-14|-71|CG0252929|-40|-65|CG0252930|-29|-66|CG0252930|-29|-66|CG0252931|-21|-69
508|3|8|1000|2|CG0217182|-23|-55|CG0217183|-47|-44
508|3|9|1000|1|CG0217184|-22|-54
508|3|10|1200|8|CG0217176|-22|-51|CG0217176|-22|-51|CG0217177|-16|-43|CG0217177|-16|-43|CG0217178|-15|-25|CG0217179|-25|-29|CG0217180|-31|-19|CG0217181|-35|-19
508|4|0|12000|48|CG0217223|-20|-58|CG0217224|-22|-55|CG0217225|-23|-56|CG0217224|-22|-55|CG0217223|-20|-58|CG0217226|-21|-57|CG0217227|-20|-60|CG0217226|-21|-57|CG0217223|-20|-58|CG0217224|-22|-55|CG0217225|-23|-56|CG0217224|-22|-55|CG0217223|-20|-58|CG0217226|-21|-57|CG0217227|-20|-60|CG0217227|-20|-60|CG0217227|-20|-60|CG0217227|-20|-60|CG0217227|-20|-60|CG0217226|-21|-57|CG0217223|-20|-58|CG0217224|-22|-55|CG0217225|-23|-56|CG0217224|-22|-55|CG0217223|-20|-58|CG0217226|-21|-57|CG0217227|-20|-60|CG0217226|-21|-57|CG0217223|-20|-58|CG0217224|-22|-55|CG0217225|-23|-56|CG0217224|-22|-55|CG0217223|-20|-58|CG0217226|-21|-57|CG0217227|-20|-60|CG0217226|-21|-57|CG0217223|-20|-58|CG0217224|-22|-55|CG0217225|-23|-56|CG0217225|-23|-56|CG0217225|-23|-56|CG0217225|-23|-56|CG0217225|-23|-56|CG0217224|-22|-55|CG0217223|-20|-58|CG0217226|-21|-57|CG0217227|-20|-60|CG0217226|-21|-57
508|4|1|1000|6|CG0217228|-21|-58|CG0217229|-23|-59|CG0217230|-20|-57|CG0217231|-19|-60|CG0217232|-18|-63|CG0217233|-20|-57
508|4|2|100|1|CG0221587|-12|-20
508|4|3|500|6|CG0217204|-26|-49|CG0217205|-26|-52|CG0217206|-25|-51|CG0217207|-26|-49|CG0217208|-26|-51|CG0217209|-26|-51
508|4|4|100|1|CG0221596|-25|-27
508|4|5|600|24|CG0217200|-37|-56|CG0217200|-37|-56|CG0217201|-39|-51|CG0217201|-39|-51|CG0217202|-35|-56|CG0217202|-35|-56|CG0217203|-32|-63|CG0217203|-32|-63|CG0217200|-37|-56|CG0217200|-37|-56|CG0217201|-39|-51|CG0217201|-39|-51|CG0217202|-35|-56|CG0217202|-35|-56|CG0217203|-32|-63|CG0217203|-32|-63|CG0217200|-37|-56|CG0217200|-37|-56|CG0217201|-39|-51|CG0217201|-39|-51|CG0217202|-35|-56|CG0217202|-35|-56|CG0217203|-32|-63|CG0217203|-32|-63
508|4|6|2000|13|CG0217223|-20|-58|CG0217224|-22|-55|CG0217225|-23|-56|CG0217224|-22|-55|CG0217223|-20|-58|CG0217226|-21|-57|CG0217227|-20|-60|CG0217226|-21|-57|CG0217223|-20|-58|CG0217219|-20|-58|CG0217220|-20|-60|CG0217221|-20|-54|CG0217222|-20|-40
508|4|7|986|7|CG0252963|-19|-74|CG0252964|-19|-72|CG0252965|-19|-71|CG0252951|-35|-72|CG0252952|-24|-57|CG0252952|-24|-57|CG0252953|-21|-66
508|4|8|1000|2|CG0217216|-21|-49|CG0217217|-41|-58
508|4|9|1000|1|CG0217218|-21|-49
508|4|10|1200|8|CG0217210|-20|-56|CG0217210|-20|-56|CG0217211|-15|-43|CG0217211|-15|-43|CG0217212|-18|-26|CG0217213|-30|-35|CG0217214|-30|-24|CG0217215|-41|-23
508|5|0|12000|48|CG0217257|-15|-60|CG0217258|-17|-57|CG0217259|-19|-59|CG0217258|-17|-57|CG0217257|-15|-60|CG0217260|-16|-57|CG0217261|-16|-59|CG0217260|-16|-57|CG0217257|-15|-60|CG0217258|-17|-57|CG0217259|-19|-59|CG0217258|-17|-57|CG0217257|-15|-60|CG0217260|-16|-57|CG0217261|-16|-59|CG0217261|-16|-59|CG0217261|-16|-59|CG0217261|-16|-59|CG0217261|-16|-59|CG0217260|-16|-57|CG0217257|-15|-60|CG0217258|-17|-57|CG0217259|-19|-59|CG0217258|-17|-57|CG0217257|-15|-60|CG0217260|-16|-57|CG0217261|-16|-59|CG0217260|-16|-57|CG0217257|-15|-60|CG0217258|-17|-57|CG0217259|-19|-59|CG0217258|-17|-57|CG0217257|-15|-60|CG0217260|-16|-57|CG0217261|-16|-59|CG0217260|-16|-57|CG0217257|-15|-60|CG0217258|-17|-57|CG0217259|-19|-59|CG0217259|-19|-59|CG0217259|-19|-59|CG0217259|-19|-59|CG0217259|-19|-59|CG0217258|-17|-57|CG0217257|-15|-60|CG0217260|-16|-57|CG0217261|-16|-59|CG0217260|-16|-57
508|5|1|1000|6|CG0217262|-16|-61|CG0217263|-18|-63|CG0217264|-15|-59|CG0217265|-15|-60|CG0217266|-15|-63|CG0217267|-15|-59
508|5|2|100|1|CG0221640|-20|-17
508|5|3|500|6|CG0217238|-25|-48|CG0217239|-25|-51|CG0217240|-26|-49|CG0217241|-25|-47|CG0217242|-25|-50|CG0217243|-25|-49
508|5|4|100|1|CG0221649|-20|-27
508|5|5|600|24|CG0217234|-31|-61|CG0217234|-31|-61|CG0217235|-35|-51|CG0217235|-35|-51|CG0217236|-34|-51|CG0217236|-34|-51|CG0217237|-35|-61|CG0217237|-35|-61|CG0217234|-31|-61|CG0217234|-31|-61|CG0217235|-35|-51|CG0217235|-35|-51|CG0217236|-34|-51|CG0217236|-34|-51|CG0217237|-35|-61|CG0217237|-35|-61|CG0217234|-31|-61|CG0217234|-31|-61|CG0217235|-35|-51|CG0217235|-35|-51|CG0217236|-34|-51|CG0217236|-34|-51|CG0217237|-35|-61|CG0217237|-35|-61
508|5|6|2000|13|CG0217257|-15|-60|CG0217258|-17|-57|CG0217259|-19|-59|CG0217258|-17|-57|CG0217257|-15|-60|CG0217260|-16|-57|CG0217261|-16|-59|CG0217260|-16|-57|CG0217257|-15|-60|CG0217253|-15|-58|CG0217254|-17|-59|CG0217255|-34|-56|CG0217256|-29|-38
508|5|7|986|7|CG0252985|-23|-73|CG0252986|-21|-72|CG0252987|-19|-71|CG0252973|-17|-76|CG0252974|-10|-50|CG0252974|-10|-50|CG0252975|-26|-63
508|5|8|1000|2|CG0217250|-16|-48|CG0217251|-25|-64
508|5|9|1000|1|CG0217252|-14|-48
508|5|10|1200|8|CG0217244|-18|-58|CG0217244|-18|-58|CG0217245|-24|-43|CG0217245|-24|-43|CG0217246|-32|-26|CG0217247|-31|-41|CG0217248|-32|-30|CG0217249|-32|-33
508|6|0|12000|48|CG0217291|-18|-58|CG0217292|-19|-57|CG0217293|-18|-59|CG0217292|-19|-57|CG0217291|-18|-58|CG0217294|-20|-55|CG0217295|-18|-56|CG0217294|-20|-55|CG0217291|-18|-58|CG0217292|-19|-57|CG0217293|-18|-59|CG0217292|-19|-57|CG0217291|-18|-58|CG0217294|-20|-55|CG0217295|-18|-56|CG0217295|-18|-56|CG0217295|-18|-56|CG0217295|-18|-56|CG0217295|-18|-56|CG0217294|-20|-55|CG0217291|-18|-58|CG0217292|-19|-57|CG0217293|-18|-59|CG0217292|-19|-57|CG0217291|-18|-58|CG0217294|-20|-55|CG0217295|-18|-56|CG0217294|-20|-55|CG0217291|-18|-58|CG0217292|-19|-57|CG0217293|-18|-59|CG0217292|-19|-57|CG0217291|-18|-58|CG0217294|-20|-55|CG0217295|-18|-56|CG0217294|-20|-55|CG0217291|-18|-58|CG0217292|-19|-57|CG0217293|-18|-59|CG0217293|-18|-59|CG0217293|-18|-59|CG0217293|-18|-59|CG0217293|-18|-59|CG0217292|-19|-57|CG0217291|-18|-58|CG0217294|-20|-55|CG0217295|-18|-56|CG0217294|-20|-55
508|6|1|1000|6|CG0217296|-14|-60|CG0217297|-15|-62|CG0217298|-13|-57|CG0217299|-12|-58|CG0217300|-10|-59|CG0217301|-13|-57
508|6|2|100|1|CG0221693|-28|-20
508|6|3|500|6|CG0217272|-22|-49|CG0217273|-23|-52|CG0217274|-22|-51|CG0217275|-22|-49|CG0217276|-22|-51|CG0217277|-22|-51
508|6|4|100|1|CG0221702|-26|-27
508|6|5|600|24|CG0217268|-32|-63|CG0217268|-32|-63|CG0217269|-36|-56|CG0217269|-36|-56|CG0217270|-38|-51|CG0217270|-38|-51|CG0217271|-34|-56|CG0217271|-34|-56|CG0217268|-32|-63|CG0217268|-32|-63|CG0217269|-36|-56|CG0217269|-36|-56|CG0217270|-38|-51|CG0217270|-38|-51|CG0217271|-34|-56|CG0217271|-34|-56|CG0217268|-32|-63|CG0217268|-32|-63|CG0217269|-36|-56|CG0217269|-36|-56|CG0217270|-38|-51|CG0217270|-38|-51|CG0217271|-34|-56|CG0217271|-34|-56
508|6|6|2000|13|CG0217291|-18|-58|CG0217292|-19|-57|CG0217293|-18|-59|CG0217292|-19|-57|CG0217291|-18|-58|CG0217294|-20|-55|CG0217295|-18|-56|CG0217294|-20|-55|CG0217291|-18|-58|CG0217287|-18|-57|CG0217288|-19|-60|CG0217289|-32|-56|CG0217290|-34|-40
508|6|7|986|7|CG0253007|-18|-74|CG0253008|-17|-73|CG0253009|-17|-73|CG0252995|-16|-77|CG0252996|-27|-48|CG0252996|-27|-48|CG0252997|-32|-63
508|6|8|1000|2|CG0217284|-27|-49|CG0217285|-24|-58
508|6|9|1000|1|CG0217286|-33|-49
508|6|10|1200|8|CG0217278|-22|-56|CG0217278|-22|-56|CG0217279|-27|-43|CG0217279|-27|-43|CG0217280|-37|-28|CG0217281|-37|-42|CG0217282|-37|-31|CG0217283|-37|-37
508|7|0|12000|48|CG0217325|-14|-53|CG0217326|-15|-53|CG0217327|-14|-55|CG0217326|-15|-53|CG0217325|-14|-53|CG0217328|-15|-50|CG0217329|-14|-50|CG0217328|-15|-50|CG0217325|-14|-53|CG0217326|-15|-53|CG0217327|-14|-55|CG0217326|-15|-53|CG0217325|-14|-53|CG0217328|-15|-50|CG0217329|-14|-50|CG0217329|-14|-50|CG0217329|-14|-50|CG0217329|-14|-50|CG0217329|-14|-50|CG0217328|-15|-50|CG0217325|-14|-53|CG0217326|-15|-53|CG0217327|-14|-55|CG0217326|-15|-53|CG0217325|-14|-53|CG0217328|-15|-50|CG0217329|-14|-50|CG0217328|-15|-50|CG0217325|-14|-53|CG0217326|-15|-53|CG0217327|-14|-55|CG0217326|-15|-53|CG0217325|-14|-53|CG0217328|-15|-50|CG0217329|-14|-50|CG0217328|-15|-50|CG0217325|-14|-53|CG0217326|-15|-53|CG0217327|-14|-55|CG0217327|-14|-55|CG0217327|-14|-55|CG0217327|-14|-55|CG0217327|-14|-55|CG0217326|-15|-53|CG0217325|-14|-53|CG0217328|-15|-50|CG0217329|-14|-50|CG0217328|-15|-50
508|7|1|1000|6|CG0217330|-11|-55|CG0217331|-11|-58|CG0217332|-11|-52|CG0217333|-11|-52|CG0217334|-11|-53|CG0217335|-11|-52
508|7|2|100|1|CG0221746|-31|-26
508|7|3|500|6|CG0217306|-25|-53|CG0217307|-25|-56|CG0217308|-25|-54|CG0217309|-25|-53|CG0217310|-25|-55|CG0217311|-25|-54
508|7|4|100|1|CG0221755|-20|-28
508|7|5|600|24|CG0217302|-35|-61|CG0217302|-35|-61|CG0217303|-31|-61|CG0217303|-31|-61|CG0217304|-35|-51|CG0217304|-35|-51|CG0217305|-34|-51|CG0217305|-34|-51|CG0217302|-35|-61|CG0217302|-35|-61|CG0217303|-31|-61|CG0217303|-31|-61|CG0217304|-35|-51|CG0217304|-35|-51|CG0217305|-34|-51|CG0217305|-34|-51|CG0217302|-35|-61|CG0217302|-35|-61|CG0217303|-31|-61|CG0217303|-31|-61|CG0217304|-35|-51|CG0217304|-35|-51|CG0217305|-34|-51|CG0217305|-34|-51
508|7|6|2000|13|CG0217325|-14|-53|CG0217326|-15|-53|CG0217327|-14|-55|CG0217326|-15|-53|CG0217325|-14|-53|CG0217328|-15|-50|CG0217329|-14|-50|CG0217328|-15|-50|CG0217325|-14|-53|CG0217321|-15|-54|CG0217322|-20|-58|CG0217323|-44|-65|CG0217324|-46|-45
508|7|7|986|7|CG0253029|-18|-74|CG0253030|-18|-74|CG0253031|-18|-74|CG0253017|-21|-72|CG0253018|-41|-54|CG0253018|-41|-54|CG0253019|-24|-67
508|7|8|1000|2|CG0217318|-30|-56|CG0217319|-13|-44
508|7|9|1000|1|CG0217320|-39|-54
508|7|10|1200|8|CG0217312|-14|-51|CG0217312|-14|-51|CG0217313|-31|-44|CG0217313|-31|-44|CG0217314|-46|-29|CG0217315|-46|-38|CG0217316|-46|-25|CG0217317|-46|-31
