503|0|0|2000|45|CG0215211|-72|-138|CG0215212|-72|-138|CG0215213|-72|-138|CG0215211|-72|-138|CG0215212|-72|-138|CG0215213|-72|-138|CG0215211|-72|-138|CG0215212|-72|-138|CG0215213|-72|-138|CG0215214|-72|-138|CG0215215|-72|-138|CG0215216|-72|-138|CG0215215|-72|-138|CG0215214|-72|-138|CG0215215|-72|-138|CG0215216|-72|-138|CG0215215|-72|-138|CG0215214|-72|-138|CG0215215|-72|-138|CG0215216|-72|-138|CG0215216|-72|-138|CG0215215|-72|-138|CG0215215|-72|-138|CG0215214|-72|-138|CG0215214|-72|-138|CG0215215|-72|-138|CG0215215|-72|-138|CG0215216|-72|-138|CG0215216|-72|-138|CG0215216|-72|-138|CG0215215|-72|-138|CG0215215|-72|-138|CG0215215|-72|-138|CG0215214|-72|-138|CG0215214|-72|-138|CG0215214|-72|-138|CG0215215|-72|-138|CG0215215|-72|-138|CG0215215|-72|-138|CG0215216|-72|-138|CG0215216|-72|-138|CG0215216|-72|-138|CG0215215|-72|-138|CG0215215|-72|-138|CG0215215|-72|-138
503|0|1|500|8|CG0215217|-75|-135|CG0215218|-73|-136|CG0215219|-69|-128|CG0215220|-67|-122|CG0215221|-67|-120|CG0215222|-71|-124|CG0215223|-73|-131|CG0215224|-73|-136
503|0|2|100|1|CG0215184|-42|-69
503|0|3|500|8|CG0215184|-42|-69|CG0215185|-32|-68|CG0215186|-31|-78|CG0215187|-28|-84|CG0215188|-31|-81|CG0215189|-32|-75|CG0215190|-36|-76|CG0215191|-40|-77
503|0|4|100|1|CG0215176|-71|-96
503|0|5|1200|22|CG0215183|-71|-102|CG0215183|-71|-102|CG0215176|-71|-96|CG0215176|-71|-96|CG0215177|-69|-81|CG0215177|-69|-81|CG0215178|-50|-90|CG0215178|-50|-90|CG0215179|-41|-95|CG0215179|-41|-95|CG0215180|-63|-126|CG0215180|-63|-126|CG0215181|-65|-95|CG0215181|-65|-95|CG0215181|-65|-95|CG0215181|-65|-95|CG0215181|-65|-95|CG0215181|-65|-95|CG0215182|-42|-100|CG0215182|-42|-100|CG0215183|-71|-102|CG0215183|-71|-102
503|0|6|2000|18|CG0215205|-88|-102|CG0215206|-88|-102|CG0215207|-82|-109|CG0215208|-83|-115|CG0215209|-84|-115|CG0215210|-91|-110|CG0215205|-88|-102|CG0215206|-88|-102|CG0215207|-82|-109|CG0215208|-83|-115|CG0215209|-84|-115|CG0215210|-91|-110|CG0215205|-88|-102|CG0215206|-88|-102|CG0215207|-82|-109|CG0215208|-83|-115|CG0215209|-84|-115|CG0215210|-91|-110
503|0|7|986|7|CG0252875|-18|-73|CG0252876|-22|-73|CG0252877|-23|-73|CG0252863|-17|-64|CG0252864|-34|-63|CG0252864|-34|-63|CG0252865|-22|-71
503|0|8|1000|2|CG0215202|-64|-110|CG0215203|-48|-125
503|0|9|1000|1|CG0215204|-48|-118
503|0|10|2000|12|CG0215192|-61|-108|CG0215194|-59|-106|CG0215195|-72|-105|CG0215196|-70|-99|CG0215197|-73|-103|CG0215198|-101|-69|CG0215199|-103|-67|CG0215200|-103|-63|CG0215200|-103|-63|CG0215201|-103|-63|CG0215201|-103|-63|CG0215193|-103|-63
503|1|0|2000|45|CG0215260|-52|-133|CG0215261|-52|-133|CG0215262|-52|-133|CG0215260|-52|-133|CG0215261|-52|-133|CG0215262|-52|-133|CG0215260|-52|-133|CG0215261|-52|-133|CG0215262|-52|-133|CG0215263|-52|-133|CG0215264|-52|-133|CG0215265|-52|-133|CG0215264|-52|-133|CG0215263|-52|-133|CG0215264|-52|-133|CG0215265|-52|-133|CG0215264|-52|-133|CG0215263|-52|-133|CG0215264|-52|-133|CG0215265|-52|-133|CG0215265|-52|-133|CG0215264|-52|-133|CG0215264|-52|-133|CG0215263|-52|-133|CG0215263|-52|-133|CG0215264|-52|-133|CG0215264|-52|-133|CG0215265|-52|-133|CG0215265|-52|-133|CG0215265|-52|-133|CG0215264|-52|-133|CG0215264|-52|-133|CG0215264|-52|-133|CG0215263|-52|-133|CG0215263|-52|-133|CG0215263|-52|-133|CG0215264|-52|-133|CG0215264|-52|-133|CG0215264|-52|-133|CG0215265|-52|-133|CG0215265|-52|-133|CG0215265|-52|-133|CG0215264|-52|-133|CG0215264|-52|-133|CG0215264|-52|-133
503|1|1|500|8|CG0215266|-53|-129|CG0215267|-55|-130|CG0215268|-56|-123|CG0215269|-57|-116|CG0215270|-56|-114|CG0215271|-53|-120|CG0215272|-51|-129|CG0215273|-52|-133
503|1|2|100|1|CG0215233|-79|-68
503|1|3|500|8|CG0215233|-79|-68|CG0215234|-81|-64|CG0215235|-80|-71|CG0215236|-69|-72|CG0215237|-73|-69|CG0215238|-79|-64|CG0215239|-86|-69|CG0215240|-94|-72
503|1|4|100|1|CG0215225|-49|-94
503|1|5|1200|22|CG0215232|-37|-107|CG0215232|-37|-107|CG0215225|-49|-94|CG0215225|-49|-94|CG0215226|-53|-98|CG0215226|-53|-98|CG0215227|-37|-101|CG0215227|-37|-101|CG0215228|-40|-99|CG0215228|-40|-99|CG0215229|-61|-111|CG0215229|-61|-111|CG0215230|-91|-103|CG0215230|-91|-103|CG0215230|-91|-103|CG0215230|-91|-103|CG0215230|-91|-103|CG0215230|-91|-103|CG0215231|-59|-106|CG0215231|-59|-106|CG0215232|-37|-107|CG0215232|-37|-107
503|1|6|2000|18|CG0215254|-64|-106|CG0215255|-66|-106|CG0215256|-66|-106|CG0215257|-65|-106|CG0215258|-62|-111|CG0215259|-64|-107|CG0215254|-64|-106|CG0215255|-66|-106|CG0215256|-66|-106|CG0215257|-65|-106|CG0215258|-62|-111|CG0215259|-64|-107|CG0215254|-64|-106|CG0215255|-66|-106|CG0215256|-66|-106|CG0215257|-65|-106|CG0215258|-62|-111|CG0215259|-64|-107
503|1|7|986|7|CG0252897|-23|-72|CG0252898|-22|-72|CG0252899|-20|-72|CG0252885|-11|-60|CG0252886|-22|-70|CG0252886|-22|-70|CG0252887|-22|-73
503|1|8|1000|2|CG0215251|-57|-109|CG0215252|-64|-110
503|1|9|1000|1|CG0215253|-45|-108
503|1|10|2000|12|CG0215241|-57|-111|CG0215243|-54|-113|CG0215244|-54|-109|CG0215245|-66|-105|CG0215246|-81|-113|CG0215247|-76|-80|CG0215248|-73|-78|CG0215249|-74|-76|CG0215249|-74|-76|CG0215250|-74|-76|CG0215250|-74|-76|CG0215242|-74|-76
503|2|0|2000|45|CG0215309|-48|-121|CG0215310|-48|-121|CG0215311|-48|-121|CG0215309|-48|-121|CG0215310|-48|-121|CG0215311|-48|-121|CG0215309|-48|-121|CG0215310|-48|-121|CG0215311|-48|-121|CG0215312|-48|-121|CG0215313|-48|-121|CG0215314|-48|-121|CG0215313|-48|-121|CG0215312|-48|-121|CG0215313|-48|-121|CG0215314|-48|-121|CG0215313|-48|-121|CG0215312|-48|-121|CG0215313|-48|-121|CG0215314|-48|-121|CG0215314|-48|-121|CG0215313|-48|-121|CG0215313|-48|-121|CG0215312|-48|-121|CG0215312|-48|-121|CG0215313|-48|-121|CG0215313|-48|-121|CG0215314|-48|-121|CG0215314|-48|-121|CG0215314|-48|-121|CG0215313|-48|-121|CG0215313|-48|-121|CG0215313|-48|-121|CG0215312|-48|-121|CG0215312|-48|-121|CG0215312|-48|-121|CG0215313|-48|-121|CG0215313|-48|-121|CG0215313|-48|-121|CG0215314|-48|-121|CG0215314|-48|-121|CG0215314|-48|-121|CG0215313|-48|-121|CG0215313|-48|-121|CG0215313|-48|-121
503|2|1|500|8|CG0215315|-32|-117|CG0215316|-35|-114|CG0215317|-41|-109|CG0215318|-40|-109|CG0215319|-36|-108|CG0215320|-27|-110|CG0215321|-29|-115|CG0215322|-33|-121
503|2|2|100|1|CG0215282|-100|-78
503|2|3|500|8|CG0215282|-100|-78|CG0215283|-102|-73|CG0215284|-103|-77|CG0215285|-103|-74|CG0215286|-98|-74|CG0215287|-98|-70|CG0215288|-106|-78|CG0215289|-109|-84
503|2|4|100|1|CG0215274|-48|-104
503|2|5|1200|22|CG0215281|-48|-110|CG0215281|-48|-110|CG0215274|-48|-104|CG0215274|-48|-104|CG0215275|-67|-103|CG0215275|-67|-103|CG0215276|-76|-103|CG0215276|-76|-103|CG0215277|-81|-98|CG0215277|-81|-98|CG0215278|-48|-104|CG0215278|-48|-104|CG0215279|-87|-110|CG0215279|-87|-110|CG0215279|-87|-110|CG0215279|-87|-110|CG0215279|-87|-110|CG0215279|-87|-110|CG0215280|-59|-121|CG0215280|-59|-121|CG0215281|-48|-110|CG0215281|-48|-110
503|2|6|2000|18|CG0215303|-48|-113|CG0215304|-48|-113|CG0215305|-48|-113|CG0215306|-48|-118|CG0215307|-48|-117|CG0215308|-48|-113|CG0215303|-48|-113|CG0215304|-48|-113|CG0215305|-48|-113|CG0215306|-48|-118|CG0215307|-48|-117|CG0215308|-48|-113|CG0215303|-48|-113|CG0215304|-48|-113|CG0215305|-48|-113|CG0215306|-48|-118|CG0215307|-48|-117|CG0215308|-48|-113
503|2|7|986|7|CG0252919|-18|-72|CG0252920|-13|-72|CG0252921|-10|-71|CG0252907|-29|-60|CG0252908|-24|-70|CG0252908|-24|-70|CG0252909|-26|-71
503|2|8|1000|2|CG0215300|-49|-115|CG0215301|-57|-105
503|2|9|1000|1|CG0215302|-48|-116
503|2|10|2000|12|CG0215290|-50|-115|CG0215292|-50|-116|CG0215293|-51|-112|CG0215294|-48|-106|CG0215295|-58|-113|CG0215296|-44|-75|CG0215297|-38|-71|CG0215298|-39|-66|CG0215298|-39|-66|CG0215299|-39|-66|CG0215299|-39|-66|CG0215291|-39|-66
503|3|0|2000|45|CG0215358|-33|-116|CG0215359|-33|-116|CG0215360|-33|-116|CG0215358|-33|-116|CG0215359|-33|-116|CG0215360|-33|-116|CG0215358|-33|-116|CG0215359|-33|-116|CG0215360|-33|-116|CG0215361|-33|-116|CG0215362|-33|-116|CG0215363|-33|-116|CG0215362|-33|-116|CG0215361|-33|-116|CG0215362|-33|-116|CG0215363|-33|-116|CG0215362|-33|-116|CG0215361|-33|-116|CG0215362|-33|-116|CG0215363|-33|-116|CG0215363|-33|-116|CG0215362|-33|-116|CG0215362|-33|-116|CG0215361|-33|-116|CG0215361|-33|-116|CG0215362|-33|-116|CG0215362|-33|-116|CG0215363|-33|-116|CG0215363|-33|-116|CG0215363|-33|-116|CG0215362|-33|-116|CG0215362|-33|-116|CG0215362|-33|-116|CG0215361|-33|-116|CG0215361|-33|-116|CG0215361|-33|-116|CG0215362|-33|-116|CG0215362|-33|-116|CG0215362|-33|-116|CG0215363|-33|-116|CG0215363|-33|-116|CG0215363|-33|-116|CG0215362|-33|-116|CG0215362|-33|-116|CG0215362|-33|-116
503|3|1|500|8|CG0215364|-29|-116|CG0215365|-26|-117|CG0215366|-28|-115|CG0215367|-30|-115|CG0215368|-30|-115|CG0215369|-29|-116|CG0215370|-30|-116|CG0215371|-30|-116
503|3|2|100|1|CG0215331|-95|-100
503|3|3|500|8|CG0215331|-95|-100|CG0215332|-86|-95|CG0215333|-81|-99|CG0215334|-80|-95|CG0215335|-78|-94|CG0215336|-85|-92|CG0215337|-89|-101|CG0215338|-96|-106
503|3|4|100|1|CG0215323|-36|-115
503|3|5|1200|22|CG0215330|-33|-109|CG0215330|-33|-109|CG0215323|-36|-115|CG0215323|-36|-115|CG0215324|-67|-98|CG0215324|-67|-98|CG0215325|-114|-97|CG0215325|-114|-97|CG0215326|-119|-101|CG0215326|-119|-101|CG0215327|-45|-110|CG0215327|-45|-110|CG0215328|-51|-112|CG0215328|-51|-112|CG0215328|-51|-112|CG0215328|-51|-112|CG0215328|-51|-112|CG0215328|-51|-112|CG0215329|-42|-133|CG0215329|-42|-133|CG0215330|-33|-109|CG0215330|-33|-109
503|3|6|2000|18|CG0215352|-33|-120|CG0215353|-33|-120|CG0215354|-34|-120|CG0215355|-33|-120|CG0215356|-33|-119|CG0215357|-33|-119|CG0215352|-33|-120|CG0215353|-33|-120|CG0215354|-34|-120|CG0215355|-33|-120|CG0215356|-33|-119|CG0215357|-33|-119|CG0215352|-33|-120|CG0215353|-33|-120|CG0215354|-34|-120|CG0215355|-33|-120|CG0215356|-33|-119|CG0215357|-33|-119
503|3|7|986|7|CG0252941|-14|-72|CG0252942|-12|-72|CG0252943|-14|-71|CG0252929|-40|-65|CG0252930|-29|-66|CG0252930|-29|-66|CG0252931|-21|-69
503|3|8|1000|2|CG0215349|-50|-122|CG0215350|-84|-112
503|3|9|1000|1|CG0215351|-40|-118
503|3|10|2000|12|CG0215339|-36|-112|CG0215341|-36|-110|CG0215342|-36|-100|CG0215343|-45|-91|CG0215344|-60|-95|CG0215345|-49|-64|CG0215346|-32|-57|CG0215347|-41|-58|CG0215347|-41|-58|CG0215348|-57|-58|CG0215348|-57|-58|CG0215340|-68|-58
503|4|0|2000|45|CG0215407|-48|-116|CG0215408|-48|-116|CG0215409|-48|-116|CG0215407|-48|-116|CG0215408|-48|-116|CG0215409|-48|-116|CG0215407|-48|-116|CG0215408|-48|-116|CG0215409|-48|-116|CG0215410|-48|-116|CG0215411|-48|-116|CG0215412|-48|-116|CG0215411|-48|-116|CG0215410|-48|-116|CG0215411|-48|-116|CG0215412|-48|-116|CG0215411|-48|-116|CG0215410|-48|-116|CG0215411|-48|-116|CG0215412|-48|-116|CG0215412|-48|-116|CG0215411|-48|-116|CG0215411|-48|-116|CG0215410|-48|-116|CG0215410|-48|-116|CG0215411|-48|-116|CG0215411|-48|-116|CG0215412|-48|-116|CG0215412|-48|-116|CG0215412|-48|-116|CG0215411|-48|-116|CG0215411|-48|-116|CG0215411|-48|-116|CG0215410|-48|-116|CG0215410|-48|-116|CG0215410|-48|-116|CG0215411|-48|-116|CG0215411|-48|-116|CG0215411|-48|-116|CG0215412|-48|-116|CG0215412|-48|-116|CG0215412|-48|-116|CG0215411|-48|-116|CG0215411|-48|-116|CG0215411|-48|-116
503|4|1|500|8|CG0215413|-40|-115|CG0215414|-40|-115|CG0215415|-42|-115|CG0215416|-42|-116|CG0215417|-42|-115|CG0215418|-41|-115|CG0215419|-41|-115|CG0215420|-41|-116
503|4|2|100|1|CG0215380|-82|-112
503|4|3|500|8|CG0215380|-82|-112|CG0215381|-85|-109|CG0215382|-86|-115|CG0215383|-89|-114|CG0215384|-88|-111|CG0215385|-87|-108|CG0215386|-90|-116|CG0215387|-92|-119
503|4|4|100|1|CG0215372|-48|-120
503|4|5|1200|22|CG0215379|-48|-103|CG0215379|-48|-103|CG0215372|-48|-120|CG0215372|-48|-120|CG0215373|-62|-111|CG0215373|-62|-111|CG0215374|-93|-112|CG0215374|-93|-112|CG0215375|-94|-114|CG0215375|-94|-114|CG0215376|-65|-125|CG0215376|-65|-125|CG0215377|-48|-105|CG0215377|-48|-105|CG0215377|-48|-105|CG0215377|-48|-105|CG0215377|-48|-105|CG0215377|-48|-105|CG0215378|-48|-132|CG0215378|-48|-132|CG0215379|-48|-103|CG0215379|-48|-103
503|4|6|2000|18|CG0215401|-48|-120|CG0215402|-48|-120|CG0215403|-48|-120|CG0215404|-48|-120|CG0215405|-48|-119|CG0215406|-48|-119|CG0215401|-48|-120|CG0215402|-48|-120|CG0215403|-48|-120|CG0215404|-48|-120|CG0215405|-48|-119|CG0215406|-48|-119|CG0215401|-48|-120|CG0215402|-48|-120|CG0215403|-48|-120|CG0215404|-48|-120|CG0215405|-48|-119|CG0215406|-48|-119
503|4|7|986|7|CG0252963|-19|-74|CG0252964|-19|-72|CG0252965|-19|-71|CG0252951|-35|-72|CG0252952|-24|-57|CG0252952|-24|-57|CG0252953|-21|-66
503|4|8|1000|2|CG0215398|-48|-123|CG0215399|-66|-120
503|4|9|1000|1|CG0215400|-48|-113
503|4|10|2000|12|CG0215388|-49|-102|CG0215390|-50|-97|CG0215391|-50|-80|CG0215392|-58|-67|CG0215393|-75|-66|CG0215394|-64|-53|CG0215395|-45|-50|CG0215396|-55|-50|CG0215396|-55|-50|CG0215397|-73|-50|CG0215397|-73|-50|CG0215389|-83|-50
503|5|0|2000|45|CG0215456|-53|-110|CG0215457|-53|-110|CG0215458|-53|-110|CG0215456|-53|-110|CG0215457|-53|-110|CG0215458|-53|-110|CG0215456|-53|-110|CG0215457|-53|-110|CG0215458|-53|-110|CG0215459|-53|-111|CG0215460|-53|-110|CG0215461|-53|-110|CG0215460|-53|-110|CG0215459|-53|-111|CG0215460|-53|-110|CG0215461|-53|-110|CG0215460|-53|-110|CG0215459|-53|-111|CG0215460|-53|-110|CG0215461|-53|-110|CG0215461|-53|-110|CG0215460|-53|-110|CG0215460|-53|-110|CG0215459|-53|-111|CG0215459|-53|-111|CG0215460|-53|-110|CG0215460|-53|-110|CG0215461|-53|-110|CG0215461|-53|-110|CG0215461|-53|-110|CG0215460|-53|-110|CG0215460|-53|-110|CG0215460|-53|-110|CG0215459|-53|-111|CG0215459|-53|-111|CG0215459|-53|-111|CG0215460|-53|-110|CG0215460|-53|-110|CG0215460|-53|-110|CG0215461|-53|-110|CG0215461|-53|-110|CG0215461|-53|-110|CG0215460|-53|-110|CG0215460|-53|-110|CG0215460|-53|-110
503|5|1|500|8|CG0215462|-55|-108|CG0215463|-55|-108|CG0215464|-55|-109|CG0215465|-55|-110|CG0215466|-55|-110|CG0215467|-50|-109|CG0215468|-47|-108|CG0215469|-46|-109
503|5|2|100|1|CG0215429|-41|-110
503|5|3|500|8|CG0215429|-41|-110|CG0215430|-48|-109|CG0215431|-55|-118|CG0215432|-65|-121|CG0215433|-57|-117|CG0215434|-51|-113|CG0215435|-52|-118|CG0215436|-52|-118
503|5|4|100|1|CG0215421|-67|-114
503|5|5|1200|22|CG0215428|-70|-100|CG0215428|-70|-100|CG0215421|-67|-114|CG0215421|-67|-114|CG0215422|-59|-109|CG0215422|-59|-109|CG0215423|-43|-111|CG0215423|-43|-111|CG0215424|-39|-114|CG0215424|-39|-114|CG0215425|-62|-139|CG0215425|-62|-139|CG0215426|-40|-98|CG0215426|-40|-98|CG0215426|-40|-98|CG0215426|-40|-98|CG0215426|-40|-98|CG0215426|-40|-98|CG0215427|-56|-120|CG0215427|-56|-120|CG0215428|-70|-100|CG0215428|-70|-100
503|5|6|2000|18|CG0215450|-61|-114|CG0215451|-63|-114|CG0215452|-63|-114|CG0215453|-59|-114|CG0215454|-61|-113|CG0215455|-63|-113|CG0215450|-61|-114|CG0215451|-63|-114|CG0215452|-63|-114|CG0215453|-59|-114|CG0215454|-61|-113|CG0215455|-63|-113|CG0215450|-61|-114|CG0215451|-63|-114|CG0215452|-63|-114|CG0215453|-59|-114|CG0215454|-61|-113|CG0215455|-63|-113
503|5|7|986|7|CG0252985|-23|-73|CG0252986|-21|-72|CG0252987|-19|-71|CG0252973|-17|-76|CG0252974|-10|-50|CG0252974|-10|-50|CG0252975|-26|-63
503|5|8|1000|2|CG0215447|-38|-131|CG0215448|-61|-121
503|5|9|1000|1|CG0215449|-53|-119
503|5|10|2000|12|CG0215437|-49|-101|CG0215439|-44|-85|CG0215440|-43|-73|CG0215441|-66|-71|CG0215442|-74|-78|CG0215443|-67|-56|CG0215444|-71|-35|CG0215445|-70|-36|CG0215445|-70|-36|CG0215446|-70|-36|CG0215446|-70|-36|CG0215438|-70|-36
503|6|0|2000|45|CG0215505|-55|-120|CG0215506|-55|-120|CG0215507|-55|-120|CG0215505|-55|-120|CG0215506|-55|-120|CG0215507|-55|-120|CG0215505|-55|-120|CG0215506|-55|-120|CG0215507|-55|-120|CG0215508|-55|-120|CG0215509|-55|-120|CG0215510|-55|-120|CG0215509|-55|-120|CG0215508|-55|-120|CG0215509|-55|-120|CG0215510|-55|-120|CG0215509|-55|-120|CG0215508|-55|-120|CG0215509|-55|-120|CG0215510|-55|-120|CG0215510|-55|-120|CG0215509|-55|-120|CG0215509|-55|-120|CG0215508|-55|-120|CG0215508|-55|-120|CG0215509|-55|-120|CG0215509|-55|-120|CG0215510|-55|-120|CG0215510|-55|-120|CG0215510|-55|-120|CG0215509|-55|-120|CG0215509|-55|-120|CG0215509|-55|-120|CG0215508|-55|-120|CG0215508|-55|-120|CG0215508|-55|-120|CG0215509|-55|-120|CG0215509|-55|-120|CG0215509|-55|-120|CG0215510|-55|-120|CG0215510|-55|-120|CG0215510|-55|-120|CG0215509|-55|-120|CG0215509|-55|-120|CG0215509|-55|-120
503|6|1|500|8|CG0215511|-60|-116|CG0215512|-65|-113|CG0215513|-68|-106|CG0215514|-72|-106|CG0215515|-73|-105|CG0215516|-67|-106|CG0215517|-62|-108|CG0215518|-58|-114
503|6|2|100|1|CG0215478|-28|-98
503|6|3|500|8|CG0215478|-28|-98|CG0215479|-29|-95|CG0215480|-32|-107|CG0215481|-39|-115|CG0215482|-36|-111|CG0215483|-32|-105|CG0215484|-29|-105|CG0215485|-27|-104
503|6|4|100|1|CG0215470|-73|-118
503|6|5|1200|22|CG0215477|-74|-106|CG0215477|-74|-106|CG0215470|-73|-118|CG0215470|-73|-118|CG0215471|-43|-98|CG0215471|-43|-98|CG0215472|-43|-96|CG0215472|-43|-96|CG0215473|-42|-101|CG0215473|-42|-101|CG0215474|-42|-140|CG0215474|-42|-140|CG0215475|-86|-103|CG0215475|-86|-103|CG0215475|-86|-103|CG0215475|-86|-103|CG0215475|-86|-103|CG0215475|-86|-103|CG0215476|-81|-110|CG0215476|-81|-110|CG0215477|-74|-106|CG0215477|-74|-106
503|6|6|2000|18|CG0215499|-83|-119|CG0215500|-82|-117|CG0215501|-78|-115|CG0215502|-75|-116|CG0215503|-80|-118|CG0215504|-86|-119|CG0215499|-83|-119|CG0215500|-82|-117|CG0215501|-78|-115|CG0215502|-75|-116|CG0215503|-80|-118|CG0215504|-86|-119|CG0215499|-83|-119|CG0215500|-82|-117|CG0215501|-78|-115|CG0215502|-75|-116|CG0215503|-80|-118|CG0215504|-86|-119
503|6|7|986|7|CG0253007|-18|-74|CG0253008|-17|-73|CG0253009|-17|-73|CG0252995|-16|-77|CG0252996|-27|-48|CG0252996|-27|-48|CG0252997|-32|-63
503|6|8|1000|2|CG0215496|-37|-132|CG0215497|-41|-133
503|6|9|1000|1|CG0215498|-51|-127
503|6|10|2000|12|CG0215486|-73|-108|CG0215488|-72|-93|CG0215489|-74|-79|CG0215490|-67|-78|CG0215491|-64|-85|CG0215492|-91|-63|CG0215493|-95|-49|CG0215494|-95|-50|CG0215494|-95|-50|CG0215495|-96|-50|CG0215495|-96|-50|CG0215487|-96|-50
503|7|0|2000|45|CG0215554|-61|-133|CG0215555|-61|-133|CG0215556|-61|-133|CG0215554|-61|-133|CG0215555|-61|-133|CG0215556|-61|-133|CG0215554|-61|-133|CG0215555|-61|-133|CG0215556|-61|-133|CG0215557|-61|-133|CG0215558|-61|-133|CG0215559|-61|-133|CG0215558|-61|-133|CG0215557|-61|-133|CG0215558|-61|-133|CG0215559|-61|-133|CG0215558|-61|-133|CG0215557|-61|-133|CG0215558|-61|-133|CG0215559|-61|-133|CG0215559|-61|-133|CG0215558|-61|-133|CG0215558|-61|-133|CG0215557|-61|-133|CG0215557|-61|-133|CG0215558|-61|-133|CG0215558|-61|-133|CG0215559|-61|-133|CG0215559|-61|-133|CG0215559|-61|-133|CG0215558|-61|-133|CG0215558|-61|-133|CG0215558|-61|-133|CG0215557|-61|-133|CG0215557|-61|-133|CG0215557|-61|-133|CG0215558|-61|-133|CG0215558|-61|-133|CG0215558|-61|-133|CG0215559|-61|-133|CG0215559|-61|-133|CG0215559|-61|-133|CG0215558|-61|-133|CG0215558|-61|-133|CG0215558|-61|-133
503|7|1|500|8|CG0215560|-67|-130|CG0215561|-63|-130|CG0215562|-55|-119|CG0215563|-58|-113|CG0215564|-59|-110|CG0215565|-60|-117|CG0215566|-56|-123|CG0215567|-54|-128
503|7|2|100|1|CG0215527|-25|-81
503|7|3|500|8|CG0215527|-25|-81|CG0215528|-20|-82|CG0215529|-20|-93|CG0215530|-25|-100|CG0215531|-23|-96|CG0215532|-20|-90|CG0215533|-20|-91|CG0215534|-24|-90
503|7|4|100|1|CG0215519|-64|-111
503|7|5|1200|22|CG0215526|-99|-103|CG0215526|-99|-103|CG0215519|-64|-111|CG0215519|-64|-111|CG0215520|-54|-80|CG0215520|-54|-80|CG0215521|-47|-77|CG0215521|-47|-77|CG0215522|-41|-88|CG0215522|-41|-88|CG0215523|-47|-140|CG0215523|-47|-140|CG0215524|-94|-102|CG0215524|-94|-102|CG0215524|-94|-102|CG0215524|-94|-102|CG0215524|-94|-102|CG0215524|-94|-102|CG0215525|-64|-104|CG0215525|-64|-104|CG0215526|-99|-103|CG0215526|-99|-103
503|7|6|2000|18|CG0215548|-76|-113|CG0215549|-69|-111|CG0215550|-61|-109|CG0215551|-66|-110|CG0215552|-67|-113|CG0215553|-78|-113|CG0215548|-76|-113|CG0215549|-69|-111|CG0215550|-61|-109|CG0215551|-66|-110|CG0215552|-67|-113|CG0215553|-78|-113|CG0215548|-76|-113|CG0215549|-69|-111|CG0215550|-61|-109|CG0215551|-66|-110|CG0215552|-67|-113|CG0215553|-78|-113
503|7|7|986|7|CG0253029|-18|-74|CG0253030|-18|-74|CG0253031|-18|-74|CG0253017|-21|-72|CG0253018|-41|-54|CG0253018|-41|-54|CG0253019|-24|-67
503|7|8|1000|2|CG0215545|-38|-124|CG0215546|-18|-134
503|7|9|1000|1|CG0215547|-25|-126
503|7|10|2000|12|CG0215535|-69|-112|CG0215537|-71|-103|CG0215538|-74|-94|CG0215539|-68|-85|CG0215540|-79|-85|CG0215541|-123|-67|CG0215542|-124|-57|CG0215543|-125|-58|CG0215543|-125|-58|CG0215544|-125|-58|CG0215544|-125|-58|CG0215536|-125|-58
