501|0|0|2000|45|CG0214427|-72|-138|CG0214428|-72|-138|CG0214429|-72|-138|CG0214427|-72|-138|CG0214428|-72|-138|CG0214429|-72|-138|CG0214427|-72|-138|CG0214428|-72|-138|CG0214429|-72|-138|CG0214430|-72|-138|CG0214431|-72|-138|CG0214432|-72|-138|CG0214431|-72|-138|CG0214430|-72|-138|CG0214431|-72|-138|CG0214432|-72|-138|CG0214431|-72|-138|CG0214430|-72|-138|CG0214431|-72|-138|CG0214432|-72|-138|CG0214432|-72|-138|CG0214431|-72|-138|CG0214431|-72|-138|CG0214430|-72|-138|CG0214430|-72|-138|CG0214431|-72|-138|CG0214431|-72|-138|CG0214432|-72|-138|CG0214432|-72|-138|CG0214432|-72|-138|CG0214431|-72|-138|CG0214431|-72|-138|CG0214431|-72|-138|CG0214430|-72|-138|CG0214430|-72|-138|CG0214430|-72|-138|CG0214431|-72|-138|CG0214431|-72|-138|CG0214431|-72|-138|CG0214432|-72|-138|CG0214432|-72|-138|CG0214432|-72|-138|CG0214431|-72|-138|CG0214431|-72|-138|CG0214431|-72|-138
501|0|1|500|8|CG0214433|-75|-135|CG0214434|-73|-136|CG0214435|-69|-128|CG0214436|-67|-122|CG0214437|-67|-120|CG0214438|-71|-124|CG0214439|-72|-131|CG0214440|-73|-136
501|0|2|100|1|CG0214400|-42|-69
501|0|3|500|8|CG0214400|-42|-69|CG0214401|-32|-68|CG0214402|-31|-78|CG0214403|-28|-84|CG0214404|-31|-81|CG0214405|-32|-75|CG0214406|-36|-76|CG0214407|-40|-77
501|0|4|100|1|CG0214392|-71|-96
501|0|5|900|16|CG0214392|-71|-96|CG0214392|-71|-96|CG0214393|-69|-81|CG0214393|-69|-81|CG0214394|-50|-90|CG0214394|-50|-90|CG0214395|-42|-95|CG0214395|-42|-95|CG0214396|-63|-126|CG0214396|-63|-126|CG0214397|-65|-95|CG0214397|-65|-95|CG0214398|-42|-100|CG0214398|-42|-100|CG0214399|-71|-102|CG0214399|-71|-102
501|0|6|2000|18|CG0214421|-88|-102|CG0214422|-88|-102|CG0214423|-82|-109|CG0214424|-83|-115|CG0214425|-84|-115|CG0214426|-91|-110|CG0214421|-88|-102|CG0214422|-88|-102|CG0214423|-82|-109|CG0214424|-83|-115|CG0214425|-84|-115|CG0214426|-91|-110|CG0214421|-88|-102|CG0214422|-88|-102|CG0214423|-82|-109|CG0214424|-83|-115|CG0214425|-84|-115|CG0214426|-91|-110
501|0|7|986|7|CG0252875|-18|-73|CG0252876|-22|-73|CG0252877|-23|-73|CG0252863|-17|-64|CG0252864|-34|-63|CG0252864|-34|-63|CG0252865|-22|-71
501|0|8|1000|2|CG0214418|-64|-110|CG0214419|-48|-125
501|0|9|1000|1|CG0214420|-48|-118
501|0|10|2000|12|CG0214408|-61|-108|CG0214410|-59|-106|CG0214411|-72|-105|CG0214412|-70|-99|CG0214413|-73|-103|CG0214414|-101|-69|CG0214415|-103|-67|CG0214416|-103|-63|CG0214416|-103|-63|CG0214417|-103|-63|CG0214417|-103|-63|CG0214409|-103|-63
501|1|0|2000|45|CG0214476|-52|-133|CG0214477|-52|-133|CG0214478|-52|-133|CG0214476|-52|-133|CG0214477|-52|-133|CG0214478|-52|-133|CG0214476|-52|-133|CG0214477|-52|-133|CG0214478|-52|-133|CG0214479|-52|-133|CG0214480|-52|-133|CG0214481|-52|-133|CG0214480|-52|-133|CG0214479|-52|-133|CG0214480|-52|-133|CG0214481|-52|-133|CG0214480|-52|-133|CG0214479|-52|-133|CG0214480|-52|-133|CG0214481|-52|-133|CG0214481|-52|-133|CG0214480|-52|-133|CG0214480|-52|-133|CG0214479|-52|-133|CG0214479|-52|-133|CG0214480|-52|-133|CG0214480|-52|-133|CG0214481|-52|-133|CG0214481|-52|-133|CG0214481|-52|-133|CG0214480|-52|-133|CG0214480|-52|-133|CG0214480|-52|-133|CG0214479|-52|-133|CG0214479|-52|-133|CG0214479|-52|-133|CG0214480|-52|-133|CG0214480|-52|-133|CG0214480|-52|-133|CG0214481|-52|-133|CG0214481|-52|-133|CG0214481|-52|-133|CG0214480|-52|-133|CG0214480|-52|-133|CG0214480|-52|-133
501|1|1|500|8|CG0214482|-53|-129|CG0214483|-55|-130|CG0214484|-56|-123|CG0214485|-57|-116|CG0214486|-56|-114|CG0214487|-53|-120|CG0214488|-51|-129|CG0214489|-52|-133
501|1|2|100|1|CG0214449|-79|-67
501|1|3|500|8|CG0214449|-79|-67|CG0214450|-81|-64|CG0214451|-80|-70|CG0214452|-69|-72|CG0214453|-73|-69|CG0214454|-79|-64|CG0214455|-86|-69|CG0214456|-94|-72
501|1|4|100|1|CG0214441|-49|-94
501|1|5|900|16|CG0214441|-49|-94|CG0214441|-49|-94|CG0214442|-53|-98|CG0214442|-53|-98|CG0214443|-37|-101|CG0214443|-37|-101|CG0214444|-40|-99|CG0214444|-40|-99|CG0214445|-61|-111|CG0214445|-61|-111|CG0214446|-91|-103|CG0214446|-91|-103|CG0214447|-59|-106|CG0214447|-59|-106|CG0214448|-37|-107|CG0214448|-37|-107
501|1|6|2000|18|CG0214470|-64|-106|CG0214471|-66|-106|CG0214472|-66|-106|CG0214473|-65|-106|CG0214474|-62|-111|CG0214475|-64|-107|CG0214470|-64|-106|CG0214471|-66|-106|CG0214472|-66|-106|CG0214473|-65|-106|CG0214474|-62|-111|CG0214475|-64|-107|CG0214470|-64|-106|CG0214471|-66|-106|CG0214472|-66|-106|CG0214473|-65|-106|CG0214474|-62|-111|CG0214475|-64|-107
501|1|7|986|7|CG0252897|-23|-72|CG0252898|-22|-72|CG0252899|-20|-72|CG0252885|-11|-60|CG0252886|-22|-70|CG0252886|-22|-70|CG0252887|-22|-73
501|1|8|1000|2|CG0214467|-57|-109|CG0214468|-64|-110
501|1|9|1000|1|CG0214469|-45|-108
501|1|10|2000|12|CG0214457|-57|-111|CG0214459|-54|-113|CG0214460|-54|-109|CG0214461|-66|-105|CG0214462|-81|-113|CG0214463|-76|-80|CG0214464|-73|-78|CG0214465|-74|-76|CG0214465|-74|-76|CG0214466|-74|-76|CG0214466|-74|-76|CG0214458|-74|-76
501|2|0|2000|45|CG0214525|-48|-121|CG0214526|-48|-121|CG0214527|-48|-121|CG0214525|-48|-121|CG0214526|-48|-121|CG0214527|-48|-121|CG0214525|-48|-121|CG0214526|-48|-121|CG0214527|-48|-121|CG0214528|-48|-121|CG0214529|-48|-121|CG0214530|-48|-121|CG0214529|-48|-121|CG0214528|-48|-121|CG0214529|-48|-121|CG0214530|-48|-121|CG0214529|-48|-121|CG0214528|-48|-121|CG0214529|-48|-121|CG0214530|-48|-121|CG0214530|-48|-121|CG0214529|-48|-121|CG0214529|-48|-121|CG0214528|-48|-121|CG0214528|-48|-121|CG0214529|-48|-121|CG0214529|-48|-121|CG0214530|-48|-121|CG0214530|-48|-121|CG0214530|-48|-121|CG0214529|-48|-121|CG0214529|-48|-121|CG0214529|-48|-121|CG0214528|-48|-121|CG0214528|-48|-121|CG0214528|-48|-121|CG0214529|-48|-121|CG0214529|-48|-121|CG0214529|-48|-121|CG0214530|-48|-121|CG0214530|-48|-121|CG0214530|-48|-121|CG0214529|-48|-121|CG0214529|-48|-121|CG0214529|-48|-121
501|2|1|500|8|CG0214531|-32|-117|CG0214532|-35|-114|CG0214533|-41|-109|CG0214534|-40|-109|CG0214535|-36|-108|CG0214536|-27|-110|CG0214537|-29|-115|CG0214538|-33|-121
501|2|2|100|1|CG0214498|-100|-78
501|2|3|500|8|CG0214498|-100|-78|CG0214499|-102|-73|CG0214500|-103|-77|CG0214501|-103|-74|CG0214502|-98|-74|CG0214503|-98|-70|CG0214504|-106|-78|CG0214505|-109|-84
501|2|4|100|1|CG0214490|-48|-104
501|2|5|900|16|CG0214490|-48|-104|CG0214490|-48|-104|CG0214491|-67|-103|CG0214491|-67|-103|CG0214492|-76|-103|CG0214492|-76|-103|CG0214493|-81|-98|CG0214493|-81|-98|CG0214494|-48|-104|CG0214494|-48|-104|CG0214495|-87|-110|CG0214495|-87|-110|CG0214496|-59|-121|CG0214496|-59|-121|CG0214497|-48|-110|CG0214497|-48|-110
501|2|6|2000|18|CG0214519|-48|-113|CG0214520|-48|-113|CG0214521|-48|-113|CG0214522|-48|-118|CG0214523|-48|-117|CG0214524|-48|-113|CG0214519|-48|-113|CG0214520|-48|-113|CG0214521|-48|-113|CG0214522|-48|-118|CG0214523|-48|-117|CG0214524|-48|-113|CG0214519|-48|-113|CG0214520|-48|-113|CG0214521|-48|-113|CG0214522|-48|-118|CG0214523|-48|-117|CG0214524|-48|-113
501|2|7|986|7|CG0252919|-18|-72|CG0252920|-13|-72|CG0252921|-10|-71|CG0252907|-29|-60|CG0252908|-24|-70|CG0252908|-24|-70|CG0252909|-26|-71
501|2|8|1000|2|CG0214516|-49|-115|CG0214517|-57|-105
501|2|9|1000|1|CG0214518|-48|-116
501|2|10|2000|12|CG0214506|-50|-115|CG0214508|-50|-116|CG0214509|-51|-112|CG0214510|-48|-106|CG0214511|-58|-113|CG0214512|-44|-75|CG0214513|-38|-71|CG0214514|-39|-66|CG0214514|-39|-66|CG0214515|-39|-66|CG0214515|-39|-66|CG0214507|-39|-66
501|3|0|2000|45|CG0214574|-33|-116|CG0214575|-33|-116|CG0214576|-33|-116|CG0214574|-33|-116|CG0214575|-33|-116|CG0214576|-33|-116|CG0214574|-33|-116|CG0214575|-33|-116|CG0214576|-33|-116|CG0214577|-33|-116|CG0214578|-33|-116|CG0214579|-33|-116|CG0214578|-33|-116|CG0214577|-33|-116|CG0214578|-33|-116|CG0214579|-33|-116|CG0214578|-33|-116|CG0214577|-33|-116|CG0214578|-33|-116|CG0214579|-33|-116|CG0214579|-33|-116|CG0214578|-33|-116|CG0214578|-33|-116|CG0214577|-33|-116|CG0214577|-33|-116|CG0214578|-33|-116|CG0214578|-33|-116|CG0214579|-33|-116|CG0214579|-33|-116|CG0214579|-33|-116|CG0214578|-33|-116|CG0214578|-33|-116|CG0214578|-33|-116|CG0214577|-33|-116|CG0214577|-33|-116|CG0214577|-33|-116|CG0214578|-33|-116|CG0214578|-33|-116|CG0214578|-33|-116|CG0214579|-33|-116|CG0214579|-33|-116|CG0214579|-33|-116|CG0214578|-33|-116|CG0214578|-33|-116|CG0214578|-33|-116
501|3|1|500|8|CG0214580|-29|-116|CG0214581|-26|-117|CG0214582|-28|-115|CG0214583|-30|-115|CG0214584|-30|-115|CG0214585|-29|-116|CG0214586|-30|-116|CG0214587|-30|-116
501|3|2|100|1|CG0214547|-95|-100
501|3|3|500|8|CG0214547|-95|-100|CG0214548|-86|-95|CG0214549|-81|-99|CG0214550|-80|-95|CG0214551|-78|-94|CG0214552|-85|-92|CG0214553|-89|-101|CG0214554|-96|-106
501|3|4|100|1|CG0214539|-36|-115
501|3|5|900|16|CG0214539|-36|-115|CG0214539|-36|-115|CG0214540|-67|-98|CG0214540|-67|-98|CG0214541|-114|-97|CG0214541|-114|-97|CG0214542|-119|-101|CG0214542|-119|-101|CG0214543|-45|-110|CG0214543|-45|-110|CG0214544|-51|-112|CG0214544|-51|-112|CG0214545|-42|-133|CG0214545|-42|-133|CG0214546|-33|-109|CG0214546|-33|-109
501|3|6|2000|18|CG0214568|-33|-120|CG0214569|-33|-120|CG0214570|-34|-120|CG0214571|-33|-120|CG0214572|-33|-119|CG0214573|-33|-119|CG0214568|-33|-120|CG0214569|-33|-120|CG0214570|-34|-120|CG0214571|-33|-120|CG0214572|-33|-119|CG0214573|-33|-119|CG0214568|-33|-120|CG0214569|-33|-120|CG0214570|-34|-120|CG0214571|-33|-120|CG0214572|-33|-119|CG0214573|-33|-119
501|3|7|986|7|CG0252941|-14|-72|CG0252942|-12|-72|CG0252943|-14|-71|CG0252929|-40|-65|CG0252930|-29|-66|CG0252930|-29|-66|CG0252931|-21|-69
501|3|8|1000|2|CG0214565|-50|-122|CG0214566|-84|-112
501|3|9|1000|1|CG0214567|-40|-118
501|3|10|2000|12|CG0214555|-36|-112|CG0214557|-36|-110|CG0214558|-36|-100|CG0214559|-45|-91|CG0214560|-60|-95|CG0214561|-49|-64|CG0214562|-32|-57|CG0214563|-41|-58|CG0214563|-41|-58|CG0214564|-57|-58|CG0214564|-57|-58|CG0214556|-68|-58
501|4|0|2000|45|CG0214623|-48|-116|CG0214624|-48|-116|CG0214625|-48|-116|CG0214623|-48|-116|CG0214624|-48|-116|CG0214625|-48|-116|CG0214623|-48|-116|CG0214624|-48|-116|CG0214625|-48|-116|CG0214626|-48|-116|CG0214627|-48|-116|CG0214628|-48|-116|CG0214627|-48|-116|CG0214626|-48|-116|CG0214627|-48|-116|CG0214628|-48|-116|CG0214627|-48|-116|CG0214626|-48|-116|CG0214627|-48|-116|CG0214628|-48|-116|CG0214628|-48|-116|CG0214627|-48|-116|CG0214627|-48|-116|CG0214626|-48|-116|CG0214626|-48|-116|CG0214627|-48|-116|CG0214627|-48|-116|CG0214628|-48|-116|CG0214628|-48|-116|CG0214628|-48|-116|CG0214627|-48|-116|CG0214627|-48|-116|CG0214627|-48|-116|CG0214626|-48|-116|CG0214626|-48|-116|CG0214626|-48|-116|CG0214627|-48|-116|CG0214627|-48|-116|CG0214627|-48|-116|CG0214628|-48|-116|CG0214628|-48|-116|CG0214628|-48|-116|CG0214627|-48|-116|CG0214627|-48|-116|CG0214627|-48|-116
501|4|1|500|8|CG0214629|-40|-115|CG0214630|-40|-115|CG0214631|-42|-115|CG0214632|-42|-115|CG0214633|-42|-115|CG0214634|-41|-115|CG0214635|-41|-115|CG0214636|-41|-116
501|4|2|100|1|CG0214596|-82|-112
501|4|3|500|8|CG0214596|-82|-112|CG0214597|-85|-109|CG0214598|-86|-115|CG0214599|-89|-114|CG0214600|-88|-111|CG0214601|-87|-108|CG0214602|-90|-116|CG0214603|-92|-119
501|4|4|100|1|CG0214588|-48|-120
501|4|5|900|16|CG0214588|-48|-120|CG0214588|-48|-120|CG0214589|-62|-111|CG0214589|-62|-111|CG0214590|-93|-112|CG0214590|-93|-112|CG0214591|-94|-114|CG0214591|-94|-114|CG0214592|-65|-125|CG0214592|-65|-125|CG0214593|-48|-105|CG0214593|-48|-105|CG0214594|-48|-132|CG0214594|-48|-132|CG0214595|-48|-103|CG0214595|-48|-103
501|4|6|2000|18|CG0214617|-48|-120|CG0214618|-48|-120|CG0214619|-48|-120|CG0214620|-48|-120|CG0214621|-48|-119|CG0214622|-48|-119|CG0214617|-48|-120|CG0214618|-48|-120|CG0214619|-48|-120|CG0214620|-48|-120|CG0214621|-48|-119|CG0214622|-48|-119|CG0214617|-48|-120|CG0214618|-48|-120|CG0214619|-48|-120|CG0214620|-48|-120|CG0214621|-48|-119|CG0214622|-48|-119
501|4|7|986|7|CG0252963|-19|-74|CG0252964|-19|-72|CG0252965|-19|-71|CG0252951|-35|-72|CG0252952|-24|-57|CG0252952|-24|-57|CG0252953|-21|-66
501|4|8|1000|2|CG0214614|-48|-123|CG0214615|-66|-120
501|4|9|1000|1|CG0214616|-48|-113
501|4|10|2000|12|CG0214604|-50|-102|CG0214606|-50|-97|CG0214607|-50|-80|CG0214608|-58|-67|CG0214609|-75|-66|CG0214610|-64|-53|CG0214611|-45|-50|CG0214612|-55|-50|CG0214612|-55|-50|CG0214613|-73|-50|CG0214613|-73|-50|CG0214605|-83|-50
501|5|0|2000|45|CG0214672|-53|-110|CG0214673|-53|-110|CG0214674|-53|-110|CG0214672|-53|-110|CG0214673|-53|-110|CG0214674|-53|-110|CG0214672|-53|-110|CG0214673|-53|-110|CG0214674|-53|-110|CG0214675|-53|-111|CG0214676|-53|-110|CG0214677|-53|-110|CG0214676|-53|-110|CG0214675|-53|-111|CG0214676|-53|-110|CG0214677|-53|-110|CG0214676|-53|-110|CG0214675|-53|-111|CG0214676|-53|-110|CG0214677|-53|-110|CG0214677|-53|-110|CG0214676|-53|-110|CG0214676|-53|-110|CG0214675|-53|-111|CG0214675|-53|-111|CG0214676|-53|-110|CG0214676|-53|-110|CG0214677|-53|-110|CG0214677|-53|-110|CG0214677|-53|-110|CG0214676|-53|-110|CG0214676|-53|-110|CG0214676|-53|-110|CG0214675|-53|-111|CG0214675|-53|-111|CG0214675|-53|-111|CG0214676|-53|-110|CG0214676|-53|-110|CG0214676|-53|-110|CG0214677|-53|-110|CG0214677|-53|-110|CG0214677|-53|-110|CG0214676|-53|-110|CG0214676|-53|-110|CG0214676|-53|-110
501|5|1|500|8|CG0214678|-55|-108|CG0214679|-55|-108|CG0214680|-55|-109|CG0214681|-55|-110|CG0214682|-55|-110|CG0214683|-50|-109|CG0214684|-47|-108|CG0214685|-46|-109
501|5|2|100|1|CG0214645|-41|-110
501|5|3|500|8|CG0214645|-41|-110|CG0214646|-48|-109|CG0214647|-55|-118|CG0214648|-65|-121|CG0214649|-57|-117|CG0214650|-51|-113|CG0214651|-52|-118|CG0214652|-52|-118
501|5|4|100|1|CG0214637|-67|-114
501|5|5|900|16|CG0214637|-67|-114|CG0214637|-67|-114|CG0214638|-59|-109|CG0214638|-59|-109|CG0214639|-43|-111|CG0214639|-43|-111|CG0214640|-39|-114|CG0214640|-39|-114|CG0214641|-62|-139|CG0214641|-62|-139|CG0214642|-40|-98|CG0214642|-40|-98|CG0214643|-56|-120|CG0214643|-56|-120|CG0214644|-70|-100|CG0214644|-70|-100
501|5|6|2000|18|CG0214666|-61|-114|CG0214667|-63|-114|CG0214668|-63|-114|CG0214669|-59|-114|CG0214670|-61|-113|CG0214671|-63|-113|CG0214666|-61|-114|CG0214667|-63|-114|CG0214668|-63|-114|CG0214669|-59|-114|CG0214670|-61|-113|CG0214671|-63|-113|CG0214666|-61|-114|CG0214667|-63|-114|CG0214668|-63|-114|CG0214669|-59|-114|CG0214670|-61|-113|CG0214671|-63|-113
501|5|7|986|7|CG0252985|-23|-73|CG0252986|-21|-72|CG0252987|-19|-71|CG0252973|-17|-76|CG0252974|-10|-50|CG0252974|-10|-50|CG0252975|-26|-63
501|5|8|1000|2|CG0214663|-38|-131|CG0214664|-61|-121
501|5|9|1000|1|CG0214665|-53|-119
501|5|10|2000|12|CG0214653|-49|-101|CG0214655|-44|-85|CG0214656|-43|-73|CG0214657|-66|-71|CG0214658|-74|-78|CG0214659|-67|-56|CG0214660|-71|-35|CG0214661|-70|-36|CG0214661|-70|-36|CG0214662|-70|-36|CG0214662|-70|-36|CG0214654|-70|-36
501|6|0|2000|45|CG0214721|-55|-120|CG0214722|-55|-120|CG0214723|-55|-120|CG0214721|-55|-120|CG0214722|-55|-120|CG0214723|-55|-120|CG0214721|-55|-120|CG0214722|-55|-120|CG0214723|-55|-120|CG0214724|-55|-120|CG0214725|-55|-120|CG0214726|-55|-120|CG0214725|-55|-120|CG0214724|-55|-120|CG0214725|-55|-120|CG0214726|-55|-120|CG0214725|-55|-120|CG0214724|-55|-120|CG0214725|-55|-120|CG0214726|-55|-120|CG0214726|-55|-120|CG0214725|-55|-120|CG0214725|-55|-120|CG0214724|-55|-120|CG0214724|-55|-120|CG0214725|-55|-120|CG0214725|-55|-120|CG0214726|-55|-120|CG0214726|-55|-120|CG0214726|-55|-120|CG0214725|-55|-120|CG0214725|-55|-120|CG0214725|-55|-120|CG0214724|-55|-120|CG0214724|-55|-120|CG0214724|-55|-120|CG0214725|-55|-120|CG0214725|-55|-120|CG0214725|-55|-120|CG0214726|-55|-120|CG0214726|-55|-120|CG0214726|-55|-120|CG0214725|-55|-120|CG0214725|-55|-120|CG0214725|-55|-120
501|6|1|500|8|CG0214727|-60|-116|CG0214728|-65|-113|CG0214729|-68|-106|CG0214730|-72|-106|CG0214731|-73|-105|CG0214732|-67|-106|CG0214733|-62|-108|CG0214734|-58|-114
501|6|2|100|1|CG0214694|-28|-98
501|6|3|500|8|CG0214694|-28|-98|CG0214695|-29|-95|CG0214696|-32|-107|CG0214697|-39|-115|CG0214698|-36|-111|CG0214699|-32|-105|CG0214700|-29|-105|CG0214701|-27|-104
501|6|4|100|1|CG0214686|-73|-118
501|6|5|900|16|CG0214686|-73|-118|CG0214686|-73|-118|CG0214687|-43|-98|CG0214687|-43|-98|CG0214688|-43|-96|CG0214688|-43|-96|CG0214689|-43|-101|CG0214689|-43|-101|CG0214690|-43|-140|CG0214690|-43|-140|CG0214691|-86|-103|CG0214691|-86|-103|CG0214692|-81|-110|CG0214692|-81|-110|CG0214693|-74|-106|CG0214693|-74|-106
501|6|6|2000|18|CG0214715|-83|-119|CG0214716|-82|-117|CG0214717|-78|-115|CG0214718|-75|-116|CG0214719|-80|-118|CG0214720|-86|-119|CG0214715|-83|-119|CG0214716|-82|-117|CG0214717|-78|-115|CG0214718|-75|-116|CG0214719|-80|-118|CG0214720|-86|-119|CG0214715|-83|-119|CG0214716|-82|-117|CG0214717|-78|-115|CG0214718|-75|-116|CG0214719|-80|-118|CG0214720|-86|-119
501|6|7|986|7|CG0253007|-18|-74|CG0253008|-17|-73|CG0253009|-17|-73|CG0252995|-16|-77|CG0252996|-27|-48|CG0252996|-27|-48|CG0252997|-32|-63
501|6|8|1000|2|CG0214712|-37|-132|CG0214713|-41|-133
501|6|9|1000|1|CG0214714|-51|-127
501|6|10|2000|12|CG0214702|-73|-108|CG0214704|-72|-93|CG0214705|-74|-79|CG0214706|-67|-78|CG0214707|-64|-85|CG0214708|-92|-63|CG0214709|-95|-49|CG0214710|-95|-50|CG0214710|-95|-50|CG0214711|-96|-50|CG0214711|-96|-50|CG0214703|-96|-50
501|7|0|2000|45|CG0214770|-61|-132|CG0214771|-61|-132|CG0214772|-61|-132|CG0214770|-61|-132|CG0214771|-61|-132|CG0214772|-61|-132|CG0214770|-61|-132|CG0214771|-61|-132|CG0214772|-61|-132|CG0214773|-61|-132|CG0214774|-61|-132|CG0214775|-61|-132|CG0214774|-61|-132|CG0214773|-61|-132|CG0214774|-61|-132|CG0214775|-61|-132|CG0214774|-61|-132|CG0214773|-61|-132|CG0214774|-61|-132|CG0214775|-61|-132|CG0214775|-61|-132|CG0214774|-61|-132|CG0214774|-61|-132|CG0214773|-61|-132|CG0214773|-61|-132|CG0214774|-61|-132|CG0214774|-61|-132|CG0214775|-61|-132|CG0214775|-61|-132|CG0214775|-61|-132|CG0214774|-61|-132|CG0214774|-61|-132|CG0214774|-61|-132|CG0214773|-61|-132|CG0214773|-61|-132|CG0214773|-61|-132|CG0214774|-61|-132|CG0214774|-61|-132|CG0214774|-61|-132|CG0214775|-61|-132|CG0214775|-61|-132|CG0214775|-61|-132|CG0214774|-61|-132|CG0214774|-61|-132|CG0214774|-61|-132
501|7|1|500|8|CG0214776|-67|-130|CG0214777|-63|-129|CG0214778|-55|-119|CG0214779|-58|-113|CG0214780|-59|-110|CG0214781|-60|-117|CG0214782|-56|-123|CG0214783|-54|-128
501|7|2|100|1|CG0214743|-25|-81
501|7|3|500|8|CG0214743|-25|-81|CG0214744|-20|-82|CG0214745|-20|-93|CG0214746|-25|-100|CG0214747|-23|-96|CG0214748|-20|-90|CG0214749|-20|-91|CG0214750|-24|-90
501|7|4|100|1|CG0214735|-64|-111
501|7|5|900|16|CG0214735|-64|-111|CG0214735|-64|-111|CG0214736|-54|-80|CG0214736|-54|-80|CG0214737|-47|-77|CG0214737|-47|-77|CG0214738|-41|-88|CG0214738|-41|-88|CG0214739|-47|-140|CG0214739|-47|-140|CG0214740|-94|-102|CG0214740|-94|-102|CG0214741|-64|-104|CG0214741|-64|-104|CG0214742|-99|-103|CG0214742|-99|-103
501|7|6|2000|18|CG0214764|-76|-113|CG0214765|-69|-111|CG0214766|-61|-109|CG0214767|-66|-110|CG0214768|-67|-113|CG0214769|-78|-113|CG0214764|-76|-113|CG0214765|-69|-111|CG0214766|-61|-109|CG0214767|-66|-110|CG0214768|-67|-113|CG0214769|-78|-113|CG0214764|-76|-113|CG0214765|-69|-111|CG0214766|-61|-109|CG0214767|-66|-110|CG0214768|-67|-113|CG0214769|-78|-113
501|7|7|986|7|CG0253029|-18|-74|CG0253030|-18|-74|CG0253031|-18|-74|CG0253017|-21|-72|CG0253018|-41|-54|CG0253018|-41|-54|CG0253019|-24|-67
501|7|8|1000|2|CG0214761|-38|-124|CG0214762|-18|-134
501|7|9|1000|1|CG0214763|-25|-126
501|7|10|2000|12|CG0214751|-69|-112|CG0214753|-71|-103|CG0214754|-74|-94|CG0214755|-68|-85|CG0214756|-79|-85|CG0214757|-123|-67|CG0214758|-124|-57|CG0214759|-125|-58|CG0214759|-125|-58|CG0214760|-125|-58|CG0214760|-125|-58|CG0214752|-125|-58
