520|0|0|2000|14|CG0221031|-41|-89|CG0221032|-41|-90|CG0221031|-41|-89|CG0221032|-41|-90|CG0221031|-41|-89|CG0221032|-41|-90|CG0221033|-43|-89|CG0221034|-45|-89|CG0221035|-46|-90|CG0221034|-45|-89|CG0221035|-46|-90|CG0221034|-45|-89|CG0221035|-46|-90|CG0221036|-45|-89
520|0|1|500|8|CG0221037|-41|-91|CG0221038|-41|-91|CG0221039|-43|-92|CG0221040|-44|-92|CG0221041|-45|-93|CG0221042|-43|-92|CG0221043|-42|-92|CG0221044|-41|-91
520|0|2|100|1|CG0221375|-29|-32
520|0|3|800|6|CG0221008|-32|-92|CG0221009|-24|-82|CG0221010|-23|-85|CG0221011|-35|-81|CG0221012|-29|-85|CG0221013|-31|-78
520|0|4|100|1|CG0221384|-25|-28
520|0|5|1000|40|CG0221000|-27|-85|CG0221000|-27|-85|CG0221001|-48|-99|CG0221001|-48|-99|CG0221002|-56|-109|CG0221002|-56|-109|CG0221003|-72|-103|CG0221003|-72|-103|CG0221004|-79|-103|CG0221004|-79|-103|CG0221005|-69|-107|CG0221005|-69|-107|CG0221006|-58|-105|CG0221006|-58|-105|CG0221007|-49|-101|CG0221007|-49|-101|CG0221003|-72|-103|CG0221003|-72|-103|CG0221004|-79|-103|CG0221004|-79|-103|CG0221005|-69|-107|CG0221005|-69|-107|CG0221006|-58|-105|CG0221006|-58|-105|CG0221007|-49|-101|CG0221007|-49|-101|CG0221003|-72|-103|CG0221003|-72|-103|CG0221004|-79|-103|CG0221004|-79|-103|CG0221005|-69|-107|CG0221005|-69|-107|CG0221006|-58|-105|CG0221006|-58|-105|CG0221007|-49|-101|CG0221007|-49|-101|CG0221001|-48|-99|CG0221001|-48|-99|CG0221000|-27|-85|CG0221000|-27|-85
520|0|6|2000|23|CG0221025|-40|-94|CG0221026|-36|-95|CG0221027|-38|-92|CG0221028|-31|-76|CG0221029|-41|-81|CG0221030|-35|-90|CG0221025|-40|-94|CG0221026|-36|-95|CG0221027|-38|-92|CG0221028|-31|-76|CG0221029|-41|-81|CG0221030|-35|-90|CG0221025|-40|-94|CG0221026|-36|-95|CG0221027|-38|-92|CG0221028|-31|-76|CG0221029|-41|-81|CG0221030|-35|-90|CG0221025|-40|-94|CG0221026|-36|-95|CG0221027|-38|-92|CG0221028|-31|-76|CG0221029|-41|-81
520|0|7|986|7|CG0252875|-18|-73|CG0252876|-22|-73|CG0252877|-23|-73|CG0252863|-17|-64|CG0252864|-34|-63|CG0252864|-34|-63|CG0252865|-22|-71
520|0|8|1000|2|CG0221022|-38|-83|CG0221023|-18|-43
520|0|9|1000|1|CG0221024|-27|-78
520|0|10|1000|8|CG0221014|-65|-95|CG0221015|-64|-98|CG0221016|-65|-99|CG0221017|-65|-99|CG0221018|-65|-97|CG0221019|-64|-93|CG0221020|-63|-107|CG0221021|-77|-72
520|1|0|2000|14|CG0221076|-30|-82|CG0221077|-31|-83|CG0221076|-30|-82|CG0221077|-31|-83|CG0221076|-30|-82|CG0221077|-31|-83|CG0221078|-35|-81|CG0221079|-40|-82|CG0221080|-42|-83|CG0221079|-40|-82|CG0221080|-42|-83|CG0221079|-40|-82|CG0221080|-42|-83|CG0221081|-38|-81
520|1|1|500|8|CG0221082|-50|-86|CG0221083|-49|-85|CG0221084|-48|-85|CG0221085|-47|-85|CG0221086|-47|-85|CG0221087|-48|-85|CG0221088|-48|-85|CG0221089|-50|-85
520|1|2|100|1|CG0221428|-20|-34
520|1|3|800|6|CG0221053|-43|-83|CG0221054|-33|-74|CG0221055|-36|-74|CG0221056|-50|-75|CG0221057|-56|-82|CG0221058|-56|-74
520|1|4|100|1|CG0221437|-20|-28
520|1|5|1000|40|CG0221045|-43|-78|CG0221045|-43|-78|CG0221046|-44|-96|CG0221046|-44|-96|CG0221047|-46|-108|CG0221047|-46|-108|CG0221048|-46|-106|CG0221048|-46|-106|CG0221049|-41|-105|CG0221049|-41|-105|CG0221050|-41|-106|CG0221050|-41|-106|CG0221051|-45|-105|CG0221051|-45|-105|CG0221052|-44|-104|CG0221052|-44|-104|CG0221048|-46|-106|CG0221048|-46|-106|CG0221049|-41|-105|CG0221049|-41|-105|CG0221050|-41|-106|CG0221050|-41|-106|CG0221051|-45|-105|CG0221051|-45|-105|CG0221052|-44|-104|CG0221052|-44|-104|CG0221048|-46|-106|CG0221048|-46|-106|CG0221049|-41|-105|CG0221049|-41|-105|CG0221050|-41|-106|CG0221050|-41|-106|CG0221051|-45|-105|CG0221051|-45|-105|CG0221052|-44|-104|CG0221052|-44|-104|CG0221046|-44|-96|CG0221046|-44|-96|CG0221045|-43|-78|CG0221045|-43|-78
520|1|6|2000|23|CG0221070|-31|-94|CG0221071|-44|-93|CG0221072|-39|-89|CG0221073|-50|-68|CG0221074|-45|-73|CG0221075|-46|-83|CG0221070|-31|-94|CG0221071|-44|-93|CG0221072|-39|-89|CG0221073|-50|-68|CG0221074|-45|-73|CG0221075|-46|-83|CG0221070|-31|-94|CG0221071|-44|-93|CG0221072|-39|-89|CG0221073|-50|-68|CG0221074|-45|-73|CG0221075|-46|-83|CG0221070|-31|-94|CG0221071|-44|-93|CG0221072|-39|-89|CG0221073|-50|-68|CG0221074|-45|-73
520|1|7|986|7|CG0252897|-23|-72|CG0252898|-22|-72|CG0252899|-20|-72|CG0252885|-11|-60|CG0252886|-22|-70|CG0252886|-22|-70|CG0252887|-22|-73
520|1|8|1000|2|CG0221067|-39|-82|CG0221068|-45|-38
520|1|9|1000|1|CG0221069|-29|-72
520|1|10|1000|8|CG0221059|-52|-92|CG0221060|-54|-97|CG0221061|-55|-96|CG0221062|-56|-96|CG0221063|-57|-91|CG0221064|-58|-95|CG0221065|-58|-107|CG0221066|-58|-78
520|2|0|2000|14|CG0221121|-29|-89|CG0221122|-29|-89|CG0221121|-29|-89|CG0221122|-29|-89|CG0221121|-29|-89|CG0221122|-29|-89|CG0221123|-30|-88|CG0221124|-34|-89|CG0221125|-33|-89|CG0221124|-34|-89|CG0221125|-33|-89|CG0221124|-34|-89|CG0221125|-33|-89|CG0221126|-33|-89
520|2|1|500|8|CG0221127|-38|-93|CG0221128|-37|-92|CG0221129|-34|-91|CG0221130|-32|-90|CG0221131|-31|-90|CG0221132|-32|-90|CG0221133|-35|-92|CG0221134|-37|-92
520|2|2|100|1|CG0221481|-14|-32
520|2|3|800|6|CG0221098|-39|-90|CG0221099|-32|-79|CG0221100|-36|-80|CG0221101|-49|-81|CG0221102|-57|-86|CG0221103|-55|-82
520|2|4|100|1|CG0221490|-25|-28
520|2|5|1000|40|CG0221090|-50|-86|CG0221090|-50|-86|CG0221091|-33|-98|CG0221091|-33|-98|CG0221092|-22|-108|CG0221092|-22|-108|CG0221093|-6|-101|CG0221093|-6|-101|CG0221094|-5|-103|CG0221094|-5|-103|CG0221095|-3|-108|CG0221095|-3|-108|CG0221096|-16|-98|CG0221096|-16|-98|CG0221097|-33|-99|CG0221097|-33|-99|CG0221093|-6|-101|CG0221093|-6|-101|CG0221094|-5|-103|CG0221094|-5|-103|CG0221095|-3|-108|CG0221095|-3|-108|CG0221096|-16|-98|CG0221096|-16|-98|CG0221097|-33|-99|CG0221097|-33|-99|CG0221093|-6|-101|CG0221093|-6|-101|CG0221094|-5|-103|CG0221094|-5|-103|CG0221095|-3|-108|CG0221095|-3|-108|CG0221096|-16|-98|CG0221096|-16|-98|CG0221097|-33|-99|CG0221097|-33|-99|CG0221091|-33|-98|CG0221091|-33|-98|CG0221090|-50|-86|CG0221090|-50|-86
520|2|6|2000|23|CG0221115|-29|-91|CG0221116|-36|-93|CG0221117|-29|-93|CG0221118|-50|-75|CG0221119|-42|-77|CG0221120|-39|-90|CG0221115|-29|-91|CG0221116|-36|-93|CG0221117|-29|-93|CG0221118|-50|-75|CG0221119|-42|-77|CG0221120|-39|-90|CG0221115|-29|-91|CG0221116|-36|-93|CG0221117|-29|-93|CG0221118|-50|-75|CG0221119|-42|-77|CG0221120|-39|-90|CG0221115|-29|-91|CG0221116|-36|-93|CG0221117|-29|-93|CG0221118|-50|-75|CG0221119|-42|-77
520|2|7|986|7|CG0252919|-18|-72|CG0252920|-13|-72|CG0252921|-10|-71|CG0252907|-29|-60|CG0252908|-24|-70|CG0252908|-24|-70|CG0252909|-26|-71
520|2|8|1000|2|CG0221112|-33|-82|CG0221113|-82|-41
520|2|9|1000|1|CG0221114|-28|-78
520|2|10|1000|8|CG0221104|-29|-95|CG0221105|-29|-98|CG0221106|-29|-99|CG0221107|-27|-99|CG0221108|-27|-96|CG0221109|-28|-92|CG0221110|-29|-107|CG0221111|-29|-73
520|3|0|2000|14|CG0221166|-28|-95|CG0221167|-27|-96|CG0221166|-28|-95|CG0221167|-27|-96|CG0221166|-28|-95|CG0221167|-27|-96|CG0221168|-27|-95|CG0221169|-27|-97|CG0221170|-27|-98|CG0221169|-27|-97|CG0221170|-27|-98|CG0221169|-27|-97|CG0221170|-27|-98|CG0221171|-27|-97
520|3|1|500|8|CG0221172|-20|-97|CG0221173|-19|-96|CG0221174|-20|-96|CG0221175|-19|-95|CG0221176|-19|-95|CG0221177|-19|-95|CG0221178|-20|-96|CG0221179|-25|-96
520|3|2|100|1|CG0221534|-13|-26
520|3|3|800|6|CG0221143|-34|-100|CG0221144|-41|-89|CG0221145|-45|-92|CG0221146|-44|-96|CG0221147|-34|-96|CG0221148|-45|-98
520|3|4|100|1|CG0221543|-20|-28
520|3|5|1000|40|CG0221135|-33|-93|CG0221135|-33|-93|CG0221136|-12|-94|CG0221136|-12|-94|CG0221137|6|-102|CG0221137|6|-102|CG0221138|8|-98|CG0221138|8|-98|CG0221139|-13|-99|CG0221139|-13|-99|CG0221140|9|-103|CG0221140|9|-103|CG0221141|-3|-95|CG0221141|-3|-95|CG0221142|-15|-98|CG0221142|-15|-98|CG0221138|8|-98|CG0221138|8|-98|CG0221139|-13|-99|CG0221139|-13|-99|CG0221140|9|-103|CG0221140|9|-103|CG0221141|-3|-95|CG0221141|-3|-95|CG0221142|-15|-98|CG0221142|-15|-98|CG0221138|8|-98|CG0221138|8|-98|CG0221139|-13|-99|CG0221139|-13|-99|CG0221140|9|-103|CG0221140|9|-103|CG0221141|-3|-95|CG0221141|-3|-95|CG0221142|-15|-98|CG0221142|-15|-98|CG0221136|-12|-94|CG0221136|-12|-94|CG0221135|-33|-93|CG0221135|-33|-93
520|3|6|2000|23|CG0221160|-22|-82|CG0221161|-21|-87|CG0221162|-22|-92|CG0221163|-46|-91|CG0221164|-41|-90|CG0221165|-23|-96|CG0221160|-22|-82|CG0221161|-21|-87|CG0221162|-22|-92|CG0221163|-46|-91|CG0221164|-41|-90|CG0221165|-23|-96|CG0221160|-22|-82|CG0221161|-21|-87|CG0221162|-22|-92|CG0221163|-46|-91|CG0221164|-41|-90|CG0221165|-23|-96|CG0221160|-22|-82|CG0221161|-21|-87|CG0221162|-22|-92|CG0221163|-46|-91|CG0221164|-41|-90
520|3|7|986|7|CG0252941|-14|-72|CG0252942|-12|-72|CG0252943|-14|-71|CG0252929|-40|-65|CG0252930|-29|-66|CG0252930|-29|-66|CG0252931|-21|-69
520|3|8|1000|2|CG0221157|-23|-76|CG0221158|-90|-60
520|3|9|1000|1|CG0221159|-29|-80
520|3|10|1000|8|CG0221149|-22|-93|CG0221150|-23|-90|CG0221151|-22|-94|CG0221152|-21|-95|CG0221153|-16|-98|CG0221154|-10|-94|CG0221155|-10|-95|CG0221156|-12|-47
520|4|0|2000|14|CG0221211|-32|-98|CG0221212|-32|-98|CG0221211|-32|-98|CG0221212|-32|-98|CG0221211|-32|-98|CG0221212|-32|-98|CG0221213|-31|-98|CG0221214|-27|-99|CG0221215|-27|-100|CG0221214|-27|-99|CG0221215|-27|-100|CG0221214|-27|-99|CG0221215|-27|-100|CG0221216|-28|-99
520|4|1|500|8|CG0221217|-30|-96|CG0221218|-32|-95|CG0221219|-33|-96|CG0221220|-35|-96|CG0221221|-36|-96|CG0221222|-35|-95|CG0221223|-32|-96|CG0221224|-31|-95
520|4|2|100|1|CG0221587|-12|-20
520|4|3|800|6|CG0221188|-45|-106|CG0221189|-60|-97|CG0221190|-54|-101|CG0221191|-38|-105|CG0221192|-33|-99|CG0221193|-34|-105
520|4|4|100|1|CG0221596|-25|-27
520|4|5|1000|40|CG0221180|-29|-96|CG0221180|-29|-96|CG0221181|-8|-87|CG0221181|-8|-87|CG0221182|0|-92|CG0221182|0|-92|CG0221183|-18|-91|CG0221183|-18|-91|CG0221184|-33|-92|CG0221184|-33|-92|CG0221185|-24|-93|CG0221185|-24|-93|CG0221186|-14|-92|CG0221186|-14|-92|CG0221187|-10|-94|CG0221187|-10|-94|CG0221183|-18|-91|CG0221183|-18|-91|CG0221184|-33|-92|CG0221184|-33|-92|CG0221185|-24|-93|CG0221185|-24|-93|CG0221186|-14|-92|CG0221186|-14|-92|CG0221187|-10|-94|CG0221187|-10|-94|CG0221183|-18|-91|CG0221183|-18|-91|CG0221184|-33|-92|CG0221184|-33|-92|CG0221185|-24|-93|CG0221185|-24|-93|CG0221186|-14|-92|CG0221186|-14|-92|CG0221187|-10|-94|CG0221187|-10|-94|CG0221181|-8|-87|CG0221181|-8|-87|CG0221180|-29|-96|CG0221180|-29|-96
520|4|6|2000|23|CG0221205|-45|-75|CG0221206|-32|-81|CG0221207|-41|-85|CG0221208|-36|-100|CG0221209|-33|-98|CG0221210|-27|-97|CG0221205|-45|-75|CG0221206|-32|-81|CG0221207|-41|-85|CG0221208|-36|-100|CG0221209|-33|-98|CG0221210|-27|-97|CG0221205|-45|-75|CG0221206|-32|-81|CG0221207|-41|-85|CG0221208|-36|-100|CG0221209|-33|-98|CG0221210|-27|-97|CG0221205|-45|-75|CG0221206|-32|-81|CG0221207|-41|-85|CG0221208|-36|-100|CG0221209|-33|-98
520|4|7|986|7|CG0252963|-19|-74|CG0252964|-19|-72|CG0252965|-19|-71|CG0252951|-35|-72|CG0252952|-24|-57|CG0252952|-24|-57|CG0252953|-21|-66
520|4|8|1000|2|CG0221202|-27|-66|CG0221203|-72|-79
520|4|9|1000|1|CG0221204|-28|-78
520|4|10|1000|8|CG0221194|-26|-85|CG0221195|-28|-78|CG0221196|-27|-84|CG0221197|-26|-86|CG0221198|-25|-95|CG0221199|-24|-93|CG0221200|-23|-72|CG0221201|-22|-30
520|5|0|2000|14|CG0221256|-44|-95|CG0221257|-43|-95|CG0221256|-44|-95|CG0221257|-43|-95|CG0221256|-44|-95|CG0221257|-43|-95|CG0221258|-41|-95|CG0221259|-32|-95|CG0221260|-32|-96|CG0221259|-32|-95|CG0221260|-32|-96|CG0221259|-32|-95|CG0221260|-32|-96|CG0221261|-38|-96
520|5|1|500|8|CG0221262|-44|-92|CG0221263|-44|-91|CG0221264|-44|-91|CG0221265|-45|-91|CG0221266|-45|-92|CG0221267|-45|-91|CG0221268|-44|-91|CG0221269|-44|-91
520|5|2|100|1|CG0221640|-20|-17
520|5|3|800|6|CG0221233|-49|-104|CG0221234|-56|-97|CG0221235|-54|-103|CG0221236|-40|-105|CG0221237|-35|-92|CG0221238|-30|-104
520|5|4|100|1|CG0221649|-20|-27
520|5|5|1000|40|CG0221225|-44|-93|CG0221225|-44|-93|CG0221226|-45|-78|CG0221226|-45|-78|CG0221227|-45|-82|CG0221227|-45|-82|CG0221228|-48|-84|CG0221228|-48|-84|CG0221229|-47|-85|CG0221229|-47|-85|CG0221230|-50|-86|CG0221230|-50|-86|CG0221231|-50|-86|CG0221231|-50|-86|CG0221232|-43|-88|CG0221232|-43|-88|CG0221228|-48|-84|CG0221228|-48|-84|CG0221229|-47|-85|CG0221229|-47|-85|CG0221230|-50|-86|CG0221230|-50|-86|CG0221231|-50|-86|CG0221231|-50|-86|CG0221232|-43|-88|CG0221232|-43|-88|CG0221228|-48|-84|CG0221228|-48|-84|CG0221229|-47|-85|CG0221229|-47|-85|CG0221230|-50|-86|CG0221230|-50|-86|CG0221231|-50|-86|CG0221231|-50|-86|CG0221232|-43|-88|CG0221232|-43|-88|CG0221226|-45|-78|CG0221226|-45|-78|CG0221225|-44|-93|CG0221225|-44|-93
520|5|6|2000|23|CG0221250|-50|-73|CG0221251|-47|-78|CG0221252|-46|-79|CG0221253|-34|-99|CG0221254|-40|-96|CG0221255|-41|-92|CG0221250|-50|-73|CG0221251|-47|-78|CG0221252|-46|-79|CG0221253|-34|-99|CG0221254|-40|-96|CG0221255|-41|-92|CG0221250|-50|-73|CG0221251|-47|-78|CG0221252|-46|-79|CG0221253|-34|-99|CG0221254|-40|-96|CG0221255|-41|-92|CG0221250|-50|-73|CG0221251|-47|-78|CG0221252|-46|-79|CG0221253|-34|-99|CG0221254|-40|-96
520|5|7|986|7|CG0252985|-23|-73|CG0252986|-21|-72|CG0252987|-19|-71|CG0252973|-17|-76|CG0252974|-10|-50|CG0252974|-10|-50|CG0252975|-26|-63
520|5|8|1000|2|CG0221247|-48|-60|CG0221248|-41|-87
520|5|9|1000|1|CG0221249|-30|-74
520|5|10|1000|8|CG0221239|-46|-78|CG0221240|-48|-70|CG0221241|-60|-75|CG0221242|-61|-77|CG0221243|-61|-90|CG0221244|-61|-88|CG0221245|-60|-64|CG0221246|-59|-23
520|6|0|2000|14|CG0221301|-46|-99|CG0221302|-45|-100|CG0221301|-46|-99|CG0221302|-45|-100|CG0221301|-46|-99|CG0221302|-45|-100|CG0221303|-44|-99|CG0221304|-42|-98|CG0221305|-42|-99|CG0221304|-42|-98|CG0221305|-42|-99|CG0221304|-42|-98|CG0221305|-42|-99|CG0221306|-43|-98
520|6|1|500|8|CG0221307|-40|-96|CG0221308|-39|-96|CG0221309|-38|-96|CG0221310|-36|-96|CG0221311|-36|-97|CG0221312|-36|-96|CG0221313|-38|-96|CG0221314|-40|-96
520|6|2|100|1|CG0221693|-28|-20
520|6|3|800|6|CG0221278|-32|-107|CG0221279|-28|-101|CG0221280|-31|-107|CG0221281|-28|-104|CG0221282|-24|-93|CG0221283|-21|-100
520|6|4|100|1|CG0221702|-26|-27
520|6|5|1000|40|CG0221270|-51|-96|CG0221270|-51|-96|CG0221271|-86|-86|CG0221271|-86|-86|CG0221272|-76|-90|CG0221272|-76|-90|CG0221273|-57|-92|CG0221273|-57|-92|CG0221274|-54|-94|CG0221274|-54|-94|CG0221275|-56|-95|CG0221275|-56|-95|CG0221276|-76|-92|CG0221276|-76|-92|CG0221277|-86|-94|CG0221277|-86|-94|CG0221273|-57|-92|CG0221273|-57|-92|CG0221274|-54|-94|CG0221274|-54|-94|CG0221275|-56|-95|CG0221275|-56|-95|CG0221276|-76|-92|CG0221276|-76|-92|CG0221277|-86|-94|CG0221277|-86|-94|CG0221273|-57|-92|CG0221273|-57|-92|CG0221274|-54|-94|CG0221274|-54|-94|CG0221275|-56|-95|CG0221275|-56|-95|CG0221276|-76|-92|CG0221276|-76|-92|CG0221277|-86|-94|CG0221277|-86|-94|CG0221271|-86|-86|CG0221271|-86|-86|CG0221270|-51|-96|CG0221270|-51|-96
520|6|6|2000|23|CG0221295|-40|-83|CG0221296|-41|-86|CG0221297|-34|-84|CG0221298|-36|-98|CG0221299|-37|-97|CG0221300|-43|-97|CG0221295|-40|-83|CG0221296|-41|-86|CG0221297|-34|-84|CG0221298|-36|-98|CG0221299|-37|-97|CG0221300|-43|-97|CG0221295|-40|-83|CG0221296|-41|-86|CG0221297|-34|-84|CG0221298|-36|-98|CG0221299|-37|-97|CG0221300|-43|-97|CG0221295|-40|-83|CG0221296|-41|-86|CG0221297|-34|-84|CG0221298|-36|-98|CG0221299|-37|-97
520|6|7|986|7|CG0253007|-18|-74|CG0253008|-17|-73|CG0253009|-17|-73|CG0252995|-16|-77|CG0252996|-27|-48|CG0252996|-27|-48|CG0252997|-32|-63
520|6|8|1000|2|CG0221292|-52|-68|CG0221293|-17|-79
520|6|9|1000|1|CG0221294|-31|-78
520|6|10|1000|8|CG0221284|-53|-85|CG0221285|-54|-78|CG0221286|-66|-84|CG0221287|-65|-86|CG0221288|-68|-96|CG0221289|-68|-93|CG0221290|-69|-77|CG0221291|-85|-26
520|7|0|2000|14|CG0221346|-36|-97|CG0221347|-35|-98|CG0221346|-36|-97|CG0221347|-35|-98|CG0221346|-36|-97|CG0221347|-35|-98|CG0221348|-34|-97|CG0221349|-35|-95|CG0221350|-36|-96|CG0221349|-35|-95|CG0221350|-36|-96|CG0221349|-35|-95|CG0221350|-36|-96|CG0221351|-34|-95
520|7|1|500|8|CG0221352|-31|-95|CG0221353|-31|-95|CG0221354|-31|-97|CG0221355|-31|-97|CG0221356|-31|-98|CG0221357|-31|-97|CG0221358|-31|-97|CG0221359|-31|-95
520|7|2|100|1|CG0221746|-31|-26
520|7|3|800|6|CG0221323|-21|-102|CG0221324|-17|-95|CG0221325|-13|-99|CG0221326|-17|-93|CG0221327|-20|-90|CG0221328|-13|-89
520|7|4|100|1|CG0221755|-20|-28
520|7|5|1000|40|CG0221315|-36|-93|CG0221315|-36|-93|CG0221316|-83|-95|CG0221316|-83|-95|CG0221317|-76|-102|CG0221317|-76|-102|CG0221318|-69|-100|CG0221318|-69|-100|CG0221319|-87|-101|CG0221319|-87|-101|CG0221320|-68|-103|CG0221320|-68|-103|CG0221321|-67|-96|CG0221321|-67|-96|CG0221322|-87|-100|CG0221322|-87|-100|CG0221318|-69|-100|CG0221318|-69|-100|CG0221319|-87|-101|CG0221319|-87|-101|CG0221320|-68|-103|CG0221320|-68|-103|CG0221321|-67|-96|CG0221321|-67|-96|CG0221322|-87|-100|CG0221322|-87|-100|CG0221318|-69|-100|CG0221318|-69|-100|CG0221319|-87|-101|CG0221319|-87|-101|CG0221320|-68|-103|CG0221320|-68|-103|CG0221321|-67|-96|CG0221321|-67|-96|CG0221322|-87|-100|CG0221322|-87|-100|CG0221316|-83|-95|CG0221316|-83|-95|CG0221315|-36|-93|CG0221315|-36|-93
520|7|6|2000|23|CG0221340|-35|-93|CG0221341|-29|-94|CG0221342|-27|-91|CG0221343|-26|-88|CG0221344|-21|-90|CG0221345|-29|-96|CG0221340|-35|-93|CG0221341|-29|-94|CG0221342|-27|-91|CG0221343|-26|-88|CG0221344|-21|-90|CG0221345|-29|-96|CG0221340|-35|-93|CG0221341|-29|-94|CG0221342|-27|-91|CG0221343|-26|-88|CG0221344|-21|-90|CG0221345|-29|-96|CG0221340|-35|-93|CG0221341|-29|-94|CG0221342|-27|-91|CG0221343|-26|-88|CG0221344|-21|-90
520|7|7|986|7|CG0253029|-18|-74|CG0253030|-18|-74|CG0253031|-18|-74|CG0253017|-21|-72|CG0253018|-41|-54|CG0253018|-41|-54|CG0253019|-24|-67
520|7|8|1000|2|CG0221337|-38|-77|CG0221338|-10|-60
520|7|9|1000|1|CG0221339|-23|-80
520|7|10|1000|8|CG0221329|-47|-93|CG0221330|-41|-90|CG0221331|-46|-94|CG0221332|-50|-95|CG0221333|-47|-98|CG0221334|-50|-95|CG0221335|-69|-95|CG0221336|-97|-46
