512|0|0|2000|13|CG0218277|-39|-79|CG0218278|-39|-79|CG0218278|-39|-79|CG0218278|-39|-79|CG0218278|-39|-79|CG0218278|-39|-79|CG0218278|-39|-79|CG0218278|-39|-79|CG0218279|-41|-80|CG0218280|-43|-80|CG0218281|-43|-78|CG0218282|-41|-78|CG0218283|-40|-79
512|0|1|1000|6|CG0218284|-36|-75|CG0218285|-37|-74|CG0218286|-38|-74|CG0218287|-44|-75|CG0218288|-39|-74|CG0218289|-40|-73
512|0|2|100|1|CG0221375|-29|-32
512|0|3|300|6|CG0218256|-46|-74|CG0218257|-47|-74|CG0218258|-48|-74|CG0218259|-47|-74|CG0218260|-46|-74|CG0218261|-46|-74
512|0|4|100|1|CG0221384|-25|-28
512|0|5|500|16|CG0218248|-54|-86|CG0218248|-54|-86|CG0218249|-45|-92|CG0218249|-45|-92|CG0218250|-49|-99|CG0218250|-49|-99|CG0218251|-83|-99|CG0218251|-83|-99|CG0218252|-105|-96|CG0218252|-105|-96|CG0218253|-117|-87|CG0218253|-117|-87|CG0218254|-109|-70|CG0218254|-109|-70|CG0218255|-68|-71|CG0218255|-68|-71
512|0|6|2000|14|CG0218271|-30|-82|CG0218272|-33|-84|CG0218273|-37|-82|CG0218274|-39|-78|CG0218275|-36|-82|CG0218276|-31|-84|CG0218271|-30|-82|CG0218272|-33|-84|CG0218273|-37|-82|CG0218274|-39|-78|CG0218275|-36|-82|CG0218276|-31|-84|CG0218271|-30|-82|CG0218271|-30|-82
512|0|7|986|7|CG0252875|-18|-73|CG0252876|-22|-73|CG0252877|-23|-73|CG0252863|-17|-64|CG0252864|-34|-63|CG0252864|-34|-63|CG0252865|-22|-71
512|0|8|1000|2|CG0218268|-36|-72|CG0218269|-36|-84
512|0|9|1000|1|CG0218270|-34|-66
512|0|10|1000|6|CG0218262|-39|-73|CG0218263|-40|-76|CG0218264|-40|-72|CG0218265|-43|-69|CG0218266|-45|-62|CG0218267|-46|-51
512|1|0|2000|13|CG0218319|-35|-80|CG0218320|-35|-80|CG0218320|-35|-80|CG0218320|-35|-80|CG0218320|-35|-80|CG0218320|-35|-80|CG0218320|-35|-80|CG0218320|-35|-80|CG0218321|-35|-81|CG0218322|-36|-81|CG0218323|-37|-79|CG0218324|-37|-78|CG0218325|-37|-79
512|1|1|1000|6|CG0218326|-39|-75|CG0218327|-37|-74|CG0218328|-35|-74|CG0218329|-39|-75|CG0218330|-35|-74|CG0218331|-41|-74
512|1|2|100|1|CG0221428|-20|-34
512|1|3|300|6|CG0218298|-40|-77|CG0218299|-40|-77|CG0218300|-40|-77|CG0218301|-40|-77|CG0218302|-40|-77|CG0218303|-40|-77
512|1|4|100|1|CG0221437|-20|-28
512|1|5|500|16|CG0218290|-30|-88|CG0218290|-30|-88|CG0218291|-25|-91|CG0218291|-25|-91|CG0218292|-10|-92|CG0218292|-10|-92|CG0218293|-31|-105|CG0218293|-31|-105|CG0218294|-52|-110|CG0218294|-52|-110|CG0218295|-77|-101|CG0218295|-77|-101|CG0218296|-91|-97|CG0218296|-91|-97|CG0218297|-74|-80|CG0218297|-74|-80
512|1|6|2000|14|CG0218313|-34|-81|CG0218314|-38|-83|CG0218315|-42|-83|CG0218316|-44|-81|CG0218317|-41|-83|CG0218318|-35|-83|CG0218313|-34|-81|CG0218314|-38|-83|CG0218315|-42|-83|CG0218316|-44|-81|CG0218317|-41|-83|CG0218318|-35|-83|CG0218313|-34|-81|CG0218313|-34|-81
512|1|7|986|7|CG0252897|-23|-72|CG0252898|-22|-72|CG0252899|-20|-72|CG0252885|-11|-60|CG0252886|-22|-70|CG0252886|-22|-70|CG0252887|-22|-73
512|1|8|1000|2|CG0218310|-31|-76|CG0218311|-46|-79
512|1|9|1000|1|CG0218312|-31|-65
512|1|10|1000|6|CG0218304|-36|-73|CG0218305|-38|-76|CG0218306|-40|-72|CG0218307|-44|-69|CG0218308|-52|-64|CG0218309|-54|-53
512|2|0|2000|13|CG0218361|-36|-79|CG0218362|-36|-79|CG0218362|-36|-79|CG0218362|-36|-79|CG0218362|-36|-79|CG0218362|-36|-79|CG0218362|-36|-79|CG0218362|-36|-79|CG0218363|-35|-80|CG0218364|-34|-80|CG0218365|-34|-78|CG0218366|-35|-78|CG0218367|-37|-79
512|2|1|1000|6|CG0218368|-36|-76|CG0218369|-37|-75|CG0218370|-36|-74|CG0218371|-37|-76|CG0218372|-36|-74|CG0218373|-38|-75
512|2|2|100|1|CG0221481|-14|-32
512|2|3|300|6|CG0218340|-39|-74|CG0218341|-41|-74|CG0218342|-49|-74|CG0218343|-47|-74|CG0218344|-43|-74|CG0218345|-34|-74
512|2|4|100|1|CG0221490|-25|-28
512|2|5|500|16|CG0218332|-25|-80|CG0218332|-25|-80|CG0218333|-21|-86|CG0218333|-21|-86|CG0218334|6|-78|CG0218334|6|-78|CG0218335|15|-97|CG0218335|15|-97|CG0218336|-6|-106|CG0218336|-6|-106|CG0218337|-16|-106|CG0218337|-16|-106|CG0218338|-52|-110|CG0218338|-52|-110|CG0218339|-60|-89|CG0218339|-60|-89
512|2|6|2000|14|CG0218355|-32|-78|CG0218356|-34|-82|CG0218357|-38|-84|CG0218358|-38|-82|CG0218359|-36|-83|CG0218360|-34|-81|CG0218355|-32|-78|CG0218356|-34|-82|CG0218357|-38|-84|CG0218358|-38|-82|CG0218359|-36|-83|CG0218360|-34|-81|CG0218355|-32|-78|CG0218355|-32|-78
512|2|7|986|7|CG0252919|-18|-72|CG0252920|-13|-72|CG0252921|-10|-71|CG0252907|-29|-60|CG0252908|-24|-70|CG0252908|-24|-70|CG0252909|-26|-71
512|2|8|1000|2|CG0218352|-36|-72|CG0218353|-49|-81
512|2|9|1000|1|CG0218354|-34|-66
512|2|10|1000|6|CG0218346|-37|-73|CG0218347|-38|-76|CG0218348|-41|-72|CG0218349|-44|-69|CG0218350|-46|-62|CG0218351|-47|-51
512|3|0|2000|13|CG0218403|-39|-77|CG0218404|-39|-77|CG0218404|-39|-77|CG0218404|-39|-77|CG0218404|-39|-77|CG0218404|-39|-77|CG0218404|-39|-77|CG0218404|-39|-77|CG0218405|-38|-76|CG0218406|-37|-74|CG0218407|-38|-73|CG0218408|-39|-73|CG0218409|-40|-74
512|3|1|1000|6|CG0218410|-40|-75|CG0218411|-40|-74|CG0218412|-39|-71|CG0218413|-38|-73|CG0218414|-39|-71|CG0218415|-40|-73
512|3|2|100|1|CG0221534|-13|-26
512|3|3|300|6|CG0218382|-52|-66|CG0218383|-53|-67|CG0218384|-55|-66|CG0218385|-53|-66|CG0218386|-54|-67|CG0218387|-52|-67
512|3|4|100|1|CG0221543|-20|-28
512|3|5|500|16|CG0218374|-32|-68|CG0218374|-32|-68|CG0218375|-33|-75|CG0218375|-33|-75|CG0218376|-12|-62|CG0218376|-12|-62|CG0218377|22|-78|CG0218377|22|-78|CG0218378|23|-87|CG0218378|23|-87|CG0218379|15|-89|CG0218379|15|-89|CG0218380|-16|-104|CG0218380|-16|-104|CG0218381|-32|-93|CG0218381|-32|-93
512|3|6|2000|14|CG0218397|-39|-74|CG0218398|-38|-78|CG0218399|-40|-81|CG0218400|-38|-80|CG0218401|-39|-80|CG0218402|-40|-76|CG0218397|-39|-74|CG0218398|-38|-78|CG0218399|-40|-81|CG0218400|-38|-80|CG0218401|-39|-80|CG0218402|-40|-76|CG0218397|-39|-74|CG0218397|-39|-74
512|3|7|986|7|CG0252941|-14|-72|CG0252942|-12|-72|CG0252943|-14|-71|CG0252929|-40|-65|CG0252930|-29|-66|CG0252930|-29|-66|CG0252931|-21|-69
512|3|8|1000|2|CG0218394|-42|-69|CG0218395|-49|-85
512|3|9|1000|1|CG0218396|-37|-64
512|3|10|1000|6|CG0218388|-41|-70|CG0218389|-40|-71|CG0218390|-39|-69|CG0218391|-40|-65|CG0218392|-42|-54|CG0218393|-43|-43
512|4|0|2000|13|CG0218445|-35|-70|CG0218446|-35|-71|CG0218446|-35|-71|CG0218446|-35|-71|CG0218446|-35|-71|CG0218446|-35|-71|CG0218446|-35|-71|CG0218446|-35|-71|CG0218447|-35|-70|CG0218448|-33|-68|CG0218449|-34|-67|CG0218450|-35|-68|CG0218451|-36|-69
512|4|1|1000|6|CG0218452|-36|-69|CG0218453|-35|-68|CG0218454|-34|-67|CG0218455|-33|-68|CG0218456|-34|-67|CG0218457|-34|-68
512|4|2|100|1|CG0221587|-12|-20
512|4|3|300|6|CG0218424|-47|-59|CG0218425|-44|-59|CG0218426|-38|-59|CG0218427|-40|-60|CG0218428|-43|-60|CG0218429|-51|-60
512|4|4|100|1|CG0221596|-25|-27
512|4|5|500|16|CG0218416|-43|-67|CG0218416|-43|-67|CG0218417|-50|-67|CG0218417|-50|-67|CG0218418|-52|-59|CG0218418|-52|-59|CG0218419|-14|-55|CG0218419|-14|-55|CG0218420|10|-61|CG0218420|10|-61|CG0218421|15|-67|CG0218421|15|-67|CG0218422|17|-88|CG0218422|17|-88|CG0218423|-19|-94|CG0218423|-19|-94
512|4|6|2000|14|CG0218439|-37|-69|CG0218440|-36|-73|CG0218441|-34|-75|CG0218442|-32|-73|CG0218443|-35|-74|CG0218444|-38|-71|CG0218439|-37|-69|CG0218440|-36|-73|CG0218441|-34|-75|CG0218442|-32|-73|CG0218443|-35|-74|CG0218444|-38|-71|CG0218439|-37|-69|CG0218439|-37|-69
512|4|7|986|7|CG0252963|-19|-74|CG0252964|-19|-72|CG0252965|-19|-71|CG0252951|-35|-72|CG0252952|-24|-57|CG0252952|-24|-57|CG0252953|-21|-66
512|4|8|1000|2|CG0218436|-37|-73|CG0218437|-47|-88
512|4|9|1000|1|CG0218438|-33|-58
512|4|10|1000|6|CG0218430|-36|-70|CG0218431|-37|-66|CG0218432|-40|-64|CG0218433|-43|-60|CG0218434|-45|-50|CG0218435|-48|-48
512|5|0|2000|13|CG0218487|-37|-74|CG0218488|-37|-74|CG0218488|-37|-74|CG0218488|-37|-74|CG0218488|-37|-74|CG0218488|-37|-74|CG0218488|-37|-74|CG0218488|-37|-74|CG0218489|-36|-73|CG0218490|-37|-72|CG0218491|-38|-71|CG0218492|-38|-72|CG0218493|-37|-74
512|5|1|1000|6|CG0218494|-35|-66|CG0218495|-29|-64|CG0218496|-38|-65|CG0218497|-40|-66|CG0218498|-40|-64|CG0218499|-38|-64
512|5|2|100|1|CG0221640|-20|-17
512|5|3|300|6|CG0218466|-41|-61|CG0218467|-41|-61|CG0218468|-41|-61|CG0218469|-41|-61|CG0218470|-41|-61|CG0218471|-41|-61
512|5|4|100|1|CG0221649|-20|-27
512|5|5|500|16|CG0218458|-49|-68|CG0218458|-49|-68|CG0218459|-63|-76|CG0218459|-63|-76|CG0218460|-95|-66|CG0218460|-95|-66|CG0218461|-70|-44|CG0218461|-70|-44|CG0218462|-38|-46|CG0218462|-38|-46|CG0218463|-21|-51|CG0218463|-21|-51|CG0218464|6|-68|CG0218464|6|-68|CG0218465|-11|-81|CG0218465|-11|-81
512|5|6|2000|14|CG0218481|-42|-73|CG0218482|-40|-75|CG0218483|-35|-75|CG0218484|-32|-73|CG0218485|-35|-76|CG0218486|-41|-75|CG0218481|-42|-73|CG0218482|-40|-75|CG0218483|-35|-75|CG0218484|-32|-73|CG0218485|-35|-76|CG0218486|-41|-75|CG0218481|-42|-73|CG0218481|-42|-73
512|5|7|986|7|CG0252985|-23|-73|CG0252986|-21|-72|CG0252987|-19|-71|CG0252973|-17|-76|CG0252974|-10|-50|CG0252974|-10|-50|CG0252975|-26|-63
512|5|8|1000|2|CG0218478|-26|-77|CG0218479|-43|-91
512|5|9|1000|1|CG0218480|-31|-61
512|5|10|1000|6|CG0218472|-38|-66|CG0218473|-39|-64|CG0218474|-41|-61|CG0218475|-44|-56|CG0218476|-49|-55|CG0218477|-51|-53
512|6|0|2000|13|CG0218529|-44|-70|CG0218530|-46|-70|CG0218530|-46|-70|CG0218530|-46|-70|CG0218530|-46|-70|CG0218530|-46|-70|CG0218530|-46|-70|CG0218530|-46|-70|CG0218531|-46|-70|CG0218532|-47|-69|CG0218533|-46|-67|CG0218534|-45|-69|CG0218535|-45|-70
512|6|1|1000|6|CG0218536|-42|-68|CG0218537|-42|-66|CG0218538|-45|-68|CG0218539|-44|-69|CG0218540|-44|-67|CG0218541|-42|-66
512|6|2|100|1|CG0221693|-28|-20
512|6|3|300|6|CG0218508|-55|-60|CG0218509|-55|-60|CG0218510|-55|-60|CG0218511|-55|-60|CG0218512|-55|-60|CG0218513|-55|-60
512|6|4|100|1|CG0221702|-26|-27
512|6|5|500|16|CG0218500|-65|-70|CG0218500|-65|-70|CG0218501|-72|-86|CG0218501|-72|-86|CG0218502|-109|-79|CG0218502|-109|-79|CG0218503|-111|-56|CG0218503|-111|-56|CG0218504|-98|-53|CG0218504|-98|-53|CG0218505|-79|-51|CG0218505|-79|-51|CG0218506|-36|-50|CG0218506|-36|-50|CG0218507|-20|-68|CG0218507|-20|-68
512|6|6|2000|14|CG0218523|-49|-73|CG0218524|-46|-74|CG0218525|-44|-73|CG0218526|-43|-71|CG0218527|-45|-73|CG0218528|-48|-75|CG0218523|-49|-73|CG0218524|-46|-74|CG0218525|-44|-73|CG0218526|-43|-71|CG0218527|-45|-73|CG0218528|-48|-75|CG0218523|-49|-73|CG0218523|-49|-73
512|6|7|986|7|CG0253007|-18|-74|CG0253008|-17|-73|CG0253009|-17|-73|CG0252995|-16|-77|CG0252996|-27|-48|CG0252996|-27|-48|CG0252997|-32|-63
512|6|8|1000|2|CG0218520|-43|-75|CG0218521|-47|-91
512|6|9|1000|1|CG0218522|-40|-58
512|6|10|1000|6|CG0218514|-48|-69|CG0218515|-48|-65|CG0218516|-48|-64|CG0218517|-47|-60|CG0218518|-49|-50|CG0218519|-49|-49
512|7|0|2000|13|CG0218571|-44|-77|CG0218572|-46|-77|CG0218572|-46|-77|CG0218572|-46|-77|CG0218572|-46|-77|CG0218572|-46|-77|CG0218572|-46|-77|CG0218572|-46|-77|CG0218573|-47|-75|CG0218574|-47|-74|CG0218575|-46|-73|CG0218576|-45|-72|CG0218577|-44|-74
512|7|1|1000|6|CG0218578|-44|-73|CG0218579|-44|-73|CG0218580|-42|-73|CG0218581|-40|-72|CG0218582|-41|-72|CG0218583|-43|-70
512|7|2|100|1|CG0221746|-31|-26
512|7|3|300|6|CG0218550|-58|-67|CG0218551|-58|-67|CG0218552|-58|-68|CG0218553|-58|-67|CG0218554|-57|-67|CG0218555|-58|-67
512|7|4|100|1|CG0221755|-20|-28
512|7|5|500|16|CG0218542|-57|-78|CG0218542|-57|-78|CG0218543|-61|-91|CG0218543|-61|-91|CG0218544|-88|-92|CG0218544|-88|-92|CG0218545|-113|-78|CG0218545|-113|-78|CG0218546|-125|-74|CG0218546|-125|-74|CG0218547|-118|-65|CG0218547|-118|-65|CG0218548|-87|-47|CG0218548|-87|-47|CG0218549|-46|-65|CG0218549|-46|-65
512|7|6|2000|14|CG0218565|-45|-80|CG0218566|-46|-80|CG0218567|-46|-78|CG0218568|-46|-75|CG0218569|-46|-78|CG0218570|-45|-81|CG0218565|-45|-80|CG0218566|-46|-80|CG0218567|-46|-78|CG0218568|-46|-75|CG0218569|-46|-78|CG0218570|-45|-81|CG0218565|-45|-80|CG0218565|-45|-80
512|7|7|986|7|CG0253029|-18|-74|CG0253030|-18|-74|CG0253031|-18|-74|CG0253017|-21|-72|CG0253018|-41|-54|CG0253018|-41|-54|CG0253019|-24|-67
512|7|8|1000|2|CG0218562|-45|-69|CG0218563|-37|-87
512|7|9|1000|1|CG0218564|-40|-64
512|7|10|1000|6|CG0218556|-48|-70|CG0218557|-48|-71|CG0218558|-50|-69|CG0218559|-48|-66|CG0218560|-50|-55|CG0218561|-50|-43
