515|0|0|7000|41|CG0219277|-39|-79|CG0219278|-41|-80|CG0219279|-43|-80|CG0219280|-43|-78|CG0219281|-41|-78|CG0219282|-40|-79|CG0219277|-39|-79|CG0219278|-41|-80|CG0219279|-43|-80|CG0219280|-43|-78|CG0219281|-41|-78|CG0219282|-40|-79|CG0219277|-39|-79|CG0219278|-41|-80|CG0219279|-43|-80|CG0219280|-43|-78|CG0219281|-41|-78|CG0219282|-40|-79|CG0219277|-39|-79|CG0219278|-41|-80|CG0219279|-43|-80|CG0219280|-43|-78|CG0219281|-41|-78|CG0219282|-40|-79|CG0219277|-39|-79|CG0219278|-41|-80|CG0219279|-43|-80|CG0219280|-43|-78|CG0219281|-41|-78|CG0219282|-40|-79|CG0219277|-39|-79|CG0219278|-41|-80|CG0219279|-43|-80|CG0219280|-43|-78|CG0219281|-41|-78|CG0219282|-40|-79|CG0219276|-39|-79|CG0219277|-39|-79|CG0219276|-39|-79|CG0219277|-39|-79|CG0219276|-39|-79
515|0|1|1000|8|CG0219283|-36|-75|CG0219283|-36|-75|CG0219284|-37|-74|CG0219285|-38|-74|CG0219286|-44|-75|CG0219286|-44|-75|CG0219287|-39|-74|CG0219288|-40|-73
515|0|2|100|1|CG0221375|-29|-32
515|0|3|500|6|CG0219255|-46|-74|CG0219256|-47|-74|CG0219257|-48|-74|CG0219258|-47|-74|CG0219259|-46|-74|CG0219260|-46|-74
515|0|4|100|1|CG0221384|-25|-28
515|0|5|1000|20|CG0219248|-53|-87|CG0219248|-53|-87|CG0219249|-61|-99|CG0219249|-61|-99|CG0219250|-61|-91|CG0219250|-61|-91|CG0219249|-61|-99|CG0219249|-61|-99|CG0219250|-61|-91|CG0219250|-61|-91|CG0219251|-62|-90|CG0219251|-62|-90|CG0219252|-58|-84|CG0219252|-58|-84|CG0219252|-58|-84|CG0219252|-58|-84|CG0219253|-30|-78|CG0219253|-30|-78|CG0219254|-31|-81|CG0219254|-31|-81
515|0|6|2000|15|CG0219270|-30|-82|CG0219271|-33|-84|CG0219272|-37|-82|CG0219273|-39|-78|CG0219274|-36|-82|CG0219275|-31|-84|CG0219270|-30|-82|CG0219271|-33|-84|CG0219272|-37|-82|CG0219273|-39|-78|CG0219274|-36|-82|CG0219275|-31|-84|CG0219270|-30|-82|CG0219270|-30|-82|CG0219270|-30|-82
515|0|7|986|7|CG0252875|-18|-73|CG0252876|-22|-73|CG0252877|-23|-73|CG0252863|-17|-64|CG0252864|-34|-63|CG0252864|-34|-63|CG0252865|-22|-71
515|0|8|1000|2|CG0219267|-36|-72|CG0219268|-36|-87
515|0|9|1000|1|CG0219269|-34|-66
515|0|10|1200|6|CG0219261|-39|-73|CG0219262|-40|-76|CG0219263|-40|-72|CG0219264|-43|-69|CG0219265|-45|-62|CG0219266|-46|-51
515|1|0|7000|41|CG0219318|-35|-80|CG0219319|-35|-81|CG0219320|-36|-81|CG0219321|-37|-79|CG0219322|-37|-78|CG0219323|-37|-79|CG0219318|-35|-80|CG0219319|-35|-81|CG0219320|-36|-81|CG0219321|-37|-79|CG0219322|-37|-78|CG0219323|-37|-79|CG0219318|-35|-80|CG0219319|-35|-81|CG0219320|-36|-81|CG0219321|-37|-79|CG0219322|-37|-78|CG0219323|-37|-79|CG0219318|-35|-80|CG0219319|-35|-81|CG0219320|-36|-81|CG0219321|-37|-79|CG0219322|-37|-78|CG0219323|-37|-79|CG0219318|-35|-80|CG0219319|-35|-81|CG0219320|-36|-81|CG0219321|-37|-79|CG0219322|-37|-78|CG0219323|-37|-79|CG0219318|-35|-80|CG0219319|-35|-81|CG0219320|-36|-81|CG0219321|-37|-79|CG0219322|-37|-78|CG0219323|-37|-79|CG0219317|-35|-80|CG0219318|-35|-80|CG0219317|-35|-80|CG0219318|-35|-80|CG0219317|-35|-80
515|1|1|1000|8|CG0219324|-39|-75|CG0219324|-39|-75|CG0219325|-37|-74|CG0219326|-35|-74|CG0219327|-39|-75|CG0219327|-39|-75|CG0219328|-35|-74|CG0219329|-41|-74
515|1|2|100|1|CG0221428|-20|-34
515|1|3|500|6|CG0219296|-40|-77|CG0219297|-40|-77|CG0219298|-40|-77|CG0219299|-40|-77|CG0219300|-40|-77|CG0219301|-40|-77
515|1|4|100|1|CG0221437|-20|-28
515|1|5|1000|20|CG0219289|-38|-87|CG0219289|-38|-87|CG0219290|-32|-93|CG0219290|-32|-93|CG0219291|-32|-91|CG0219291|-32|-91|CG0219290|-32|-93|CG0219290|-32|-93|CG0219291|-32|-91|CG0219291|-32|-91|CG0219292|-31|-89|CG0219292|-31|-89|CG0219293|-28|-83|CG0219293|-28|-83|CG0219293|-28|-83|CG0219293|-28|-83|CG0219294|-28|-76|CG0219294|-28|-76|CG0219295|-37|-78|CG0219295|-37|-78
515|1|6|2000|15|CG0219311|-34|-81|CG0219312|-38|-83|CG0219313|-42|-83|CG0219314|-44|-81|CG0219315|-41|-83|CG0219316|-35|-83|CG0219311|-34|-81|CG0219312|-38|-83|CG0219313|-42|-83|CG0219314|-44|-81|CG0219315|-41|-83|CG0219316|-35|-83|CG0219311|-34|-81|CG0219311|-34|-81|CG0219311|-34|-81
515|1|7|986|7|CG0252897|-23|-72|CG0252898|-22|-72|CG0252899|-20|-72|CG0252885|-11|-60|CG0252886|-22|-70|CG0252886|-22|-70|CG0252887|-22|-73
515|1|8|1000|2|CG0219308|-31|-76|CG0219309|-46|-82
515|1|9|1000|1|CG0219310|-31|-65
515|1|10|1200|6|CG0219302|-36|-73|CG0219303|-38|-76|CG0219304|-40|-72|CG0219305|-44|-69|CG0219306|-52|-64|CG0219307|-54|-53
515|2|0|7000|41|CG0219359|-36|-79|CG0219360|-35|-80|CG0219361|-34|-80|CG0219362|-34|-78|CG0219363|-35|-78|CG0219364|-37|-79|CG0219359|-36|-79|CG0219360|-35|-80|CG0219361|-34|-80|CG0219362|-34|-78|CG0219363|-35|-78|CG0219364|-37|-79|CG0219359|-36|-79|CG0219360|-35|-80|CG0219361|-34|-80|CG0219362|-34|-78|CG0219363|-35|-78|CG0219364|-37|-79|CG0219359|-36|-79|CG0219360|-35|-80|CG0219361|-34|-80|CG0219362|-34|-78|CG0219363|-35|-78|CG0219364|-37|-79|CG0219359|-36|-79|CG0219360|-35|-80|CG0219361|-34|-80|CG0219362|-34|-78|CG0219363|-35|-78|CG0219364|-37|-79|CG0219359|-36|-79|CG0219360|-35|-80|CG0219361|-34|-80|CG0219362|-34|-78|CG0219363|-35|-78|CG0219364|-37|-79|CG0219358|-36|-79|CG0219359|-36|-79|CG0219358|-36|-79|CG0219359|-36|-79|CG0219358|-36|-79
515|2|1|1000|8|CG0219365|-36|-76|CG0219365|-36|-76|CG0219366|-37|-75|CG0219367|-36|-74|CG0219368|-37|-76|CG0219368|-37|-76|CG0219369|-36|-74|CG0219370|-38|-75
515|2|2|100|1|CG0221481|-14|-32
515|2|3|500|6|CG0219337|-39|-74|CG0219338|-41|-74|CG0219339|-49|-74|CG0219340|-47|-74|CG0219341|-43|-74|CG0219342|-34|-74
515|2|4|100|1|CG0221490|-25|-28
515|2|5|1000|20|CG0219330|-25|-85|CG0219330|-25|-85|CG0219331|-13|-87|CG0219331|-13|-87|CG0219332|-16|-86|CG0219332|-16|-86|CG0219331|-13|-87|CG0219331|-13|-87|CG0219332|-16|-86|CG0219332|-16|-86|CG0219333|-25|-86|CG0219333|-25|-86|CG0219334|-34|-82|CG0219334|-34|-82|CG0219334|-34|-82|CG0219334|-34|-82|CG0219335|-39|-78|CG0219335|-39|-78|CG0219336|-38|-81|CG0219336|-38|-81
515|2|6|2000|15|CG0219352|-32|-78|CG0219353|-34|-82|CG0219354|-38|-84|CG0219355|-38|-82|CG0219356|-36|-83|CG0219357|-34|-81|CG0219352|-32|-78|CG0219353|-34|-82|CG0219354|-38|-84|CG0219355|-38|-82|CG0219356|-36|-83|CG0219357|-34|-81|CG0219352|-32|-78|CG0219352|-32|-78|CG0219352|-32|-78
515|2|7|986|7|CG0252919|-18|-72|CG0252920|-13|-72|CG0252921|-10|-71|CG0252907|-29|-60|CG0252908|-24|-70|CG0252908|-24|-70|CG0252909|-26|-71
515|2|8|1000|2|CG0219349|-36|-72|CG0219350|-49|-81
515|2|9|1000|1|CG0219351|-34|-66
515|2|10|1200|6|CG0219343|-37|-73|CG0219344|-38|-76|CG0219345|-41|-72|CG0219346|-44|-69|CG0219347|-46|-62|CG0219348|-47|-51
515|3|0|7000|41|CG0219400|-39|-77|CG0219401|-38|-76|CG0219402|-37|-74|CG0219403|-38|-73|CG0219404|-39|-73|CG0219405|-40|-74|CG0219400|-39|-77|CG0219401|-38|-76|CG0219402|-37|-74|CG0219403|-38|-73|CG0219404|-39|-73|CG0219405|-40|-74|CG0219400|-39|-77|CG0219401|-38|-76|CG0219402|-37|-74|CG0219403|-38|-73|CG0219404|-39|-73|CG0219405|-40|-74|CG0219400|-39|-77|CG0219401|-38|-76|CG0219402|-37|-74|CG0219403|-38|-73|CG0219404|-39|-73|CG0219405|-40|-74|CG0219400|-39|-77|CG0219401|-38|-76|CG0219402|-37|-74|CG0219403|-38|-73|CG0219404|-39|-73|CG0219405|-40|-74|CG0219400|-39|-77|CG0219401|-38|-76|CG0219402|-37|-74|CG0219403|-38|-73|CG0219404|-39|-73|CG0219405|-40|-74|CG0219399|-39|-77|CG0219400|-39|-77|CG0219399|-39|-77|CG0219400|-39|-77|CG0219399|-39|-77
515|3|1|1000|8|CG0219406|-40|-75|CG0219406|-40|-75|CG0219407|-40|-74|CG0219408|-39|-71|CG0219409|-38|-73|CG0219409|-38|-73|CG0219410|-39|-71|CG0219411|-40|-73
515|3|2|100|1|CG0221534|-13|-26
515|3|3|500|6|CG0219378|-52|-66|CG0219379|-56|-67|CG0219380|-56|-66|CG0219381|-56|-66|CG0219382|-56|-67|CG0219383|-52|-67
515|3|4|100|1|CG0221543|-20|-28
515|3|5|1000|20|CG0219371|-25|-78|CG0219371|-25|-78|CG0219372|-6|-70|CG0219372|-6|-70|CG0219373|-12|-71|CG0219373|-12|-71|CG0219372|-6|-70|CG0219372|-6|-70|CG0219373|-12|-71|CG0219373|-12|-71|CG0219374|-24|-76|CG0219374|-24|-76|CG0219375|-37|-77|CG0219375|-37|-77|CG0219375|-37|-77|CG0219375|-37|-77|CG0219376|-43|-82|CG0219376|-43|-82|CG0219377|-44|-85|CG0219377|-44|-85
515|3|6|2000|15|CG0219393|-39|-74|CG0219394|-38|-78|CG0219395|-40|-81|CG0219396|-38|-80|CG0219397|-39|-80|CG0219398|-40|-76|CG0219393|-39|-74|CG0219394|-38|-78|CG0219395|-40|-81|CG0219396|-38|-80|CG0219397|-39|-80|CG0219398|-40|-76|CG0219393|-39|-74|CG0219393|-39|-74|CG0219393|-39|-74
515|3|7|986|7|CG0252941|-14|-72|CG0252942|-12|-72|CG0252943|-14|-71|CG0252929|-40|-65|CG0252930|-29|-66|CG0252930|-29|-66|CG0252931|-21|-69
515|3|8|1000|2|CG0219390|-42|-69|CG0219391|-49|-85
515|3|9|1000|1|CG0219392|-37|-64
515|3|10|1200|6|CG0219384|-42|-70|CG0219385|-40|-71|CG0219386|-39|-69|CG0219387|-40|-65|CG0219388|-42|-54|CG0219389|-43|-43
515|4|0|7000|41|CG0219441|-35|-71|CG0219442|-35|-70|CG0219443|-33|-68|CG0219444|-34|-67|CG0219445|-35|-68|CG0219446|-36|-69|CG0219441|-35|-71|CG0219442|-35|-70|CG0219443|-33|-68|CG0219444|-34|-67|CG0219445|-35|-68|CG0219446|-36|-69|CG0219441|-35|-71|CG0219442|-35|-70|CG0219443|-33|-68|CG0219444|-34|-67|CG0219445|-35|-68|CG0219446|-36|-69|CG0219441|-35|-71|CG0219442|-35|-70|CG0219443|-33|-68|CG0219444|-34|-67|CG0219445|-35|-68|CG0219446|-36|-69|CG0219441|-35|-71|CG0219442|-35|-70|CG0219443|-33|-68|CG0219444|-34|-67|CG0219445|-35|-68|CG0219446|-36|-69|CG0219441|-35|-71|CG0219442|-35|-70|CG0219443|-33|-68|CG0219444|-34|-67|CG0219445|-35|-68|CG0219446|-36|-69|CG0219440|-35|-70|CG0219441|-35|-71|CG0219440|-35|-70|CG0219441|-35|-71|CG0219440|-35|-70
515|4|1|1000|8|CG0219447|-36|-69|CG0219447|-36|-69|CG0219448|-35|-68|CG0219449|-34|-67|CG0219450|-33|-68|CG0219450|-33|-68|CG0219451|-35|-67|CG0219452|-34|-68
515|4|2|100|1|CG0221587|-12|-20
515|4|3|500|6|CG0219419|-47|-59|CG0219420|-44|-59|CG0219421|-38|-59|CG0219422|-40|-60|CG0219423|-43|-60|CG0219424|-51|-60
515|4|4|100|1|CG0221596|-25|-27
515|4|5|1000|20|CG0219412|-31|-68|CG0219412|-31|-68|CG0219413|-13|-58|CG0219413|-13|-58|CG0219414|-16|-61|CG0219414|-16|-61|CG0219413|-13|-58|CG0219413|-13|-58|CG0219414|-16|-61|CG0219414|-16|-61|CG0219415|-25|-69|CG0219415|-25|-69|CG0219416|-34|-72|CG0219416|-34|-72|CG0219416|-34|-72|CG0219416|-34|-72|CG0219417|-47|-85|CG0219417|-47|-85|CG0219418|-48|-79|CG0219418|-48|-79
515|4|6|2000|15|CG0219434|-38|-69|CG0219435|-36|-73|CG0219436|-34|-75|CG0219437|-32|-73|CG0219438|-35|-74|CG0219439|-38|-71|CG0219434|-38|-69|CG0219435|-36|-73|CG0219436|-34|-75|CG0219437|-32|-73|CG0219438|-35|-74|CG0219439|-38|-71|CG0219434|-38|-69|CG0219434|-38|-69|CG0219434|-38|-69
515|4|7|986|7|CG0252963|-19|-74|CG0252964|-19|-72|CG0252965|-19|-71|CG0252951|-35|-72|CG0252952|-24|-57|CG0252952|-24|-57|CG0252953|-21|-66
515|4|8|1000|2|CG0219431|-37|-73|CG0219432|-47|-88
515|4|9|1000|1|CG0219433|-33|-58
515|4|10|1200|6|CG0219425|-36|-70|CG0219426|-37|-66|CG0219427|-40|-64|CG0219428|-43|-60|CG0219429|-45|-50|CG0219430|-48|-48
515|5|0|7000|41|CG0219482|-37|-74|CG0219483|-36|-73|CG0219484|-37|-72|CG0219485|-38|-71|CG0219486|-38|-72|CG0219487|-37|-74|CG0219482|-37|-74|CG0219483|-36|-73|CG0219484|-37|-72|CG0219485|-38|-71|CG0219486|-38|-72|CG0219487|-37|-74|CG0219482|-37|-74|CG0219483|-36|-73|CG0219484|-37|-72|CG0219485|-38|-71|CG0219486|-38|-72|CG0219487|-37|-74|CG0219482|-37|-74|CG0219483|-36|-73|CG0219484|-37|-72|CG0219485|-38|-71|CG0219486|-38|-72|CG0219487|-37|-74|CG0219482|-37|-74|CG0219483|-36|-73|CG0219484|-37|-72|CG0219485|-38|-71|CG0219486|-38|-72|CG0219487|-37|-74|CG0219482|-37|-74|CG0219483|-36|-73|CG0219484|-37|-72|CG0219485|-38|-71|CG0219486|-38|-72|CG0219487|-37|-74|CG0219481|-37|-74|CG0219482|-37|-74|CG0219481|-37|-74|CG0219482|-37|-74|CG0219481|-37|-74
515|5|1|1000|8|CG0219488|-35|-66|CG0219488|-35|-66|CG0219489|-29|-64|CG0219490|-38|-65|CG0219491|-40|-66|CG0219491|-40|-66|CG0219492|-40|-64|CG0219493|-38|-64
515|5|2|100|1|CG0221640|-20|-17
515|5|3|500|6|CG0219460|-41|-61|CG0219461|-41|-61|CG0219462|-41|-61|CG0219463|-41|-61|CG0219464|-41|-61|CG0219465|-41|-61
515|5|4|100|1|CG0221649|-20|-27
515|5|5|1000|20|CG0219453|-54|-65|CG0219453|-54|-65|CG0219454|-56|-56|CG0219454|-56|-56|CG0219455|-60|-61|CG0219455|-60|-61|CG0219454|-56|-56|CG0219454|-56|-56|CG0219455|-60|-61|CG0219455|-60|-61|CG0219456|-61|-70|CG0219456|-61|-70|CG0219457|-52|-76|CG0219457|-52|-76|CG0219457|-52|-76|CG0219457|-52|-76|CG0219458|-37|-81|CG0219458|-37|-81|CG0219459|-47|-73|CG0219459|-47|-73
515|5|6|2000|15|CG0219475|-42|-73|CG0219476|-40|-75|CG0219477|-35|-75|CG0219478|-32|-73|CG0219479|-35|-76|CG0219480|-41|-75|CG0219475|-42|-73|CG0219476|-40|-75|CG0219477|-35|-75|CG0219478|-32|-73|CG0219479|-35|-76|CG0219480|-41|-75|CG0219475|-42|-73|CG0219475|-42|-73|CG0219475|-42|-73
515|5|7|986|7|CG0252985|-23|-73|CG0252986|-21|-72|CG0252987|-19|-71|CG0252973|-17|-76|CG0252974|-10|-50|CG0252974|-10|-50|CG0252975|-26|-63
515|5|8|1000|2|CG0219472|-26|-77|CG0219473|-43|-91
515|5|9|1000|1|CG0219474|-31|-61
515|5|10|1200|6|CG0219466|-38|-66|CG0219467|-39|-64|CG0219468|-41|-61|CG0219469|-44|-56|CG0219470|-49|-55|CG0219471|-51|-53
515|6|0|7000|41|CG0219523|-52|-71|CG0219524|-54|-70|CG0219525|-54|-69|CG0219526|-53|-67|CG0219527|-52|-69|CG0219528|-52|-70|CG0219523|-52|-71|CG0219524|-54|-70|CG0219525|-54|-69|CG0219526|-53|-67|CG0219527|-52|-69|CG0219528|-52|-70|CG0219523|-52|-71|CG0219524|-54|-70|CG0219525|-54|-69|CG0219526|-53|-67|CG0219527|-52|-69|CG0219528|-52|-70|CG0219523|-52|-71|CG0219524|-54|-70|CG0219525|-54|-69|CG0219526|-53|-67|CG0219527|-52|-69|CG0219528|-52|-70|CG0219523|-52|-71|CG0219524|-54|-70|CG0219525|-54|-69|CG0219526|-53|-67|CG0219527|-52|-69|CG0219528|-52|-70|CG0219523|-52|-71|CG0219524|-54|-70|CG0219525|-54|-69|CG0219526|-53|-67|CG0219527|-52|-69|CG0219528|-52|-70|CG0219522|-51|-70|CG0219523|-52|-71|CG0219522|-51|-70|CG0219523|-52|-71|CG0219522|-51|-70
515|6|1|1000|8|CG0219529|-48|-68|CG0219529|-48|-68|CG0219530|-49|-66|CG0219531|-52|-68|CG0219532|-52|-69|CG0219532|-52|-69|CG0219533|-52|-67|CG0219534|-49|-66
515|6|2|100|1|CG0221693|-28|-20
515|6|3|500|6|CG0219501|-61|-60|CG0219502|-61|-60|CG0219503|-61|-60|CG0219504|-61|-60|CG0219505|-61|-60|CG0219506|-61|-60
515|6|4|100|1|CG0221702|-26|-27
515|6|5|1000|20|CG0219494|-50|-76|CG0219494|-50|-76|CG0219495|-81|-61|CG0219495|-81|-61|CG0219496|-84|-61|CG0219496|-84|-61|CG0219495|-81|-61|CG0219495|-81|-61|CG0219496|-84|-61|CG0219496|-84|-61|CG0219497|-80|-68|CG0219497|-80|-68|CG0219498|-67|-72|CG0219498|-67|-72|CG0219498|-67|-72|CG0219498|-67|-72|CG0219499|-31|-87|CG0219499|-31|-87|CG0219500|-30|-84|CG0219500|-30|-84
515|6|6|2000|15|CG0219516|-56|-73|CG0219517|-53|-74|CG0219518|-51|-73|CG0219519|-49|-71|CG0219520|-52|-73|CG0219521|-55|-75|CG0219516|-56|-73|CG0219517|-53|-74|CG0219518|-51|-73|CG0219519|-49|-71|CG0219520|-52|-73|CG0219521|-55|-75|CG0219516|-56|-73|CG0219516|-56|-73|CG0219516|-56|-73
515|6|7|986|7|CG0253007|-18|-74|CG0253008|-17|-73|CG0253009|-17|-73|CG0252995|-16|-77|CG0252996|-27|-48|CG0252996|-27|-48|CG0252997|-32|-63
515|6|8|1000|2|CG0219513|-49|-75|CG0219514|-55|-91
515|6|9|1000|1|CG0219515|-45|-58
515|6|10|1200|6|CG0219507|-52|-69|CG0219508|-52|-66|CG0219509|-57|-64|CG0219510|-57|-60|CG0219511|-55|-50|CG0219512|-54|-49
515|7|0|7000|41|CG0219564|-52|-77|CG0219565|-53|-75|CG0219566|-54|-74|CG0219567|-53|-73|CG0219568|-52|-72|CG0219569|-51|-74|CG0219564|-52|-77|CG0219565|-53|-75|CG0219566|-54|-74|CG0219567|-53|-73|CG0219568|-52|-72|CG0219569|-51|-74|CG0219564|-52|-77|CG0219565|-53|-75|CG0219566|-54|-74|CG0219567|-53|-73|CG0219568|-52|-72|CG0219569|-51|-74|CG0219564|-52|-77|CG0219565|-53|-75|CG0219566|-54|-74|CG0219567|-53|-73|CG0219568|-52|-72|CG0219569|-51|-74|CG0219564|-52|-77|CG0219565|-53|-75|CG0219566|-54|-74|CG0219567|-53|-73|CG0219568|-52|-72|CG0219569|-51|-74|CG0219564|-52|-77|CG0219565|-53|-75|CG0219566|-54|-74|CG0219567|-53|-73|CG0219568|-52|-72|CG0219569|-51|-74|CG0219563|-51|-77|CG0219564|-52|-77|CG0219563|-51|-77|CG0219564|-52|-77|CG0219563|-51|-77
515|7|1|1000|8|CG0219570|-51|-73|CG0219570|-51|-73|CG0219571|-50|-73|CG0219572|-47|-73|CG0219573|-46|-72|CG0219573|-46|-72|CG0219574|-47|-72|CG0219575|-50|-70
515|7|2|100|1|CG0221746|-31|-26
515|7|3|500|6|CG0219542|-63|-67|CG0219543|-63|-67|CG0219544|-62|-68|CG0219545|-62|-67|CG0219546|-62|-67|CG0219547|-62|-67
515|7|4|100|1|CG0221755|-20|-28
515|7|5|1000|20|CG0219535|-44|-89|CG0219535|-44|-89|CG0219536|-69|-87|CG0219536|-69|-87|CG0219537|-65|-79|CG0219537|-65|-79|CG0219536|-69|-87|CG0219536|-69|-87|CG0219537|-65|-79|CG0219537|-65|-79|CG0219538|-63|-79|CG0219538|-63|-79|CG0219539|-63|-77|CG0219539|-63|-77|CG0219539|-63|-77|CG0219539|-63|-77|CG0219540|-33|-84|CG0219540|-33|-84|CG0219541|-29|-85|CG0219541|-29|-85
515|7|6|2000|15|CG0219557|-52|-80|CG0219558|-52|-80|CG0219559|-52|-78|CG0219560|-52|-75|CG0219561|-52|-78|CG0219562|-52|-81|CG0219557|-52|-80|CG0219558|-52|-80|CG0219559|-52|-78|CG0219560|-52|-75|CG0219561|-52|-78|CG0219562|-52|-81|CG0219557|-52|-80|CG0219557|-52|-80|CG0219557|-52|-80
515|7|7|986|7|CG0253029|-18|-74|CG0253030|-18|-74|CG0253031|-18|-74|CG0253017|-21|-72|CG0253018|-41|-54|CG0253018|-41|-54|CG0253019|-24|-67
515|7|8|1000|2|CG0219554|-53|-69|CG0219555|-42|-86
515|7|9|1000|1|CG0219556|-45|-64
515|7|10|1200|6|CG0219548|-51|-70|CG0219549|-51|-71|CG0219550|-58|-69|CG0219551|-60|-66|CG0219552|-55|-54|CG0219553|-54|-43
