530|0|0|2800|16|CG0224725|-25|-59|CG0224726|-23|-60|CG0224727|-24|-62|CG0224728|-26|-56|CG0224729|-27|-58|CG0224730|-28|-58|CG0224766|-31|-60|CG0224767|-31|-60|CG0224768|-30|-61|CG0224769|-30|-55|CG0224770|-30|-57|CG0224771|-30|-57|CG0224807|-31|-59|CG0224808|-32|-59|CG0224809|-32|-59|CG0224810|-30|-58
530|0|1|1000|6|CG0224731|-23|-58|CG0224732|-23|-57|CG0224733|-23|-59|CG0224734|-23|-60|CG0224735|-23|-57|CG0224736|-23|-56
530|0|2|600|11|CG0226016|-77|-83|CG0226016|-77|-83|CG0226017|-41|-146|CG0226017|-41|-146|CG0226017|-41|-146|CG0226018|-30|-123|CG0226018|-30|-123|CG0226019|-23|-107|CG0226020|-17|-83|CG0226021|-11|-58|CG0226022|-9|-11
530|0|3|800|6|CG0224704|-23|-56|CG0224705|-23|-56|CG0224706|-23|-58|CG0224707|-22|-60|CG0224708|-22|-57|CG0224709|-22|-56
530|0|4|500|9|CG0226021|-11|-58|CG0226020|-17|-83|CG0226019|-23|-107|CG0226018|-30|-123|CG0226017|-41|-146|CG0226017|-41|-146|CG0226016|-77|-83|CG0226016|-77|-83|CG0226016|-77|-83
530|0|5|800|16|CG0224696|-26|-58|CG0224696|-26|-58|CG0224697|-33|-61|CG0224697|-33|-61|CG0224698|-34|-62|CG0224698|-34|-62|CG0224699|-27|-62|CG0224699|-27|-62|CG0224700|-22|-60|CG0224700|-22|-60|CG0224701|-31|-59|CG0224701|-31|-59|CG0224702|-50|-63|CG0224702|-50|-63|CG0224703|-40|-67|CG0224703|-40|-67
530|0|6|2000|24|CG0224719|-25|-60|CG0224720|-24|-60|CG0224720|-24|-60|CG0224721|-21|-65|CG0224721|-21|-65|CG0224722|-27|-72|CG0224723|-24|-73|CG0224722|-27|-72|CG0224723|-24|-73|CG0224722|-27|-72|CG0224723|-24|-73|CG0224722|-27|-72|CG0224723|-24|-73|CG0224722|-27|-72|CG0224723|-24|-73|CG0224722|-27|-72|CG0224723|-24|-73|CG0224722|-27|-72|CG0224723|-24|-73|CG0224722|-27|-72|CG0224723|-24|-73|CG0224722|-27|-72|CG0224723|-24|-73|CG0224724|-42|-64
530|0|7|986|7|CG0252875|-18|-73|CG0252876|-22|-73|CG0252877|-23|-73|CG0252863|-17|-64|CG0252864|-34|-63|CG0252864|-34|-63|CG0252865|-22|-71
530|0|8|1000|2|CG0224716|-24|-55|CG0224717|-20|-70
530|0|9|1000|1|CG0224718|-24|-61
530|0|10|900|6|CG0224710|-25|-56|CG0224711|-29|-58|CG0224712|-30|-46|CG0224713|-27|-31|CG0224714|-30|-37|CG0224715|-27|-26
530|1|0|2800|16|CG0224766|-31|-60|CG0224767|-31|-60|CG0224768|-30|-61|CG0224769|-30|-55|CG0224770|-30|-57|CG0224771|-30|-57|CG0224807|-31|-59|CG0224808|-32|-59|CG0224809|-32|-59|CG0224810|-30|-58|CG0224811|-29|-58|CG0224812|-27|-62|CG0224848|-26|-60|CG0224849|-27|-60|CG0224850|-29|-57|CG0224851|-31|-60
530|1|1|1000|6|CG0224772|-31|-59|CG0224773|-31|-59|CG0224774|-31|-61|CG0224775|-31|-54|CG0224776|-31|-56|CG0224777|-30|-56
530|1|2|600|11|CG0226064|-56|-83|CG0226064|-56|-83|CG0226065|-45|-139|CG0226065|-45|-139|CG0226065|-45|-139|CG0226066|-36|-118|CG0226066|-36|-118|CG0226067|-28|-106|CG0226068|-28|-81|CG0226069|-16|-59|CG0226070|-14|-14
530|1|3|800|6|CG0224745|-30|-57|CG0224746|-30|-57|CG0224747|-30|-59|CG0224748|-30|-53|CG0224749|-30|-55|CG0224750|-30|-54
530|1|4|500|9|CG0226069|-16|-59|CG0226068|-28|-81|CG0226067|-28|-106|CG0226066|-36|-118|CG0226065|-45|-139|CG0226065|-45|-139|CG0226064|-56|-83|CG0226064|-56|-83|CG0226064|-56|-83
530|1|5|800|16|CG0224737|-34|-56|CG0224737|-34|-56|CG0224738|-48|-50|CG0224738|-48|-50|CG0224739|-49|-51|CG0224739|-49|-51|CG0224740|-41|-53|CG0224740|-41|-53|CG0224741|-35|-52|CG0224741|-35|-52|CG0224742|-45|-50|CG0224742|-45|-50|CG0224743|-42|-70|CG0224743|-42|-70|CG0224744|-34|-68|CG0224744|-34|-68
530|1|6|2000|24|CG0224760|-30|-61|CG0224761|-27|-59|CG0224761|-27|-59|CG0224762|-25|-64|CG0224762|-25|-64|CG0224763|-20|-69|CG0224764|-18|-71|CG0224763|-20|-69|CG0224764|-18|-71|CG0224763|-20|-69|CG0224764|-18|-71|CG0224763|-20|-69|CG0224764|-18|-71|CG0224763|-20|-69|CG0224764|-18|-71|CG0224763|-20|-69|CG0224764|-18|-71|CG0224763|-20|-69|CG0224764|-18|-71|CG0224763|-20|-69|CG0224764|-18|-71|CG0224763|-20|-69|CG0224764|-18|-71|CG0224765|-53|-67
530|1|7|986|7|CG0252897|-23|-72|CG0252898|-22|-72|CG0252899|-20|-72|CG0252885|-11|-60|CG0252886|-22|-70|CG0252886|-22|-70|CG0252887|-22|-73
530|1|8|1000|2|CG0224757|-32|-59|CG0224758|-31|-70
530|1|9|1000|1|CG0224759|-25|-61
530|1|10|900|6|CG0224751|-35|-56|CG0224752|-33|-59|CG0224753|-34|-46|CG0224754|-34|-31|CG0224755|-33|-38|CG0224756|-30|-29
530|2|0|2800|16|CG0224807|-31|-59|CG0224808|-32|-59|CG0224809|-32|-59|CG0224810|-30|-58|CG0224811|-29|-58|CG0224812|-27|-62|CG0224848|-26|-60|CG0224849|-27|-60|CG0224850|-29|-57|CG0224851|-31|-60|CG0224852|-32|-60|CG0224853|-31|-63|CG0224889|-31|-61|CG0224890|-31|-61|CG0224891|-31|-58|CG0224892|-31|-60
530|2|1|1000|6|CG0224813|-35|-58|CG0224814|-35|-58|CG0224815|-35|-60|CG0224816|-35|-58|CG0224817|-34|-56|CG0224818|-34|-60
530|2|2|600|11|CG0226112|-30|-83|CG0226112|-30|-83|CG0226113|-32|-146|CG0226113|-32|-146|CG0226113|-32|-146|CG0226114|-32|-125|CG0226114|-32|-125|CG0226115|-28|-112|CG0226116|-26|-87|CG0226117|-18|-60|CG0226118|-17|-14
530|2|3|800|6|CG0224786|-40|-59|CG0224787|-40|-58|CG0224788|-41|-59|CG0224789|-41|-58|CG0224790|-40|-57|CG0224791|-39|-60
530|2|4|500|9|CG0226117|-18|-60|CG0226116|-26|-87|CG0226115|-28|-112|CG0226114|-32|-125|CG0226113|-32|-146|CG0226113|-32|-146|CG0226112|-30|-83|CG0226112|-30|-83|CG0226112|-30|-83
530|2|5|800|16|CG0224778|-34|-57|CG0224778|-34|-57|CG0224779|-44|-63|CG0224779|-44|-63|CG0224780|-44|-63|CG0224780|-44|-63|CG0224781|-62|-62|CG0224781|-62|-62|CG0224782|-68|-60|CG0224782|-68|-60|CG0224783|-44|-61|CG0224783|-44|-61|CG0224784|-35|-63|CG0224784|-35|-63|CG0224785|-39|-67|CG0224785|-39|-67
530|2|6|2000|24|CG0224801|-32|-61|CG0224802|-29|-60|CG0224802|-29|-60|CG0224803|-26|-65|CG0224803|-26|-65|CG0224804|-20|-71|CG0224805|-18|-74|CG0224804|-20|-71|CG0224805|-18|-74|CG0224804|-20|-71|CG0224805|-18|-74|CG0224804|-20|-71|CG0224805|-18|-74|CG0224804|-20|-71|CG0224805|-18|-74|CG0224804|-20|-71|CG0224805|-18|-74|CG0224804|-20|-71|CG0224805|-18|-74|CG0224804|-20|-71|CG0224805|-18|-74|CG0224804|-20|-71|CG0224805|-18|-74|CG0224806|-53|-64
530|2|7|986|7|CG0252919|-18|-72|CG0252920|-13|-72|CG0252921|-10|-71|CG0252907|-29|-60|CG0252908|-24|-70|CG0252908|-24|-70|CG0252909|-26|-71
530|2|8|1000|2|CG0224798|-31|-64|CG0224799|-34|-68
530|2|9|1000|1|CG0224800|-22|-61
530|2|10|900|6|CG0224792|-36|-57|CG0224793|-30|-58|CG0224794|-34|-45|CG0224795|-33|-33|CG0224796|-33|-37|CG0224797|-29|-27
530|3|0|2800|16|CG0224848|-26|-60|CG0224849|-27|-60|CG0224850|-29|-57|CG0224851|-31|-60|CG0224852|-32|-60|CG0224853|-31|-63|CG0224889|-31|-61|CG0224890|-31|-61|CG0224891|-31|-58|CG0224892|-31|-60|CG0224893|-31|-59|CG0224894|-31|-62|CG0224930|-29|-58|CG0224931|-28|-58|CG0224932|-27|-60|CG0224933|-25|-63
530|3|1|1000|6|CG0224854|-31|-61|CG0224855|-31|-61|CG0224856|-31|-58|CG0224857|-31|-61|CG0224858|-31|-60|CG0224859|-31|-63
530|3|2|600|11|CG0226160|-13|-82|CG0226160|-13|-82|CG0226161|-15|-146|CG0226161|-15|-146|CG0226161|-15|-146|CG0226162|-25|-126|CG0226162|-25|-126|CG0226163|-28|-115|CG0226164|-28|-90|CG0226165|-19|-59|CG0226166|-18|-12
530|3|3|800|6|CG0224827|-38|-64|CG0224828|-37|-64|CG0224829|-39|-62|CG0224830|-38|-65|CG0224831|-37|-64|CG0224832|-38|-67
530|3|4|500|9|CG0226165|-19|-59|CG0226164|-28|-90|CG0226163|-28|-115|CG0226162|-25|-126|CG0226161|-15|-146|CG0226161|-15|-146|CG0226160|-13|-82|CG0226160|-13|-82|CG0226160|-13|-82
530|3|5|800|16|CG0224819|-26|-61|CG0224819|-26|-61|CG0224820|-26|-70|CG0224820|-26|-70|CG0224821|-37|-71|CG0224821|-37|-71|CG0224822|-79|-69|CG0224822|-79|-69|CG0224823|-85|-70|CG0224823|-85|-70|CG0224824|-28|-67|CG0224824|-28|-67|CG0224825|-26|-62|CG0224825|-26|-62|CG0224826|-27|-62|CG0224826|-27|-62
530|3|6|2000|24|CG0224842|-28|-61|CG0224843|-25|-61|CG0224843|-25|-61|CG0224844|-22|-65|CG0224844|-22|-65|CG0224845|-20|-73|CG0224846|-18|-76|CG0224845|-20|-73|CG0224846|-18|-76|CG0224845|-20|-73|CG0224846|-18|-76|CG0224845|-20|-73|CG0224846|-18|-76|CG0224845|-20|-73|CG0224846|-18|-76|CG0224845|-20|-73|CG0224846|-18|-76|CG0224845|-20|-73|CG0224846|-18|-76|CG0224845|-20|-73|CG0224846|-18|-76|CG0224845|-20|-73|CG0224846|-18|-76|CG0224847|-39|-67
530|3|7|986|7|CG0252941|-14|-72|CG0252942|-12|-72|CG0252943|-14|-71|CG0252929|-40|-65|CG0252930|-29|-66|CG0252930|-29|-66|CG0252931|-21|-69
530|3|8|1000|2|CG0224839|-27|-69|CG0224840|-36|-66
530|3|9|1000|1|CG0224841|-15|-61
530|3|10|900|6|CG0224833|-30|-61|CG0224834|-27|-55|CG0224835|-30|-45|CG0224836|-30|-36|CG0224837|-30|-36|CG0224838|-26|-29
530|4|0|2800|16|CG0224889|-31|-61|CG0224890|-31|-61|CG0224891|-31|-58|CG0224892|-31|-60|CG0224893|-31|-59|CG0224894|-31|-62|CG0224930|-29|-58|CG0224931|-28|-58|CG0224932|-27|-60|CG0224933|-25|-63|CG0224934|-24|-60|CG0224935|-25|-60|CG0224971|-25|-59|CG0224972|-26|-59|CG0224973|-27|-61|CG0224974|-27|-64
530|4|1|1000|6|CG0224895|-34|-61|CG0224896|-34|-62|CG0224897|-34|-58|CG0224898|-34|-62|CG0224899|-34|-61|CG0224900|-34|-64
530|4|2|600|11|CG0226208|-31|-81|CG0226208|-31|-81|CG0226209|-25|-138|CG0226209|-25|-138|CG0226209|-25|-138|CG0226210|-36|-125|CG0226210|-36|-125|CG0226211|-44|-116|CG0226212|-43|-95|CG0226213|-22|-61|CG0226214|-16|-15
530|4|3|800|6|CG0224868|-38|-68|CG0224869|-37|-69|CG0224870|-37|-66|CG0224871|-38|-69|CG0224872|-38|-68|CG0224873|-38|-71
530|4|4|500|9|CG0226213|-22|-61|CG0226212|-43|-95|CG0226211|-44|-116|CG0226210|-36|-125|CG0226209|-25|-138|CG0226209|-25|-138|CG0226208|-31|-81|CG0226208|-31|-81|CG0226208|-31|-81
530|4|5|800|16|CG0224860|-35|-61|CG0224860|-35|-61|CG0224861|-46|-68|CG0224861|-46|-68|CG0224862|-46|-69|CG0224862|-46|-69|CG0224863|-57|-81|CG0224863|-57|-81|CG0224864|-61|-91|CG0224864|-61|-91|CG0224865|-46|-67|CG0224865|-46|-67|CG0224866|-37|-59|CG0224866|-37|-59|CG0224867|-41|-62|CG0224867|-41|-62
530|4|6|2000|24|CG0224883|-34|-62|CG0224884|-31|-61|CG0224884|-31|-61|CG0224885|-28|-63|CG0224885|-28|-63|CG0224886|-20|-72|CG0224887|-18|-74|CG0224886|-20|-72|CG0224887|-18|-74|CG0224886|-20|-72|CG0224887|-18|-74|CG0224886|-20|-72|CG0224887|-18|-74|CG0224886|-20|-72|CG0224887|-18|-74|CG0224886|-20|-72|CG0224887|-18|-74|CG0224886|-20|-72|CG0224887|-18|-74|CG0224886|-20|-72|CG0224887|-18|-74|CG0224886|-20|-72|CG0224887|-18|-74|CG0224888|-57|-67
530|4|7|986|7|CG0252963|-19|-74|CG0252964|-19|-72|CG0252965|-19|-71|CG0252951|-35|-72|CG0252952|-24|-57|CG0252952|-24|-57|CG0252953|-21|-66
530|4|8|1000|2|CG0224880|-31|-69|CG0224881|-37|-66
530|4|9|1000|1|CG0224882|-22|-62
530|4|10|900|6|CG0224874|-37|-62|CG0224875|-35|-52|CG0224876|-37|-44|CG0224877|-35|-36|CG0224878|-36|-35|CG0224879|-32|-29
530|5|0|2800|16|CG0224930|-29|-58|CG0224931|-28|-58|CG0224932|-27|-60|CG0224933|-25|-63|CG0224934|-24|-60|CG0224935|-25|-60|CG0224971|-25|-59|CG0224972|-26|-59|CG0224973|-27|-61|CG0224974|-27|-64|CG0224975|-28|-61|CG0224976|-28|-60|CG0225012|-27|-59|CG0225013|-27|-57|CG0225014|-27|-60|CG0225015|-26|-60
530|5|1|1000|6|CG0224936|-29|-59|CG0224937|-29|-59|CG0224938|-29|-59|CG0224939|-29|-60|CG0224940|-29|-58|CG0224941|-29|-61
530|5|2|600|11|CG0226256|-70|-80|CG0226256|-70|-80|CG0226257|-43|-129|CG0226257|-43|-129|CG0226257|-43|-129|CG0226258|-32|-126|CG0226258|-32|-126|CG0226259|-28|-113|CG0226260|-27|-94|CG0226261|-15|-65|CG0226262|-15|-20
530|5|3|800|6|CG0224909|-27|-68|CG0224910|-27|-68|CG0224911|-27|-68|CG0224912|-27|-71|CG0224913|-28|-67|CG0224914|-28|-70
530|5|4|500|9|CG0226261|-15|-65|CG0226260|-27|-94|CG0226259|-28|-113|CG0226258|-32|-126|CG0226257|-43|-129|CG0226257|-43|-129|CG0226256|-70|-80|CG0226256|-70|-80|CG0226256|-70|-80
530|5|5|800|16|CG0224901|-33|-58|CG0224901|-33|-58|CG0224902|-48|-57|CG0224902|-48|-57|CG0224903|-46|-66|CG0224903|-46|-66|CG0224904|-40|-89|CG0224904|-40|-89|CG0224905|-35|-98|CG0224905|-35|-98|CG0224906|-44|-57|CG0224906|-44|-57|CG0224907|-41|-51|CG0224907|-41|-51|CG0224908|-33|-57|CG0224908|-33|-57
530|5|6|2000|24|CG0224924|-31|-62|CG0224925|-28|-59|CG0224925|-28|-59|CG0224926|-26|-61|CG0224926|-26|-61|CG0224927|-20|-69|CG0224928|-18|-72|CG0224927|-20|-69|CG0224928|-18|-72|CG0224927|-20|-69|CG0224928|-18|-72|CG0224927|-20|-69|CG0224928|-18|-72|CG0224927|-20|-69|CG0224928|-18|-72|CG0224927|-20|-69|CG0224928|-18|-72|CG0224927|-20|-69|CG0224928|-18|-72|CG0224927|-20|-69|CG0224928|-18|-72|CG0224927|-20|-69|CG0224928|-18|-72|CG0224929|-54|-61
530|5|7|986|7|CG0252985|-23|-73|CG0252986|-21|-72|CG0252987|-19|-71|CG0252973|-17|-76|CG0252974|-10|-50|CG0252974|-10|-50|CG0252975|-26|-63
530|5|8|1000|2|CG0224921|-28|-67|CG0224922|-31|-66
530|5|9|1000|1|CG0224923|-26|-62
530|5|10|900|6|CG0224915|-32|-60|CG0224916|-33|-53|CG0224917|-32|-45|CG0224918|-31|-33|CG0224919|-35|-35|CG0224920|-30|-26
530|6|0|2800|16|CG0224971|-25|-59|CG0224972|-26|-59|CG0224973|-27|-61|CG0224974|-27|-64|CG0224975|-28|-61|CG0224976|-28|-60|CG0225012|-27|-59|CG0225013|-27|-57|CG0225014|-27|-60|CG0225015|-26|-60|CG0225016|-26|-57|CG0225017|-25|-57|CG0224725|-25|-59|CG0224726|-23|-60|CG0224727|-24|-62|CG0224728|-26|-56
530|6|1|1000|6|CG0224977|-24|-60|CG0224978|-24|-59|CG0224979|-23|-62|CG0224980|-23|-64|CG0224981|-23|-62|CG0224982|-23|-60
530|6|2|600|11|CG0226304|-83|-81|CG0226304|-83|-81|CG0226305|-41|-135|CG0226305|-41|-135|CG0226305|-41|-135|CG0226306|-24|-130|CG0226306|-24|-130|CG0226307|-22|-118|CG0226308|-19|-95|CG0226309|-11|-62|CG0226310|-10|-17
530|6|3|800|6|CG0224950|-23|-68|CG0224951|-24|-66|CG0224952|-23|-69|CG0224953|-23|-71|CG0224954|-22|-68|CG0224955|-23|-68
530|6|4|500|9|CG0226309|-11|-62|CG0226308|-19|-95|CG0226307|-22|-118|CG0226306|-24|-130|CG0226305|-41|-135|CG0226305|-41|-135|CG0226304|-83|-81|CG0226304|-83|-81|CG0226304|-83|-81
530|6|5|800|16|CG0224942|-26|-62|CG0224942|-26|-62|CG0224943|-31|-66|CG0224943|-31|-66|CG0224944|-29|-69|CG0224944|-29|-69|CG0224945|-25|-81|CG0224945|-25|-81|CG0224946|-22|-90|CG0224946|-22|-90|CG0224947|-28|-66|CG0224947|-28|-66|CG0224948|-53|-59|CG0224948|-53|-59|CG0224949|-43|-61|CG0224949|-43|-61
530|6|6|2000|24|CG0224965|-26|-64|CG0224966|-24|-60|CG0224966|-24|-60|CG0224967|-22|-63|CG0224967|-22|-63|CG0224968|-27|-72|CG0224969|-25|-75|CG0224968|-27|-72|CG0224969|-25|-75|CG0224968|-27|-72|CG0224969|-25|-75|CG0224968|-27|-72|CG0224969|-25|-75|CG0224968|-27|-72|CG0224969|-25|-75|CG0224968|-27|-72|CG0224969|-25|-75|CG0224968|-27|-72|CG0224969|-25|-75|CG0224968|-27|-72|CG0224969|-25|-75|CG0224968|-27|-72|CG0224969|-25|-75|CG0224970|-45|-69
530|6|7|986|7|CG0253007|-18|-74|CG0253008|-17|-73|CG0253009|-17|-73|CG0252995|-16|-77|CG0252996|-27|-48|CG0252996|-27|-48|CG0252997|-32|-63
530|6|8|1000|2|CG0224962|-23|-63|CG0224963|-26|-66
530|6|9|1000|1|CG0224964|-24|-62
530|6|10|900|6|CG0224956|-25|-54|CG0224957|-31|-56|CG0224958|-31|-48|CG0224959|-28|-37|CG0224960|-31|-38|CG0224961|-28|-30
530|7|0|2800|16|CG0225012|-27|-59|CG0225013|-27|-57|CG0225014|-27|-60|CG0225015|-26|-60|CG0225016|-26|-57|CG0225017|-25|-57|CG0224725|-25|-59|CG0224726|-23|-60|CG0224727|-24|-62|CG0224728|-26|-56|CG0224729|-27|-58|CG0224730|-28|-58|CG0224766|-31|-60|CG0224767|-31|-60|CG0224768|-30|-61|CG0224769|-30|-55
530|7|1|1000|6|CG0225018|-27|-59|CG0225019|-28|-58|CG0225020|-28|-61|CG0225021|-27|-63|CG0225022|-27|-61|CG0225023|-27|-60
530|7|2|600|11|CG0226352|-60|-82|CG0226352|-60|-82|CG0226353|-23|-144|CG0226353|-23|-144|CG0226353|-23|-144|CG0226354|-18|-128|CG0226354|-18|-128|CG0226355|-15|-114|CG0226356|-13|-90|CG0226357|-9|-58|CG0226358|-9|-12
530|7|3|800|6|CG0224991|-27|-62|CG0224992|-27|-61|CG0224993|-27|-64|CG0224994|-27|-65|CG0224995|-26|-63|CG0224996|-26|-62
530|7|4|500|9|CG0226357|-9|-58|CG0226356|-13|-90|CG0226355|-15|-114|CG0226354|-18|-128|CG0226353|-23|-144|CG0226353|-23|-144|CG0226352|-60|-82|CG0226352|-60|-82|CG0226352|-60|-82
530|7|5|800|16|CG0224983|-26|-63|CG0224983|-26|-63|CG0224984|-15|-67|CG0224984|-15|-67|CG0224985|-7|-70|CG0224985|-7|-70|CG0224986|-6|-68|CG0224986|-6|-68|CG0224987|-5|-70|CG0224987|-5|-70|CG0224988|-16|-67|CG0224988|-16|-67|CG0224989|-65|-63|CG0224989|-65|-63|CG0224990|-46|-61|CG0224990|-46|-61
530|7|6|2000|24|CG0225006|-29|-63|CG0225007|-25|-60|CG0225007|-25|-60|CG0225008|-21|-65|CG0225008|-21|-65|CG0225009|-23|-73|CG0225010|-21|-75|CG0225009|-23|-73|CG0225010|-21|-75|CG0225009|-23|-73|CG0225010|-21|-75|CG0225009|-23|-73|CG0225010|-21|-75|CG0225009|-23|-73|CG0225010|-21|-75|CG0225009|-23|-73|CG0225010|-21|-75|CG0225009|-23|-73|CG0225010|-21|-75|CG0225009|-23|-73|CG0225010|-21|-75|CG0225009|-23|-73|CG0225010|-21|-75|CG0225011|-48|-68
530|7|7|986|7|CG0253029|-18|-74|CG0253030|-18|-74|CG0253031|-18|-74|CG0253017|-21|-72|CG0253018|-41|-54|CG0253018|-41|-54|CG0253019|-24|-67
530|7|8|1000|2|CG0225003|-23|-59|CG0225004|-20|-67
530|7|9|1000|1|CG0225005|-15|-60
530|7|10|900|6|CG0224997|-25|-51|CG0224998|-33|-55|CG0224999|-34|-47|CG0225000|-28|-36|CG0225001|-32|-37|CG0225002|-29|-29
