536|0|0|1000|6|CG0226758|-66|-84|CG0226759|-66|-85|CG0226760|-66|-85|CG0226761|-66|-84|CG0226762|-66|-84|CG0226763|-66|-84
536|0|1|1000|6|CG0226764|-47|-88|CG0226765|-48|-88|CG0226766|-49|-87|CG0226767|-49|-87|CG0226768|-49|-87|CG0226769|-48|-88
536|0|2|600|8|CG0226736|-77|-88|CG0226736|-77|-88|CG0226737|-41|-146|CG0226738|-30|-123|CG0226739|-23|-107|CG0226740|-17|-83|CG0226741|-11|-58|CG0226742|-9|-11
536|0|3|200|4|CG0226023|-45|-24|CG0226024|-42|-22|CG0226025|-43|-23|CG0226026|-44|-23
536|0|4|800|12|CG0226742|-9|-11|CG0226741|-11|-58|CG0226740|-17|-83|CG0226739|-23|-107|CG0226738|-30|-123|CG0226737|-41|-146|CG0226737|-41|-146|CG0226736|-77|-88|CG0226736|-77|-88|CG0226736|-77|-88|CG0226736|-77|-88|CG0226736|-77|-88
536|0|5|1000|23|CG0226728|-63|-90|CG0226728|-63|-90|CG0226729|-57|-121|CG0226729|-57|-121|CG0226729|-57|-121|CG0226730|-32|-147|CG0226730|-32|-147|CG0226730|-32|-147|CG0226730|-32|-147|CG0226731|-31|-139|CG0226731|-31|-139|CG0226731|-31|-139|CG0226731|-31|-139|CG0226731|-31|-139|CG0226731|-31|-139|CG0226732|-43|-145|CG0226732|-43|-145|CG0226733|-53|-150|CG0226733|-53|-150|CG0226734|-79|-84|CG0226734|-79|-84|CG0226735|-54|-88|CG0226735|-54|-88
536|0|6|2000|19|CG0226752|-77|-95|CG0226753|-75|-100|CG0226754|-77|-104|CG0226755|-80|-103|CG0226752|-77|-95|CG0226753|-75|-100|CG0226754|-77|-104|CG0226755|-80|-103|CG0226752|-77|-95|CG0226753|-75|-100|CG0226754|-77|-104|CG0226755|-80|-103|CG0226752|-77|-95|CG0226753|-75|-100|CG0226754|-77|-104|CG0226755|-80|-103|CG0226756|-61|-85|CG0226756|-61|-85|CG0226757|-63|-83
536|0|7|986|7|CG0252875|-18|-73|CG0252876|-22|-73|CG0252877|-23|-73|CG0252863|-17|-64|CG0252864|-34|-63|CG0252864|-34|-63|CG0252865|-22|-71
536|0|8|1000|2|CG0226749|-42|-82|CG0226750|-44|-88
536|0|9|1000|1|CG0226751|-30|-108
536|0|10|1000|12|CG0226736|-77|-88|CG0226737|-41|-146|CG0226737|-41|-146|CG0226737|-41|-146|CG0226738|-30|-123|CG0226738|-30|-123|CG0226739|-23|-107|CG0226740|-17|-83|CG0226741|-11|-58|CG0226742|-9|-11|CG0226027|-6|-3|CG0226028|-3|-1
536|1|0|1000|6|CG0226800|-42|-83|CG0226801|-42|-84|CG0226802|-42|-83|CG0226803|-42|-83|CG0226804|-42|-82|CG0226805|-42|-82
536|1|1|1000|6|CG0226806|-58|-88|CG0226807|-58|-88|CG0226808|-57|-88|CG0226809|-57|-88|CG0226810|-57|-88|CG0226811|-57|-88
536|1|2|600|8|CG0226778|-56|-88|CG0226778|-56|-88|CG0226779|-45|-139|CG0226780|-36|-118|CG0226781|-28|-106|CG0226782|-28|-81|CG0226783|-16|-59|CG0226784|-14|-14
536|1|3|200|4|CG0226071|-25|-27|CG0226072|-26|-28|CG0226073|-24|-28|CG0226074|-22|-28
536|1|4|800|12|CG0226784|-14|-14|CG0226783|-16|-59|CG0226782|-28|-81|CG0226781|-28|-106|CG0226780|-36|-118|CG0226779|-45|-139|CG0226779|-45|-139|CG0226778|-56|-88|CG0226778|-56|-88|CG0226778|-56|-88|CG0226778|-56|-88|CG0226778|-56|-88
536|1|5|1000|23|CG0226770|-30|-91|CG0226770|-30|-91|CG0226771|-29|-120|CG0226771|-29|-120|CG0226771|-29|-120|CG0226772|-22|-141|CG0226772|-22|-141|CG0226772|-22|-141|CG0226772|-22|-141|CG0226773|-25|-134|CG0226773|-25|-134|CG0226773|-25|-134|CG0226773|-25|-134|CG0226773|-25|-134|CG0226773|-25|-134|CG0226774|-25|-140|CG0226774|-25|-140|CG0226775|-29|-155|CG0226775|-29|-155|CG0226776|-76|-87|CG0226776|-76|-87|CG0226777|-53|-90|CG0226777|-53|-90
536|1|6|2000|19|CG0226794|-45|-92|CG0226795|-45|-95|CG0226796|-45|-96|CG0226797|-45|-97|CG0226794|-45|-92|CG0226795|-45|-95|CG0226796|-45|-96|CG0226797|-45|-97|CG0226794|-45|-92|CG0226795|-45|-95|CG0226796|-45|-96|CG0226797|-45|-97|CG0226794|-45|-92|CG0226795|-45|-95|CG0226796|-45|-96|CG0226797|-45|-97|CG0226798|-57|-78|CG0226798|-57|-78|CG0226799|-46|-83
536|1|7|986|7|CG0252897|-23|-72|CG0252898|-22|-72|CG0252899|-20|-72|CG0252885|-11|-60|CG0252886|-22|-70|CG0252886|-22|-70|CG0252887|-22|-73
536|1|8|1000|2|CG0226791|-42|-81|CG0226792|-54|-80
536|1|9|1000|1|CG0226793|-29|-102
536|1|10|1000|12|CG0226778|-56|-88|CG0226779|-45|-139|CG0226779|-45|-139|CG0226779|-45|-139|CG0226780|-36|-118|CG0226780|-36|-118|CG0226781|-28|-106|CG0226782|-28|-81|CG0226783|-16|-59|CG0226784|-14|-14|CG0226075|-9|-2|CG0226076|-5|-1
536|2|0|1000|6|CG0226842|-29|-84|CG0226843|-28|-85|CG0226844|-28|-84|CG0226845|-28|-84|CG0226846|-29|-84|CG0226847|-30|-83
536|2|1|1000|6|CG0226848|-40|-88|CG0226849|-39|-87|CG0226850|-39|-87|CG0226851|-39|-87|CG0226852|-39|-87|CG0226853|-39|-87
536|2|2|600|8|CG0226820|-30|-88|CG0226820|-30|-88|CG0226821|-32|-146|CG0226822|-32|-125|CG0226823|-28|-112|CG0226824|-26|-87|CG0226825|-18|-60|CG0226826|-17|-14
536|2|3|200|4|CG0226119|-28|-24|CG0226120|-17|-23|CG0226121|-16|-23|CG0226122|-21|-23
536|2|4|800|12|CG0226826|-17|-14|CG0226825|-18|-60|CG0226824|-26|-87|CG0226823|-28|-112|CG0226822|-32|-125|CG0226821|-32|-146|CG0226821|-32|-146|CG0226820|-30|-88|CG0226820|-30|-88|CG0226820|-30|-88|CG0226820|-30|-88|CG0226820|-30|-88
536|2|5|1000|23|CG0226812|-21|-88|CG0226812|-21|-88|CG0226813|-16|-100|CG0226813|-16|-100|CG0226813|-16|-100|CG0226814|-10|-126|CG0226814|-10|-126|CG0226814|-10|-126|CG0226814|-10|-126|CG0226815|-36|-128|CG0226815|-36|-128|CG0226815|-36|-128|CG0226815|-36|-128|CG0226815|-36|-128|CG0226815|-36|-128|CG0226816|-37|-134|CG0226816|-37|-134|CG0226817|-11|-139|CG0226817|-11|-139|CG0226818|-42|-81|CG0226818|-42|-81|CG0226819|-31|-88|CG0226819|-31|-88
536|2|6|2000|19|CG0226836|-41|-95|CG0226837|-37|-99|CG0226838|-39|-102|CG0226839|-42|-102|CG0226836|-41|-95|CG0226837|-37|-99|CG0226838|-39|-102|CG0226839|-42|-102|CG0226836|-41|-95|CG0226837|-37|-99|CG0226838|-39|-102|CG0226839|-42|-102|CG0226836|-41|-95|CG0226837|-37|-99|CG0226838|-39|-102|CG0226839|-42|-102|CG0226840|-46|-86|CG0226840|-46|-86|CG0226841|-38|-83
536|2|7|986|7|CG0252919|-18|-72|CG0252920|-13|-72|CG0252921|-10|-71|CG0252907|-29|-60|CG0252908|-24|-70|CG0252908|-24|-70|CG0252909|-26|-71
536|2|8|1000|2|CG0226833|-36|-81|CG0226834|-47|-66
536|2|9|1000|1|CG0226835|-30|-93
536|2|10|1000|12|CG0226820|-30|-88|CG0226821|-32|-146|CG0226821|-32|-146|CG0226821|-32|-146|CG0226822|-32|-125|CG0226822|-32|-125|CG0226823|-28|-112|CG0226824|-26|-87|CG0226825|-18|-60|CG0226826|-17|-14|CG0226123|-12|-3|CG0226124|-7|-1
536|3|0|1000|6|CG0226884|-14|-88|CG0226885|-14|-88|CG0226886|-14|-88|CG0226887|-14|-88|CG0226888|-14|-87|CG0226889|-15|-87
536|3|1|1000|6|CG0226890|-24|-87|CG0226891|-24|-86|CG0226892|-25|-86|CG0226893|-25|-86|CG0226894|-24|-86|CG0226895|-24|-86
536|3|2|600|8|CG0226862|-13|-89|CG0226862|-13|-89|CG0226863|-18|-146|CG0226864|-35|-126|CG0226865|-36|-115|CG0226866|-35|-90|CG0226867|-19|-59|CG0226868|-18|-12
536|3|3|200|4|CG0226167|-35|-14|CG0226168|-24|-14|CG0226169|-22|-13|CG0226170|-28|-12
536|3|4|800|12|CG0226868|-18|-12|CG0226867|-19|-59|CG0226866|-35|-90|CG0226865|-36|-115|CG0226864|-35|-126|CG0226863|-18|-146|CG0226863|-18|-146|CG0226862|-13|-89|CG0226862|-13|-89|CG0226862|-13|-89|CG0226862|-13|-89|CG0226862|-13|-89
536|3|5|1000|23|CG0226854|-15|-83|CG0226854|-15|-83|CG0226855|-12|-87|CG0226855|-12|-87|CG0226855|-12|-87|CG0226856|-20|-123|CG0226856|-20|-123|CG0226856|-20|-123|CG0226856|-20|-123|CG0226857|-39|-125|CG0226857|-39|-125|CG0226857|-39|-125|CG0226857|-39|-125|CG0226857|-39|-125|CG0226857|-39|-125|CG0226858|-52|-132|CG0226858|-52|-132|CG0226859|-12|-113|CG0226859|-12|-113|CG0226860|-11|-72|CG0226860|-11|-72|CG0226861|-16|-82|CG0226861|-16|-82
536|3|6|2000|19|CG0226878|-39|-85|CG0226879|-42|-89|CG0226880|-41|-92|CG0226881|-37|-90|CG0226878|-39|-85|CG0226879|-42|-89|CG0226880|-41|-92|CG0226881|-37|-90|CG0226878|-39|-85|CG0226879|-42|-89|CG0226880|-41|-92|CG0226881|-37|-90|CG0226878|-39|-85|CG0226879|-42|-89|CG0226880|-41|-92|CG0226881|-37|-90|CG0226882|-38|-86|CG0226882|-38|-86|CG0226883|-26|-86
536|3|7|986|7|CG0252941|-14|-72|CG0252942|-12|-72|CG0252943|-14|-71|CG0252929|-40|-65|CG0252930|-29|-66|CG0252930|-29|-66|CG0252931|-21|-69
536|3|8|1000|2|CG0226875|-25|-83|CG0226876|-50|-74
536|3|9|1000|1|CG0226877|-43|-90
536|3|10|1000|12|CG0226862|-13|-89|CG0226863|-18|-146|CG0226863|-18|-146|CG0226863|-18|-146|CG0226864|-35|-126|CG0226864|-35|-126|CG0226865|-36|-115|CG0226866|-35|-90|CG0226867|-19|-59|CG0226868|-18|-12|CG0226171|-12|-5|CG0226172|-7|-2
536|4|0|1000|6|CG0226926|-30|-91|CG0226927|-30|-91|CG0226928|-29|-91|CG0226929|-29|-91|CG0226930|-30|-90|CG0226931|-31|-90
536|4|1|1000|6|CG0226932|-44|-85|CG0226933|-44|-85|CG0226934|-44|-84|CG0226935|-43|-84|CG0226936|-44|-85|CG0226937|-44|-85
536|4|2|600|8|CG0226904|-31|-90|CG0226904|-31|-90|CG0226905|-25|-138|CG0226906|-36|-125|CG0226907|-44|-116|CG0226908|-43|-95|CG0226909|-22|-61|CG0226910|-16|-15
536|4|3|200|4|CG0226215|-25|-14|CG0226216|-17|-9|CG0226217|-16|-9|CG0226218|-20|-10
536|4|4|800|12|CG0226910|-16|-15|CG0226909|-22|-61|CG0226908|-43|-95|CG0226907|-44|-116|CG0226906|-36|-125|CG0226905|-25|-138|CG0226905|-25|-138|CG0226904|-31|-90|CG0226904|-31|-90|CG0226904|-31|-90|CG0226904|-31|-90|CG0226904|-31|-90
536|4|5|1000|23|CG0226896|-31|-78|CG0226896|-31|-78|CG0226897|-22|-84|CG0226897|-22|-84|CG0226897|-22|-84|CG0226898|-23|-124|CG0226898|-23|-124|CG0226898|-23|-124|CG0226898|-23|-124|CG0226899|-30|-130|CG0226899|-30|-130|CG0226899|-30|-130|CG0226899|-30|-130|CG0226899|-30|-130|CG0226899|-30|-130|CG0226900|-36|-138|CG0226900|-36|-138|CG0226901|-17|-98|CG0226901|-17|-98|CG0226902|-7|-68|CG0226902|-7|-68|CG0226903|-13|-77|CG0226903|-13|-77
536|4|6|2000|19|CG0226920|-41|-88|CG0226921|-37|-89|CG0226922|-39|-89|CG0226923|-42|-88|CG0226920|-41|-88|CG0226921|-37|-89|CG0226922|-39|-89|CG0226923|-42|-88|CG0226920|-41|-88|CG0226921|-37|-89|CG0226922|-39|-89|CG0226923|-42|-88|CG0226920|-41|-88|CG0226921|-37|-89|CG0226922|-39|-89|CG0226923|-42|-88|CG0226924|-45|-89|CG0226924|-45|-89|CG0226925|-39|-88
536|4|7|986|7|CG0252963|-19|-74|CG0252964|-19|-72|CG0252965|-19|-71|CG0252951|-35|-72|CG0252952|-24|-57|CG0252952|-24|-57|CG0252953|-21|-66
536|4|8|1000|2|CG0226917|-42|-82|CG0226918|-45|-79
536|4|9|1000|1|CG0226919|-42|-91
536|4|10|1000|12|CG0226904|-31|-90|CG0226905|-25|-138|CG0226905|-25|-138|CG0226905|-25|-138|CG0226906|-36|-125|CG0226906|-36|-125|CG0226907|-44|-116|CG0226908|-43|-95|CG0226909|-22|-61|CG0226910|-16|-15|CG0226219|-12|-6|CG0226220|-7|-4
536|5|0|1000|6|CG0226968|-50|-92|CG0226969|-50|-93|CG0226970|-50|-93|CG0226971|-50|-92|CG0226972|-50|-92|CG0226973|-50|-91
536|5|1|1000|6|CG0226974|-60|-85|CG0226975|-61|-84|CG0226976|-61|-84|CG0226977|-61|-84|CG0226978|-61|-84|CG0226979|-61|-84
536|5|2|600|8|CG0226946|-70|-90|CG0226946|-70|-90|CG0226947|-43|-129|CG0226948|-33|-126|CG0226949|-28|-113|CG0226950|-27|-94|CG0226951|-15|-65|CG0226952|-15|-20
536|5|3|200|4|CG0226263|-26|-20|CG0226264|-26|-14|CG0226265|-23|-12|CG0226266|-24|-15
536|5|4|800|12|CG0226952|-15|-20|CG0226951|-15|-65|CG0226950|-27|-94|CG0226949|-28|-113|CG0226948|-33|-126|CG0226947|-43|-129|CG0226947|-43|-129|CG0226946|-70|-90|CG0226946|-70|-90|CG0226946|-70|-90|CG0226946|-70|-90|CG0226946|-70|-90
536|5|5|1000|23|CG0226938|-46|-77|CG0226938|-46|-77|CG0226939|-46|-83|CG0226939|-46|-83|CG0226939|-46|-83|CG0226940|-53|-128|CG0226940|-53|-128|CG0226940|-53|-128|CG0226940|-53|-128|CG0226941|-56|-134|CG0226941|-56|-134|CG0226941|-56|-134|CG0226941|-56|-134|CG0226941|-56|-134|CG0226941|-56|-134|CG0226942|-33|-143|CG0226942|-33|-143|CG0226943|-30|-101|CG0226943|-30|-101|CG0226944|-26|-60|CG0226944|-26|-60|CG0226945|-28|-74|CG0226945|-28|-74
536|5|6|2000|19|CG0226962|-53|-89|CG0226963|-55|-90|CG0226964|-55|-90|CG0226965|-53|-89|CG0226962|-53|-89|CG0226963|-55|-90|CG0226964|-55|-90|CG0226965|-53|-89|CG0226962|-53|-89|CG0226963|-55|-90|CG0226964|-55|-90|CG0226965|-53|-89|CG0226962|-53|-89|CG0226963|-55|-90|CG0226964|-55|-90|CG0226965|-53|-89|CG0226966|-58|-91|CG0226966|-58|-91|CG0226967|-53|-89
536|5|7|986|7|CG0252985|-23|-73|CG0252986|-21|-72|CG0252987|-19|-71|CG0252973|-17|-76|CG0252974|-10|-50|CG0252974|-10|-50|CG0252975|-26|-63
536|5|8|1000|2|CG0226959|-35|-84|CG0226960|-51|-87
536|5|9|1000|1|CG0226961|-38|-91
536|5|10|1000|12|CG0226946|-70|-90|CG0226947|-43|-129|CG0226947|-43|-129|CG0226947|-43|-129|CG0226948|-33|-126|CG0226948|-33|-126|CG0226949|-28|-113|CG0226950|-27|-94|CG0226951|-15|-65|CG0226952|-15|-20|CG0226267|-9|-6|CG0226268|-5|-4
536|6|0|1000|6|CG0227010|-70|-91|CG0227011|-70|-92|CG0227012|-69|-91|CG0227013|-70|-91|CG0227014|-70|-91|CG0227015|-70|-90
536|6|1|1000|6|CG0227016|-46|-85|CG0227017|-46|-85|CG0227018|-47|-85|CG0227019|-47|-85|CG0227020|-47|-85|CG0227021|-46|-85
536|6|2|600|8|CG0226988|-83|-90|CG0226988|-83|-90|CG0226989|-41|-135|CG0226990|-24|-130|CG0226991|-22|-118|CG0226992|-19|-95|CG0226993|-11|-62|CG0226994|-10|-17
536|6|3|200|4|CG0226311|-46|-14|CG0226312|-43|-9|CG0226313|-44|-8|CG0226314|-45|-10
536|6|4|800|12|CG0226994|-10|-17|CG0226993|-11|-62|CG0226992|-19|-95|CG0226991|-22|-118|CG0226990|-24|-130|CG0226989|-41|-135|CG0226989|-41|-135|CG0226988|-83|-90|CG0226988|-83|-90|CG0226988|-83|-90|CG0226988|-83|-90|CG0226988|-83|-90
536|6|5|1000|23|CG0226980|-63|-80|CG0226980|-63|-80|CG0226981|-85|-87|CG0226981|-85|-87|CG0226981|-85|-87|CG0226982|-74|-132|CG0226982|-74|-132|CG0226982|-74|-132|CG0226982|-74|-132|CG0226983|-51|-139|CG0226983|-51|-139|CG0226983|-51|-139|CG0226983|-51|-139|CG0226983|-51|-139|CG0226983|-51|-139|CG0226984|-62|-145|CG0226984|-62|-145|CG0226985|-81|-113|CG0226985|-81|-113|CG0226986|-67|-58|CG0226986|-67|-58|CG0226987|-52|-77|CG0226987|-52|-77
536|6|6|2000|19|CG0227004|-81|-88|CG0227005|-78|-89|CG0227006|-81|-89|CG0227007|-83|-89|CG0227004|-81|-88|CG0227005|-78|-89|CG0227006|-81|-89|CG0227007|-83|-89|CG0227004|-81|-88|CG0227005|-78|-89|CG0227006|-81|-89|CG0227007|-83|-89|CG0227004|-81|-88|CG0227005|-78|-89|CG0227006|-81|-89|CG0227007|-83|-89|CG0227008|-58|-89|CG0227008|-58|-89|CG0227009|-64|-88
536|6|7|986|7|CG0253007|-18|-74|CG0253008|-17|-73|CG0253009|-17|-73|CG0252995|-16|-77|CG0252996|-27|-48|CG0252996|-27|-48|CG0252997|-32|-63
536|6|8|1000|2|CG0227001|-43|-84|CG0227002|-59|-83
536|6|9|1000|1|CG0227003|-40|-100
536|6|10|1000|12|CG0226988|-83|-90|CG0226989|-41|-135|CG0226989|-41|-135|CG0226989|-41|-135|CG0226990|-24|-130|CG0226990|-24|-130|CG0226991|-22|-118|CG0226992|-19|-95|CG0226993|-11|-62|CG0226994|-10|-17|CG0226315|-6|-6|CG0226316|-3|-4
536|7|0|1000|6|CG0227052|-62|-88|CG0227053|-62|-88|CG0227054|-62|-88|CG0227055|-62|-88|CG0227056|-62|-87|CG0227057|-63|-87
536|7|1|1000|6|CG0227058|-19|-87|CG0227059|-19|-86|CG0227060|-19|-86|CG0227061|-19|-86|CG0227062|-19|-86|CG0227063|-19|-86
536|7|2|600|8|CG0227030|-60|-89|CG0227030|-60|-89|CG0227031|-23|-144|CG0227032|-18|-128|CG0227033|-15|-114|CG0227034|-13|-90|CG0227035|-9|-58|CG0227036|-9|-12
536|7|3|200|4|CG0226359|-53|-14|CG0226360|-54|-13|CG0226361|-53|-12|CG0226362|-54|-12
536|7|4|800|12|CG0227036|-9|-12|CG0227035|-9|-58|CG0227034|-13|-90|CG0227033|-15|-114|CG0227032|-18|-128|CG0227031|-23|-144|CG0227031|-23|-144|CG0227030|-60|-89|CG0227030|-60|-89|CG0227030|-60|-89|CG0227030|-60|-89|CG0227030|-60|-89
536|7|5|1000|23|CG0227022|-71|-85|CG0227022|-71|-85|CG0227023|-78|-104|CG0227023|-78|-104|CG0227023|-78|-104|CG0227024|-64|-140|CG0227024|-64|-140|CG0227024|-64|-140|CG0227024|-64|-140|CG0227025|-39|-142|CG0227025|-39|-142|CG0227025|-39|-142|CG0227025|-39|-142|CG0227025|-39|-142|CG0227025|-39|-142|CG0227026|-64|-147|CG0227026|-64|-147|CG0227027|-90|-130|CG0227027|-90|-130|CG0227028|-94|-68|CG0227028|-94|-68|CG0227029|-71|-82|CG0227029|-71|-82
536|7|6|2000|19|CG0227046|-66|-85|CG0227047|-66|-90|CG0227048|-67|-93|CG0227049|-70|-90|CG0227046|-66|-85|CG0227047|-66|-90|CG0227048|-67|-93|CG0227049|-70|-90|CG0227046|-66|-85|CG0227047|-66|-90|CG0227048|-67|-93|CG0227049|-70|-90|CG0227046|-66|-85|CG0227047|-66|-90|CG0227048|-67|-93|CG0227049|-70|-90|CG0227050|-39|-85|CG0227050|-39|-85|CG0227051|-52|-86
536|7|7|986|7|CG0253029|-18|-74|CG0253030|-18|-74|CG0253031|-18|-74|CG0253017|-21|-72|CG0253018|-41|-54|CG0253018|-41|-54|CG0253019|-24|-67
536|7|8|1000|2|CG0227043|-38|-82|CG0227044|-38|-86
536|7|9|1000|1|CG0227045|-32|-108
536|7|10|1000|12|CG0227030|-60|-89|CG0227031|-23|-144|CG0227031|-23|-144|CG0227031|-23|-144|CG0227032|-18|-128|CG0227032|-18|-128|CG0227033|-15|-114|CG0227034|-13|-90|CG0227035|-9|-58|CG0227036|-9|-12|CG0226363|-4|-5|CG0226364|-2|-3
