532|0|0|2300|16|CG0225381|-26|-63|CG0225382|-24|-63|CG0225383|-25|-66|CG0225384|-28|-59|CG0225385|-29|-61|CG0225386|-30|-60|CG0225422|-32|-64|CG0225423|-33|-64|CG0225424|-32|-66|CG0225425|-32|-60|CG0225426|-32|-62|CG0225427|-32|-60|CG0225463|-34|-63|CG0225464|-34|-62|CG0225465|-34|-63|CG0225466|-33|-62
532|0|1|1000|6|CG0225387|-25|-62|CG0225388|-25|-61|CG0225389|-24|-63|CG0225390|-24|-63|CG0225391|-24|-60|CG0225392|-24|-60
532|0|2|600|11|CG0226016|-77|-83|CG0226016|-77|-83|CG0226017|-41|-146|CG0226017|-41|-146|CG0226017|-41|-146|CG0226018|-30|-123|CG0226018|-30|-123|CG0226019|-23|-107|CG0226020|-17|-83|CG0226021|-11|-58|CG0226022|-9|-11
532|0|3|1400|11|CG0225360|-24|-60|CG0225361|-25|-59|CG0225362|-24|-62|CG0225363|-24|-64|CG0225364|-23|-61|CG0225360|-24|-60|CG0225361|-25|-59|CG0225362|-24|-62|CG0225363|-24|-64|CG0225364|-23|-61|CG0225365|-24|-60
532|0|4|500|9|CG0226021|-11|-58|CG0226020|-17|-83|CG0226019|-23|-107|CG0226018|-30|-123|CG0226017|-41|-146|CG0226017|-41|-146|CG0226016|-77|-83|CG0226016|-77|-83|CG0226016|-77|-83
532|0|5|800|18|CG0225352|-36|-64|CG0225352|-36|-64|CG0225352|-36|-64|CG0225353|-55|-66|CG0225353|-55|-66|CG0225353|-55|-66|CG0225354|-64|-74|CG0225354|-64|-74|CG0225355|-83|-84|CG0225355|-83|-84|CG0225356|-62|-89|CG0225356|-62|-89|CG0225357|-43|-88|CG0225357|-43|-88|CG0225358|-39|-78|CG0225358|-39|-78|CG0225359|-35|-69|CG0225359|-35|-69
532|0|6|2000|22|CG0225375|-27|-65|CG0225376|-25|-64|CG0225377|-23|-70|CG0225378|-28|-76|CG0225379|-26|-78|CG0225378|-28|-76|CG0225379|-26|-78|CG0225378|-28|-76|CG0225379|-26|-78|CG0225378|-28|-76|CG0225379|-26|-78|CG0225378|-28|-76|CG0225379|-26|-78|CG0225378|-28|-76|CG0225379|-26|-78|CG0225378|-28|-76|CG0225379|-26|-78|CG0225378|-28|-76|CG0225379|-26|-78|CG0225378|-28|-76|CG0225379|-26|-78|CG0225380|-45|-69
532|0|7|986|7|CG0252875|-18|-73|CG0252876|-22|-73|CG0252877|-23|-73|CG0252863|-17|-64|CG0252864|-34|-63|CG0252864|-34|-63|CG0252865|-22|-71
532|0|8|1000|2|CG0225372|-26|-59|CG0225373|-21|-74
532|0|9|1000|1|CG0225374|-26|-65
532|0|10|800|6|CG0225366|-27|-59|CG0225367|-32|-61|CG0225368|-32|-49|CG0225369|-29|-33|CG0225370|-31|-39|CG0225371|-29|-28
532|1|0|2300|16|CG0225422|-32|-64|CG0225423|-33|-64|CG0225424|-32|-66|CG0225425|-32|-60|CG0225426|-32|-62|CG0225427|-32|-60|CG0225463|-34|-63|CG0225464|-34|-62|CG0225465|-34|-63|CG0225466|-33|-62|CG0225467|-31|-62|CG0225468|-29|-66|CG0225504|-28|-64|CG0225505|-29|-65|CG0225506|-31|-61|CG0225507|-33|-65
532|1|1|1000|6|CG0225428|-33|-63|CG0225429|-33|-63|CG0225430|-33|-64|CG0225431|-33|-58|CG0225432|-33|-60|CG0225433|-32|-59
532|1|2|600|11|CG0226064|-56|-83|CG0226064|-56|-83|CG0226065|-45|-139|CG0226065|-45|-139|CG0226065|-45|-139|CG0226066|-36|-118|CG0226066|-36|-118|CG0226067|-28|-106|CG0226068|-28|-81|CG0226069|-16|-59|CG0226070|-14|-14
532|1|3|1400|11|CG0225401|-32|-61|CG0225402|-32|-61|CG0225403|-32|-63|CG0225404|-32|-56|CG0225405|-32|-58|CG0225401|-32|-61|CG0225402|-32|-61|CG0225403|-32|-63|CG0225404|-32|-56|CG0225405|-32|-58|CG0225406|-32|-57
532|1|4|500|9|CG0226069|-16|-59|CG0226068|-28|-81|CG0226067|-28|-106|CG0226066|-36|-118|CG0226065|-45|-139|CG0226065|-45|-139|CG0226064|-56|-83|CG0226064|-56|-83|CG0226064|-56|-83
532|1|5|800|18|CG0225393|-29|-66|CG0225393|-29|-66|CG0225393|-29|-66|CG0225394|-43|-75|CG0225394|-43|-75|CG0225394|-43|-75|CG0225395|-51|-79|CG0225395|-51|-79|CG0225396|-49|-97|CG0225396|-49|-97|CG0225397|-15|-96|CG0225397|-15|-96|CG0225398|-14|-83|CG0225398|-14|-83|CG0225399|-16|-78|CG0225399|-16|-78|CG0225400|-22|-71|CG0225400|-22|-71
532|1|6|2000|22|CG0225416|-32|-65|CG0225417|-29|-63|CG0225418|-27|-68|CG0225419|-21|-74|CG0225420|-19|-76|CG0225419|-21|-74|CG0225420|-19|-76|CG0225419|-21|-74|CG0225420|-19|-76|CG0225419|-21|-74|CG0225420|-19|-76|CG0225419|-21|-74|CG0225420|-19|-76|CG0225419|-21|-74|CG0225420|-19|-76|CG0225419|-21|-74|CG0225420|-19|-76|CG0225419|-21|-74|CG0225420|-19|-76|CG0225419|-21|-74|CG0225420|-19|-76|CG0225421|-56|-71
532|1|7|986|7|CG0252897|-23|-72|CG0252898|-22|-72|CG0252899|-20|-72|CG0252885|-11|-60|CG0252886|-22|-70|CG0252886|-22|-70|CG0252887|-22|-73
532|1|8|1000|2|CG0225413|-34|-62|CG0225414|-33|-75
532|1|9|1000|1|CG0225415|-27|-64
532|1|10|800|6|CG0225407|-37|-60|CG0225408|-35|-62|CG0225409|-36|-49|CG0225410|-36|-32|CG0225411|-35|-41|CG0225412|-32|-31
532|2|0|2300|16|CG0225463|-34|-63|CG0225464|-34|-62|CG0225465|-34|-63|CG0225466|-33|-62|CG0225467|-31|-62|CG0225468|-29|-66|CG0225504|-28|-64|CG0225505|-29|-65|CG0225506|-31|-61|CG0225507|-33|-65|CG0225508|-34|-63|CG0225509|-33|-67|CG0225545|-33|-66|CG0225546|-33|-65|CG0225547|-33|-62|CG0225548|-33|-65
532|2|1|1000|6|CG0225469|-37|-62|CG0225470|-37|-62|CG0225471|-37|-64|CG0225472|-38|-61|CG0225473|-37|-60|CG0225474|-36|-63
532|2|2|600|11|CG0226112|-30|-83|CG0226112|-30|-83|CG0226113|-32|-146|CG0226113|-32|-146|CG0226113|-32|-146|CG0226114|-32|-125|CG0226114|-32|-125|CG0226115|-28|-112|CG0226116|-26|-87|CG0226117|-18|-60|CG0226118|-17|-14
532|2|3|1400|11|CG0225442|-42|-62|CG0225443|-43|-62|CG0225444|-43|-62|CG0225445|-43|-63|CG0225446|-42|-61|CG0225442|-42|-62|CG0225443|-43|-62|CG0225444|-43|-62|CG0225445|-43|-63|CG0225446|-42|-61|CG0225447|-41|-65
532|2|4|500|9|CG0226117|-18|-60|CG0226116|-26|-87|CG0226115|-28|-112|CG0226114|-32|-125|CG0226113|-32|-146|CG0226113|-32|-146|CG0226112|-30|-83|CG0226112|-30|-83|CG0226112|-30|-83
532|2|5|800|18|CG0225434|-28|-66|CG0225434|-28|-66|CG0225434|-28|-66|CG0225435|-31|-73|CG0225435|-31|-73|CG0225435|-31|-73|CG0225436|-23|-81|CG0225436|-23|-81|CG0225437|5|-92|CG0225437|5|-92|CG0225438|14|-82|CG0225438|14|-82|CG0225439|8|-68|CG0225439|8|-68|CG0225440|-11|-72|CG0225440|-11|-72|CG0225441|-22|-68|CG0225441|-22|-68
532|2|6|2000|22|CG0225457|-34|-65|CG0225458|-31|-64|CG0225459|-28|-70|CG0225460|-21|-76|CG0225461|-19|-78|CG0225460|-21|-76|CG0225461|-19|-78|CG0225460|-21|-76|CG0225461|-19|-78|CG0225460|-21|-76|CG0225461|-19|-78|CG0225460|-21|-76|CG0225461|-19|-78|CG0225460|-21|-76|CG0225461|-19|-78|CG0225460|-21|-76|CG0225461|-19|-78|CG0225460|-21|-76|CG0225461|-19|-78|CG0225460|-21|-76|CG0225461|-19|-78|CG0225462|-56|-69
532|2|7|986|7|CG0252919|-18|-72|CG0252920|-13|-72|CG0252921|-10|-71|CG0252907|-29|-60|CG0252908|-24|-70|CG0252908|-24|-70|CG0252909|-26|-71
532|2|8|1000|2|CG0225454|-33|-69|CG0225455|-36|-72
532|2|9|1000|1|CG0225456|-23|-65
532|2|10|800|6|CG0225448|-39|-61|CG0225449|-32|-62|CG0225450|-36|-49|CG0225451|-35|-36|CG0225452|-36|-40|CG0225453|-31|-28
532|3|0|2300|16|CG0225504|-28|-64|CG0225505|-29|-65|CG0225506|-31|-61|CG0225507|-33|-65|CG0225508|-34|-63|CG0225509|-33|-67|CG0225545|-33|-66|CG0225546|-33|-65|CG0225547|-33|-62|CG0225548|-33|-65|CG0225549|-33|-63|CG0225550|-33|-65|CG0225586|-31|-63|CG0225587|-30|-61|CG0225588|-29|-64|CG0225589|-27|-67
532|3|1|1000|6|CG0225510|-32|-65|CG0225511|-33|-64|CG0225512|-33|-61|CG0225513|-33|-64|CG0225514|-33|-65|CG0225515|-33|-67
532|3|2|600|11|CG0226160|-13|-82|CG0226160|-13|-82|CG0226161|-15|-146|CG0226161|-15|-146|CG0226161|-15|-146|CG0226162|-25|-126|CG0226162|-25|-126|CG0226163|-28|-115|CG0226164|-28|-90|CG0226165|-19|-59|CG0226166|-18|-12
532|3|3|1400|11|CG0225483|-41|-69|CG0225484|-40|-69|CG0225485|-41|-65|CG0225486|-40|-69|CG0225487|-40|-68|CG0225483|-41|-69|CG0225484|-40|-69|CG0225485|-41|-65|CG0225486|-40|-69|CG0225487|-40|-68|CG0225488|-41|-72
532|3|4|500|9|CG0226165|-19|-59|CG0226164|-28|-90|CG0226163|-28|-115|CG0226162|-25|-126|CG0226161|-15|-146|CG0226161|-15|-146|CG0226160|-13|-82|CG0226160|-13|-82|CG0226160|-13|-82
532|3|5|800|18|CG0225475|-28|-65|CG0225475|-28|-65|CG0225475|-28|-65|CG0225476|-20|-72|CG0225476|-20|-72|CG0225476|-20|-72|CG0225477|-3|-75|CG0225477|-3|-75|CG0225478|28|-76|CG0225478|28|-76|CG0225479|28|-55|CG0225479|28|-55|CG0225480|4|-53|CG0225480|4|-53|CG0225481|-16|-61|CG0225481|-16|-61|CG0225482|-21|-61|CG0225482|-21|-61
532|3|6|2000|22|CG0225498|-30|-65|CG0225499|-27|-64|CG0225500|-24|-69|CG0225501|-21|-78|CG0225502|-19|-80|CG0225501|-21|-78|CG0225502|-19|-80|CG0225501|-21|-78|CG0225502|-19|-80|CG0225501|-21|-78|CG0225502|-19|-80|CG0225501|-21|-78|CG0225502|-19|-80|CG0225501|-21|-78|CG0225502|-19|-80|CG0225501|-21|-78|CG0225502|-19|-80|CG0225501|-21|-78|CG0225502|-19|-80|CG0225501|-21|-78|CG0225502|-19|-80|CG0225503|-43|-72
532|3|7|986|7|CG0252941|-14|-72|CG0252942|-12|-72|CG0252943|-14|-71|CG0252929|-40|-65|CG0252930|-29|-66|CG0252930|-29|-66|CG0252931|-21|-69
532|3|8|1000|2|CG0225495|-29|-73|CG0225496|-38|-71
532|3|9|1000|1|CG0225497|-15|-64
532|3|10|800|6|CG0225489|-32|-65|CG0225490|-29|-58|CG0225491|-31|-48|CG0225492|-31|-40|CG0225493|-32|-38|CG0225494|-28|-31
532|4|0|2300|16|CG0225545|-33|-66|CG0225546|-33|-65|CG0225547|-33|-62|CG0225548|-33|-65|CG0225549|-33|-63|CG0225550|-33|-65|CG0225586|-31|-63|CG0225587|-30|-61|CG0225588|-29|-64|CG0225589|-27|-67|CG0225590|-25|-65|CG0225591|-27|-64|CG0225627|-27|-64|CG0225628|-28|-62|CG0225629|-28|-65|CG0225630|-29|-68
532|4|1|1000|6|CG0225551|-36|-66|CG0225552|-36|-66|CG0225553|-36|-63|CG0225554|-36|-66|CG0225555|-36|-66|CG0225556|-37|-68
532|4|2|600|11|CG0226208|-31|-81|CG0226208|-31|-81|CG0226209|-25|-138|CG0226209|-25|-138|CG0226209|-25|-138|CG0226210|-36|-125|CG0226210|-36|-125|CG0226211|-44|-116|CG0226212|-43|-95|CG0226213|-22|-61|CG0226214|-16|-15
532|4|3|1400|11|CG0225524|-41|-73|CG0225525|-40|-73|CG0225526|-40|-70|CG0225527|-40|-74|CG0225528|-40|-73|CG0225524|-41|-73|CG0225525|-40|-73|CG0225526|-40|-70|CG0225527|-40|-74|CG0225528|-40|-73|CG0225529|-40|-75
532|4|4|500|9|CG0226213|-22|-61|CG0226212|-43|-95|CG0226211|-44|-116|CG0226210|-36|-125|CG0226209|-25|-138|CG0226209|-25|-138|CG0226208|-31|-81|CG0226208|-31|-81|CG0226208|-31|-81
532|4|5|800|18|CG0225516|-34|-63|CG0225516|-34|-63|CG0225516|-34|-63|CG0225517|-15|-68|CG0225517|-15|-68|CG0225517|-15|-68|CG0225518|8|-62|CG0225518|8|-62|CG0225519|16|-51|CG0225519|16|-51|CG0225520|-1|-39|CG0225520|-1|-39|CG0225521|-22|-43|CG0225521|-22|-43|CG0225522|-33|-52|CG0225522|-33|-52|CG0225523|-34|-61|CG0225523|-34|-61
532|4|6|2000|22|CG0225539|-36|-66|CG0225540|-33|-65|CG0225541|-30|-68|CG0225542|-21|-76|CG0225543|-20|-80|CG0225542|-21|-76|CG0225543|-20|-80|CG0225542|-21|-76|CG0225543|-20|-80|CG0225542|-21|-76|CG0225543|-20|-80|CG0225542|-21|-76|CG0225543|-20|-80|CG0225542|-21|-76|CG0225543|-20|-80|CG0225542|-21|-76|CG0225543|-20|-80|CG0225542|-21|-76|CG0225543|-20|-80|CG0225542|-21|-76|CG0225543|-20|-80|CG0225544|-60|-72
532|4|7|986|7|CG0252963|-19|-74|CG0252964|-19|-72|CG0252965|-19|-71|CG0252951|-35|-72|CG0252952|-24|-57|CG0252952|-24|-57|CG0252953|-21|-66
532|4|8|1000|2|CG0225536|-33|-74|CG0225537|-40|-70
532|4|9|1000|1|CG0225538|-24|-67
532|4|10|800|6|CG0225530|-39|-66|CG0225531|-36|-55|CG0225532|-40|-47|CG0225533|-37|-39|CG0225534|-38|-38|CG0225535|-35|-31
532|5|0|2300|16|CG0225586|-31|-63|CG0225587|-30|-61|CG0225588|-29|-64|CG0225589|-27|-67|CG0225590|-25|-65|CG0225591|-27|-64|CG0225627|-27|-64|CG0225628|-28|-62|CG0225629|-28|-65|CG0225630|-29|-68|CG0225631|-29|-65|CG0225632|-30|-64|CG0225668|-29|-63|CG0225669|-29|-61|CG0225670|-29|-64|CG0225671|-28|-65
532|5|1|1000|6|CG0225592|-31|-63|CG0225593|-31|-63|CG0225594|-31|-63|CG0225595|-31|-65|CG0225596|-31|-62|CG0225597|-31|-65
532|5|2|600|11|CG0226256|-70|-80|CG0226256|-70|-80|CG0226257|-43|-129|CG0226257|-43|-129|CG0226257|-43|-129|CG0226258|-32|-126|CG0226258|-32|-126|CG0226259|-28|-113|CG0226260|-27|-94|CG0226261|-15|-65|CG0226262|-15|-20
532|5|3|1400|11|CG0225565|-29|-72|CG0225566|-29|-73|CG0225567|-29|-73|CG0225568|-29|-74|CG0225569|-29|-72|CG0225565|-29|-72|CG0225566|-29|-73|CG0225567|-29|-73|CG0225568|-29|-74|CG0225569|-29|-72|CG0225570|-29|-75
532|5|4|500|9|CG0226261|-15|-65|CG0226260|-27|-94|CG0226259|-28|-113|CG0226258|-32|-126|CG0226257|-43|-129|CG0226257|-43|-129|CG0226256|-70|-80|CG0226256|-70|-80|CG0226256|-70|-80
532|5|5|800|18|CG0225557|-36|-60|CG0225557|-36|-60|CG0225557|-36|-60|CG0225558|-13|-58|CG0225558|-13|-58|CG0225558|-13|-58|CG0225559|-14|-52|CG0225559|-14|-52|CG0225560|-14|-30|CG0225560|-14|-30|CG0225561|-56|-33|CG0225561|-56|-33|CG0225562|-55|-48|CG0225562|-55|-48|CG0225563|-50|-60|CG0225563|-50|-60|CG0225564|-38|-60|CG0225564|-38|-60
532|5|6|2000|22|CG0225580|-33|-66|CG0225581|-30|-63|CG0225582|-28|-64|CG0225583|-21|-74|CG0225584|-20|-77|CG0225583|-21|-74|CG0225584|-20|-77|CG0225583|-21|-74|CG0225584|-20|-77|CG0225583|-21|-74|CG0225584|-20|-77|CG0225583|-21|-74|CG0225584|-20|-77|CG0225583|-21|-74|CG0225584|-20|-77|CG0225583|-21|-74|CG0225584|-20|-77|CG0225583|-21|-74|CG0225584|-20|-77|CG0225583|-21|-74|CG0225584|-20|-77|CG0225585|-57|-65
532|5|7|986|7|CG0252985|-23|-73|CG0252986|-21|-72|CG0252987|-19|-71|CG0252973|-17|-76|CG0252974|-10|-50|CG0252974|-10|-50|CG0252975|-26|-63
532|5|8|1000|2|CG0225577|-30|-72|CG0225578|-33|-69
532|5|9|1000|1|CG0225579|-27|-66
532|5|10|800|6|CG0225571|-34|-63|CG0225572|-35|-56|CG0225573|-34|-48|CG0225574|-33|-36|CG0225575|-37|-38|CG0225576|-32|-28
532|6|0|2300|16|CG0225627|-27|-64|CG0225628|-28|-62|CG0225629|-28|-65|CG0225630|-29|-68|CG0225631|-29|-65|CG0225632|-30|-64|CG0225668|-29|-63|CG0225669|-29|-61|CG0225670|-29|-64|CG0225671|-28|-65|CG0225672|-27|-62|CG0225673|-26|-60|CG0225381|-26|-63|CG0225382|-24|-63|CG0225383|-25|-66|CG0225384|-28|-59
532|6|1|1000|6|CG0225633|-25|-64|CG0225634|-25|-63|CG0225635|-25|-66|CG0225636|-25|-68|CG0225637|-24|-66|CG0225638|-25|-64
532|6|2|600|11|CG0226304|-83|-81|CG0226304|-83|-81|CG0226305|-41|-135|CG0226305|-41|-135|CG0226305|-41|-135|CG0226306|-24|-130|CG0226306|-24|-130|CG0226307|-22|-118|CG0226308|-19|-95|CG0226309|-11|-62|CG0226310|-10|-17
532|6|3|1400|11|CG0225606|-25|-73|CG0225607|-25|-70|CG0225608|-25|-74|CG0225609|-24|-75|CG0225610|-24|-73|CG0225606|-25|-73|CG0225607|-25|-70|CG0225608|-25|-74|CG0225609|-24|-75|CG0225610|-24|-73|CG0225611|-24|-72
532|6|4|500|9|CG0226309|-11|-62|CG0226308|-19|-95|CG0226307|-22|-118|CG0226306|-24|-130|CG0226305|-41|-135|CG0226305|-41|-135|CG0226304|-83|-81|CG0226304|-83|-81|CG0226304|-83|-81
532|6|5|800|18|CG0225598|-26|-65|CG0225598|-26|-65|CG0225598|-26|-65|CG0225599|-38|-55|CG0225599|-38|-55|CG0225599|-38|-55|CG0225600|-50|-48|CG0225600|-50|-48|CG0225601|-77|-35|CG0225601|-77|-35|CG0225602|-91|-49|CG0225602|-91|-49|CG0225603|-79|-62|CG0225603|-79|-62|CG0225604|-52|-71|CG0225604|-52|-71|CG0225605|-37|-66|CG0225605|-37|-66
532|6|6|2000|22|CG0225621|-27|-69|CG0225622|-26|-64|CG0225623|-23|-68|CG0225624|-29|-77|CG0225625|-27|-80|CG0225624|-29|-77|CG0225625|-27|-80|CG0225624|-29|-77|CG0225625|-27|-80|CG0225624|-29|-77|CG0225625|-27|-80|CG0225624|-29|-77|CG0225625|-27|-80|CG0225624|-29|-77|CG0225625|-27|-80|CG0225624|-29|-77|CG0225625|-27|-80|CG0225624|-29|-77|CG0225625|-27|-80|CG0225624|-29|-77|CG0225625|-27|-80|CG0225626|-47|-73
532|6|7|986|7|CG0253007|-18|-74|CG0253008|-17|-73|CG0253009|-17|-73|CG0252995|-16|-77|CG0252996|-27|-48|CG0252996|-27|-48|CG0252997|-32|-63
532|6|8|1000|2|CG0225618|-25|-67|CG0225619|-28|-70
532|6|9|1000|1|CG0225620|-26|-66
532|6|10|800|6|CG0225612|-27|-58|CG0225613|-34|-59|CG0225614|-34|-50|CG0225615|-30|-39|CG0225616|-33|-40|CG0225617|-30|-32
532|7|0|2300|16|CG0225668|-29|-63|CG0225669|-29|-61|CG0225670|-29|-64|CG0225671|-28|-65|CG0225672|-27|-62|CG0225673|-26|-60|CG0225381|-26|-63|CG0225382|-24|-63|CG0225383|-25|-66|CG0225384|-28|-59|CG0225385|-29|-61|CG0225386|-30|-60|CG0225422|-32|-64|CG0225423|-33|-64|CG0225424|-32|-66|CG0225425|-32|-60
532|7|1|1000|6|CG0225674|-29|-64|CG0225675|-29|-62|CG0225676|-29|-65|CG0225677|-29|-67|CG0225678|-29|-65|CG0225679|-29|-63
532|7|2|600|11|CG0226352|-60|-82|CG0226352|-60|-82|CG0226353|-23|-144|CG0226353|-23|-144|CG0226353|-23|-144|CG0226354|-18|-128|CG0226354|-18|-128|CG0226355|-15|-114|CG0226356|-13|-90|CG0226357|-9|-58|CG0226358|-9|-12
532|7|3|1400|11|CG0225647|-29|-66|CG0225648|-29|-65|CG0225649|-29|-68|CG0225650|-28|-70|CG0225651|-28|-67|CG0225647|-29|-66|CG0225648|-29|-65|CG0225649|-29|-68|CG0225650|-28|-70|CG0225651|-28|-67|CG0225652|-28|-67
532|7|4|500|9|CG0226357|-9|-58|CG0226356|-13|-90|CG0226355|-15|-114|CG0226354|-18|-128|CG0226353|-23|-144|CG0226353|-23|-144|CG0226352|-60|-82|CG0226352|-60|-82|CG0226352|-60|-82
532|7|5|800|18|CG0225639|-36|-65|CG0225639|-36|-65|CG0225639|-36|-65|CG0225640|-57|-54|CG0225640|-57|-54|CG0225640|-57|-54|CG0225641|-62|-57|CG0225641|-62|-57|CG0225642|-105|-58|CG0225642|-105|-58|CG0225643|-97|-73|CG0225643|-97|-73|CG0225644|-65|-77|CG0225644|-65|-77|CG0225645|-53|-78|CG0225645|-53|-78|CG0225646|-40|-69|CG0225646|-40|-69
532|7|6|2000|22|CG0225662|-31|-68|CG0225663|-26|-63|CG0225664|-22|-69|CG0225665|-25|-78|CG0225666|-23|-80|CG0225665|-25|-78|CG0225666|-23|-80|CG0225665|-25|-78|CG0225666|-23|-80|CG0225665|-25|-78|CG0225666|-23|-80|CG0225665|-25|-78|CG0225666|-23|-80|CG0225665|-25|-78|CG0225666|-23|-80|CG0225665|-25|-78|CG0225666|-23|-80|CG0225665|-25|-78|CG0225666|-23|-80|CG0225665|-25|-78|CG0225666|-23|-80|CG0225667|-52|-73
532|7|7|986|7|CG0253029|-18|-74|CG0253030|-18|-74|CG0253031|-18|-74|CG0253017|-21|-72|CG0253018|-41|-54|CG0253018|-41|-54|CG0253019|-24|-67
532|7|8|1000|2|CG0225659|-24|-63|CG0225660|-22|-72
532|7|9|1000|1|CG0225661|-16|-64
532|7|10|800|6|CG0225653|-27|-55|CG0225654|-35|-59|CG0225655|-36|-50|CG0225656|-30|-38|CG0225657|-35|-40|CG0225658|-31|-30
