533|0|0|1200|16|CG0225709|-24|-57|CG0225710|-22|-57|CG0225711|-23|-58|CG0225712|-25|-53|CG0225713|-26|-56|CG0225714|-27|-54|CG0225750|-29|-58|CG0225751|-29|-58|CG0225752|-29|-59|CG0225753|-29|-53|CG0225754|-28|-55|CG0225755|-28|-55|CG0225791|-30|-57|CG0225792|-31|-56|CG0225793|-30|-57|CG0225794|-30|-56
533|0|1|800|6|CG0225715|-21|-55|CG0225716|-21|-55|CG0225717|-21|-57|CG0225718|-21|-56|CG0225719|-20|-54|CG0225720|-20|-54
533|0|2|600|11|CG0226016|-77|-83|CG0226016|-77|-83|CG0226017|-41|-146|CG0226017|-41|-146|CG0226017|-41|-146|CG0226018|-30|-123|CG0226018|-30|-123|CG0226019|-23|-107|CG0226020|-17|-83|CG0226021|-11|-58|CG0226022|-9|-11
533|0|3|1500|12|CG0225688|-20|-54|CG0225689|-21|-54|CG0225690|-20|-56|CG0225691|-20|-57|CG0225692|-20|-55|CG0225693|-20|-54|CG0225688|-20|-54|CG0225689|-21|-54|CG0225690|-20|-56|CG0225691|-20|-57|CG0225692|-20|-55|CG0225693|-20|-54
533|0|4|500|9|CG0226021|-11|-58|CG0226020|-17|-83|CG0226019|-23|-107|CG0226018|-30|-123|CG0226017|-41|-146|CG0226017|-41|-146|CG0226016|-77|-83|CG0226016|-77|-83|CG0226016|-77|-83
533|0|5|800|16|CG0225680|-32|-56|CG0225680|-32|-56|CG0225681|-46|-57|CG0225681|-46|-57|CG0225682|-63|-64|CG0225682|-63|-64|CG0225683|-67|-72|CG0225683|-67|-72|CG0225684|-59|-76|CG0225684|-59|-76|CG0225685|-45|-82|CG0225685|-45|-82|CG0225686|-39|-76|CG0225686|-39|-76|CG0225687|-29|-62|CG0225687|-29|-62
533|0|6|2000|22|CG0225703|-24|-58|CG0225704|-23|-56|CG0225705|-20|-62|CG0225706|-26|-68|CG0225707|-23|-70|CG0225706|-26|-68|CG0225707|-23|-70|CG0225706|-26|-68|CG0225707|-23|-70|CG0225706|-26|-68|CG0225707|-23|-70|CG0225706|-26|-68|CG0225707|-23|-70|CG0225706|-26|-68|CG0225707|-23|-70|CG0225706|-26|-68|CG0225707|-23|-70|CG0225706|-26|-68|CG0225707|-23|-70|CG0225706|-26|-68|CG0225707|-23|-70|CG0225708|-40|-62
533|0|7|986|7|CG0252875|-18|-73|CG0252876|-22|-73|CG0252877|-23|-73|CG0252863|-17|-64|CG0252864|-34|-63|CG0252864|-34|-63|CG0252865|-22|-71
533|0|8|1000|2|CG0225700|-24|-53|CG0225701|-19|-67
533|0|9|1000|1|CG0225702|-24|-59
533|0|10|800|6|CG0225694|-24|-53|CG0225695|-28|-56|CG0225696|-29|-43|CG0225697|-26|-30|CG0225698|-28|-35|CG0225699|-26|-24
533|1|0|1200|16|CG0225750|-29|-58|CG0225751|-29|-58|CG0225752|-29|-59|CG0225753|-29|-53|CG0225754|-28|-55|CG0225755|-28|-55|CG0225791|-30|-57|CG0225792|-31|-56|CG0225793|-30|-57|CG0225794|-30|-56|CG0225795|-28|-56|CG0225796|-26|-59|CG0225832|-25|-57|CG0225833|-26|-57|CG0225834|-28|-55|CG0225835|-29|-58
533|1|1|800|6|CG0225756|-29|-56|CG0225757|-29|-56|CG0225758|-29|-58|CG0225759|-29|-52|CG0225760|-29|-54|CG0225761|-29|-53
533|1|2|600|11|CG0226064|-56|-83|CG0226064|-56|-83|CG0226065|-45|-139|CG0226065|-45|-139|CG0226065|-45|-139|CG0226066|-36|-118|CG0226066|-36|-118|CG0226067|-28|-106|CG0226068|-28|-81|CG0226069|-16|-59|CG0226070|-14|-14
533|1|3|1500|12|CG0225729|-29|-54|CG0225730|-29|-55|CG0225731|-29|-57|CG0225732|-29|-51|CG0225733|-29|-52|CG0225734|-29|-52|CG0225729|-29|-54|CG0225730|-29|-55|CG0225731|-29|-57|CG0225732|-29|-51|CG0225733|-29|-52|CG0225734|-29|-52
533|1|4|500|9|CG0226069|-16|-59|CG0226068|-28|-81|CG0226067|-28|-106|CG0226066|-36|-118|CG0226065|-45|-139|CG0226065|-45|-139|CG0226064|-56|-83|CG0226064|-56|-83|CG0226064|-56|-83
533|1|5|800|16|CG0225721|-25|-59|CG0225721|-25|-59|CG0225722|-39|-65|CG0225722|-39|-65|CG0225723|-47|-71|CG0225723|-47|-71|CG0225724|-44|-81|CG0225724|-44|-81|CG0225725|-18|-82|CG0225725|-18|-82|CG0225726|-22|-79|CG0225726|-22|-79|CG0225727|-10|-71|CG0225727|-10|-71|CG0225728|-20|-63|CG0225728|-20|-63
533|1|6|2000|22|CG0225744|-29|-59|CG0225745|-26|-56|CG0225746|-23|-61|CG0225747|-17|-66|CG0225748|-16|-68|CG0225747|-17|-66|CG0225748|-16|-68|CG0225747|-17|-66|CG0225748|-16|-68|CG0225747|-17|-66|CG0225748|-16|-68|CG0225747|-17|-66|CG0225748|-16|-68|CG0225747|-17|-66|CG0225748|-16|-68|CG0225747|-17|-66|CG0225748|-16|-68|CG0225747|-17|-66|CG0225748|-16|-68|CG0225747|-17|-66|CG0225748|-16|-68|CG0225749|-51|-64
533|1|7|986|7|CG0252897|-23|-72|CG0252898|-22|-72|CG0252899|-20|-72|CG0252885|-11|-60|CG0252886|-22|-70|CG0252886|-22|-70|CG0252887|-22|-73
533|1|8|1000|2|CG0225741|-31|-56|CG0225742|-30|-68
533|1|9|1000|1|CG0225743|-24|-58
533|1|10|800|6|CG0225735|-33|-54|CG0225736|-32|-56|CG0225737|-33|-44|CG0225738|-32|-29|CG0225739|-31|-36|CG0225740|-29|-26
533|2|0|1200|16|CG0225791|-30|-57|CG0225792|-31|-56|CG0225793|-30|-57|CG0225794|-30|-56|CG0225795|-28|-56|CG0225796|-26|-59|CG0225832|-25|-57|CG0225833|-26|-57|CG0225834|-28|-55|CG0225835|-29|-58|CG0225836|-30|-58|CG0225837|-30|-60|CG0225873|-29|-58|CG0225874|-29|-59|CG0225875|-29|-55|CG0225876|-30|-58
533|2|1|800|6|CG0225797|-34|-56|CG0225798|-33|-55|CG0225799|-34|-57|CG0225800|-34|-55|CG0225801|-33|-54|CG0225802|-33|-57
533|2|2|600|11|CG0226112|-30|-83|CG0226112|-30|-83|CG0226113|-32|-146|CG0226113|-32|-146|CG0226113|-32|-146|CG0226114|-32|-125|CG0226114|-32|-125|CG0226115|-28|-112|CG0226116|-26|-87|CG0226117|-18|-60|CG0226118|-17|-14
533|2|3|1500|12|CG0225770|-38|-55|CG0225771|-39|-55|CG0225772|-39|-56|CG0225773|-39|-56|CG0225774|-38|-55|CG0225775|-38|-59|CG0225770|-38|-55|CG0225771|-39|-55|CG0225772|-39|-56|CG0225773|-39|-56|CG0225774|-38|-55|CG0225775|-38|-59
533|2|4|500|9|CG0226117|-18|-60|CG0226116|-26|-87|CG0226115|-28|-112|CG0226114|-32|-125|CG0226113|-32|-146|CG0226113|-32|-146|CG0226112|-30|-83|CG0226112|-30|-83|CG0226112|-30|-83
533|2|5|800|16|CG0225762|-27|-59|CG0225762|-27|-59|CG0225763|-30|-65|CG0225763|-30|-65|CG0225764|-16|-76|CG0225764|-16|-76|CG0225765|-4|-77|CG0225765|-4|-77|CG0225766|8|-74|CG0225766|8|-74|CG0225767|9|-63|CG0225767|9|-63|CG0225768|-4|-66|CG0225768|-4|-66|CG0225769|-20|-60|CG0225769|-20|-60
533|2|6|2000|22|CG0225785|-29|-58|CG0225786|-26|-57|CG0225787|-23|-63|CG0225788|-17|-69|CG0225789|-15|-70|CG0225788|-17|-69|CG0225789|-15|-70|CG0225788|-17|-69|CG0225789|-15|-70|CG0225788|-17|-69|CG0225789|-15|-70|CG0225788|-17|-69|CG0225789|-15|-70|CG0225788|-17|-69|CG0225789|-15|-70|CG0225788|-17|-69|CG0225789|-15|-70|CG0225788|-17|-69|CG0225789|-15|-70|CG0225788|-17|-69|CG0225789|-15|-70|CG0225790|-51|-62
533|2|7|986|7|CG0252919|-18|-72|CG0252920|-13|-72|CG0252921|-10|-71|CG0252907|-29|-60|CG0252908|-24|-70|CG0252908|-24|-70|CG0252909|-26|-71
533|2|8|1000|2|CG0225782|-29|-61|CG0225783|-33|-65
533|2|9|1000|1|CG0225784|-19|-59
533|2|10|800|6|CG0225776|-35|-55|CG0225777|-29|-55|CG0225778|-32|-43|CG0225779|-31|-32|CG0225780|-32|-35|CG0225781|-28|-24
533|3|0|1200|16|CG0225832|-25|-57|CG0225833|-26|-57|CG0225834|-28|-55|CG0225835|-29|-58|CG0225836|-30|-58|CG0225837|-30|-60|CG0225873|-29|-58|CG0225874|-29|-59|CG0225875|-29|-55|CG0225876|-30|-58|CG0225877|-30|-57|CG0225878|-30|-59|CG0225914|-28|-56|CG0225915|-27|-55|CG0225916|-26|-58|CG0225917|-24|-61
533|3|1|800|6|CG0225838|-30|-58|CG0225839|-30|-57|CG0225840|-29|-55|CG0225841|-29|-57|CG0225842|-30|-57|CG0225843|-30|-61
533|3|2|600|11|CG0226160|-13|-82|CG0226160|-13|-82|CG0226161|-15|-146|CG0226161|-15|-146|CG0226161|-15|-146|CG0226162|-25|-126|CG0226162|-25|-126|CG0226163|-28|-115|CG0226164|-28|-90|CG0226165|-19|-59|CG0226166|-18|-12
533|3|3|1500|12|CG0225811|-36|-61|CG0225812|-36|-62|CG0225813|-36|-59|CG0225814|-36|-62|CG0225815|-36|-61|CG0225816|-37|-64|CG0225811|-36|-61|CG0225812|-36|-62|CG0225813|-36|-59|CG0225814|-36|-62|CG0225815|-36|-61|CG0225816|-37|-64
533|3|4|500|9|CG0226165|-19|-59|CG0226164|-28|-90|CG0226163|-28|-115|CG0226162|-25|-126|CG0226161|-15|-146|CG0226161|-15|-146|CG0226160|-13|-82|CG0226160|-13|-82|CG0226160|-13|-82
533|3|5|800|16|CG0225803|-20|-57|CG0225803|-20|-57|CG0225804|-13|-66|CG0225804|-13|-66|CG0225805|0|-67|CG0225805|0|-67|CG0225806|17|-68|CG0225806|17|-68|CG0225807|18|-53|CG0225807|18|-53|CG0225808|7|-51|CG0225808|7|-51|CG0225809|-10|-52|CG0225809|-10|-52|CG0225810|-18|-56|CG0225810|-18|-56
533|3|6|2000|22|CG0225826|-27|-59|CG0225827|-24|-58|CG0225828|-21|-62|CG0225829|-17|-69|CG0225830|-15|-71|CG0225829|-17|-69|CG0225830|-15|-71|CG0225829|-17|-69|CG0225830|-15|-71|CG0225829|-17|-69|CG0225830|-15|-71|CG0225829|-17|-69|CG0225830|-15|-71|CG0225829|-17|-69|CG0225830|-15|-71|CG0225829|-17|-69|CG0225830|-15|-71|CG0225829|-17|-69|CG0225830|-15|-71|CG0225829|-17|-69|CG0225830|-15|-71|CG0225831|-38|-64
533|3|7|986|7|CG0252941|-14|-72|CG0252942|-12|-72|CG0252943|-14|-71|CG0252929|-40|-65|CG0252930|-29|-66|CG0252930|-29|-66|CG0252931|-21|-69
533|3|8|1000|2|CG0225823|-26|-66|CG0225824|-35|-63
533|3|9|1000|1|CG0225825|-12|-58
533|3|10|800|6|CG0225817|-29|-58|CG0225818|-26|-52|CG0225819|-28|-43|CG0225820|-28|-35|CG0225821|-28|-34|CG0225822|-25|-26
533|4|0|1200|16|CG0225873|-29|-58|CG0225874|-29|-59|CG0225875|-29|-55|CG0225876|-30|-58|CG0225877|-30|-57|CG0225878|-30|-59|CG0225914|-28|-56|CG0225915|-27|-55|CG0225916|-26|-58|CG0225917|-24|-61|CG0225918|-23|-58|CG0225919|-24|-58|CG0225955|-24|-57|CG0225956|-25|-56|CG0225957|-25|-58|CG0225958|-25|-61
533|4|1|800|6|CG0225879|-33|-59|CG0225880|-32|-59|CG0225881|-32|-56|CG0225882|-33|-59|CG0225883|-33|-59|CG0225884|-33|-62
533|4|2|600|11|CG0226208|-31|-81|CG0226208|-31|-81|CG0226209|-25|-138|CG0226209|-25|-138|CG0226209|-25|-138|CG0226210|-36|-125|CG0226210|-36|-125|CG0226211|-44|-116|CG0226212|-43|-95|CG0226213|-22|-61|CG0226214|-16|-15
533|4|3|1500|12|CG0225852|-37|-65|CG0225853|-36|-66|CG0225854|-36|-63|CG0225855|-36|-66|CG0225856|-36|-65|CG0225857|-36|-67|CG0225852|-37|-65|CG0225853|-36|-66|CG0225854|-36|-63|CG0225855|-36|-66|CG0225856|-36|-65|CG0225857|-36|-67
533|4|4|500|9|CG0226213|-22|-61|CG0226212|-43|-95|CG0226211|-44|-116|CG0226210|-36|-125|CG0226209|-25|-138|CG0226209|-25|-138|CG0226208|-31|-81|CG0226208|-31|-81|CG0226208|-31|-81
533|4|5|800|16|CG0225844|-33|-57|CG0225844|-33|-57|CG0225845|-9|-60|CG0225845|-9|-60|CG0225846|11|-52|CG0225846|11|-52|CG0225847|8|-51|CG0225847|8|-51|CG0225848|-1|-40|CG0225848|-1|-40|CG0225849|-16|-39|CG0225849|-16|-39|CG0225850|-19|-47|CG0225850|-19|-47|CG0225851|-32|-53|CG0225851|-32|-53
533|4|6|2000|22|CG0225867|-31|-59|CG0225868|-28|-58|CG0225869|-25|-60|CG0225870|-17|-69|CG0225871|-15|-71|CG0225870|-17|-69|CG0225871|-15|-71|CG0225870|-17|-69|CG0225871|-15|-71|CG0225870|-17|-69|CG0225871|-15|-71|CG0225870|-17|-69|CG0225871|-15|-71|CG0225870|-17|-69|CG0225871|-15|-71|CG0225870|-17|-69|CG0225871|-15|-71|CG0225870|-17|-69|CG0225871|-15|-71|CG0225870|-17|-69|CG0225871|-15|-71|CG0225872|-54|-65
533|4|7|986|7|CG0252963|-19|-74|CG0252964|-19|-72|CG0252965|-19|-71|CG0252951|-35|-72|CG0252952|-24|-57|CG0252952|-24|-57|CG0252953|-21|-66
533|4|8|1000|2|CG0225864|-29|-65|CG0225865|-36|-63
533|4|9|1000|1|CG0225866|-20|-60
533|4|10|800|6|CG0225858|-35|-59|CG0225859|-33|-50|CG0225860|-36|-42|CG0225861|-33|-35|CG0225862|-34|-34|CG0225863|-30|-26
533|5|0|1200|16|CG0225914|-28|-56|CG0225915|-27|-55|CG0225916|-26|-58|CG0225917|-24|-61|CG0225918|-23|-58|CG0225919|-24|-58|CG0225955|-24|-57|CG0225956|-25|-56|CG0225957|-25|-58|CG0225958|-25|-61|CG0225959|-25|-59|CG0225960|-25|-57|CG0225996|-25|-56|CG0225997|-25|-55|CG0225998|-25|-57|CG0225999|-25|-58
533|5|1|800|6|CG0225920|-28|-56|CG0225921|-28|-57|CG0225922|-28|-56|CG0225923|-28|-58|CG0225924|-28|-56|CG0225925|-28|-58
533|5|2|600|11|CG0226256|-70|-80|CG0226256|-70|-80|CG0226257|-43|-129|CG0226257|-43|-129|CG0226257|-43|-129|CG0226258|-32|-126|CG0226258|-32|-126|CG0226259|-28|-113|CG0226260|-27|-94|CG0226261|-15|-65|CG0226262|-15|-20
533|5|3|1500|12|CG0225893|-26|-65|CG0225894|-26|-66|CG0225895|-26|-65|CG0225896|-26|-66|CG0225897|-27|-64|CG0225898|-26|-67|CG0225893|-26|-65|CG0225894|-26|-66|CG0225895|-26|-65|CG0225896|-26|-66|CG0225897|-27|-64|CG0225898|-26|-67
533|5|4|500|9|CG0226261|-15|-65|CG0226260|-27|-94|CG0226259|-28|-113|CG0226258|-32|-126|CG0226257|-43|-129|CG0226257|-43|-129|CG0226256|-70|-80|CG0226256|-70|-80|CG0226256|-70|-80
533|5|5|800|16|CG0225885|-30|-54|CG0225885|-30|-54|CG0225886|-8|-51|CG0225886|-8|-51|CG0225887|-14|-44|CG0225887|-14|-44|CG0225888|-13|-34|CG0225888|-13|-34|CG0225889|-44|-33|CG0225889|-44|-33|CG0225890|-44|-45|CG0225890|-44|-45|CG0225891|-53|-47|CG0225891|-53|-47|CG0225892|-34|-53|CG0225892|-34|-53
533|5|6|2000|22|CG0225908|-29|-59|CG0225909|-26|-56|CG0225910|-23|-58|CG0225911|-19|-67|CG0225912|-17|-69|CG0225911|-19|-67|CG0225912|-17|-69|CG0225911|-19|-67|CG0225912|-17|-69|CG0225911|-19|-67|CG0225912|-17|-69|CG0225911|-19|-67|CG0225912|-17|-69|CG0225911|-19|-67|CG0225912|-17|-69|CG0225911|-19|-67|CG0225912|-17|-69|CG0225911|-19|-67|CG0225912|-17|-69|CG0225911|-19|-67|CG0225912|-17|-69|CG0225913|-52|-59
533|5|7|986|7|CG0252985|-23|-73|CG0252986|-21|-72|CG0252987|-19|-71|CG0252973|-17|-76|CG0252974|-10|-50|CG0252974|-10|-50|CG0252975|-26|-63
533|5|8|1000|2|CG0225905|-27|-65|CG0225906|-30|-63
533|5|9|1000|1|CG0225907|-24|-60
533|5|10|800|6|CG0225899|-31|-56|CG0225900|-32|-50|CG0225901|-31|-42|CG0225902|-30|-32|CG0225903|-34|-34|CG0225904|-29|-24
533|6|0|1200|16|CG0225955|-24|-57|CG0225956|-25|-56|CG0225957|-25|-58|CG0225958|-25|-61|CG0225959|-25|-59|CG0225960|-25|-57|CG0225996|-25|-56|CG0225997|-25|-55|CG0225998|-25|-57|CG0225999|-25|-58|CG0226000|-25|-55|CG0226001|-24|-54|CG0225709|-24|-57|CG0225710|-22|-57|CG0225711|-23|-58|CG0225712|-25|-53
533|6|1|800|6|CG0225961|-21|-58|CG0225962|-21|-56|CG0225963|-21|-59|CG0225964|-21|-60|CG0225965|-21|-58|CG0225966|-21|-58
533|6|2|600|11|CG0226304|-83|-81|CG0226304|-83|-81|CG0226305|-41|-135|CG0226305|-41|-135|CG0226305|-41|-135|CG0226306|-24|-130|CG0226306|-24|-130|CG0226307|-22|-118|CG0226308|-19|-95|CG0226309|-11|-62|CG0226310|-10|-17
533|6|3|1500|12|CG0225934|-21|-65|CG0225935|-21|-62|CG0225936|-21|-66|CG0225937|-20|-68|CG0225938|-20|-65|CG0225939|-20|-64|CG0225934|-21|-65|CG0225935|-21|-62|CG0225936|-21|-66|CG0225937|-20|-68|CG0225938|-20|-65|CG0225939|-20|-64
533|6|4|500|9|CG0226309|-11|-62|CG0226308|-19|-95|CG0226307|-22|-118|CG0226306|-24|-130|CG0226305|-41|-135|CG0226305|-41|-135|CG0226304|-83|-81|CG0226304|-83|-81|CG0226304|-83|-81
533|6|5|800|16|CG0225926|-23|-59|CG0225926|-23|-59|CG0225927|-28|-45|CG0225927|-28|-45|CG0225928|-42|-41|CG0225928|-42|-41|CG0225929|-59|-37|CG0225929|-59|-37|CG0225930|-73|-47|CG0225930|-73|-47|CG0225931|-77|-56|CG0225931|-77|-56|CG0225932|-60|-60|CG0225932|-60|-60|CG0225933|-35|-59|CG0225933|-35|-59
533|6|6|2000|22|CG0225949|-25|-62|CG0225950|-23|-57|CG0225951|-21|-60|CG0225952|-26|-68|CG0225953|-24|-72|CG0225952|-26|-68|CG0225953|-24|-72|CG0225952|-26|-68|CG0225953|-24|-72|CG0225952|-26|-68|CG0225953|-24|-72|CG0225952|-26|-68|CG0225953|-24|-72|CG0225952|-26|-68|CG0225953|-24|-72|CG0225952|-26|-68|CG0225953|-24|-72|CG0225952|-26|-68|CG0225953|-24|-72|CG0225952|-26|-68|CG0225953|-24|-72|CG0225954|-43|-66
533|6|7|986|7|CG0253007|-18|-74|CG0253008|-17|-73|CG0253009|-17|-73|CG0252995|-16|-77|CG0252996|-27|-48|CG0252996|-27|-48|CG0252997|-32|-63
533|6|8|1000|2|CG0225946|-22|-60|CG0225947|-25|-63
533|6|9|1000|1|CG0225948|-24|-59
533|6|10|800|6|CG0225940|-24|-51|CG0225941|-30|-53|CG0225942|-30|-45|CG0225943|-27|-35|CG0225944|-30|-36|CG0225945|-27|-27
533|7|0|1200|16|CG0225996|-25|-56|CG0225997|-25|-55|CG0225998|-25|-57|CG0225999|-25|-58|CG0226000|-25|-55|CG0226001|-24|-54|CG0225709|-24|-57|CG0225710|-22|-57|CG0225711|-23|-58|CG0225712|-25|-53|CG0225713|-26|-56|CG0225714|-27|-54|CG0225750|-29|-58|CG0225751|-29|-58|CG0225752|-29|-59|CG0225753|-29|-53
533|7|1|800|6|CG0226002|-24|-57|CG0226003|-25|-55|CG0226004|-25|-58|CG0226005|-24|-60|CG0226006|-24|-57|CG0226007|-24|-57
533|7|2|600|11|CG0226352|-60|-82|CG0226352|-60|-82|CG0226353|-23|-144|CG0226353|-23|-144|CG0226353|-23|-144|CG0226354|-18|-128|CG0226354|-18|-128|CG0226355|-15|-114|CG0226356|-13|-90|CG0226357|-9|-58|CG0226358|-9|-12
533|7|3|1500|12|CG0225975|-24|-60|CG0225976|-24|-58|CG0225977|-24|-61|CG0225978|-24|-63|CG0225979|-23|-61|CG0225980|-24|-60|CG0225975|-24|-60|CG0225976|-24|-58|CG0225977|-24|-61|CG0225978|-24|-63|CG0225979|-23|-61|CG0225980|-24|-60
533|7|4|500|9|CG0226357|-9|-58|CG0226356|-13|-90|CG0226355|-15|-114|CG0226354|-18|-128|CG0226353|-23|-144|CG0226353|-23|-144|CG0226352|-60|-82|CG0226352|-60|-82|CG0226352|-60|-82
533|7|5|800|16|CG0225967|-31|-59|CG0225967|-31|-59|CG0225968|-43|-46|CG0225968|-43|-46|CG0225969|-55|-52|CG0225969|-55|-52|CG0225970|-77|-54|CG0225970|-77|-54|CG0225971|-82|-67|CG0225971|-82|-67|CG0225972|-68|-69|CG0225972|-68|-69|CG0225973|-52|-72|CG0225973|-52|-72|CG0225974|-37|-62|CG0225974|-37|-62
533|7|6|2000|22|CG0225990|-26|-61|CG0225991|-22|-56|CG0225992|-18|-62|CG0225993|-23|-69|CG0225994|-21|-72|CG0225993|-23|-69|CG0225994|-21|-72|CG0225993|-23|-69|CG0225994|-21|-72|CG0225993|-23|-69|CG0225994|-21|-72|CG0225993|-23|-69|CG0225994|-21|-72|CG0225993|-23|-69|CG0225994|-21|-72|CG0225993|-23|-69|CG0225994|-21|-72|CG0225993|-23|-69|CG0225994|-21|-72|CG0225993|-23|-69|CG0225994|-21|-72|CG0225995|-46|-65
533|7|7|986|7|CG0253029|-18|-74|CG0253030|-18|-74|CG0253031|-18|-74|CG0253017|-21|-72|CG0253018|-41|-54|CG0253018|-41|-54|CG0253019|-24|-67
533|7|8|1000|2|CG0225987|-20|-57|CG0225988|-20|-65
533|7|9|1000|1|CG0225989|-13|-57
533|7|10|800|6|CG0225981|-24|-50|CG0225982|-32|-53|CG0225983|-32|-45|CG0225984|-28|-34|CG0225985|-32|-35|CG0225986|-29|-26
