523|0|0|1300|8|CG0222247|-22|-31|CG0222248|-22|-31|CG0222249|-23|-30|CG0222250|-23|-30|CG0222251|-24|-30|CG0222252|-24|-30|CG0222253|-23|-31|CG0222254|-23|-31
523|0|1|500|6|CG0222255|-17|-29|CG0222256|-17|-28|CG0222257|-20|-28|CG0222258|-22|-28|CG0222259|-18|-28|CG0222260|-17|-28
523|0|2|100|1|CG0222223|-29|-32
523|0|3|700|8|CG0222216|-30|-32|CG0222217|-29|-32|CG0222218|-28|-32|CG0222219|-28|-32|CG0222220|-28|-32|CG0222221|-29|-32|CG0222222|-29|-32|CG0222223|-29|-32
523|0|4|100|1|CG0222232|-25|-28
523|0|5|800|24|CG0222208|-40|-28|CG0222208|-40|-28|CG0222209|-36|-33|CG0222209|-36|-33|CG0222210|-28|-28|CG0222210|-28|-28|CG0222211|-28|-43|CG0222211|-28|-43|CG0222212|-51|-64|CG0222212|-51|-64|CG0222213|-41|-49|CG0222213|-41|-49|CG0222213|-41|-49|CG0222213|-41|-49|CG0222214|-33|-42|CG0222214|-33|-42|CG0222214|-33|-42|CG0222214|-33|-42|CG0222215|-34|-27|CG0222215|-34|-27|CG0222215|-34|-27|CG0222215|-34|-27|CG0222215|-34|-27|CG0222215|-34|-27
523|0|6|2000|28|CG0222240|-25|-32|CG0222240|-25|-32|CG0222240|-25|-32|CG0222241|-28|-30|CG0222241|-28|-30|CG0222242|-32|-26|CG0222243|-32|-25|CG0222244|-32|-30|CG0222245|-32|-32|CG0222246|-32|-32|CG0222246|-32|-32|CG0222246|-32|-32|CG0222246|-32|-32|CG0222246|-32|-32|CG0222246|-32|-32|CG0222246|-32|-32|CG0222246|-32|-32|CG0222246|-32|-32|CG0222246|-32|-32|CG0222246|-32|-32|CG0222246|-32|-32|CG0222246|-32|-32|CG0222246|-32|-32|CG0222246|-32|-32|CG0222246|-32|-32|CG0222246|-32|-32|CG0222246|-32|-32|CG0222246|-32|-32
523|0|7|986|7|CG0252875|-18|-73|CG0252876|-22|-73|CG0252877|-23|-73|CG0252863|-17|-64|CG0252864|-34|-63|CG0252864|-34|-63|CG0252865|-22|-71
523|0|8|1000|2|CG0222237|-24|-51|CG0222238|-16|-39
523|0|9|1000|1|CG0222239|-21|-35
523|0|10|1800|13|CG0222224|-25|-32|CG0222229|-25|-31|CG0222230|-25|-31|CG0222231|-25|-31|CG0222232|-25|-28|CG0222233|-26|-24|CG0222234|-28|-20|CG0222235|-29|-20|CG0222236|-30|-20|CG0222225|-37|-21|CG0222226|-36|-21|CG0222227|-36|-21|CG0222228|-36|-21
523|1|0|1300|8|CG0222300|-21|-31|CG0222301|-20|-31|CG0222302|-20|-30|CG0222303|-20|-30|CG0222304|-20|-30|CG0222305|-20|-31|CG0222306|-21|-31|CG0222307|-21|-31
523|1|1|500|6|CG0222308|-21|-29|CG0222309|-20|-28|CG0222310|-22|-28|CG0222311|-20|-28|CG0222312|-21|-28|CG0222313|-21|-29
523|1|2|100|1|CG0222276|-20|-34
523|1|3|700|8|CG0222269|-21|-34|CG0222270|-21|-34|CG0222271|-20|-34|CG0222272|-22|-34|CG0222273|-22|-34|CG0222274|-22|-34|CG0222275|-19|-34|CG0222276|-20|-34
523|1|4|100|1|CG0222285|-20|-28
523|1|5|800|24|CG0222261|-26|-30|CG0222261|-26|-30|CG0222262|-21|-35|CG0222262|-21|-35|CG0222263|-20|-29|CG0222263|-20|-29|CG0222264|-20|-47|CG0222264|-20|-47|CG0222265|-18|-71|CG0222265|-18|-71|CG0222266|-18|-54|CG0222266|-18|-54|CG0222266|-18|-54|CG0222266|-18|-54|CG0222267|-19|-45|CG0222267|-19|-45|CG0222267|-19|-45|CG0222267|-19|-45|CG0222268|-22|-30|CG0222268|-22|-30|CG0222268|-22|-30|CG0222268|-22|-30|CG0222268|-22|-30|CG0222268|-22|-30
523|1|6|2000|28|CG0222293|-20|-32|CG0222293|-20|-32|CG0222293|-20|-32|CG0222294|-22|-31|CG0222294|-22|-31|CG0222295|-24|-26|CG0222296|-24|-24|CG0222297|-24|-29|CG0222298|-24|-32|CG0222299|-24|-32|CG0222299|-24|-32|CG0222299|-24|-32|CG0222299|-24|-32|CG0222299|-24|-32|CG0222299|-24|-32|CG0222299|-24|-32|CG0222299|-24|-32|CG0222299|-24|-32|CG0222299|-24|-32|CG0222299|-24|-32|CG0222299|-24|-32|CG0222299|-24|-32|CG0222299|-24|-32|CG0222299|-24|-32|CG0222299|-24|-32|CG0222299|-24|-32|CG0222299|-24|-32|CG0222299|-24|-32
523|1|7|986|7|CG0252897|-23|-72|CG0252898|-22|-72|CG0252899|-20|-72|CG0252885|-11|-60|CG0252886|-22|-70|CG0252886|-22|-70|CG0252887|-22|-73
523|1|8|1000|2|CG0222290|-22|-53|CG0222291|-22|-37
523|1|9|1000|1|CG0222292|-21|-35
523|1|10|1800|13|CG0222277|-20|-32|CG0222282|-20|-32|CG0222283|-20|-31|CG0222284|-20|-31|CG0222285|-20|-28|CG0222286|-21|-25|CG0222287|-24|-21|CG0222288|-27|-19|CG0222289|-29|-20|CG0222278|-34|-23|CG0222279|-35|-23|CG0222280|-35|-23|CG0222281|-35|-23
523|2|0|1300|8|CG0222353|-23|-31|CG0222354|-23|-30|CG0222355|-24|-30|CG0222356|-25|-30|CG0222357|-25|-30|CG0222358|-25|-31|CG0222359|-25|-31|CG0222360|-24|-31
523|2|1|500|6|CG0222361|-23|-29|CG0222362|-28|-28|CG0222363|-32|-28|CG0222364|-28|-27|CG0222365|-23|-28|CG0222366|-23|-28
523|2|2|100|1|CG0222329|-14|-32
523|2|3|700|8|CG0222322|-10|-32|CG0222323|-9|-32|CG0222324|-10|-32|CG0222325|-13|-31|CG0222326|-16|-32|CG0222327|-18|-32|CG0222328|-17|-32|CG0222329|-14|-32
523|2|4|100|1|CG0222338|-25|-28
523|2|5|800|24|CG0222314|-28|-28|CG0222314|-28|-28|CG0222315|-27|-34|CG0222315|-27|-34|CG0222316|-23|-29|CG0222316|-23|-29|CG0222317|-20|-44|CG0222317|-20|-44|CG0222318|-14|-65|CG0222318|-14|-65|CG0222319|-18|-49|CG0222319|-18|-49|CG0222319|-18|-49|CG0222319|-18|-49|CG0222320|-18|-43|CG0222320|-18|-43|CG0222320|-18|-43|CG0222320|-18|-43|CG0222321|-22|-28|CG0222321|-22|-28|CG0222321|-22|-28|CG0222321|-22|-28|CG0222321|-22|-28|CG0222321|-22|-28
523|2|6|2000|28|CG0222346|-25|-32|CG0222346|-25|-32|CG0222346|-25|-32|CG0222347|-29|-30|CG0222347|-29|-30|CG0222348|-32|-26|CG0222349|-32|-25|CG0222350|-32|-30|CG0222351|-32|-32|CG0222352|-32|-33|CG0222352|-32|-33|CG0222352|-32|-33|CG0222352|-32|-33|CG0222352|-32|-33|CG0222352|-32|-33|CG0222352|-32|-33|CG0222352|-32|-33|CG0222352|-32|-33|CG0222352|-32|-33|CG0222352|-32|-33|CG0222352|-32|-33|CG0222352|-32|-33|CG0222352|-32|-33|CG0222352|-32|-33|CG0222352|-32|-33|CG0222352|-32|-33|CG0222352|-32|-33|CG0222352|-32|-33
523|2|7|986|7|CG0252919|-18|-72|CG0252920|-13|-72|CG0252921|-10|-71|CG0252907|-29|-60|CG0252908|-24|-70|CG0252908|-24|-70|CG0252909|-26|-71
523|2|8|1000|2|CG0222343|-18|-52|CG0222344|-34|-39
523|2|9|1000|1|CG0222345|-21|-35
523|2|10|1800|13|CG0222330|-25|-32|CG0222335|-25|-31|CG0222336|-25|-31|CG0222337|-25|-31|CG0222338|-25|-28|CG0222339|-24|-24|CG0222340|-24|-20|CG0222341|-27|-17|CG0222342|-30|-17|CG0222331|-32|-21|CG0222332|-32|-20|CG0222333|-32|-20|CG0222334|-32|-20
523|3|0|1300|8|CG0222406|-21|-31|CG0222407|-21|-31|CG0222408|-20|-30|CG0222409|-21|-30|CG0222410|-20|-30|CG0222411|-20|-31|CG0222412|-20|-31|CG0222413|-21|-31
523|3|1|500|6|CG0222414|-24|-28|CG0222415|-24|-27|CG0222416|-28|-27|CG0222417|-27|-27|CG0222418|-30|-27|CG0222419|-25|-27
523|3|2|100|1|CG0222382|-13|-26
523|3|3|700|8|CG0222375|-13|-26|CG0222376|-9|-26|CG0222377|-6|-25|CG0222378|-4|-25|CG0222379|-4|-25|CG0222380|-6|-25|CG0222381|-13|-26|CG0222382|-13|-26
523|3|4|100|1|CG0222391|-20|-28
523|3|5|800|24|CG0222367|-19|-22|CG0222367|-19|-22|CG0222368|-21|-30|CG0222368|-21|-30|CG0222369|-15|-29|CG0222369|-15|-29|CG0222370|-13|-38|CG0222370|-13|-38|CG0222371|-8|-46|CG0222371|-8|-46|CG0222372|-12|-42|CG0222372|-12|-42|CG0222372|-12|-42|CG0222372|-12|-42|CG0222373|-11|-34|CG0222373|-11|-34|CG0222373|-11|-34|CG0222373|-11|-34|CG0222374|-14|-22|CG0222374|-14|-22|CG0222374|-14|-22|CG0222374|-14|-22|CG0222374|-14|-22|CG0222374|-14|-22
523|3|6|2000|28|CG0222399|-20|-31|CG0222399|-20|-31|CG0222399|-20|-31|CG0222400|-22|-29|CG0222400|-22|-29|CG0222401|-24|-25|CG0222402|-24|-24|CG0222403|-24|-29|CG0222404|-24|-32|CG0222405|-24|-32|CG0222405|-24|-32|CG0222405|-24|-32|CG0222405|-24|-32|CG0222405|-24|-32|CG0222405|-24|-32|CG0222405|-24|-32|CG0222405|-24|-32|CG0222405|-24|-32|CG0222405|-24|-32|CG0222405|-24|-32|CG0222405|-24|-32|CG0222405|-24|-32|CG0222405|-24|-32|CG0222405|-24|-32|CG0222405|-24|-32|CG0222405|-24|-32|CG0222405|-24|-32|CG0222405|-24|-32
523|3|7|986|7|CG0252941|-14|-72|CG0252942|-12|-72|CG0252943|-14|-71|CG0252929|-40|-65|CG0252930|-29|-66|CG0252930|-29|-66|CG0252931|-21|-69
523|3|8|1000|2|CG0222396|-14|-49|CG0222397|-29|-43
523|3|9|1000|1|CG0222398|-21|-35
523|3|10|1800|13|CG0222383|-20|-31|CG0222388|-20|-31|CG0222389|-20|-31|CG0222390|-20|-30|CG0222391|-20|-28|CG0222392|-21|-23|CG0222393|-23|-19|CG0222394|-25|-16|CG0222395|-28|-16|CG0222384|-28|-19|CG0222385|-28|-19|CG0222386|-28|-19|CG0222387|-28|-19
523|4|0|1300|8|CG0222459|-24|-31|CG0222460|-23|-31|CG0222461|-23|-30|CG0222462|-24|-30|CG0222463|-25|-30|CG0222464|-25|-31|CG0222465|-25|-31|CG0222466|-24|-31
523|4|1|500|6|CG0222467|-20|-27|CG0222468|-24|-27|CG0222469|-27|-26|CG0222470|-25|-25|CG0222471|-24|-26|CG0222472|-20|-26
523|4|2|100|1|CG0222435|-12|-20
523|4|3|700|8|CG0222428|-9|-20|CG0222429|-7|-20|CG0222430|-10|-19|CG0222431|-13|-19|CG0222432|-16|-19|CG0222433|-18|-20|CG0222434|-16|-20|CG0222435|-12|-20
523|4|4|100|1|CG0222444|-25|-27
523|4|5|800|24|CG0222420|-24|-16|CG0222420|-24|-16|CG0222421|-23|-25|CG0222421|-23|-25|CG0222422|-21|-29|CG0222422|-21|-29|CG0222423|-18|-32|CG0222423|-18|-32|CG0222424|-12|-39|CG0222424|-12|-39|CG0222425|-15|-36|CG0222425|-15|-36|CG0222425|-15|-36|CG0222425|-15|-36|CG0222426|-15|-29|CG0222426|-15|-29|CG0222426|-15|-29|CG0222426|-15|-29|CG0222427|-18|-16|CG0222427|-18|-16|CG0222427|-18|-16|CG0222427|-18|-16|CG0222427|-18|-16|CG0222427|-18|-16
523|4|6|2000|28|CG0222452|-25|-31|CG0222452|-25|-31|CG0222452|-25|-31|CG0222453|-29|-29|CG0222453|-29|-29|CG0222454|-32|-25|CG0222455|-32|-25|CG0222456|-32|-30|CG0222457|-32|-32|CG0222458|-32|-32|CG0222458|-32|-32|CG0222458|-32|-32|CG0222458|-32|-32|CG0222458|-32|-32|CG0222458|-32|-32|CG0222458|-32|-32|CG0222458|-32|-32|CG0222458|-32|-32|CG0222458|-32|-32|CG0222458|-32|-32|CG0222458|-32|-32|CG0222458|-32|-32|CG0222458|-32|-32|CG0222458|-32|-32|CG0222458|-32|-32|CG0222458|-32|-32|CG0222458|-32|-32|CG0222458|-32|-32
523|4|7|986|7|CG0252963|-19|-74|CG0252964|-19|-72|CG0252965|-19|-71|CG0252951|-35|-72|CG0252952|-24|-57|CG0252952|-24|-57|CG0252953|-21|-66
523|4|8|1000|2|CG0222449|-17|-47|CG0222450|-30|-47
523|4|9|1000|1|CG0222451|-21|-35
523|4|10|1800|13|CG0222436|-25|-31|CG0222441|-25|-30|CG0222442|-25|-30|CG0222443|-25|-30|CG0222444|-25|-27|CG0222445|-26|-22|CG0222446|-29|-18|CG0222447|-31|-15|CG0222448|-32|-16|CG0222437|-32|-17|CG0222438|-32|-17|CG0222439|-32|-17|CG0222440|-32|-17
523|5|0|1300|8|CG0222512|-18|-31|CG0222513|-19|-31|CG0222514|-20|-31|CG0222515|-20|-30|CG0222516|-20|-30|CG0222517|-20|-30|CG0222518|-19|-31|CG0222519|-19|-31
523|5|1|500|6|CG0222520|-19|-27|CG0222521|-19|-27|CG0222522|-18|-26|CG0222523|-18|-25|CG0222524|-20|-25|CG0222525|-21|-26
523|5|2|100|1|CG0222488|-20|-17
523|5|3|700|8|CG0222481|-20|-17|CG0222482|-21|-17|CG0222483|-20|-17|CG0222484|-21|-16|CG0222485|-22|-16|CG0222486|-21|-17|CG0222487|-18|-17|CG0222488|-20|-17
523|5|4|100|1|CG0222497|-20|-27
523|5|5|800|24|CG0222473|-24|-13|CG0222473|-24|-13|CG0222474|-19|-22|CG0222474|-19|-22|CG0222475|-17|-29|CG0222475|-17|-29|CG0222476|-19|-31|CG0222476|-19|-31|CG0222477|-17|-35|CG0222477|-17|-35|CG0222478|-17|-33|CG0222478|-17|-33|CG0222478|-17|-33|CG0222478|-17|-33|CG0222479|-18|-26|CG0222479|-18|-26|CG0222479|-18|-26|CG0222479|-18|-26|CG0222480|-20|-14|CG0222480|-20|-14|CG0222480|-20|-14|CG0222480|-20|-14|CG0222480|-20|-14|CG0222480|-20|-14
523|5|6|2000|28|CG0222505|-20|-31|CG0222505|-20|-31|CG0222505|-20|-31|CG0222506|-21|-28|CG0222506|-21|-28|CG0222507|-24|-24|CG0222508|-24|-23|CG0222509|-24|-29|CG0222510|-24|-32|CG0222511|-24|-32|CG0222511|-24|-32|CG0222511|-24|-32|CG0222511|-24|-32|CG0222511|-24|-32|CG0222511|-24|-32|CG0222511|-24|-32|CG0222511|-24|-32|CG0222511|-24|-32|CG0222511|-24|-32|CG0222511|-24|-32|CG0222511|-24|-32|CG0222511|-24|-32|CG0222511|-24|-32|CG0222511|-24|-32|CG0222511|-24|-32|CG0222511|-24|-32|CG0222511|-24|-32|CG0222511|-24|-32
523|5|7|986|7|CG0252985|-23|-73|CG0252986|-21|-72|CG0252987|-19|-71|CG0252973|-17|-76|CG0252974|-10|-50|CG0252974|-10|-50|CG0252975|-26|-63
523|5|8|1000|2|CG0222502|-20|-45|CG0222503|-20|-49
523|5|9|1000|1|CG0222504|-21|-35
523|5|10|1800|13|CG0222489|-20|-31|CG0222494|-20|-30|CG0222495|-20|-30|CG0222496|-20|-30|CG0222497|-20|-27|CG0222498|-23|-22|CG0222499|-29|-17|CG0222500|-31|-14|CG0222501|-33|-15|CG0222490|-37|-15|CG0222491|-37|-15|CG0222492|-37|-15|CG0222493|-37|-15
523|6|0|1300|8|CG0222565|-22|-31|CG0222566|-22|-31|CG0222567|-22|-30|CG0222568|-22|-30|CG0222569|-23|-30|CG0222570|-23|-30|CG0222571|-23|-31|CG0222572|-23|-31
523|6|1|500|6|CG0222573|-17|-27|CG0222574|-17|-27|CG0222575|-19|-26|CG0222576|-20|-26|CG0222577|-17|-26|CG0222578|-16|-26
523|6|2|100|1|CG0222541|-28|-20
523|6|3|700|8|CG0222534|-30|-20|CG0222535|-28|-19|CG0222536|-27|-19|CG0222537|-28|-19|CG0222538|-28|-19|CG0222539|-29|-19|CG0222540|-29|-19|CG0222541|-28|-20
523|6|4|100|1|CG0222550|-26|-27
523|6|5|800|24|CG0222526|-39|-15|CG0222526|-39|-15|CG0222527|-35|-23|CG0222527|-35|-23|CG0222528|-26|-28|CG0222528|-26|-28|CG0222529|-23|-31|CG0222529|-23|-31|CG0222530|-52|-38|CG0222530|-52|-38|CG0222531|-41|-35|CG0222531|-41|-35|CG0222531|-41|-35|CG0222531|-41|-35|CG0222532|-32|-28|CG0222532|-32|-28|CG0222532|-32|-28|CG0222532|-32|-28|CG0222533|-33|-16|CG0222533|-33|-16|CG0222533|-33|-16|CG0222533|-33|-16|CG0222533|-33|-16|CG0222533|-33|-16
523|6|6|2000|28|CG0222558|-25|-31|CG0222558|-25|-31|CG0222558|-25|-31|CG0222559|-29|-29|CG0222559|-29|-29|CG0222560|-32|-25|CG0222561|-32|-25|CG0222562|-32|-30|CG0222563|-32|-32|CG0222564|-32|-32|CG0222564|-32|-32|CG0222564|-32|-32|CG0222564|-32|-32|CG0222564|-32|-32|CG0222564|-32|-32|CG0222564|-32|-32|CG0222564|-32|-32|CG0222564|-32|-32|CG0222564|-32|-32|CG0222564|-32|-32|CG0222564|-32|-32|CG0222564|-32|-32|CG0222564|-32|-32|CG0222564|-32|-32|CG0222564|-32|-32|CG0222564|-32|-32|CG0222564|-32|-32|CG0222564|-32|-32
523|6|7|986|7|CG0253007|-18|-74|CG0253008|-17|-73|CG0253009|-17|-73|CG0252995|-16|-77|CG0252996|-27|-48|CG0252996|-27|-48|CG0252997|-32|-63
523|6|8|1000|2|CG0222555|-24|-46|CG0222556|-14|-47
523|6|9|1000|1|CG0222557|-21|-35
523|6|10|1800|13|CG0222542|-26|-31|CG0222547|-26|-30|CG0222548|-26|-30|CG0222549|-26|-30|CG0222550|-26|-27|CG0222551|-28|-22|CG0222552|-34|-18|CG0222553|-36|-17|CG0222554|-36|-17|CG0222543|-38|-17|CG0222544|-38|-17|CG0222545|-38|-17|CG0222546|-38|-17
523|7|0|1300|8|CG0222618|-20|-31|CG0222619|-20|-31|CG0222620|-20|-30|CG0222621|-19|-30|CG0222622|-19|-30|CG0222623|-19|-30|CG0222624|-19|-31|CG0222625|-20|-31
523|7|1|500|6|CG0222626|-21|-28|CG0222627|-19|-28|CG0222628|-17|-27|CG0222629|-16|-27|CG0222630|-18|-27|CG0222631|-19|-27
523|7|2|100|1|CG0222594|-31|-26
523|7|3|700|8|CG0222587|-31|-26|CG0222588|-31|-25|CG0222589|-31|-25|CG0222590|-31|-25|CG0222591|-31|-25|CG0222592|-31|-25|CG0222593|-31|-25|CG0222594|-31|-26
523|7|4|100|1|CG0222603|-20|-28
523|7|5|800|24|CG0222579|-35|-21|CG0222579|-35|-21|CG0222580|-36|-28|CG0222580|-36|-28|CG0222581|-25|-27|CG0222581|-25|-27|CG0222582|-24|-37|CG0222582|-24|-37|CG0222583|-64|-45|CG0222583|-64|-45|CG0222584|-54|-40|CG0222584|-54|-40|CG0222584|-54|-40|CG0222584|-54|-40|CG0222585|-44|-32|CG0222585|-44|-32|CG0222585|-44|-32|CG0222585|-44|-32|CG0222586|-33|-21|CG0222586|-33|-21|CG0222586|-33|-21|CG0222586|-33|-21|CG0222586|-33|-21|CG0222586|-33|-21
523|7|6|2000|28|CG0222611|-20|-31|CG0222611|-20|-31|CG0222611|-20|-31|CG0222612|-22|-30|CG0222612|-22|-30|CG0222613|-24|-25|CG0222614|-24|-24|CG0222615|-24|-29|CG0222616|-24|-32|CG0222617|-24|-32|CG0222617|-24|-32|CG0222617|-24|-32|CG0222617|-24|-32|CG0222617|-24|-32|CG0222617|-24|-32|CG0222617|-24|-32|CG0222617|-24|-32|CG0222617|-24|-32|CG0222617|-24|-32|CG0222617|-24|-32|CG0222617|-24|-32|CG0222617|-24|-32|CG0222617|-24|-32|CG0222617|-24|-32|CG0222617|-24|-32|CG0222617|-24|-32|CG0222617|-24|-32|CG0222617|-24|-32
523|7|7|986|7|CG0253029|-18|-74|CG0253030|-18|-74|CG0253031|-18|-74|CG0253017|-21|-72|CG0253018|-41|-54|CG0253018|-41|-54|CG0253019|-24|-67
523|7|8|1000|2|CG0222608|-21|-48|CG0222609|-10|-42
523|7|9|1000|1|CG0222610|-21|-35
523|7|10|1800|13|CG0222595|-20|-32|CG0222600|-21|-31|CG0222601|-21|-31|CG0222602|-21|-30|CG0222603|-20|-28|CG0222604|-23|-23|CG0222605|-28|-19|CG0222606|-32|-18|CG0222607|-35|-18|CG0222596|-43|-20|CG0222597|-42|-20|CG0222598|-42|-20|CG0222599|-42|-20
