548|0|0|2000|6|CG0230727|-59|-89|CG0230728|-58|-89|CG0230729|-58|-89|CG0230730|-58|-90|CG0230731|-58|-90|CG0230732|-58|-89
548|0|1|800|6|CG0230733|-36|-89|CG0230734|-36|-89|CG0230735|-36|-90|CG0230736|-45|-91|CG0230737|-41|-90|CG0230738|-36|-90
548|0|2|500|6|CG0231736|-97|-115|CG0231737|-114|-122|CG0231737|-114|-122|CG0231737|-114|-122|CG0231737|-114|-122|CG0231738|-127|-152
548|0|3|700|6|CG0230704|-53|-87|CG0230705|-68|-88|CG0230706|-66|-88|CG0230707|-60|-87|CG0230708|-43|-88|CG0230709|-47|-88
548|0|4|500|7|CG0231745|-111|-125|CG0231745|-111|-125|CG0231746|-96|-94|CG0231746|-96|-94|CG0231746|-96|-94|CG0231747|-93|-105|CG0231747|-93|-105
548|0|5|1200|28|CG0230696|-60|-88|CG0230696|-60|-88|CG0230696|-60|-88|CG0230697|-53|-84|CG0230697|-53|-84|CG0230697|-53|-84|CG0230697|-53|-84|CG0230698|-61|-82|CG0230698|-61|-82|CG0230698|-61|-82|CG0230699|-62|-84|CG0230699|-62|-84|CG0230699|-62|-84|CG0230699|-62|-84|CG0230699|-62|-84|CG0230699|-62|-84|CG0230699|-62|-84|CG0230700|-93|-95|CG0230700|-93|-95|CG0230701|-102|-107|CG0230701|-102|-107|CG0230702|-89|-96|CG0230702|-89|-96|CG0230702|-89|-96|CG0230702|-89|-96|CG0230703|-85|-88|CG0230703|-85|-88|CG0230703|-85|-88
548|0|6|2000|31|CG0230719|-77|-95|CG0230720|-88|-120|CG0230721|-44|-132|CG0230721|-44|-132|CG0230721|-44|-132|CG0230722|-44|-126|CG0230721|-44|-132|CG0230722|-44|-126|CG0230722|-44|-126|CG0230721|-44|-132|CG0230722|-44|-126|CG0230722|-44|-126|CG0230722|-44|-126|CG0230721|-44|-132|CG0230722|-44|-126|CG0230722|-44|-126|CG0230722|-44|-126|CG0230722|-44|-126|CG0230721|-44|-132|CG0230722|-44|-126|CG0230722|-44|-126|CG0230722|-44|-126|CG0230722|-44|-126|CG0230722|-44|-126|CG0230722|-44|-126|CG0230722|-44|-126|CG0230723|-51|-130|CG0230724|-102|-121|CG0230725|-84|-96|CG0230726|-73|-88|CG0230726|-73|-88
548|0|7|986|7|CG0252875|-18|-73|CG0252876|-22|-73|CG0252877|-23|-73|CG0252863|-17|-64|CG0252864|-34|-63|CG0252864|-34|-63|CG0252865|-22|-71
548|0|8|1000|2|CG0230716|-45|-86|CG0230717|-44|-88
548|0|9|1000|1|CG0230718|-52|-94
548|0|10|800|6|CG0230710|-58|-84|CG0230711|-79|-74|CG0230712|-101|-55|CG0230713|-102|-57|CG0230714|-105|-50|CG0230715|-104|-50
548|1|0|2000|6|CG0230770|-56|-90|CG0230771|-56|-90|CG0230772|-55|-91|CG0230773|-55|-91|CG0230774|-55|-91|CG0230775|-56|-90
548|1|1|800|6|CG0230776|-48|-92|CG0230777|-48|-92|CG0230778|-48|-92|CG0230779|-48|-92|CG0230780|-48|-92|CG0230781|-48|-92
548|1|2|500|6|CG0231785|-102|-117|CG0231786|-133|-116|CG0231786|-133|-116|CG0231786|-133|-116|CG0231786|-133|-116|CG0231787|-132|-145
548|1|3|700|6|CG0230747|-52|-89|CG0230748|-45|-90|CG0230749|-41|-90|CG0230750|-57|-89|CG0230751|-57|-89|CG0230752|-54|-91
548|1|4|500|7|CG0231794|-114|-126|CG0231794|-114|-126|CG0231795|-85|-95|CG0231795|-85|-95|CG0231795|-85|-95|CG0231796|-79|-109|CG0231796|-79|-109
548|1|5|1200|28|CG0230739|-51|-91|CG0230739|-51|-91|CG0230739|-51|-91|CG0230740|-51|-87|CG0230740|-51|-87|CG0230740|-51|-87|CG0230740|-51|-87|CG0230741|-63|-83|CG0230741|-63|-83|CG0230741|-63|-83|CG0230742|-70|-85|CG0230742|-70|-85|CG0230742|-70|-85|CG0230742|-70|-85|CG0230742|-70|-85|CG0230742|-70|-85|CG0230742|-70|-85|CG0230743|-78|-97|CG0230743|-78|-97|CG0230744|-24|-124|CG0230744|-24|-124|CG0230745|-38|-109|CG0230745|-38|-109|CG0230745|-38|-109|CG0230745|-38|-109|CG0230746|-69|-91|CG0230746|-69|-91|CG0230746|-69|-91
548|1|6|2000|31|CG0230762|-56|-98|CG0230763|-57|-143|CG0230764|-52|-141|CG0230764|-52|-141|CG0230764|-52|-141|CG0230765|-56|-138|CG0230764|-52|-141|CG0230765|-56|-138|CG0230765|-56|-138|CG0230764|-52|-141|CG0230765|-56|-138|CG0230765|-56|-138|CG0230765|-56|-138|CG0230764|-52|-141|CG0230765|-56|-138|CG0230765|-56|-138|CG0230765|-56|-138|CG0230765|-56|-138|CG0230764|-52|-141|CG0230765|-56|-138|CG0230765|-56|-138|CG0230765|-56|-138|CG0230765|-56|-138|CG0230765|-56|-138|CG0230765|-56|-138|CG0230765|-56|-138|CG0230766|-47|-143|CG0230767|-42|-141|CG0230768|-35|-104|CG0230769|-40|-92|CG0230769|-40|-92
548|1|7|986|7|CG0252897|-23|-72|CG0252898|-22|-72|CG0252899|-20|-72|CG0252885|-11|-60|CG0252886|-22|-70|CG0252886|-22|-70|CG0252887|-22|-73
548|1|8|1000|2|CG0230759|-34|-87|CG0230760|-60|-82
548|1|9|1000|1|CG0230761|-45|-98
548|1|10|800|6|CG0230753|-57|-86|CG0230754|-55|-79|CG0230755|-62|-67|CG0230756|-62|-58|CG0230757|-62|-57|CG0230758|-61|-57
548|2|0|2000|6|CG0230813|-31|-89|CG0230814|-31|-89|CG0230815|-31|-90|CG0230816|-31|-90|CG0230817|-31|-90|CG0230818|-31|-89
548|2|1|800|6|CG0230819|-54|-91|CG0230820|-53|-90|CG0230821|-51|-89|CG0230822|-50|-88|CG0230823|-51|-89|CG0230824|-52|-90
548|2|2|500|6|CG0231834|-57|-115|CG0231835|-88|-123|CG0231835|-88|-123|CG0231835|-88|-123|CG0231835|-88|-123|CG0231836|-76|-154
548|2|3|700|6|CG0230790|-36|-87|CG0230791|-39|-88|CG0230792|-49|-88|CG0230793|-34|-87|CG0230794|-50|-88|CG0230795|-70|-89
548|2|4|500|7|CG0231843|-59|-124|CG0231843|-59|-124|CG0231844|-44|-94|CG0231844|-44|-94|CG0231844|-44|-94|CG0231845|-34|-105|CG0231845|-34|-105
548|2|5|1200|28|CG0230782|-38|-89|CG0230782|-38|-89|CG0230782|-38|-89|CG0230783|-45|-88|CG0230783|-45|-88|CG0230783|-45|-88|CG0230783|-45|-88|CG0230784|-60|-84|CG0230784|-60|-84|CG0230784|-60|-84|CG0230785|-62|-85|CG0230785|-62|-85|CG0230785|-62|-85|CG0230785|-62|-85|CG0230785|-62|-85|CG0230785|-62|-85|CG0230785|-62|-85|CG0230786|-39|-106|CG0230786|-39|-106|CG0230787|3|-112|CG0230787|3|-112|CG0230788|-11|-99|CG0230788|-11|-99|CG0230788|-11|-99|CG0230788|-11|-99|CG0230789|-28|-89|CG0230789|-28|-89|CG0230789|-28|-89
548|2|6|2000|31|CG0230805|-25|-94|CG0230806|-21|-149|CG0230807|-42|-152|CG0230807|-42|-152|CG0230807|-42|-152|CG0230808|-50|-146|CG0230807|-42|-152|CG0230808|-50|-146|CG0230808|-50|-146|CG0230807|-42|-152|CG0230808|-50|-146|CG0230808|-50|-146|CG0230808|-50|-146|CG0230807|-42|-152|CG0230808|-50|-146|CG0230808|-50|-146|CG0230808|-50|-146|CG0230808|-50|-146|CG0230807|-42|-152|CG0230808|-50|-146|CG0230808|-50|-146|CG0230808|-50|-146|CG0230808|-50|-146|CG0230808|-50|-146|CG0230808|-50|-146|CG0230808|-50|-146|CG0230809|-30|-151|CG0230810|-10|-136|CG0230811|-10|-93|CG0230812|-14|-87|CG0230812|-14|-87
548|2|7|986|7|CG0252919|-18|-72|CG0252920|-13|-72|CG0252921|-10|-71|CG0252907|-29|-60|CG0252908|-24|-70|CG0252908|-24|-70|CG0252909|-26|-71
548|2|8|1000|2|CG0230802|-30|-86|CG0230803|-64|-90
548|2|9|1000|1|CG0230804|-32|-93
548|2|10|800|6|CG0230796|-41|-93|CG0230797|-37|-86|CG0230798|-35|-76|CG0230799|-35|-64|CG0230800|-36|-63|CG0230801|-50|-64
548|3|0|2000|6|CG0230856|-21|-84|CG0230857|-21|-85|CG0230858|-21|-85|CG0230859|-21|-85|CG0230860|-21|-85|CG0230861|-22|-85
548|3|1|800|6|CG0230862|-33|-86|CG0230863|-31|-85|CG0230864|-33|-83|CG0230865|-35|-82|CG0230866|-33|-83|CG0230867|-32|-85
548|3|2|500|6|CG0231883|-29|-110|CG0231884|-29|-134|CG0231884|-29|-134|CG0231884|-29|-134|CG0231884|-29|-134|CG0231885|-19|-161
548|3|3|700|6|CG0230833|-18|-81|CG0230834|-33|-84|CG0230835|-55|-83|CG0230836|-19|-82|CG0230837|-33|-85|CG0230838|-52|-83
548|3|4|500|7|CG0231892|-41|-122|CG0231892|-41|-122|CG0231893|-15|-90|CG0231893|-15|-90|CG0231893|-15|-90|CG0231894|-19|-101|CG0231894|-19|-101
548|3|5|1200|28|CG0230825|-22|-86|CG0230825|-22|-86|CG0230825|-22|-86|CG0230826|-30|-87|CG0230826|-30|-87|CG0230826|-30|-87|CG0230826|-30|-87|CG0230827|-36|-85|CG0230827|-36|-85|CG0230827|-36|-85|CG0230828|-40|-87|CG0230828|-40|-87|CG0230828|-40|-87|CG0230828|-40|-87|CG0230828|-40|-87|CG0230828|-40|-87|CG0230828|-40|-87|CG0230829|-9|-102|CG0230829|-9|-102|CG0230830|-44|-77|CG0230830|-44|-77|CG0230831|-14|-83|CG0230831|-14|-83|CG0230831|-14|-83|CG0230831|-14|-83|CG0230832|-20|-85|CG0230832|-20|-85|CG0230832|-20|-85
548|3|6|2000|31|CG0230848|-14|-87|CG0230849|-17|-136|CG0230850|-25|-160|CG0230850|-25|-160|CG0230850|-25|-160|CG0230851|-27|-157|CG0230850|-25|-160|CG0230851|-27|-157|CG0230851|-27|-157|CG0230850|-25|-160|CG0230851|-27|-157|CG0230851|-27|-157|CG0230851|-27|-157|CG0230850|-25|-160|CG0230851|-27|-157|CG0230851|-27|-157|CG0230851|-27|-157|CG0230851|-27|-157|CG0230850|-25|-160|CG0230851|-27|-157|CG0230851|-27|-157|CG0230851|-27|-157|CG0230851|-27|-157|CG0230851|-27|-157|CG0230851|-27|-157|CG0230851|-27|-157|CG0230852|-20|-147|CG0230853|0|-109|CG0230854|-11|-76|CG0230855|-2|-75|CG0230855|-2|-75
548|3|7|986|7|CG0252941|-14|-72|CG0252942|-12|-72|CG0252943|-14|-71|CG0252929|-40|-65|CG0252930|-29|-66|CG0252930|-29|-66|CG0252931|-21|-69
548|3|8|1000|2|CG0230845|-30|-83|CG0230846|-45|-97
548|3|9|1000|1|CG0230847|-22|-84
548|3|10|800|6|CG0230839|-18|-87|CG0230840|-53|-74|CG0230841|-60|-59|CG0230842|-60|-48|CG0230843|-60|-49|CG0230844|-60|-45
548|4|0|2000|6|CG0230899|-34|-81|CG0230900|-34|-82|CG0230901|-34|-82|CG0230902|-34|-83|CG0230903|-34|-82|CG0230904|-34|-81
548|4|1|800|6|CG0230905|-49|-81|CG0230906|-50|-80|CG0230907|-50|-80|CG0230908|-51|-80|CG0230909|-50|-80|CG0230910|-49|-80
548|4|2|500|6|CG0231932|-71|-109|CG0231933|-101|-117|CG0231933|-101|-117|CG0231933|-101|-117|CG0231933|-101|-117|CG0231934|-91|-140
548|4|3|700|6|CG0230876|-37|-82|CG0230877|-47|-82|CG0230878|-70|-80|CG0230879|-36|-82|CG0230880|-42|-82|CG0230881|-51|-81
548|4|4|500|7|CG0231941|-67|-125|CG0231941|-67|-125|CG0231942|-47|-83|CG0231942|-47|-83|CG0231942|-47|-83|CG0231943|-35|-97|CG0231943|-35|-97
548|4|5|1200|28|CG0230868|-25|-81|CG0230868|-25|-81|CG0230868|-25|-81|CG0230869|-28|-85|CG0230869|-28|-85|CG0230869|-28|-85|CG0230869|-28|-85|CG0230870|-33|-87|CG0230870|-33|-87|CG0230870|-33|-87|CG0230871|-32|-91|CG0230871|-32|-91|CG0230871|-32|-91|CG0230871|-32|-91|CG0230871|-32|-91|CG0230871|-32|-91|CG0230871|-32|-91|CG0230872|-29|-90|CG0230872|-29|-90|CG0230873|-70|-67|CG0230873|-70|-67|CG0230874|-37|-74|CG0230874|-37|-74|CG0230874|-37|-74|CG0230874|-37|-74|CG0230875|-34|-81|CG0230875|-34|-81|CG0230875|-34|-81
548|4|6|2000|31|CG0230891|-29|-86|CG0230892|-29|-109|CG0230893|-38|-156|CG0230893|-38|-156|CG0230893|-38|-156|CG0230894|-40|-155|CG0230893|-38|-156|CG0230894|-40|-155|CG0230894|-40|-155|CG0230893|-38|-156|CG0230894|-40|-155|CG0230894|-40|-155|CG0230894|-40|-155|CG0230893|-38|-156|CG0230894|-40|-155|CG0230894|-40|-155|CG0230894|-40|-155|CG0230894|-40|-155|CG0230893|-38|-156|CG0230894|-40|-155|CG0230894|-40|-155|CG0230894|-40|-155|CG0230894|-40|-155|CG0230894|-40|-155|CG0230894|-40|-155|CG0230894|-40|-155|CG0230895|-32|-136|CG0230896|-34|-68|CG0230897|-48|-58|CG0230898|-25|-70|CG0230898|-25|-70
548|4|7|986|7|CG0252963|-19|-74|CG0252964|-19|-72|CG0252965|-19|-71|CG0252951|-35|-72|CG0252952|-24|-57|CG0252952|-24|-57|CG0252953|-21|-66
548|4|8|1000|2|CG0230888|-59|-77|CG0230889|-42|-99
548|4|9|1000|1|CG0230890|-25|-76
548|4|10|800|6|CG0230882|-35|-76|CG0230883|-48|-58|CG0230884|-55|-41|CG0230885|-55|-39|CG0230886|-55|-47|CG0230887|-55|-37
548|5|0|2000|6|CG0230942|-57|-81|CG0230943|-57|-81|CG0230944|-56|-82|CG0230945|-56|-82|CG0230946|-56|-82|CG0230947|-56|-81
548|5|1|800|6|CG0230948|-44|-79|CG0230949|-43|-80|CG0230950|-43|-79|CG0230951|-43|-80|CG0230952|-43|-80|CG0230953|-44|-80
548|5|2|500|6|CG0231981|-111|-106|CG0231982|-134|-105|CG0231982|-134|-105|CG0231982|-134|-105|CG0231982|-134|-105|CG0231983|-136|-116
548|5|3|700|6|CG0230919|-58|-81|CG0230920|-54|-82|CG0230921|-51|-80|CG0230922|-54|-81|CG0230923|-46|-82|CG0230924|-44|-80
548|5|4|500|7|CG0231990|-121|-124|CG0231990|-121|-124|CG0231991|-84|-79|CG0231991|-84|-79|CG0231991|-84|-79|CG0231992|-79|-96|CG0231992|-79|-96
548|5|5|1200|28|CG0230911|-52|-81|CG0230911|-52|-81|CG0230911|-52|-81|CG0230912|-43|-82|CG0230912|-43|-82|CG0230912|-43|-82|CG0230912|-43|-82|CG0230913|-35|-87|CG0230913|-35|-87|CG0230913|-35|-87|CG0230914|-34|-86|CG0230914|-34|-86|CG0230914|-34|-86|CG0230914|-34|-86|CG0230914|-34|-86|CG0230914|-34|-86|CG0230914|-34|-86|CG0230915|-59|-75|CG0230915|-59|-75|CG0230916|-62|-65|CG0230916|-62|-65|CG0230917|-59|-71|CG0230917|-59|-71|CG0230917|-59|-71|CG0230917|-59|-71|CG0230918|-50|-81|CG0230918|-50|-81|CG0230918|-50|-81
548|5|6|2000|31|CG0230934|-62|-85|CG0230935|-55|-89|CG0230936|-55|-145|CG0230936|-55|-145|CG0230936|-55|-145|CG0230937|-57|-144|CG0230936|-55|-145|CG0230937|-57|-144|CG0230937|-57|-144|CG0230936|-55|-145|CG0230937|-57|-144|CG0230937|-57|-144|CG0230937|-57|-144|CG0230936|-55|-145|CG0230937|-57|-144|CG0230937|-57|-144|CG0230937|-57|-144|CG0230937|-57|-144|CG0230936|-55|-145|CG0230937|-57|-144|CG0230937|-57|-144|CG0230937|-57|-144|CG0230937|-57|-144|CG0230937|-57|-144|CG0230937|-57|-144|CG0230937|-57|-144|CG0230938|-58|-122|CG0230939|-55|-64|CG0230940|-57|-53|CG0230941|-55|-68|CG0230941|-55|-68
548|5|7|986|7|CG0252985|-23|-73|CG0252986|-21|-72|CG0252987|-19|-71|CG0252973|-17|-76|CG0252974|-10|-50|CG0252974|-10|-50|CG0252975|-26|-63
548|5|8|1000|2|CG0230931|-64|-78|CG0230932|-51|-97
548|5|9|1000|1|CG0230933|-39|-75
548|5|10|800|6|CG0230925|-61|-74|CG0230926|-67|-56|CG0230927|-67|-40|CG0230928|-67|-40|CG0230929|-67|-39|CG0230930|-67|-39
548|6|0|2000|6|CG0230985|-55|-80|CG0230986|-55|-81|CG0230987|-55|-82|CG0230988|-54|-82|CG0230989|-55|-82|CG0230990|-55|-81
548|6|1|800|6|CG0230991|-47|-79|CG0230992|-44|-80|CG0230993|-34|-80|CG0230994|-34|-81|CG0230995|-34|-80|CG0230996|-36|-80
548|6|2|500|6|CG0232030|-94|-109|CG0232031|-100|-119|CG0232031|-100|-119|CG0232031|-100|-119|CG0232031|-100|-119|CG0232032|-112|-141
548|6|3|700|6|CG0230962|-54|-82|CG0230963|-44|-82|CG0230964|-51|-81|CG0230965|-52|-81|CG0230966|-73|-82|CG0230967|-75|-80
548|6|4|500|7|CG0232039|-106|-125|CG0232039|-106|-125|CG0232040|-90|-83|CG0232040|-90|-83|CG0232040|-90|-83|CG0232041|-88|-97|CG0232041|-88|-97
548|6|5|1200|28|CG0230954|-67|-80|CG0230954|-67|-80|CG0230954|-67|-80|CG0230955|-59|-82|CG0230955|-59|-82|CG0230955|-59|-82|CG0230955|-59|-82|CG0230956|-44|-86|CG0230956|-44|-86|CG0230956|-44|-86|CG0230957|-42|-86|CG0230957|-42|-86|CG0230957|-42|-86|CG0230957|-42|-86|CG0230957|-42|-86|CG0230957|-42|-86|CG0230957|-42|-86|CG0230958|-80|-79|CG0230958|-80|-79|CG0230959|-105|-75|CG0230959|-105|-75|CG0230960|-78|-77|CG0230960|-78|-77|CG0230960|-78|-77|CG0230960|-78|-77|CG0230961|-59|-80|CG0230961|-59|-80|CG0230961|-59|-80
548|6|6|2000|31|CG0230977|-75|-86|CG0230978|-73|-91|CG0230979|-63|-134|CG0230979|-63|-134|CG0230979|-63|-134|CG0230980|-56|-132|CG0230979|-63|-134|CG0230980|-56|-132|CG0230980|-56|-132|CG0230979|-63|-134|CG0230980|-56|-132|CG0230980|-56|-132|CG0230980|-56|-132|CG0230979|-63|-134|CG0230980|-56|-132|CG0230980|-56|-132|CG0230980|-56|-132|CG0230980|-56|-132|CG0230979|-63|-134|CG0230980|-56|-132|CG0230980|-56|-132|CG0230980|-56|-132|CG0230980|-56|-132|CG0230980|-56|-132|CG0230980|-56|-132|CG0230980|-56|-132|CG0230981|-59|-115|CG0230982|-72|-71|CG0230983|-63|-68|CG0230984|-70|-71|CG0230984|-70|-71
548|6|7|986|7|CG0253007|-18|-74|CG0253008|-17|-73|CG0253009|-17|-73|CG0252995|-16|-77|CG0252996|-27|-48|CG0252996|-27|-48|CG0252997|-32|-63
548|6|8|1000|2|CG0230974|-52|-83|CG0230975|-58|-90
548|6|9|1000|1|CG0230976|-50|-76
548|6|10|800|6|CG0230968|-56|-76|CG0230969|-56|-61|CG0230970|-55|-45|CG0230971|-56|-45|CG0230972|-57|-45|CG0230973|-65|-45
548|7|0|2000|6|CG0231028|-36|-84|CG0231029|-35|-84|CG0231030|-35|-85|CG0231031|-35|-85|CG0231032|-35|-85|CG0231033|-35|-84
548|7|1|800|6|CG0231034|-39|-83|CG0231035|-36|-84|CG0231036|-26|-85|CG0231037|-40|-87|CG0231038|-36|-86|CG0231039|-26|-84
548|7|2|500|6|CG0232079|-40|-109|CG0232080|-33|-134|CG0232080|-33|-134|CG0232080|-33|-134|CG0232080|-33|-134|CG0232081|-48|-161
548|7|3|700|6|CG0231005|-35|-81|CG0231006|-75|-84|CG0231007|-80|-83|CG0231008|-39|-81|CG0231009|-70|-85|CG0231010|-80|-83
548|7|4|500|7|CG0232088|-49|-122|CG0232088|-49|-122|CG0232089|-60|-90|CG0232089|-60|-90|CG0232089|-60|-90|CG0232090|-63|-101|CG0232090|-63|-101
548|7|5|1200|28|CG0230997|-54|-83|CG0230997|-54|-83|CG0230997|-54|-83|CG0230998|-67|-82|CG0230998|-67|-82|CG0230998|-67|-82|CG0230998|-67|-82|CG0230999|-62|-84|CG0230999|-62|-84|CG0230999|-62|-84|CG0231000|-67|-85|CG0231000|-67|-85|CG0231000|-67|-85|CG0231000|-67|-85|CG0231000|-67|-85|CG0231000|-67|-85|CG0231000|-67|-85|CG0231001|-60|-88|CG0231001|-60|-88|CG0231002|-139|-89|CG0231002|-139|-89|CG0231003|-115|-87|CG0231003|-115|-87|CG0231003|-115|-87|CG0231003|-115|-87|CG0231004|-62|-84|CG0231004|-62|-84|CG0231004|-62|-84
548|7|6|2000|31|CG0231020|-64|-87|CG0231021|-73|-96|CG0231022|-42|-129|CG0231022|-42|-129|CG0231022|-42|-129|CG0231023|-33|-125|CG0231022|-42|-129|CG0231023|-33|-125|CG0231023|-33|-125|CG0231022|-42|-129|CG0231023|-33|-125|CG0231023|-33|-125|CG0231023|-33|-125|CG0231022|-42|-129|CG0231023|-33|-125|CG0231023|-33|-125|CG0231023|-33|-125|CG0231023|-33|-125|CG0231022|-42|-129|CG0231023|-33|-125|CG0231023|-33|-125|CG0231023|-33|-125|CG0231023|-33|-125|CG0231023|-33|-125|CG0231023|-33|-125|CG0231023|-33|-125|CG0231024|-42|-119|CG0231025|-120|-89|CG0231026|-96|-86|CG0231027|-72|-77|CG0231027|-72|-77
548|7|7|986|7|CG0253029|-18|-74|CG0253030|-18|-74|CG0253031|-18|-74|CG0253017|-21|-72|CG0253018|-41|-54|CG0253018|-41|-54|CG0253019|-24|-67
548|7|8|1000|2|CG0231017|-54|-85|CG0231018|-43|-92
548|7|9|1000|1|CG0231019|-63|-86
548|7|10|800|6|CG0231011|-45|-80|CG0231012|-69|-68|CG0231013|-89|-49|CG0231014|-92|-52|CG0231015|-97|-49|CG0231016|-96|-49
