556|0|0|1300|6|CG0233554|-52|-110|CG0233555|-52|-111|CG0233556|-52|-110|CG0233557|-53|-108|CG0233558|-52|-108|CG0233559|-52|-109
556|0|1|800|6|CG0233560|-52|-101|CG0233561|-54|-99|CG0233562|-56|-101|CG0233563|-52|-100|CG0233564|-54|-103|CG0233565|-61|-104
556|0|2|500|2|CG0237642|-36|-48|CG0237643|-27|-52
556|0|3|400|6|CG0233536|-73|-114|CG0233537|-73|-119|CG0233538|-68|-118|CG0233539|-67|-115|CG0233540|-65|-120|CG0233541|-70|-118
556|0|4|100|2|CG0242068|-20|-65|CG0242069|-24|-79
556|0|5|1000|22|CG0233528|-59|-117|CG0233528|-59|-117|CG0233528|-59|-117|CG0233528|-59|-117|CG0233529|-65|-119|CG0233529|-65|-119|CG0233530|-81|-109|CG0233530|-81|-109|CG0233531|-82|-110|CG0233531|-82|-110|CG0233532|-111|-114|CG0233532|-111|-114|CG0233532|-111|-114|CG0233532|-111|-114|CG0233533|-107|-114|CG0233533|-107|-114|CG0233534|-68|-113|CG0233534|-68|-113|CG0233534|-68|-113|CG0233534|-68|-113|CG0233535|-70|-114|CG0233535|-70|-114
556|0|6|2000|16|CG0233554|-52|-110|CG0233559|-52|-109|CG0233559|-52|-109|CG0233559|-52|-109|CG0233554|-52|-110|CG0233559|-52|-109|CG0233559|-52|-109|CG0233559|-52|-109|CG0233554|-52|-110|CG0233559|-52|-109|CG0233559|-52|-109|CG0233559|-52|-109|CG0233558|-52|-108|CG0233551|-49|-99|CG0233552|-49|-102|CG0233553|-49|-102
556|0|7|986|7|CG0252875|-18|-73|CG0252876|-22|-73|CG0252877|-23|-73|CG0252863|-17|-64|CG0252864|-34|-63|CG0252864|-34|-63|CG0252865|-22|-71
556|0|8|1000|2|CG0233548|-51|-89|CG0233549|-49|-85
556|0|9|1000|1|CG0233550|-53|-90
556|0|10|800|6|CG0233542|-47|-97|CG0233543|-44|-79|CG0233544|-41|-68|CG0233545|-33|-60|CG0233546|-36|-60|CG0233547|-47|-37
556|1|0|1300|6|CG0233592|-29|-114|CG0233593|-29|-113|CG0233594|-29|-111|CG0233595|-29|-109|CG0233596|-29|-110|CG0233597|-29|-110
556|1|1|800|6|CG0233598|-51|-104|CG0233599|-53|-104|CG0233600|-56|-107|CG0233601|-54|-105|CG0233602|-50|-105|CG0233603|-48|-106
556|1|2|500|2|CG0237683|-24|-50|CG0237684|-22|-51
556|1|3|400|6|CG0233574|-34|-121|CG0233575|-36|-127|CG0233576|-31|-124|CG0233577|-27|-120|CG0233578|-26|-127|CG0233579|-28|-123
556|1|4|100|2|CG0242113|-31|-54|CG0242114|-31|-81
556|1|5|1000|22|CG0233566|-30|-109|CG0233566|-30|-109|CG0233566|-30|-109|CG0233566|-30|-109|CG0233567|-28|-112|CG0233567|-28|-112|CG0233568|-34|-117|CG0233568|-34|-117|CG0233569|-36|-118|CG0233569|-36|-118|CG0233570|-63|-118|CG0233570|-63|-118|CG0233570|-63|-118|CG0233570|-63|-118|CG0233571|-56|-118|CG0233571|-56|-118|CG0233572|-43|-118|CG0233572|-43|-118|CG0233572|-43|-118|CG0233572|-43|-118|CG0233573|-26|-113|CG0233573|-26|-113
556|1|6|2000|16|CG0233592|-29|-114|CG0233597|-29|-110|CG0233597|-29|-110|CG0233597|-29|-110|CG0233592|-29|-114|CG0233597|-29|-110|CG0233597|-29|-110|CG0233597|-29|-110|CG0233592|-29|-114|CG0233597|-29|-110|CG0233597|-29|-110|CG0233597|-29|-110|CG0233596|-29|-110|CG0233589|-44|-102|CG0233590|-42|-105|CG0233591|-37|-105
556|1|7|986|7|CG0252897|-23|-72|CG0252898|-22|-72|CG0252899|-20|-72|CG0252885|-11|-60|CG0252886|-22|-70|CG0252886|-22|-70|CG0252887|-22|-73
556|1|8|1000|2|CG0233586|-52|-99|CG0233587|-49|-76
556|1|9|1000|1|CG0233588|-32|-95
556|1|10|800|6|CG0233580|-38|-86|CG0233581|-43|-77|CG0233582|-47|-59|CG0233583|-64|-63|CG0233584|-62|-56|CG0233585|-60|-35
556|2|0|1300|6|CG0233630|-18|-106|CG0233631|-18|-105|CG0233632|-18|-105|CG0233633|-18|-104|CG0233634|-18|-104|CG0233635|-18|-105
556|2|1|800|6|CG0233636|-56|-99|CG0233637|-55|-103|CG0233638|-43|-104|CG0233639|-42|-102|CG0233640|-43|-98|CG0233641|-58|-97
556|2|2|500|2|CG0237724|-16|-48|CG0237725|-19|-56
556|2|3|400|6|CG0233612|-47|-113|CG0233613|-49|-119|CG0233614|-45|-118|CG0233615|-51|-114|CG0233616|-49|-121|CG0233617|-46|-117
556|2|4|100|2|CG0242158|-33|-64|CG0242159|-22|-79
556|2|5|1000|22|CG0233604|-37|-103|CG0233604|-37|-103|CG0233604|-37|-103|CG0233604|-37|-103|CG0233605|-31|-108|CG0233605|-31|-108|CG0233606|-25|-115|CG0233606|-25|-115|CG0233607|-21|-113|CG0233607|-21|-113|CG0233608|-42|-110|CG0233608|-42|-110|CG0233608|-42|-110|CG0233608|-42|-110|CG0233609|-46|-110|CG0233609|-46|-110|CG0233610|-45|-111|CG0233610|-45|-111|CG0233610|-45|-111|CG0233610|-45|-111|CG0233611|-16|-106|CG0233611|-16|-106
556|2|6|2000|16|CG0233630|-18|-106|CG0233635|-18|-105|CG0233635|-18|-105|CG0233635|-18|-105|CG0233630|-18|-106|CG0233635|-18|-105|CG0233635|-18|-105|CG0233635|-18|-105|CG0233630|-18|-106|CG0233635|-18|-105|CG0233635|-18|-105|CG0233635|-18|-105|CG0233634|-18|-104|CG0233627|-32|-97|CG0233628|-31|-100|CG0233629|-35|-102
556|2|7|986|7|CG0252919|-18|-72|CG0252920|-13|-72|CG0252921|-10|-71|CG0252907|-29|-60|CG0252908|-24|-70|CG0252908|-24|-70|CG0252909|-26|-71
556|2|8|1000|2|CG0233624|-43|-98|CG0233625|-52|-71
556|2|9|1000|1|CG0233626|-31|-90
556|2|10|800|6|CG0233618|-35|-75|CG0233619|-35|-74|CG0233620|-49|-65|CG0233621|-78|-70|CG0233622|-88|-61|CG0233623|-90|-36
556|3|0|1300|6|CG0233668|-40|-92|CG0233669|-40|-93|CG0233670|-40|-93|CG0233671|-41|-92|CG0233672|-41|-93|CG0233673|-41|-93
556|3|1|800|6|CG0233674|-65|-87|CG0233675|-70|-92|CG0233676|-69|-93|CG0233677|-69|-90|CG0233678|-68|-86|CG0233679|-66|-83
556|3|2|500|2|CG0237765|-14|-45|CG0237766|-16|-57
556|3|3|400|6|CG0233650|-60|-93|CG0233651|-63|-103|CG0233652|-60|-101|CG0233653|-61|-98|CG0233654|-63|-105|CG0233655|-61|-98
556|3|4|100|2|CG0242203|-39|-71|CG0242204|-15|-75
556|3|5|1000|22|CG0233642|-56|-95|CG0233642|-56|-95|CG0233642|-56|-95|CG0233642|-56|-95|CG0233643|-48|-100|CG0233643|-48|-100|CG0233644|-41|-101|CG0233644|-41|-101|CG0233645|-45|-100|CG0233645|-45|-100|CG0233646|-32|-92|CG0233646|-32|-92|CG0233646|-32|-92|CG0233646|-32|-92|CG0233647|-20|-95|CG0233647|-20|-95|CG0233648|-22|-97|CG0233648|-22|-97|CG0233648|-22|-97|CG0233648|-22|-97|CG0233649|-40|-91|CG0233649|-40|-91
556|3|6|2000|16|CG0233668|-40|-92|CG0233673|-41|-93|CG0233673|-41|-93|CG0233673|-41|-93|CG0233668|-40|-92|CG0233673|-41|-93|CG0233673|-41|-93|CG0233673|-41|-93|CG0233668|-40|-92|CG0233673|-41|-93|CG0233673|-41|-93|CG0233673|-41|-93|CG0233672|-41|-93|CG0233665|-58|-84|CG0233666|-56|-87|CG0233667|-53|-97
556|3|7|986|7|CG0252941|-14|-72|CG0252942|-12|-72|CG0252943|-14|-71|CG0252929|-40|-65|CG0252930|-29|-66|CG0252930|-29|-66|CG0252931|-21|-69
556|3|8|1000|2|CG0233662|-65|-87|CG0233663|-72|-77
556|3|9|1000|1|CG0233664|-36|-78
556|3|10|800|6|CG0233656|-63|-70|CG0233657|-50|-73|CG0233658|-66|-79|CG0233659|-93|-72|CG0233660|-108|-62|CG0233661|-105|-48
556|4|0|1300|6|CG0233706|-46|-84|CG0233707|-46|-84|CG0233708|-46|-84|CG0233709|-47|-84|CG0233710|-47|-84|CG0233711|-47|-84
556|4|1|800|6|CG0233712|-45|-77|CG0233713|-44|-82|CG0233714|-54|-80|CG0233715|-55|-80|CG0233716|-53|-78|CG0233717|-40|-72
556|4|2|500|2|CG0237806|-17|-41|CG0237807|-19|-58
556|4|3|400|6|CG0233688|-55|-76|CG0233689|-50|-87|CG0233690|-49|-83|CG0233691|-57|-82|CG0233692|-59|-90|CG0233693|-45|-82
556|4|4|100|2|CG0242248|-30|-68|CG0242249|-22|-72
556|4|5|1000|22|CG0233680|-42|-87|CG0233680|-42|-87|CG0233680|-42|-87|CG0233680|-42|-87|CG0233681|-40|-104|CG0233681|-40|-104|CG0233682|-38|-111|CG0233682|-38|-111|CG0233683|-59|-97|CG0233683|-59|-97|CG0233684|-23|-76|CG0233684|-23|-76|CG0233684|-23|-76|CG0233684|-23|-76|CG0233685|-18|-80|CG0233685|-18|-80|CG0233686|-51|-83|CG0233686|-51|-83|CG0233686|-51|-83|CG0233686|-51|-83|CG0233687|-47|-78|CG0233687|-47|-78
556|4|6|2000|16|CG0233706|-46|-84|CG0233711|-47|-84|CG0233711|-47|-84|CG0233711|-47|-84|CG0233706|-46|-84|CG0233711|-47|-84|CG0233711|-47|-84|CG0233711|-47|-84|CG0233706|-46|-84|CG0233711|-47|-84|CG0233711|-47|-84|CG0233711|-47|-84|CG0233710|-47|-84|CG0233703|-53|-73|CG0233704|-51|-77|CG0233705|-50|-92
556|4|7|986|7|CG0252963|-19|-74|CG0252964|-19|-72|CG0252965|-19|-71|CG0252951|-35|-72|CG0252952|-24|-57|CG0252952|-24|-57|CG0252953|-21|-66
556|4|8|1000|2|CG0233700|-57|-73|CG0233701|-50|-94
556|4|9|1000|1|CG0233702|-35|-68
556|4|10|800|6|CG0233694|-54|-70|CG0233695|-40|-76|CG0233696|-51|-94|CG0233697|-68|-93|CG0233698|-78|-63|CG0233699|-89|-62
556|5|0|1300|6|CG0233744|-59|-83|CG0233745|-59|-84|CG0233746|-58|-86|CG0233747|-58|-85|CG0233748|-59|-85|CG0233749|-60|-83
556|5|1|800|6|CG0233750|-52|-74|CG0233751|-54|-77|CG0233752|-56|-73|CG0233753|-55|-75|CG0233754|-54|-77|CG0233755|-54|-70
556|5|2|500|2|CG0237847|-21|-40|CG0237848|-21|-55
556|5|3|400|6|CG0233726|-76|-70|CG0233727|-74|-81|CG0233728|-73|-76|CG0233729|-74|-75|CG0233730|-73|-82|CG0233731|-69|-75
556|5|4|100|2|CG0242293|-33|-59|CG0242294|-30|-70
556|5|5|1000|22|CG0233718|-61|-84|CG0233718|-61|-84|CG0233718|-61|-84|CG0233718|-61|-84|CG0233719|-55|-118|CG0233719|-55|-118|CG0233720|-53|-121|CG0233720|-53|-121|CG0233721|-58|-117|CG0233721|-58|-117|CG0233722|-30|-72|CG0233722|-30|-72|CG0233722|-30|-72|CG0233722|-30|-72|CG0233723|-30|-76|CG0233723|-30|-76|CG0233724|-81|-77|CG0233724|-81|-77|CG0233724|-81|-77|CG0233724|-81|-77|CG0233725|-72|-73|CG0233725|-72|-73
556|5|6|2000|16|CG0233744|-59|-83|CG0233749|-60|-83|CG0233749|-60|-83|CG0233749|-60|-83|CG0233744|-59|-83|CG0233749|-60|-83|CG0233749|-60|-83|CG0233749|-60|-83|CG0233744|-59|-83|CG0233749|-60|-83|CG0233749|-60|-83|CG0233749|-60|-83|CG0233748|-59|-85|CG0233741|-33|-71|CG0233742|-46|-75|CG0233743|-43|-90
556|5|7|986|7|CG0252985|-23|-73|CG0252986|-21|-72|CG0252987|-19|-71|CG0252973|-17|-76|CG0252974|-10|-50|CG0252974|-10|-50|CG0252975|-26|-63
556|5|8|1000|2|CG0233738|-50|-70|CG0233739|-59|-106
556|5|9|1000|1|CG0233740|-29|-65
556|5|10|800|6|CG0233732|-44|-85|CG0233733|-43|-90|CG0233734|-51|-107|CG0233735|-55|-102|CG0233736|-53|-76|CG0233737|-57|-73
556|6|0|1300|6|CG0233782|-67|-90|CG0233783|-67|-89|CG0233784|-66|-89|CG0233785|-67|-90|CG0233786|-68|-90|CG0233787|-68|-89
556|6|1|800|6|CG0233788|-58|-78|CG0233789|-62|-80|CG0233790|-67|-76|CG0233791|-59|-79|CG0233792|-54|-83|CG0233793|-54|-79
556|6|2|500|2|CG0237888|-24|-41|CG0237889|-25|-49
556|6|3|400|6|CG0233764|-63|-77|CG0233765|-63|-86|CG0233766|-64|-84|CG0233767|-59|-82|CG0233768|-54|-93|CG0233769|-64|-83
556|6|4|100|2|CG0242338|-21|-67|CG0242339|-22|-72
556|6|5|1000|22|CG0233756|-72|-93|CG0233756|-72|-93|CG0233756|-72|-93|CG0233756|-72|-93|CG0233757|-53|-128|CG0233757|-53|-128|CG0233758|-59|-123|CG0233758|-59|-123|CG0233759|-57|-125|CG0233759|-57|-125|CG0233760|-46|-81|CG0233760|-46|-81|CG0233760|-46|-81|CG0233760|-46|-81|CG0233761|-46|-84|CG0233761|-46|-84|CG0233762|-96|-83|CG0233762|-96|-83|CG0233762|-96|-83|CG0233762|-96|-83|CG0233763|-80|-82|CG0233763|-80|-82
556|6|6|2000|16|CG0233782|-67|-90|CG0233787|-68|-89|CG0233787|-68|-89|CG0233787|-68|-89|CG0233782|-67|-90|CG0233787|-68|-89|CG0233787|-68|-89|CG0233787|-68|-89|CG0233782|-67|-90|CG0233787|-68|-89|CG0233787|-68|-89|CG0233787|-68|-89|CG0233786|-68|-90|CG0233779|-56|-77|CG0233780|-62|-80|CG0233781|-61|-93
556|6|7|986|7|CG0253007|-18|-74|CG0253008|-17|-73|CG0253009|-17|-73|CG0252995|-16|-77|CG0252996|-27|-48|CG0252996|-27|-48|CG0252997|-32|-63
556|6|8|1000|2|CG0233776|-43|-76|CG0233777|-56|-103
556|6|9|1000|1|CG0233778|-48|-70
556|6|10|800|6|CG0233770|-55|-83|CG0233771|-41|-81|CG0233772|-30|-99|CG0233773|-32|-92|CG0233774|-35|-84|CG0233775|-40|-81
556|7|0|1300|6|CG0233820|-50|-100|CG0233821|-51|-101|CG0233822|-51|-101|CG0233823|-52|-99|CG0233824|-51|-100|CG0233825|-51|-100
556|7|1|800|6|CG0233826|-47|-89|CG0233827|-47|-88|CG0233828|-49|-86|CG0233829|-46|-88|CG0233830|-44|-93|CG0233831|-49|-92
556|7|2|500|2|CG0237929|-33|-45|CG0237930|-19|-50
556|7|3|400|6|CG0233802|-76|-95|CG0233803|-74|-102|CG0233804|-72|-101|CG0233805|-74|-98|CG0233806|-72|-104|CG0233807|-77|-100
556|7|4|100|2|CG0242383|-20|-70|CG0242384|-21|-75
556|7|5|1000|22|CG0233794|-58|-112|CG0233794|-58|-112|CG0233794|-58|-112|CG0233794|-58|-112|CG0233795|-70|-127|CG0233795|-70|-127|CG0233796|-91|-119|CG0233796|-91|-119|CG0233797|-87|-123|CG0233797|-87|-123|CG0233798|-112|-100|CG0233798|-112|-100|CG0233798|-112|-100|CG0233798|-112|-100|CG0233799|-107|-100|CG0233799|-107|-100|CG0233800|-71|-98|CG0233800|-71|-98|CG0233800|-71|-98|CG0233800|-71|-98|CG0233801|-79|-103|CG0233801|-79|-103
556|7|6|2000|16|CG0233820|-50|-100|CG0233825|-51|-100|CG0233825|-51|-100|CG0233825|-51|-100|CG0233820|-50|-100|CG0233825|-51|-100|CG0233825|-51|-100|CG0233825|-51|-100|CG0233820|-50|-100|CG0233825|-51|-100|CG0233825|-51|-100|CG0233825|-51|-100|CG0233824|-51|-100|CG0233817|-50|-87|CG0233818|-55|-90|CG0233819|-50|-98
556|7|7|986|7|CG0253029|-18|-74|CG0253030|-18|-74|CG0253031|-18|-74|CG0253017|-21|-72|CG0253018|-41|-54|CG0253018|-41|-54|CG0253019|-24|-67
556|7|8|1000|2|CG0233814|-45|-75|CG0233815|-31|-97
556|7|9|1000|1|CG0233816|-60|-79
556|7|10|800|6|CG0233808|-48|-95|CG0233809|-39|-82|CG0233810|-36|-83|CG0233811|-19|-83|CG0233812|-18|-71|CG0233813|-44|-65
