563|0|0|1100|6|CG0235757|-42|-170|CG0235758|-65|-156|CG0235759|-62|-120|CG0235760|-50|-122|CG0235761|-46|-122|CG0235762|-50|-118
563|0|1|1000|6|CG0235763|-43|-170|CG0235764|-65|-155|CG0235765|-69|-120|CG0235766|-43|-123|CG0235767|-43|-121|CG0235768|-55|-118
563|0|2|500|2|CG0237642|-36|-48|CG0237643|-27|-52
563|0|3|2000|31|CG0235736|-65|-111|CG0235737|-67|-121|CG0235738|-58|-156|CG0235739|-61|-150|CG0235740|-61|-128|CG0235741|-61|-104|CG0235741|-61|-104|CG0235741|-61|-104|CG0235741|-61|-104|CG0235741|-61|-104|CG0235741|-61|-104|CG0235741|-61|-104|CG0235741|-61|-104|CG0235741|-61|-104|CG0235741|-61|-104|CG0235741|-61|-104|CG0235741|-61|-104|CG0235741|-61|-104|CG0235741|-61|-104|CG0235741|-61|-104|CG0235741|-61|-104|CG0235741|-61|-104|CG0235741|-61|-104|CG0235741|-61|-104|CG0235741|-61|-104|CG0235741|-61|-104|CG0235741|-61|-104|CG0235741|-61|-104|CG0235741|-61|-104|CG0235741|-61|-104|CG0235741|-61|-104
563|0|4|100|2|CG0242068|-20|-65|CG0242069|-24|-79
563|0|5|1000|26|CG0235728|-56|-118|CG0235728|-56|-118|CG0235729|-61|-121|CG0235729|-61|-121|CG0235730|-42|-142|CG0235730|-42|-142|CG0235730|-42|-142|CG0235730|-42|-142|CG0235731|-29|-144|CG0235731|-29|-144|CG0235731|-29|-144|CG0235731|-29|-144|CG0235732|-61|-150|CG0235732|-61|-150|CG0235732|-61|-150|CG0235732|-61|-150|CG0235732|-61|-150|CG0235732|-61|-150|CG0235733|-86|-103|CG0235733|-86|-103|CG0235734|-54|-107|CG0235734|-54|-107|CG0235734|-54|-107|CG0235734|-54|-107|CG0235735|-82|-118|CG0235735|-82|-118
563|0|6|2000|21|CG0235751|-41|-125|CG0235752|-44|-123|CG0235753|-29|-114|CG0235753|-29|-114|CG0235753|-29|-114|CG0235753|-29|-114|CG0235753|-29|-114|CG0235753|-29|-114|CG0235753|-29|-114|CG0235753|-29|-114|CG0235753|-29|-114|CG0235753|-29|-114|CG0235753|-29|-114|CG0235753|-29|-114|CG0235753|-29|-114|CG0235753|-29|-114|CG0235753|-29|-114|CG0235753|-29|-114|CG0235754|-71|-115|CG0235755|-42|-169|CG0235756|-40|-169
563|0|7|986|7|CG0252875|-18|-73|CG0252876|-22|-73|CG0252877|-23|-73|CG0252863|-17|-64|CG0252864|-34|-63|CG0252864|-34|-63|CG0252865|-22|-71
563|0|8|1000|2|CG0235748|-42|-111|CG0235749|-24|-119
563|0|9|1000|1|CG0235750|-55|-135
563|0|10|1000|11|CG0235742|-62|-171|CG0235743|-29|-158|CG0235744|-24|-138|CG0235745|-49|-107|CG0235745|-49|-107|CG0235746|-73|-72|CG0235746|-73|-72|CG0235746|-73|-72|CG0235747|-83|-38|CG0235747|-83|-38|CG0235747|-83|-38
563|1|0|1100|6|CG0235798|-26|-167|CG0235799|-85|-131|CG0235800|-97|-124|CG0235801|-32|-125|CG0235802|-70|-124|CG0235803|-91|-121
563|1|1|1000|6|CG0235804|-38|-163|CG0235805|-87|-130|CG0235806|-99|-123|CG0235807|-24|-125|CG0235808|-52|-124|CG0235809|-91|-121
563|1|2|500|2|CG0237683|-24|-50|CG0237684|-22|-51
563|1|3|2000|31|CG0235777|-95|-120|CG0235778|-101|-130|CG0235779|-61|-141|CG0235780|-77|-128|CG0235781|-96|-112|CG0235782|-102|-114|CG0235782|-102|-114|CG0235782|-102|-114|CG0235782|-102|-114|CG0235782|-102|-114|CG0235782|-102|-114|CG0235782|-102|-114|CG0235782|-102|-114|CG0235782|-102|-114|CG0235782|-102|-114|CG0235782|-102|-114|CG0235782|-102|-114|CG0235782|-102|-114|CG0235782|-102|-114|CG0235782|-102|-114|CG0235782|-102|-114|CG0235782|-102|-114|CG0235782|-102|-114|CG0235782|-102|-114|CG0235782|-102|-114|CG0235782|-102|-114|CG0235782|-102|-114|CG0235782|-102|-114|CG0235782|-102|-114|CG0235782|-102|-114|CG0235782|-102|-114
563|1|4|100|2|CG0242113|-31|-54|CG0242114|-31|-81
563|1|5|1000|26|CG0235769|-88|-123|CG0235769|-88|-123|CG0235770|-96|-125|CG0235770|-96|-125|CG0235771|-88|-119|CG0235771|-88|-119|CG0235771|-88|-119|CG0235771|-88|-119|CG0235772|-61|-120|CG0235772|-61|-120|CG0235772|-61|-120|CG0235772|-61|-120|CG0235773|-94|-119|CG0235773|-94|-119|CG0235773|-94|-119|CG0235773|-94|-119|CG0235773|-94|-119|CG0235773|-94|-119|CG0235774|-45|-110|CG0235774|-45|-110|CG0235775|-21|-113|CG0235775|-21|-113|CG0235775|-21|-113|CG0235775|-21|-113|CG0235776|-89|-123|CG0235776|-89|-123
563|1|6|2000|21|CG0235792|-94|-124|CG0235793|-68|-125|CG0235794|-26|-116|CG0235794|-26|-116|CG0235794|-26|-116|CG0235794|-26|-116|CG0235794|-26|-116|CG0235794|-26|-116|CG0235794|-26|-116|CG0235794|-26|-116|CG0235794|-26|-116|CG0235794|-26|-116|CG0235794|-26|-116|CG0235794|-26|-116|CG0235794|-26|-116|CG0235794|-26|-116|CG0235794|-26|-116|CG0235794|-26|-116|CG0235795|-70|-118|CG0235796|-79|-144|CG0235797|-32|-164
563|1|7|986|7|CG0252897|-23|-72|CG0252898|-22|-72|CG0252899|-20|-72|CG0252885|-11|-60|CG0252886|-22|-70|CG0252886|-22|-70|CG0252887|-22|-73
563|1|8|1000|2|CG0235789|-86|-111|CG0235790|-72|-116
563|1|9|1000|1|CG0235791|-51|-135
563|1|10|1000|11|CG0235783|-79|-148|CG0235784|-56|-138|CG0235785|-26|-124|CG0235786|-35|-110|CG0235786|-35|-110|CG0235787|-37|-82|CG0235787|-37|-82|CG0235787|-37|-82|CG0235788|-59|-55|CG0235788|-59|-55|CG0235788|-59|-55
563|2|0|1100|6|CG0235839|-49|-172|CG0235840|-56|-156|CG0235841|-74|-120|CG0235842|-48|-122|CG0235843|-50|-121|CG0235844|-77|-119
563|2|1|1000|6|CG0235845|-62|-170|CG0235846|-59|-154|CG0235847|-71|-120|CG0235848|-59|-122|CG0235849|-62|-121|CG0235850|-73|-118
563|2|2|500|2|CG0237724|-16|-48|CG0237725|-19|-56
563|2|3|2000|31|CG0235818|-78|-111|CG0235819|-77|-121|CG0235820|-65|-160|CG0235821|-74|-150|CG0235822|-78|-125|CG0235823|-82|-104|CG0235823|-82|-104|CG0235823|-82|-104|CG0235823|-82|-104|CG0235823|-82|-104|CG0235823|-82|-104|CG0235823|-82|-104|CG0235823|-82|-104|CG0235823|-82|-104|CG0235823|-82|-104|CG0235823|-82|-104|CG0235823|-82|-104|CG0235823|-82|-104|CG0235823|-82|-104|CG0235823|-82|-104|CG0235823|-82|-104|CG0235823|-82|-104|CG0235823|-82|-104|CG0235823|-82|-104|CG0235823|-82|-104|CG0235823|-82|-104|CG0235823|-82|-104|CG0235823|-82|-104|CG0235823|-82|-104|CG0235823|-82|-104|CG0235823|-82|-104
563|2|4|100|2|CG0242158|-33|-64|CG0242159|-22|-79
563|2|5|1000|26|CG0235810|-68|-118|CG0235810|-68|-118|CG0235811|-74|-121|CG0235811|-74|-121|CG0235812|-79|-140|CG0235812|-79|-140|CG0235812|-79|-140|CG0235812|-79|-140|CG0235813|-72|-143|CG0235813|-72|-143|CG0235813|-72|-143|CG0235813|-72|-143|CG0235814|-71|-148|CG0235814|-71|-148|CG0235814|-71|-148|CG0235814|-71|-148|CG0235814|-71|-148|CG0235814|-71|-148|CG0235815|-36|-103|CG0235815|-36|-103|CG0235816|-53|-107|CG0235816|-53|-107|CG0235816|-53|-107|CG0235816|-53|-107|CG0235817|-49|-118|CG0235817|-49|-118
563|2|6|2000|21|CG0235833|-89|-125|CG0235834|-53|-124|CG0235835|-34|-113|CG0235835|-34|-113|CG0235835|-34|-113|CG0235835|-34|-113|CG0235835|-34|-113|CG0235835|-34|-113|CG0235835|-34|-113|CG0235835|-34|-113|CG0235835|-34|-113|CG0235835|-34|-113|CG0235835|-34|-113|CG0235835|-34|-113|CG0235835|-34|-113|CG0235835|-34|-113|CG0235835|-34|-113|CG0235835|-34|-113|CG0235836|-35|-116|CG0235837|-69|-170|CG0235838|-51|-169
563|2|7|986|7|CG0252919|-18|-72|CG0252920|-13|-72|CG0252921|-10|-71|CG0252907|-29|-60|CG0252908|-24|-70|CG0252908|-24|-70|CG0252909|-26|-71
563|2|8|1000|2|CG0235830|-79|-101|CG0235831|-108|-120
563|2|9|1000|1|CG0235832|-37|-134
563|2|10|1000|11|CG0235824|-50|-172|CG0235825|-53|-159|CG0235826|-39|-133|CG0235827|-62|-109|CG0235827|-62|-109|CG0235828|-55|-81|CG0235828|-55|-81|CG0235828|-55|-81|CG0235829|-70|-53|CG0235829|-70|-53|CG0235829|-70|-53
563|3|0|1100|6|CG0235880|-66|-173|CG0235881|-62|-165|CG0235882|-63|-111|CG0235883|-65|-112|CG0235884|-68|-111|CG0235885|-68|-109
563|3|1|1000|6|CG0235886|-83|-173|CG0235887|-80|-165|CG0235888|-76|-114|CG0235889|-80|-113|CG0235890|-84|-111|CG0235891|-85|-108
563|3|2|500|2|CG0237765|-14|-45|CG0237766|-16|-57
563|3|3|2000|31|CG0235859|-105|-112|CG0235860|-100|-126|CG0235861|-87|-169|CG0235862|-100|-161|CG0235863|-104|-142|CG0235864|-104|-120|CG0235864|-104|-120|CG0235864|-104|-120|CG0235864|-104|-120|CG0235864|-104|-120|CG0235864|-104|-120|CG0235864|-104|-120|CG0235864|-104|-120|CG0235864|-104|-120|CG0235864|-104|-120|CG0235864|-104|-120|CG0235864|-104|-120|CG0235864|-104|-120|CG0235864|-104|-120|CG0235864|-104|-120|CG0235864|-104|-120|CG0235864|-104|-120|CG0235864|-104|-120|CG0235864|-104|-120|CG0235864|-104|-120|CG0235864|-104|-120|CG0235864|-104|-120|CG0235864|-104|-120|CG0235864|-104|-120|CG0235864|-104|-120|CG0235864|-104|-120
563|3|4|100|2|CG0242203|-39|-71|CG0242204|-15|-75
563|3|5|1000|26|CG0235851|-72|-110|CG0235851|-72|-110|CG0235852|-74|-113|CG0235852|-74|-113|CG0235853|-58|-159|CG0235853|-58|-159|CG0235853|-58|-159|CG0235853|-58|-159|CG0235854|-55|-164|CG0235854|-55|-164|CG0235854|-55|-164|CG0235854|-55|-164|CG0235855|-52|-163|CG0235855|-52|-163|CG0235855|-52|-163|CG0235855|-52|-163|CG0235855|-52|-163|CG0235855|-52|-163|CG0235856|-49|-90|CG0235856|-49|-90|CG0235857|-72|-99|CG0235857|-72|-99|CG0235857|-72|-99|CG0235857|-72|-99|CG0235858|-67|-112|CG0235858|-67|-112
563|3|6|2000|21|CG0235874|-61|-123|CG0235875|-52|-116|CG0235876|-47|-105|CG0235876|-47|-105|CG0235876|-47|-105|CG0235876|-47|-105|CG0235876|-47|-105|CG0235876|-47|-105|CG0235876|-47|-105|CG0235876|-47|-105|CG0235876|-47|-105|CG0235876|-47|-105|CG0235876|-47|-105|CG0235876|-47|-105|CG0235876|-47|-105|CG0235876|-47|-105|CG0235876|-47|-105|CG0235876|-47|-105|CG0235877|-47|-114|CG0235878|-56|-175|CG0235879|-69|-170
563|3|7|986|7|CG0252941|-14|-72|CG0252942|-12|-72|CG0252943|-14|-71|CG0252929|-40|-65|CG0252930|-29|-66|CG0252930|-29|-66|CG0252931|-21|-69
563|3|8|1000|2|CG0235871|-36|-88|CG0235872|-80|-132
563|3|9|1000|1|CG0235873|-51|-130
563|3|10|1000|11|CG0235865|-61|-175|CG0235866|-56|-172|CG0235867|-44|-146|CG0235868|-53|-107|CG0235868|-53|-107|CG0235869|-46|-82|CG0235869|-46|-82|CG0235869|-46|-82|CG0235870|-46|-35|CG0235870|-46|-35|CG0235870|-46|-35
563|4|0|1100|6|CG0235921|-46|-166|CG0235922|-59|-155|CG0235923|-78|-100|CG0235924|-45|-102|CG0235925|-56|-101|CG0235926|-81|-101
563|4|1|1000|6|CG0235927|-57|-168|CG0235928|-62|-153|CG0235929|-79|-103|CG0235930|-54|-101|CG0235931|-57|-100|CG0235932|-79|-100
563|4|2|500|2|CG0237806|-17|-41|CG0237807|-19|-58
563|4|3|2000|31|CG0235900|-74|-110|CG0235901|-82|-116|CG0235902|-59|-161|CG0235903|-67|-149|CG0235904|-80|-128|CG0235905|-88|-113|CG0235905|-88|-113|CG0235905|-88|-113|CG0235905|-88|-113|CG0235905|-88|-113|CG0235905|-88|-113|CG0235905|-88|-113|CG0235905|-88|-113|CG0235905|-88|-113|CG0235905|-88|-113|CG0235905|-88|-113|CG0235905|-88|-113|CG0235905|-88|-113|CG0235905|-88|-113|CG0235905|-88|-113|CG0235905|-88|-113|CG0235905|-88|-113|CG0235905|-88|-113|CG0235905|-88|-113|CG0235905|-88|-113|CG0235905|-88|-113|CG0235905|-88|-113|CG0235905|-88|-113|CG0235905|-88|-113|CG0235905|-88|-113|CG0235905|-88|-113
563|4|4|100|2|CG0242248|-30|-68|CG0242249|-22|-72
563|4|5|1000|26|CG0235892|-74|-100|CG0235892|-74|-100|CG0235893|-80|-108|CG0235893|-80|-108|CG0235894|-83|-158|CG0235894|-83|-158|CG0235894|-83|-158|CG0235894|-83|-158|CG0235895|-71|-169|CG0235895|-71|-169|CG0235895|-71|-169|CG0235895|-71|-169|CG0235896|-75|-153|CG0235896|-75|-153|CG0235896|-75|-153|CG0235896|-75|-153|CG0235896|-75|-153|CG0235896|-75|-153|CG0235897|-34|-85|CG0235897|-34|-85|CG0235898|-49|-99|CG0235898|-49|-99|CG0235898|-49|-99|CG0235898|-49|-99|CG0235899|-53|-103|CG0235899|-53|-103
563|4|6|2000|21|CG0235915|-93|-123|CG0235916|-56|-108|CG0235917|-33|-98|CG0235917|-33|-98|CG0235917|-33|-98|CG0235917|-33|-98|CG0235917|-33|-98|CG0235917|-33|-98|CG0235917|-33|-98|CG0235917|-33|-98|CG0235917|-33|-98|CG0235917|-33|-98|CG0235917|-33|-98|CG0235917|-33|-98|CG0235917|-33|-98|CG0235917|-33|-98|CG0235917|-33|-98|CG0235917|-33|-98|CG0235918|-34|-111|CG0235919|-72|-175|CG0235920|-46|-166
563|4|7|986|7|CG0252963|-19|-74|CG0252964|-19|-72|CG0252965|-19|-71|CG0252951|-35|-72|CG0252952|-24|-57|CG0252952|-24|-57|CG0252953|-21|-66
563|4|8|1000|2|CG0235912|-20|-86|CG0235913|-98|-149
563|4|9|1000|1|CG0235914|-36|-124
563|4|10|1000|11|CG0235906|-54|-168|CG0235907|-52|-170|CG0235908|-41|-151|CG0235909|-57|-120|CG0235909|-57|-120|CG0235910|-57|-91|CG0235910|-57|-91|CG0235910|-57|-91|CG0235911|-64|-36|CG0235911|-64|-36|CG0235911|-64|-36
563|5|0|1100|6|CG0235962|-27|-159|CG0235963|-85|-129|CG0235964|-94|-97|CG0235965|-38|-98|CG0235966|-70|-97|CG0235967|-86|-94
563|5|1|1000|6|CG0235968|-39|-159|CG0235969|-83|-129|CG0235970|-95|-96|CG0235971|-26|-98|CG0235972|-54|-97|CG0235973|-90|-93
563|5|2|500|2|CG0237847|-21|-40|CG0237848|-21|-55
563|5|3|2000|31|CG0235941|-93|-98|CG0235942|-99|-102|CG0235943|-49|-144|CG0235944|-67|-130|CG0235945|-88|-110|CG0235946|-99|-98|CG0235946|-99|-98|CG0235946|-99|-98|CG0235946|-99|-98|CG0235946|-99|-98|CG0235946|-99|-98|CG0235946|-99|-98|CG0235946|-99|-98|CG0235946|-99|-98|CG0235946|-99|-98|CG0235946|-99|-98|CG0235946|-99|-98|CG0235946|-99|-98|CG0235946|-99|-98|CG0235946|-99|-98|CG0235946|-99|-98|CG0235946|-99|-98|CG0235946|-99|-98|CG0235946|-99|-98|CG0235946|-99|-98|CG0235946|-99|-98|CG0235946|-99|-98|CG0235946|-99|-98|CG0235946|-99|-98|CG0235946|-99|-98|CG0235946|-99|-98
563|5|4|100|2|CG0242293|-33|-59|CG0242294|-30|-70
563|5|5|1000|26|CG0235933|-87|-99|CG0235933|-87|-99|CG0235934|-94|-107|CG0235934|-94|-107|CG0235935|-84|-137|CG0235935|-84|-137|CG0235935|-84|-137|CG0235935|-84|-137|CG0235936|-55|-158|CG0235936|-55|-158|CG0235936|-55|-158|CG0235936|-55|-158|CG0235937|-90|-130|CG0235937|-90|-130|CG0235937|-90|-130|CG0235937|-90|-130|CG0235937|-90|-130|CG0235937|-90|-130|CG0235938|-49|-84|CG0235938|-49|-84|CG0235939|-23|-99|CG0235939|-23|-99|CG0235939|-23|-99|CG0235939|-23|-99|CG0235940|-92|-105|CG0235940|-92|-105
563|5|6|2000|21|CG0235956|-87|-116|CG0235957|-65|-104|CG0235958|-25|-96|CG0235958|-25|-96|CG0235958|-25|-96|CG0235958|-25|-96|CG0235958|-25|-96|CG0235958|-25|-96|CG0235958|-25|-96|CG0235958|-25|-96|CG0235958|-25|-96|CG0235958|-25|-96|CG0235958|-25|-96|CG0235958|-25|-96|CG0235958|-25|-96|CG0235958|-25|-96|CG0235958|-25|-96|CG0235958|-25|-96|CG0235959|-70|-109|CG0235960|-74|-165|CG0235961|-31|-159
563|5|7|986|7|CG0252985|-23|-73|CG0252986|-21|-72|CG0252987|-19|-71|CG0252973|-17|-76|CG0252974|-10|-50|CG0252974|-10|-50|CG0252975|-26|-63
563|5|8|1000|2|CG0235953|-47|-81|CG0235954|-61|-156
563|5|9|1000|1|CG0235955|-52|-122
563|5|10|1000|11|CG0235947|-80|-142|CG0235948|-57|-154|CG0235949|-36|-149|CG0235950|-52|-118|CG0235950|-52|-118|CG0235951|-60|-85|CG0235951|-60|-85|CG0235951|-60|-85|CG0235952|-75|-31|CG0235952|-75|-31|CG0235952|-75|-31
563|6|0|1100|6|CG0236003|-45|-166|CG0236004|-59|-155|CG0236005|-56|-100|CG0236006|-52|-102|CG0236007|-45|-101|CG0236008|-45|-100
563|6|1|1000|6|CG0236009|-45|-167|CG0236010|-57|-157|CG0236011|-58|-102|CG0236012|-46|-101|CG0236013|-46|-100|CG0236014|-48|-101
563|6|2|500|2|CG0237888|-24|-41|CG0237889|-25|-49
563|6|3|2000|31|CG0235982|-61|-110|CG0235983|-57|-118|CG0235984|-64|-159|CG0235985|-66|-151|CG0235986|-67|-136|CG0235987|-66|-116|CG0235987|-66|-116|CG0235987|-66|-116|CG0235987|-66|-116|CG0235987|-66|-116|CG0235987|-66|-116|CG0235987|-66|-116|CG0235987|-66|-116|CG0235987|-66|-116|CG0235987|-66|-116|CG0235987|-66|-116|CG0235987|-66|-116|CG0235987|-66|-116|CG0235987|-66|-116|CG0235987|-66|-116|CG0235987|-66|-116|CG0235987|-66|-116|CG0235987|-66|-116|CG0235987|-66|-116|CG0235987|-66|-116|CG0235987|-66|-116|CG0235987|-66|-116|CG0235987|-66|-116|CG0235987|-66|-116|CG0235987|-66|-116|CG0235987|-66|-116
563|6|4|100|2|CG0242338|-21|-67|CG0242339|-22|-72
563|6|5|1000|26|CG0235974|-52|-99|CG0235974|-52|-99|CG0235975|-54|-108|CG0235975|-54|-108|CG0235976|-38|-158|CG0235976|-38|-158|CG0235976|-38|-158|CG0235976|-38|-158|CG0235977|-23|-170|CG0235977|-23|-170|CG0235977|-23|-170|CG0235977|-23|-170|CG0235978|-52|-154|CG0235978|-52|-154|CG0235978|-52|-154|CG0235978|-52|-154|CG0235978|-52|-154|CG0235978|-52|-154|CG0235979|-90|-85|CG0235979|-90|-85|CG0235980|-55|-99|CG0235980|-55|-99|CG0235980|-55|-99|CG0235980|-55|-99|CG0235981|-76|-106|CG0235981|-76|-106
563|6|6|2000|21|CG0235997|-36|-122|CG0235998|-40|-107|CG0235999|-29|-98|CG0235999|-29|-98|CG0235999|-29|-98|CG0235999|-29|-98|CG0235999|-29|-98|CG0235999|-29|-98|CG0235999|-29|-98|CG0235999|-29|-98|CG0235999|-29|-98|CG0235999|-29|-98|CG0235999|-29|-98|CG0235999|-29|-98|CG0235999|-29|-98|CG0235999|-29|-98|CG0235999|-29|-98|CG0235999|-29|-98|CG0236000|-66|-111|CG0236001|-33|-175|CG0236002|-42|-166
563|6|7|986|7|CG0253007|-18|-74|CG0253008|-17|-73|CG0253009|-17|-73|CG0252995|-16|-77|CG0252996|-27|-48|CG0252996|-27|-48|CG0252997|-32|-63
563|6|8|1000|2|CG0235994|-81|-87|CG0235995|-20|-165
563|6|9|1000|1|CG0235996|-55|-125
563|6|10|1000|11|CG0235988|-59|-167|CG0235989|-32|-172|CG0235990|-25|-153|CG0235991|-36|-124|CG0235991|-36|-124|CG0235992|-59|-74|CG0235992|-59|-74|CG0235992|-59|-74|CG0235993|-53|-34|CG0235993|-53|-34|CG0235993|-53|-34
563|7|0|1100|6|CG0236044|-61|-170|CG0236045|-61|-166|CG0236046|-61|-111|CG0236047|-62|-113|CG0236048|-62|-112|CG0236049|-62|-109
563|7|1|1000|6|CG0236050|-62|-171|CG0236051|-62|-166|CG0236052|-62|-111|CG0236053|-63|-113|CG0236054|-62|-112|CG0236055|-63|-108
563|7|2|500|2|CG0237929|-33|-45|CG0237930|-19|-50
563|7|3|2000|31|CG0236023|-82|-115|CG0236024|-78|-126|CG0236025|-86|-163|CG0236026|-90|-159|CG0236027|-90|-144|CG0236028|-89|-123|CG0236028|-89|-123|CG0236028|-89|-123|CG0236028|-89|-123|CG0236028|-89|-123|CG0236028|-89|-123|CG0236028|-89|-123|CG0236028|-89|-123|CG0236028|-89|-123|CG0236028|-89|-123|CG0236028|-89|-123|CG0236028|-89|-123|CG0236028|-89|-123|CG0236028|-89|-123|CG0236028|-89|-123|CG0236028|-89|-123|CG0236028|-89|-123|CG0236028|-89|-123|CG0236028|-89|-123|CG0236028|-89|-123|CG0236028|-89|-123|CG0236028|-89|-123|CG0236028|-89|-123|CG0236028|-89|-123|CG0236028|-89|-123|CG0236028|-89|-123
563|7|4|100|2|CG0242383|-20|-70|CG0242384|-21|-75
563|7|5|1000|26|CG0236015|-57|-109|CG0236015|-57|-109|CG0236016|-39|-114|CG0236016|-39|-114|CG0236017|-26|-160|CG0236017|-26|-160|CG0236017|-26|-160|CG0236017|-26|-160|CG0236018|-27|-165|CG0236018|-27|-165|CG0236018|-27|-165|CG0236018|-27|-165|CG0236019|-45|-164|CG0236019|-45|-164|CG0236019|-45|-164|CG0236019|-45|-164|CG0236019|-45|-164|CG0236019|-45|-164|CG0236020|-81|-90|CG0236020|-81|-90|CG0236021|-72|-99|CG0236021|-72|-99|CG0236021|-72|-99|CG0236021|-72|-99|CG0236022|-48|-112|CG0236022|-48|-112
563|7|6|2000|21|CG0236038|-38|-122|CG0236039|-46|-117|CG0236040|-41|-105|CG0236040|-41|-105|CG0236040|-41|-105|CG0236040|-41|-105|CG0236040|-41|-105|CG0236040|-41|-105|CG0236040|-41|-105|CG0236040|-41|-105|CG0236040|-41|-105|CG0236040|-41|-105|CG0236040|-41|-105|CG0236040|-41|-105|CG0236040|-41|-105|CG0236040|-41|-105|CG0236040|-41|-105|CG0236040|-41|-105|CG0236041|-39|-114|CG0236042|-20|-175|CG0236043|-57|-170
563|7|7|986|7|CG0253029|-18|-74|CG0253030|-18|-74|CG0253031|-18|-74|CG0253017|-21|-72|CG0253018|-41|-54|CG0253018|-41|-54|CG0253019|-24|-67
563|7|8|1000|2|CG0236035|-68|-100|CG0236036|-18|-151
563|7|9|1000|1|CG0236037|-42|-133
563|7|10|1000|11|CG0236029|-53|-175|CG0236030|-36|-171|CG0236031|-30|-150|CG0236032|-54|-123|CG0236032|-54|-123|CG0236033|-77|-77|CG0236033|-77|-77|CG0236033|-77|-77|CG0236034|-84|-40|CG0236034|-84|-40|CG0236034|-84|-40
