567|0|0|8000|54|CG0237035|-42|-33|CG0237036|-42|-33|CG0237037|-42|-32|CG0237037|-42|-32|CG0237037|-42|-32|CG0237037|-42|-32|CG0237037|-42|-32|CG0237037|-42|-32|CG0237037|-42|-32|CG0237037|-42|-32|CG0237037|-42|-32|CG0237037|-42|-32|CG0237037|-42|-32|CG0237037|-42|-32|CG0237037|-42|-32|CG0237037|-42|-32|CG0237037|-42|-32|CG0237037|-42|-32|CG0237037|-42|-32|CG0237037|-42|-32|CG0237037|-42|-32|CG0237037|-42|-32|CG0237037|-42|-32|CG0237037|-42|-32|CG0237037|-42|-32|CG0237037|-42|-32|CG0237037|-42|-32|CG0237038|-42|-33|CG0237039|-42|-33|CG0237040|-42|-33|CG0237040|-42|-33|CG0237040|-42|-33|CG0237040|-42|-33|CG0237040|-42|-33|CG0237040|-42|-33|CG0237040|-42|-33|CG0237040|-42|-33|CG0237040|-42|-33|CG0237040|-42|-33|CG0237040|-42|-33|CG0237040|-42|-33|CG0237040|-42|-33|CG0237040|-42|-33|CG0237040|-42|-33|CG0237040|-42|-33|CG0237040|-42|-33|CG0237040|-42|-33|CG0237040|-42|-33|CG0237040|-42|-33|CG0237040|-42|-33|CG0237040|-42|-33|CG0237040|-42|-33|CG0237040|-42|-33|CG0237040|-42|-33
567|0|1|800|10|CG0237041|-37|-31|CG0237041|-37|-31|CG0237042|-44|-32|CG0237043|-47|-32|CG0237043|-47|-32|CG0237044|-42|-33|CG0237044|-42|-33|CG0237045|-39|-35|CG0237046|-39|-35|CG0237046|-39|-35
567|0|2|500|2|CG0237642|-36|-48|CG0237643|-27|-52
567|0|3|250|6|CG0237016|-31|-33|CG0237017|-35|-35|CG0237018|-39|-35|CG0237019|-42|-32|CG0237020|-37|-30|CG0237021|-34|-29
567|0|4|100|2|CG0242068|-20|-65|CG0242069|-24|-79
567|0|5|1000|22|CG0237008|-40|-34|CG0237008|-40|-34|CG0237008|-40|-34|CG0237009|-40|-36|CG0237009|-40|-36|CG0237009|-40|-36|CG0237009|-40|-36|CG0237010|-41|-47|CG0237010|-41|-47|CG0237010|-41|-47|CG0237011|-51|-78|CG0237011|-51|-78|CG0237012|-56|-69|CG0237012|-56|-69|CG0237012|-56|-69|CG0237013|-52|-49|CG0237013|-52|-49|CG0237014|-52|-39|CG0237014|-52|-39|CG0237014|-52|-39|CG0237015|-50|-37|CG0237015|-50|-37
567|0|6|2000|18|CG0237029|-40|-35|CG0237030|-39|-44|CG0237031|-33|-64|CG0237032|-34|-65|CG0237031|-33|-64|CG0237032|-34|-65|CG0237031|-33|-64|CG0237032|-34|-65|CG0237031|-33|-64|CG0237032|-34|-65|CG0237031|-33|-64|CG0237032|-34|-65|CG0237031|-33|-64|CG0237032|-34|-65|CG0237031|-33|-64|CG0237031|-33|-64|CG0237033|-36|-58|CG0237034|-42|-36
567|0|7|986|7|CG0252875|-18|-73|CG0252876|-22|-73|CG0252877|-23|-73|CG0252863|-17|-64|CG0252864|-34|-63|CG0252864|-34|-63|CG0252865|-22|-71
567|0|8|1000|2|CG0237026|-38|-40|CG0237027|-33|-66
567|0|9|1000|1|CG0237028|-33|-42
567|0|10|800|6|CG0237022|-43|-38|CG0237022|-43|-38|CG0237023|-41|-41|CG0237024|-47|-40|CG0237024|-47|-40|CG0237025|-51|-38
567|1|0|8000|54|CG0237074|-35|-34|CG0237075|-35|-34|CG0237076|-35|-34|CG0237076|-35|-34|CG0237076|-35|-34|CG0237076|-35|-34|CG0237076|-35|-34|CG0237076|-35|-34|CG0237076|-35|-34|CG0237076|-35|-34|CG0237076|-35|-34|CG0237076|-35|-34|CG0237076|-35|-34|CG0237076|-35|-34|CG0237076|-35|-34|CG0237076|-35|-34|CG0237076|-35|-34|CG0237076|-35|-34|CG0237076|-35|-34|CG0237076|-35|-34|CG0237076|-35|-34|CG0237076|-35|-34|CG0237076|-35|-34|CG0237076|-35|-34|CG0237076|-35|-34|CG0237076|-35|-34|CG0237076|-35|-34|CG0237077|-35|-34|CG0237078|-35|-34|CG0237079|-35|-34|CG0237079|-35|-34|CG0237079|-35|-34|CG0237079|-35|-34|CG0237079|-35|-34|CG0237079|-35|-34|CG0237079|-35|-34|CG0237079|-35|-34|CG0237079|-35|-34|CG0237079|-35|-34|CG0237079|-35|-34|CG0237079|-35|-34|CG0237079|-35|-34|CG0237079|-35|-34|CG0237079|-35|-34|CG0237079|-35|-34|CG0237079|-35|-34|CG0237079|-35|-34|CG0237079|-35|-34|CG0237079|-35|-34|CG0237079|-35|-34|CG0237079|-35|-34|CG0237079|-35|-34|CG0237079|-35|-34|CG0237079|-35|-34
567|1|1|800|10|CG0237080|-38|-34|CG0237080|-38|-34|CG0237081|-37|-34|CG0237082|-36|-34|CG0237082|-36|-34|CG0237083|-36|-34|CG0237083|-36|-34|CG0237084|-34|-34|CG0237085|-37|-34|CG0237085|-37|-34
567|1|2|500|2|CG0237683|-24|-50|CG0237684|-22|-51
567|1|3|250|6|CG0237055|-28|-34|CG0237056|-25|-34|CG0237057|-22|-34|CG0237058|-24|-34|CG0237059|-28|-34|CG0237060|-33|-34
567|1|4|100|2|CG0242113|-31|-54|CG0242114|-31|-81
567|1|5|1000|22|CG0237047|-36|-36|CG0237047|-36|-36|CG0237047|-36|-36|CG0237048|-36|-37|CG0237048|-36|-37|CG0237048|-36|-37|CG0237048|-36|-37|CG0237049|-36|-52|CG0237049|-36|-52|CG0237049|-36|-52|CG0237050|-34|-86|CG0237050|-34|-86|CG0237051|-38|-78|CG0237051|-38|-78|CG0237051|-38|-78|CG0237052|-37|-53|CG0237052|-37|-53|CG0237053|-32|-44|CG0237053|-32|-44|CG0237053|-32|-44|CG0237054|-33|-42|CG0237054|-33|-42
567|1|6|2000|18|CG0237068|-36|-40|CG0237069|-35|-48|CG0237070|-35|-67|CG0237071|-35|-68|CG0237070|-35|-67|CG0237071|-35|-68|CG0237070|-35|-67|CG0237071|-35|-68|CG0237070|-35|-67|CG0237071|-35|-68|CG0237070|-35|-67|CG0237071|-35|-68|CG0237070|-35|-67|CG0237071|-35|-68|CG0237070|-35|-67|CG0237070|-35|-67|CG0237072|-36|-63|CG0237073|-36|-38
567|1|7|986|7|CG0252897|-23|-72|CG0252898|-22|-72|CG0252899|-20|-72|CG0252885|-11|-60|CG0252886|-22|-70|CG0252886|-22|-70|CG0252887|-22|-73
567|1|8|1000|2|CG0237065|-31|-40|CG0237066|-30|-65
567|1|9|1000|1|CG0237067|-28|-44
567|1|10|800|6|CG0237061|-33|-41|CG0237061|-33|-41|CG0237062|-34|-44|CG0237063|-30|-44|CG0237063|-30|-44|CG0237064|-28|-45
567|2|0|8000|54|CG0237113|-43|-33|CG0237114|-33|-33|CG0237115|-31|-33|CG0237115|-31|-33|CG0237115|-31|-33|CG0237115|-31|-33|CG0237115|-31|-33|CG0237115|-31|-33|CG0237115|-31|-33|CG0237115|-31|-33|CG0237115|-31|-33|CG0237115|-31|-33|CG0237115|-31|-33|CG0237115|-31|-33|CG0237115|-31|-33|CG0237115|-31|-33|CG0237115|-31|-33|CG0237115|-31|-33|CG0237115|-31|-33|CG0237115|-31|-33|CG0237115|-31|-33|CG0237115|-31|-33|CG0237115|-31|-33|CG0237115|-31|-33|CG0237115|-31|-33|CG0237115|-31|-33|CG0237115|-31|-33|CG0237116|-33|-33|CG0237117|-45|-33|CG0237118|-44|-33|CG0237118|-44|-33|CG0237118|-44|-33|CG0237118|-44|-33|CG0237118|-44|-33|CG0237118|-44|-33|CG0237118|-44|-33|CG0237118|-44|-33|CG0237118|-44|-33|CG0237118|-44|-33|CG0237118|-44|-33|CG0237118|-44|-33|CG0237118|-44|-33|CG0237118|-44|-33|CG0237118|-44|-33|CG0237118|-44|-33|CG0237118|-44|-33|CG0237118|-44|-33|CG0237118|-44|-33|CG0237118|-44|-33|CG0237118|-44|-33|CG0237118|-44|-33|CG0237118|-44|-33|CG0237118|-44|-33|CG0237118|-44|-33
567|2|1|800|10|CG0237119|-44|-36|CG0237119|-44|-36|CG0237120|-45|-36|CG0237121|-41|-32|CG0237121|-41|-32|CG0237122|-36|-31|CG0237122|-36|-31|CG0237123|-44|-32|CG0237124|-45|-33|CG0237124|-45|-33
567|2|2|500|2|CG0237724|-16|-48|CG0237725|-19|-56
567|2|3|250|6|CG0237094|-52|-32|CG0237095|-54|-30|CG0237096|-52|-30|CG0237097|-48|-33|CG0237098|-47|-35|CG0237099|-48|-36
567|2|4|100|2|CG0242158|-33|-64|CG0242159|-22|-79
567|2|5|1000|22|CG0237086|-43|-35|CG0237086|-43|-35|CG0237086|-43|-35|CG0237087|-40|-36|CG0237087|-40|-36|CG0237087|-40|-36|CG0237087|-40|-36|CG0237088|-30|-47|CG0237088|-30|-47|CG0237088|-30|-47|CG0237089|-27|-78|CG0237089|-27|-78|CG0237090|-25|-69|CG0237090|-25|-69|CG0237090|-25|-69|CG0237091|-21|-50|CG0237091|-21|-50|CG0237092|-20|-39|CG0237092|-20|-39|CG0237092|-20|-39|CG0237093|-32|-38|CG0237093|-32|-38
567|2|6|2000|18|CG0237107|-43|-35|CG0237108|-42|-44|CG0237109|-41|-64|CG0237110|-41|-65|CG0237109|-41|-64|CG0237110|-41|-65|CG0237109|-41|-64|CG0237110|-41|-65|CG0237109|-41|-64|CG0237110|-41|-65|CG0237109|-41|-64|CG0237110|-41|-65|CG0237109|-41|-64|CG0237110|-41|-65|CG0237109|-41|-64|CG0237109|-41|-64|CG0237111|-38|-57|CG0237112|-40|-37
567|2|7|986|7|CG0252919|-18|-72|CG0252920|-13|-72|CG0252921|-10|-71|CG0252907|-29|-60|CG0252908|-24|-70|CG0252908|-24|-70|CG0252909|-26|-71
567|2|8|1000|2|CG0237104|-33|-39|CG0237105|-50|-61
567|2|9|1000|1|CG0237106|-28|-42
567|2|10|800|6|CG0237100|-40|-38|CG0237100|-40|-38|CG0237101|-33|-41|CG0237102|-40|-40|CG0237102|-40|-40|CG0237103|-40|-38
567|3|0|8000|54|CG0237152|-49|-30|CG0237153|-51|-31|CG0237154|-43|-31|CG0237154|-43|-31|CG0237154|-43|-31|CG0237154|-43|-31|CG0237154|-43|-31|CG0237154|-43|-31|CG0237154|-43|-31|CG0237154|-43|-31|CG0237154|-43|-31|CG0237154|-43|-31|CG0237154|-43|-31|CG0237154|-43|-31|CG0237154|-43|-31|CG0237154|-43|-31|CG0237154|-43|-31|CG0237154|-43|-31|CG0237154|-43|-31|CG0237154|-43|-31|CG0237154|-43|-31|CG0237154|-43|-31|CG0237154|-43|-31|CG0237154|-43|-31|CG0237154|-43|-31|CG0237154|-43|-31|CG0237154|-43|-31|CG0237155|-49|-31|CG0237156|-49|-30|CG0237157|-42|-31|CG0237157|-42|-31|CG0237157|-42|-31|CG0237157|-42|-31|CG0237157|-42|-31|CG0237157|-42|-31|CG0237157|-42|-31|CG0237157|-42|-31|CG0237157|-42|-31|CG0237157|-42|-31|CG0237157|-42|-31|CG0237157|-42|-31|CG0237157|-42|-31|CG0237157|-42|-31|CG0237157|-42|-31|CG0237157|-42|-31|CG0237157|-42|-31|CG0237157|-42|-31|CG0237157|-42|-31|CG0237157|-42|-31|CG0237157|-42|-31|CG0237157|-42|-31|CG0237157|-42|-31|CG0237157|-42|-31|CG0237157|-42|-31
567|3|1|800|10|CG0237158|-51|-35|CG0237158|-51|-35|CG0237159|-51|-33|CG0237160|-51|-35|CG0237160|-51|-35|CG0237161|-51|-35|CG0237161|-51|-35|CG0237162|-51|-31|CG0237163|-49|-32|CG0237163|-49|-32
567|3|2|500|2|CG0237765|-14|-45|CG0237766|-16|-57
567|3|3|250|6|CG0237133|-53|-30|CG0237134|-53|-27|CG0237135|-53|-25|CG0237136|-53|-30|CG0237137|-53|-33|CG0237138|-53|-34
567|3|4|100|2|CG0242203|-39|-71|CG0242204|-15|-75
567|3|5|1000|22|CG0237125|-51|-32|CG0237125|-51|-32|CG0237125|-51|-32|CG0237126|-48|-34|CG0237126|-48|-34|CG0237126|-48|-34|CG0237126|-48|-34|CG0237127|-37|-42|CG0237127|-37|-42|CG0237127|-37|-42|CG0237128|-29|-56|CG0237128|-29|-56|CG0237129|-27|-50|CG0237129|-27|-50|CG0237129|-27|-50|CG0237130|-18|-46|CG0237130|-18|-46|CG0237131|-24|-31|CG0237131|-24|-31|CG0237131|-24|-31|CG0237132|-36|-31|CG0237132|-36|-31
567|3|6|2000|18|CG0237146|-49|-33|CG0237147|-46|-37|CG0237148|-46|-54|CG0237149|-46|-54|CG0237148|-46|-54|CG0237149|-46|-54|CG0237148|-46|-54|CG0237149|-46|-54|CG0237148|-46|-54|CG0237149|-46|-54|CG0237148|-46|-54|CG0237149|-46|-54|CG0237148|-46|-54|CG0237149|-46|-54|CG0237148|-46|-54|CG0237148|-46|-54|CG0237150|-45|-43|CG0237151|-49|-34
567|3|7|986|7|CG0252941|-14|-72|CG0252942|-12|-72|CG0252943|-14|-71|CG0252929|-40|-65|CG0252930|-29|-66|CG0252930|-29|-66|CG0252931|-21|-69
567|3|8|1000|2|CG0237143|-42|-37|CG0237144|-51|-56
567|3|9|1000|1|CG0237145|-39|-42
567|3|10|800|6|CG0237139|-49|-34|CG0237139|-49|-34|CG0237140|-41|-33|CG0237141|-35|-31|CG0237141|-35|-31|CG0237142|-36|-28
567|4|0|8000|54|CG0237191|-32|-33|CG0237192|-40|-33|CG0237193|-43|-33|CG0237193|-43|-33|CG0237193|-43|-33|CG0237193|-43|-33|CG0237193|-43|-33|CG0237193|-43|-33|CG0237193|-43|-33|CG0237193|-43|-33|CG0237193|-43|-33|CG0237193|-43|-33|CG0237193|-43|-33|CG0237193|-43|-33|CG0237193|-43|-33|CG0237193|-43|-33|CG0237193|-43|-33|CG0237193|-43|-33|CG0237193|-43|-33|CG0237193|-43|-33|CG0237193|-43|-33|CG0237193|-43|-33|CG0237193|-43|-33|CG0237193|-43|-33|CG0237193|-43|-33|CG0237193|-43|-33|CG0237193|-43|-33|CG0237194|-38|-33|CG0237195|-32|-33|CG0237196|-32|-33|CG0237196|-32|-33|CG0237196|-32|-33|CG0237196|-32|-33|CG0237196|-32|-33|CG0237196|-32|-33|CG0237196|-32|-33|CG0237196|-32|-33|CG0237196|-32|-33|CG0237196|-32|-33|CG0237196|-32|-33|CG0237196|-32|-33|CG0237196|-32|-33|CG0237196|-32|-33|CG0237196|-32|-33|CG0237196|-32|-33|CG0237196|-32|-33|CG0237196|-32|-33|CG0237196|-32|-33|CG0237196|-32|-33|CG0237196|-32|-33|CG0237196|-32|-33|CG0237196|-32|-33|CG0237196|-32|-33|CG0237196|-32|-33
567|4|1|800|10|CG0237197|-40|-33|CG0237197|-40|-33|CG0237198|-43|-35|CG0237199|-43|-36|CG0237199|-43|-36|CG0237200|-37|-35|CG0237200|-37|-35|CG0237201|-46|-33|CG0237202|-44|-33|CG0237202|-44|-33
567|4|2|500|2|CG0237806|-17|-41|CG0237807|-19|-58
567|4|3|250|6|CG0237172|-47|-34|CG0237173|-45|-31|CG0237174|-47|-30|CG0237175|-51|-32|CG0237176|-53|-34|CG0237177|-51|-36
567|4|4|100|2|CG0242248|-30|-68|CG0242249|-22|-72
567|4|5|1000|22|CG0237164|-32|-35|CG0237164|-32|-35|CG0237164|-32|-35|CG0237165|-32|-33|CG0237165|-32|-33|CG0237165|-32|-33|CG0237165|-32|-33|CG0237166|-31|-39|CG0237166|-31|-39|CG0237166|-31|-39|CG0237167|-28|-42|CG0237167|-28|-42|CG0237168|-26|-53|CG0237168|-26|-53|CG0237168|-26|-53|CG0237169|-22|-52|CG0237169|-22|-52|CG0237170|-17|-37|CG0237170|-17|-37|CG0237170|-17|-37|CG0237171|-21|-29|CG0237171|-21|-29
567|4|6|2000|18|CG0237185|-32|-34|CG0237186|-32|-37|CG0237187|-32|-44|CG0237188|-32|-44|CG0237187|-32|-44|CG0237188|-32|-44|CG0237187|-32|-44|CG0237188|-32|-44|CG0237187|-32|-44|CG0237188|-32|-44|CG0237187|-32|-44|CG0237188|-32|-44|CG0237187|-32|-44|CG0237188|-32|-44|CG0237187|-32|-44|CG0237187|-32|-44|CG0237189|-32|-43|CG0237190|-32|-36
567|4|7|986|7|CG0252963|-19|-74|CG0252964|-19|-72|CG0252965|-19|-71|CG0252951|-35|-72|CG0252952|-24|-57|CG0252952|-24|-57|CG0252953|-21|-66
567|4|8|1000|2|CG0237182|-33|-40|CG0237183|-38|-52
567|4|9|1000|1|CG0237184|-27|-46
567|4|10|800|6|CG0237178|-30|-34|CG0237178|-30|-34|CG0237179|-34|-33|CG0237180|-40|-27|CG0237180|-40|-27|CG0237181|-40|-23
567|5|0|8000|54|CG0237230|-35|-35|CG0237231|-35|-35|CG0237232|-35|-35|CG0237232|-35|-35|CG0237232|-35|-35|CG0237232|-35|-35|CG0237232|-35|-35|CG0237232|-35|-35|CG0237232|-35|-35|CG0237232|-35|-35|CG0237232|-35|-35|CG0237232|-35|-35|CG0237232|-35|-35|CG0237232|-35|-35|CG0237232|-35|-35|CG0237232|-35|-35|CG0237232|-35|-35|CG0237232|-35|-35|CG0237232|-35|-35|CG0237232|-35|-35|CG0237232|-35|-35|CG0237232|-35|-35|CG0237232|-35|-35|CG0237232|-35|-35|CG0237232|-35|-35|CG0237232|-35|-35|CG0237232|-35|-35|CG0237233|-35|-35|CG0237234|-35|-35|CG0237235|-35|-35|CG0237235|-35|-35|CG0237235|-35|-35|CG0237235|-35|-35|CG0237235|-35|-35|CG0237235|-35|-35|CG0237235|-35|-35|CG0237235|-35|-35|CG0237235|-35|-35|CG0237235|-35|-35|CG0237235|-35|-35|CG0237235|-35|-35|CG0237235|-35|-35|CG0237235|-35|-35|CG0237235|-35|-35|CG0237235|-35|-35|CG0237235|-35|-35|CG0237235|-35|-35|CG0237235|-35|-35|CG0237235|-35|-35|CG0237235|-35|-35|CG0237235|-35|-35|CG0237235|-35|-35|CG0237235|-35|-35|CG0237235|-35|-35
567|5|1|800|10|CG0237236|-36|-34|CG0237236|-36|-34|CG0237237|-36|-35|CG0237238|-35|-35|CG0237238|-35|-35|CG0237239|-36|-34|CG0237239|-36|-34|CG0237240|-36|-35|CG0237241|-36|-34|CG0237241|-36|-34
567|5|2|500|2|CG0237847|-21|-40|CG0237848|-21|-55
567|5|3|250|6|CG0237211|-24|-35|CG0237212|-31|-35|CG0237213|-33|-35|CG0237214|-28|-35|CG0237215|-24|-35|CG0237216|-22|-35
567|5|4|100|2|CG0242293|-33|-59|CG0242294|-30|-70
567|5|5|1000|22|CG0237203|-35|-37|CG0237203|-35|-37|CG0237203|-35|-37|CG0237204|-36|-34|CG0237204|-36|-34|CG0237204|-36|-34|CG0237204|-36|-34|CG0237205|-35|-38|CG0237205|-35|-38|CG0237205|-35|-38|CG0237206|-34|-44|CG0237206|-34|-44|CG0237207|-38|-54|CG0237207|-38|-54|CG0237207|-38|-54|CG0237208|-38|-52|CG0237208|-38|-52|CG0237209|-34|-39|CG0237209|-34|-39|CG0237209|-34|-39|CG0237210|-34|-32|CG0237210|-34|-32
567|5|6|2000|18|CG0237224|-35|-36|CG0237225|-35|-40|CG0237226|-35|-46|CG0237227|-35|-45|CG0237226|-35|-46|CG0237227|-35|-45|CG0237226|-35|-46|CG0237227|-35|-45|CG0237226|-35|-46|CG0237227|-35|-45|CG0237226|-35|-46|CG0237227|-35|-45|CG0237226|-35|-46|CG0237227|-35|-45|CG0237226|-35|-46|CG0237226|-35|-46|CG0237228|-35|-44|CG0237229|-35|-39
567|5|7|986|7|CG0252985|-23|-73|CG0252986|-21|-72|CG0252987|-19|-71|CG0252973|-17|-76|CG0252974|-10|-50|CG0252974|-10|-50|CG0252975|-26|-63
567|5|8|1000|2|CG0237221|-28|-43|CG0237222|-31|-53
567|5|9|1000|1|CG0237223|-28|-47
567|5|10|800|6|CG0237217|-33|-37|CG0237217|-33|-37|CG0237218|-33|-34|CG0237219|-30|-26|CG0237219|-30|-26|CG0237220|-29|-22
567|6|0|8000|54|CG0237269|-42|-33|CG0237270|-42|-33|CG0237271|-42|-33|CG0237271|-42|-33|CG0237271|-42|-33|CG0237271|-42|-33|CG0237271|-42|-33|CG0237271|-42|-33|CG0237271|-42|-33|CG0237271|-42|-33|CG0237271|-42|-33|CG0237271|-42|-33|CG0237271|-42|-33|CG0237271|-42|-33|CG0237271|-42|-33|CG0237271|-42|-33|CG0237271|-42|-33|CG0237271|-42|-33|CG0237271|-42|-33|CG0237271|-42|-33|CG0237271|-42|-33|CG0237271|-42|-33|CG0237271|-42|-33|CG0237271|-42|-33|CG0237271|-42|-33|CG0237271|-42|-33|CG0237271|-42|-33|CG0237272|-42|-33|CG0237273|-42|-33|CG0237274|-42|-33|CG0237274|-42|-33|CG0237274|-42|-33|CG0237274|-42|-33|CG0237274|-42|-33|CG0237274|-42|-33|CG0237274|-42|-33|CG0237274|-42|-33|CG0237274|-42|-33|CG0237274|-42|-33|CG0237274|-42|-33|CG0237274|-42|-33|CG0237274|-42|-33|CG0237274|-42|-33|CG0237274|-42|-33|CG0237274|-42|-33|CG0237274|-42|-33|CG0237274|-42|-33|CG0237274|-42|-33|CG0237274|-42|-33|CG0237274|-42|-33|CG0237274|-42|-33|CG0237274|-42|-33|CG0237274|-42|-33|CG0237274|-42|-33
567|6|1|800|10|CG0237275|-47|-35|CG0237275|-47|-35|CG0237276|-42|-35|CG0237277|-40|-33|CG0237277|-40|-33|CG0237278|-39|-33|CG0237278|-39|-33|CG0237279|-41|-34|CG0237280|-46|-33|CG0237280|-46|-33
567|6|2|500|2|CG0237888|-24|-41|CG0237889|-25|-49
567|6|3|250|6|CG0237250|-42|-32|CG0237251|-40|-34|CG0237252|-36|-36|CG0237253|-32|-34|CG0237254|-36|-32|CG0237255|-40|-30
567|6|4|100|2|CG0242338|-21|-67|CG0242339|-22|-72
567|6|5|1000|22|CG0237242|-41|-35|CG0237242|-41|-35|CG0237242|-41|-35|CG0237243|-40|-32|CG0237243|-40|-32|CG0237243|-40|-32|CG0237243|-40|-32|CG0237244|-43|-39|CG0237244|-43|-39|CG0237244|-43|-39|CG0237245|-55|-41|CG0237245|-55|-41|CG0237246|-57|-51|CG0237246|-57|-51|CG0237246|-57|-51|CG0237247|-55|-48|CG0237247|-55|-48|CG0237248|-52|-33|CG0237248|-52|-33|CG0237248|-52|-33|CG0237249|-51|-29|CG0237249|-51|-29
567|6|6|2000|18|CG0237263|-39|-34|CG0237264|-38|-37|CG0237265|-33|-44|CG0237266|-33|-43|CG0237265|-33|-44|CG0237266|-33|-43|CG0237265|-33|-44|CG0237266|-33|-43|CG0237265|-33|-44|CG0237266|-33|-43|CG0237265|-33|-44|CG0237266|-33|-43|CG0237265|-33|-44|CG0237266|-33|-43|CG0237265|-33|-44|CG0237265|-33|-44|CG0237267|-37|-43|CG0237268|-43|-36
567|6|7|986|7|CG0253007|-18|-74|CG0253008|-17|-73|CG0253009|-17|-73|CG0252995|-16|-77|CG0252996|-27|-48|CG0252996|-27|-48|CG0252997|-32|-63
567|6|8|1000|2|CG0237260|-45|-41|CG0237261|-32|-58
567|6|9|1000|1|CG0237262|-34|-46
567|6|10|800|6|CG0237256|-43|-34|CG0237256|-43|-34|CG0237257|-44|-33|CG0237258|-50|-27|CG0237258|-50|-27|CG0237259|-55|-24
567|7|0|8000|54|CG0237308|-49|-31|CG0237309|-49|-31|CG0237310|-49|-30|CG0237310|-49|-30|CG0237310|-49|-30|CG0237310|-49|-30|CG0237310|-49|-30|CG0237310|-49|-30|CG0237310|-49|-30|CG0237310|-49|-30|CG0237310|-49|-30|CG0237310|-49|-30|CG0237310|-49|-30|CG0237310|-49|-30|CG0237310|-49|-30|CG0237310|-49|-30|CG0237310|-49|-30|CG0237310|-49|-30|CG0237310|-49|-30|CG0237310|-49|-30|CG0237310|-49|-30|CG0237310|-49|-30|CG0237310|-49|-30|CG0237310|-49|-30|CG0237310|-49|-30|CG0237310|-49|-30|CG0237310|-49|-30|CG0237311|-49|-31|CG0237312|-49|-31|CG0237313|-49|-31|CG0237313|-49|-31|CG0237313|-49|-31|CG0237313|-49|-31|CG0237313|-49|-31|CG0237313|-49|-31|CG0237313|-49|-31|CG0237313|-49|-31|CG0237313|-49|-31|CG0237313|-49|-31|CG0237313|-49|-31|CG0237313|-49|-31|CG0237313|-49|-31|CG0237313|-49|-31|CG0237313|-49|-31|CG0237313|-49|-31|CG0237313|-49|-31|CG0237313|-49|-31|CG0237313|-49|-31|CG0237313|-49|-31|CG0237313|-49|-31|CG0237313|-49|-31|CG0237313|-49|-31|CG0237313|-49|-31|CG0237313|-49|-31
567|7|1|800|10|CG0237314|-49|-34|CG0237314|-49|-34|CG0237315|-48|-35|CG0237316|-48|-31|CG0237316|-48|-31|CG0237317|-48|-33|CG0237317|-48|-33|CG0237318|-48|-33|CG0237319|-48|-32|CG0237319|-48|-32
567|7|2|500|2|CG0237929|-33|-45|CG0237930|-19|-50
567|7|3|250|6|CG0237289|-48|-30|CG0237290|-49|-33|CG0237291|-49|-33|CG0237292|-49|-30|CG0237293|-48|-27|CG0237294|-49|-25
567|7|4|100|2|CG0242383|-20|-70|CG0242384|-21|-75
567|7|5|1000|22|CG0237281|-46|-32|CG0237281|-46|-32|CG0237281|-46|-32|CG0237282|-47|-34|CG0237282|-47|-34|CG0237282|-47|-34|CG0237282|-47|-34|CG0237283|-56|-42|CG0237283|-56|-42|CG0237283|-56|-42|CG0237284|-72|-56|CG0237284|-72|-56|CG0237285|-72|-50|CG0237285|-72|-50|CG0237285|-72|-50|CG0237286|-72|-44|CG0237286|-72|-44|CG0237287|-68|-31|CG0237287|-68|-31|CG0237287|-68|-31|CG0237288|-63|-31|CG0237288|-63|-31
567|7|6|2000|18|CG0237302|-48|-33|CG0237303|-44|-37|CG0237304|-42|-53|CG0237305|-37|-54|CG0237304|-42|-53|CG0237305|-37|-54|CG0237304|-42|-53|CG0237305|-37|-54|CG0237304|-42|-53|CG0237305|-37|-54|CG0237304|-42|-53|CG0237305|-37|-54|CG0237304|-42|-53|CG0237305|-37|-54|CG0237304|-42|-53|CG0237304|-42|-53|CG0237306|-48|-44|CG0237307|-42|-34
567|7|7|986|7|CG0253029|-18|-74|CG0253030|-18|-74|CG0253031|-18|-74|CG0253017|-21|-72|CG0253018|-41|-54|CG0253018|-41|-54|CG0253019|-24|-67
567|7|8|1000|2|CG0237299|-47|-38|CG0237300|-28|-63
567|7|9|1000|1|CG0237301|-39|-42
567|7|10|800|6|CG0237295|-52|-34|CG0237295|-52|-34|CG0237296|-56|-33|CG0237297|-65|-31|CG0237297|-65|-31|CG0237298|-71|-28
