557|0|0|1200|6|CG0233858|-52|-112|CG0233859|-52|-113|CG0233860|-52|-112|CG0233861|-53|-109|CG0233862|-52|-107|CG0233863|-52|-108
557|0|1|1000|6|CG0233864|-52|-104|CG0233865|-54|-102|CG0233866|-56|-103|CG0233867|-52|-103|CG0233868|-54|-106|CG0233869|-61|-108
557|0|2|500|2|CG0237642|-36|-48|CG0237643|-27|-52
557|0|3|600|6|CG0233840|-73|-116|CG0233841|-73|-117|CG0233842|-68|-120|CG0233843|-67|-112|CG0233844|-65|-116|CG0233845|-70|-118
557|0|4|100|2|CG0242068|-20|-65|CG0242069|-24|-79
557|0|5|1500|28|CG0233832|-59|-120|CG0233832|-59|-120|CG0233832|-59|-120|CG0233832|-59|-120|CG0233832|-59|-120|CG0233832|-59|-120|CG0233833|-65|-133|CG0233833|-65|-133|CG0233834|-81|-122|CG0233834|-81|-122|CG0233834|-81|-122|CG0233834|-81|-122|CG0233835|-82|-122|CG0233835|-82|-122|CG0233836|-117|-107|CG0233836|-117|-107|CG0233836|-117|-107|CG0233836|-117|-107|CG0233836|-117|-107|CG0233836|-117|-107|CG0233837|-111|-108|CG0233837|-111|-108|CG0233838|-68|-107|CG0233838|-68|-107|CG0233838|-68|-107|CG0233838|-68|-107|CG0233839|-70|-118|CG0233839|-70|-118
557|0|6|2000|13|CG0233861|-53|-109|CG0233862|-52|-107|CG0233863|-52|-108|CG0233863|-52|-108|CG0233861|-53|-109|CG0233862|-52|-107|CG0233863|-52|-108|CG0233863|-52|-108|CG0233861|-53|-109|CG0233862|-52|-107|CG0233855|-49|-100|CG0233856|-49|-101|CG0233857|-49|-113
557|0|7|986|7|CG0252875|-18|-73|CG0252876|-22|-73|CG0252877|-23|-73|CG0252863|-17|-64|CG0252864|-34|-63|CG0252864|-34|-63|CG0252865|-22|-71
557|0|8|1000|2|CG0233852|-51|-94|CG0233853|-49|-83
557|0|9|1000|1|CG0233854|-53|-95
557|0|10|800|6|CG0233846|-47|-105|CG0233847|-44|-85|CG0233848|-41|-75|CG0233849|-33|-68|CG0233850|-36|-62|CG0233851|-47|-53
557|1|0|1200|6|CG0233896|-29|-111|CG0233897|-29|-113|CG0233898|-29|-112|CG0233899|-29|-109|CG0233900|-29|-106|CG0233901|-29|-108
557|1|1|1000|6|CG0233902|-51|-106|CG0233903|-53|-106|CG0233904|-56|-109|CG0233905|-54|-107|CG0233906|-50|-106|CG0233907|-48|-108
557|1|2|500|2|CG0237683|-24|-50|CG0237684|-22|-51
557|1|3|600|6|CG0233878|-34|-121|CG0233879|-36|-121|CG0233880|-31|-124|CG0233881|-27|-116|CG0233882|-26|-120|CG0233883|-28|-122
557|1|4|100|2|CG0242113|-31|-54|CG0242114|-31|-81
557|1|5|1500|28|CG0233870|-30|-111|CG0233870|-30|-111|CG0233870|-30|-111|CG0233870|-30|-111|CG0233870|-30|-111|CG0233870|-30|-111|CG0233871|-28|-117|CG0233871|-28|-117|CG0233872|-34|-107|CG0233872|-34|-107|CG0233872|-34|-107|CG0233872|-34|-107|CG0233873|-36|-106|CG0233873|-36|-106|CG0233874|-73|-108|CG0233874|-73|-108|CG0233874|-73|-108|CG0233874|-73|-108|CG0233874|-73|-108|CG0233874|-73|-108|CG0233875|-70|-108|CG0233875|-70|-108|CG0233876|-43|-111|CG0233876|-43|-111|CG0233876|-43|-111|CG0233876|-43|-111|CG0233877|-26|-107|CG0233877|-26|-107
557|1|6|2000|13|CG0233899|-29|-109|CG0233900|-29|-106|CG0233901|-29|-108|CG0233901|-29|-108|CG0233899|-29|-109|CG0233900|-29|-106|CG0233901|-29|-108|CG0233901|-29|-108|CG0233899|-29|-109|CG0233900|-29|-106|CG0233893|-44|-101|CG0233894|-42|-102|CG0233895|-37|-122
557|1|7|986|7|CG0252897|-23|-72|CG0252898|-22|-72|CG0252899|-20|-72|CG0252885|-11|-60|CG0252886|-22|-70|CG0252886|-22|-70|CG0252887|-22|-73
557|1|8|1000|2|CG0233890|-52|-98|CG0233891|-49|-76
557|1|9|1000|1|CG0233892|-32|-98
557|1|10|800|6|CG0233884|-38|-95|CG0233885|-43|-72|CG0233886|-47|-57|CG0233887|-64|-63|CG0233888|-62|-56|CG0233889|-60|-35
557|2|0|1200|6|CG0233934|-18|-106|CG0233935|-18|-107|CG0233936|-18|-107|CG0233937|-18|-105|CG0233938|-18|-102|CG0233939|-18|-103
557|2|1|1000|6|CG0233940|-56|-103|CG0233941|-55|-105|CG0233942|-43|-108|CG0233943|-42|-105|CG0233944|-43|-101|CG0233945|-58|-102
557|2|2|500|2|CG0237724|-16|-48|CG0237725|-19|-56
557|2|3|600|6|CG0233916|-47|-114|CG0233917|-49|-116|CG0233918|-45|-118|CG0233919|-51|-112|CG0233920|-49|-117|CG0233921|-46|-117
557|2|4|100|2|CG0242158|-33|-64|CG0242159|-22|-79
557|2|5|1500|28|CG0233908|-37|-99|CG0233908|-37|-99|CG0233908|-37|-99|CG0233908|-37|-99|CG0233908|-37|-99|CG0233908|-37|-99|CG0233909|-31|-103|CG0233909|-31|-103|CG0233910|-20|-107|CG0233910|-20|-107|CG0233910|-20|-107|CG0233910|-20|-107|CG0233911|-21|-106|CG0233911|-21|-106|CG0233912|-42|-111|CG0233912|-42|-111|CG0233912|-42|-111|CG0233912|-42|-111|CG0233912|-42|-111|CG0233912|-42|-111|CG0233913|-46|-102|CG0233913|-46|-102|CG0233914|-45|-107|CG0233914|-45|-107|CG0233914|-45|-107|CG0233914|-45|-107|CG0233915|-16|-100|CG0233915|-16|-100
557|2|6|2000|13|CG0233937|-18|-105|CG0233938|-18|-102|CG0233939|-18|-103|CG0233939|-18|-103|CG0233937|-18|-105|CG0233938|-18|-102|CG0233939|-18|-103|CG0233939|-18|-103|CG0233937|-18|-105|CG0233938|-18|-102|CG0233931|-32|-97|CG0233932|-31|-99|CG0233933|-35|-119
557|2|7|986|7|CG0252919|-18|-72|CG0252920|-13|-72|CG0252921|-10|-71|CG0252907|-29|-60|CG0252908|-24|-70|CG0252908|-24|-70|CG0252909|-26|-71
557|2|8|1000|2|CG0233928|-43|-98|CG0233929|-52|-71
557|2|9|1000|1|CG0233930|-31|-94
557|2|10|800|6|CG0233922|-35|-84|CG0233923|-35|-69|CG0233924|-59|-62|CG0233925|-78|-70|CG0233926|-80|-61|CG0233927|-82|-36
557|3|0|1200|6|CG0233972|-40|-99|CG0233973|-40|-100|CG0233974|-40|-100|CG0233975|-41|-99|CG0233976|-41|-97|CG0233977|-41|-98
557|3|1|1000|6|CG0233978|-65|-97|CG0233979|-69|-100|CG0233980|-69|-102|CG0233981|-69|-99|CG0233982|-68|-95|CG0233983|-66|-93
557|3|2|500|2|CG0237765|-14|-45|CG0237766|-16|-57
557|3|3|600|6|CG0233954|-60|-101|CG0233955|-63|-105|CG0233956|-60|-106|CG0233957|-61|-102|CG0233958|-63|-108|CG0233959|-61|-105
557|3|4|100|2|CG0242203|-39|-71|CG0242204|-15|-75
557|3|5|1500|28|CG0233946|-56|-97|CG0233946|-56|-97|CG0233946|-56|-97|CG0233946|-56|-97|CG0233946|-56|-97|CG0233946|-56|-97|CG0233947|-48|-101|CG0233947|-48|-101|CG0233948|-40|-105|CG0233948|-40|-105|CG0233948|-40|-105|CG0233948|-40|-105|CG0233949|-42|-100|CG0233949|-42|-100|CG0233950|-32|-88|CG0233950|-32|-88|CG0233950|-32|-88|CG0233950|-32|-88|CG0233950|-32|-88|CG0233950|-32|-88|CG0233951|-20|-90|CG0233951|-20|-90|CG0233952|-22|-99|CG0233952|-22|-99|CG0233952|-22|-99|CG0233952|-22|-99|CG0233953|-40|-92|CG0233953|-40|-92
557|3|6|2000|13|CG0233975|-41|-99|CG0233976|-41|-97|CG0233977|-41|-98|CG0233977|-41|-98|CG0233975|-41|-99|CG0233976|-41|-97|CG0233977|-41|-98|CG0233977|-41|-98|CG0233975|-41|-99|CG0233976|-41|-97|CG0233969|-58|-90|CG0233970|-56|-93|CG0233971|-53|-105
557|3|7|986|7|CG0252941|-14|-72|CG0252942|-12|-72|CG0252943|-14|-71|CG0252929|-40|-65|CG0252930|-29|-66|CG0252930|-29|-66|CG0252931|-21|-69
557|3|8|1000|2|CG0233966|-65|-92|CG0233967|-71|-73
557|3|9|1000|1|CG0233968|-36|-87
557|3|10|800|6|CG0233960|-63|-87|CG0233961|-50|-78|CG0233962|-83|-72|CG0233963|-98|-72|CG0233964|-102|-62|CG0233965|-101|-48
557|4|0|1200|6|CG0234010|-46|-96|CG0234011|-46|-97|CG0234012|-46|-97|CG0234013|-46|-96|CG0234014|-47|-96|CG0234015|-47|-96
557|4|1|1000|6|CG0234016|-48|-92|CG0234017|-47|-96|CG0234018|-54|-95|CG0234019|-55|-95|CG0234020|-53|-92|CG0234021|-42|-88
557|4|2|500|2|CG0237806|-17|-41|CG0237807|-19|-58
557|4|3|600|6|CG0233992|-73|-89|CG0233993|-68|-97|CG0233994|-67|-95|CG0233995|-75|-93|CG0233996|-78|-100|CG0233997|-64|-94
557|4|4|100|2|CG0242248|-30|-68|CG0242249|-22|-72
557|4|5|1500|28|CG0233984|-42|-95|CG0233984|-42|-95|CG0233984|-42|-95|CG0233984|-42|-95|CG0233984|-42|-95|CG0233984|-42|-95|CG0233985|-40|-104|CG0233985|-40|-104|CG0233986|-45|-119|CG0233986|-45|-119|CG0233986|-45|-119|CG0233986|-45|-119|CG0233987|-66|-101|CG0233987|-66|-101|CG0233988|-23|-78|CG0233988|-23|-78|CG0233988|-23|-78|CG0233988|-23|-78|CG0233988|-23|-78|CG0233988|-23|-78|CG0233989|-18|-82|CG0233989|-18|-82|CG0233990|-51|-92|CG0233990|-51|-92|CG0233990|-51|-92|CG0233990|-51|-92|CG0233991|-48|-85|CG0233991|-48|-85
557|4|6|2000|13|CG0234013|-46|-96|CG0234014|-47|-96|CG0234015|-47|-96|CG0234015|-47|-96|CG0234013|-46|-96|CG0234014|-47|-96|CG0234015|-47|-96|CG0234015|-47|-96|CG0234013|-46|-96|CG0234014|-47|-96|CG0234007|-53|-86|CG0234008|-51|-90|CG0234009|-50|-97
557|4|7|986|7|CG0252963|-19|-74|CG0252964|-19|-72|CG0252965|-19|-71|CG0252951|-35|-72|CG0252952|-24|-57|CG0252952|-24|-57|CG0252953|-21|-66
557|4|8|1000|2|CG0234004|-59|-86|CG0234005|-50|-88
557|4|9|1000|1|CG0234006|-35|-83
557|4|10|800|6|CG0233998|-54|-93|CG0233999|-40|-90|CG0234000|-61|-91|CG0234001|-73|-91|CG0234002|-82|-63|CG0234003|-95|-62
557|5|0|1200|6|CG0234048|-62|-98|CG0234049|-65|-99|CG0234050|-63|-99|CG0234051|-61|-99|CG0234052|-60|-98|CG0234053|-61|-98
557|5|1|1000|6|CG0234054|-63|-92|CG0234055|-65|-95|CG0234056|-66|-92|CG0234057|-67|-93|CG0234058|-65|-94|CG0234059|-63|-90
557|5|2|500|2|CG0237847|-21|-40|CG0237848|-21|-55
557|5|3|600|6|CG0234030|-89|-86|CG0234031|-88|-94|CG0234032|-88|-92|CG0234033|-87|-90|CG0234034|-85|-96|CG0234035|-86|-91
557|5|4|100|2|CG0242293|-33|-59|CG0242294|-30|-70
557|5|5|1500|28|CG0234022|-71|-94|CG0234022|-71|-94|CG0234022|-71|-94|CG0234022|-71|-94|CG0234022|-71|-94|CG0234022|-71|-94|CG0234023|-62|-118|CG0234023|-62|-118|CG0234024|-53|-134|CG0234024|-53|-134|CG0234024|-53|-134|CG0234024|-53|-134|CG0234025|-67|-123|CG0234025|-67|-123|CG0234026|-30|-79|CG0234026|-30|-79|CG0234026|-30|-79|CG0234026|-30|-79|CG0234026|-30|-79|CG0234026|-30|-79|CG0234027|-30|-83|CG0234027|-30|-83|CG0234028|-96|-87|CG0234028|-96|-87|CG0234028|-96|-87|CG0234028|-96|-87|CG0234029|-88|-83|CG0234029|-88|-83
557|5|6|2000|13|CG0234051|-61|-99|CG0234052|-60|-98|CG0234053|-61|-98|CG0234053|-61|-98|CG0234051|-61|-99|CG0234052|-60|-98|CG0234053|-61|-98|CG0234053|-61|-98|CG0234051|-61|-99|CG0234052|-60|-98|CG0234045|-39|-87|CG0234046|-51|-90|CG0234047|-49|-99
557|5|7|986|7|CG0252985|-23|-73|CG0252986|-21|-72|CG0252987|-19|-71|CG0252973|-17|-76|CG0252974|-10|-50|CG0252974|-10|-50|CG0252975|-26|-63
557|5|8|1000|2|CG0234042|-61|-85|CG0234043|-70|-97
557|5|9|1000|1|CG0234044|-33|-83
557|5|10|800|6|CG0234036|-51|-99|CG0234037|-53|-97|CG0234038|-64|-102|CG0234039|-67|-97|CG0234040|-64|-79|CG0234041|-71|-76
557|6|0|1200|6|CG0234086|-73|-102|CG0234087|-73|-103|CG0234088|-73|-103|CG0234089|-73|-102|CG0234090|-74|-101|CG0234091|-73|-101
557|6|1|1000|6|CG0234092|-66|-93|CG0234093|-71|-94|CG0234094|-75|-91|CG0234095|-68|-93|CG0234096|-62|-97|CG0234097|-60|-94
557|6|2|500|2|CG0237888|-24|-41|CG0237889|-25|-49
557|6|3|600|6|CG0234068|-65|-92|CG0234069|-66|-98|CG0234070|-68|-97|CG0234071|-61|-93|CG0234072|-55|-99|CG0234073|-69|-96
557|6|4|100|2|CG0242338|-21|-67|CG0242339|-22|-72
557|6|5|1500|28|CG0234060|-88|-93|CG0234060|-88|-93|CG0234060|-88|-93|CG0234060|-88|-93|CG0234060|-88|-93|CG0234060|-88|-93|CG0234061|-54|-132|CG0234061|-54|-132|CG0234062|-59|-138|CG0234062|-59|-138|CG0234062|-59|-138|CG0234062|-59|-138|CG0234063|-57|-136|CG0234063|-57|-136|CG0234064|-44|-87|CG0234064|-44|-87|CG0234064|-44|-87|CG0234064|-44|-87|CG0234064|-44|-87|CG0234064|-44|-87|CG0234065|-46|-91|CG0234065|-46|-91|CG0234066|-107|-89|CG0234066|-107|-89|CG0234066|-107|-89|CG0234066|-107|-89|CG0234067|-95|-87|CG0234067|-95|-87
557|6|6|2000|13|CG0234089|-73|-102|CG0234090|-74|-101|CG0234091|-73|-101|CG0234091|-73|-101|CG0234089|-73|-102|CG0234090|-74|-101|CG0234091|-73|-101|CG0234091|-73|-101|CG0234089|-73|-102|CG0234090|-74|-101|CG0234083|-70|-90|CG0234084|-65|-92|CG0234085|-64|-98
557|6|7|986|7|CG0253007|-18|-74|CG0253008|-17|-73|CG0253009|-17|-73|CG0252995|-16|-77|CG0252996|-27|-48|CG0252996|-27|-48|CG0252997|-32|-63
557|6|8|1000|2|CG0234080|-47|-86|CG0234081|-72|-92
557|6|9|1000|1|CG0234082|-61|-85
557|6|10|800|6|CG0234074|-72|-101|CG0234075|-59|-95|CG0234076|-43|-94|CG0234077|-33|-93|CG0234078|-35|-92|CG0234079|-40|-89
557|7|0|1200|6|CG0234124|-50|-107|CG0234125|-51|-108|CG0234126|-51|-108|CG0234127|-52|-106|CG0234128|-51|-104|CG0234129|-51|-105
557|7|1|1000|6|CG0234130|-38|-98|CG0234131|-47|-97|CG0234132|-49|-95|CG0234133|-40|-97|CG0234134|-43|-102|CG0234135|-47|-102
557|7|2|500|2|CG0237929|-33|-45|CG0237930|-19|-50
557|7|3|600|6|CG0234106|-76|-104|CG0234107|-74|-108|CG0234108|-72|-108|CG0234109|-74|-102|CG0234110|-72|-107|CG0234111|-77|-107
557|7|4|100|2|CG0242383|-20|-70|CG0242384|-21|-75
557|7|5|1500|28|CG0234098|-58|-113|CG0234098|-58|-113|CG0234098|-58|-113|CG0234098|-58|-113|CG0234098|-58|-113|CG0234098|-58|-113|CG0234099|-69|-137|CG0234099|-69|-137|CG0234100|-91|-135|CG0234100|-91|-135|CG0234100|-91|-135|CG0234100|-91|-135|CG0234101|-87|-137|CG0234101|-87|-137|CG0234102|-108|-99|CG0234102|-108|-99|CG0234102|-108|-99|CG0234102|-108|-99|CG0234102|-108|-99|CG0234102|-108|-99|CG0234103|-100|-101|CG0234103|-100|-101|CG0234104|-71|-98|CG0234104|-71|-98|CG0234104|-71|-98|CG0234104|-71|-98|CG0234105|-79|-108|CG0234105|-79|-108
557|7|6|2000|13|CG0234127|-52|-106|CG0234128|-51|-104|CG0234129|-51|-105|CG0234129|-51|-105|CG0234127|-52|-106|CG0234128|-51|-104|CG0234129|-51|-105|CG0234129|-51|-105|CG0234127|-52|-106|CG0234128|-51|-104|CG0234121|-61|-95|CG0234122|-74|-96|CG0234123|-58|-95
557|7|7|986|7|CG0253029|-18|-74|CG0253030|-18|-74|CG0253031|-18|-74|CG0253017|-21|-72|CG0253018|-41|-54|CG0253018|-41|-54|CG0253019|-24|-67
557|7|8|1000|2|CG0234118|-34|-88|CG0234119|-34|-89
557|7|9|1000|1|CG0234120|-60|-90
557|7|10|800|6|CG0234112|-53|-99|CG0234113|-39|-86|CG0234114|-36|-88|CG0234115|-19|-89|CG0234116|-18|-83|CG0234117|-44|-80
