575|0|0|12000|66|CG0239629|-48|-92|CG0239630|-50|-92|CG0239631|-52|-91|CG0239632|-51|-91|CG0239633|-50|-91|CG0239634|-49|-92|CG0239629|-48|-92|CG0239630|-50|-92|CG0239631|-52|-91|CG0239632|-51|-91|CG0239633|-50|-91|CG0239634|-49|-92|CG0239629|-48|-92|CG0239630|-50|-92|CG0239631|-52|-91|CG0239632|-51|-91|CG0239633|-50|-91|CG0239634|-49|-92|CG0239629|-48|-92|CG0239630|-50|-92|CG0239631|-52|-91|CG0239632|-51|-91|CG0239633|-50|-91|CG0239634|-49|-92|CG0239629|-48|-92|CG0239630|-50|-92|CG0239631|-52|-91|CG0239632|-51|-91|CG0239633|-50|-91|CG0239634|-49|-92|CG0239629|-48|-92|CG0239630|-50|-92|CG0239631|-52|-91|CG0239632|-51|-91|CG0239633|-50|-91|CG0239634|-49|-92|CG0239629|-48|-92|CG0239630|-50|-92|CG0239631|-52|-91|CG0239632|-51|-91|CG0239633|-50|-91|CG0239634|-49|-92|CG0239623|-58|-90|CG0239624|-46|-97|CG0239625|-25|-111|CG0239626|-30|-107|CG0239627|-30|-102|CG0239628|-29|-97|CG0239623|-58|-90|CG0239624|-46|-97|CG0239625|-25|-111|CG0239626|-30|-107|CG0239627|-30|-102|CG0239628|-29|-97|CG0239629|-48|-92|CG0239630|-50|-92|CG0239631|-52|-91|CG0239632|-51|-91|CG0239633|-50|-91|CG0239634|-49|-92|CG0239629|-48|-92|CG0239630|-50|-92|CG0239631|-52|-91|CG0239632|-51|-91|CG0239633|-50|-91|CG0239634|-49|-92
575|0|1|700|6|CG0239635|-53|-96|CG0239636|-52|-97|CG0239637|-56|-98|CG0239638|-55|-97|CG0239639|-51|-99|CG0239640|-51|-99
575|0|2|100|2|CG0242063|-19|-77|CG0242064|-19|-79
575|0|3|600|10|CG0239608|-62|-99|CG0239609|-58|-108|CG0239609|-58|-108|CG0239610|-67|-112|CG0239610|-67|-112|CG0239611|-73|-107|CG0239612|-81|-102|CG0239612|-81|-102|CG0239613|-67|-96|CG0239613|-67|-96
575|0|4|100|2|CG0242068|-20|-65|CG0242069|-24|-79
575|0|5|1000|22|CG0239600|-47|-91|CG0239600|-47|-91|CG0239601|-45|-86|CG0239601|-45|-86|CG0239601|-45|-86|CG0239602|-37|-94|CG0239602|-37|-94|CG0239602|-37|-94|CG0239602|-37|-94|CG0239603|-91|-103|CG0239603|-91|-103|CG0239604|-76|-118|CG0239604|-76|-118|CG0239605|-106|-104|CG0239605|-106|-104|CG0239605|-106|-104|CG0239606|-61|-99|CG0239606|-61|-99|CG0239606|-61|-99|CG0239607|-49|-94|CG0239607|-49|-94|CG0239607|-49|-94
575|0|6|2000|13|CG0239623|-58|-90|CG0239624|-46|-97|CG0239625|-25|-111|CG0239626|-30|-107|CG0239625|-25|-111|CG0239626|-30|-107|CG0239625|-25|-111|CG0239626|-30|-107|CG0239626|-30|-107|CG0239626|-30|-107|CG0239626|-30|-107|CG0239627|-30|-102|CG0239628|-29|-97
575|0|7|986|7|CG0252875|-18|-73|CG0252876|-22|-73|CG0252877|-23|-73|CG0252863|-17|-64|CG0252864|-34|-63|CG0252864|-34|-63|CG0252865|-22|-71
575|0|8|1000|2|CG0239620|-34|-97|CG0239621|-58|-82
575|0|9|1000|1|CG0239622|-33|-74
575|0|10|1200|11|CG0239614|-48|-98|CG0239614|-48|-98|CG0239615|-50|-112|CG0239615|-50|-112|CG0239615|-50|-112|CG0239616|-57|-106|CG0239616|-57|-106|CG0239617|-66|-86|CG0239618|-74|-71|CG0239619|-76|-57|CG0239619|-76|-57
575|1|0|12000|66|CG0239670|-47|-90|CG0239671|-47|-89|CG0239672|-47|-89|CG0239673|-47|-89|CG0239674|-47|-89|CG0239675|-47|-89|CG0239670|-47|-90|CG0239671|-47|-89|CG0239672|-47|-89|CG0239673|-47|-89|CG0239674|-47|-89|CG0239675|-47|-89|CG0239670|-47|-90|CG0239671|-47|-89|CG0239672|-47|-89|CG0239673|-47|-89|CG0239674|-47|-89|CG0239675|-47|-89|CG0239670|-47|-90|CG0239671|-47|-89|CG0239672|-47|-89|CG0239673|-47|-89|CG0239674|-47|-89|CG0239675|-47|-89|CG0239670|-47|-90|CG0239671|-47|-89|CG0239672|-47|-89|CG0239673|-47|-89|CG0239674|-47|-89|CG0239675|-47|-89|CG0239670|-47|-90|CG0239671|-47|-89|CG0239672|-47|-89|CG0239673|-47|-89|CG0239674|-47|-89|CG0239675|-47|-89|CG0239670|-47|-90|CG0239671|-47|-89|CG0239672|-47|-89|CG0239673|-47|-89|CG0239674|-47|-89|CG0239675|-47|-89|CG0239664|-48|-87|CG0239665|-47|-90|CG0239666|-44|-103|CG0239667|-42|-99|CG0239668|-49|-101|CG0239669|-50|-94|CG0239664|-48|-87|CG0239665|-47|-90|CG0239666|-44|-103|CG0239667|-42|-99|CG0239668|-49|-101|CG0239669|-50|-94|CG0239670|-47|-90|CG0239671|-47|-89|CG0239672|-47|-89|CG0239673|-47|-89|CG0239674|-47|-89|CG0239675|-47|-89|CG0239670|-47|-90|CG0239671|-47|-89|CG0239672|-47|-89|CG0239673|-47|-89|CG0239674|-47|-89|CG0239675|-47|-89
575|1|1|700|6|CG0239676|-45|-96|CG0239677|-46|-96|CG0239678|-46|-96|CG0239679|-45|-94|CG0239680|-45|-97|CG0239681|-44|-98
575|1|2|100|2|CG0242108|-28|-75|CG0242109|-28|-70
575|1|3|600|10|CG0239649|-46|-102|CG0239650|-46|-111|CG0239650|-46|-111|CG0239651|-46|-115|CG0239651|-46|-115|CG0239652|-44|-110|CG0239653|-44|-105|CG0239653|-44|-105|CG0239654|-45|-98|CG0239654|-45|-98
575|1|4|100|2|CG0242113|-31|-54|CG0242114|-31|-81
575|1|5|1000|22|CG0239641|-39|-88|CG0239641|-39|-88|CG0239642|-35|-84|CG0239642|-35|-84|CG0239642|-35|-84|CG0239643|-25|-93|CG0239643|-25|-93|CG0239643|-25|-93|CG0239643|-25|-93|CG0239644|-47|-108|CG0239644|-47|-108|CG0239645|-53|-130|CG0239645|-53|-130|CG0239646|-66|-124|CG0239646|-66|-124|CG0239646|-66|-124|CG0239647|-69|-98|CG0239647|-69|-98|CG0239647|-69|-98|CG0239648|-65|-91|CG0239648|-65|-91|CG0239648|-65|-91
575|1|6|2000|13|CG0239664|-48|-87|CG0239665|-47|-90|CG0239666|-44|-103|CG0239667|-42|-99|CG0239666|-44|-103|CG0239667|-42|-99|CG0239666|-44|-103|CG0239667|-42|-99|CG0239667|-42|-99|CG0239667|-42|-99|CG0239667|-42|-99|CG0239668|-49|-101|CG0239669|-50|-94
575|1|7|986|7|CG0252897|-23|-72|CG0252898|-22|-72|CG0252899|-20|-72|CG0252885|-11|-60|CG0252886|-22|-70|CG0252886|-22|-70|CG0252887|-22|-73
575|1|8|1000|2|CG0239661|-62|-98|CG0239662|-64|-80
575|1|9|1000|1|CG0239663|-31|-71
575|1|10|1200|11|CG0239655|-57|-97|CG0239655|-57|-97|CG0239656|-57|-113|CG0239656|-57|-113|CG0239656|-57|-113|CG0239657|-71|-110|CG0239657|-71|-110|CG0239658|-61|-93|CG0239659|-60|-66|CG0239660|-60|-67|CG0239660|-60|-67
575|2|0|12000|66|CG0239711|-36|-92|CG0239712|-36|-92|CG0239713|-36|-91|CG0239714|-36|-91|CG0239715|-36|-91|CG0239716|-36|-92|CG0239711|-36|-92|CG0239712|-36|-92|CG0239713|-36|-91|CG0239714|-36|-91|CG0239715|-36|-91|CG0239716|-36|-92|CG0239711|-36|-92|CG0239712|-36|-92|CG0239713|-36|-91|CG0239714|-36|-91|CG0239715|-36|-91|CG0239716|-36|-92|CG0239711|-36|-92|CG0239712|-36|-92|CG0239713|-36|-91|CG0239714|-36|-91|CG0239715|-36|-91|CG0239716|-36|-92|CG0239711|-36|-92|CG0239712|-36|-92|CG0239713|-36|-91|CG0239714|-36|-91|CG0239715|-36|-91|CG0239716|-36|-92|CG0239711|-36|-92|CG0239712|-36|-92|CG0239713|-36|-91|CG0239714|-36|-91|CG0239715|-36|-91|CG0239716|-36|-92|CG0239711|-36|-92|CG0239712|-36|-92|CG0239713|-36|-91|CG0239714|-36|-91|CG0239715|-36|-91|CG0239716|-36|-92|CG0239705|-39|-90|CG0239706|-39|-97|CG0239707|-48|-113|CG0239708|-39|-109|CG0239709|-47|-102|CG0239710|-46|-96|CG0239705|-39|-90|CG0239706|-39|-97|CG0239707|-48|-113|CG0239708|-39|-109|CG0239709|-47|-102|CG0239710|-46|-96|CG0239711|-36|-92|CG0239712|-36|-92|CG0239713|-36|-91|CG0239714|-36|-91|CG0239715|-36|-91|CG0239716|-36|-92|CG0239711|-36|-92|CG0239712|-36|-92|CG0239713|-36|-91|CG0239714|-36|-91|CG0239715|-36|-91|CG0239716|-36|-92
575|2|1|700|6|CG0239717|-28|-98|CG0239718|-30|-98|CG0239719|-30|-97|CG0239720|-29|-95|CG0239721|-27|-98|CG0239722|-26|-99
575|2|2|100|2|CG0242153|-36|-76|CG0242154|-26|-78
575|2|3|600|10|CG0239690|-24|-101|CG0239691|-15|-107|CG0239691|-15|-107|CG0239692|-9|-111|CG0239692|-9|-111|CG0239693|-2|-104|CG0239694|-7|-102|CG0239694|-7|-102|CG0239695|-20|-97|CG0239695|-20|-97
575|2|4|100|2|CG0242158|-33|-64|CG0242159|-22|-79
575|2|5|1000|22|CG0239682|-31|-89|CG0239682|-31|-89|CG0239683|-32|-86|CG0239683|-32|-86|CG0239683|-32|-86|CG0239684|-29|-93|CG0239684|-29|-93|CG0239684|-29|-93|CG0239684|-29|-93|CG0239685|-10|-108|CG0239685|-10|-108|CG0239686|-51|-117|CG0239686|-51|-117|CG0239687|-64|-126|CG0239687|-64|-126|CG0239687|-64|-126|CG0239688|-59|-100|CG0239688|-59|-100|CG0239688|-59|-100|CG0239689|-45|-95|CG0239689|-45|-95|CG0239689|-45|-95
575|2|6|2000|13|CG0239705|-39|-90|CG0239706|-39|-97|CG0239707|-48|-113|CG0239708|-39|-109|CG0239707|-48|-113|CG0239708|-39|-109|CG0239707|-48|-113|CG0239708|-39|-109|CG0239708|-39|-109|CG0239708|-39|-109|CG0239708|-39|-109|CG0239709|-47|-102|CG0239710|-46|-96
575|2|7|986|7|CG0252919|-18|-72|CG0252920|-13|-72|CG0252921|-10|-71|CG0252907|-29|-60|CG0252908|-24|-70|CG0252908|-24|-70|CG0252909|-26|-71
575|2|8|1000|2|CG0239702|-70|-91|CG0239703|-43|-86
575|2|9|1000|1|CG0239704|-28|-72
575|2|10|1200|11|CG0239696|-37|-98|CG0239696|-37|-98|CG0239697|-40|-112|CG0239697|-40|-112|CG0239697|-40|-112|CG0239698|-56|-106|CG0239698|-56|-106|CG0239699|-43|-86|CG0239700|-40|-70|CG0239701|-41|-57|CG0239701|-41|-57
575|3|0|12000|66|CG0239752|-23|-97|CG0239753|-23|-97|CG0239754|-23|-96|CG0239755|-23|-96|CG0239756|-23|-96|CG0239757|-23|-96|CG0239752|-23|-97|CG0239753|-23|-97|CG0239754|-23|-96|CG0239755|-23|-96|CG0239756|-23|-96|CG0239757|-23|-96|CG0239752|-23|-97|CG0239753|-23|-97|CG0239754|-23|-96|CG0239755|-23|-96|CG0239756|-23|-96|CG0239757|-23|-96|CG0239752|-23|-97|CG0239753|-23|-97|CG0239754|-23|-96|CG0239755|-23|-96|CG0239756|-23|-96|CG0239757|-23|-96|CG0239752|-23|-97|CG0239753|-23|-97|CG0239754|-23|-96|CG0239755|-23|-96|CG0239756|-23|-96|CG0239757|-23|-96|CG0239752|-23|-97|CG0239753|-23|-97|CG0239754|-23|-96|CG0239755|-23|-96|CG0239756|-23|-96|CG0239757|-23|-96|CG0239752|-23|-97|CG0239753|-23|-97|CG0239754|-23|-96|CG0239755|-23|-96|CG0239756|-23|-96|CG0239757|-23|-96|CG0239746|-25|-95|CG0239747|-27|-97|CG0239748|-49|-126|CG0239749|-38|-118|CG0239750|-32|-97|CG0239751|-31|-100|CG0239746|-25|-95|CG0239747|-27|-97|CG0239748|-49|-126|CG0239749|-38|-118|CG0239750|-32|-97|CG0239751|-31|-100|CG0239752|-23|-97|CG0239753|-23|-97|CG0239754|-23|-96|CG0239755|-23|-96|CG0239756|-23|-96|CG0239757|-23|-96|CG0239752|-23|-97|CG0239753|-23|-97|CG0239754|-23|-96|CG0239755|-23|-96|CG0239756|-23|-96|CG0239757|-23|-96
575|3|1|700|6|CG0239758|-25|-95|CG0239759|-25|-97|CG0239760|-25|-95|CG0239761|-25|-93|CG0239762|-23|-95|CG0239763|-26|-97
575|3|2|100|2|CG0242198|-27|-88|CG0242199|-25|-83
575|3|3|600|10|CG0239731|-18|-95|CG0239732|-8|-99|CG0239732|-8|-99|CG0239733|-1|-101|CG0239733|-1|-101|CG0239734|1|-94|CG0239735|-10|-92|CG0239735|-10|-92|CG0239736|-18|-91|CG0239736|-18|-91
575|3|4|100|2|CG0242203|-39|-71|CG0242204|-15|-75
575|3|5|1000|22|CG0239723|-40|-94|CG0239723|-40|-94|CG0239724|-56|-95|CG0239724|-56|-95|CG0239724|-56|-95|CG0239725|-75|-98|CG0239725|-75|-98|CG0239725|-75|-98|CG0239725|-75|-98|CG0239726|-11|-102|CG0239726|-11|-102|CG0239727|-24|-110|CG0239727|-24|-110|CG0239728|-32|-111|CG0239728|-32|-111|CG0239728|-32|-111|CG0239729|-31|-102|CG0239729|-31|-102|CG0239729|-31|-102|CG0239730|-27|-97|CG0239730|-27|-97|CG0239730|-27|-97
575|3|6|2000|13|CG0239746|-25|-95|CG0239747|-27|-97|CG0239748|-49|-126|CG0239749|-38|-118|CG0239748|-49|-126|CG0239749|-38|-118|CG0239748|-49|-126|CG0239749|-38|-118|CG0239749|-38|-118|CG0239749|-38|-118|CG0239749|-38|-118|CG0239750|-32|-97|CG0239751|-31|-100
575|3|7|986|7|CG0252941|-14|-72|CG0252942|-12|-72|CG0252943|-14|-71|CG0252929|-40|-65|CG0252930|-29|-66|CG0252930|-29|-66|CG0252931|-21|-69
575|3|8|1000|2|CG0239743|-41|-83|CG0239744|-42|-96
575|3|9|1000|1|CG0239745|-29|-71
575|3|10|1200|11|CG0239737|-18|-93|CG0239737|-18|-93|CG0239738|-17|-107|CG0239738|-17|-107|CG0239738|-17|-107|CG0239739|-12|-95|CG0239739|-12|-95|CG0239740|-31|-69|CG0239741|-31|-75|CG0239742|-30|-43|CG0239742|-30|-43
575|4|0|12000|66|CG0239793|-33|-99|CG0239794|-33|-98|CG0239795|-33|-97|CG0239796|-33|-97|CG0239797|-33|-98|CG0239798|-33|-98|CG0239793|-33|-99|CG0239794|-33|-98|CG0239795|-33|-97|CG0239796|-33|-97|CG0239797|-33|-98|CG0239798|-33|-98|CG0239793|-33|-99|CG0239794|-33|-98|CG0239795|-33|-97|CG0239796|-33|-97|CG0239797|-33|-98|CG0239798|-33|-98|CG0239793|-33|-99|CG0239794|-33|-98|CG0239795|-33|-97|CG0239796|-33|-97|CG0239797|-33|-98|CG0239798|-33|-98|CG0239793|-33|-99|CG0239794|-33|-98|CG0239795|-33|-97|CG0239796|-33|-97|CG0239797|-33|-98|CG0239798|-33|-98|CG0239793|-33|-99|CG0239794|-33|-98|CG0239795|-33|-97|CG0239796|-33|-97|CG0239797|-33|-98|CG0239798|-33|-98|CG0239793|-33|-99|CG0239794|-33|-98|CG0239795|-33|-97|CG0239796|-33|-97|CG0239797|-33|-98|CG0239798|-33|-98|CG0239787|-37|-97|CG0239788|-42|-103|CG0239789|-51|-132|CG0239790|-47|-121|CG0239791|-46|-89|CG0239792|-45|-101|CG0239787|-37|-97|CG0239788|-42|-103|CG0239789|-51|-132|CG0239790|-47|-121|CG0239791|-46|-89|CG0239792|-45|-101|CG0239793|-33|-99|CG0239794|-33|-98|CG0239795|-33|-97|CG0239796|-33|-97|CG0239797|-33|-98|CG0239798|-33|-98|CG0239793|-33|-99|CG0239794|-33|-98|CG0239795|-33|-97|CG0239796|-33|-97|CG0239797|-33|-98|CG0239798|-33|-98
575|4|1|700|6|CG0239799|-25|-87|CG0239800|-24|-91|CG0239801|-23|-91|CG0239802|-24|-89|CG0239803|-24|-90|CG0239804|-28|-90
575|4|2|100|2|CG0242243|-37|-91|CG0242244|-24|-81
575|4|3|600|10|CG0239772|-21|-84|CG0239773|-7|-88|CG0239773|-7|-88|CG0239774|-3|-90|CG0239774|-3|-90|CG0239775|-2|-82|CG0239776|-15|-78|CG0239776|-15|-78|CG0239777|-23|-81|CG0239777|-23|-81
575|4|4|100|2|CG0242248|-30|-68|CG0242249|-22|-72
575|4|5|1000|22|CG0239764|-59|-97|CG0239764|-59|-97|CG0239765|-77|-101|CG0239765|-77|-101|CG0239765|-77|-101|CG0239766|-86|-100|CG0239766|-86|-100|CG0239766|-86|-100|CG0239766|-86|-100|CG0239767|-55|-90|CG0239767|-55|-90|CG0239768|-23|-92|CG0239768|-23|-92|CG0239769|-23|-94|CG0239769|-23|-94|CG0239769|-23|-94|CG0239770|-25|-99|CG0239770|-25|-99|CG0239770|-25|-99|CG0239771|-31|-95|CG0239771|-31|-95|CG0239771|-31|-95
575|4|6|2000|13|CG0239787|-37|-97|CG0239788|-42|-103|CG0239789|-51|-132|CG0239790|-47|-121|CG0239789|-51|-132|CG0239790|-47|-121|CG0239789|-51|-132|CG0239790|-47|-121|CG0239790|-47|-121|CG0239790|-47|-121|CG0239790|-47|-121|CG0239791|-46|-89|CG0239792|-45|-101
575|4|7|986|7|CG0252963|-19|-74|CG0252964|-19|-72|CG0252965|-19|-71|CG0252951|-35|-72|CG0252952|-24|-57|CG0252952|-24|-57|CG0252953|-21|-66
575|4|8|1000|2|CG0239784|-31|-82|CG0239785|-37|-101
575|4|9|1000|1|CG0239786|-27|-67
575|4|10|1200|11|CG0239778|-34|-85|CG0239778|-34|-85|CG0239779|-33|-97|CG0239779|-33|-97|CG0239779|-33|-97|CG0239780|-47|-80|CG0239780|-47|-80|CG0239781|-50|-61|CG0239782|-40|-63|CG0239783|-42|-35|CG0239783|-42|-35
575|5|0|12000|66|CG0239834|-49|-96|CG0239835|-49|-96|CG0239836|-49|-95|CG0239837|-49|-95|CG0239838|-49|-95|CG0239839|-49|-96|CG0239834|-49|-96|CG0239835|-49|-96|CG0239836|-49|-95|CG0239837|-49|-95|CG0239838|-49|-95|CG0239839|-49|-96|CG0239834|-49|-96|CG0239835|-49|-96|CG0239836|-49|-95|CG0239837|-49|-95|CG0239838|-49|-95|CG0239839|-49|-96|CG0239834|-49|-96|CG0239835|-49|-96|CG0239836|-49|-95|CG0239837|-49|-95|CG0239838|-49|-95|CG0239839|-49|-96|CG0239834|-49|-96|CG0239835|-49|-96|CG0239836|-49|-95|CG0239837|-49|-95|CG0239838|-49|-95|CG0239839|-49|-96|CG0239834|-49|-96|CG0239835|-49|-96|CG0239836|-49|-95|CG0239837|-49|-95|CG0239838|-49|-95|CG0239839|-49|-96|CG0239834|-49|-96|CG0239835|-49|-96|CG0239836|-49|-95|CG0239837|-49|-95|CG0239838|-49|-95|CG0239839|-49|-96|CG0239828|-50|-95|CG0239829|-44|-101|CG0239830|-43|-135|CG0239831|-42|-124|CG0239832|-47|-82|CG0239833|-45|-98|CG0239828|-50|-95|CG0239829|-44|-101|CG0239830|-43|-135|CG0239831|-42|-124|CG0239832|-47|-82|CG0239833|-45|-98|CG0239834|-49|-96|CG0239835|-49|-96|CG0239836|-49|-95|CG0239837|-49|-95|CG0239838|-49|-95|CG0239839|-49|-96|CG0239834|-49|-96|CG0239835|-49|-96|CG0239836|-49|-95|CG0239837|-49|-95|CG0239838|-49|-95|CG0239839|-49|-96
575|5|1|700|6|CG0239840|-45|-81|CG0239841|-44|-85|CG0239842|-45|-86|CG0239843|-46|-85|CG0239844|-46|-85|CG0239845|-46|-84
575|5|2|100|2|CG0242288|-28|-86|CG0242289|-29|-72
575|5|3|600|10|CG0239813|-47|-76|CG0239814|-48|-80|CG0239814|-48|-80|CG0239815|-51|-82|CG0239815|-51|-82|CG0239816|-53|-75|CG0239817|-52|-69|CG0239817|-52|-69|CG0239818|-51|-74|CG0239818|-51|-74
575|5|4|100|2|CG0242293|-33|-59|CG0242294|-30|-70
575|5|5|1000|22|CG0239805|-58|-97|CG0239805|-58|-97|CG0239806|-60|-102|CG0239806|-60|-102|CG0239806|-60|-102|CG0239807|-55|-99|CG0239807|-55|-99|CG0239807|-55|-99|CG0239807|-55|-99|CG0239808|-78|-80|CG0239808|-78|-80|CG0239809|-32|-78|CG0239809|-32|-78|CG0239810|-32|-79|CG0239810|-32|-79|CG0239810|-32|-79|CG0239811|-31|-94|CG0239811|-31|-94|CG0239811|-31|-94|CG0239812|-53|-92|CG0239812|-53|-92|CG0239812|-53|-92
575|5|6|2000|13|CG0239828|-50|-95|CG0239829|-44|-101|CG0239830|-43|-135|CG0239831|-42|-124|CG0239830|-43|-135|CG0239831|-42|-124|CG0239830|-43|-135|CG0239831|-42|-124|CG0239831|-42|-124|CG0239831|-42|-124|CG0239831|-42|-124|CG0239832|-47|-82|CG0239833|-45|-98
575|5|7|986|7|CG0252985|-23|-73|CG0252986|-21|-72|CG0252987|-19|-71|CG0252973|-17|-76|CG0252974|-10|-50|CG0252974|-10|-50|CG0252975|-26|-63
575|5|8|1000|2|CG0239825|-46|-74|CG0239826|-63|-101
575|5|9|1000|1|CG0239827|-32|-61
575|5|10|1200|11|CG0239819|-57|-78|CG0239819|-57|-78|CG0239820|-57|-90|CG0239820|-57|-90|CG0239820|-57|-90|CG0239821|-68|-70|CG0239821|-68|-70|CG0239822|-66|-41|CG0239823|-63|-42|CG0239824|-61|-26|CG0239824|-61|-26
575|6|0|12000|66|CG0239875|-50|-99|CG0239876|-50|-98|CG0239877|-51|-97|CG0239878|-50|-97|CG0239879|-50|-97|CG0239880|-49|-98|CG0239875|-50|-99|CG0239876|-50|-98|CG0239877|-51|-97|CG0239878|-50|-97|CG0239879|-50|-97|CG0239880|-49|-98|CG0239875|-50|-99|CG0239876|-50|-98|CG0239877|-51|-97|CG0239878|-50|-97|CG0239879|-50|-97|CG0239880|-49|-98|CG0239875|-50|-99|CG0239876|-50|-98|CG0239877|-51|-97|CG0239878|-50|-97|CG0239879|-50|-97|CG0239880|-49|-98|CG0239875|-50|-99|CG0239876|-50|-98|CG0239877|-51|-97|CG0239878|-50|-97|CG0239879|-50|-97|CG0239880|-49|-98|CG0239875|-50|-99|CG0239876|-50|-98|CG0239877|-51|-97|CG0239878|-50|-97|CG0239879|-50|-97|CG0239880|-49|-98|CG0239875|-50|-99|CG0239876|-50|-98|CG0239877|-51|-97|CG0239878|-50|-97|CG0239879|-50|-97|CG0239880|-49|-98|CG0239869|-58|-97|CG0239870|-43|-103|CG0239871|-24|-133|CG0239872|-24|-124|CG0239873|-29|-89|CG0239874|-24|-101|CG0239869|-58|-97|CG0239870|-43|-103|CG0239871|-24|-133|CG0239872|-24|-124|CG0239873|-29|-89|CG0239874|-24|-101|CG0239875|-50|-99|CG0239876|-50|-98|CG0239877|-51|-97|CG0239878|-50|-97|CG0239879|-50|-97|CG0239880|-49|-98|CG0239875|-50|-99|CG0239876|-50|-98|CG0239877|-51|-97|CG0239878|-50|-97|CG0239879|-50|-97|CG0239880|-49|-98
575|6|1|700|6|CG0239881|-53|-86|CG0239882|-52|-89|CG0239883|-54|-91|CG0239884|-55|-89|CG0239885|-55|-90|CG0239886|-55|-90
575|6|2|100|2|CG0242333|-19|-92|CG0242334|-20|-80
575|6|3|600|10|CG0239854|-53|-82|CG0239855|-68|-89|CG0239855|-68|-89|CG0239856|-81|-92|CG0239856|-81|-92|CG0239857|-90|-84|CG0239858|-76|-79|CG0239858|-76|-79|CG0239859|-63|-81|CG0239859|-63|-81
575|6|4|100|2|CG0242338|-21|-67|CG0242339|-22|-72
575|6|5|1000|22|CG0239846|-34|-99|CG0239846|-34|-99|CG0239847|-44|-101|CG0239847|-44|-101|CG0239847|-44|-101|CG0239848|-68|-103|CG0239848|-68|-103|CG0239848|-68|-103|CG0239848|-68|-103|CG0239849|-58|-98|CG0239849|-58|-98|CG0239850|-97|-80|CG0239850|-97|-80|CG0239851|-57|-79|CG0239851|-57|-79|CG0239851|-57|-79|CG0239852|-63|-96|CG0239852|-63|-96|CG0239852|-63|-96|CG0239853|-66|-95|CG0239853|-66|-95|CG0239853|-66|-95
575|6|6|2000|13|CG0239869|-58|-97|CG0239870|-43|-103|CG0239871|-24|-133|CG0239872|-24|-124|CG0239871|-24|-133|CG0239872|-24|-124|CG0239871|-24|-133|CG0239872|-24|-124|CG0239872|-24|-124|CG0239872|-24|-124|CG0239872|-24|-124|CG0239873|-29|-89|CG0239874|-24|-101
575|6|7|986|7|CG0253007|-18|-74|CG0253008|-17|-73|CG0253009|-17|-73|CG0252995|-16|-77|CG0252996|-27|-48|CG0252996|-27|-48|CG0252997|-32|-63
575|6|8|1000|2|CG0239866|-43|-79|CG0239867|-68|-95
575|6|9|1000|1|CG0239868|-37|-67
575|6|10|1200|11|CG0239860|-54|-85|CG0239860|-54|-85|CG0239861|-55|-97|CG0239861|-55|-97|CG0239861|-55|-97|CG0239862|-57|-80|CG0239862|-57|-80|CG0239863|-73|-61|CG0239864|-82|-61|CG0239865|-85|-35|CG0239865|-85|-35
575|7|0|12000|66|CG0239916|-34|-97|CG0239917|-35|-97|CG0239918|-36|-96|CG0239919|-36|-96|CG0239920|-35|-96|CG0239921|-34|-96|CG0239916|-34|-97|CG0239917|-35|-97|CG0239918|-36|-96|CG0239919|-36|-96|CG0239920|-35|-96|CG0239921|-34|-96|CG0239916|-34|-97|CG0239917|-35|-97|CG0239918|-36|-96|CG0239919|-36|-96|CG0239920|-35|-96|CG0239921|-34|-96|CG0239916|-34|-97|CG0239917|-35|-97|CG0239918|-36|-96|CG0239919|-36|-96|CG0239920|-35|-96|CG0239921|-34|-96|CG0239916|-34|-97|CG0239917|-35|-97|CG0239918|-36|-96|CG0239919|-36|-96|CG0239920|-35|-96|CG0239921|-34|-96|CG0239916|-34|-97|CG0239917|-35|-97|CG0239918|-36|-96|CG0239919|-36|-96|CG0239920|-35|-96|CG0239921|-34|-96|CG0239916|-34|-97|CG0239917|-35|-97|CG0239918|-36|-96|CG0239919|-36|-96|CG0239920|-35|-96|CG0239921|-34|-96|CG0239910|-47|-95|CG0239911|-32|-97|CG0239912|-13|-124|CG0239913|-13|-117|CG0239914|-35|-97|CG0239915|-17|-100|CG0239910|-47|-95|CG0239911|-32|-97|CG0239912|-13|-124|CG0239913|-13|-117|CG0239914|-35|-97|CG0239915|-17|-100|CG0239916|-34|-97|CG0239917|-35|-97|CG0239918|-36|-96|CG0239919|-36|-96|CG0239920|-35|-96|CG0239921|-34|-96|CG0239916|-34|-97|CG0239917|-35|-97|CG0239918|-36|-96|CG0239919|-36|-96|CG0239920|-35|-96|CG0239921|-34|-96
575|7|1|700|6|CG0239922|-43|-92|CG0239923|-42|-94|CG0239924|-46|-96|CG0239925|-47|-95|CG0239926|-46|-96|CG0239927|-44|-97
575|7|2|100|2|CG0242378|-23|-88|CG0242379|-22|-83
575|7|3|600|10|CG0239895|-48|-92|CG0239896|-54|-101|CG0239896|-54|-101|CG0239897|-71|-104|CG0239897|-71|-104|CG0239898|-81|-98|CG0239899|-80|-92|CG0239899|-80|-92|CG0239900|-60|-90|CG0239900|-60|-90
575|7|4|100|2|CG0242383|-20|-70|CG0242384|-21|-75
575|7|5|1000|22|CG0239887|-36|-97|CG0239887|-36|-97|CG0239888|-58|-95|CG0239888|-58|-95|CG0239888|-58|-95|CG0239889|-65|-98|CG0239889|-65|-98|CG0239889|-65|-98|CG0239889|-65|-98|CG0239890|-98|-110|CG0239890|-98|-110|CG0239891|-118|-92|CG0239891|-118|-92|CG0239892|-109|-90|CG0239892|-109|-90|CG0239892|-109|-90|CG0239893|-83|-98|CG0239893|-83|-98|CG0239893|-83|-98|CG0239894|-50|-96|CG0239894|-50|-96|CG0239894|-50|-96
575|7|6|2000|13|CG0239910|-47|-95|CG0239911|-32|-97|CG0239912|-13|-124|CG0239913|-13|-117|CG0239912|-13|-124|CG0239913|-13|-117|CG0239912|-13|-124|CG0239913|-13|-117|CG0239913|-13|-117|CG0239913|-13|-117|CG0239913|-13|-117|CG0239914|-35|-97|CG0239915|-17|-100
575|7|7|986|7|CG0253029|-18|-74|CG0253030|-18|-74|CG0253031|-18|-74|CG0253017|-21|-72|CG0253018|-41|-54|CG0253018|-41|-54|CG0253019|-24|-67
575|7|8|1000|2|CG0239907|-40|-90|CG0239908|-36|-84
575|7|9|1000|1|CG0239909|-43|-73
575|7|10|1200|11|CG0239901|-34|-93|CG0239901|-34|-93|CG0239902|-44|-107|CG0239902|-44|-107|CG0239902|-44|-107|CG0239903|-62|-95|CG0239903|-62|-95|CG0239904|-91|-71|CG0239905|-99|-73|CG0239906|-102|-46|CG0239906|-102|-46
