569|0|0|1500|6|CG0237661|-29|-48|CG0237662|-26|-48|CG0237663|-24|-48|CG0237664|-22|-48|CG0237665|-27|-48|CG0237666|-30|-48
569|0|1|1000|6|CG0237667|-29|-48|CG0237668|-25|-50|CG0237669|-23|-47|CG0237670|-27|-48|CG0237671|-31|-48|CG0237672|-29|-47
569|0|2|500|2|CG0237642|-36|-48|CG0237643|-27|-52
569|0|3|400|6|CG0237644|-18|-53|CG0237645|-22|-54|CG0237646|-24|-53|CG0237647|-24|-53|CG0237648|-26|-55|CG0237649|-21|-52
569|0|4|100|2|CG0242068|-20|-65|CG0242069|-24|-79
569|0|5|1000|24|CG0237632|-34|-48|CG0237632|-34|-48|CG0237634|-34|-49|CG0237634|-34|-49|CG0237635|-28|-57|CG0237635|-28|-57|CG0237636|-18|-54|CG0237636|-18|-54|CG0237636|-18|-54|CG0237636|-18|-54|CG0237637|-23|-61|CG0237637|-23|-61|CG0237638|-33|-71|CG0237638|-33|-71|CG0237639|-48|-54|CG0237639|-48|-54|CG0237640|-36|-46|CG0237640|-36|-46|CG0237640|-36|-46|CG0237640|-36|-46|CG0237641|-35|-46|CG0237641|-35|-46|CG0237633|-29|-48|CG0237633|-29|-48
569|0|6|2000|17|CG0237661|-29|-48|CG0237662|-26|-48|CG0237663|-24|-48|CG0237664|-22|-48|CG0237665|-27|-48|CG0237666|-30|-48|CG0237661|-29|-48|CG0237662|-26|-48|CG0237663|-24|-48|CG0237664|-22|-48|CG0237665|-27|-48|CG0237666|-30|-48|CG0237666|-30|-48|CG0237659|-33|-48|CG0237660|-18|-61|CG0237660|-18|-61|CG0237660|-18|-61
569|0|7|986|7|CG0252875|-18|-73|CG0252876|-22|-73|CG0252877|-23|-73|CG0252863|-17|-64|CG0252864|-34|-63|CG0252864|-34|-63|CG0252865|-22|-71
569|0|8|1000|2|CG0237656|-36|-42|CG0237657|-22|-51
569|0|9|1000|1|CG0237658|-26|-37
569|0|10|1000|6|CG0237650|-31|-48|CG0237651|-34|-49|CG0237652|-37|-47|CG0237653|-43|-49|CG0237654|-48|-45|CG0237655|-53|-34
569|1|0|1500|6|CG0237702|-21|-49|CG0237703|-21|-49|CG0237704|-21|-49|CG0237705|-22|-49|CG0237706|-22|-49|CG0237707|-21|-49
569|1|1|1000|6|CG0237708|-21|-49|CG0237709|-19|-50|CG0237710|-21|-48|CG0237711|-22|-50|CG0237712|-25|-50|CG0237713|-21|-48
569|1|2|500|2|CG0237683|-24|-50|CG0237684|-22|-51
569|1|3|400|6|CG0237685|-20|-53|CG0237686|-20|-54|CG0237687|-22|-53|CG0237688|-24|-53|CG0237689|-28|-54|CG0237690|-22|-53
569|1|4|100|2|CG0242113|-31|-54|CG0242114|-31|-81
569|1|5|1000|24|CG0237673|-21|-50|CG0237673|-21|-50|CG0237675|-25|-52|CG0237675|-25|-52|CG0237676|-24|-61|CG0237676|-24|-61|CG0237677|-22|-53|CG0237677|-22|-53|CG0237677|-22|-53|CG0237677|-22|-53|CG0237678|-22|-61|CG0237678|-22|-61|CG0237679|-31|-77|CG0237679|-31|-77|CG0237680|-27|-60|CG0237680|-27|-60|CG0237681|-23|-51|CG0237681|-23|-51|CG0237681|-23|-51|CG0237681|-23|-51|CG0237682|-24|-50|CG0237682|-24|-50|CG0237674|-22|-51|CG0237674|-22|-51
569|1|6|2000|17|CG0237702|-21|-49|CG0237703|-21|-49|CG0237704|-21|-49|CG0237705|-22|-49|CG0237706|-22|-49|CG0237707|-21|-49|CG0237702|-21|-49|CG0237703|-21|-49|CG0237704|-21|-49|CG0237705|-22|-49|CG0237706|-22|-49|CG0237707|-21|-49|CG0237707|-21|-49|CG0237700|-28|-48|CG0237701|-21|-59|CG0237701|-21|-59|CG0237701|-21|-59
569|1|7|986|7|CG0252897|-23|-72|CG0252898|-22|-72|CG0252899|-20|-72|CG0252885|-11|-60|CG0252886|-22|-70|CG0252886|-22|-70|CG0252887|-22|-73
569|1|8|1000|2|CG0237697|-21|-49|CG0237698|-22|-57
569|1|9|1000|1|CG0237699|-21|-39
569|1|10|1000|6|CG0237691|-22|-49|CG0237692|-22|-56|CG0237693|-26|-51|CG0237694|-27|-51|CG0237695|-29|-50|CG0237696|-32|-41
569|2|0|1500|6|CG0237743|-16|-48|CG0237744|-16|-47|CG0237745|-16|-48|CG0237746|-17|-48|CG0237747|-17|-48|CG0237748|-17|-48
569|2|1|1000|6|CG0237749|-22|-47|CG0237750|-14|-48|CG0237751|-17|-47|CG0237752|-17|-48|CG0237753|-19|-50|CG0237754|-25|-47
569|2|2|500|2|CG0237724|-16|-48|CG0237725|-19|-56
569|2|3|400|6|CG0237726|-27|-56|CG0237727|-29|-56|CG0237728|-26|-55|CG0237729|-28|-54|CG0237730|-31|-55|CG0237731|-27|-56
569|2|4|100|2|CG0242158|-33|-64|CG0242159|-22|-79
569|2|5|1000|24|CG0237714|-16|-49|CG0237714|-16|-49|CG0237716|-18|-51|CG0237716|-18|-51|CG0237717|-21|-60|CG0237717|-21|-60|CG0237718|-24|-52|CG0237718|-24|-52|CG0237718|-24|-52|CG0237718|-24|-52|CG0237719|-24|-60|CG0237719|-24|-60|CG0237720|-18|-79|CG0237720|-18|-79|CG0237721|-23|-58|CG0237721|-23|-58|CG0237722|-28|-47|CG0237722|-28|-47|CG0237722|-28|-47|CG0237722|-28|-47|CG0237723|-10|-47|CG0237723|-10|-47|CG0237715|-9|-48|CG0237715|-9|-48
569|2|6|2000|17|CG0237743|-16|-48|CG0237744|-16|-47|CG0237745|-16|-48|CG0237746|-17|-48|CG0237747|-17|-48|CG0237748|-17|-48|CG0237743|-16|-48|CG0237744|-16|-47|CG0237745|-16|-48|CG0237746|-17|-48|CG0237747|-17|-48|CG0237748|-17|-48|CG0237748|-17|-48|CG0237741|-16|-46|CG0237742|-16|-60|CG0237742|-16|-60|CG0237742|-16|-60
569|2|7|986|7|CG0252919|-18|-72|CG0252920|-13|-72|CG0252921|-10|-71|CG0252907|-29|-60|CG0252908|-24|-70|CG0252908|-24|-70|CG0252909|-26|-71
569|2|8|1000|2|CG0237738|-24|-52|CG0237739|-29|-63
569|2|9|1000|1|CG0237740|-16|-39
569|2|10|1000|6|CG0237732|-18|-48|CG0237733|-19|-56|CG0237734|-20|-57|CG0237735|-20|-53|CG0237736|-20|-48|CG0237737|-20|-40
569|3|0|1500|6|CG0237784|-15|-45|CG0237785|-15|-45|CG0237786|-15|-45|CG0237787|-15|-46|CG0237788|-15|-46|CG0237789|-15|-45
569|3|1|1000|6|CG0237790|-17|-45|CG0237791|-16|-44|CG0237792|-22|-44|CG0237793|-18|-46|CG0237794|-16|-48|CG0237795|-22|-44
569|3|2|500|2|CG0237765|-14|-45|CG0237766|-16|-57
569|3|3|400|6|CG0237767|-21|-58|CG0237768|-22|-58|CG0237769|-22|-56|CG0237770|-20|-56|CG0237771|-23|-58|CG0237772|-20|-57
569|3|4|100|2|CG0242203|-39|-71|CG0242204|-15|-75
569|3|5|1000|24|CG0237755|-13|-45|CG0237755|-13|-45|CG0237757|-13|-45|CG0237757|-13|-45|CG0237758|-12|-55|CG0237758|-12|-55|CG0237759|-13|-53|CG0237759|-13|-53|CG0237759|-13|-53|CG0237759|-13|-53|CG0237760|-13|-63|CG0237760|-13|-63|CG0237761|-21|-77|CG0237761|-21|-77|CG0237762|-28|-49|CG0237762|-28|-49|CG0237763|-21|-40|CG0237763|-21|-40|CG0237763|-21|-40|CG0237763|-21|-40|CG0237764|-8|-39|CG0237764|-8|-39|CG0237756|-9|-41|CG0237756|-9|-41
569|3|6|2000|17|CG0237784|-15|-45|CG0237785|-15|-45|CG0237786|-15|-45|CG0237787|-15|-46|CG0237788|-15|-46|CG0237789|-15|-45|CG0237784|-15|-45|CG0237785|-15|-45|CG0237786|-15|-45|CG0237787|-15|-46|CG0237788|-15|-46|CG0237789|-15|-45|CG0237789|-15|-45|CG0237782|-15|-43|CG0237783|-16|-60|CG0237783|-16|-60|CG0237783|-16|-60
569|3|7|986|7|CG0252941|-14|-72|CG0252942|-12|-72|CG0252943|-14|-71|CG0252929|-40|-65|CG0252930|-29|-66|CG0252930|-29|-66|CG0252931|-21|-69
569|3|8|1000|2|CG0237779|-24|-46|CG0237780|-34|-65
569|3|9|1000|1|CG0237781|-18|-37
569|3|10|1000|6|CG0237773|-16|-46|CG0237774|-11|-50|CG0237775|-8|-55|CG0237776|-8|-47|CG0237777|-8|-44|CG0237778|-9|-38
569|4|0|1500|6|CG0237825|-17|-42|CG0237826|-18|-42|CG0237827|-17|-42|CG0237828|-17|-42|CG0237829|-17|-43|CG0237830|-17|-42
569|4|1|1000|6|CG0237831|-17|-42|CG0237832|-20|-42|CG0237833|-26|-41|CG0237834|-23|-43|CG0237835|-19|-45|CG0237836|-26|-41
569|4|2|500|2|CG0237806|-17|-41|CG0237807|-19|-58
569|4|3|400|6|CG0237808|-21|-56|CG0237809|-23|-58|CG0237810|-28|-56|CG0237811|-20|-55|CG0237812|-18|-55|CG0237813|-18|-55
569|4|4|100|2|CG0242248|-30|-68|CG0242249|-22|-72
569|4|5|1000|24|CG0237796|-15|-41|CG0237796|-15|-41|CG0237798|-15|-42|CG0237798|-15|-42|CG0237799|-16|-49|CG0237799|-16|-49|CG0237800|-28|-53|CG0237800|-28|-53|CG0237800|-28|-53|CG0237800|-28|-53|CG0237801|-17|-62|CG0237801|-17|-62|CG0237802|-24|-71|CG0237802|-24|-71|CG0237803|-18|-39|CG0237803|-18|-39|CG0237804|-7|-40|CG0237804|-7|-40|CG0237804|-7|-40|CG0237804|-7|-40|CG0237805|-17|-31|CG0237805|-17|-31|CG0237797|-14|-35|CG0237797|-14|-35
569|4|6|2000|17|CG0237825|-17|-42|CG0237826|-18|-42|CG0237827|-17|-42|CG0237828|-17|-42|CG0237829|-17|-43|CG0237830|-17|-42|CG0237825|-17|-42|CG0237826|-18|-42|CG0237827|-17|-42|CG0237828|-17|-42|CG0237829|-17|-43|CG0237830|-17|-42|CG0237830|-17|-42|CG0237823|-18|-41|CG0237824|-22|-57|CG0237824|-22|-57|CG0237824|-22|-57
569|4|7|986|7|CG0252963|-19|-74|CG0252964|-19|-72|CG0252965|-19|-71|CG0252951|-35|-72|CG0252952|-24|-57|CG0252952|-24|-57|CG0252953|-21|-66
569|4|8|1000|2|CG0237820|-24|-44|CG0237821|-38|-62
569|4|9|1000|1|CG0237822|-16|-35
569|4|10|1000|6|CG0237814|-20|-44|CG0237815|-20|-43|CG0237816|-21|-50|CG0237817|-21|-38|CG0237818|-21|-33|CG0237819|-20|-27
569|5|0|1500|6|CG0237866|-22|-41|CG0237867|-22|-41|CG0237868|-21|-41|CG0237869|-21|-41|CG0237870|-21|-41|CG0237871|-21|-41
569|5|1|1000|6|CG0237872|-22|-41|CG0237873|-25|-42|CG0237874|-21|-40|CG0237875|-20|-42|CG0237876|-20|-42|CG0237877|-23|-40
569|5|2|500|2|CG0237847|-21|-40|CG0237848|-21|-55
569|5|3|400|6|CG0237849|-28|-52|CG0237850|-29|-55|CG0237851|-23|-50|CG0237852|-21|-50|CG0237853|-20|-51|CG0237854|-24|-50
569|5|4|100|2|CG0242293|-33|-59|CG0242294|-30|-70
569|5|5|1000|24|CG0237837|-21|-39|CG0237837|-21|-39|CG0237839|-24|-42|CG0237839|-24|-42|CG0237840|-26|-47|CG0237840|-26|-47|CG0237841|-27|-56|CG0237841|-27|-56|CG0237841|-27|-56|CG0237841|-27|-56|CG0237842|-23|-62|CG0237842|-23|-62|CG0237843|-25|-67|CG0237843|-25|-67|CG0237844|-21|-45|CG0237844|-21|-45|CG0237845|-20|-42|CG0237845|-20|-42|CG0237845|-20|-42|CG0237845|-20|-42|CG0237846|-26|-30|CG0237846|-26|-30|CG0237838|-20|-32|CG0237838|-20|-32
569|5|6|2000|17|CG0237866|-22|-41|CG0237867|-22|-41|CG0237868|-21|-41|CG0237869|-21|-41|CG0237870|-21|-41|CG0237871|-21|-41|CG0237866|-22|-41|CG0237867|-22|-41|CG0237868|-21|-41|CG0237869|-21|-41|CG0237870|-21|-41|CG0237871|-21|-41|CG0237871|-21|-41|CG0237864|-23|-40|CG0237865|-23|-57|CG0237865|-23|-57|CG0237865|-23|-57
569|5|7|986|7|CG0252985|-23|-73|CG0252986|-21|-72|CG0252987|-19|-71|CG0252973|-17|-76|CG0252974|-10|-50|CG0252974|-10|-50|CG0252975|-26|-63
569|5|8|1000|2|CG0237861|-22|-45|CG0237862|-29|-57
569|5|9|1000|1|CG0237863|-21|-33
569|5|10|1000|6|CG0237855|-23|-43|CG0237856|-23|-41|CG0237857|-23|-43|CG0237858|-25|-31|CG0237859|-29|-20|CG0237860|-28|-13
569|6|0|1500|6|CG0237907|-20|-43|CG0237908|-21|-43|CG0237909|-25|-43|CG0237910|-24|-42|CG0237911|-20|-42|CG0237912|-20|-42
569|6|1|1000|6|CG0237913|-21|-43|CG0237914|-23|-45|CG0237915|-22|-41|CG0237916|-19|-43|CG0237917|-17|-42|CG0237918|-21|-41
569|6|2|500|2|CG0237888|-24|-41|CG0237889|-25|-49
569|6|3|400|6|CG0237890|-22|-51|CG0237891|-21|-51|CG0237892|-22|-48|CG0237893|-20|-50|CG0237894|-23|-55|CG0237895|-24|-49
569|6|4|100|2|CG0242338|-21|-67|CG0242339|-22|-72
569|6|5|1000|24|CG0237878|-24|-41|CG0237878|-24|-41|CG0237880|-22|-44|CG0237880|-22|-44|CG0237881|-24|-50|CG0237881|-24|-50|CG0237882|-26|-58|CG0237882|-26|-58|CG0237882|-26|-58|CG0237882|-26|-58|CG0237883|-26|-65|CG0237883|-26|-65|CG0237884|-36|-66|CG0237884|-36|-66|CG0237885|-34|-52|CG0237885|-34|-52|CG0237886|-48|-44|CG0237886|-48|-44|CG0237886|-48|-44|CG0237886|-48|-44|CG0237887|-44|-37|CG0237887|-44|-37|CG0237879|-29|-36|CG0237879|-29|-36
569|6|6|2000|17|CG0237907|-20|-43|CG0237908|-21|-43|CG0237909|-25|-43|CG0237910|-24|-42|CG0237911|-20|-42|CG0237912|-20|-42|CG0237907|-20|-43|CG0237908|-21|-43|CG0237909|-25|-43|CG0237910|-24|-42|CG0237911|-20|-42|CG0237912|-20|-42|CG0237912|-20|-42|CG0237905|-21|-42|CG0237906|-26|-61|CG0237906|-26|-61|CG0237906|-26|-61
569|6|7|986|7|CG0253007|-18|-74|CG0253008|-17|-73|CG0253009|-17|-73|CG0252995|-16|-77|CG0252996|-27|-48|CG0252996|-27|-48|CG0252997|-32|-63
569|6|8|1000|2|CG0237902|-19|-44|CG0237903|-26|-57
569|6|9|1000|1|CG0237904|-26|-32
569|6|10|1000|6|CG0237896|-25|-44|CG0237897|-32|-43|CG0237898|-36|-39|CG0237899|-40|-33|CG0237900|-52|-22|CG0237901|-55|-15
569|7|0|1500|6|CG0237948|-33|-46|CG0237949|-32|-46|CG0237950|-32|-46|CG0237951|-31|-45|CG0237952|-33|-45|CG0237953|-33|-45
569|7|1|1000|6|CG0237954|-31|-46|CG0237955|-29|-48|CG0237956|-28|-44|CG0237957|-29|-46|CG0237958|-30|-45|CG0237959|-31|-44
569|7|2|500|2|CG0237929|-33|-45|CG0237930|-19|-50
569|7|3|400|6|CG0237931|-22|-55|CG0237932|-20|-54|CG0237933|-23|-53|CG0237934|-22|-54|CG0237935|-21|-57|CG0237936|-23|-54
569|7|4|100|2|CG0242383|-20|-70|CG0242384|-21|-75
569|7|5|1000|24|CG0237919|-37|-45|CG0237919|-37|-45|CG0237921|-31|-47|CG0237921|-31|-47|CG0237922|-24|-54|CG0237922|-24|-54|CG0237923|-23|-58|CG0237923|-23|-58|CG0237923|-23|-58|CG0237923|-23|-58|CG0237924|-25|-65|CG0237924|-25|-65|CG0237925|-32|-67|CG0237925|-32|-67|CG0237926|-55|-55|CG0237926|-55|-55|CG0237927|-53|-44|CG0237927|-53|-44|CG0237927|-53|-44|CG0237927|-53|-44|CG0237928|-46|-42|CG0237928|-46|-42|CG0237920|-41|-42|CG0237920|-41|-42
569|7|6|2000|17|CG0237948|-33|-46|CG0237949|-32|-46|CG0237950|-32|-46|CG0237951|-31|-45|CG0237952|-33|-45|CG0237953|-33|-45|CG0237948|-33|-46|CG0237949|-32|-46|CG0237950|-32|-46|CG0237951|-31|-45|CG0237952|-33|-45|CG0237953|-33|-45|CG0237953|-33|-45|CG0237946|-30|-46|CG0237947|-20|-62|CG0237947|-20|-62|CG0237947|-20|-62
569|7|7|986|7|CG0253029|-18|-74|CG0253030|-18|-74|CG0253031|-18|-74|CG0253017|-21|-72|CG0253018|-41|-54|CG0253018|-41|-54|CG0253019|-24|-67
569|7|8|1000|2|CG0237943|-31|-43|CG0237944|-13|-52
569|7|9|1000|1|CG0237945|-25|-33
569|7|10|1000|6|CG0237937|-28|-46|CG0237938|-28|-46|CG0237939|-30|-43|CG0237940|-39|-41|CG0237941|-46|-33|CG0237942|-53|-19
