582|0|0|1000|6|CG0242089|-16|-74|CG0242090|-16|-74|CG0242091|-24|-78|CG0242092|-21|-93|CG0242093|-30|-74|CG0242094|-16|-74
582|0|1|800|6|CG0242095|-29|-86|CG0242096|-31|-63|CG0242097|-14|-64|CG0242098|-14|-65|CG0242099|-18|-64|CG0242100|-25|-69
582|0|2|100|2|CG0242063|-19|-77|CG0242064|-19|-79
582|0|3|500|3|CG0242065|-25|-45|CG0242066|-26|-46|CG0242067|-26|-46
582|0|4|100|2|CG0242068|-20|-65|CG0242069|-24|-79
582|0|5|1000|18|CG0242056|-35|-96|CG0242056|-35|-96|CG0242057|-34|-94|CG0242057|-34|-94|CG0242057|-34|-94|CG0242058|-37|-93|CG0242058|-37|-93|CG0242059|-36|-93|CG0242059|-36|-93|CG0242060|-42|-94|CG0242060|-42|-94|CG0242059|-36|-93|CG0242059|-36|-93|CG0242059|-36|-93|CG0242061|-28|-94|CG0242061|-28|-94|CG0242062|-19|-90|CG0242062|-19|-90
582|0|6|2000|17|CG0242089|-16|-74|CG0242090|-16|-74|CG0242091|-24|-78|CG0242092|-21|-93|CG0242093|-30|-74|CG0242094|-16|-74|CG0242082|-17|-70|CG0242082|-17|-70|CG0242083|-17|-68|CG0242084|-27|-68|CG0242085|-33|-64|CG0242086|-17|-71|CG0242087|-30|-70|CG0242087|-30|-70|CG0242087|-30|-70|CG0242088|-19|-77|CG0242088|-19|-77
582|0|7|986|7|CG0252875|-18|-73|CG0252876|-22|-73|CG0252877|-23|-73|CG0252863|-17|-64|CG0252864|-34|-63|CG0252864|-34|-63|CG0252865|-22|-71
582|0|8|1000|2|CG0242079|-38|-60|CG0242080|-33|-42
582|0|9|1000|1|CG0242081|-38|-60
582|0|10|1500|13|CG0242070|-11|-70|CG0242071|-13|-74|CG0242070|-11|-70|CG0242071|-13|-74|CG0242070|-11|-70|CG0242071|-13|-74|CG0242072|-18|-65|CG0242073|-24|-61|CG0242074|-38|-51|CG0242075|-44|-45|CG0242076|-38|-38|CG0242077|-33|-24|CG0242078|-33|-27
582|1|0|1000|6|CG0242134|-29|-75|CG0242135|-28|-74|CG0242136|-39|-73|CG0242137|-29|-84|CG0242138|-48|-74|CG0242139|-31|-75
582|1|1|800|6|CG0242140|-24|-80|CG0242141|-47|-64|CG0242142|-19|-66|CG0242143|-26|-66|CG0242144|-33|-65|CG0242145|-35|-64
582|1|2|100|2|CG0242108|-28|-75|CG0242109|-28|-70
582|1|3|500|3|CG0242110|-29|-48|CG0242111|-29|-49|CG0242112|-29|-50
582|1|4|100|2|CG0242113|-31|-54|CG0242114|-31|-81
582|1|5|1000|18|CG0242101|-26|-98|CG0242101|-26|-98|CG0242102|-36|-97|CG0242102|-36|-97|CG0242102|-36|-97|CG0242103|-29|-96|CG0242103|-29|-96|CG0242104|-32|-96|CG0242104|-32|-96|CG0242105|-32|-95|CG0242105|-32|-95|CG0242104|-32|-96|CG0242104|-32|-96|CG0242104|-32|-96|CG0242106|-36|-92|CG0242106|-36|-92|CG0242107|-44|-91|CG0242107|-44|-91
582|1|6|2000|17|CG0242134|-29|-75|CG0242135|-28|-74|CG0242136|-39|-73|CG0242137|-29|-84|CG0242138|-48|-74|CG0242139|-31|-75|CG0242127|-22|-71|CG0242127|-22|-71|CG0242128|-15|-68|CG0242129|-12|-67|CG0242130|-31|-63|CG0242131|-16|-68|CG0242132|-19|-73|CG0242132|-19|-73|CG0242132|-19|-73|CG0242133|-41|-76|CG0242133|-41|-76
582|1|7|986|7|CG0252897|-23|-72|CG0252898|-22|-72|CG0252899|-20|-72|CG0252885|-11|-60|CG0252886|-22|-70|CG0252886|-22|-70|CG0252887|-22|-73
582|1|8|1000|2|CG0242124|-29|-60|CG0242125|-35|-43
582|1|9|1000|1|CG0242126|-20|-61
582|1|10|1500|13|CG0242115|-26|-69|CG0242116|-26|-75|CG0242115|-26|-69|CG0242116|-26|-75|CG0242115|-26|-69|CG0242116|-26|-75|CG0242117|-25|-65|CG0242118|-23|-63|CG0242119|-23|-54|CG0242120|-27|-46|CG0242121|-26|-33|CG0242122|-25|-23|CG0242123|-24|-24
582|2|0|1000|6|CG0242179|-30|-74|CG0242180|-31|-74|CG0242181|-33|-77|CG0242182|-23|-93|CG0242183|-38|-74|CG0242184|-30|-75
582|2|1|800|6|CG0242185|-18|-86|CG0242186|-36|-63|CG0242187|-27|-64|CG0242188|-31|-65|CG0242189|-32|-64|CG0242190|-26|-70
582|2|2|100|2|CG0242153|-36|-76|CG0242154|-26|-78
582|2|3|500|3|CG0242155|-31|-45|CG0242156|-32|-46|CG0242157|-31|-46
582|2|4|100|2|CG0242158|-33|-64|CG0242159|-22|-79
582|2|5|1000|18|CG0242146|-8|-96|CG0242146|-8|-96|CG0242147|-27|-94|CG0242147|-27|-94|CG0242147|-27|-94|CG0242148|-33|-94|CG0242148|-33|-94|CG0242149|-32|-94|CG0242149|-32|-94|CG0242150|-29|-94|CG0242150|-29|-94|CG0242149|-32|-94|CG0242149|-32|-94|CG0242149|-32|-94|CG0242151|-37|-93|CG0242151|-37|-93|CG0242152|-42|-92|CG0242152|-42|-92
582|2|6|2000|17|CG0242179|-30|-74|CG0242180|-31|-74|CG0242181|-33|-77|CG0242182|-23|-93|CG0242183|-38|-74|CG0242184|-30|-75|CG0242172|-18|-70|CG0242172|-18|-70|CG0242173|-19|-70|CG0242174|-25|-66|CG0242175|-13|-63|CG0242176|-12|-62|CG0242177|-20|-70|CG0242177|-20|-70|CG0242177|-20|-70|CG0242178|-44|-76|CG0242178|-44|-76
582|2|7|986|7|CG0252919|-18|-72|CG0252920|-13|-72|CG0252921|-10|-71|CG0252907|-29|-60|CG0252908|-24|-70|CG0252908|-24|-70|CG0252909|-26|-71
582|2|8|1000|2|CG0242169|-17|-56|CG0242170|-26|-48
582|2|9|1000|1|CG0242171|-23|-60
582|2|10|1500|13|CG0242160|-31|-70|CG0242161|-31|-74|CG0242160|-31|-70|CG0242161|-31|-74|CG0242160|-31|-70|CG0242161|-31|-74|CG0242162|-20|-65|CG0242163|-17|-61|CG0242164|-18|-51|CG0242165|-19|-45|CG0242166|-29|-38|CG0242167|-29|-23|CG0242168|-29|-24
582|3|0|1000|6|CG0242224|-17|-72|CG0242225|-20|-72|CG0242226|-17|-84|CG0242227|-17|-96|CG0242228|-17|-79|CG0242229|-18|-73
582|3|1|800|6|CG0242230|-20|-84|CG0242231|-19|-63|CG0242232|-22|-62|CG0242233|-21|-62|CG0242234|-21|-67|CG0242235|-21|-73
582|3|2|100|2|CG0242198|-27|-88|CG0242199|-25|-83
582|3|3|500|3|CG0242200|-33|-44|CG0242201|-34|-44|CG0242202|-35|-46
582|3|4|100|2|CG0242203|-39|-71|CG0242204|-15|-75
582|3|5|1000|18|CG0242191|-5|-91|CG0242191|-5|-91|CG0242192|-8|-89|CG0242192|-8|-89|CG0242192|-8|-89|CG0242193|-19|-91|CG0242193|-19|-91|CG0242194|-16|-94|CG0242194|-16|-94|CG0242195|-19|-100|CG0242195|-19|-100|CG0242194|-16|-94|CG0242194|-16|-94|CG0242194|-16|-94|CG0242196|-18|-103|CG0242196|-18|-103|CG0242197|-22|-103|CG0242197|-22|-103
582|3|6|2000|17|CG0242224|-17|-72|CG0242225|-20|-72|CG0242226|-17|-84|CG0242227|-17|-96|CG0242228|-17|-79|CG0242229|-18|-73|CG0242217|-17|-68|CG0242217|-17|-68|CG0242218|-20|-69|CG0242219|-29|-67|CG0242220|-23|-65|CG0242221|-18|-58|CG0242222|-16|-67|CG0242222|-16|-67|CG0242222|-16|-67|CG0242223|-25|-78|CG0242223|-25|-78
582|3|7|986|7|CG0252941|-14|-72|CG0252942|-12|-72|CG0252943|-14|-71|CG0252929|-40|-65|CG0252930|-29|-66|CG0252930|-29|-66|CG0252931|-21|-69
582|3|8|1000|2|CG0242214|-17|-52|CG0242215|-23|-55
582|3|9|1000|1|CG0242216|-20|-53
582|3|10|1500|13|CG0242205|-23|-71|CG0242206|-22|-72|CG0242205|-23|-71|CG0242206|-22|-72|CG0242205|-23|-71|CG0242206|-22|-72|CG0242207|-21|-65|CG0242208|-16|-59|CG0242209|-13|-47|CG0242210|-18|-42|CG0242211|-32|-35|CG0242212|-36|-20|CG0242213|-34|-20
582|4|0|1000|6|CG0242269|-28|-72|CG0242270|-30|-71|CG0242271|-36|-81|CG0242272|-25|-93|CG0242273|-39|-75|CG0242274|-29|-72
582|4|1|800|6|CG0242275|-16|-76|CG0242276|-39|-60|CG0242277|-25|-60|CG0242278|-30|-60|CG0242279|-31|-67|CG0242280|-26|-70
582|4|2|100|2|CG0242243|-37|-91|CG0242244|-24|-81
582|4|3|500|3|CG0242245|-32|-45|CG0242246|-32|-45|CG0242247|-31|-47
582|4|4|100|2|CG0242248|-30|-68|CG0242249|-22|-72
582|4|5|1000|18|CG0242236|-10|-86|CG0242236|-10|-86|CG0242237|-27|-86|CG0242237|-27|-86|CG0242237|-27|-86|CG0242238|-31|-93|CG0242238|-31|-93|CG0242239|-34|-94|CG0242239|-34|-94|CG0242240|-36|-99|CG0242240|-36|-99|CG0242239|-34|-94|CG0242239|-34|-94|CG0242239|-34|-94|CG0242241|-38|-104|CG0242241|-38|-104|CG0242242|-45|-103|CG0242242|-45|-103
582|4|6|2000|17|CG0242269|-28|-72|CG0242270|-30|-71|CG0242271|-36|-81|CG0242272|-25|-93|CG0242273|-39|-75|CG0242274|-29|-72|CG0242262|-27|-67|CG0242262|-27|-67|CG0242263|-19|-69|CG0242264|-19|-68|CG0242265|-40|-68|CG0242266|-28|-57|CG0242267|-19|-66|CG0242267|-19|-66|CG0242267|-19|-66|CG0242268|-45|-80|CG0242268|-45|-80
582|4|7|986|7|CG0252963|-19|-74|CG0252964|-19|-72|CG0252965|-19|-71|CG0252951|-35|-72|CG0252952|-24|-57|CG0252952|-24|-57|CG0252953|-21|-66
582|4|8|1000|2|CG0242259|-19|-52|CG0242260|-25|-58
582|4|9|1000|1|CG0242261|-22|-51
582|4|10|1500|13|CG0242250|-31|-72|CG0242251|-31|-71|CG0242250|-31|-72|CG0242251|-31|-71|CG0242250|-31|-72|CG0242251|-31|-71|CG0242252|-20|-67|CG0242253|-19|-57|CG0242254|-16|-43|CG0242255|-18|-44|CG0242256|-28|-41|CG0242257|-27|-28|CG0242258|-28|-26
582|5|0|1000|6|CG0242314|-25|-72|CG0242315|-27|-71|CG0242316|-41|-72|CG0242317|-30|-85|CG0242318|-47|-71|CG0242319|-29|-71
582|5|1|800|6|CG0242320|-26|-67|CG0242321|-47|-57|CG0242322|-16|-59|CG0242323|-24|-59|CG0242324|-32|-61|CG0242325|-34|-64
582|5|2|100|2|CG0242288|-28|-86|CG0242289|-29|-72
582|5|3|500|3|CG0242290|-29|-38|CG0242291|-29|-38|CG0242292|-29|-39
582|5|4|100|2|CG0242293|-33|-59|CG0242294|-30|-70
582|5|5|1000|18|CG0242281|-28|-84|CG0242281|-28|-84|CG0242282|-36|-80|CG0242282|-36|-80|CG0242282|-36|-80|CG0242283|-35|-87|CG0242283|-35|-87|CG0242284|-34|-86|CG0242284|-34|-86|CG0242285|-32|-91|CG0242285|-32|-91|CG0242284|-34|-86|CG0242284|-34|-86|CG0242284|-34|-86|CG0242286|-39|-96|CG0242286|-39|-96|CG0242287|-42|-95|CG0242287|-42|-95
582|5|6|2000|17|CG0242314|-25|-72|CG0242315|-27|-71|CG0242316|-41|-72|CG0242317|-30|-85|CG0242318|-47|-71|CG0242319|-29|-71|CG0242307|-26|-67|CG0242307|-26|-67|CG0242308|-27|-69|CG0242309|-20|-69|CG0242310|-39|-71|CG0242311|-39|-58|CG0242312|-17|-66|CG0242312|-17|-66|CG0242312|-17|-66|CG0242313|-39|-82|CG0242313|-39|-82
582|5|7|986|7|CG0252985|-23|-73|CG0252986|-21|-72|CG0252987|-19|-71|CG0252973|-17|-76|CG0252974|-10|-50|CG0252974|-10|-50|CG0252975|-26|-63
582|5|8|1000|2|CG0242304|-25|-51|CG0242305|-36|-58
582|5|9|1000|1|CG0242306|-20|-52
582|5|10|1500|13|CG0242295|-25|-72|CG0242296|-25|-71|CG0242295|-25|-72|CG0242296|-25|-71|CG0242295|-25|-72|CG0242296|-25|-71|CG0242297|-25|-68|CG0242298|-24|-56|CG0242299|-25|-42|CG0242300|-28|-45|CG0242301|-27|-44|CG0242302|-26|-32|CG0242303|-30|-28
582|6|0|1000|6|CG0242359|-17|-72|CG0242360|-17|-71|CG0242361|-25|-82|CG0242362|-21|-93|CG0242363|-29|-74|CG0242364|-17|-72
582|6|1|800|6|CG0242365|-29|-76|CG0242366|-28|-60|CG0242367|-14|-60|CG0242368|-14|-60|CG0242369|-17|-66|CG0242370|-24|-70
582|6|2|100|2|CG0242333|-19|-92|CG0242334|-20|-80
582|6|3|500|3|CG0242335|-26|-45|CG0242336|-27|-46|CG0242337|-27|-47
582|6|4|100|2|CG0242338|-21|-67|CG0242339|-22|-72
582|6|5|1000|18|CG0242326|-36|-86|CG0242326|-36|-86|CG0242327|-36|-85|CG0242327|-36|-85|CG0242327|-36|-85|CG0242328|-44|-97|CG0242328|-44|-97|CG0242329|-38|-94|CG0242329|-38|-94|CG0242330|-41|-94|CG0242330|-41|-94|CG0242329|-38|-94|CG0242329|-38|-94|CG0242329|-38|-94|CG0242331|-37|-102|CG0242331|-37|-102|CG0242332|-25|-103|CG0242332|-25|-103
582|6|6|2000|17|CG0242359|-17|-72|CG0242360|-17|-71|CG0242361|-25|-82|CG0242362|-21|-93|CG0242363|-29|-74|CG0242364|-17|-72|CG0242352|-15|-68|CG0242352|-15|-68|CG0242353|-34|-68|CG0242354|-24|-68|CG0242355|-21|-70|CG0242356|-37|-64|CG0242357|-31|-66|CG0242357|-31|-66|CG0242357|-31|-66|CG0242358|-18|-81|CG0242358|-18|-81
582|6|7|986|7|CG0253007|-18|-74|CG0253008|-17|-73|CG0253009|-17|-73|CG0252995|-16|-77|CG0252996|-27|-48|CG0252996|-27|-48|CG0252997|-32|-63
582|6|8|1000|2|CG0242349|-35|-55|CG0242350|-28|-53
582|6|9|1000|1|CG0242351|-36|-51
582|6|10|1500|13|CG0242340|-10|-72|CG0242341|-13|-71|CG0242340|-10|-72|CG0242341|-13|-71|CG0242340|-10|-72|CG0242341|-13|-71|CG0242342|-17|-67|CG0242343|-22|-57|CG0242344|-39|-44|CG0242345|-44|-43|CG0242346|-38|-41|CG0242347|-34|-28|CG0242348|-33|-25
582|7|0|1000|6|CG0242404|-18|-72|CG0242405|-18|-72|CG0242406|-19|-85|CG0242407|-19|-97|CG0242408|-18|-78|CG0242409|-18|-73
582|7|1|800|6|CG0242410|-17|-84|CG0242411|-17|-63|CG0242412|-18|-62|CG0242413|-17|-62|CG0242414|-17|-67|CG0242415|-16|-73
582|7|2|100|2|CG0242378|-23|-88|CG0242379|-22|-83
582|7|3|500|3|CG0242380|-34|-45|CG0242381|-35|-45|CG0242382|-35|-47
582|7|4|100|2|CG0242383|-20|-70|CG0242384|-21|-75
582|7|5|1000|18|CG0242371|-36|-91|CG0242371|-36|-91|CG0242372|-42|-89|CG0242372|-42|-89|CG0242372|-42|-89|CG0242373|-55|-99|CG0242373|-55|-99|CG0242374|-47|-94|CG0242374|-47|-94|CG0242375|-57|-92|CG0242375|-57|-92|CG0242374|-47|-94|CG0242374|-47|-94|CG0242374|-47|-94|CG0242376|-44|-103|CG0242376|-44|-103|CG0242377|-27|-101|CG0242377|-27|-101
582|7|6|2000|17|CG0242404|-18|-72|CG0242405|-18|-72|CG0242406|-19|-85|CG0242407|-19|-97|CG0242408|-18|-78|CG0242409|-18|-73|CG0242397|-17|-69|CG0242397|-17|-69|CG0242398|-22|-68|CG0242399|-35|-68|CG0242400|-23|-67|CG0242401|-26|-69|CG0242402|-31|-67|CG0242402|-31|-67|CG0242402|-31|-67|CG0242403|-7|-79|CG0242403|-7|-79
582|7|7|986|7|CG0253029|-18|-74|CG0253030|-18|-74|CG0253031|-18|-74|CG0253017|-21|-72|CG0253018|-41|-54|CG0253018|-41|-54|CG0253019|-24|-67
582|7|8|1000|2|CG0242394|-36|-57|CG0242395|-16|-46
582|7|9|1000|1|CG0242396|-45|-53
582|7|10|1500|13|CG0242385|-11|-71|CG0242386|-16|-72|CG0242385|-11|-71|CG0242386|-16|-72|CG0242385|-11|-71|CG0242386|-16|-72|CG0242387|-18|-65|CG0242388|-29|-59|CG0242389|-38|-48|CG0242390|-39|-42|CG0242391|-34|-34|CG0242392|-39|-19|CG0242393|-39|-29
