578|0|0|1000|6|CG0240649|-26|-61|CG0240650|-26|-60|CG0240651|-26|-59|CG0240652|-26|-59|CG0240653|-26|-59|CG0240654|-26|-60
578|0|1|800|10|CG0240655|-26|-60|CG0240656|-22|-59|CG0240656|-22|-59|CG0240657|-25|-60|CG0240657|-25|-60|CG0240658|-27|-60|CG0240659|-27|-56|CG0240659|-27|-56|CG0240660|-26|-57|CG0240660|-26|-57
578|0|2|100|2|CG0242063|-19|-77|CG0242064|-19|-79
578|0|3|400|8|CG0240624|-24|-55|CG0240625|-28|-65|CG0240626|-27|-60|CG0240627|-31|-54|CG0240628|-32|-58|CG0240629|-32|-62|CG0240630|-34|-55|CG0240631|-23|-53
578|0|4|100|2|CG0242068|-20|-65|CG0242069|-24|-79
578|0|5|1000|23|CG0240616|-23|-59|CG0240616|-23|-59|CG0240617|-18|-63|CG0240617|-18|-63|CG0240617|-18|-63|CG0240618|-24|-60|CG0240618|-24|-60|CG0240618|-24|-60|CG0240618|-24|-60|CG0240619|-29|-57|CG0240619|-29|-57|CG0240619|-29|-57|CG0240619|-29|-57|CG0240619|-29|-57|CG0240620|-43|-87|CG0240620|-43|-87|CG0240621|-66|-74|CG0240621|-66|-74|CG0240622|-57|-66|CG0240622|-57|-66|CG0240623|-39|-74|CG0240623|-39|-74|CG0240623|-39|-74
578|0|6|2000|23|CG0240643|-31|-53|CG0240644|-34|-51|CG0240644|-34|-51|CG0240645|-22|-70|CG0240646|-22|-61|CG0240647|-23|-58|CG0240647|-23|-58|CG0240648|-28|-62|CG0240643|-31|-53|CG0240644|-34|-51|CG0240644|-34|-51|CG0240645|-22|-70|CG0240646|-22|-61|CG0240647|-23|-58|CG0240647|-23|-58|CG0240648|-28|-62|CG0240617|-18|-63|CG0240618|-24|-60|CG0240619|-29|-57|CG0240620|-43|-87|CG0240621|-66|-74|CG0240622|-57|-66|CG0240623|-39|-74
578|0|7|986|7|CG0252875|-18|-73|CG0252876|-22|-73|CG0252877|-23|-73|CG0252863|-17|-64|CG0252864|-34|-63|CG0252864|-34|-63|CG0252865|-22|-71
578|0|8|1000|2|CG0240640|-24|-76|CG0240641|-18|-67
578|0|9|1000|1|CG0240642|-25|-50
578|0|10|800|9|CG0240632|-35|-67|CG0240633|-12|-66|CG0240634|-20|-59|CG0240634|-20|-59|CG0240635|-38|-70|CG0240636|-61|-68|CG0240637|-60|-65|CG0240638|-62|-46|CG0240639|-64|-41
578|1|0|1000|6|CG0240694|-25|-61|CG0240695|-25|-61|CG0240696|-25|-60|CG0240697|-26|-60|CG0240698|-26|-60|CG0240699|-26|-61
578|1|1|800|10|CG0240700|-24|-61|CG0240701|-22|-59|CG0240701|-22|-59|CG0240702|-24|-61|CG0240702|-24|-61|CG0240703|-29|-61|CG0240704|-32|-58|CG0240704|-32|-58|CG0240705|-29|-59|CG0240705|-29|-59
578|1|2|100|2|CG0242108|-28|-75|CG0242109|-28|-70
578|1|3|400|8|CG0240669|-29|-58|CG0240670|-24|-65|CG0240671|-20|-58|CG0240672|-28|-54|CG0240673|-31|-60|CG0240674|-34|-64|CG0240675|-30|-59|CG0240676|-33|-56
578|1|4|100|2|CG0242113|-31|-54|CG0242114|-31|-81
578|1|5|1000|23|CG0240661|-22|-60|CG0240661|-22|-60|CG0240662|-15|-61|CG0240662|-15|-61|CG0240662|-15|-61|CG0240663|-18|-56|CG0240663|-18|-56|CG0240663|-18|-56|CG0240663|-18|-56|CG0240664|-19|-53|CG0240664|-19|-53|CG0240664|-19|-53|CG0240664|-19|-53|CG0240664|-19|-53|CG0240665|-22|-77|CG0240665|-22|-77|CG0240666|-24|-80|CG0240666|-24|-80|CG0240667|-27|-70|CG0240667|-27|-70|CG0240668|-28|-77|CG0240668|-28|-77|CG0240668|-28|-77
578|1|6|2000|23|CG0240688|-34|-57|CG0240689|-40|-55|CG0240689|-40|-55|CG0240690|-24|-73|CG0240691|-25|-65|CG0240692|-28|-59|CG0240692|-28|-59|CG0240693|-36|-69|CG0240688|-34|-57|CG0240689|-40|-55|CG0240689|-40|-55|CG0240690|-24|-73|CG0240691|-25|-65|CG0240692|-28|-59|CG0240692|-28|-59|CG0240693|-36|-69|CG0240662|-15|-61|CG0240663|-18|-56|CG0240664|-19|-53|CG0240665|-22|-77|CG0240666|-24|-80|CG0240667|-27|-70|CG0240668|-28|-77
578|1|7|986|7|CG0252897|-23|-72|CG0252898|-22|-72|CG0252899|-20|-72|CG0252885|-11|-60|CG0252886|-22|-70|CG0252886|-22|-70|CG0252887|-22|-73
578|1|8|1000|2|CG0240685|-28|-74|CG0240686|-36|-46
578|1|9|1000|1|CG0240687|-23|-51
578|1|10|800|9|CG0240677|-23|-63|CG0240678|-4|-60|CG0240679|-20|-57|CG0240679|-20|-57|CG0240680|-25|-77|CG0240681|-36|-67|CG0240682|-36|-57|CG0240683|-36|-46|CG0240684|-36|-43
578|2|0|1000|6|CG0240739|-23|-61|CG0240740|-22|-60|CG0240741|-22|-59|CG0240742|-22|-59|CG0240743|-22|-59|CG0240744|-22|-60
578|2|1|800|10|CG0240745|-25|-60|CG0240746|-30|-57|CG0240746|-30|-57|CG0240747|-23|-59|CG0240747|-23|-59|CG0240748|-22|-60|CG0240749|-24|-58|CG0240749|-24|-58|CG0240750|-24|-58|CG0240750|-24|-58
578|2|2|100|2|CG0242153|-36|-76|CG0242154|-26|-78
578|2|3|400|8|CG0240714|-31|-57|CG0240715|-39|-62|CG0240716|-37|-55|CG0240717|-30|-52|CG0240718|-21|-58|CG0240719|-24|-64|CG0240720|-33|-60|CG0240721|-32|-56
578|2|4|100|2|CG0242158|-33|-64|CG0242159|-22|-79
578|2|5|1000|23|CG0240706|-23|-59|CG0240706|-23|-59|CG0240707|-24|-57|CG0240707|-24|-57|CG0240707|-24|-57|CG0240708|-21|-52|CG0240708|-21|-52|CG0240708|-21|-52|CG0240708|-21|-52|CG0240709|-33|-50|CG0240709|-33|-50|CG0240709|-33|-50|CG0240709|-33|-50|CG0240709|-33|-50|CG0240710|-17|-72|CG0240710|-17|-72|CG0240711|-6|-73|CG0240711|-6|-73|CG0240712|-7|-63|CG0240712|-7|-63|CG0240713|-14|-76|CG0240713|-14|-76|CG0240713|-14|-76
578|2|6|2000|23|CG0240733|-31|-65|CG0240734|-33|-59|CG0240734|-33|-59|CG0240735|-26|-75|CG0240736|-19|-66|CG0240737|-21|-58|CG0240737|-21|-58|CG0240738|-26|-76|CG0240733|-31|-65|CG0240734|-33|-59|CG0240734|-33|-59|CG0240735|-26|-75|CG0240736|-19|-66|CG0240737|-21|-58|CG0240737|-21|-58|CG0240738|-26|-76|CG0240707|-24|-57|CG0240708|-21|-52|CG0240709|-33|-50|CG0240710|-17|-72|CG0240711|-6|-73|CG0240712|-7|-63|CG0240713|-14|-76
578|2|7|986|7|CG0252919|-18|-72|CG0252920|-13|-72|CG0252921|-10|-71|CG0252907|-29|-60|CG0252908|-24|-70|CG0252908|-24|-70|CG0252909|-26|-71
578|2|8|1000|2|CG0240730|-33|-64|CG0240731|-51|-56
578|2|9|1000|1|CG0240732|-25|-50
578|2|10|800|9|CG0240722|-12|-55|CG0240723|-6|-53|CG0240724|-16|-57|CG0240724|-16|-57|CG0240725|-18|-82|CG0240726|-21|-66|CG0240727|-19|-53|CG0240728|-14|-37|CG0240729|-23|-36
578|3|0|1000|6|CG0240784|-33|-59|CG0240785|-31|-58|CG0240786|-30|-58|CG0240787|-30|-57|CG0240788|-31|-58|CG0240789|-32|-58
578|3|1|800|10|CG0240790|-35|-60|CG0240791|-35|-58|CG0240791|-35|-58|CG0240792|-35|-60|CG0240792|-35|-60|CG0240793|-33|-60|CG0240794|-33|-58|CG0240794|-33|-58|CG0240795|-33|-59|CG0240795|-33|-59
578|3|2|100|2|CG0242198|-27|-88|CG0242199|-25|-83
578|3|3|400|8|CG0240759|-30|-56|CG0240760|-33|-59|CG0240761|-34|-52|CG0240762|-33|-52|CG0240763|-31|-57|CG0240764|-33|-62|CG0240765|-38|-59|CG0240766|-26|-55
578|3|4|100|2|CG0242203|-39|-71|CG0242204|-15|-75
578|3|5|1000|23|CG0240751|-23|-61|CG0240751|-23|-61|CG0240752|-26|-54|CG0240752|-26|-54|CG0240752|-26|-54|CG0240753|-28|-53|CG0240753|-28|-53|CG0240753|-28|-53|CG0240753|-28|-53|CG0240754|-45|-62|CG0240754|-45|-62|CG0240754|-45|-62|CG0240754|-45|-62|CG0240754|-45|-62|CG0240755|-23|-79|CG0240755|-23|-79|CG0240756|-5|-60|CG0240756|-5|-60|CG0240757|12|-51|CG0240757|12|-51|CG0240758|-11|-72|CG0240758|-11|-72|CG0240758|-11|-72
578|3|6|2000|23|CG0240778|-30|-67|CG0240779|-27|-63|CG0240779|-27|-63|CG0240780|-28|-75|CG0240781|-28|-64|CG0240782|-32|-57|CG0240782|-32|-57|CG0240783|-30|-76|CG0240778|-30|-67|CG0240779|-27|-63|CG0240779|-27|-63|CG0240780|-28|-75|CG0240781|-28|-64|CG0240782|-32|-57|CG0240782|-32|-57|CG0240783|-30|-76|CG0240752|-26|-54|CG0240753|-28|-53|CG0240754|-45|-62|CG0240755|-23|-79|CG0240756|-5|-60|CG0240757|12|-51|CG0240758|-11|-72
578|3|7|986|7|CG0252941|-14|-72|CG0252942|-12|-72|CG0252943|-14|-71|CG0252929|-40|-65|CG0252930|-29|-66|CG0252930|-29|-66|CG0252931|-21|-69
578|3|8|1000|2|CG0240775|-32|-57|CG0240776|-62|-74
578|3|9|1000|1|CG0240777|-24|-54
578|3|10|800|9|CG0240767|-16|-48|CG0240768|-18|-50|CG0240769|-43|-55|CG0240769|-43|-55|CG0240770|-9|-80|CG0240771|-22|-68|CG0240772|-18|-55|CG0240773|-17|-35|CG0240774|-24|-26
578|4|0|1000|6|CG0240829|-26|-62|CG0240830|-24|-61|CG0240831|-23|-60|CG0240832|-23|-60|CG0240833|-24|-60|CG0240834|-25|-61
578|4|1|800|10|CG0240835|-33|-63|CG0240836|-34|-60|CG0240836|-34|-60|CG0240837|-33|-62|CG0240837|-33|-62|CG0240838|-34|-62|CG0240839|-32|-59|CG0240839|-32|-59|CG0240840|-32|-60|CG0240840|-32|-60
578|4|2|100|2|CG0242243|-37|-91|CG0242244|-24|-81
578|4|3|400|8|CG0240804|-30|-57|CG0240805|-26|-57|CG0240806|-30|-54|CG0240807|-28|-52|CG0240808|-28|-57|CG0240809|-38|-59|CG0240810|-35|-57|CG0240811|-30|-54
578|4|4|100|2|CG0242248|-30|-68|CG0242249|-22|-72
578|4|5|1000|23|CG0240796|-19|-62|CG0240796|-19|-62|CG0240797|-27|-58|CG0240797|-27|-58|CG0240797|-27|-58|CG0240798|-36|-57|CG0240798|-36|-57|CG0240798|-36|-57|CG0240798|-36|-57|CG0240799|-43|-69|CG0240799|-43|-69|CG0240799|-43|-69|CG0240799|-43|-69|CG0240799|-43|-69|CG0240800|-27|-87|CG0240800|-27|-87|CG0240801|-6|-52|CG0240801|-6|-52|CG0240802|2|-46|CG0240802|2|-46|CG0240803|-13|-67|CG0240803|-13|-67|CG0240803|-13|-67
578|4|6|2000|23|CG0240823|-22|-61|CG0240824|-21|-61|CG0240824|-21|-61|CG0240825|-22|-72|CG0240826|-29|-62|CG0240827|-34|-55|CG0240827|-34|-55|CG0240828|-25|-71|CG0240823|-22|-61|CG0240824|-21|-61|CG0240824|-21|-61|CG0240825|-22|-72|CG0240826|-29|-62|CG0240827|-34|-55|CG0240827|-34|-55|CG0240828|-25|-71|CG0240797|-27|-58|CG0240798|-36|-57|CG0240799|-43|-69|CG0240800|-27|-87|CG0240801|-6|-52|CG0240802|2|-46|CG0240803|-13|-67
578|4|7|986|7|CG0252963|-19|-74|CG0252964|-19|-72|CG0252965|-19|-71|CG0252951|-35|-72|CG0252952|-24|-57|CG0252952|-24|-57|CG0252953|-21|-66
578|4|8|1000|2|CG0240820|-27|-60|CG0240821|-58|-82
578|4|9|1000|1|CG0240822|-22|-59
578|4|10|800|9|CG0240812|-30|-49|CG0240813|-29|-52|CG0240814|-46|-62|CG0240814|-46|-62|CG0240815|-28|-71|CG0240816|-41|-67|CG0240817|-30|-51|CG0240818|-31|-36|CG0240819|-38|-25
578|5|0|1000|6|CG0240874|-24|-64|CG0240875|-24|-62|CG0240876|-24|-61|CG0240877|-24|-61|CG0240878|-24|-62|CG0240879|-24|-63
578|5|1|800|10|CG0240880|-27|-63|CG0240881|-30|-61|CG0240881|-30|-61|CG0240882|-28|-63|CG0240882|-28|-63|CG0240883|-27|-63|CG0240884|-25|-60|CG0240884|-25|-60|CG0240885|-26|-61|CG0240885|-26|-61
578|5|2|100|2|CG0242288|-28|-86|CG0242289|-29|-72
578|5|3|400|8|CG0240849|-26|-57|CG0240850|-28|-60|CG0240851|-33|-56|CG0240852|-29|-53|CG0240853|-28|-57|CG0240854|-25|-59|CG0240855|-20|-56|CG0240856|-27|-52
578|5|4|100|2|CG0242293|-33|-59|CG0242294|-30|-70
578|5|5|1000|23|CG0240841|-25|-61|CG0240841|-25|-61|CG0240842|-32|-61|CG0240842|-32|-61|CG0240842|-32|-61|CG0240843|-32|-63|CG0240843|-32|-63|CG0240843|-32|-63|CG0240843|-32|-63|CG0240844|-31|-69|CG0240844|-31|-69|CG0240844|-31|-69|CG0240844|-31|-69|CG0240844|-31|-69|CG0240845|-37|-91|CG0240845|-37|-91|CG0240846|-17|-47|CG0240846|-17|-47|CG0240847|-24|-44|CG0240847|-24|-44|CG0240848|-25|-63|CG0240848|-25|-63|CG0240848|-25|-63
578|5|6|2000|23|CG0240868|-28|-57|CG0240869|-28|-55|CG0240869|-28|-55|CG0240870|-34|-69|CG0240871|-30|-60|CG0240872|-35|-54|CG0240872|-35|-54|CG0240873|-27|-64|CG0240868|-28|-57|CG0240869|-28|-55|CG0240869|-28|-55|CG0240870|-34|-69|CG0240871|-30|-60|CG0240872|-35|-54|CG0240872|-35|-54|CG0240873|-27|-64|CG0240842|-32|-61|CG0240843|-32|-63|CG0240844|-31|-69|CG0240845|-37|-91|CG0240846|-17|-47|CG0240847|-24|-44|CG0240848|-25|-63
578|5|7|986|7|CG0252985|-23|-73|CG0252986|-21|-72|CG0252987|-19|-71|CG0252973|-17|-76|CG0252974|-10|-50|CG0252974|-10|-50|CG0252975|-26|-63
578|5|8|1000|2|CG0240865|-37|-60|CG0240866|-46|-82
578|5|9|1000|1|CG0240867|-24|-62
578|5|10|800|9|CG0240857|-34|-51|CG0240858|-52|-57|CG0240859|-44|-72|CG0240859|-44|-72|CG0240860|-36|-61|CG0240861|-42|-61|CG0240862|-47|-46|CG0240863|-53|-40|CG0240864|-55|-24
578|6|0|1000|6|CG0240919|-24|-62|CG0240920|-24|-61|CG0240921|-24|-60|CG0240922|-24|-60|CG0240923|-24|-60|CG0240924|-24|-61
578|6|1|800|10|CG0240925|-25|-62|CG0240926|-26|-61|CG0240926|-26|-61|CG0240927|-23|-63|CG0240927|-23|-63|CG0240928|-24|-63|CG0240929|-22|-59|CG0240929|-22|-59|CG0240930|-23|-60|CG0240930|-23|-60
578|6|2|100|2|CG0242333|-19|-92|CG0242334|-20|-80
578|6|3|400|8|CG0240894|-26|-56|CG0240895|-34|-61|CG0240896|-34|-57|CG0240897|-24|-54|CG0240898|-25|-57|CG0240899|-30|-59|CG0240900|-26|-54|CG0240901|-26|-51
578|6|4|100|2|CG0242338|-21|-67|CG0242339|-22|-72
578|6|5|1000|23|CG0240886|-22|-62|CG0240886|-22|-62|CG0240887|-29|-66|CG0240887|-29|-66|CG0240887|-29|-66|CG0240888|-34|-67|CG0240888|-34|-67|CG0240888|-34|-67|CG0240888|-34|-67|CG0240889|-35|-64|CG0240889|-35|-64|CG0240889|-35|-64|CG0240889|-35|-64|CG0240889|-35|-64|CG0240890|-33|-90|CG0240890|-33|-90|CG0240891|-72|-53|CG0240891|-72|-53|CG0240892|-68|-49|CG0240892|-68|-49|CG0240893|-42|-64|CG0240893|-42|-64|CG0240893|-42|-64
578|6|6|2000|23|CG0240913|-27|-53|CG0240914|-27|-51|CG0240914|-27|-51|CG0240915|-29|-67|CG0240916|-27|-62|CG0240917|-27|-61|CG0240917|-27|-61|CG0240918|-25|-62|CG0240913|-27|-53|CG0240914|-27|-51|CG0240914|-27|-51|CG0240915|-29|-67|CG0240916|-27|-62|CG0240917|-27|-61|CG0240917|-27|-61|CG0240918|-25|-62|CG0240887|-29|-66|CG0240888|-34|-67|CG0240889|-35|-64|CG0240890|-33|-90|CG0240891|-72|-53|CG0240892|-68|-49|CG0240893|-42|-64
578|6|7|986|7|CG0253007|-18|-74|CG0253008|-17|-73|CG0253009|-17|-73|CG0252995|-16|-77|CG0252996|-27|-48|CG0252996|-27|-48|CG0252997|-32|-63
578|6|8|1000|2|CG0240910|-37|-64|CG0240911|-23|-90
578|6|9|1000|1|CG0240912|-22|-60
578|6|10|800|9|CG0240902|-48|-58|CG0240903|-51|-64|CG0240904|-35|-74|CG0240904|-35|-74|CG0240905|-44|-55|CG0240906|-39|-61|CG0240907|-48|-52|CG0240908|-52|-46|CG0240909|-48|-27
578|7|0|1000|6|CG0240964|-17|-59|CG0240965|-18|-58|CG0240966|-19|-58|CG0240967|-19|-57|CG0240968|-18|-58|CG0240969|-17|-58
578|7|1|800|10|CG0240970|-17|-60|CG0240971|-18|-60|CG0240971|-18|-60|CG0240972|-18|-61|CG0240972|-18|-61|CG0240973|-18|-61|CG0240974|-18|-58|CG0240974|-18|-58|CG0240975|-18|-58|CG0240975|-18|-58
578|7|2|100|2|CG0242378|-23|-88|CG0242379|-22|-83
578|7|3|400|8|CG0240939|-21|-54|CG0240940|-28|-62|CG0240941|-27|-60|CG0240942|-21|-54|CG0240943|-22|-56|CG0240944|-30|-59|CG0240945|-27|-53|CG0240946|-24|-51
578|7|4|100|2|CG0242383|-20|-70|CG0242384|-21|-75
578|7|5|1000|23|CG0240931|-23|-61|CG0240931|-23|-61|CG0240932|-25|-67|CG0240932|-25|-67|CG0240932|-25|-67|CG0240933|-24|-63|CG0240933|-24|-63|CG0240933|-24|-63|CG0240933|-24|-63|CG0240934|-31|-59|CG0240934|-31|-59|CG0240934|-31|-59|CG0240934|-31|-59|CG0240934|-31|-59|CG0240935|-51|-90|CG0240935|-51|-90|CG0240936|-96|-62|CG0240936|-96|-62|CG0240937|-88|-56|CG0240937|-88|-56|CG0240938|-42|-68|CG0240938|-42|-68|CG0240938|-42|-68
578|7|6|2000|23|CG0240958|-19|-54|CG0240959|-19|-51|CG0240959|-19|-51|CG0240960|-19|-66|CG0240961|-18|-62|CG0240962|-19|-62|CG0240962|-19|-62|CG0240963|-19|-60|CG0240958|-19|-54|CG0240959|-19|-51|CG0240959|-19|-51|CG0240960|-19|-66|CG0240961|-18|-62|CG0240962|-19|-62|CG0240962|-19|-62|CG0240963|-19|-60|CG0240932|-25|-67|CG0240933|-24|-63|CG0240934|-31|-59|CG0240935|-51|-90|CG0240936|-96|-62|CG0240937|-88|-56|CG0240938|-42|-68
578|7|7|986|7|CG0253029|-18|-74|CG0253030|-18|-74|CG0253031|-18|-74|CG0253017|-21|-72|CG0253018|-41|-54|CG0253018|-41|-54|CG0253019|-24|-67
578|7|8|1000|2|CG0240955|-30|-73|CG0240956|-10|-85
578|7|9|1000|1|CG0240957|-29|-53
578|7|10|800|9|CG0240947|-37|-65|CG0240948|-29|-68|CG0240949|-26|-65|CG0240949|-26|-65|CG0240950|-51|-59|CG0240951|-53|-70|CG0240952|-53|-64|CG0240953|-54|-47|CG0240954|-59|-36
