577|0|0|1200|6|CG0240289|-26|-61|CG0240290|-26|-60|CG0240291|-26|-59|CG0240292|-26|-59|CG0240293|-26|-59|CG0240294|-26|-60
577|0|1|500|6|CG0240295|-26|-60|CG0240296|-22|-59|CG0240297|-25|-60|CG0240298|-27|-60|CG0240299|-27|-56|CG0240300|-26|-57
577|0|2|100|2|CG0242063|-19|-77|CG0242064|-19|-79
577|0|3|500|8|CG0240264|-24|-55|CG0240265|-28|-65|CG0240266|-27|-60|CG0240267|-31|-54|CG0240268|-32|-58|CG0240269|-32|-62|CG0240270|-34|-55|CG0240271|-23|-53
577|0|4|100|2|CG0242068|-20|-65|CG0242069|-24|-79
577|0|5|1000|20|CG0240256|-23|-59|CG0240256|-23|-59|CG0240257|-17|-63|CG0240257|-17|-63|CG0240257|-17|-63|CG0240258|-24|-60|CG0240258|-24|-60|CG0240258|-24|-60|CG0240258|-24|-60|CG0240259|-29|-57|CG0240259|-29|-57|CG0240260|-43|-88|CG0240260|-43|-88|CG0240261|-61|-74|CG0240261|-61|-74|CG0240262|-50|-66|CG0240262|-50|-66|CG0240263|-39|-75|CG0240263|-39|-75|CG0240263|-39|-75
577|0|6|2000|23|CG0240283|-31|-54|CG0240284|-34|-51|CG0240284|-34|-51|CG0240285|-22|-70|CG0240286|-22|-62|CG0240287|-23|-58|CG0240287|-23|-58|CG0240288|-28|-62|CG0240283|-31|-54|CG0240284|-34|-51|CG0240284|-34|-51|CG0240285|-22|-70|CG0240286|-22|-62|CG0240287|-23|-58|CG0240287|-23|-58|CG0240288|-28|-62|CG0240257|-17|-63|CG0240258|-24|-60|CG0240259|-29|-57|CG0240260|-43|-88|CG0240261|-61|-74|CG0240262|-50|-66|CG0240263|-39|-75
577|0|7|986|7|CG0252875|-18|-73|CG0252876|-22|-73|CG0252877|-23|-73|CG0252863|-17|-64|CG0252864|-34|-63|CG0252864|-34|-63|CG0252865|-22|-71
577|0|8|1000|2|CG0240280|-24|-76|CG0240281|-18|-67
577|0|9|1000|1|CG0240282|-25|-50
577|0|10|800|8|CG0240272|-35|-67|CG0240273|-12|-66|CG0240274|-20|-59|CG0240275|-38|-70|CG0240276|-64|-68|CG0240277|-64|-65|CG0240278|-67|-46|CG0240279|-69|-41
577|1|0|1200|6|CG0240334|-25|-61|CG0240335|-25|-61|CG0240336|-25|-60|CG0240337|-26|-60|CG0240338|-26|-60|CG0240339|-26|-61
577|1|1|500|6|CG0240340|-24|-61|CG0240341|-22|-59|CG0240342|-24|-61|CG0240343|-29|-61|CG0240344|-32|-58|CG0240345|-29|-59
577|1|2|100|2|CG0242108|-28|-75|CG0242109|-28|-70
577|1|3|500|8|CG0240309|-29|-58|CG0240310|-24|-65|CG0240311|-20|-58|CG0240312|-28|-54|CG0240313|-31|-60|CG0240314|-34|-64|CG0240315|-30|-59|CG0240316|-33|-56
577|1|4|100|2|CG0242113|-31|-54|CG0242114|-31|-81
577|1|5|1000|20|CG0240301|-22|-60|CG0240301|-22|-60|CG0240302|-15|-61|CG0240302|-15|-61|CG0240302|-15|-61|CG0240303|-17|-56|CG0240303|-17|-56|CG0240303|-17|-56|CG0240303|-17|-56|CG0240304|-18|-53|CG0240304|-18|-53|CG0240305|-22|-76|CG0240305|-22|-76|CG0240306|-24|-80|CG0240306|-24|-80|CG0240307|-27|-70|CG0240307|-27|-70|CG0240308|-28|-77|CG0240308|-28|-77|CG0240308|-28|-77
577|1|6|2000|23|CG0240328|-35|-57|CG0240329|-40|-55|CG0240329|-40|-55|CG0240330|-24|-73|CG0240331|-25|-65|CG0240332|-28|-59|CG0240332|-28|-59|CG0240333|-36|-70|CG0240328|-35|-57|CG0240329|-40|-55|CG0240329|-40|-55|CG0240330|-24|-73|CG0240331|-25|-65|CG0240332|-28|-59|CG0240332|-28|-59|CG0240333|-36|-70|CG0240302|-15|-61|CG0240303|-17|-56|CG0240304|-18|-53|CG0240305|-22|-76|CG0240306|-24|-80|CG0240307|-27|-70|CG0240308|-28|-77
577|1|7|986|7|CG0252897|-23|-72|CG0252898|-22|-72|CG0252899|-20|-72|CG0252885|-11|-60|CG0252886|-22|-70|CG0252886|-22|-70|CG0252887|-22|-73
577|1|8|1000|2|CG0240325|-28|-74|CG0240326|-36|-46
577|1|9|1000|1|CG0240327|-23|-51
577|1|10|800|8|CG0240317|-23|-63|CG0240318|-4|-60|CG0240319|-20|-57|CG0240320|-28|-76|CG0240321|-46|-67|CG0240322|-46|-57|CG0240323|-46|-46|CG0240324|-46|-43
577|2|0|1200|6|CG0240379|-22|-61|CG0240380|-22|-60|CG0240381|-22|-59|CG0240382|-22|-59|CG0240383|-22|-59|CG0240384|-22|-60
577|2|1|500|6|CG0240385|-25|-60|CG0240386|-30|-57|CG0240387|-23|-59|CG0240388|-22|-60|CG0240389|-24|-58|CG0240390|-24|-58
577|2|2|100|2|CG0242153|-36|-76|CG0242154|-26|-78
577|2|3|500|8|CG0240354|-31|-57|CG0240355|-39|-62|CG0240356|-37|-55|CG0240357|-30|-52|CG0240358|-21|-58|CG0240359|-24|-64|CG0240360|-33|-60|CG0240361|-32|-56
577|2|4|100|2|CG0242158|-33|-64|CG0242159|-22|-79
577|2|5|1000|20|CG0240346|-24|-59|CG0240346|-24|-59|CG0240347|-21|-57|CG0240347|-21|-57|CG0240347|-21|-57|CG0240348|-19|-52|CG0240348|-19|-52|CG0240348|-19|-52|CG0240348|-19|-52|CG0240349|-29|-49|CG0240349|-29|-49|CG0240350|-17|-71|CG0240350|-17|-71|CG0240351|-6|-73|CG0240351|-6|-73|CG0240352|-7|-63|CG0240352|-7|-63|CG0240353|-14|-73|CG0240353|-14|-73|CG0240353|-14|-73
577|2|6|2000|23|CG0240373|-30|-65|CG0240374|-33|-59|CG0240374|-33|-59|CG0240375|-26|-75|CG0240376|-19|-66|CG0240377|-21|-58|CG0240377|-21|-58|CG0240378|-26|-76|CG0240373|-30|-65|CG0240374|-33|-59|CG0240374|-33|-59|CG0240375|-26|-75|CG0240376|-19|-66|CG0240377|-21|-58|CG0240377|-21|-58|CG0240378|-26|-76|CG0240347|-21|-57|CG0240348|-19|-52|CG0240349|-29|-49|CG0240350|-17|-71|CG0240351|-6|-73|CG0240352|-7|-63|CG0240353|-14|-73
577|2|7|986|7|CG0252919|-18|-72|CG0252920|-13|-72|CG0252921|-10|-71|CG0252907|-29|-60|CG0252908|-24|-70|CG0252908|-24|-70|CG0252909|-26|-71
577|2|8|1000|2|CG0240370|-33|-63|CG0240371|-51|-57
577|2|9|1000|1|CG0240372|-25|-50
577|2|10|800|8|CG0240362|-12|-55|CG0240363|-5|-53|CG0240364|-16|-57|CG0240365|-20|-82|CG0240366|-21|-68|CG0240367|-19|-55|CG0240368|-14|-39|CG0240369|-23|-37
577|3|0|1200|6|CG0240424|-35|-59|CG0240425|-34|-58|CG0240426|-33|-58|CG0240427|-33|-57|CG0240428|-34|-58|CG0240429|-35|-58
577|3|1|500|6|CG0240430|-36|-60|CG0240431|-37|-58|CG0240432|-36|-60|CG0240433|-33|-60|CG0240434|-33|-58|CG0240435|-33|-59
577|3|2|100|2|CG0242198|-27|-88|CG0242199|-25|-83
577|3|3|500|8|CG0240399|-29|-56|CG0240400|-33|-59|CG0240401|-34|-52|CG0240402|-35|-52|CG0240403|-32|-57|CG0240404|-33|-62|CG0240405|-38|-59|CG0240406|-25|-55
577|3|4|100|2|CG0242203|-39|-71|CG0242204|-15|-75
577|3|5|1000|20|CG0240391|-27|-64|CG0240391|-27|-64|CG0240392|-24|-71|CG0240392|-24|-71|CG0240392|-24|-71|CG0240393|-28|-55|CG0240393|-28|-55|CG0240393|-28|-55|CG0240393|-28|-55|CG0240394|-46|-55|CG0240394|-46|-55|CG0240395|-22|-70|CG0240395|-22|-70|CG0240396|-5|-60|CG0240396|-5|-60|CG0240397|12|-52|CG0240397|12|-52|CG0240398|-11|-68|CG0240398|-11|-68|CG0240398|-11|-68
577|3|6|2000|23|CG0240418|-32|-67|CG0240419|-30|-63|CG0240419|-30|-63|CG0240420|-29|-75|CG0240421|-31|-64|CG0240422|-34|-57|CG0240422|-34|-57|CG0240423|-33|-76|CG0240418|-32|-67|CG0240419|-30|-63|CG0240419|-30|-63|CG0240420|-29|-75|CG0240421|-31|-64|CG0240422|-34|-57|CG0240422|-34|-57|CG0240423|-33|-76|CG0240392|-24|-71|CG0240393|-28|-55|CG0240394|-46|-55|CG0240395|-22|-70|CG0240396|-5|-60|CG0240397|12|-52|CG0240398|-11|-68
577|3|7|986|7|CG0252941|-14|-72|CG0252942|-12|-72|CG0252943|-14|-71|CG0252929|-40|-65|CG0252930|-29|-66|CG0252930|-29|-66|CG0252931|-21|-69
577|3|8|1000|2|CG0240415|-32|-57|CG0240416|-62|-74
577|3|9|1000|1|CG0240417|-30|-54
577|3|10|800|8|CG0240407|-16|-48|CG0240408|-18|-50|CG0240409|-46|-55|CG0240410|-10|-84|CG0240411|-22|-68|CG0240412|-18|-55|CG0240413|-17|-36|CG0240414|-24|-26
577|4|0|1200|6|CG0240469|-34|-62|CG0240470|-33|-61|CG0240471|-32|-60|CG0240472|-32|-60|CG0240473|-33|-60|CG0240474|-34|-61
577|4|1|500|6|CG0240475|-39|-63|CG0240476|-41|-60|CG0240477|-40|-62|CG0240478|-40|-62|CG0240479|-39|-59|CG0240480|-39|-61
577|4|2|100|2|CG0242243|-37|-91|CG0242244|-24|-81
577|4|3|500|8|CG0240444|-35|-57|CG0240445|-34|-57|CG0240446|-38|-54|CG0240447|-37|-52|CG0240448|-36|-57|CG0240449|-38|-59|CG0240450|-35|-57|CG0240451|-33|-54
577|4|4|100|2|CG0242248|-30|-68|CG0242249|-22|-72
577|4|5|1000|20|CG0240436|-18|-66|CG0240436|-18|-66|CG0240437|-26|-61|CG0240437|-26|-61|CG0240437|-26|-61|CG0240438|-35|-57|CG0240438|-35|-57|CG0240438|-35|-57|CG0240438|-35|-57|CG0240439|-47|-62|CG0240439|-47|-62|CG0240440|-28|-78|CG0240440|-28|-78|CG0240441|-6|-52|CG0240441|-6|-52|CG0240442|1|-46|CG0240442|1|-46|CG0240443|-13|-55|CG0240443|-13|-55|CG0240443|-13|-55
577|4|6|2000|23|CG0240463|-29|-61|CG0240464|-27|-61|CG0240464|-27|-61|CG0240465|-30|-72|CG0240466|-35|-62|CG0240467|-39|-55|CG0240467|-39|-55|CG0240468|-31|-71|CG0240463|-29|-61|CG0240464|-27|-61|CG0240464|-27|-61|CG0240465|-30|-72|CG0240466|-35|-62|CG0240467|-39|-55|CG0240467|-39|-55|CG0240468|-31|-71|CG0240437|-26|-61|CG0240438|-35|-57|CG0240439|-47|-62|CG0240440|-28|-78|CG0240441|-6|-52|CG0240442|1|-46|CG0240443|-13|-55
577|4|7|986|7|CG0252963|-19|-74|CG0252964|-19|-72|CG0252965|-19|-71|CG0252951|-35|-72|CG0252952|-24|-57|CG0252952|-24|-57|CG0252953|-21|-66
577|4|8|1000|2|CG0240460|-27|-60|CG0240461|-59|-82
577|4|9|1000|1|CG0240462|-30|-58
577|4|10|800|8|CG0240452|-30|-49|CG0240453|-31|-52|CG0240454|-54|-63|CG0240455|-28|-78|CG0240456|-41|-67|CG0240457|-30|-50|CG0240458|-31|-36|CG0240459|-38|-25
577|5|0|1200|6|CG0240514|-24|-64|CG0240515|-24|-62|CG0240516|-24|-61|CG0240517|-24|-61|CG0240518|-24|-62|CG0240519|-24|-63
577|5|1|500|6|CG0240520|-27|-63|CG0240521|-30|-61|CG0240522|-28|-63|CG0240523|-28|-63|CG0240524|-26|-60|CG0240525|-27|-61
577|5|2|100|2|CG0242288|-28|-86|CG0242289|-29|-72
577|5|3|500|8|CG0240489|-26|-57|CG0240490|-28|-60|CG0240491|-33|-56|CG0240492|-29|-53|CG0240493|-28|-57|CG0240494|-26|-59|CG0240495|-24|-56|CG0240496|-27|-52
577|5|4|100|2|CG0242293|-33|-59|CG0242294|-30|-70
577|5|5|1000|20|CG0240481|-25|-64|CG0240481|-25|-64|CG0240482|-34|-61|CG0240482|-34|-61|CG0240482|-34|-61|CG0240483|-31|-63|CG0240483|-31|-63|CG0240483|-31|-63|CG0240483|-31|-63|CG0240484|-32|-65|CG0240484|-32|-65|CG0240485|-40|-82|CG0240485|-40|-82|CG0240486|-17|-47|CG0240486|-17|-47|CG0240487|-24|-44|CG0240487|-24|-44|CG0240488|-25|-64|CG0240488|-25|-64|CG0240488|-25|-64
577|5|6|2000|23|CG0240508|-28|-57|CG0240509|-28|-55|CG0240509|-28|-55|CG0240510|-34|-69|CG0240511|-30|-60|CG0240512|-35|-54|CG0240512|-35|-54|CG0240513|-27|-64|CG0240508|-28|-57|CG0240509|-28|-55|CG0240509|-28|-55|CG0240510|-34|-69|CG0240511|-30|-60|CG0240512|-35|-54|CG0240512|-35|-54|CG0240513|-27|-64|CG0240482|-34|-61|CG0240483|-31|-63|CG0240484|-32|-65|CG0240485|-40|-82|CG0240486|-17|-47|CG0240487|-24|-44|CG0240488|-25|-64
577|5|7|986|7|CG0252985|-23|-73|CG0252986|-21|-72|CG0252987|-19|-71|CG0252973|-17|-76|CG0252974|-10|-50|CG0252974|-10|-50|CG0252975|-26|-63
577|5|8|1000|2|CG0240505|-37|-60|CG0240506|-46|-82
577|5|9|1000|1|CG0240507|-24|-62
577|5|10|800|8|CG0240497|-34|-51|CG0240498|-53|-57|CG0240499|-44|-72|CG0240500|-36|-68|CG0240501|-42|-61|CG0240502|-47|-46|CG0240503|-53|-40|CG0240504|-55|-24
577|6|0|1200|6|CG0240559|-24|-62|CG0240560|-24|-61|CG0240561|-25|-60|CG0240562|-26|-60|CG0240563|-24|-60|CG0240564|-24|-61
577|6|1|500|6|CG0240565|-25|-62|CG0240566|-26|-61|CG0240567|-26|-63|CG0240568|-26|-63|CG0240569|-24|-59|CG0240570|-25|-60
577|6|2|100|2|CG0242333|-19|-92|CG0242334|-20|-80
577|6|3|500|8|CG0240534|-26|-56|CG0240535|-35|-60|CG0240536|-34|-57|CG0240537|-27|-54|CG0240538|-28|-57|CG0240539|-32|-59|CG0240540|-27|-54|CG0240541|-28|-51
577|6|4|100|2|CG0242338|-21|-67|CG0242339|-22|-72
577|6|5|1000|20|CG0240526|-23|-62|CG0240526|-23|-62|CG0240527|-27|-65|CG0240527|-27|-65|CG0240527|-27|-65|CG0240528|-35|-69|CG0240528|-35|-69|CG0240528|-35|-69|CG0240528|-35|-69|CG0240529|-35|-65|CG0240529|-35|-65|CG0240530|-34|-86|CG0240530|-34|-86|CG0240531|-75|-53|CG0240531|-75|-53|CG0240532|-70|-49|CG0240532|-70|-49|CG0240533|-45|-66|CG0240533|-45|-66|CG0240533|-45|-66
577|6|6|2000|23|CG0240553|-27|-53|CG0240554|-27|-51|CG0240554|-27|-51|CG0240555|-29|-67|CG0240556|-27|-62|CG0240557|-28|-61|CG0240557|-28|-61|CG0240558|-25|-62|CG0240553|-27|-53|CG0240554|-27|-51|CG0240554|-27|-51|CG0240555|-29|-67|CG0240556|-27|-62|CG0240557|-28|-61|CG0240557|-28|-61|CG0240558|-25|-62|CG0240527|-27|-65|CG0240528|-35|-69|CG0240529|-35|-65|CG0240530|-34|-86|CG0240531|-75|-53|CG0240532|-70|-49|CG0240533|-45|-66
577|6|7|986|7|CG0253007|-18|-74|CG0253008|-17|-73|CG0253009|-17|-73|CG0252995|-16|-77|CG0252996|-27|-48|CG0252996|-27|-48|CG0252997|-32|-63
577|6|8|1000|2|CG0240550|-39|-67|CG0240551|-23|-90
577|6|9|1000|1|CG0240552|-22|-62
577|6|10|800|8|CG0240542|-47|-58|CG0240543|-50|-64|CG0240544|-35|-74|CG0240545|-44|-60|CG0240546|-39|-61|CG0240547|-48|-52|CG0240548|-52|-46|CG0240549|-48|-27
577|7|0|1200|6|CG0240604|-17|-59|CG0240605|-18|-58|CG0240606|-19|-58|CG0240607|-19|-57|CG0240608|-18|-58|CG0240609|-17|-58
577|7|1|500|6|CG0240610|-17|-60|CG0240611|-18|-60|CG0240612|-18|-61|CG0240613|-18|-61|CG0240614|-18|-58|CG0240615|-18|-58
577|7|2|100|2|CG0242378|-23|-88|CG0242379|-22|-83
577|7|3|500|8|CG0240579|-21|-54|CG0240580|-28|-62|CG0240581|-27|-60|CG0240582|-21|-54|CG0240583|-22|-56|CG0240584|-30|-59|CG0240585|-27|-53|CG0240586|-24|-51
577|7|4|100|2|CG0242383|-20|-70|CG0242384|-21|-75
577|7|5|1000|20|CG0240571|-23|-61|CG0240571|-23|-61|CG0240572|-26|-65|CG0240572|-26|-65|CG0240572|-26|-65|CG0240573|-24|-67|CG0240573|-24|-67|CG0240573|-24|-67|CG0240573|-24|-67|CG0240574|-31|-59|CG0240574|-31|-59|CG0240575|-51|-91|CG0240575|-51|-91|CG0240576|-95|-62|CG0240576|-95|-62|CG0240577|-83|-55|CG0240577|-83|-55|CG0240578|-45|-70|CG0240578|-45|-70|CG0240578|-45|-70
577|7|6|2000|23|CG0240598|-19|-54|CG0240599|-19|-51|CG0240599|-19|-51|CG0240600|-19|-66|CG0240601|-19|-62|CG0240602|-19|-62|CG0240602|-19|-62|CG0240603|-19|-60|CG0240598|-19|-54|CG0240599|-19|-51|CG0240599|-19|-51|CG0240600|-19|-66|CG0240601|-19|-62|CG0240602|-19|-62|CG0240602|-19|-62|CG0240603|-19|-60|CG0240572|-26|-65|CG0240573|-24|-67|CG0240574|-31|-59|CG0240575|-51|-91|CG0240576|-95|-62|CG0240577|-83|-55|CG0240578|-45|-70
577|7|7|986|7|CG0253029|-18|-74|CG0253030|-18|-74|CG0253031|-18|-74|CG0253017|-21|-72|CG0253018|-41|-54|CG0253018|-41|-54|CG0253019|-24|-67
577|7|8|1000|2|CG0240595|-31|-72|CG0240596|-10|-84
577|7|9|1000|1|CG0240597|-29|-54
577|7|10|800|8|CG0240587|-36|-65|CG0240588|-29|-68|CG0240589|-26|-64|CG0240590|-51|-59|CG0240591|-53|-70|CG0240592|-53|-64|CG0240593|-53|-47|CG0240594|-58|-36
