570|0|0|1500|6|CG0237989|-35|-52|CG0237990|-27|-51|CG0237991|-22|-51|CG0237992|-21|-51|CG0237993|-30|-50|CG0237994|-36|-51
570|0|1|1000|6|CG0237995|-35|-50|CG0237996|-30|-52|CG0237997|-27|-49|CG0237998|-31|-51|CG0237999|-36|-52|CG0238000|-35|-48
570|0|2|500|2|CG0237970|-39|-49|CG0237971|-38|-51
570|0|3|200|6|CG0237972|-41|-55|CG0237973|-36|-55|CG0237974|-30|-53|CG0237975|-34|-52|CG0237976|-39|-53|CG0237977|-42|-53
570|0|4|100|2|CG0242068|-20|-65|CG0242069|-24|-79
570|0|5|1000|24|CG0237960|-40|-53|CG0237960|-40|-53|CG0237962|-45|-54|CG0237962|-45|-54|CG0237963|-29|-62|CG0237963|-29|-62|CG0237964|-18|-58|CG0237964|-18|-58|CG0237964|-18|-58|CG0237964|-18|-58|CG0237965|-23|-66|CG0237965|-23|-66|CG0237966|-32|-76|CG0237966|-32|-76|CG0237967|-57|-59|CG0237967|-57|-59|CG0237968|-42|-51|CG0237968|-42|-51|CG0237968|-42|-51|CG0237968|-42|-51|CG0237969|-39|-53|CG0237969|-39|-53|CG0237961|-35|-55|CG0237961|-35|-55
570|0|6|2000|17|CG0237989|-35|-52|CG0237990|-27|-51|CG0237991|-22|-51|CG0237992|-21|-51|CG0237993|-30|-50|CG0237994|-36|-51|CG0237989|-35|-52|CG0237990|-27|-51|CG0237991|-22|-51|CG0237992|-21|-51|CG0237993|-30|-50|CG0237994|-36|-51|CG0237987|-39|-52|CG0237988|-19|-69|CG0237988|-19|-69|CG0237988|-19|-69|CG0237988|-19|-69
570|0|7|986|7|CG0252875|-18|-73|CG0252876|-22|-73|CG0252877|-23|-73|CG0252863|-17|-64|CG0252864|-34|-63|CG0252864|-34|-63|CG0252865|-22|-71
570|0|8|1000|2|CG0237984|-40|-49|CG0237985|-19|-50
570|0|9|1000|1|CG0237986|-26|-44
570|0|10|1000|6|CG0237978|-40|-48|CG0237979|-37|-49|CG0237980|-37|-49|CG0237981|-43|-49|CG0237982|-48|-45|CG0237983|-52|-41
570|1|0|1500|6|CG0238030|-21|-51|CG0238031|-21|-51|CG0238032|-21|-51|CG0238033|-22|-50|CG0238034|-22|-51|CG0238035|-21|-51
570|1|1|1000|6|CG0238036|-21|-51|CG0238037|-19|-51|CG0238038|-21|-49|CG0238039|-22|-50|CG0238040|-25|-52|CG0238041|-21|-48
570|1|2|500|2|CG0238011|-30|-49|CG0238012|-39|-51
570|1|3|200|6|CG0238013|-29|-55|CG0238014|-30|-55|CG0238015|-28|-55|CG0238016|-26|-55|CG0238017|-27|-56|CG0238018|-26|-54
570|1|4|100|2|CG0242113|-31|-54|CG0242114|-31|-81
570|1|5|1000|24|CG0238001|-21|-54|CG0238001|-21|-54|CG0238003|-28|-53|CG0238003|-28|-53|CG0238004|-24|-69|CG0238004|-24|-69|CG0238005|-22|-53|CG0238005|-22|-53|CG0238005|-22|-53|CG0238005|-22|-53|CG0238006|-22|-62|CG0238006|-22|-62|CG0238007|-32|-83|CG0238007|-32|-83|CG0238008|-27|-70|CG0238008|-27|-70|CG0238009|-23|-59|CG0238009|-23|-59|CG0238009|-23|-59|CG0238009|-23|-59|CG0238010|-24|-60|CG0238010|-24|-60|CG0238002|-22|-58|CG0238002|-22|-58
570|1|6|2000|17|CG0238030|-21|-51|CG0238031|-21|-51|CG0238032|-21|-51|CG0238033|-22|-50|CG0238034|-22|-51|CG0238035|-21|-51|CG0238030|-21|-51|CG0238031|-21|-51|CG0238032|-21|-51|CG0238033|-22|-50|CG0238034|-22|-51|CG0238035|-21|-51|CG0238028|-28|-51|CG0238029|-21|-67|CG0238029|-21|-67|CG0238029|-21|-67|CG0238029|-21|-67
570|1|7|986|7|CG0252897|-23|-72|CG0252898|-22|-72|CG0252899|-20|-72|CG0252885|-11|-60|CG0252886|-22|-70|CG0252886|-22|-70|CG0252887|-22|-73
570|1|8|1000|2|CG0238025|-22|-47|CG0238026|-21|-57
570|1|9|1000|1|CG0238027|-21|-48
570|1|10|1000|6|CG0238019|-23|-49|CG0238020|-22|-59|CG0238021|-27|-60|CG0238022|-29|-51|CG0238023|-31|-50|CG0238024|-39|-42
570|2|0|1500|6|CG0238071|-16|-51|CG0238072|-16|-51|CG0238073|-16|-51|CG0238074|-17|-51|CG0238075|-17|-52|CG0238076|-17|-51
570|2|1|1000|6|CG0238077|-22|-52|CG0238078|-14|-52|CG0238079|-17|-49|CG0238080|-17|-49|CG0238081|-19|-52|CG0238082|-25|-48
570|2|2|500|2|CG0238052|-21|-50|CG0238053|-34|-51
570|2|3|200|6|CG0238054|-19|-54|CG0238055|-22|-53|CG0238056|-25|-53|CG0238057|-22|-55|CG0238058|-18|-56|CG0238059|-24|-54
570|2|4|100|2|CG0242158|-33|-64|CG0242159|-22|-79
570|2|5|1000|24|CG0238042|-16|-54|CG0238042|-16|-54|CG0238044|-18|-54|CG0238044|-18|-54|CG0238045|-21|-70|CG0238045|-21|-70|CG0238046|-24|-51|CG0238046|-24|-51|CG0238046|-24|-51|CG0238046|-24|-51|CG0238047|-24|-62|CG0238047|-24|-62|CG0238048|-18|-87|CG0238048|-18|-87|CG0238049|-23|-68|CG0238049|-23|-68|CG0238050|-28|-58|CG0238050|-28|-58|CG0238050|-28|-58|CG0238050|-28|-58|CG0238051|-10|-57|CG0238051|-10|-57|CG0238043|-9|-56|CG0238043|-9|-56
570|2|6|2000|17|CG0238071|-16|-51|CG0238072|-16|-51|CG0238073|-16|-51|CG0238074|-17|-51|CG0238075|-17|-52|CG0238076|-17|-51|CG0238071|-16|-51|CG0238072|-16|-51|CG0238073|-16|-51|CG0238074|-17|-51|CG0238075|-17|-52|CG0238076|-17|-51|CG0238069|-16|-51|CG0238070|-16|-66|CG0238070|-16|-66|CG0238070|-16|-66|CG0238070|-16|-66
570|2|7|986|7|CG0252919|-18|-72|CG0252920|-13|-72|CG0252921|-10|-71|CG0252907|-29|-60|CG0252908|-24|-70|CG0252908|-24|-70|CG0252909|-26|-71
570|2|8|1000|2|CG0238066|-24|-49|CG0238067|-29|-62
570|2|9|1000|1|CG0238068|-16|-47
570|2|10|1000|6|CG0238060|-18|-48|CG0238061|-18|-60|CG0238062|-19|-66|CG0238063|-19|-59|CG0238064|-19|-46|CG0238065|-19|-36
570|3|0|1500|6|CG0238112|-15|-51|CG0238113|-15|-51|CG0238114|-15|-51|CG0238115|-15|-52|CG0238116|-15|-52|CG0238117|-15|-52
570|3|1|1000|6|CG0238118|-17|-53|CG0238119|-16|-53|CG0238120|-22|-50|CG0238121|-18|-51|CG0238122|-16|-52|CG0238123|-22|-49
570|3|2|500|2|CG0238093|-16|-51|CG0238094|-23|-52
570|3|3|200|6|CG0238095|-9|-50|CG0238096|-19|-51|CG0238097|-22|-50|CG0238098|-12|-52|CG0238099|-14|-54|CG0238100|-19|-50
570|3|4|100|2|CG0242203|-39|-71|CG0242204|-15|-75
570|3|5|1000|24|CG0238083|-13|-53|CG0238083|-13|-53|CG0238085|-13|-50|CG0238085|-13|-50|CG0238086|-12|-65|CG0238086|-12|-65|CG0238087|-17|-54|CG0238087|-17|-54|CG0238087|-17|-54|CG0238087|-17|-54|CG0238088|-13|-64|CG0238088|-13|-64|CG0238089|-21|-85|CG0238089|-21|-85|CG0238090|-28|-60|CG0238090|-28|-60|CG0238091|-21|-48|CG0238091|-21|-48|CG0238091|-21|-48|CG0238091|-21|-48|CG0238092|-8|-48|CG0238092|-8|-48|CG0238084|-9|-51|CG0238084|-9|-51
570|3|6|2000|17|CG0238112|-15|-51|CG0238113|-15|-51|CG0238114|-15|-51|CG0238115|-15|-52|CG0238116|-15|-52|CG0238117|-15|-52|CG0238112|-15|-51|CG0238113|-15|-51|CG0238114|-15|-51|CG0238115|-15|-52|CG0238116|-15|-52|CG0238117|-15|-52|CG0238110|-15|-48|CG0238111|-16|-64|CG0238111|-16|-64|CG0238111|-16|-64|CG0238111|-16|-64
570|3|7|986|7|CG0252941|-14|-72|CG0252942|-12|-72|CG0252943|-14|-71|CG0252929|-40|-65|CG0252930|-29|-66|CG0252930|-29|-66|CG0252931|-21|-69
570|3|8|1000|2|CG0238107|-24|-51|CG0238108|-40|-64
570|3|9|1000|1|CG0238109|-18|-40
570|3|10|1000|6|CG0238101|-16|-51|CG0238102|-11|-51|CG0238103|-10|-64|CG0238104|-8|-59|CG0238105|-8|-36|CG0238106|-8|-23
570|4|0|1500|6|CG0238153|-17|-52|CG0238154|-18|-52|CG0238155|-17|-52|CG0238156|-17|-52|CG0238157|-17|-53|CG0238158|-17|-53
570|4|1|1000|6|CG0238159|-17|-54|CG0238160|-20|-53|CG0238161|-26|-52|CG0238162|-23|-52|CG0238163|-19|-54|CG0238164|-26|-51
570|4|2|500|2|CG0238134|-19|-53|CG0238135|-18|-51
570|4|3|200|6|CG0238136|-15|-49|CG0238137|-23|-48|CG0238138|-28|-47|CG0238139|-20|-49|CG0238140|-9|-52|CG0238141|-12|-47
570|4|4|100|2|CG0242248|-30|-68|CG0242249|-22|-72
570|4|5|1000|24|CG0238124|-15|-52|CG0238124|-15|-52|CG0238126|-15|-51|CG0238126|-15|-51|CG0238127|-16|-58|CG0238127|-16|-58|CG0238128|-32|-55|CG0238128|-32|-55|CG0238128|-32|-55|CG0238128|-32|-55|CG0238129|-17|-68|CG0238129|-17|-68|CG0238130|-24|-80|CG0238130|-24|-80|CG0238131|-18|-48|CG0238131|-18|-48|CG0238132|-7|-40|CG0238132|-7|-40|CG0238132|-7|-40|CG0238132|-7|-40|CG0238133|-17|-35|CG0238133|-17|-35|CG0238125|-14|-44|CG0238125|-14|-44
570|4|6|2000|17|CG0238153|-17|-52|CG0238154|-18|-52|CG0238155|-17|-52|CG0238156|-17|-52|CG0238157|-17|-53|CG0238158|-17|-53|CG0238153|-17|-52|CG0238154|-18|-52|CG0238155|-17|-52|CG0238156|-17|-52|CG0238157|-17|-53|CG0238158|-17|-53|CG0238151|-18|-50|CG0238152|-22|-64|CG0238152|-22|-64|CG0238152|-22|-64|CG0238152|-22|-64
570|4|7|986|7|CG0252963|-19|-74|CG0252964|-19|-72|CG0252965|-19|-71|CG0252951|-35|-72|CG0252952|-24|-57|CG0252952|-24|-57|CG0252953|-21|-66
570|4|8|1000|2|CG0238148|-24|-53|CG0238149|-38|-60
570|4|9|1000|1|CG0238150|-16|-32
570|4|10|1000|6|CG0238142|-19|-53|CG0238143|-20|-53|CG0238144|-20|-55|CG0238145|-20|-52|CG0238146|-20|-25|CG0238147|-19|-14
570|5|0|1500|6|CG0238194|-22|-52|CG0238195|-22|-53|CG0238196|-21|-53|CG0238197|-21|-53|CG0238198|-21|-53|CG0238199|-21|-53
570|5|1|1000|6|CG0238200|-22|-53|CG0238201|-25|-53|CG0238202|-21|-52|CG0238203|-20|-53|CG0238204|-20|-54|CG0238205|-23|-52
570|5|2|500|2|CG0238175|-21|-53|CG0238176|-21|-52
570|5|3|200|6|CG0238177|-21|-47|CG0238178|-21|-48|CG0238179|-20|-44|CG0238180|-20|-46|CG0238181|-22|-49|CG0238182|-33|-45
570|5|4|100|2|CG0242293|-33|-59|CG0242294|-30|-70
570|5|5|1000|24|CG0238165|-21|-51|CG0238165|-21|-51|CG0238167|-24|-53|CG0238167|-24|-53|CG0238168|-26|-53|CG0238168|-26|-53|CG0238169|-29|-63|CG0238169|-29|-63|CG0238169|-29|-63|CG0238169|-29|-63|CG0238170|-23|-71|CG0238170|-23|-71|CG0238171|-25|-73|CG0238171|-25|-73|CG0238172|-21|-45|CG0238172|-21|-45|CG0238173|-14|-42|CG0238173|-14|-42|CG0238173|-14|-42|CG0238173|-14|-42|CG0238174|-26|-30|CG0238174|-26|-30|CG0238166|-20|-41|CG0238166|-20|-41
570|5|6|2000|17|CG0238194|-22|-52|CG0238195|-22|-53|CG0238196|-21|-53|CG0238197|-21|-53|CG0238198|-21|-53|CG0238199|-21|-53|CG0238194|-22|-52|CG0238195|-22|-53|CG0238196|-21|-53|CG0238197|-21|-53|CG0238198|-21|-53|CG0238199|-21|-53|CG0238192|-23|-52|CG0238193|-23|-65|CG0238193|-23|-65|CG0238193|-23|-65|CG0238193|-23|-65
570|5|7|986|7|CG0252985|-23|-73|CG0252986|-21|-72|CG0252987|-19|-71|CG0252973|-17|-76|CG0252974|-10|-50|CG0252974|-10|-50|CG0252975|-26|-63
570|5|8|1000|2|CG0238189|-22|-54|CG0238190|-29|-65
570|5|9|1000|1|CG0238191|-21|-30
570|5|10|1000|6|CG0238183|-22|-55|CG0238184|-23|-52|CG0238185|-23|-47|CG0238186|-25|-41|CG0238187|-30|-26|CG0238188|-28|-12
570|6|0|1500|6|CG0238235|-20|-53|CG0238236|-24|-52|CG0238237|-31|-53|CG0238238|-29|-53|CG0238239|-23|-52|CG0238240|-20|-52
570|6|1|1000|6|CG0238241|-21|-51|CG0238242|-23|-53|CG0238243|-22|-52|CG0238244|-19|-53|CG0238245|-17|-54|CG0238246|-21|-51
570|6|2|500|2|CG0238216|-20|-52|CG0238217|-19|-51
570|6|3|200|6|CG0238218|-35|-49|CG0238219|-32|-50|CG0238220|-27|-46|CG0238221|-33|-47|CG0238222|-32|-48|CG0238223|-36|-45
570|6|4|100|2|CG0242338|-21|-67|CG0242339|-22|-72
570|6|5|1000|24|CG0238206|-24|-51|CG0238206|-24|-51|CG0238208|-22|-55|CG0238208|-22|-55|CG0238209|-24|-58|CG0238209|-24|-58|CG0238210|-26|-68|CG0238210|-26|-68|CG0238210|-26|-68|CG0238210|-26|-68|CG0238211|-26|-73|CG0238211|-26|-73|CG0238212|-36|-69|CG0238212|-36|-69|CG0238213|-33|-52|CG0238213|-33|-52|CG0238214|-46|-44|CG0238214|-46|-44|CG0238214|-46|-44|CG0238214|-46|-44|CG0238215|-42|-37|CG0238215|-42|-37|CG0238207|-33|-42|CG0238207|-33|-42
570|6|6|2000|17|CG0238235|-20|-53|CG0238236|-24|-52|CG0238237|-31|-53|CG0238238|-29|-53|CG0238239|-23|-52|CG0238240|-20|-52|CG0238235|-20|-53|CG0238236|-24|-52|CG0238237|-31|-53|CG0238238|-29|-53|CG0238239|-23|-52|CG0238240|-20|-52|CG0238233|-21|-53|CG0238234|-26|-69|CG0238234|-26|-69|CG0238234|-26|-69|CG0238234|-26|-69
570|6|7|986|7|CG0253007|-18|-74|CG0253008|-17|-73|CG0253009|-17|-73|CG0252995|-16|-77|CG0252996|-27|-48|CG0252996|-27|-48|CG0252997|-32|-63
570|6|8|1000|2|CG0238230|-19|-53|CG0238231|-26|-64
570|6|9|1000|1|CG0238232|-26|-30
570|6|10|1000|6|CG0238224|-25|-54|CG0238225|-32|-51|CG0238226|-36|-46|CG0238227|-40|-40|CG0238228|-52|-32|CG0238229|-55|-15
570|7|0|1500|6|CG0238276|-37|-52|CG0238277|-36|-53|CG0238278|-36|-52|CG0238279|-35|-52|CG0238280|-37|-51|CG0238281|-38|-52
570|7|1|1000|6|CG0238282|-37|-50|CG0238283|-36|-52|CG0238284|-34|-51|CG0238285|-35|-52|CG0238286|-37|-53|CG0238287|-38|-49
570|7|2|500|2|CG0238257|-26|-51|CG0238258|-21|-51
570|7|3|200|6|CG0238259|-33|-52|CG0238260|-32|-53|CG0238261|-33|-49|CG0238262|-33|-49|CG0238263|-32|-49|CG0238264|-36|-49
570|7|4|100|2|CG0242383|-20|-70|CG0242384|-21|-75
570|7|5|1000|24|CG0238247|-43|-51|CG0238247|-43|-51|CG0238249|-38|-55|CG0238249|-38|-55|CG0238250|-24|-58|CG0238250|-24|-58|CG0238251|-23|-66|CG0238251|-23|-66|CG0238251|-23|-66|CG0238251|-23|-66|CG0238252|-25|-70|CG0238252|-25|-70|CG0238253|-32|-70|CG0238253|-32|-70|CG0238254|-64|-55|CG0238254|-64|-55|CG0238255|-62|-44|CG0238255|-62|-44|CG0238255|-62|-44|CG0238255|-62|-44|CG0238256|-57|-42|CG0238256|-57|-42|CG0238248|-48|-48|CG0238248|-48|-48
570|7|6|2000|17|CG0238276|-37|-52|CG0238277|-36|-53|CG0238278|-36|-52|CG0238279|-35|-52|CG0238280|-37|-51|CG0238281|-38|-52|CG0238276|-37|-52|CG0238277|-36|-53|CG0238278|-36|-52|CG0238279|-35|-52|CG0238280|-37|-51|CG0238281|-38|-52|CG0238274|-39|-54|CG0238275|-20|-70|CG0238275|-20|-70|CG0238275|-20|-70|CG0238275|-20|-70
570|7|7|986|7|CG0253029|-18|-74|CG0253030|-18|-74|CG0253031|-18|-74|CG0253017|-21|-72|CG0253018|-41|-54|CG0253018|-41|-54|CG0253019|-24|-67
570|7|8|1000|2|CG0238271|-36|-51|CG0238272|-13|-52
570|7|9|1000|1|CG0238273|-25|-37
570|7|10|1000|6|CG0238265|-36|-51|CG0238266|-35|-48|CG0238267|-30|-43|CG0238268|-37|-41|CG0238269|-46|-39|CG0238270|-53|-27
