596|0|0|1800|6|CG0246953|-33|-109|CG0246954|-33|-108|CG0246955|-33|-107|CG0246956|-33|-108|CG0246957|-33|-107|CG0246958|-33|-108
596|0|1|1000|14|CG0246959|-36|-113|CG0246959|-36|-113|CG0246960|-24|-113|CG0246960|-24|-113|CG0246961|-21|-113|CG0246961|-21|-113|CG0246961|-21|-113|CG0246962|-20|-112|CG0246962|-20|-112|CG0246963|-23|-113|CG0246963|-23|-113|CG0246964|-36|-114|CG0246964|-36|-114|CG0246964|-36|-114
596|0|2|500|3|CG0248600|-41|-118|CG0248601|-55|-117|CG0248602|-56|-116
596|0|3|400|6|CG0246928|-50|-92|CG0246929|-51|-90|CG0246930|-52|-88|CG0246931|-50|-92|CG0246932|-51|-90|CG0246933|-52|-88
596|0|4|
596|0|5|1200|26|CG0246920|-35|-102|CG0246920|-35|-102|CG0246921|-48|-98|CG0246921|-48|-98|CG0246922|-57|-97|CG0246922|-57|-97|CG0246923|-58|-97|CG0246923|-58|-97|CG0246923|-58|-97|CG0246923|-58|-97|CG0246924|-58|-96|CG0246924|-58|-96|CG0246925|-57|-96|CG0246925|-57|-96|CG0246924|-58|-96|CG0246924|-58|-96|CG0246925|-57|-96|CG0246925|-57|-96|CG0246924|-58|-96|CG0246924|-58|-96|CG0246925|-57|-96|CG0246925|-57|-96|CG0246926|-38|-106|CG0246926|-38|-106|CG0246927|-28|-106|CG0246927|-28|-106
596|0|6|2000|25|CG0246945|-34|-105|CG0246945|-34|-105|CG0246945|-34|-105|CG0246946|-35|-106|CG0246946|-35|-106|CG0246945|-34|-105|CG0246945|-34|-105|CG0246945|-34|-105|CG0246947|-35|-106|CG0246947|-35|-106|CG0246945|-34|-105|CG0246945|-34|-105|CG0246945|-34|-105|CG0246948|-34|-107|CG0246948|-34|-107|CG0246948|-34|-107|CG0246948|-34|-107|CG0246949|-33|-105|CG0246950|-32|-113|CG0246951|-31|-111|CG0246951|-31|-111|CG0246951|-31|-111|CG0246951|-31|-111|CG0246951|-31|-111|CG0246952|-31|-104
596|0|7|986|7|CG0252875|-18|-73|CG0252876|-22|-73|CG0252877|-23|-73|CG0252863|-17|-64|CG0252864|-34|-63|CG0252864|-34|-63|CG0252865|-22|-71
596|0|8|1000|2|CG0246942|-35|-103|CG0246943|-34|-101
596|0|9|1000|1|CG0246944|-48|-87
596|0|10|1000|8|CG0246934|-30|-110|CG0246935|-30|-108|CG0246936|-33|-94|CG0246937|-33|-85|CG0246938|-33|-65|CG0246939|-33|-52|CG0246940|-33|-38|CG0246941|-33|-27
596|1|0|1800|6|CG0246998|-31|-109|CG0246999|-31|-108|CG0247000|-31|-108|CG0247001|-31|-108|CG0247002|-31|-108|CG0247003|-31|-108
596|1|1|1000|14|CG0247004|-25|-114|CG0247004|-25|-114|CG0247005|-25|-114|CG0247005|-25|-114|CG0247006|-26|-114|CG0247006|-26|-114|CG0247006|-26|-114|CG0247007|-26|-114|CG0247007|-26|-114|CG0247008|-26|-114|CG0247008|-26|-114|CG0247009|-25|-115|CG0247009|-25|-115|CG0247009|-25|-115
596|1|2|500|3|CG0248641|-49|-110|CG0248642|-47|-110|CG0248643|-41|-110
596|1|3|400|6|CG0246973|-31|-96|CG0246974|-31|-95|CG0246975|-31|-94|CG0246976|-31|-96|CG0246977|-31|-95|CG0246978|-31|-94
596|1|4|
596|1|5|1200|26|CG0246965|-31|-104|CG0246965|-31|-104|CG0246966|-35|-98|CG0246966|-35|-98|CG0246967|-31|-97|CG0246967|-31|-97|CG0246968|-29|-97|CG0246968|-29|-97|CG0246968|-29|-97|CG0246968|-29|-97|CG0246969|-28|-99|CG0246969|-28|-99|CG0246970|-28|-98|CG0246970|-28|-98|CG0246969|-28|-99|CG0246969|-28|-99|CG0246970|-28|-98|CG0246970|-28|-98|CG0246969|-28|-99|CG0246969|-28|-99|CG0246970|-28|-98|CG0246970|-28|-98|CG0246971|-33|-107|CG0246971|-33|-107|CG0246972|-36|-107|CG0246972|-36|-107
596|1|6|2000|25|CG0246990|-37|-106|CG0246990|-37|-106|CG0246990|-37|-106|CG0246991|-36|-106|CG0246991|-36|-106|CG0246990|-37|-106|CG0246990|-37|-106|CG0246990|-37|-106|CG0246992|-36|-106|CG0246992|-36|-106|CG0246990|-37|-106|CG0246990|-37|-106|CG0246990|-37|-106|CG0246993|-36|-106|CG0246993|-36|-106|CG0246993|-36|-106|CG0246993|-36|-106|CG0246994|-31|-104|CG0246995|-41|-107|CG0246996|-36|-105|CG0246996|-36|-105|CG0246996|-36|-105|CG0246996|-36|-105|CG0246996|-36|-105|CG0246997|-39|-103
596|1|7|986|7|CG0252897|-23|-72|CG0252898|-22|-72|CG0252899|-20|-72|CG0252885|-11|-60|CG0252886|-22|-70|CG0252886|-22|-70|CG0252887|-22|-73
596|1|8|1000|2|CG0246987|-22|-104|CG0246988|-41|-100
596|1|9|1000|1|CG0246989|-28|-87
596|1|10|1000|8|CG0246979|-28|-109|CG0246980|-35|-106|CG0246981|-39|-94|CG0246982|-39|-83|CG0246983|-38|-65|CG0246984|-39|-50|CG0246985|-39|-37|CG0246986|-39|-26
596|2|0|1800|6|CG0247043|-30|-107|CG0247044|-30|-107|CG0247045|-30|-106|CG0247046|-31|-106|CG0247047|-31|-106|CG0247048|-30|-107
596|2|1|1000|14|CG0247049|-25|-112|CG0247049|-25|-112|CG0247050|-25|-113|CG0247050|-25|-113|CG0247051|-26|-113|CG0247051|-26|-113|CG0247051|-26|-113|CG0247052|-29|-113|CG0247052|-29|-113|CG0247053|-26|-113|CG0247053|-26|-113|CG0247054|-25|-113|CG0247054|-25|-113|CG0247054|-25|-113
596|2|2|500|3|CG0248682|-35|-119|CG0248683|-28|-118|CG0248684|-31|-118
596|2|3|400|6|CG0247018|-25|-92|CG0247019|-37|-90|CG0247020|-24|-88|CG0247021|-38|-92|CG0247022|-56|-90|CG0247023|-40|-88
596|2|4|
596|2|5|1200|26|CG0247010|-30|-100|CG0247010|-30|-100|CG0247011|-24|-92|CG0247011|-24|-92|CG0247012|-7|-96|CG0247012|-7|-96|CG0247013|-2|-86|CG0247013|-2|-86|CG0247013|-2|-86|CG0247013|-2|-86|CG0247014|-2|-87|CG0247014|-2|-87|CG0247015|-2|-87|CG0247015|-2|-87|CG0247014|-2|-87|CG0247014|-2|-87|CG0247015|-2|-87|CG0247015|-2|-87|CG0247014|-2|-87|CG0247014|-2|-87|CG0247015|-2|-87|CG0247015|-2|-87|CG0247016|-21|-101|CG0247016|-21|-101|CG0247017|-30|-105|CG0247017|-30|-105
596|2|6|2000|25|CG0247035|-37|-104|CG0247035|-37|-104|CG0247035|-37|-104|CG0247036|-37|-104|CG0247036|-37|-104|CG0247035|-37|-104|CG0247035|-37|-104|CG0247035|-37|-104|CG0247037|-38|-104|CG0247037|-38|-104|CG0247035|-37|-104|CG0247035|-37|-104|CG0247035|-37|-104|CG0247038|-38|-103|CG0247038|-38|-103|CG0247038|-38|-103|CG0247038|-38|-103|CG0247039|-46|-102|CG0247040|-37|-107|CG0247041|-26|-106|CG0247041|-26|-106|CG0247041|-26|-106|CG0247041|-26|-106|CG0247041|-26|-106|CG0247042|-42|-103
596|2|7|986|7|CG0252919|-18|-72|CG0252920|-13|-72|CG0252921|-10|-71|CG0252907|-29|-60|CG0252908|-24|-70|CG0252908|-24|-70|CG0252909|-26|-71
596|2|8|1000|2|CG0247032|-12|-101|CG0247033|-61|-97
596|2|9|1000|1|CG0247034|-23|-88
596|2|10|1000|8|CG0247024|-26|-109|CG0247025|-33|-107|CG0247026|-33|-93|CG0247027|-35|-84|CG0247028|-33|-64|CG0247029|-39|-52|CG0247030|-38|-38|CG0247031|-38|-26
596|3|0|1800|6|CG0247088|-16|-106|CG0247089|-16|-106|CG0247090|-16|-106|CG0247091|-16|-105|CG0247092|-16|-106|CG0247093|-16|-106
596|3|1|1000|14|CG0247094|-28|-111|CG0247094|-28|-111|CG0247095|-15|-111|CG0247095|-15|-111|CG0247096|-23|-111|CG0247096|-23|-111|CG0247096|-23|-111|CG0247097|-28|-112|CG0247097|-28|-112|CG0247098|-15|-111|CG0247098|-15|-111|CG0247099|-23|-112|CG0247099|-23|-112|CG0247099|-23|-112
596|3|2|500|3|CG0248723|-27|-123|CG0248724|-32|-120|CG0248725|-51|-114
596|3|3|400|6|CG0247063|-42|-81|CG0247064|-60|-78|CG0247065|-42|-76|CG0247066|-40|-81|CG0247067|-59|-78|CG0247068|-40|-76
596|3|4|
596|3|5|1200|26|CG0247055|-14|-96|CG0247055|-14|-96|CG0247056|-14|-84|CG0247056|-14|-84|CG0247057|-9|-84|CG0247057|-9|-84|CG0247058|-11|-72|CG0247058|-11|-72|CG0247058|-11|-72|CG0247058|-11|-72|CG0247059|-11|-71|CG0247059|-11|-71|CG0247060|-11|-71|CG0247060|-11|-71|CG0247059|-11|-71|CG0247059|-11|-71|CG0247060|-11|-71|CG0247060|-11|-71|CG0247059|-11|-71|CG0247059|-11|-71|CG0247060|-11|-71|CG0247060|-11|-71|CG0247061|-14|-93|CG0247061|-14|-93|CG0247062|-16|-103|CG0247062|-16|-103
596|3|6|2000|25|CG0247080|-40|-104|CG0247080|-40|-104|CG0247080|-40|-104|CG0247081|-39|-103|CG0247081|-39|-103|CG0247080|-40|-104|CG0247080|-40|-104|CG0247080|-40|-104|CG0247082|-40|-103|CG0247082|-40|-103|CG0247080|-40|-104|CG0247080|-40|-104|CG0247080|-40|-104|CG0247083|-40|-103|CG0247083|-40|-103|CG0247083|-40|-103|CG0247083|-40|-103|CG0247084|-39|-103|CG0247085|-29|-107|CG0247086|-51|-108|CG0247086|-51|-108|CG0247086|-51|-108|CG0247086|-51|-108|CG0247086|-51|-108|CG0247087|-38|-106
596|3|7|986|7|CG0252941|-14|-72|CG0252942|-12|-72|CG0252943|-14|-71|CG0252929|-40|-65|CG0252930|-29|-66|CG0252930|-29|-66|CG0252931|-21|-69
596|3|8|1000|2|CG0247077|-13|-99|CG0247078|-51|-104
596|3|9|1000|1|CG0247079|-36|-92
596|3|10|1000|8|CG0247069|-19|-109|CG0247070|-19|-107|CG0247071|-20|-91|CG0247072|-22|-85|CG0247073|-23|-63|CG0247074|-27|-52|CG0247075|-27|-37|CG0247076|-27|-27
596|4|0|1800|6|CG0247133|-25|-107|CG0247134|-26|-106|CG0247135|-26|-106|CG0247136|-26|-106|CG0247137|-26|-105|CG0247138|-26|-105
596|4|1|1000|14|CG0247139|-27|-111|CG0247139|-27|-111|CG0247140|-26|-111|CG0247140|-26|-111|CG0247141|-25|-111|CG0247141|-25|-111|CG0247141|-25|-111|CG0247142|-26|-111|CG0247142|-26|-111|CG0247143|-26|-111|CG0247143|-26|-111|CG0247144|-27|-111|CG0247144|-27|-111|CG0247144|-27|-111
596|4|2|500|3|CG0248764|-39|-116|CG0248765|-40|-109|CG0248766|-89|-101
596|4|3|400|6|CG0247108|-38|-71|CG0247109|-53|-68|CG0247110|-40|-64|CG0247111|-23|-71|CG0247112|-34|-68|CG0247113|-24|-64
596|4|4|
596|4|5|1200|26|CG0247100|-22|-93|CG0247100|-22|-93|CG0247101|-22|-78|CG0247101|-22|-78|CG0247102|-19|-64|CG0247102|-19|-64|CG0247103|-20|-58|CG0247103|-20|-58|CG0247103|-20|-58|CG0247103|-20|-58|CG0247104|-20|-57|CG0247104|-20|-57|CG0247105|-20|-56|CG0247105|-20|-56|CG0247104|-20|-57|CG0247104|-20|-57|CG0247105|-20|-56|CG0247105|-20|-56|CG0247104|-20|-57|CG0247104|-20|-57|CG0247105|-20|-56|CG0247105|-20|-56|CG0247106|-20|-86|CG0247106|-20|-86|CG0247107|-21|-101|CG0247107|-21|-101
596|4|6|2000|25|CG0247125|-28|-105|CG0247125|-28|-105|CG0247125|-28|-105|CG0247126|-27|-105|CG0247126|-27|-105|CG0247125|-28|-105|CG0247125|-28|-105|CG0247125|-28|-105|CG0247127|-26|-104|CG0247127|-26|-104|CG0247125|-28|-105|CG0247125|-28|-105|CG0247125|-28|-105|CG0247128|-26|-104|CG0247128|-26|-104|CG0247128|-26|-104|CG0247128|-26|-104|CG0247129|-27|-105|CG0247130|-32|-108|CG0247131|-67|-113|CG0247131|-67|-113|CG0247131|-67|-113|CG0247131|-67|-113|CG0247131|-67|-113|CG0247132|-49|-111
596|4|7|986|7|CG0252963|-19|-74|CG0252964|-19|-72|CG0252965|-19|-71|CG0252951|-35|-72|CG0252952|-24|-57|CG0252952|-24|-57|CG0252953|-21|-66
596|4|8|1000|2|CG0247122|-28|-96|CG0247123|-22|-108
596|4|9|1000|1|CG0247124|-32|-94
596|4|10|1000|8|CG0247114|-30|-108|CG0247115|-32|-106|CG0247116|-31|-87|CG0247117|-33|-83|CG0247118|-32|-59|CG0247119|-32|-49|CG0247120|-33|-33|CG0247121|-33|-28
596|5|0|1800|6|CG0247178|-34|-106|CG0247179|-34|-105|CG0247180|-34|-105|CG0247181|-34|-105|CG0247182|-34|-105|CG0247183|-34|-105
596|5|1|1000|14|CG0247184|-26|-110|CG0247184|-26|-110|CG0247185|-25|-110|CG0247185|-25|-110|CG0247186|-25|-110|CG0247186|-25|-110|CG0247186|-25|-110|CG0247187|-24|-110|CG0247187|-24|-110|CG0247188|-25|-110|CG0247188|-25|-110|CG0247189|-26|-110|CG0247189|-26|-110|CG0247189|-26|-110
596|5|2|500|3|CG0248805|-64|-105|CG0248806|-66|-102|CG0248807|-76|-98
596|5|3|400|6|CG0247153|-34|-72|CG0247154|-34|-68|CG0247155|-34|-65|CG0247156|-34|-72|CG0247157|-34|-68|CG0247158|-34|-65
596|5|4|
596|5|5|1200|26|CG0247145|-39|-90|CG0247145|-39|-90|CG0247146|-44|-77|CG0247146|-44|-77|CG0247147|-49|-60|CG0247147|-49|-60|CG0247148|-37|-54|CG0247148|-37|-54|CG0247148|-37|-54|CG0247148|-37|-54|CG0247149|-37|-51|CG0247149|-37|-51|CG0247150|-37|-51|CG0247150|-37|-51|CG0247149|-37|-51|CG0247149|-37|-51|CG0247150|-37|-51|CG0247150|-37|-51|CG0247149|-37|-51|CG0247149|-37|-51|CG0247150|-37|-51|CG0247150|-37|-51|CG0247151|-41|-84|CG0247151|-41|-84|CG0247152|-38|-99|CG0247152|-38|-99
596|5|6|2000|25|CG0247170|-24|-105|CG0247170|-24|-105|CG0247170|-24|-105|CG0247171|-24|-105|CG0247171|-24|-105|CG0247170|-24|-105|CG0247170|-24|-105|CG0247170|-24|-105|CG0247172|-25|-104|CG0247172|-25|-104|CG0247170|-24|-105|CG0247170|-24|-105|CG0247170|-24|-105|CG0247173|-25|-104|CG0247173|-25|-104|CG0247173|-25|-104|CG0247173|-25|-104|CG0247174|-29|-106|CG0247175|-31|-109|CG0247176|-51|-132|CG0247176|-51|-132|CG0247176|-51|-132|CG0247176|-51|-132|CG0247176|-51|-132|CG0247177|-43|-110
596|5|7|986|7|CG0252985|-23|-73|CG0252986|-21|-72|CG0252987|-19|-71|CG0252973|-17|-76|CG0252974|-10|-50|CG0252974|-10|-50|CG0252975|-26|-63
596|5|8|1000|2|CG0247167|-40|-96|CG0247168|-23|-108
596|5|9|1000|1|CG0247169|-22|-94
596|5|10|1000|8|CG0247159|-26|-106|CG0247160|-32|-101|CG0247161|-33|-83|CG0247162|-37|-78|CG0247163|-33|-55|CG0247164|-34|-43|CG0247165|-34|-28|CG0247166|-34|-26
596|6|0|1800|6|CG0247223|-26|-108|CG0247224|-26|-108|CG0247225|-26|-107|CG0247226|-25|-107|CG0247227|-26|-107|CG0247228|-26|-108
596|6|1|1000|14|CG0247229|-21|-111|CG0247229|-21|-111|CG0247230|-23|-111|CG0247230|-23|-111|CG0247231|-36|-111|CG0247231|-36|-111|CG0247231|-36|-111|CG0247232|-35|-110|CG0247232|-35|-110|CG0247233|-24|-111|CG0247233|-24|-111|CG0247234|-22|-112|CG0247234|-22|-112|CG0247234|-22|-112
596|6|2|500|3|CG0248846|-64|-118|CG0248847|-54|-115|CG0248848|-40|-112
596|6|3|400|6|CG0247198|-48|-83|CG0247199|-49|-80|CG0247200|-51|-78|CG0247201|-48|-83|CG0247202|-49|-80|CG0247203|-51|-78
596|6|4|
596|6|5|1200|26|CG0247190|-36|-94|CG0247190|-36|-94|CG0247191|-46|-83|CG0247191|-46|-83|CG0247192|-63|-69|CG0247192|-63|-69|CG0247193|-63|-66|CG0247193|-63|-66|CG0247193|-63|-66|CG0247193|-63|-66|CG0247194|-62|-59|CG0247194|-62|-59|CG0247195|-63|-58|CG0247195|-63|-58|CG0247194|-62|-59|CG0247194|-62|-59|CG0247195|-63|-58|CG0247195|-63|-58|CG0247194|-62|-59|CG0247194|-62|-59|CG0247195|-63|-58|CG0247195|-63|-58|CG0247196|-47|-90|CG0247196|-47|-90|CG0247197|-42|-102|CG0247197|-42|-102
596|6|6|2000|25|CG0247215|-26|-106|CG0247215|-26|-106|CG0247215|-26|-106|CG0247216|-25|-106|CG0247216|-25|-106|CG0247215|-26|-106|CG0247215|-26|-106|CG0247215|-26|-106|CG0247217|-25|-106|CG0247217|-25|-106|CG0247215|-26|-106|CG0247215|-26|-106|CG0247215|-26|-106|CG0247218|-26|-106|CG0247218|-26|-106|CG0247218|-26|-106|CG0247218|-26|-106|CG0247219|-36|-107|CG0247220|-26|-112|CG0247221|-11|-140|CG0247221|-11|-140|CG0247221|-11|-140|CG0247221|-11|-140|CG0247221|-11|-140|CG0247222|-19|-110
596|6|7|986|7|CG0253007|-18|-74|CG0253008|-17|-73|CG0253009|-17|-73|CG0252995|-16|-77|CG0252996|-27|-48|CG0252996|-27|-48|CG0252997|-32|-63
596|6|8|1000|2|CG0247212|-39|-99|CG0247213|-31|-102
596|6|9|1000|1|CG0247214|-18|-92
596|6|10|1000|8|CG0247204|-25|-109|CG0247205|-31|-107|CG0247206|-26|-92|CG0247207|-30|-85|CG0247208|-26|-63|CG0247209|-32|-49|CG0247210|-30|-37|CG0247211|-30|-27
596|7|0|1800|6|CG0247268|-18|-109|CG0247269|-18|-109|CG0247270|-18|-109|CG0247271|-18|-108|CG0247272|-18|-108|CG0247273|-18|-109
596|7|1|1000|14|CG0247274|-37|-111|CG0247274|-37|-111|CG0247275|-20|-111|CG0247275|-20|-111|CG0247276|-36|-111|CG0247276|-36|-111|CG0247276|-36|-111|CG0247277|-35|-111|CG0247277|-35|-111|CG0247278|-21|-111|CG0247278|-21|-111|CG0247279|-37|-112|CG0247279|-37|-112|CG0247279|-37|-112
596|7|2|500|3|CG0248887|-28|-122|CG0248888|-36|-121|CG0248889|-60|-120
596|7|3|400|6|CG0247243|-52|-92|CG0247244|-55|-89|CG0247245|-56|-86|CG0247246|-52|-92|CG0247247|-55|-89|CG0247248|-56|-86
596|7|4|
596|7|5|1200|26|CG0247235|-37|-100|CG0247235|-37|-100|CG0247236|-45|-91|CG0247236|-45|-91|CG0247237|-54|-85|CG0247237|-54|-85|CG0247238|-69|-83|CG0247238|-69|-83|CG0247238|-69|-83|CG0247238|-69|-83|CG0247239|-69|-80|CG0247239|-69|-80|CG0247240|-69|-79|CG0247240|-69|-79|CG0247239|-69|-80|CG0247239|-69|-80|CG0247240|-69|-79|CG0247240|-69|-79|CG0247239|-69|-80|CG0247239|-69|-80|CG0247240|-69|-79|CG0247240|-69|-79|CG0247241|-42|-99|CG0247241|-42|-99|CG0247242|-34|-104|CG0247242|-34|-104
596|7|6|2000|25|CG0247260|-32|-105|CG0247260|-32|-105|CG0247260|-32|-105|CG0247261|-32|-106|CG0247261|-32|-106|CG0247260|-32|-105|CG0247260|-32|-105|CG0247260|-32|-105|CG0247262|-32|-106|CG0247262|-32|-106|CG0247260|-32|-105|CG0247260|-32|-105|CG0247260|-32|-105|CG0247263|-32|-107|CG0247263|-32|-107|CG0247263|-32|-107|CG0247263|-32|-107|CG0247264|-26|-106|CG0247265|-20|-116|CG0247266|-20|-132|CG0247266|-20|-132|CG0247266|-20|-132|CG0247266|-20|-132|CG0247266|-20|-132|CG0247267|-20|-107
596|7|7|986|7|CG0253029|-18|-74|CG0253030|-18|-74|CG0253031|-18|-74|CG0253017|-21|-72|CG0253018|-41|-54|CG0253018|-41|-54|CG0253019|-24|-67
596|7|8|1000|2|CG0247257|-39|-102|CG0247258|-33|-97
596|7|9|1000|1|CG0247259|-44|-88
596|7|10|1000|8|CG0247249|-16|-111|CG0247250|-17|-109|CG0247251|-16|-96|CG0247252|-17|-86|CG0247253|-23|-67|CG0247254|-24|-53|CG0247255|-24|-41|CG0247256|-24|-26
