602|0|0|10000|60|CG0248949|-46|-135|CG0248950|-46|-135|CG0248951|-46|-135|CG0248952|-46|-135|CG0248953|-46|-134|CG0248954|-46|-135|CG0248949|-46|-135|CG0248950|-46|-135|CG0248951|-46|-135|CG0248952|-46|-135|CG0248953|-46|-134|CG0248954|-46|-135|CG0248949|-46|-135|CG0248949|-46|-135|CG0248950|-46|-135|CG0248950|-46|-135|CG0248951|-46|-135|CG0248951|-46|-135|CG0248952|-46|-135|CG0248952|-46|-135|CG0248953|-46|-134|CG0248953|-46|-134|CG0248954|-46|-135|CG0248954|-46|-135|CG0248949|-46|-135|CG0248949|-46|-135|CG0248949|-46|-135|CG0248950|-46|-135|CG0248950|-46|-135|CG0248950|-46|-135|CG0248951|-46|-135|CG0248951|-46|-135|CG0248951|-46|-135|CG0248952|-46|-135|CG0248952|-46|-135|CG0248952|-46|-135|CG0248953|-46|-134|CG0248953|-46|-134|CG0248953|-46|-134|CG0248954|-46|-135|CG0248954|-46|-135|CG0248954|-46|-135|CG0248949|-46|-135|CG0248949|-46|-135|CG0248950|-46|-135|CG0248950|-46|-135|CG0248951|-46|-135|CG0248951|-46|-135|CG0248952|-46|-135|CG0248952|-46|-135|CG0248953|-46|-134|CG0248953|-46|-134|CG0248954|-46|-135|CG0248954|-46|-135|CG0248949|-46|-135|CG0248950|-46|-135|CG0248951|-46|-135|CG0248952|-46|-135|CG0248953|-46|-134|CG0248954|-46|-135
602|0|1|1000|8|CG0248955|-62|-129|CG0248956|-48|-132|CG0248957|-43|-133|CG0248957|-43|-133|CG0248958|-46|-133|CG0248959|-54|-136|CG0248960|-60|-131|CG0248960|-60|-131
602|0|2|600|4|CG0248928|-47|-136|CG0248929|-64|-135|CG0248930|-65|-134|CG0248930|-65|-134
602|0|3|1000|1|CG0248931|-61|-134
602|0|4|
602|0|5|1300|20|CG0248920|-55|-133|CG0248920|-55|-133|CG0248920|-55|-133|CG0248920|-55|-133|CG0248920|-55|-133|CG0248921|-93|-130|CG0248921|-93|-130|CG0248922|-87|-127|CG0248922|-87|-127|CG0248923|-84|-124|CG0248923|-84|-124|CG0248924|-84|-127|CG0248924|-84|-127|CG0248925|-78|-117|CG0248925|-78|-117|CG0248926|-62|-125|CG0248926|-62|-125|CG0248926|-62|-125|CG0248927|-56|-134|CG0248927|-56|-134
602|0|6|2000|16|CG0248943|-46|-131|CG0248944|-83|-143|CG0248945|-39|-201|CG0248946|-39|-198|CG0248946|-39|-198|CG0248946|-39|-198|CG0248946|-39|-198|CG0248946|-39|-198|CG0248946|-39|-198|CG0248946|-39|-198|CG0248946|-39|-198|CG0248946|-39|-198|CG0248946|-39|-198|CG0248946|-39|-198|CG0248947|-66|-155|CG0248948|-46|-143
602|0|7|986|7|CG0252875|-18|-73|CG0252876|-22|-73|CG0252877|-23|-73|CG0252863|-17|-64|CG0252864|-34|-63|CG0252864|-34|-63|CG0252865|-22|-71
602|0|8|1000|2|CG0248940|-71|-131|CG0248941|-54|-118
602|0|9|1000|1|CG0248942|-68|-125
602|0|10|1200|12|CG0248932|-67|-121|CG0248932|-67|-121|CG0248933|-68|-108|CG0248933|-68|-108|CG0248933|-68|-108|CG0248934|-67|-91|CG0248934|-67|-91|CG0248935|-65|-78|CG0248936|-61|-67|CG0248937|-60|-66|CG0248938|-63|-65|CG0248939|-63|-66
602|1|0|10000|60|CG0248990|-56|-123|CG0248991|-56|-123|CG0248992|-56|-123|CG0248993|-56|-123|CG0248994|-56|-122|CG0248995|-56|-122|CG0248990|-56|-123|CG0248991|-56|-123|CG0248992|-56|-123|CG0248993|-56|-123|CG0248994|-56|-122|CG0248995|-56|-122|CG0248990|-56|-123|CG0248990|-56|-123|CG0248991|-56|-123|CG0248991|-56|-123|CG0248992|-56|-123|CG0248992|-56|-123|CG0248993|-56|-123|CG0248993|-56|-123|CG0248994|-56|-122|CG0248994|-56|-122|CG0248995|-56|-122|CG0248995|-56|-122|CG0248990|-56|-123|CG0248990|-56|-123|CG0248990|-56|-123|CG0248991|-56|-123|CG0248991|-56|-123|CG0248991|-56|-123|CG0248992|-56|-123|CG0248992|-56|-123|CG0248992|-56|-123|CG0248993|-56|-123|CG0248993|-56|-123|CG0248993|-56|-123|CG0248994|-56|-122|CG0248994|-56|-122|CG0248994|-56|-122|CG0248995|-56|-122|CG0248995|-56|-122|CG0248995|-56|-122|CG0248990|-56|-123|CG0248990|-56|-123|CG0248991|-56|-123|CG0248991|-56|-123|CG0248992|-56|-123|CG0248992|-56|-123|CG0248993|-56|-123|CG0248993|-56|-123|CG0248994|-56|-122|CG0248994|-56|-122|CG0248995|-56|-122|CG0248995|-56|-122|CG0248990|-56|-123|CG0248991|-56|-123|CG0248992|-56|-123|CG0248993|-56|-123|CG0248994|-56|-122|CG0248995|-56|-122
602|1|1|1000|8|CG0248996|-54|-125|CG0248997|-52|-127|CG0248998|-53|-122|CG0248998|-53|-122|CG0248999|-53|-123|CG0249000|-54|-126|CG0249001|-54|-122|CG0249001|-54|-122
602|1|2|600|4|CG0248969|-57|-127|CG0248970|-55|-127|CG0248971|-47|-127|CG0248971|-47|-127
602|1|3|1000|1|CG0248972|-40|-129
602|1|4|
602|1|5|1300|20|CG0248961|-54|-121|CG0248961|-54|-121|CG0248961|-54|-121|CG0248961|-54|-121|CG0248961|-54|-121|CG0248962|-47|-128|CG0248962|-47|-128|CG0248963|-38|-124|CG0248963|-38|-124|CG0248964|-40|-126|CG0248964|-40|-126|CG0248965|-41|-125|CG0248965|-41|-125|CG0248966|-42|-125|CG0248966|-42|-125|CG0248967|-51|-120|CG0248967|-51|-120|CG0248967|-51|-120|CG0248968|-54|-124|CG0248968|-54|-124
602|1|6|2000|16|CG0248984|-55|-120|CG0248985|-55|-159|CG0248986|-55|-207|CG0248987|-57|-204|CG0248987|-57|-204|CG0248987|-57|-204|CG0248987|-57|-204|CG0248987|-57|-204|CG0248987|-57|-204|CG0248987|-57|-204|CG0248987|-57|-204|CG0248987|-57|-204|CG0248987|-57|-204|CG0248987|-57|-204|CG0248988|-53|-166|CG0248989|-52|-135
602|1|7|986|7|CG0252897|-23|-72|CG0252898|-22|-72|CG0252899|-20|-72|CG0252885|-11|-60|CG0252886|-22|-70|CG0252886|-22|-70|CG0252887|-22|-73
602|1|8|1000|2|CG0248981|-41|-125|CG0248982|-61|-104
602|1|9|1000|1|CG0248983|-52|-114
602|1|10|1200|12|CG0248973|-52|-121|CG0248973|-52|-121|CG0248974|-48|-121|CG0248974|-48|-121|CG0248974|-48|-121|CG0248975|-47|-100|CG0248975|-47|-100|CG0248976|-47|-71|CG0248977|-45|-76|CG0248978|-46|-70|CG0248979|-50|-66|CG0248980|-51|-67
602|2|0|10000|60|CG0249031|-49|-135|CG0249032|-49|-135|CG0249033|-49|-135|CG0249034|-49|-135|CG0249035|-49|-134|CG0249036|-49|-135|CG0249031|-49|-135|CG0249032|-49|-135|CG0249033|-49|-135|CG0249034|-49|-135|CG0249035|-49|-134|CG0249036|-49|-135|CG0249031|-49|-135|CG0249031|-49|-135|CG0249032|-49|-135|CG0249032|-49|-135|CG0249033|-49|-135|CG0249033|-49|-135|CG0249034|-49|-135|CG0249034|-49|-135|CG0249035|-49|-134|CG0249035|-49|-134|CG0249036|-49|-135|CG0249036|-49|-135|CG0249031|-49|-135|CG0249031|-49|-135|CG0249031|-49|-135|CG0249032|-49|-135|CG0249032|-49|-135|CG0249032|-49|-135|CG0249033|-49|-135|CG0249033|-49|-135|CG0249033|-49|-135|CG0249034|-49|-135|CG0249034|-49|-135|CG0249034|-49|-135|CG0249035|-49|-134|CG0249035|-49|-134|CG0249035|-49|-134|CG0249036|-49|-135|CG0249036|-49|-135|CG0249036|-49|-135|CG0249031|-49|-135|CG0249031|-49|-135|CG0249032|-49|-135|CG0249032|-49|-135|CG0249033|-49|-135|CG0249033|-49|-135|CG0249034|-49|-135|CG0249034|-49|-135|CG0249035|-49|-134|CG0249035|-49|-134|CG0249036|-49|-135|CG0249036|-49|-135|CG0249031|-49|-135|CG0249032|-49|-135|CG0249033|-49|-135|CG0249034|-49|-135|CG0249035|-49|-134|CG0249036|-49|-135
602|2|1|1000|8|CG0249037|-45|-136|CG0249038|-39|-137|CG0249039|-43|-131|CG0249039|-43|-131|CG0249040|-51|-131|CG0249041|-41|-134|CG0249042|-46|-134|CG0249042|-46|-134
602|2|2|600|4|CG0249010|-40|-137|CG0249011|-33|-137|CG0249012|-36|-137|CG0249012|-36|-137
602|2|3|1000|1|CG0249013|-39|-133
602|2|4|
602|2|5|1300|20|CG0249002|-32|-131|CG0249002|-32|-131|CG0249002|-32|-131|CG0249002|-32|-131|CG0249002|-32|-131|CG0249003|-50|-138|CG0249003|-50|-138|CG0249004|-46|-129|CG0249004|-46|-129|CG0249005|-44|-131|CG0249005|-44|-131|CG0249006|-41|-131|CG0249006|-41|-131|CG0249007|-23|-134|CG0249007|-23|-134|CG0249008|-41|-130|CG0249008|-41|-130|CG0249008|-41|-130|CG0249009|-46|-135|CG0249009|-46|-135
602|2|6|2000|16|CG0249025|-51|-133|CG0249026|-52|-145|CG0249027|-53|-205|CG0249028|-54|-200|CG0249028|-54|-200|CG0249028|-54|-200|CG0249028|-54|-200|CG0249028|-54|-200|CG0249028|-54|-200|CG0249028|-54|-200|CG0249028|-54|-200|CG0249028|-54|-200|CG0249028|-54|-200|CG0249028|-54|-200|CG0249029|-50|-155|CG0249030|-47|-145
602|2|7|986|7|CG0252919|-18|-72|CG0252920|-13|-72|CG0252921|-10|-71|CG0252907|-29|-60|CG0252908|-24|-70|CG0252908|-24|-70|CG0252909|-26|-71
602|2|8|1000|2|CG0249022|-43|-134|CG0249023|-62|-120
602|2|9|1000|1|CG0249024|-40|-126
602|2|10|1200|12|CG0249014|-45|-133|CG0249014|-45|-133|CG0249015|-36|-125|CG0249015|-36|-125|CG0249015|-36|-125|CG0249016|-45|-110|CG0249016|-45|-110|CG0249017|-50|-81|CG0249018|-54|-74|CG0249019|-51|-74|CG0249020|-54|-62|CG0249021|-54|-64
602|3|0|10000|60|CG0249072|-29|-142|CG0249073|-30|-143|CG0249074|-30|-143|CG0249075|-30|-143|CG0249076|-30|-142|CG0249077|-30|-142|CG0249072|-29|-142|CG0249073|-30|-143|CG0249074|-30|-143|CG0249075|-30|-143|CG0249076|-30|-142|CG0249077|-30|-142|CG0249072|-29|-142|CG0249072|-29|-142|CG0249073|-30|-143|CG0249073|-30|-143|CG0249074|-30|-143|CG0249074|-30|-143|CG0249075|-30|-143|CG0249075|-30|-143|CG0249076|-30|-142|CG0249076|-30|-142|CG0249077|-30|-142|CG0249077|-30|-142|CG0249072|-29|-142|CG0249072|-29|-142|CG0249072|-29|-142|CG0249073|-30|-143|CG0249073|-30|-143|CG0249073|-30|-143|CG0249074|-30|-143|CG0249074|-30|-143|CG0249074|-30|-143|CG0249075|-30|-143|CG0249075|-30|-143|CG0249075|-30|-143|CG0249076|-30|-142|CG0249076|-30|-142|CG0249076|-30|-142|CG0249077|-30|-142|CG0249077|-30|-142|CG0249077|-30|-142|CG0249072|-29|-142|CG0249072|-29|-142|CG0249073|-30|-143|CG0249073|-30|-143|CG0249074|-30|-143|CG0249074|-30|-143|CG0249075|-30|-143|CG0249075|-30|-143|CG0249076|-30|-142|CG0249076|-30|-142|CG0249077|-30|-142|CG0249077|-30|-142|CG0249072|-29|-142|CG0249073|-30|-143|CG0249074|-30|-143|CG0249075|-30|-143|CG0249076|-30|-142|CG0249077|-30|-142
602|3|1|1000|8|CG0249078|-78|-141|CG0249079|-74|-141|CG0249080|-77|-138|CG0249080|-77|-138|CG0249081|-75|-135|CG0249082|-71|-140|CG0249083|-77|-140|CG0249083|-77|-140
602|3|2|600|4|CG0249051|-31|-142|CG0249052|-37|-138|CG0249053|-56|-131|CG0249053|-56|-131
602|3|3|1000|1|CG0249054|-66|-122
602|3|4|
602|3|5|1300|20|CG0249043|-61|-131|CG0249043|-61|-131|CG0249043|-61|-131|CG0249043|-61|-131|CG0249043|-61|-131|CG0249044|-32|-142|CG0249044|-32|-142|CG0249045|-34|-136|CG0249045|-34|-136|CG0249046|-37|-137|CG0249046|-37|-137|CG0249047|-34|-134|CG0249047|-34|-134|CG0249048|-57|-135|CG0249048|-57|-135|CG0249049|-49|-137|CG0249049|-49|-137|CG0249049|-49|-137|CG0249050|-39|-144|CG0249050|-39|-144
602|3|6|2000|16|CG0249066|-28|-142|CG0249067|-31|-151|CG0249068|-32|-192|CG0249069|-31|-191|CG0249069|-31|-191|CG0249069|-31|-191|CG0249069|-31|-191|CG0249069|-31|-191|CG0249069|-31|-191|CG0249069|-31|-191|CG0249069|-31|-191|CG0249069|-31|-191|CG0249069|-31|-191|CG0249069|-31|-191|CG0249070|-35|-160|CG0249071|-33|-152
602|3|7|986|7|CG0252941|-14|-72|CG0252942|-12|-72|CG0252943|-14|-71|CG0252929|-40|-65|CG0252930|-29|-66|CG0252930|-29|-66|CG0252931|-21|-69
602|3|8|1000|2|CG0249063|-48|-131|CG0249064|-45|-133
602|3|9|1000|1|CG0249065|-28|-135
602|3|10|1200|12|CG0249055|-40|-136|CG0249055|-40|-136|CG0249056|-71|-116|CG0249056|-71|-116|CG0249056|-71|-116|CG0249057|-82|-111|CG0249057|-82|-111|CG0249058|-82|-85|CG0249059|-66|-69|CG0249060|-61|-65|CG0249061|-64|-47|CG0249062|-66|-49
602|4|0|10000|60|CG0249113|-50|-140|CG0249114|-50|-140|CG0249115|-50|-140|CG0249116|-50|-140|CG0249117|-50|-140|CG0249118|-50|-140|CG0249113|-50|-140|CG0249114|-50|-140|CG0249115|-50|-140|CG0249116|-50|-140|CG0249117|-50|-140|CG0249118|-50|-140|CG0249113|-50|-140|CG0249113|-50|-140|CG0249114|-50|-140|CG0249114|-50|-140|CG0249115|-50|-140|CG0249115|-50|-140|CG0249116|-50|-140|CG0249116|-50|-140|CG0249117|-50|-140|CG0249117|-50|-140|CG0249118|-50|-140|CG0249118|-50|-140|CG0249113|-50|-140|CG0249113|-50|-140|CG0249113|-50|-140|CG0249114|-50|-140|CG0249114|-50|-140|CG0249114|-50|-140|CG0249115|-50|-140|CG0249115|-50|-140|CG0249115|-50|-140|CG0249116|-50|-140|CG0249116|-50|-140|CG0249116|-50|-140|CG0249117|-50|-140|CG0249117|-50|-140|CG0249117|-50|-140|CG0249118|-50|-140|CG0249118|-50|-140|CG0249118|-50|-140|CG0249113|-50|-140|CG0249113|-50|-140|CG0249114|-50|-140|CG0249114|-50|-140|CG0249115|-50|-140|CG0249115|-50|-140|CG0249116|-50|-140|CG0249116|-50|-140|CG0249117|-50|-140|CG0249117|-50|-140|CG0249118|-50|-140|CG0249118|-50|-140|CG0249113|-50|-140|CG0249114|-50|-140|CG0249115|-50|-140|CG0249116|-50|-140|CG0249117|-50|-140|CG0249118|-50|-140
602|4|1|1000|8|CG0249119|-102|-132|CG0249120|-101|-132|CG0249121|-102|-131|CG0249121|-102|-131|CG0249122|-100|-127|CG0249123|-97|-132|CG0249124|-102|-132|CG0249124|-102|-132
602|4|2|600|4|CG0249092|-45|-135|CG0249093|-48|-126|CG0249094|-102|-117|CG0249094|-102|-117
602|4|3|1000|1|CG0249095|-108|-107
602|4|4|
602|4|5|1300|20|CG0249084|-78|-122|CG0249084|-78|-122|CG0249084|-78|-122|CG0249084|-78|-122|CG0249084|-78|-122|CG0249085|-30|-134|CG0249085|-30|-134|CG0249086|-49|-135|CG0249086|-49|-135|CG0249087|-53|-133|CG0249087|-53|-133|CG0249088|-52|-128|CG0249088|-52|-128|CG0249089|-69|-125|CG0249089|-69|-125|CG0249090|-57|-132|CG0249090|-57|-132|CG0249090|-57|-132|CG0249091|-51|-140|CG0249091|-51|-140
602|4|6|2000|16|CG0249107|-54|-141|CG0249108|-57|-149|CG0249109|-58|-180|CG0249110|-58|-178|CG0249110|-58|-178|CG0249110|-58|-178|CG0249110|-58|-178|CG0249110|-58|-178|CG0249110|-58|-178|CG0249110|-58|-178|CG0249110|-58|-178|CG0249110|-58|-178|CG0249110|-58|-178|CG0249110|-58|-178|CG0249111|-49|-158|CG0249112|-48|-145
602|4|7|986|7|CG0252963|-19|-74|CG0252964|-19|-72|CG0252965|-19|-71|CG0252951|-35|-72|CG0252952|-24|-57|CG0252952|-24|-57|CG0252953|-21|-66
602|4|8|1000|2|CG0249104|-43|-126|CG0249105|-64|-136
602|4|9|1000|1|CG0249106|-43|-135
602|4|10|1200|12|CG0249096|-44|-127|CG0249096|-44|-127|CG0249097|-68|-106|CG0249097|-68|-106|CG0249097|-68|-106|CG0249098|-76|-103|CG0249098|-76|-103|CG0249099|-71|-83|CG0249100|-61|-62|CG0249101|-69|-48|CG0249102|-70|-44|CG0249103|-70|-40
602|5|0|10000|60|CG0249154|-69|-128|CG0249155|-69|-129|CG0249156|-69|-128|CG0249157|-69|-128|CG0249158|-69|-128|CG0249159|-69|-128|CG0249154|-69|-128|CG0249155|-69|-129|CG0249156|-69|-128|CG0249157|-69|-128|CG0249158|-69|-128|CG0249159|-69|-128|CG0249154|-69|-128|CG0249154|-69|-128|CG0249155|-69|-129|CG0249155|-69|-129|CG0249156|-69|-128|CG0249156|-69|-128|CG0249157|-69|-128|CG0249157|-69|-128|CG0249158|-69|-128|CG0249158|-69|-128|CG0249159|-69|-128|CG0249159|-69|-128|CG0249154|-69|-128|CG0249154|-69|-128|CG0249154|-69|-128|CG0249155|-69|-129|CG0249155|-69|-129|CG0249155|-69|-129|CG0249156|-69|-128|CG0249156|-69|-128|CG0249156|-69|-128|CG0249157|-69|-128|CG0249157|-69|-128|CG0249157|-69|-128|CG0249158|-69|-128|CG0249158|-69|-128|CG0249158|-69|-128|CG0249159|-69|-128|CG0249159|-69|-128|CG0249159|-69|-128|CG0249154|-69|-128|CG0249154|-69|-128|CG0249155|-69|-129|CG0249155|-69|-129|CG0249156|-69|-128|CG0249156|-69|-128|CG0249157|-69|-128|CG0249157|-69|-128|CG0249158|-69|-128|CG0249158|-69|-128|CG0249159|-69|-128|CG0249159|-69|-128|CG0249154|-69|-128|CG0249155|-69|-129|CG0249156|-69|-128|CG0249157|-69|-128|CG0249158|-69|-128|CG0249159|-69|-128
602|5|1|1000|8|CG0249160|-68|-117|CG0249161|-68|-121|CG0249162|-68|-121|CG0249162|-68|-121|CG0249163|-68|-117|CG0249164|-68|-120|CG0249165|-68|-121|CG0249165|-68|-121
602|5|2|600|4|CG0249133|-73|-122|CG0249134|-76|-118|CG0249135|-87|-114|CG0249135|-87|-114
602|5|3|1000|1|CG0249136|-87|-106
602|5|4|
602|5|5|1300|20|CG0249125|-53|-131|CG0249125|-53|-131|CG0249125|-53|-131|CG0249125|-53|-131|CG0249125|-53|-131|CG0249126|-62|-119|CG0249126|-62|-119|CG0249127|-74|-126|CG0249127|-74|-126|CG0249128|-71|-123|CG0249128|-71|-123|CG0249129|-73|-116|CG0249129|-73|-116|CG0249130|-86|-129|CG0249130|-86|-129|CG0249131|-76|-130|CG0249131|-76|-130|CG0249131|-76|-130|CG0249132|-71|-129|CG0249132|-71|-129
602|5|6|2000|16|CG0249148|-63|-129|CG0249149|-59|-139|CG0249150|-60|-174|CG0249151|-59|-174|CG0249151|-59|-174|CG0249151|-59|-174|CG0249151|-59|-174|CG0249151|-59|-174|CG0249151|-59|-174|CG0249151|-59|-174|CG0249151|-59|-174|CG0249151|-59|-174|CG0249151|-59|-174|CG0249151|-59|-174|CG0249152|-52|-145|CG0249153|-75|-131
602|5|7|986|7|CG0252985|-23|-73|CG0252986|-21|-72|CG0252987|-19|-71|CG0252973|-17|-76|CG0252974|-10|-50|CG0252974|-10|-50|CG0252975|-26|-63
602|5|8|1000|2|CG0249145|-67|-117|CG0249146|-55|-128
602|5|9|1000|1|CG0249147|-61|-127
602|5|10|1200|12|CG0249137|-82|-113|CG0249137|-82|-113|CG0249138|-90|-94|CG0249138|-90|-94|CG0249138|-90|-94|CG0249139|-88|-91|CG0249139|-88|-91|CG0249140|-90|-75|CG0249141|-88|-55|CG0249142|-88|-46|CG0249143|-87|-43|CG0249144|-88|-46
602|6|0|10000|60|CG0249195|-79|-141|CG0249196|-79|-141|CG0249197|-79|-141|CG0249198|-79|-140|CG0249199|-79|-140|CG0249200|-81|-140|CG0249195|-79|-141|CG0249196|-79|-141|CG0249197|-79|-141|CG0249198|-79|-140|CG0249199|-79|-140|CG0249200|-81|-140|CG0249195|-79|-141|CG0249195|-79|-141|CG0249196|-79|-141|CG0249196|-79|-141|CG0249197|-79|-141|CG0249197|-79|-141|CG0249198|-79|-140|CG0249198|-79|-140|CG0249199|-79|-140|CG0249199|-79|-140|CG0249200|-81|-140|CG0249200|-81|-140|CG0249195|-79|-141|CG0249195|-79|-141|CG0249195|-79|-141|CG0249196|-79|-141|CG0249196|-79|-141|CG0249196|-79|-141|CG0249197|-79|-141|CG0249197|-79|-141|CG0249197|-79|-141|CG0249198|-79|-140|CG0249198|-79|-140|CG0249198|-79|-140|CG0249199|-79|-140|CG0249199|-79|-140|CG0249199|-79|-140|CG0249200|-81|-140|CG0249200|-81|-140|CG0249200|-81|-140|CG0249195|-79|-141|CG0249195|-79|-141|CG0249196|-79|-141|CG0249196|-79|-141|CG0249197|-79|-141|CG0249197|-79|-141|CG0249198|-79|-140|CG0249198|-79|-140|CG0249199|-79|-140|CG0249199|-79|-140|CG0249200|-81|-140|CG0249200|-81|-140|CG0249195|-79|-141|CG0249196|-79|-141|CG0249197|-79|-141|CG0249198|-79|-140|CG0249199|-79|-140|CG0249200|-81|-140
602|6|1|1000|8|CG0249201|-44|-126|CG0249202|-56|-133|CG0249203|-57|-132|CG0249203|-57|-132|CG0249204|-62|-129|CG0249205|-48|-130|CG0249206|-42|-131|CG0249206|-42|-131
602|6|2|600|4|CG0249174|-73|-136|CG0249175|-62|-134|CG0249176|-46|-130|CG0249176|-46|-130
602|6|3|1000|1|CG0249177|-52|-123
602|6|4|
602|6|5|1300|20|CG0249166|-46|-142|CG0249166|-46|-142|CG0249166|-46|-142|CG0249166|-46|-142|CG0249166|-46|-142|CG0249167|-92|-113|CG0249167|-92|-113|CG0249168|-87|-124|CG0249168|-87|-124|CG0249169|-84|-124|CG0249169|-84|-124|CG0249170|-85|-124|CG0249170|-85|-124|CG0249171|-93|-133|CG0249171|-93|-133|CG0249172|-80|-141|CG0249172|-80|-141|CG0249172|-80|-141|CG0249173|-73|-142|CG0249173|-73|-142
602|6|6|2000|16|CG0249189|-77|-139|CG0249190|-86|-145|CG0249191|-38|-178|CG0249192|-37|-177|CG0249192|-37|-177|CG0249192|-37|-177|CG0249192|-37|-177|CG0249192|-37|-177|CG0249192|-37|-177|CG0249192|-37|-177|CG0249192|-37|-177|CG0249192|-37|-177|CG0249192|-37|-177|CG0249192|-37|-177|CG0249193|-69|-157|CG0249194|-88|-142
602|6|7|986|7|CG0253007|-18|-74|CG0253008|-17|-73|CG0253009|-17|-73|CG0252995|-16|-77|CG0252996|-27|-48|CG0252996|-27|-48|CG0252997|-32|-63
602|6|8|1000|2|CG0249186|-59|-128|CG0249187|-61|-136
602|6|9|1000|1|CG0249188|-67|-136
602|6|10|1200|12|CG0249178|-111|-117|CG0249178|-111|-117|CG0249179|-131|-96|CG0249179|-131|-96|CG0249179|-131|-96|CG0249180|-130|-84|CG0249180|-130|-84|CG0249181|-129|-67|CG0249182|-128|-70|CG0249183|-129|-50|CG0249184|-129|-50|CG0249185|-130|-52
602|7|0|10000|60|CG0249236|-44|-143|CG0249237|-44|-143|CG0249238|-44|-143|CG0249239|-45|-143|CG0249240|-45|-142|CG0249241|-45|-142|CG0249236|-44|-143|CG0249237|-44|-143|CG0249238|-44|-143|CG0249239|-45|-143|CG0249240|-45|-142|CG0249241|-45|-142|CG0249236|-44|-143|CG0249236|-44|-143|CG0249237|-44|-143|CG0249237|-44|-143|CG0249238|-44|-143|CG0249238|-44|-143|CG0249239|-45|-143|CG0249239|-45|-143|CG0249240|-45|-142|CG0249240|-45|-142|CG0249241|-45|-142|CG0249241|-45|-142|CG0249236|-44|-143|CG0249236|-44|-143|CG0249236|-44|-143|CG0249237|-44|-143|CG0249237|-44|-143|CG0249237|-44|-143|CG0249238|-44|-143|CG0249238|-44|-143|CG0249238|-44|-143|CG0249239|-45|-143|CG0249239|-45|-143|CG0249239|-45|-143|CG0249240|-45|-142|CG0249240|-45|-142|CG0249240|-45|-142|CG0249241|-45|-142|CG0249241|-45|-142|CG0249241|-45|-142|CG0249236|-44|-143|CG0249236|-44|-143|CG0249237|-44|-143|CG0249237|-44|-143|CG0249238|-44|-143|CG0249238|-44|-143|CG0249239|-45|-143|CG0249239|-45|-143|CG0249240|-45|-142|CG0249240|-45|-142|CG0249241|-45|-142|CG0249241|-45|-142|CG0249236|-44|-143|CG0249237|-44|-143|CG0249238|-44|-143|CG0249239|-45|-143|CG0249240|-45|-142|CG0249241|-45|-142
602|7|1|1000|8|CG0249242|-51|-134|CG0249243|-44|-139|CG0249244|-45|-139|CG0249244|-45|-139|CG0249245|-52|-138|CG0249246|-43|-139|CG0249247|-45|-138|CG0249247|-45|-138
602|7|2|600|4|CG0249215|-32|-142|CG0249216|-41|-140|CG0249217|-69|-139|CG0249217|-69|-139
602|7|3|1000|1|CG0249218|-73|-135
602|7|4|
602|7|5|1300|20|CG0249207|-44|-142|CG0249207|-44|-142|CG0249207|-44|-142|CG0249207|-44|-142|CG0249207|-44|-142|CG0249208|-133|-127|CG0249208|-133|-127|CG0249209|-122|-133|CG0249209|-122|-133|CG0249210|-119|-132|CG0249210|-119|-132|CG0249211|-120|-133|CG0249211|-120|-133|CG0249212|-104|-128|CG0249212|-104|-128|CG0249213|-58|-138|CG0249213|-58|-138|CG0249213|-58|-138|CG0249214|-40|-144|CG0249214|-40|-144
602|7|6|2000|16|CG0249230|-49|-140|CG0249231|-118|-143|CG0249232|-40|-189|CG0249233|-34|-188|CG0249233|-34|-188|CG0249233|-34|-188|CG0249233|-34|-188|CG0249233|-34|-188|CG0249233|-34|-188|CG0249233|-34|-188|CG0249233|-34|-188|CG0249233|-34|-188|CG0249233|-34|-188|CG0249233|-34|-188|CG0249234|-94|-160|CG0249235|-50|-148
602|7|7|986|7|CG0253029|-18|-74|CG0253030|-18|-74|CG0253031|-18|-74|CG0253017|-21|-72|CG0253018|-41|-54|CG0253018|-41|-54|CG0253019|-24|-67
602|7|8|1000|2|CG0249227|-78|-135|CG0249228|-63|-131
602|7|9|1000|1|CG0249229|-45|-135
602|7|10|1200|12|CG0249219|-75|-125|CG0249219|-75|-125|CG0249220|-94|-105|CG0249220|-94|-105|CG0249220|-94|-105|CG0249221|-93|-91|CG0249221|-93|-91|CG0249222|-93|-66|CG0249223|-95|-74|CG0249224|-93|-53|CG0249225|-95|-52|CG0249226|-95|-54
