598|0|0|2000|8|CG0247635|-58|-117|CG0247636|-58|-116|CG0247637|-59|-115|CG0247638|-59|-114|CG0247639|-59|-113|CG0247640|-59|-114|CG0247641|-59|-115|CG0247642|-58|-116
598|0|1|1200|6|CG0247643|-46|-133|CG0247644|-47|-133|CG0247645|-49|-133|CG0247646|-50|-131|CG0247647|-49|-132|CG0247648|-47|-134
598|0|2|500|3|CG0248600|-41|-118|CG0248601|-55|-117|CG0248602|-56|-116
598|0|3|800|6|CG0247616|-53|-132|CG0247617|-61|-133|CG0247618|-64|-127|CG0247619|-64|-123|CG0247620|-66|-131|CG0247621|-58|-130
598|0|4|
598|0|5|1000|50|CG0247635|-58|-117|CG0247635|-58|-117|CG0247635|-58|-117|CG0247635|-58|-117|CG0247635|-58|-117|CG0247635|-58|-117|CG0247608|-45|-128|CG0247608|-45|-128|CG0247609|-81|-151|CG0247609|-81|-151|CG0247610|-67|-219|CG0247610|-67|-219|CG0247611|-105|-200|CG0247611|-105|-200|CG0247612|-146|-163|CG0247612|-146|-163|CG0247613|-135|-125|CG0247613|-135|-125|CG0247614|-83|-126|CG0247614|-83|-126|CG0247615|-74|-153|CG0247615|-74|-153|CG0247610|-67|-219|CG0247610|-67|-219|CG0247611|-105|-200|CG0247611|-105|-200|CG0247612|-146|-163|CG0247612|-146|-163|CG0247613|-135|-125|CG0247613|-135|-125|CG0247614|-83|-126|CG0247614|-83|-126|CG0247615|-74|-153|CG0247615|-74|-153|CG0247610|-67|-219|CG0247610|-67|-219|CG0247611|-105|-200|CG0247611|-105|-200|CG0247612|-146|-163|CG0247612|-146|-163|CG0247613|-135|-125|CG0247613|-135|-125|CG0247614|-83|-126|CG0247614|-83|-126|CG0247615|-74|-153|CG0247615|-74|-153|CG0247609|-81|-151|CG0247609|-81|-151|CG0247608|-45|-128|CG0247608|-45|-128
598|0|6|1000|20|CG0247631|-44|-119|CG0247632|-43|-118|CG0247633|-60|-108|CG0247634|-59|-98|CG0247634|-59|-98|CG0247634|-59|-98|CG0247633|-60|-108|CG0247634|-59|-98|CG0247634|-59|-98|CG0247634|-59|-98|CG0247634|-59|-98|CG0247633|-60|-108|CG0247615|-74|-153|CG0247615|-74|-153|CG0247610|-67|-219|CG0247611|-105|-200|CG0247612|-146|-163|CG0247613|-135|-125|CG0247614|-83|-126|CG0247615|-74|-153
598|0|7|986|7|CG0252875|-18|-73|CG0252876|-22|-73|CG0252877|-23|-73|CG0252863|-17|-64|CG0252864|-34|-63|CG0252864|-34|-63|CG0252865|-22|-71
598|0|8|1000|2|CG0247628|-69|-106|CG0247629|-45|-117
598|0|9|1000|1|CG0247630|-40|-113
598|0|10|1000|6|CG0247622|-80|-134|CG0247623|-71|-120|CG0247624|-71|-126|CG0247625|-71|-141|CG0247626|-105|-138|CG0247627|-132|-78
598|1|0|2000|8|CG0247676|-44|-118|CG0247677|-43|-117|CG0247678|-43|-116|CG0247679|-44|-115|CG0247680|-44|-115|CG0247681|-44|-115|CG0247682|-44|-116|CG0247683|-45|-117
598|1|1|1200|6|CG0247684|-33|-132|CG0247685|-36|-133|CG0247686|-42|-133|CG0247687|-44|-133|CG0247688|-42|-133|CG0247689|-36|-133
598|1|2|500|3|CG0248641|-49|-110|CG0248642|-47|-110|CG0248643|-41|-110
598|1|3|800|6|CG0247657|-37|-132|CG0247658|-37|-136|CG0247659|-42|-131|CG0247660|-44|-125|CG0247661|-42|-135|CG0247662|-38|-132
598|1|4|
598|1|5|1000|50|CG0247676|-44|-118|CG0247676|-44|-118|CG0247676|-44|-118|CG0247676|-44|-118|CG0247676|-44|-118|CG0247676|-44|-118|CG0247649|-32|-124|CG0247649|-32|-124|CG0247650|-38|-129|CG0247650|-38|-129|CG0247651|-45|-206|CG0247651|-45|-206|CG0247652|-46|-221|CG0247652|-46|-221|CG0247653|-89|-187|CG0247653|-89|-187|CG0247654|-75|-132|CG0247654|-75|-132|CG0247655|-47|-134|CG0247655|-47|-134|CG0247656|-44|-146|CG0247656|-44|-146|CG0247651|-45|-206|CG0247651|-45|-206|CG0247652|-46|-221|CG0247652|-46|-221|CG0247653|-89|-187|CG0247653|-89|-187|CG0247654|-75|-132|CG0247654|-75|-132|CG0247655|-47|-134|CG0247655|-47|-134|CG0247656|-44|-146|CG0247656|-44|-146|CG0247651|-45|-206|CG0247651|-45|-206|CG0247652|-46|-221|CG0247652|-46|-221|CG0247653|-89|-187|CG0247653|-89|-187|CG0247654|-75|-132|CG0247654|-75|-132|CG0247655|-47|-134|CG0247655|-47|-134|CG0247656|-44|-146|CG0247656|-44|-146|CG0247650|-38|-129|CG0247650|-38|-129|CG0247649|-32|-124|CG0247649|-32|-124
598|1|6|1000|20|CG0247672|-28|-115|CG0247673|-29|-113|CG0247674|-42|-112|CG0247675|-42|-102|CG0247675|-42|-102|CG0247675|-42|-102|CG0247674|-42|-112|CG0247675|-42|-102|CG0247675|-42|-102|CG0247675|-42|-102|CG0247675|-42|-102|CG0247674|-42|-112|CG0247656|-44|-146|CG0247656|-44|-146|CG0247651|-45|-206|CG0247652|-46|-221|CG0247653|-89|-187|CG0247654|-75|-132|CG0247655|-47|-134|CG0247656|-44|-146
598|1|7|986|7|CG0252897|-23|-72|CG0252898|-22|-72|CG0252899|-20|-72|CG0252885|-11|-60|CG0252886|-22|-70|CG0252886|-22|-70|CG0252887|-22|-73
598|1|8|1000|2|CG0247669|-44|-107|CG0247670|-68|-126
598|1|9|1000|1|CG0247671|-32|-107
598|1|10|1000|6|CG0247663|-54|-135|CG0247664|-51|-125|CG0247665|-49|-131|CG0247666|-49|-149|CG0247667|-49|-155|CG0247668|-54|-94
598|2|0|2000|8|CG0247717|-28|-112|CG0247718|-27|-111|CG0247719|-26|-110|CG0247720|-25|-110|CG0247721|-24|-109|CG0247722|-25|-110|CG0247723|-26|-110|CG0247724|-27|-111
598|2|1|1200|6|CG0247725|-80|-127|CG0247726|-78|-127|CG0247727|-76|-130|CG0247728|-76|-130|CG0247729|-76|-129|CG0247730|-77|-128
598|2|2|500|3|CG0248682|-35|-119|CG0248683|-28|-118|CG0248684|-31|-118
598|2|3|800|6|CG0247698|-40|-127|CG0247699|-50|-131|CG0247700|-32|-131|CG0247701|-28|-127|CG0247702|-35|-134|CG0247703|-32|-128
598|2|4|
598|2|5|1000|50|CG0247717|-28|-112|CG0247717|-28|-112|CG0247717|-28|-112|CG0247717|-28|-112|CG0247717|-28|-112|CG0247717|-28|-112|CG0247690|-38|-115|CG0247690|-38|-115|CG0247691|-16|-122|CG0247691|-16|-122|CG0247692|-23|-165|CG0247692|-23|-165|CG0247693|-21|-210|CG0247693|-21|-210|CG0247694|-22|-188|CG0247694|-22|-188|CG0247695|-22|-129|CG0247695|-22|-129|CG0247696|-23|-130|CG0247696|-23|-130|CG0247697|-24|-129|CG0247697|-24|-129|CG0247692|-23|-165|CG0247692|-23|-165|CG0247693|-21|-210|CG0247693|-21|-210|CG0247694|-22|-188|CG0247694|-22|-188|CG0247695|-22|-129|CG0247695|-22|-129|CG0247696|-23|-130|CG0247696|-23|-130|CG0247697|-24|-129|CG0247697|-24|-129|CG0247692|-23|-165|CG0247692|-23|-165|CG0247693|-21|-210|CG0247693|-21|-210|CG0247694|-22|-188|CG0247694|-22|-188|CG0247695|-22|-129|CG0247695|-22|-129|CG0247696|-23|-130|CG0247696|-23|-130|CG0247697|-24|-129|CG0247697|-24|-129|CG0247691|-16|-122|CG0247691|-16|-122|CG0247690|-38|-115|CG0247690|-38|-115
598|2|6|1000|20|CG0247713|-22|-107|CG0247714|-23|-108|CG0247715|-25|-108|CG0247716|-26|-98|CG0247716|-26|-98|CG0247716|-26|-98|CG0247715|-25|-108|CG0247716|-26|-98|CG0247716|-26|-98|CG0247716|-26|-98|CG0247716|-26|-98|CG0247715|-25|-108|CG0247697|-24|-129|CG0247697|-24|-129|CG0247692|-23|-165|CG0247693|-21|-210|CG0247694|-22|-188|CG0247695|-22|-129|CG0247696|-23|-130|CG0247697|-24|-129
598|2|7|986|7|CG0252919|-18|-72|CG0252920|-13|-72|CG0252921|-10|-71|CG0252907|-29|-60|CG0252908|-24|-70|CG0252908|-24|-70|CG0252909|-26|-71
598|2|8|1000|2|CG0247710|-30|-104|CG0247711|-90|-144
598|2|9|1000|1|CG0247712|-33|-102
598|2|10|1000|6|CG0247704|-36|-132|CG0247705|-27|-130|CG0247706|-27|-131|CG0247707|-27|-142|CG0247708|-27|-144|CG0247709|-27|-84
598|3|0|2000|8|CG0247758|-63|-105|CG0247759|-63|-105|CG0247760|-63|-104|CG0247761|-63|-103|CG0247762|-63|-103|CG0247763|-63|-103|CG0247764|-63|-104|CG0247765|-63|-105
598|3|1|1200|6|CG0247766|-112|-120|CG0247767|-112|-123|CG0247768|-110|-126|CG0247769|-108|-125|CG0247770|-110|-125|CG0247771|-112|-124
598|3|2|500|3|CG0248723|-27|-123|CG0248724|-32|-120|CG0248725|-51|-114
598|3|3|800|6|CG0247739|-81|-117|CG0247740|-89|-119|CG0247741|-90|-119|CG0247742|-82|-119|CG0247743|-90|-121|CG0247744|-89|-117
598|3|4|
598|3|5|1000|50|CG0247758|-63|-105|CG0247758|-63|-105|CG0247758|-63|-105|CG0247758|-63|-105|CG0247758|-63|-105|CG0247758|-63|-105|CG0247731|-117|-106|CG0247731|-117|-106|CG0247732|-84|-109|CG0247732|-84|-109|CG0247733|-25|-116|CG0247733|-25|-116|CG0247734|-24|-174|CG0247734|-24|-174|CG0247735|-25|-162|CG0247735|-25|-162|CG0247736|-24|-117|CG0247736|-24|-117|CG0247737|-25|-118|CG0247737|-25|-118|CG0247738|-25|-116|CG0247738|-25|-116|CG0247733|-25|-116|CG0247733|-25|-116|CG0247734|-24|-174|CG0247734|-24|-174|CG0247735|-25|-162|CG0247735|-25|-162|CG0247736|-24|-117|CG0247736|-24|-117|CG0247737|-25|-118|CG0247737|-25|-118|CG0247738|-25|-116|CG0247738|-25|-116|CG0247733|-25|-116|CG0247733|-25|-116|CG0247734|-24|-174|CG0247734|-24|-174|CG0247735|-25|-162|CG0247735|-25|-162|CG0247736|-24|-117|CG0247736|-24|-117|CG0247737|-25|-118|CG0247737|-25|-118|CG0247738|-25|-116|CG0247738|-25|-116|CG0247732|-84|-109|CG0247732|-84|-109|CG0247731|-117|-106|CG0247731|-117|-106
598|3|6|1000|20|CG0247754|-71|-103|CG0247755|-76|-106|CG0247756|-35|-100|CG0247757|-38|-89|CG0247757|-38|-89|CG0247757|-38|-89|CG0247756|-35|-100|CG0247757|-38|-89|CG0247757|-38|-89|CG0247757|-38|-89|CG0247757|-38|-89|CG0247756|-35|-100|CG0247738|-25|-116|CG0247738|-25|-116|CG0247733|-25|-116|CG0247734|-24|-174|CG0247735|-25|-162|CG0247736|-24|-117|CG0247737|-25|-118|CG0247738|-25|-116
598|3|7|986|7|CG0252941|-14|-72|CG0252942|-12|-72|CG0252943|-14|-71|CG0252929|-40|-65|CG0252930|-29|-66|CG0252930|-29|-66|CG0252931|-21|-69
598|3|8|1000|2|CG0247751|-41|-95|CG0247752|-95|-159
598|3|9|1000|1|CG0247753|-45|-99
598|3|10|1000|6|CG0247745|-68|-118|CG0247746|-60|-125|CG0247747|-58|-124|CG0247748|-58|-123|CG0247749|-57|-104|CG0247750|-58|-50
598|4|0|2000|8|CG0247799|-96|-99|CG0247800|-96|-98|CG0247801|-96|-97|CG0247802|-96|-95|CG0247803|-96|-95|CG0247804|-96|-95|CG0247805|-96|-97|CG0247806|-96|-98
598|4|1|1200|6|CG0247807|-105|-117|CG0247808|-104|-120|CG0247809|-103|-122|CG0247810|-103|-120|CG0247811|-103|-121|CG0247812|-104|-121
598|4|2|500|3|CG0248764|-39|-116|CG0248765|-40|-109|CG0248766|-89|-101
598|4|3|800|6|CG0247780|-99|-107|CG0247781|-99|-105|CG0247782|-95|-107|CG0247783|-99|-106|CG0247784|-99|-107|CG0247785|-94|-105
598|4|4|
598|4|5|1000|50|CG0247799|-96|-99|CG0247799|-96|-99|CG0247799|-96|-99|CG0247799|-96|-99|CG0247799|-96|-99|CG0247799|-96|-99|CG0247772|-127|-103|CG0247772|-127|-103|CG0247773|-121|-114|CG0247773|-121|-114|CG0247774|-29|-99|CG0247774|-29|-99|CG0247775|-27|-131|CG0247775|-27|-131|CG0247776|-29|-110|CG0247776|-29|-110|CG0247777|-29|-101|CG0247777|-29|-101|CG0247778|-29|-100|CG0247778|-29|-100|CG0247779|-29|-100|CG0247779|-29|-100|CG0247774|-29|-99|CG0247774|-29|-99|CG0247775|-27|-131|CG0247775|-27|-131|CG0247776|-29|-110|CG0247776|-29|-110|CG0247777|-29|-101|CG0247777|-29|-101|CG0247778|-29|-100|CG0247778|-29|-100|CG0247779|-29|-100|CG0247779|-29|-100|CG0247774|-29|-99|CG0247774|-29|-99|CG0247775|-27|-131|CG0247775|-27|-131|CG0247776|-29|-110|CG0247776|-29|-110|CG0247777|-29|-101|CG0247777|-29|-101|CG0247778|-29|-100|CG0247778|-29|-100|CG0247779|-29|-100|CG0247779|-29|-100|CG0247773|-121|-114|CG0247773|-121|-114|CG0247772|-127|-103|CG0247772|-127|-103
598|4|6|1000|20|CG0247795|-97|-101|CG0247796|-94|-107|CG0247797|-83|-90|CG0247798|-86|-79|CG0247798|-86|-79|CG0247798|-86|-79|CG0247797|-83|-90|CG0247798|-86|-79|CG0247798|-86|-79|CG0247798|-86|-79|CG0247798|-86|-79|CG0247797|-83|-90|CG0247779|-29|-100|CG0247779|-29|-100|CG0247774|-29|-99|CG0247775|-27|-131|CG0247776|-29|-110|CG0247777|-29|-101|CG0247778|-29|-100|CG0247779|-29|-100
598|4|7|986|7|CG0252963|-19|-74|CG0252964|-19|-72|CG0252965|-19|-71|CG0252951|-35|-72|CG0252952|-24|-57|CG0252952|-24|-57|CG0252953|-21|-66
598|4|8|1000|2|CG0247792|-82|-98|CG0247793|-75|-161
598|4|9|1000|1|CG0247794|-69|-101
598|4|10|1000|6|CG0247786|-107|-109|CG0247787|-90|-112|CG0247788|-90|-114|CG0247789|-90|-103|CG0247790|-90|-55|CG0247791|-90|-19
598|5|0|2000|8|CG0247840|-105|-96|CG0247841|-105|-96|CG0247842|-105|-95|CG0247843|-105|-93|CG0247844|-105|-93|CG0247845|-105|-93|CG0247846|-105|-94|CG0247847|-105|-95
598|5|1|1200|6|CG0247848|-73|-118|CG0247849|-73|-119|CG0247850|-74|-120|CG0247851|-74|-117|CG0247852|-74|-119|CG0247853|-73|-120
598|5|2|500|3|CG0248805|-64|-105|CG0248806|-66|-102|CG0248807|-76|-98
598|5|3|800|6|CG0247821|-61|-104|CG0247822|-58|-100|CG0247823|-58|-107|CG0247824|-61|-98|CG0247825|-57|-98|CG0247826|-58|-107
598|5|4|
598|5|5|1000|50|CG0247840|-105|-96|CG0247840|-105|-96|CG0247840|-105|-96|CG0247840|-105|-96|CG0247840|-105|-96|CG0247840|-105|-96|CG0247813|-69|-124|CG0247813|-69|-124|CG0247814|-92|-149|CG0247814|-92|-149|CG0247815|-109|-94|CG0247815|-109|-94|CG0247816|-46|-107|CG0247816|-46|-107|CG0247817|-31|-94|CG0247817|-31|-94|CG0247818|-29|-94|CG0247818|-29|-94|CG0247819|-71|-93|CG0247819|-71|-93|CG0247820|-121|-94|CG0247820|-121|-94|CG0247815|-109|-94|CG0247815|-109|-94|CG0247816|-46|-107|CG0247816|-46|-107|CG0247817|-31|-94|CG0247817|-31|-94|CG0247818|-29|-94|CG0247818|-29|-94|CG0247819|-71|-93|CG0247819|-71|-93|CG0247820|-121|-94|CG0247820|-121|-94|CG0247815|-109|-94|CG0247815|-109|-94|CG0247816|-46|-107|CG0247816|-46|-107|CG0247817|-31|-94|CG0247817|-31|-94|CG0247818|-29|-94|CG0247818|-29|-94|CG0247819|-71|-93|CG0247819|-71|-93|CG0247820|-121|-94|CG0247820|-121|-94|CG0247814|-92|-149|CG0247814|-92|-149|CG0247813|-69|-124|CG0247813|-69|-124
598|5|6|1000|20|CG0247836|-79|-105|CG0247837|-83|-109|CG0247838|-90|-87|CG0247839|-90|-76|CG0247839|-90|-76|CG0247839|-90|-76|CG0247838|-90|-87|CG0247839|-90|-76|CG0247839|-90|-76|CG0247839|-90|-76|CG0247839|-90|-76|CG0247838|-90|-87|CG0247820|-121|-94|CG0247820|-121|-94|CG0247815|-109|-94|CG0247816|-46|-107|CG0247817|-31|-94|CG0247818|-29|-94|CG0247819|-71|-93|CG0247820|-121|-94
598|5|7|986|7|CG0252985|-23|-73|CG0252986|-21|-72|CG0252987|-19|-71|CG0252973|-17|-76|CG0252974|-10|-50|CG0252974|-10|-50|CG0252975|-26|-63
598|5|8|1000|2|CG0247833|-109|-106|CG0247834|-105|-150
598|5|9|1000|1|CG0247835|-87|-104
598|5|10|1000|6|CG0247827|-100|-106|CG0247828|-98|-101|CG0247829|-96|-108|CG0247830|-95|-93|CG0247831|-95|-42|CG0247832|-96|-30
598|6|0|2000|8|CG0247881|-65|-97|CG0247882|-65|-96|CG0247883|-65|-96|CG0247884|-65|-94|CG0247885|-65|-94|CG0247886|-65|-94|CG0247887|-65|-96|CG0247888|-65|-96
598|6|1|1200|6|CG0247889|-56|-121|CG0247890|-54|-122|CG0247891|-51|-122|CG0247892|-51|-118|CG0247893|-51|-121|CG0247894|-53|-123
598|6|2|500|3|CG0248846|-64|-118|CG0248847|-54|-115|CG0248848|-40|-112
598|6|3|800|6|CG0247862|-66|-107|CG0247863|-71|-108|CG0247864|-64|-117|CG0247865|-59|-109|CG0247866|-67|-107|CG0247867|-68|-117
598|6|4|
598|6|5|1000|50|CG0247881|-65|-97|CG0247881|-65|-97|CG0247881|-65|-97|CG0247881|-65|-97|CG0247881|-65|-97|CG0247881|-65|-97|CG0247854|-59|-126|CG0247854|-59|-126|CG0247855|-80|-169|CG0247855|-80|-169|CG0247856|-157|-143|CG0247856|-157|-143|CG0247857|-114|-119|CG0247857|-114|-119|CG0247858|-91|-98|CG0247858|-91|-98|CG0247859|-95|-99|CG0247859|-95|-99|CG0247860|-129|-98|CG0247860|-129|-98|CG0247861|-161|-99|CG0247861|-161|-99|CG0247856|-157|-143|CG0247856|-157|-143|CG0247857|-114|-119|CG0247857|-114|-119|CG0247858|-91|-98|CG0247858|-91|-98|CG0247859|-95|-99|CG0247859|-95|-99|CG0247860|-129|-98|CG0247860|-129|-98|CG0247861|-161|-99|CG0247861|-161|-99|CG0247856|-157|-143|CG0247856|-157|-143|CG0247857|-114|-119|CG0247857|-114|-119|CG0247858|-91|-98|CG0247858|-91|-98|CG0247859|-95|-99|CG0247859|-95|-99|CG0247860|-129|-98|CG0247860|-129|-98|CG0247861|-161|-99|CG0247861|-161|-99|CG0247855|-80|-169|CG0247855|-80|-169|CG0247854|-59|-126|CG0247854|-59|-126
598|6|6|1000|20|CG0247877|-58|-109|CG0247878|-59|-115|CG0247879|-77|-89|CG0247880|-76|-79|CG0247880|-76|-79|CG0247880|-76|-79|CG0247879|-77|-89|CG0247880|-76|-79|CG0247880|-76|-79|CG0247880|-76|-79|CG0247880|-76|-79|CG0247879|-77|-89|CG0247861|-161|-99|CG0247861|-161|-99|CG0247856|-157|-143|CG0247857|-114|-119|CG0247858|-91|-98|CG0247859|-95|-99|CG0247860|-129|-98|CG0247861|-161|-99
598|6|7|986|7|CG0253007|-18|-74|CG0253008|-17|-73|CG0253009|-17|-73|CG0252995|-16|-77|CG0252996|-27|-48|CG0252996|-27|-48|CG0252997|-32|-63
598|6|8|1000|2|CG0247874|-82|-109|CG0247875|-102|-136
598|6|9|1000|1|CG0247876|-69|-108
598|6|10|1000|6|CG0247868|-65|-109|CG0247869|-68|-101|CG0247870|-91|-111|CG0247871|-96|-104|CG0247872|-108|-57|CG0247873|-119|-48
598|7|0|2000|8|CG0247922|-66|-103|CG0247923|-66|-103|CG0247924|-67|-101|CG0247925|-67|-99|CG0247926|-66|-99|CG0247927|-66|-99|CG0247928|-66|-101|CG0247929|-66|-103
598|7|1|1200|6|CG0247930|-51|-128|CG0247931|-50|-127|CG0247932|-55|-125|CG0247933|-61|-122|CG0247934|-50|-124|CG0247935|-49|-127
598|7|2|500|3|CG0248887|-28|-122|CG0248888|-36|-121|CG0248889|-60|-120
598|7|3|800|6|CG0247903|-70|-118|CG0247904|-77|-117|CG0247905|-72|-111|CG0247906|-70|-107|CG0247907|-77|-113|CG0247908|-69|-114
598|7|4|
598|7|5|1000|50|CG0247922|-66|-103|CG0247922|-66|-103|CG0247922|-66|-103|CG0247922|-66|-103|CG0247922|-66|-103|CG0247922|-66|-103|CG0247895|-53|-122|CG0247895|-53|-122|CG0247896|-91|-166|CG0247896|-91|-166|CG0247897|-118|-195|CG0247897|-118|-195|CG0247898|-124|-160|CG0247898|-124|-160|CG0247899|-126|-120|CG0247899|-126|-120|CG0247900|-123|-110|CG0247900|-123|-110|CG0247901|-119|-110|CG0247901|-119|-110|CG0247902|-118|-125|CG0247902|-118|-125|CG0247897|-118|-195|CG0247897|-118|-195|CG0247898|-124|-160|CG0247898|-124|-160|CG0247899|-126|-120|CG0247899|-126|-120|CG0247900|-123|-110|CG0247900|-123|-110|CG0247901|-119|-110|CG0247901|-119|-110|CG0247902|-118|-125|CG0247902|-118|-125|CG0247897|-118|-195|CG0247897|-118|-195|CG0247898|-124|-160|CG0247898|-124|-160|CG0247899|-126|-120|CG0247899|-126|-120|CG0247900|-123|-110|CG0247900|-123|-110|CG0247901|-119|-110|CG0247901|-119|-110|CG0247902|-118|-125|CG0247902|-118|-125|CG0247896|-91|-166|CG0247896|-91|-166|CG0247895|-53|-122|CG0247895|-53|-122
598|7|6|1000|20|CG0247918|-68|-113|CG0247919|-66|-118|CG0247920|-67|-99|CG0247921|-67|-89|CG0247921|-67|-89|CG0247921|-67|-89|CG0247920|-67|-99|CG0247921|-67|-89|CG0247921|-67|-89|CG0247921|-67|-89|CG0247921|-67|-89|CG0247920|-67|-99|CG0247902|-118|-125|CG0247902|-118|-125|CG0247897|-118|-195|CG0247898|-124|-160|CG0247899|-126|-120|CG0247900|-123|-110|CG0247901|-119|-110|CG0247902|-118|-125
598|7|7|986|7|CG0253029|-18|-74|CG0253030|-18|-74|CG0253031|-18|-74|CG0253017|-21|-72|CG0253018|-41|-54|CG0253018|-41|-54|CG0253019|-24|-67
598|7|8|1000|2|CG0247915|-67|-108|CG0247916|-72|-126
598|7|9|1000|1|CG0247917|-43|-111
598|7|10|1000|6|CG0247909|-95|-124|CG0247910|-71|-112|CG0247911|-100|-119|CG0247912|-100|-124|CG0247913|-131|-93|CG0247914|-168|-53
