593|0|0|2000|6|CG0245873|-31|-98|CG0245874|-31|-98|CG0245875|-31|-98|CG0245876|-31|-97|CG0245877|-31|-98|CG0245878|-31|-98
593|0|1|1000|6|CG0245879|-34|-103|CG0245880|-23|-103|CG0245881|-20|-102|CG0245882|-19|-102|CG0245883|-22|-103|CG0245884|-34|-103
593|0|2|500|3|CG0248600|-41|-118|CG0248601|-55|-117|CG0248602|-56|-116
593|0|3|400|6|CG0245848|-45|-83|CG0245849|-47|-82|CG0245850|-48|-80|CG0245851|-45|-83|CG0245852|-47|-82|CG0245853|-48|-80
593|0|4|
593|0|5|1000|21|CG0245840|-35|-91|CG0245840|-35|-91|CG0245841|-38|-90|CG0245841|-38|-90|CG0245842|-70|-88|CG0245842|-70|-88|CG0245842|-70|-88|CG0245842|-70|-88|CG0245843|-70|-87|CG0245843|-70|-87|CG0245843|-70|-87|CG0245844|-72|-87|CG0245844|-72|-87|CG0245845|-49|-96|CG0245845|-49|-96|CG0245845|-49|-96|CG0245846|-37|-95|CG0245846|-37|-95|CG0245847|-30|-99|CG0245847|-30|-99|CG0245847|-30|-99
593|0|6|2000|25|CG0245865|-32|-96|CG0245865|-32|-96|CG0245865|-32|-96|CG0245866|-32|-96|CG0245866|-32|-96|CG0245865|-32|-96|CG0245865|-32|-96|CG0245865|-32|-96|CG0245867|-32|-96|CG0245867|-32|-96|CG0245865|-32|-96|CG0245865|-32|-96|CG0245865|-32|-96|CG0245868|-32|-97|CG0245868|-32|-97|CG0245868|-32|-97|CG0245868|-32|-97|CG0245869|-31|-95|CG0245870|-30|-102|CG0245871|-29|-101|CG0245871|-29|-101|CG0245871|-29|-101|CG0245871|-29|-101|CG0245871|-29|-101|CG0245872|-29|-94
593|0|7|986|7|CG0252875|-18|-73|CG0252876|-22|-73|CG0252877|-23|-73|CG0252863|-17|-64|CG0252864|-34|-63|CG0252864|-34|-63|CG0252865|-22|-71
593|0|8|1000|2|CG0245862|-32|-94|CG0245863|-31|-91
593|0|9|1000|1|CG0245864|-45|-79
593|0|10|1000|8|CG0245854|-28|-100|CG0245855|-28|-98|CG0245856|-30|-85|CG0245857|-30|-78|CG0245858|-30|-59|CG0245859|-30|-48|CG0245860|-30|-34|CG0245861|-30|-24
593|1|0|2000|6|CG0245918|-29|-98|CG0245919|-29|-98|CG0245920|-29|-98|CG0245921|-29|-97|CG0245922|-29|-98|CG0245923|-29|-98
593|1|1|1000|6|CG0245924|-23|-103|CG0245925|-23|-104|CG0245926|-24|-104|CG0245927|-24|-103|CG0245928|-24|-104|CG0245929|-23|-104
593|1|2|500|3|CG0248641|-49|-110|CG0248642|-47|-110|CG0248643|-41|-110
593|1|3|400|6|CG0245893|-29|-88|CG0245894|-29|-86|CG0245895|-29|-85|CG0245896|-29|-88|CG0245897|-29|-86|CG0245898|-29|-85
593|1|4|
593|1|5|1000|21|CG0245885|-29|-93|CG0245885|-29|-93|CG0245886|-37|-98|CG0245886|-37|-98|CG0245887|-39|-101|CG0245887|-39|-101|CG0245887|-39|-101|CG0245887|-39|-101|CG0245888|-39|-101|CG0245888|-39|-101|CG0245888|-39|-101|CG0245889|-39|-100|CG0245889|-39|-100|CG0245890|-40|-107|CG0245890|-40|-107|CG0245890|-40|-107|CG0245891|-34|-101|CG0245891|-34|-101|CG0245892|-36|-102|CG0245892|-36|-102|CG0245892|-36|-102
593|1|6|2000|25|CG0245910|-35|-96|CG0245910|-35|-96|CG0245910|-35|-96|CG0245911|-33|-96|CG0245911|-33|-96|CG0245910|-35|-96|CG0245910|-35|-96|CG0245910|-35|-96|CG0245912|-33|-96|CG0245912|-33|-96|CG0245910|-35|-96|CG0245910|-35|-96|CG0245910|-35|-96|CG0245913|-33|-96|CG0245913|-33|-96|CG0245913|-33|-96|CG0245913|-33|-96|CG0245914|-28|-94|CG0245915|-38|-97|CG0245916|-33|-96|CG0245916|-33|-96|CG0245916|-33|-96|CG0245916|-33|-96|CG0245916|-33|-96|CG0245917|-36|-94
593|1|7|986|7|CG0252897|-23|-72|CG0252898|-22|-72|CG0252899|-20|-72|CG0252885|-11|-60|CG0252886|-22|-70|CG0252886|-22|-70|CG0252887|-22|-73
593|1|8|1000|2|CG0245907|-21|-94|CG0245908|-38|-91
593|1|9|1000|1|CG0245909|-26|-79
593|1|10|1000|8|CG0245899|-26|-99|CG0245900|-32|-97|CG0245901|-35|-85|CG0245902|-35|-76|CG0245903|-35|-59|CG0245904|-36|-45|CG0245905|-36|-33|CG0245906|-35|-24
593|2|0|2000|6|CG0245963|-28|-97|CG0245964|-28|-97|CG0245965|-28|-96|CG0245966|-28|-96|CG0245967|-28|-96|CG0245968|-28|-97
593|2|1|1000|6|CG0245969|-23|-102|CG0245970|-23|-102|CG0245971|-24|-103|CG0245972|-27|-103|CG0245973|-24|-103|CG0245974|-23|-103
593|2|2|500|3|CG0248682|-35|-119|CG0248683|-28|-118|CG0248684|-31|-118
593|2|3|400|6|CG0245938|-24|-83|CG0245939|-34|-82|CG0245940|-23|-80|CG0245941|-35|-83|CG0245942|-51|-82|CG0245943|-37|-80
593|2|4|
593|2|5|1000|21|CG0245930|-22|-92|CG0245930|-22|-92|CG0245931|-24|-96|CG0245931|-24|-96|CG0245932|-35|-100|CG0245932|-35|-100|CG0245932|-35|-100|CG0245932|-35|-100|CG0245933|-36|-100|CG0245933|-36|-100|CG0245933|-36|-100|CG0245934|-35|-101|CG0245934|-35|-101|CG0245935|-35|-114|CG0245935|-35|-114|CG0245935|-35|-114|CG0245936|-31|-103|CG0245936|-31|-103|CG0245937|-27|-101|CG0245937|-27|-101|CG0245937|-27|-101
593|2|6|2000|25|CG0245955|-34|-95|CG0245955|-34|-95|CG0245955|-34|-95|CG0245956|-34|-94|CG0245956|-34|-94|CG0245955|-34|-95|CG0245955|-34|-95|CG0245955|-34|-95|CG0245957|-35|-94|CG0245957|-35|-94|CG0245955|-34|-95|CG0245955|-34|-95|CG0245955|-34|-95|CG0245958|-35|-94|CG0245958|-35|-94|CG0245958|-35|-94|CG0245958|-35|-94|CG0245959|-43|-93|CG0245960|-34|-97|CG0245961|-24|-96|CG0245961|-24|-96|CG0245961|-24|-96|CG0245961|-24|-96|CG0245961|-24|-96|CG0245962|-38|-93
593|2|7|986|7|CG0252919|-18|-72|CG0252920|-13|-72|CG0252921|-10|-71|CG0252907|-29|-60|CG0252908|-24|-70|CG0252908|-24|-70|CG0252909|-26|-71
593|2|8|1000|2|CG0245952|-11|-92|CG0245953|-56|-88
593|2|9|1000|1|CG0245954|-22|-80
593|2|10|1000|8|CG0245944|-24|-99|CG0245945|-30|-97|CG0245946|-30|-84|CG0245947|-32|-77|CG0245948|-29|-58|CG0245949|-36|-47|CG0245950|-35|-34|CG0245951|-35|-23
593|3|0|2000|6|CG0246008|-15|-97|CG0246009|-15|-96|CG0246010|-15|-96|CG0246011|-15|-96|CG0246012|-15|-96|CG0246013|-15|-96
593|3|1|1000|6|CG0246014|-26|-101|CG0246015|-15|-101|CG0246016|-21|-101|CG0246017|-26|-102|CG0246018|-15|-102|CG0246019|-22|-102
593|3|2|500|3|CG0248723|-27|-123|CG0248724|-32|-120|CG0248725|-51|-114
593|3|3|400|6|CG0245983|-39|-73|CG0245984|-55|-71|CG0245985|-39|-69|CG0245986|-37|-73|CG0245987|-54|-71|CG0245988|-37|-69
593|3|4|
593|3|5|1000|21|CG0245975|-28|-90|CG0245975|-28|-90|CG0245976|-11|-88|CG0245976|-11|-88|CG0245977|-15|-86|CG0245977|-15|-86|CG0245977|-15|-86|CG0245977|-15|-86|CG0245978|-17|-86|CG0245978|-17|-86|CG0245978|-17|-86|CG0245979|-15|-88|CG0245979|-15|-88|CG0245980|-14|-111|CG0245980|-14|-111|CG0245980|-14|-111|CG0245981|-15|-99|CG0245981|-15|-99|CG0245982|-14|-98|CG0245982|-14|-98|CG0245982|-14|-98
593|3|6|2000|25|CG0246000|-36|-94|CG0246000|-36|-94|CG0246000|-36|-94|CG0246001|-36|-94|CG0246001|-36|-94|CG0246000|-36|-94|CG0246000|-36|-94|CG0246000|-36|-94|CG0246002|-36|-94|CG0246002|-36|-94|CG0246000|-36|-94|CG0246000|-36|-94|CG0246000|-36|-94|CG0246003|-36|-93|CG0246003|-36|-93|CG0246003|-36|-93|CG0246003|-36|-93|CG0246004|-36|-93|CG0246005|-27|-97|CG0246006|-47|-98|CG0246006|-47|-98|CG0246006|-47|-98|CG0246006|-47|-98|CG0246006|-47|-98|CG0246007|-35|-96
593|3|7|986|7|CG0252941|-14|-72|CG0252942|-12|-72|CG0252943|-14|-71|CG0252929|-40|-65|CG0252930|-29|-66|CG0252930|-29|-66|CG0252931|-21|-69
593|3|8|1000|2|CG0245997|-12|-89|CG0245998|-47|-94
593|3|9|1000|1|CG0245999|-33|-83
593|3|10|1000|8|CG0245989|-18|-99|CG0245990|-17|-97|CG0245991|-19|-82|CG0245992|-20|-77|CG0245993|-22|-57|CG0245994|-25|-47|CG0245995|-25|-33|CG0245996|-25|-24
593|4|0|2000|6|CG0246053|-23|-96|CG0246054|-24|-96|CG0246055|-24|-95|CG0246056|-25|-95|CG0246057|-24|-96|CG0246058|-24|-96
593|4|1|1000|6|CG0246059|-25|-100|CG0246060|-24|-101|CG0246061|-24|-101|CG0246062|-24|-101|CG0246063|-24|-101|CG0246064|-25|-101
593|4|2|500|3|CG0248764|-39|-116|CG0248765|-40|-109|CG0248766|-89|-101
593|4|3|400|6|CG0246028|-35|-64|CG0246029|-49|-61|CG0246030|-38|-58|CG0246031|-22|-64|CG0246032|-32|-61|CG0246033|-23|-58
593|4|4|
593|4|5|1000|21|CG0246020|-30|-88|CG0246020|-30|-88|CG0246021|3|-76|CG0246021|3|-76|CG0246022|3|-74|CG0246022|3|-74|CG0246022|3|-74|CG0246022|3|-74|CG0246023|3|-73|CG0246023|3|-73|CG0246023|3|-73|CG0246024|3|-69|CG0246024|3|-69|CG0246025|0|-101|CG0246025|0|-101|CG0246025|0|-101|CG0246026|-1|-95|CG0246026|-1|-95|CG0246027|-27|-96|CG0246027|-27|-96|CG0246027|-27|-96
593|4|6|2000|25|CG0246045|-26|-95|CG0246045|-26|-95|CG0246045|-26|-95|CG0246046|-25|-95|CG0246046|-25|-95|CG0246045|-26|-95|CG0246045|-26|-95|CG0246045|-26|-95|CG0246047|-24|-94|CG0246047|-24|-94|CG0246045|-26|-95|CG0246045|-26|-95|CG0246045|-26|-95|CG0246048|-25|-94|CG0246048|-25|-94|CG0246048|-25|-94|CG0246048|-25|-94|CG0246049|-25|-95|CG0246050|-30|-98|CG0246051|-62|-103|CG0246051|-62|-103|CG0246051|-62|-103|CG0246051|-62|-103|CG0246051|-62|-103|CG0246052|-44|-101
593|4|7|986|7|CG0252963|-19|-74|CG0252964|-19|-72|CG0252965|-19|-71|CG0252951|-35|-72|CG0252952|-24|-57|CG0252952|-24|-57|CG0252953|-21|-66
593|4|8|1000|2|CG0246042|-26|-87|CG0246043|-20|-99
593|4|9|1000|1|CG0246044|-30|-85
593|4|10|1000|8|CG0246034|-28|-98|CG0246035|-29|-96|CG0246036|-29|-79|CG0246037|-30|-75|CG0246038|-30|-53|CG0246039|-30|-44|CG0246040|-31|-30|CG0246041|-31|-25
593|5|0|2000|6|CG0246098|-31|-96|CG0246099|-31|-96|CG0246100|-31|-96|CG0246101|-31|-95|CG0246102|-31|-95|CG0246103|-31|-96
593|5|1|1000|6|CG0246104|-24|-100|CG0246105|-23|-100|CG0246106|-23|-99|CG0246107|-22|-100|CG0246108|-23|-100|CG0246109|-24|-100
593|5|2|500|3|CG0248805|-64|-105|CG0248806|-66|-102|CG0248807|-76|-98
593|5|3|400|6|CG0246073|-32|-65|CG0246074|-32|-62|CG0246075|-32|-59|CG0246076|-32|-65|CG0246077|-32|-62|CG0246078|-32|-59
593|5|4|
593|5|5|1000|21|CG0246065|-19|-86|CG0246065|-19|-86|CG0246066|-14|-68|CG0246066|-14|-68|CG0246067|-11|-64|CG0246067|-11|-64|CG0246067|-11|-64|CG0246067|-11|-64|CG0246068|-11|-63|CG0246068|-11|-63|CG0246068|-11|-63|CG0246069|-11|-56|CG0246069|-11|-56|CG0246070|-4|-90|CG0246070|-4|-90|CG0246070|-4|-90|CG0246071|-12|-91|CG0246071|-12|-91|CG0246072|-43|-93|CG0246072|-43|-93|CG0246072|-43|-93
593|5|6|2000|25|CG0246090|-22|-95|CG0246090|-22|-95|CG0246090|-22|-95|CG0246091|-23|-95|CG0246091|-23|-95|CG0246090|-22|-95|CG0246090|-22|-95|CG0246090|-22|-95|CG0246092|-23|-95|CG0246092|-23|-95|CG0246090|-22|-95|CG0246090|-22|-95|CG0246090|-22|-95|CG0246093|-23|-95|CG0246093|-23|-95|CG0246093|-23|-95|CG0246093|-23|-95|CG0246094|-27|-96|CG0246095|-29|-98|CG0246096|-47|-120|CG0246096|-47|-120|CG0246096|-47|-120|CG0246096|-47|-120|CG0246096|-47|-120|CG0246097|-40|-100
593|5|7|986|7|CG0252985|-23|-73|CG0252986|-21|-72|CG0252987|-19|-71|CG0252973|-17|-76|CG0252974|-10|-50|CG0252974|-10|-50|CG0252975|-26|-63
593|5|8|1000|2|CG0246087|-37|-87|CG0246088|-22|-98
593|5|9|1000|1|CG0246089|-20|-86
593|5|10|1000|8|CG0246079|-24|-95|CG0246080|-30|-93|CG0246081|-30|-76|CG0246082|-34|-70|CG0246083|-30|-50|CG0246084|-31|-39|CG0246085|-31|-26|CG0246086|-31|-24
593|6|0|2000|6|CG0246143|-24|-98|CG0246144|-24|-98|CG0246145|-24|-97|CG0246146|-23|-97|CG0246147|-24|-97|CG0246148|-24|-98
593|6|1|1000|6|CG0246149|-20|-101|CG0246150|-21|-101|CG0246151|-34|-101|CG0246152|-33|-100|CG0246153|-23|-101|CG0246154|-20|-101
593|6|2|500|3|CG0248846|-64|-118|CG0248847|-54|-115|CG0248848|-40|-112
593|6|3|400|6|CG0246118|-44|-76|CG0246119|-45|-73|CG0246120|-47|-71|CG0246121|-44|-76|CG0246122|-45|-73|CG0246123|-47|-71
593|6|4|
593|6|5|1000|21|CG0246110|-30|-87|CG0246110|-30|-87|CG0246111|-39|-70|CG0246111|-39|-70|CG0246112|-69|-57|CG0246112|-69|-57|CG0246112|-69|-57|CG0246112|-69|-57|CG0246113|-70|-56|CG0246113|-70|-56|CG0246113|-70|-56|CG0246114|-55|-57|CG0246114|-55|-57|CG0246115|-30|-86|CG0246115|-30|-86|CG0246115|-30|-86|CG0246116|-31|-89|CG0246116|-31|-89|CG0246117|-43|-94|CG0246117|-43|-94|CG0246117|-43|-94
593|6|6|2000|25|CG0246135|-24|-96|CG0246135|-24|-96|CG0246135|-24|-96|CG0246136|-24|-96|CG0246136|-24|-96|CG0246135|-24|-96|CG0246135|-24|-96|CG0246135|-24|-96|CG0246137|-23|-96|CG0246137|-23|-96|CG0246135|-24|-96|CG0246135|-24|-96|CG0246135|-24|-96|CG0246138|-24|-96|CG0246138|-24|-96|CG0246138|-24|-96|CG0246138|-24|-96|CG0246139|-34|-97|CG0246140|-23|-102|CG0246141|-11|-127|CG0246141|-11|-127|CG0246141|-11|-127|CG0246141|-11|-127|CG0246141|-11|-127|CG0246142|-17|-100
593|6|7|986|7|CG0253007|-18|-74|CG0253008|-17|-73|CG0253009|-17|-73|CG0252995|-16|-77|CG0252996|-27|-48|CG0252996|-27|-48|CG0252997|-32|-63
593|6|8|1000|2|CG0246132|-35|-90|CG0246133|-29|-94
593|6|9|1000|1|CG0246134|-17|-84
593|6|10|1000|8|CG0246124|-23|-99|CG0246125|-28|-97|CG0246126|-24|-83|CG0246127|-28|-77|CG0246128|-24|-57|CG0246129|-30|-45|CG0246130|-28|-33|CG0246131|-28|-25
593|7|0|2000|6|CG0246188|-17|-99|CG0246189|-17|-99|CG0246190|-17|-98|CG0246191|-17|-98|CG0246192|-17|-98|CG0246193|-17|-99
593|7|1|1000|6|CG0246194|-34|-101|CG0246195|-19|-101|CG0246196|-34|-101|CG0246197|-32|-101|CG0246198|-19|-101|CG0246199|-34|-102
593|7|2|500|3|CG0248887|-28|-122|CG0248888|-36|-121|CG0248889|-60|-120
593|7|3|400|6|CG0246163|-48|-83|CG0246164|-50|-80|CG0246165|-51|-78|CG0246166|-48|-83|CG0246167|-50|-80|CG0246168|-51|-78
593|7|4|
593|7|5|1000|21|CG0246155|-34|-88|CG0246155|-34|-88|CG0246156|-48|-79|CG0246156|-48|-79|CG0246157|-97|-69|CG0246157|-97|-69|CG0246157|-97|-69|CG0246157|-97|-69|CG0246158|-98|-67|CG0246158|-98|-67|CG0246158|-98|-67|CG0246159|-90|-70|CG0246159|-90|-70|CG0246160|-50|-90|CG0246160|-50|-90|CG0246160|-50|-90|CG0246161|-42|-91|CG0246161|-42|-91|CG0246162|-22|-96|CG0246162|-22|-96|CG0246162|-22|-96
593|7|6|2000|25|CG0246180|-31|-96|CG0246180|-31|-96|CG0246180|-31|-96|CG0246181|-30|-96|CG0246181|-30|-96|CG0246180|-31|-96|CG0246180|-31|-96|CG0246180|-31|-96|CG0246182|-30|-96|CG0246182|-30|-96|CG0246180|-31|-96|CG0246180|-31|-96|CG0246180|-31|-96|CG0246183|-30|-97|CG0246183|-30|-97|CG0246183|-30|-97|CG0246183|-30|-97|CG0246184|-25|-97|CG0246185|-19|-105|CG0246186|-19|-120|CG0246186|-19|-120|CG0246186|-19|-120|CG0246186|-19|-120|CG0246186|-19|-120|CG0246187|-19|-97
593|7|7|986|7|CG0253029|-18|-74|CG0253030|-18|-74|CG0253031|-18|-74|CG0253017|-21|-72|CG0253018|-41|-54|CG0253018|-41|-54|CG0253019|-24|-67
593|7|8|1000|2|CG0246177|-36|-93|CG0246178|-31|-88
593|7|9|1000|1|CG0246179|-40|-80
593|7|10|1000|8|CG0246169|-15|-101|CG0246170|-16|-99|CG0246171|-15|-86|CG0246172|-16|-79|CG0246173|-21|-61|CG0246174|-22|-48|CG0246175|-22|-37|CG0246176|-22|-24
