377|0|0|1100|6|CG2040524|-92|-176|CG2040525|-89|-164|CG2040526|-91|-175|CG2040527|-91|-193|CG2040528|-88|-194|CG2040529|-88|-187
377|0|1|1000|6|CG2040518|-92|-176|CG2040519|-89|-164|CG2040520|-91|-175|CG2040521|-91|-193|CG2040522|-88|-194|CG2040523|-88|-187
377|0|2|400|6|CG2048847|-19|-64|CG2048848|-19|-65|CG2048849|-20|-65|CG2048850|-18|-64|CG2048851|-19|-64|CG2048852|-21|-65
377|0|3|2000|31|CG2040545|-116|-169|CG2040546|-114|-167|CG2040547|-124|-179|CG2040548|-126|-200|CG2040549|-114|-209|CG2040550|-116|-199|CG2040545|-116|-169|CG2040546|-114|-167|CG2040547|-124|-179|CG2040548|-126|-200|CG2040549|-114|-209|CG2040550|-116|-199|CG2040545|-116|-169|CG2040546|-114|-167|CG2040547|-124|-179|CG2040548|-126|-200|CG2040549|-114|-209|CG2040550|-116|-199|CG2040545|-116|-169|CG2040546|-114|-167|CG2040547|-124|-179|CG2040548|-126|-200|CG2040549|-114|-209|CG2040550|-116|-199|CG2040545|-116|-169|CG2040546|-114|-167|CG2040547|-124|-179|CG2040548|-126|-200|CG2040549|-114|-209|CG2040550|-116|-199|CG2040550|-116|-199
377|0|4|
377|0|5|1000|26|CG2040510|-92|-176|CG2040510|-92|-176|CG2040511|-130|-177|CG2040511|-130|-177|CG2040512|-136|-189|CG2040512|-136|-189|CG2040512|-136|-189|CG2040512|-136|-189|CG2040513|-138|-187|CG2040513|-138|-187|CG2040513|-138|-187|CG2040513|-138|-187|CG2040514|-123|-184|CG2040514|-123|-184|CG2040514|-123|-184|CG2040514|-123|-184|CG2040514|-123|-184|CG2040514|-123|-184|CG2040515|-101|-186|CG2040515|-101|-186|CG2040516|-115|-186|CG2040516|-115|-186|CG2040516|-115|-186|CG2040516|-115|-186|CG2040517|-125|-186|CG2040517|-125|-186
377|0|6|2000|21|CG2040530|-119|-183|CG2040531|-117|-162|CG2040532|-112|-156|CG2040533|-114|-168|CG2040534|-115|-191|CG2040535|-117|-223|CG2040530|-119|-183|CG2040531|-117|-162|CG2040532|-112|-156|CG2040533|-114|-168|CG2040534|-115|-191|CG2040535|-117|-223|CG2040530|-119|-183|CG2040531|-117|-162|CG2040532|-112|-156|CG2040533|-114|-168|CG2040533|-114|-168|CG2040535|-117|-223|CG2040530|-119|-183|CG2040530|-119|-183|CG2040530|-119|-183
377|0|7|
377|0|8|1000|2|CG2040536|-102|-163|CG2040537|-99|-155
377|0|9|1000|1|CG2040538|-86|-146
377|0|10|1000|11|CG2040539|-92|-176|CG2040540|-122|-179|CG2040541|-141|-163|CG2040542|-141|-109|CG2040542|-141|-109|CG2040543|-141|-110|CG2040543|-141|-110|CG2040543|-141|-110|CG2040544|-141|-110|CG2040544|-141|-110|CG2040544|-141|-110
377|1|0|1100|6|CG2040565|-160|-161|CG2040566|-88|-159|CG2040567|-113|-159|CG2040568|-172|-173|CG2040569|-155|-182|CG2040570|-163|-173
377|1|1|1000|6|CG2040559|-160|-161|CG2040560|-88|-159|CG2040561|-113|-159|CG2040562|-172|-173|CG2040563|-155|-182|CG2040564|-163|-173
377|1|2|400|6|CG2048902|-20|-65|CG2048903|-19|-66|CG2048904|-17|-66|CG2048905|-19|-65|CG2048906|-20|-66|CG2048907|-15|-66
377|1|3|2000|31|CG2040586|-105|-162|CG2040587|-89|-165|CG2040588|-118|-170|CG2040589|-167|-188|CG2040590|-138|-199|CG2040591|-147|-187|CG2040586|-105|-162|CG2040587|-89|-165|CG2040588|-118|-170|CG2040589|-167|-188|CG2040590|-138|-199|CG2040591|-147|-187|CG2040586|-105|-162|CG2040587|-89|-165|CG2040588|-118|-170|CG2040589|-167|-188|CG2040590|-138|-199|CG2040591|-147|-187|CG2040586|-105|-162|CG2040587|-89|-165|CG2040588|-118|-170|CG2040589|-167|-188|CG2040590|-138|-199|CG2040591|-147|-187|CG2040586|-105|-162|CG2040587|-89|-165|CG2040588|-118|-170|CG2040589|-167|-188|CG2040590|-138|-199|CG2040591|-147|-187|CG2040591|-147|-187
377|1|4|
377|1|5|1000|26|CG2040551|-160|-161|CG2040551|-160|-161|CG2040552|-139|-164|CG2040552|-139|-164|CG2040553|-108|-156|CG2040553|-108|-156|CG2040553|-108|-156|CG2040553|-108|-156|CG2040554|-131|-152|CG2040554|-131|-152|CG2040554|-131|-152|CG2040554|-131|-152|CG2040555|-160|-225|CG2040555|-160|-225|CG2040555|-160|-225|CG2040555|-160|-225|CG2040555|-160|-225|CG2040555|-160|-225|CG2040556|-163|-176|CG2040556|-163|-176|CG2040557|-163|-193|CG2040557|-163|-193|CG2040557|-163|-193|CG2040557|-163|-193|CG2040558|-163|-173|CG2040558|-163|-173
377|1|6|2000|21|CG2040571|-162|-172|CG2040572|-112|-171|CG2040573|-89|-171|CG2040574|-114|-172|CG2040575|-174|-176|CG2040576|-156|-191|CG2040571|-162|-172|CG2040572|-112|-171|CG2040573|-89|-171|CG2040574|-114|-172|CG2040575|-174|-176|CG2040576|-156|-191|CG2040571|-162|-172|CG2040572|-112|-171|CG2040573|-89|-171|CG2040574|-114|-172|CG2040575|-174|-176|CG2040576|-156|-191|CG2040571|-162|-172|CG2040571|-162|-172|CG2040571|-162|-172
377|1|7|
377|1|8|1000|2|CG2040577|-149|-159|CG2040578|-128|-150
377|1|9|1000|1|CG2040579|-102|-154
377|1|10|1000|11|CG2040580|-160|-161|CG2040581|-157|-177|CG2040582|-151|-168|CG2040583|-142|-119|CG2040583|-142|-119|CG2040584|-137|-119|CG2040584|-137|-119|CG2040584|-137|-119|CG2040585|-131|-108|CG2040585|-131|-108|CG2040585|-131|-108
377|2|0|1100|6|CG2040606|-133|-173|CG2040607|-94|-164|CG2040608|-114|-174|CG2040609|-155|-193|CG2040610|-157|-196|CG2040611|-160|-186
377|2|1|1000|6|CG2040600|-133|-173|CG2040601|-94|-164|CG2040602|-114|-174|CG2040603|-155|-193|CG2040604|-157|-196|CG2040605|-160|-186
377|2|2|400|6|CG2048957|-25|-65|CG2048958|-24|-65|CG2048959|-24|-66|CG2048960|-24|-65|CG2048961|-25|-65|CG2048962|-25|-66
377|2|3|2000|31|CG2040627|-113|-169|CG2040628|-112|-167|CG2040629|-108|-179|CG2040630|-129|-200|CG2040631|-110|-211|CG2040632|-127|-198|CG2040627|-113|-169|CG2040628|-112|-167|CG2040629|-108|-179|CG2040630|-129|-200|CG2040631|-110|-211|CG2040632|-127|-198|CG2040627|-113|-169|CG2040628|-112|-167|CG2040629|-108|-179|CG2040630|-129|-200|CG2040631|-110|-211|CG2040632|-127|-198|CG2040627|-113|-169|CG2040628|-112|-167|CG2040629|-108|-179|CG2040630|-129|-200|CG2040631|-110|-211|CG2040632|-127|-198|CG2040627|-113|-169|CG2040628|-112|-167|CG2040629|-108|-179|CG2040630|-129|-200|CG2040631|-110|-211|CG2040632|-127|-198|CG2040632|-127|-198
377|2|4|
377|2|5|1000|26|CG2040592|-133|-173|CG2040592|-133|-173|CG2040593|-100|-178|CG2040593|-100|-178|CG2040594|-94|-188|CG2040594|-94|-188|CG2040594|-94|-188|CG2040594|-94|-188|CG2040595|-100|-187|CG2040595|-100|-187|CG2040595|-100|-187|CG2040595|-100|-187|CG2040596|-110|-185|CG2040596|-110|-185|CG2040596|-110|-185|CG2040596|-110|-185|CG2040596|-110|-185|CG2040596|-110|-185|CG2040597|-130|-189|CG2040597|-130|-189|CG2040598|-130|-189|CG2040598|-130|-189|CG2040598|-130|-189|CG2040598|-130|-189|CG2040599|-130|-189|CG2040599|-130|-189
377|2|6|2000|21|CG2040612|-116|-182|CG2040613|-100|-165|CG2040614|-99|-165|CG2040615|-108|-168|CG2040616|-141|-190|CG2040617|-114|-225|CG2040612|-116|-182|CG2040613|-100|-165|CG2040614|-99|-165|CG2040615|-108|-168|CG2040616|-141|-190|CG2040617|-114|-225|CG2040612|-116|-182|CG2040613|-100|-165|CG2040614|-99|-165|CG2040615|-108|-168|CG2040616|-141|-190|CG2040617|-114|-225|CG2040612|-116|-182|CG2040612|-116|-182|CG2040612|-116|-182
377|2|7|
377|2|8|1000|2|CG2040618|-127|-159|CG2040619|-139|-142
377|2|9|1000|1|CG2040620|-81|-148
377|2|10|1000|11|CG2040621|-133|-173|CG2040622|-111|-177|CG2040623|-105|-160|CG2040624|-120|-108|CG2040624|-120|-108|CG2040625|-123|-107|CG2040625|-123|-107|CG2040625|-123|-107|CG2040626|-120|-108|CG2040626|-120|-108|CG2040626|-120|-108
377|3|0|1100|6|CG2040647|-108|-196|CG2040648|-90|-146|CG2040649|-78|-161|CG2040650|-75|-213|CG2040651|-83|-250|CG2040652|-98|-232
377|3|1|1000|6|CG2040641|-108|-196|CG2040642|-90|-146|CG2040643|-78|-161|CG2040644|-75|-213|CG2040645|-83|-250|CG2040646|-98|-232
377|3|2|400|6|CG2049012|-24|-60|CG2049013|-24|-61|CG2049014|-24|-61|CG2049015|-24|-60|CG2049016|-24|-61|CG2049017|-25|-61
377|3|3|2000|31|CG2040668|-162|-139|CG2040669|-162|-131|CG2040670|-156|-153|CG2040671|-153|-214|CG2040672|-158|-245|CG2040673|-163|-223|CG2040668|-162|-139|CG2040669|-162|-131|CG2040670|-156|-153|CG2040671|-153|-214|CG2040672|-158|-245|CG2040673|-163|-223|CG2040668|-162|-139|CG2040669|-162|-131|CG2040670|-156|-153|CG2040671|-153|-214|CG2040672|-158|-245|CG2040673|-163|-223|CG2040668|-162|-139|CG2040669|-162|-131|CG2040670|-156|-153|CG2040671|-153|-214|CG2040672|-158|-245|CG2040673|-163|-223|CG2040668|-162|-139|CG2040669|-162|-131|CG2040670|-156|-153|CG2040671|-153|-214|CG2040672|-158|-245|CG2040673|-163|-223|CG2040673|-163|-223
377|3|4|
377|3|5|1000|26|CG2040633|-108|-196|CG2040633|-108|-196|CG2040634|-128|-181|CG2040634|-128|-181|CG2040635|-134|-179|CG2040635|-134|-179|CG2040635|-134|-179|CG2040635|-134|-179|CG2040636|-142|-185|CG2040636|-142|-185|CG2040636|-142|-185|CG2040636|-142|-185|CG2040637|-137|-200|CG2040637|-137|-200|CG2040637|-137|-200|CG2040637|-137|-200|CG2040637|-137|-200|CG2040637|-137|-200|CG2040638|-108|-219|CG2040638|-108|-219|CG2040639|-108|-219|CG2040639|-108|-219|CG2040639|-108|-219|CG2040639|-108|-219|CG2040640|-108|-219|CG2040640|-108|-219
377|3|6|2000|21|CG2040653|-90|-202|CG2040654|-148|-159|CG2040655|-133|-136|CG2040656|-124|-165|CG2040657|-138|-221|CG2040658|-146|-258|CG2040653|-90|-202|CG2040654|-148|-159|CG2040655|-133|-136|CG2040656|-124|-165|CG2040657|-138|-221|CG2040658|-146|-258|CG2040653|-90|-202|CG2040654|-148|-159|CG2040655|-133|-136|CG2040656|-124|-165|CG2040657|-138|-221|CG2040658|-146|-258|CG2040653|-90|-202|CG2040653|-90|-202|CG2040653|-90|-202
377|3|7|
377|3|8|1000|2|CG2040659|-94|-187|CG2040660|-110|-160
377|3|9|1000|1|CG2040661|-37|-128
377|3|10|1000|11|CG2040662|-108|-196|CG2040663|-123|-187|CG2040664|-131|-166|CG2040665|-129|-119|CG2040665|-129|-119|CG2040666|-145|-111|CG2040666|-145|-111|CG2040666|-145|-111|CG2040667|-142|-102|CG2040667|-142|-102|CG2040667|-142|-102
377|4|0|1100|6|CG2040688|-146|-185|CG2040689|-98|-131|CG2040690|-117|-162|CG2040691|-158|-202|CG2040692|-158|-252|CG2040693|-165|-230
377|4|1|1000|6|CG2040682|-146|-185|CG2040683|-98|-131|CG2040684|-117|-162|CG2040685|-158|-202|CG2040686|-158|-252|CG2040687|-165|-230
377|4|2|400|6|CG2049067|-23|-67|CG2049068|-23|-67|CG2049069|-23|-67|CG2049070|-23|-66|CG2049071|-23|-67|CG2049072|-22|-68
377|4|3|2000|31|CG2040709|-114|-159|CG2040710|-114|-160|CG2040711|-110|-158|CG2040712|-130|-192|CG2040713|-111|-230|CG2040714|-125|-211|CG2040709|-114|-159|CG2040710|-114|-160|CG2040711|-110|-158|CG2040712|-130|-192|CG2040713|-111|-230|CG2040714|-125|-211|CG2040709|-114|-159|CG2040710|-114|-160|CG2040711|-110|-158|CG2040712|-130|-192|CG2040713|-111|-230|CG2040714|-125|-211|CG2040709|-114|-159|CG2040710|-114|-160|CG2040711|-110|-158|CG2040712|-130|-192|CG2040713|-111|-230|CG2040714|-125|-211|CG2040709|-114|-159|CG2040710|-114|-160|CG2040711|-110|-158|CG2040712|-130|-192|CG2040713|-111|-230|CG2040714|-125|-211|CG2040714|-125|-211
377|4|4|
377|4|5|1000|26|CG2040674|-146|-185|CG2040674|-146|-185|CG2040675|-100|-166|CG2040675|-100|-166|CG2040676|-95|-177|CG2040676|-95|-177|CG2040676|-95|-177|CG2040676|-95|-177|CG2040677|-101|-171|CG2040677|-101|-171|CG2040677|-101|-171|CG2040677|-101|-171|CG2040678|-115|-173|CG2040678|-115|-173|CG2040678|-115|-173|CG2040678|-115|-173|CG2040678|-115|-173|CG2040678|-115|-173|CG2040679|-143|-199|CG2040679|-143|-199|CG2040680|-143|-199|CG2040680|-143|-199|CG2040680|-143|-199|CG2040680|-143|-199|CG2040681|-143|-199|CG2040681|-143|-199
377|4|6|2000|21|CG2040694|-126|-185|CG2040695|-108|-154|CG2040696|-99|-137|CG2040697|-113|-171|CG2040698|-141|-200|CG2040699|-111|-234|CG2040694|-126|-185|CG2040695|-108|-154|CG2040696|-99|-137|CG2040697|-113|-171|CG2040698|-141|-200|CG2040699|-111|-234|CG2040694|-126|-185|CG2040695|-108|-154|CG2040696|-99|-137|CG2040697|-113|-171|CG2040698|-141|-200|CG2040699|-111|-234|CG2040694|-126|-185|CG2040694|-126|-185|CG2040694|-126|-185
377|4|7|
377|4|8|1000|2|CG2040700|-137|-184|CG2040701|-131|-173
377|4|9|1000|1|CG2040702|-84|-119
377|4|10|1000|11|CG2040703|-146|-185|CG2040704|-121|-167|CG2040705|-100|-151|CG2040706|-120|-130|CG2040706|-120|-130|CG2040707|-123|-108|CG2040707|-123|-108|CG2040707|-123|-108|CG2040708|-121|-100|CG2040708|-121|-100|CG2040708|-121|-100
377|5|0|1100|6|CG2040729|-158|-160|CG2040730|-96|-147|CG2040731|-123|-136|CG2040732|-172|-176|CG2040733|-146|-203|CG2040734|-154|-182
377|5|1|1000|6|CG2040723|-158|-160|CG2040724|-96|-147|CG2040725|-123|-136|CG2040726|-172|-176|CG2040727|-146|-203|CG2040728|-154|-182
377|5|2|400|6|CG2049122|-17|-68|CG2049123|-15|-68|CG2049124|-14|-68|CG2049125|-15|-67|CG2049126|-17|-68|CG2049127|-20|-69
377|5|3|2000|31|CG2040750|-113|-188|CG2040751|-96|-188|CG2040752|-127|-188|CG2040753|-165|-187|CG2040754|-127|-188|CG2040755|-135|-188|CG2040750|-113|-188|CG2040751|-96|-188|CG2040752|-127|-188|CG2040753|-165|-187|CG2040754|-127|-188|CG2040755|-135|-188|CG2040750|-113|-188|CG2040751|-96|-188|CG2040752|-127|-188|CG2040753|-165|-187|CG2040754|-127|-188|CG2040755|-135|-188|CG2040750|-113|-188|CG2040751|-96|-188|CG2040752|-127|-188|CG2040753|-165|-187|CG2040754|-127|-188|CG2040755|-135|-188|CG2040750|-113|-188|CG2040751|-96|-188|CG2040752|-127|-188|CG2040753|-165|-187|CG2040754|-127|-188|CG2040755|-135|-188|CG2040755|-135|-188
377|5|4|
377|5|5|1000|26|CG2040715|-158|-160|CG2040715|-158|-160|CG2040716|-143|-151|CG2040716|-143|-151|CG2040717|-108|-174|CG2040717|-108|-174|CG2040717|-108|-174|CG2040717|-108|-174|CG2040718|-134|-162|CG2040718|-134|-162|CG2040718|-134|-162|CG2040718|-134|-162|CG2040719|-163|-137|CG2040719|-163|-137|CG2040719|-163|-137|CG2040719|-163|-137|CG2040719|-163|-137|CG2040719|-163|-137|CG2040720|-159|-165|CG2040720|-159|-165|CG2040721|-159|-165|CG2040721|-159|-165|CG2040721|-159|-165|CG2040721|-159|-165|CG2040722|-159|-165|CG2040722|-159|-165
377|5|6|2000|21|CG2040735|-160|-167|CG2040736|-121|-165|CG2040737|-96|-136|CG2040738|-124|-135|CG2040739|-173|-166|CG2040740|-147|-175|CG2040735|-160|-167|CG2040736|-121|-165|CG2040737|-96|-136|CG2040738|-124|-135|CG2040739|-173|-166|CG2040740|-147|-175|CG2040735|-160|-167|CG2040736|-121|-165|CG2040737|-96|-136|CG2040738|-124|-135|CG2040739|-173|-166|CG2040740|-147|-175|CG2040735|-160|-167|CG2040735|-160|-167|CG2040735|-160|-167
377|5|7|
377|5|8|1000|2|CG2040741|-149|-148|CG2040742|-153|-167
377|5|9|1000|1|CG2040743|-97|-102
377|5|10|1000|11|CG2040744|-158|-160|CG2040745|-154|-168|CG2040746|-148|-168|CG2040747|-138|-144|CG2040747|-138|-144|CG2040748|-132|-128|CG2040748|-132|-128|CG2040748|-132|-128|CG2040749|-126|-106|CG2040749|-126|-106|CG2040749|-126|-106
377|6|0|1100|6|CG2040770|-88|-187|CG2040771|-89|-132|CG2040772|-91|-165|CG2040773|-88|-209|CG2040774|-89|-254|CG2040775|-89|-235
377|6|1|1000|6|CG2040764|-88|-187|CG2040765|-89|-132|CG2040766|-91|-165|CG2040767|-88|-209|CG2040768|-89|-254|CG2040769|-89|-235
377|6|2|400|6|CG2049177|-28|-66|CG2049178|-28|-66|CG2049179|-28|-67|CG2049180|-28|-66|CG2049181|-28|-66|CG2049182|-27|-66
377|6|3|2000|31|CG2040791|-117|-161|CG2040792|-114|-161|CG2040793|-123|-159|CG2040794|-124|-198|CG2040795|-112|-231|CG2040796|-116|-216|CG2040791|-117|-161|CG2040792|-114|-161|CG2040793|-123|-159|CG2040794|-124|-198|CG2040795|-112|-231|CG2040796|-116|-216|CG2040791|-117|-161|CG2040792|-114|-161|CG2040793|-123|-159|CG2040794|-124|-198|CG2040795|-112|-231|CG2040796|-116|-216|CG2040791|-117|-161|CG2040792|-114|-161|CG2040793|-123|-159|CG2040794|-124|-198|CG2040795|-112|-231|CG2040796|-116|-216|CG2040791|-117|-161|CG2040792|-114|-161|CG2040793|-123|-159|CG2040794|-124|-198|CG2040795|-112|-231|CG2040796|-116|-216|CG2040796|-116|-216
377|6|4|
377|6|5|1000|26|CG2040756|-88|-187|CG2040756|-88|-187|CG2040757|-128|-170|CG2040757|-128|-170|CG2040758|-136|-184|CG2040758|-136|-184|CG2040758|-136|-184|CG2040758|-136|-184|CG2040759|-138|-175|CG2040759|-138|-175|CG2040759|-138|-175|CG2040759|-138|-175|CG2040760|-116|-175|CG2040760|-116|-175|CG2040760|-116|-175|CG2040760|-116|-175|CG2040760|-116|-175|CG2040760|-116|-175|CG2040761|-82|-209|CG2040761|-82|-209|CG2040762|-98|-209|CG2040762|-98|-209|CG2040762|-98|-209|CG2040762|-98|-209|CG2040763|-124|-209|CG2040763|-124|-209
377|6|6|2000|21|CG2040776|-120|-190|CG2040777|-114|-161|CG2040778|-108|-141|CG2040779|-111|-174|CG2040780|-115|-207|CG2040781|-119|-237|CG2040776|-120|-190|CG2040777|-114|-161|CG2040778|-108|-141|CG2040779|-111|-174|CG2040780|-115|-207|CG2040781|-119|-237|CG2040776|-120|-190|CG2040777|-114|-161|CG2040778|-108|-141|CG2040779|-111|-174|CG2040780|-115|-207|CG2040781|-119|-237|CG2040776|-120|-190|CG2040776|-120|-190|CG2040776|-120|-190
377|6|7|
377|6|8|1000|2|CG2040782|-103|-190|CG2040783|-105|-170
377|6|9|1000|1|CG2040784|-86|-118
377|6|10|1000|11|CG2040785|-88|-187|CG2040786|-119|-169|CG2040787|-132|-138|CG2040788|-126|-110|CG2040788|-126|-110|CG2040789|-125|-106|CG2040789|-125|-106|CG2040789|-125|-106|CG2040790|-125|-96|CG2040790|-125|-96|CG2040790|-125|-96
377|7|0|1100|6|CG2040811|-79|-196|CG2040812|-83|-146|CG2040813|-85|-163|CG2040814|-85|-218|CG2040815|-84|-247|CG2040816|-82|-229
377|7|1|1000|6|CG2040805|-79|-196|CG2040806|-83|-146|CG2040807|-85|-163|CG2040808|-85|-218|CG2040809|-84|-247|CG2040810|-82|-229
377|7|2|400|6|CG2049232|-25|-59|CG2049233|-29|-60|CG2049234|-31|-60|CG2049235|-29|-59|CG2049236|-25|-60|CG2049237|-19|-60
377|7|3|2000|31|CG2040832|-128|-145|CG2040833|-130|-133|CG2040834|-131|-158|CG2040835|-131|-219|CG2040836|-131|-242|CG2040837|-128|-221|CG2040832|-128|-145|CG2040833|-130|-133|CG2040834|-131|-158|CG2040835|-131|-219|CG2040836|-131|-242|CG2040837|-128|-221|CG2040832|-128|-145|CG2040833|-130|-133|CG2040834|-131|-158|CG2040835|-131|-219|CG2040836|-131|-242|CG2040837|-128|-221|CG2040832|-128|-145|CG2040833|-130|-133|CG2040834|-131|-158|CG2040835|-131|-219|CG2040836|-131|-242|CG2040837|-128|-221|CG2040832|-128|-145|CG2040833|-130|-133|CG2040834|-131|-158|CG2040835|-131|-219|CG2040836|-131|-242|CG2040837|-128|-221|CG2040837|-128|-221
377|7|4|
377|7|5|1000|26|CG2040797|-79|-196|CG2040797|-79|-196|CG2040798|-79|-184|CG2040798|-79|-184|CG2040799|-78|-183|CG2040799|-78|-183|CG2040799|-78|-183|CG2040799|-78|-183|CG2040800|-72|-188|CG2040800|-72|-188|CG2040800|-72|-188|CG2040800|-72|-188|CG2040801|-89|-202|CG2040801|-89|-202|CG2040801|-89|-202|CG2040801|-89|-202|CG2040801|-89|-202|CG2040801|-89|-202|CG2040802|-105|-220|CG2040802|-105|-220|CG2040803|-123|-220|CG2040803|-123|-220|CG2040803|-123|-220|CG2040803|-123|-220|CG2040804|-163|-220|CG2040804|-163|-220
377|7|6|2000|21|CG2040817|-130|-208|CG2040818|-123|-165|CG2040819|-117|-139|CG2040820|-120|-170|CG2040821|-122|-226|CG2040822|-125|-257|CG2040817|-130|-208|CG2040818|-123|-165|CG2040819|-117|-139|CG2040820|-120|-170|CG2040821|-122|-226|CG2040822|-125|-257|CG2040817|-130|-208|CG2040818|-123|-165|CG2040819|-117|-139|CG2040820|-120|-170|CG2040821|-122|-226|CG2040822|-125|-257|CG2040817|-130|-208|CG2040817|-130|-208|CG2040817|-130|-208
377|7|7|
377|7|8|1000|2|CG2040823|-104|-189|CG2040824|-97|-178
377|7|9|1000|1|CG2040825|-92|-126
377|7|10|1000|11|CG2040826|-79|-196|CG2040827|-110|-188|CG2040828|-131|-168|CG2040829|-140|-121|CG2040829|-140|-121|CG2040830|-140|-110|CG2040830|-140|-110|CG2040830|-140|-110|CG2040831|-140|-98|CG2040831|-140|-98|CG2040831|-140|-98
