380|0|0|1000|6|CG3038513|-21|-81|CG3038514|-22|-81|CG3038515|-22|-81|CG3038516|-22|-81|CG3038517|-21|-81|CG3038518|-21|-81
380|0|1|900|5|CG3038508|-17|-81|CG3038509|-20|-82|CG3038510|-18|-82|CG3038511|-22|-81|CG3038512|-19|-82
380|0|2|300|1|CG3038540|-31|-86
380|0|3|500|4|CG3038540|-31|-86|CG3038541|-30|-84|CG3038542|-30|-85|CG3038543|-30|-84
380|0|4|200|1|CG3038540|-31|-86
380|0|5|1000|6|CG3038502|-20|-79|CG3038503|-34|-84|CG3038504|-85|-80|CG3038505|-85|-80|CG3038506|-52|-84|CG3038507|-21|-81
380|0|6|1300|6|CG3038519|-18|-80|CG3038520|-27|-84|CG3038521|-38|-84|CG3038522|-40|-83|CG3038523|-34|-85|CG3038524|-21|-81
380|0|7|1100|6|CG3038610|-37|-82|CG3038611|-36|-84|CG3038612|-39|-85|CG3038613|-39|-85|CG3038614|-33|-84|CG3038615|-21|-81
380|0|8|1000|4|CG3038525|-28|-73|CG3038526|-33|-74|CG3038527|-24|-81|CG3038528|-21|-81
380|0|9|1000|1|CG3038529|-28|-71
380|0|10|1500|10|CG3038530|-22|-81|CG3038531|-22|-80|CG3038532|-22|-76|CG3038533|-24|-73|CG3038534|-19|-77|CG3038535|-24|-75|CG3038536|-13|-68|CG3038537|-11|-18|CG3038538|-11|-15|CG3038539|-12|-15
380|1|0|1000|6|CG3038627|-18|-79|CG3038628|-18|-79|CG3038629|-18|-79|CG3038630|-18|-79|CG3038631|-18|-79|CG3038632|-18|-79
380|1|1|900|5|CG3038622|-19|-79|CG3038623|-18|-79|CG3038624|-18|-79|CG3038625|-19|-79|CG3038626|-20|-79
380|1|2|300|1|CG3038654|-20|-88
380|1|3|500|4|CG3038654|-20|-88|CG3038655|-21|-86|CG3038656|-21|-86|CG3038657|-21|-86
380|1|4|200|1|CG3038654|-20|-88
380|1|5|1000|6|CG3038616|-23|-79|CG3038617|-17|-86|CG3038618|-62|-89|CG3038619|-62|-89|CG3038620|-18|-85|CG3038621|-18|-79
380|1|6|1300|6|CG3038633|-17|-80|CG3038634|-16|-84|CG3038635|-17|-87|CG3038636|-17|-86|CG3038637|-18|-85|CG3038638|-18|-79
380|1|7|1100|6|CG3038724|-21|-81|CG3038725|-20|-85|CG3038726|-14|-86|CG3038727|-15|-86|CG3038728|-18|-84|CG3038729|-18|-79
380|1|8|1000|4|CG3038639|-21|-73|CG3038640|-18|-75|CG3038641|-18|-81|CG3038642|-18|-79
380|1|9|1000|1|CG3038643|-40|-68
380|1|10|1500|10|CG3038644|-19|-80|CG3038645|-20|-80|CG3038646|-21|-77|CG3038647|-22|-74|CG3038648|-24|-74|CG3038649|-21|-71|CG3038650|-14|-57|CG3038651|-18|-19|CG3038652|-12|-18|CG3038653|-12|-18
380|2|0|1000|6|CG3038741|-22|-81|CG3038742|-22|-81|CG3038743|-22|-81|CG3038744|-22|-81|CG3038745|-22|-81|CG3038746|-22|-81
380|2|1|900|5|CG3038736|-20|-82|CG3038737|-25|-81|CG3038738|-22|-81|CG3038739|-19|-81|CG3038740|-20|-82
380|2|2|300|1|CG3038768|-28|-86
380|2|3|500|4|CG3038768|-28|-86|CG3038769|-28|-84|CG3038770|-27|-85|CG3038771|-30|-85
380|2|4|200|1|CG3038768|-28|-86
380|2|5|1000|6|CG3038730|-25|-81|CG3038731|-14|-84|CG3038732|-8|-87|CG3038733|-8|-87|CG3038734|-15|-84|CG3038735|-23|-81
380|2|6|1300|6|CG3038747|-20|-80|CG3038748|-15|-80|CG3038749|-13|-82|CG3038750|-12|-81|CG3038751|-13|-84|CG3038752|-22|-81
380|2|7|1100|6|CG3038838|-19|-82|CG3038839|-14|-84|CG3038840|-15|-81|CG3038841|-14|-81|CG3038842|-15|-83|CG3038843|-23|-81
380|2|8|1000|4|CG3038753|-19|-72|CG3038754|-22|-74|CG3038755|-19|-81|CG3038756|-22|-81
380|2|9|1000|1|CG3038757|-34|-71
380|2|10|1500|10|CG3038758|-22|-81|CG3038759|-19|-79|CG3038760|-20|-75|CG3038761|-24|-73|CG3038762|-30|-75|CG3038763|-44|-59|CG3038764|-46|-52|CG3038765|-63|-21|CG3038766|-57|-20|CG3038767|-57|-20
380|3|0|1000|6|CG3038855|-26|-79|CG3038856|-26|-79|CG3038857|-26|-79|CG3038858|-26|-80|CG3038859|-26|-79|CG3038860|-26|-79
380|3|1|900|5|CG3038850|-21|-80|CG3038851|-24|-80|CG3038852|-24|-79|CG3038853|-21|-80|CG3038854|-20|-81
380|3|2|300|1|CG3038882|-29|-78
380|3|3|500|4|CG3038882|-29|-78|CG3038883|-27|-76|CG3038884|-32|-76|CG3038885|-30|-75
380|3|4|200|1|CG3038882|-29|-78
380|3|5|1000|6|CG3038844|-22|-76|CG3038845|-11|-73|CG3038846|-7|-75|CG3038847|-9|-75|CG3038848|-13|-78|CG3038849|-26|-79
380|3|6|1300|6|CG3038861|-21|-76|CG3038862|-14|-69|CG3038863|-11|-66|CG3038864|-9|-66|CG3038865|-11|-74|CG3038866|-26|-79
380|3|7|1100|6|CG3038952|-16|-79|CG3038953|-14|-74|CG3038954|-11|-68|CG3038955|-8|-66|CG3038956|-12|-75|CG3038957|-26|-79
380|3|8|1000|4|CG3038867|-16|-71|CG3038868|-15|-72|CG3038869|-19|-74|CG3038870|-26|-79
380|3|9|1000|1|CG3038871|-39|-72
380|3|10|1500|10|CG3038872|-24|-78|CG3038873|-18|-74|CG3038874|-19|-74|CG3038875|-24|-73|CG3038876|-30|-76|CG3038877|-50|-63|CG3038878|-63|-56|CG3038879|-80|-28|CG3038880|-79|-20|CG3038881|-79|-20
380|4|0|1000|6|CG3038969|-24|-75|CG3038970|-24|-75|CG3038971|-24|-75|CG3038972|-24|-75|CG3038973|-24|-75|CG3038974|-24|-75
380|4|1|900|5|CG3038964|-23|-77|CG3038965|-22|-77|CG3038966|-22|-77|CG3038967|-23|-77|CG3038968|-20|-78
380|4|2|300|1|CG3038996|-29|-74
380|4|3|500|4|CG3038996|-29|-74|CG3038997|-30|-73|CG3038998|-29|-72|CG3038999|-27|-72
380|4|4|200|1|CG3038996|-29|-74
380|4|5|1000|6|CG3038958|-38|-75|CG3038959|-10|-63|CG3038960|-13|-55|CG3038961|-12|-55|CG3038962|-15|-67|CG3038963|-24|-75
380|4|6|1300|6|CG3038975|-19|-75|CG3038976|-17|-65|CG3038977|-14|-58|CG3038978|-13|-55|CG3038979|-17|-67|CG3038980|-24|-75
380|4|7|1100|6|CG3039066|-19|-72|CG3039067|-12|-64|CG3039068|-13|-59|CG3039069|-12|-57|CG3039070|-16|-69|CG3039071|-24|-75
380|4|8|1000|4|CG3038981|-24|-68|CG3038982|-23|-68|CG3038983|-21|-77|CG3038984|-24|-76
380|4|9|1000|1|CG3038985|-25|-73
380|4|10|1500|10|CG3038986|-22|-77|CG3038987|-23|-77|CG3038988|-25|-77|CG3038989|-28|-78|CG3038990|-25|-80|CG3038991|-37|-68|CG3038992|-50|-69|CG3038993|-79|-49|CG3038994|-83|-39|CG3038995|-84|-40
380|5|0|1000|6|CG3039083|-20|-79|CG3039084|-20|-79|CG3039085|-19|-79|CG3039086|-19|-79|CG3039087|-20|-79|CG3039088|-20|-79
380|5|1|900|5|CG3039078|-20|-79|CG3039079|-23|-79|CG3039080|-24|-79|CG3039081|-20|-79|CG3039082|-21|-80
380|5|2|300|1|CG3039110|-50|-71
380|5|3|500|4|CG3039110|-50|-71|CG3039111|-54|-69|CG3039112|-53|-69|CG3039113|-52|-69
380|5|4|200|1|CG3039110|-50|-71
380|5|5|1000|6|CG3039072|-48|-72|CG3039073|-50|-62|CG3039074|-28|-45|CG3039075|-25|-45|CG3039076|-20|-68|CG3039077|-20|-79
380|5|6|1300|6|CG3039089|-34|-74|CG3039090|-41|-63|CG3039091|-32|-54|CG3039092|-32|-51|CG3039093|-30|-67|CG3039094|-20|-79
380|5|7|1100|6|CG3039180|-21|-74|CG3039181|-21|-62|CG3039182|-22|-57|CG3039183|-22|-54|CG3039184|-23|-68|CG3039185|-20|-79
380|5|8|1000|4|CG3039095|-33|-68|CG3039096|-22|-67|CG3039097|-19|-79|CG3039098|-20|-79
380|5|9|1000|1|CG3039099|-25|-77
380|5|10|1500|10|CG3039100|-19|-79|CG3039101|-19|-77|CG3039102|-22|-77|CG3039103|-23|-80|CG3039104|-27|-82|CG3039105|-25|-70|CG3039106|-28|-79|CG3039107|-33|-62|CG3039108|-42|-49|CG3039109|-43|-50
380|6|0|1000|6|CG3039197|-49|-76|CG3039198|-49|-76|CG3039199|-49|-76|CG3039200|-49|-76|CG3039201|-49|-76|CG3039202|-49|-76
380|6|1|900|5|CG3039192|-45|-77|CG3039193|-47|-77|CG3039194|-52|-78|CG3039195|-50|-77|CG3039196|-48|-77
380|6|2|300|1|CG3039224|-59|-70
380|6|3|500|4|CG3039224|-59|-70|CG3039225|-60|-68|CG3039226|-59|-70|CG3039227|-57|-69
380|6|4|200|1|CG3039224|-59|-70
380|6|5|1000|6|CG3039186|-30|-84|CG3039187|-74|-64|CG3039188|-40|-51|CG3039189|-40|-51|CG3039190|-52|-73|CG3039191|-49|-76
380|6|6|1300|6|CG3039203|-53|-73|CG3039204|-60|-63|CG3039205|-64|-59|CG3039206|-66|-56|CG3039207|-60|-68|CG3039208|-49|-76
380|6|7|1100|6|CG3039294|-53|-75|CG3039295|-58|-65|CG3039296|-55|-62|CG3039297|-56|-60|CG3039298|-54|-68|CG3039299|-49|-76
380|6|8|1000|4|CG3039209|-56|-69|CG3039210|-46|-69|CG3039211|-49|-77|CG3039212|-49|-76
380|6|9|1000|1|CG3039213|-24|-74
380|6|10|1500|10|CG3039214|-47|-77|CG3039215|-46|-76|CG3039216|-41|-75|CG3039217|-33|-76|CG3039218|-45|-77|CG3039219|-32|-66|CG3039220|-13|-85|CG3039221|-13|-62|CG3039222|-13|-45|CG3039223|-13|-45
380|7|0|1000|6|CG3039311|-50|-79|CG3039312|-50|-79|CG3039313|-50|-79|CG3039314|-50|-79|CG3039315|-50|-79|CG3039316|-50|-79
380|7|1|900|5|CG3039306|-45|-79|CG3039307|-43|-80|CG3039308|-49|-81|CG3039309|-51|-80|CG3039310|-48|-80
380|7|2|300|1|CG3039338|-34|-75
380|7|3|500|4|CG3039338|-34|-75|CG3039339|-32|-73|CG3039340|-32|-74|CG3039341|-31|-74
380|7|4|200|1|CG3039338|-34|-75
380|7|5|1000|6|CG3039300|-28|-89|CG3039301|-57|-72|CG3039302|-59|-65|CG3039303|-59|-65|CG3039304|-74|-75|CG3039305|-50|-80
380|7|6|1300|6|CG3039317|-40|-79|CG3039318|-44|-76|CG3039319|-62|-68|CG3039320|-64|-67|CG3039321|-55|-75|CG3039322|-50|-80
380|7|7|1100|6|CG3039408|-64|-78|CG3039409|-67|-74|CG3039410|-57|-73|CG3039411|-59|-72|CG3039412|-53|-75|CG3039413|-50|-80
380|7|8|1000|4|CG3039323|-48|-72|CG3039324|-53|-72|CG3039325|-51|-74|CG3039326|-50|-80
380|7|9|1000|1|CG3039327|-12|-72
380|7|10|1500|10|CG3039328|-49|-78|CG3039329|-48|-75|CG3039330|-44|-70|CG3039331|-38|-70|CG3039332|-39|-67|CG3039333|-22|-70|CG3039334|-12|-80|CG3039335|-10|-42|CG3039336|-13|-28|CG3039337|-13|-27
