379|0|0|1000|6|CG3037601|-14|-82|CG3037602|-14|-82|CG3037603|-14|-81|CG3037604|-14|-81|CG3037605|-14|-82|CG3037606|-14|-82
379|0|1|900|5|CG3037596|-16|-81|CG3037597|-20|-82|CG3037598|-18|-82|CG3037599|-16|-81|CG3037600|-14|-82
379|0|2|300|1|CG3037628|-30|-87
379|0|3|500|4|CG3037628|-30|-87|CG3037629|-30|-85|CG3037630|-29|-87|CG3037631|-29|-85
379|0|4|200|1|CG3037628|-30|-87
379|0|5|1000|6|CG3037590|-20|-76|CG3037591|-23|-72|CG3037592|-28|-81|CG3037593|-30|-81|CG3037594|-21|-82|CG3037595|-14|-81
379|0|6|1300|6|CG3037607|-18|-80|CG3037608|-27|-84|CG3037609|-38|-84|CG3037610|-40|-83|CG3037611|-34|-84|CG3037612|-14|-81
379|0|7|1100|6|CG3037698|-17|-82|CG3037699|-29|-83|CG3037700|-39|-85|CG3037701|-39|-85|CG3037702|-33|-84|CG3037703|-14|-81
379|0|8|1000|4|CG3037613|-28|-72|CG3037614|-33|-74|CG3037615|-23|-81|CG3037616|-14|-81
379|0|9|1000|1|CG3037617|-8|-71
379|0|10|1500|10|CG3037618|-15|-81|CG3037619|-19|-80|CG3037620|-22|-76|CG3037621|-24|-73|CG3037622|-19|-70|CG3037623|-24|-50|CG3037624|-13|-40|CG3037625|-11|-18|CG3037626|-12|-15|CG3037627|-11|-15
379|1|0|1000|6|CG3037715|-18|-79|CG3037716|-18|-79|CG3037717|-18|-79|CG3037718|-18|-79|CG3037719|-18|-79|CG3037720|-18|-79
379|1|1|900|5|CG3037710|-19|-79|CG3037711|-18|-79|CG3037712|-18|-79|CG3037713|-19|-79|CG3037714|-20|-79
379|1|2|300|1|CG3037742|-19|-89
379|1|3|500|4|CG3037742|-19|-89|CG3037743|-20|-87|CG3037744|-19|-88|CG3037745|-21|-87
379|1|4|200|1|CG3037742|-19|-89
379|1|5|1000|6|CG3037704|-18|-73|CG3037705|-16|-68|CG3037706|-15|-82|CG3037707|-16|-82|CG3037708|-16|-81|CG3037709|-18|-79
379|1|6|1300|6|CG3037721|-17|-79|CG3037722|-16|-84|CG3037723|-17|-86|CG3037724|-17|-86|CG3037725|-18|-85|CG3037726|-18|-79
379|1|7|1100|6|CG3037812|-21|-80|CG3037813|-20|-84|CG3037814|-14|-86|CG3037815|-15|-86|CG3037816|-18|-84|CG3037817|-18|-79
379|1|8|1000|4|CG3037727|-21|-73|CG3037728|-18|-75|CG3037729|-18|-81|CG3037730|-18|-79
379|1|9|1000|1|CG3037731|-19|-67
379|1|10|1500|10|CG3037732|-19|-80|CG3037733|-20|-80|CG3037734|-21|-77|CG3037735|-22|-73|CG3037736|-24|-73|CG3037737|-21|-47|CG3037738|-14|-30|CG3037739|-18|-19|CG3037740|-12|-18|CG3037741|-13|-18
379|2|0|1000|6|CG3037829|-22|-82|CG3037830|-22|-82|CG3037831|-22|-81|CG3037832|-22|-82|CG3037833|-22|-82|CG3037834|-22|-82
379|2|1|900|5|CG3037824|-20|-82|CG3037825|-25|-81|CG3037826|-22|-81|CG3037827|-19|-81|CG3037828|-20|-82
379|2|2|300|1|CG3037856|-28|-87
379|2|3|500|4|CG3037856|-28|-87|CG3037857|-29|-86|CG3037858|-27|-86|CG3037859|-29|-85
379|2|4|200|1|CG3037856|-28|-87
379|2|5|1000|6|CG3037818|-19|-75|CG3037819|-16|-68|CG3037820|-11|-81|CG3037821|-10|-81|CG3037822|-13|-81|CG3037823|-22|-81
379|2|6|1300|6|CG3037835|-20|-80|CG3037836|-15|-80|CG3037837|-13|-82|CG3037838|-12|-81|CG3037839|-13|-84|CG3037840|-22|-81
379|2|7|1100|6|CG3037926|-19|-81|CG3037927|-14|-83|CG3037928|-15|-81|CG3037929|-14|-80|CG3037930|-14|-83|CG3037931|-22|-81
379|2|8|1000|4|CG3037841|-19|-72|CG3037842|-22|-73|CG3037843|-19|-81|CG3037844|-22|-81
379|2|9|1000|1|CG3037845|-34|-71
379|2|10|1500|10|CG3037846|-22|-81|CG3037847|-19|-79|CG3037848|-20|-75|CG3037849|-24|-73|CG3037850|-30|-75|CG3037851|-44|-51|CG3037852|-46|-37|CG3037853|-63|-21|CG3037854|-57|-20|CG3037855|-57|-20
379|3|0|1000|6|CG3037943|-26|-80|CG3037944|-26|-80|CG3037945|-25|-80|CG3037946|-26|-80|CG3037947|-26|-80|CG3037948|-26|-80
379|3|1|900|5|CG3037938|-21|-80|CG3037939|-24|-80|CG3037940|-24|-79|CG3037941|-21|-80|CG3037942|-20|-81
379|3|2|300|1|CG3037970|-29|-76
379|3|3|500|4|CG3037970|-29|-76|CG3037971|-27|-75|CG3037972|-32|-75|CG3037973|-29|-75
379|3|4|200|1|CG3037970|-29|-76
379|3|5|1000|6|CG3037932|-20|-72|CG3037933|-18|-64|CG3037934|-8|-72|CG3037935|-7|-72|CG3037936|-12|-75|CG3037937|-26|-79
379|3|6|1300|6|CG3037949|-21|-76|CG3037950|-11|-69|CG3037951|-11|-66|CG3037952|-9|-65|CG3037953|-11|-73|CG3037954|-26|-79
379|3|7|1100|6|CG3038040|-16|-78|CG3038041|-14|-74|CG3038042|-12|-67|CG3038043|-9|-66|CG3038044|-10|-74|CG3038045|-26|-79
379|3|8|1000|4|CG3037955|-16|-71|CG3037956|-15|-71|CG3037957|-19|-74|CG3037958|-26|-79
379|3|9|1000|1|CG3037959|-39|-72
379|3|10|1500|10|CG3037960|-24|-78|CG3037961|-18|-74|CG3037962|-19|-74|CG3037963|-24|-73|CG3037964|-30|-76|CG3037965|-50|-63|CG3037966|-63|-53|CG3037967|-76|-28|CG3037968|-78|-20|CG3037969|-79|-20
379|4|0|1000|6|CG3038057|-24|-76|CG3038058|-24|-76|CG3038059|-23|-76|CG3038060|-24|-76|CG3038061|-24|-76|CG3038062|-24|-76
379|4|1|900|5|CG3038052|-21|-77|CG3038053|-21|-77|CG3038054|-22|-77|CG3038055|-23|-77|CG3038056|-20|-78
379|4|2|300|1|CG3038084|-29|-74
379|4|3|500|4|CG3038084|-29|-74|CG3038085|-30|-72|CG3038086|-29|-71|CG3038087|-27|-71
379|4|4|200|1|CG3038084|-29|-74
379|4|5|1000|6|CG3038046|-19|-71|CG3038047|-20|-65|CG3038048|-17|-62|CG3038049|-16|-61|CG3038050|-17|-68|CG3038051|-24|-75
379|4|6|1300|6|CG3038063|-19|-75|CG3038064|-15|-65|CG3038065|-10|-57|CG3038066|-9|-55|CG3038067|-13|-67|CG3038068|-24|-75
379|4|7|1100|6|CG3038154|-19|-72|CG3038155|-9|-64|CG3038156|-11|-59|CG3038157|-9|-56|CG3038158|-13|-69|CG3038159|-24|-75
379|4|8|1000|4|CG3038069|-20|-68|CG3038070|-22|-68|CG3038071|-19|-77|CG3038072|-24|-75
379|4|9|1000|1|CG3038073|-26|-73
379|4|10|1500|10|CG3038074|-22|-77|CG3038075|-18|-77|CG3038076|-19|-77|CG3038077|-21|-78|CG3038078|-24|-80|CG3038079|-37|-68|CG3038080|-50|-69|CG3038081|-67|-49|CG3038082|-71|-39|CG3038083|-72|-40
379|5|0|1000|6|CG3038171|-19|-79|CG3038172|-20|-79|CG3038173|-20|-79|CG3038174|-19|-79|CG3038175|-20|-79|CG3038176|-19|-79
379|5|1|900|5|CG3038166|-18|-79|CG3038167|-19|-79|CG3038168|-19|-79|CG3038169|-19|-79|CG3038170|-18|-80
379|5|2|300|1|CG3038198|-19|-73
379|5|3|500|4|CG3038198|-19|-73|CG3038199|-21|-72|CG3038200|-20|-70|CG3038201|-19|-70
379|5|4|200|1|CG3038198|-19|-73
379|5|5|1000|6|CG3038160|-18|-72|CG3038161|-19|-65|CG3038162|-19|-63|CG3038163|-20|-62|CG3038164|-21|-71|CG3038165|-19|-79
379|5|6|1300|6|CG3038177|-19|-74|CG3038178|-21|-63|CG3038179|-22|-54|CG3038180|-23|-51|CG3038181|-21|-67|CG3038182|-19|-79
379|5|7|1100|6|CG3038268|-21|-74|CG3038269|-22|-62|CG3038270|-20|-57|CG3038271|-20|-54|CG3038272|-20|-67|CG3038273|-19|-79
379|5|8|1000|4|CG3038183|-24|-68|CG3038184|-21|-67|CG3038185|-19|-79|CG3038186|-19|-79
379|5|9|1000|1|CG3038187|-19|-77
379|5|10|1500|10|CG3038188|-19|-79|CG3038189|-19|-77|CG3038190|-19|-77|CG3038191|-20|-80|CG3038192|-21|-82|CG3038193|-21|-70|CG3038194|-25|-75|CG3038195|-33|-61|CG3038196|-36|-49|CG3038197|-36|-50
379|6|0|1000|6|CG3038285|-15|-76|CG3038286|-15|-76|CG3038287|-15|-76|CG3038288|-15|-76|CG3038289|-15|-76|CG3038290|-15|-76
379|6|1|900|5|CG3038280|-18|-77|CG3038281|-16|-77|CG3038282|-16|-78|CG3038283|-20|-77|CG3038284|-17|-77
379|6|2|300|1|CG3038312|-30|-74
379|6|3|500|4|CG3038312|-30|-74|CG3038313|-29|-72|CG3038314|-31|-72|CG3038315|-29|-72
379|6|4|200|1|CG3038312|-30|-74
379|6|5|1000|6|CG3038274|-17|-70|CG3038275|-20|-64|CG3038276|-34|-65|CG3038277|-34|-64|CG3038278|-28|-71|CG3038279|-15|-76
379|6|6|1300|6|CG3038291|-24|-72|CG3038292|-32|-63|CG3038293|-41|-58|CG3038294|-44|-55|CG3038295|-30|-68|CG3038296|-15|-76
379|6|7|1100|6|CG3038382|-27|-75|CG3038383|-32|-65|CG3038384|-39|-61|CG3038385|-41|-60|CG3038386|-27|-68|CG3038387|-15|-76
379|6|8|1000|4|CG3038297|-28|-69|CG3038298|-32|-69|CG3038299|-23|-77|CG3038300|-15|-76
379|6|9|1000|1|CG3038301|-15|-74
379|6|10|1500|10|CG3038302|-16|-77|CG3038303|-22|-76|CG3038304|-24|-75|CG3038305|-21|-76|CG3038306|-16|-77|CG3038307|-15|-66|CG3038308|-13|-74|CG3038309|-13|-60|CG3038310|-13|-45|CG3038311|-13|-45
379|7|0|1000|6|CG3038399|-12|-80|CG3038400|-12|-80|CG3038401|-12|-79|CG3038402|-12|-80|CG3038403|-12|-80|CG3038404|-12|-80
379|7|1|900|5|CG3038394|-19|-79|CG3038395|-16|-80|CG3038396|-20|-81|CG3038397|-16|-80|CG3038398|-11|-80
379|7|2|300|1|CG3038426|-33|-76
379|7|3|500|4|CG3038426|-33|-76|CG3038427|-31|-75|CG3038428|-32|-76|CG3038429|-31|-75
379|7|4|200|1|CG3038426|-33|-76
379|7|5|1000|6|CG3038388|-20|-73|CG3038389|-26|-69|CG3038390|-42|-72|CG3038391|-43|-71|CG3038392|-28|-76|CG3038393|-12|-79
379|7|6|1300|6|CG3038405|-23|-79|CG3038406|-35|-76|CG3038407|-49|-68|CG3038408|-49|-67|CG3038409|-36|-75|CG3038410|-12|-79
379|7|7|1100|6|CG3038496|-23|-78|CG3038497|-33|-73|CG3038498|-50|-73|CG3038499|-52|-72|CG3038500|-32|-75|CG3038501|-12|-79
379|7|8|1000|4|CG3038411|-31|-71|CG3038412|-37|-72|CG3038413|-22|-74|CG3038414|-12|-80
379|7|9|1000|1|CG3038415|-11|-72
379|7|10|1500|10|CG3038416|-13|-78|CG3038417|-20|-75|CG3038418|-24|-70|CG3038419|-23|-70|CG3038420|-17|-67|CG3038421|-21|-58|CG3038422|-12|-60|CG3038423|-10|-42|CG3038424|-13|-28|CG3038425|-13|-27
