359|0|0|1000|6|CG3020937|-14|-74|CG3020938|-14|-73|CG3020939|-14|-73|CG3020940|-14|-73|CG3020941|-14|-74|CG3020942|-14|-74
359|0|1|900|5|CG3020932|-19|-75|CG3020933|-19|-75|CG3020934|-19|-75|CG3020935|-20|-75|CG3020936|-19|-76
359|0|2|400|1|CG3020963|-21|-78
359|0|3|500|5|CG3020963|-21|-78|CG3020964|-20|-78|CG3020965|-19|-78|CG3020966|-20|-80|CG3020967|-20|-76
359|0|4|200|1|CG3020963|-21|-78
359|0|5|1000|6|CG3020926|-36|-69|CG3020927|-59|-70|CG3020928|-40|-74|CG3020929|-41|-74|CG3020930|-34|-75|CG3020931|-14|-74
359|0|6|1300|6|CG3020943|-21|-70|CG3020944|-27|-71|CG3020945|-35|-75|CG3020946|-34|-75|CG3020947|-36|-75|CG3020948|-14|-74
359|0|7|1100|6|CG3021023|-21|-73|CG3021024|-34|-73|CG3021025|-36|-74|CG3021026|-36|-74|CG3021027|-27|-74|CG3021028|-14|-74
359|0|8|1000|4|CG3020949|-21|-66|CG3020950|-19|-69|CG3020951|-14|-73|CG3020952|-14|-74
359|0|9|1000|1|CG3020953|-24|-67
359|0|10|1500|9|CG3020954|-17|-70|CG3020955|-23|-64|CG3020956|-21|-58|CG3020957|-20|-57|CG3020958|-20|-49|CG3020959|-18|-30|CG3020960|-18|-20|CG3020961|-18|-13|CG3020962|-18|-13
359|1|0|1000|6|CG3021040|-15|-72|CG3021041|-15|-72|CG3021042|-15|-72|CG3021043|-15|-72|CG3021044|-15|-72|CG3021045|-15|-72
359|1|1|900|5|CG3021035|-14|-74|CG3021036|-14|-74|CG3021037|-14|-74|CG3021038|-14|-73|CG3021039|-15|-74
359|1|2|400|1|CG3021066|-14|-78
359|1|3|500|5|CG3021066|-14|-78|CG3021067|-14|-78|CG3021068|-13|-78|CG3021069|-13|-80|CG3021070|-14|-76
359|1|4|200|1|CG3021066|-14|-78
359|1|5|1000|6|CG3021029|-47|-67|CG3021030|-36|-72|CG3021031|-23|-76|CG3021032|-23|-76|CG3021033|-23|-76|CG3021034|-15|-72
359|1|6|1300|6|CG3021046|-15|-69|CG3021047|-13|-71|CG3021048|-14|-75|CG3021049|-19|-75|CG3021050|-17|-75|CG3021051|-15|-72
359|1|7|1100|6|CG3021126|-13|-73|CG3021127|-15|-75|CG3021128|-16|-75|CG3021129|-22|-75|CG3021130|-19|-74|CG3021131|-15|-72
359|1|8|1000|4|CG3021052|-23|-69|CG3021053|-21|-71|CG3021054|-17|-72|CG3021055|-15|-72
359|1|9|1000|1|CG3021056|-29|-64
359|1|10|1500|9|CG3021057|-17|-69|CG3021058|-18|-62|CG3021059|-16|-58|CG3021060|-16|-57|CG3021061|-16|-43|CG3021062|-22|-28|CG3021063|-32|-19|CG3021064|-36|-15|CG3021065|-33|-15
359|2|0|1000|6|CG3021143|-17|-71|CG3021144|-17|-71|CG3021145|-18|-71|CG3021146|-18|-71|CG3021147|-17|-71|CG3021148|-16|-72
359|2|1|900|5|CG3021138|-27|-72|CG3021139|-27|-73|CG3021140|-26|-73|CG3021141|-24|-72|CG3021142|-27|-73
359|2|2|400|1|CG3021169|-46|-76
359|2|3|500|5|CG3021169|-46|-76|CG3021170|-43|-76|CG3021171|-44|-76|CG3021172|-41|-77|CG3021173|-45|-74
359|2|4|200|1|CG3021169|-46|-76
359|2|5|1000|6|CG3021132|-38|-69|CG3021133|-29|-72|CG3021134|-36|-71|CG3021135|-34|-71|CG3021136|-35|-72|CG3021137|-16|-72
359|2|6|1300|6|CG3021149|-22|-70|CG3021150|-29|-69|CG3021151|-39|-71|CG3021152|-39|-71|CG3021153|-31|-71|CG3021154|-16|-72
359|2|7|1100|6|CG3021229|-9|-71|CG3021230|-10|-72|CG3021231|-40|-72|CG3021232|-34|-72|CG3021233|-22|-72|CG3021234|-16|-72
359|2|8|1000|4|CG3021155|-29|-67|CG3021156|-36|-70|CG3021157|-24|-72|CG3021158|-16|-72
359|2|9|1000|1|CG3021159|-28|-69
359|2|10|1500|9|CG3021160|-20|-69|CG3021161|-33|-64|CG3021162|-36|-60|CG3021163|-37|-58|CG3021164|-33|-42|CG3021165|-62|-43|CG3021166|-67|-29|CG3021167|-70|-19|CG3021168|-68|-19
359|3|0|1000|6|CG3021246|-24|-71|CG3021247|-24|-71|CG3021248|-25|-71|CG3021249|-24|-71|CG3021250|-24|-71|CG3021251|-23|-72
359|3|1|900|5|CG3021241|-39|-71|CG3021242|-39|-71|CG3021243|-36|-71|CG3021244|-34|-70|CG3021245|-39|-72
359|3|2|400|1|CG3021272|-66|-72
359|3|3|500|5|CG3021272|-66|-72|CG3021273|-60|-72|CG3021274|-61|-72|CG3021275|-59|-73|CG3021276|-64|-70
359|3|4|200|1|CG3021272|-66|-72
359|3|5|1000|6|CG3021235|-26|-71|CG3021236|-42|-70|CG3021237|-53|-61|CG3021238|-51|-60|CG3021239|-50|-65|CG3021240|-23|-72
359|3|6|1300|6|CG3021252|-25|-70|CG3021253|-40|-65|CG3021254|-56|-64|CG3021255|-56|-63|CG3021256|-46|-66|CG3021257|-23|-72
359|3|7|1100|6|CG3021332|-17|-67|CG3021333|-27|-65|CG3021334|-55|-65|CG3021335|-49|-65|CG3021336|-31|-70|CG3021337|-23|-72
359|3|8|1000|4|CG3021258|-40|-66|CG3021259|-51|-67|CG3021260|-34|-71|CG3021261|-23|-72
359|3|9|1000|1|CG3021262|-41|-67
359|3|10|1500|9|CG3021263|-25|-69|CG3021264|-44|-66|CG3021265|-47|-63|CG3021266|-52|-59|CG3021267|-60|-47|CG3021268|-69|-65|CG3021269|-70|-49|CG3021270|-72|-21|CG3021271|-71|-21
359|4|0|1000|6|CG3021349|-18|-72|CG3021350|-18|-72|CG3021351|-18|-72|CG3021352|-18|-72|CG3021353|-18|-72|CG3021354|-18|-72
359|4|1|900|5|CG3021344|-27|-70|CG3021345|-27|-71|CG3021346|-25|-71|CG3021347|-24|-70|CG3021348|-28|-71
359|4|2|400|1|CG3021375|-46|-68
359|4|3|500|5|CG3021375|-46|-68|CG3021376|-43|-68|CG3021377|-43|-68|CG3021378|-41|-70|CG3021379|-44|-66
359|4|4|200|1|CG3021375|-46|-68
359|4|5|1000|6|CG3021338|-19|-73|CG3021339|-30|-66|CG3021340|-49|-60|CG3021341|-48|-72|CG3021342|-44|-59|CG3021343|-18|-72
359|4|6|1300|6|CG3021355|-24|-68|CG3021356|-27|-61|CG3021357|-39|-58|CG3021358|-40|-57|CG3021359|-33|-62|CG3021360|-18|-72
359|4|7|1100|6|CG3021435|-16|-64|CG3021436|-31|-58|CG3021437|-38|-58|CG3021438|-34|-58|CG3021439|-21|-67|CG3021440|-18|-72
359|4|8|1000|4|CG3021361|-27|-65|CG3021362|-35|-68|CG3021363|-24|-70|CG3021364|-18|-72
359|4|9|1000|1|CG3021365|-29|-68
359|4|10|1500|9|CG3021366|-15|-70|CG3021367|-28|-68|CG3021368|-31|-65|CG3021369|-36|-63|CG3021370|-52|-65|CG3021371|-52|-82|CG3021372|-60|-62|CG3021373|-59|-40|CG3021374|-59|-37
359|5|0|1000|6|CG3021452|-23|-72|CG3021453|-23|-71|CG3021454|-23|-71|CG3021455|-23|-71|CG3021456|-23|-71|CG3021457|-23|-72
359|5|1|900|5|CG3021447|-19|-70|CG3021448|-18|-70|CG3021449|-19|-70|CG3021450|-19|-69|CG3021451|-19|-70
359|5|2|400|1|CG3021478|-42|-70
359|5|3|500|5|CG3021478|-42|-70|CG3021479|-42|-66|CG3021480|-45|-67|CG3021481|-46|-70|CG3021482|-43|-70
359|5|4|200|1|CG3021478|-42|-70
359|5|5|1000|6|CG3021441|-11|-73|CG3021442|-13|-62|CG3021443|-56|-67|CG3021444|-56|-81|CG3021445|-51|-59|CG3021446|-23|-72
359|5|6|1300|6|CG3021458|-29|-67|CG3021459|-27|-61|CG3021460|-23|-57|CG3021461|-25|-59|CG3021462|-25|-60|CG3021463|-23|-72
359|5|7|1100|6|CG3021538|-23|-62|CG3021539|-23|-54|CG3021540|-19|-57|CG3021541|-24|-56|CG3021542|-24|-66|CG3021543|-23|-72
359|5|8|1000|4|CG3021464|-35|-65|CG3021465|-33|-66|CG3021466|-26|-69|CG3021467|-23|-72
359|5|9|1000|1|CG3021468|-20|-70
359|5|10|1500|9|CG3021469|-30|-70|CG3021470|-20|-68|CG3021471|-15|-64|CG3021472|-14|-70|CG3021473|-20|-79|CG3021474|-49|-83|CG3021475|-49|-60|CG3021476|-46|-45|CG3021477|-46|-45
359|6|0|1000|6|CG3021555|-35|-72|CG3021556|-35|-71|CG3021557|-35|-71|CG3021558|-35|-71|CG3021559|-35|-71|CG3021560|-35|-72
359|6|1|900|5|CG3021550|-36|-70|CG3021551|-35|-71|CG3021552|-37|-71|CG3021553|-38|-70|CG3021554|-37|-71
359|6|2|400|1|CG3021581|-43|-68
359|6|3|500|5|CG3021581|-43|-68|CG3021582|-43|-68|CG3021583|-44|-68|CG3021584|-45|-70|CG3021585|-44|-66
359|6|4|200|1|CG3021581|-43|-68
359|6|5|1000|6|CG3021544|-12|-71|CG3021545|-30|-61|CG3021546|-45|-62|CG3021547|-45|-74|CG3021548|-45|-60|CG3021549|-35|-72
359|6|6|1300|6|CG3021561|-33|-67|CG3021562|-31|-62|CG3021563|-34|-59|CG3021564|-34|-59|CG3021565|-36|-63|CG3021566|-35|-72
359|6|7|1100|6|CG3021641|-47|-64|CG3021642|-46|-57|CG3021643|-32|-59|CG3021644|-34|-59|CG3021645|-36|-67|CG3021646|-35|-72
359|6|8|1000|4|CG3021567|-46|-65|CG3021568|-42|-68|CG3021569|-36|-70|CG3021570|-35|-72
359|6|9|1000|1|CG3021571|-21|-68
359|6|10|1500|9|CG3021572|-43|-70|CG3021573|-38|-67|CG3021574|-32|-63|CG3021575|-34|-63|CG3021576|-37|-79|CG3021577|-28|-69|CG3021578|-15|-45|CG3021579|-13|-43|CG3021580|-13|-43
359|7|0|1000|6|CG3021658|-31|-72|CG3021659|-31|-72|CG3021660|-31|-72|CG3021661|-31|-72|CG3021662|-31|-72|CG3021663|-31|-73
359|7|1|900|5|CG3021653|-37|-73|CG3021654|-37|-73|CG3021655|-39|-73|CG3021656|-40|-73|CG3021657|-39|-73
359|7|2|400|1|CG3021684|-34|-72
359|7|3|500|5|CG3021684|-34|-72|CG3021685|-34|-72|CG3021686|-33|-73|CG3021687|-33|-75|CG3021688|-34|-71
359|7|4|200|1|CG3021684|-34|-72
359|7|5|1000|6|CG3021647|-24|-69|CG3021648|-59|-64|CG3021649|-39|-64|CG3021650|-40|-63|CG3021651|-32|-67|CG3021652|-31|-73
359|7|6|1300|6|CG3021664|-27|-69|CG3021665|-32|-68|CG3021666|-44|-68|CG3021667|-44|-67|CG3021668|-37|-69|CG3021669|-31|-73
359|7|7|1100|6|CG3021744|-45|-68|CG3021745|-47|-64|CG3021746|-47|-67|CG3021747|-47|-67|CG3021748|-32|-70|CG3021749|-31|-73
359|7|8|1000|4|CG3021670|-38|-65|CG3021671|-36|-66|CG3021672|-32|-71|CG3021673|-31|-73
359|7|9|1000|1|CG3021674|-13|-67
359|7|10|1500|9|CG3021675|-34|-71|CG3021676|-39|-67|CG3021677|-34|-61|CG3021678|-36|-58|CG3021679|-33|-66|CG3021680|-12|-48|CG3021681|-12|-29|CG3021682|-12|-26|CG3021683|-12|-26
