381|0|0|1000|6|CG3039425|-20|-81|CG3039426|-20|-81|CG3039427|-21|-81|CG3039428|-21|-81|CG3039429|-19|-81|CG3039430|-19|-81
381|0|1|900|5|CG3039420|-17|-81|CG3039421|-20|-82|CG3039422|-18|-82|CG3039423|-21|-81|CG3039424|-19|-82
381|0|2|300|1|CG3039452|-31|-86
381|0|3|500|4|CG3039452|-31|-86|CG3039453|-30|-84|CG3039454|-30|-86|CG3039455|-30|-85
381|0|4|200|1|CG3039452|-31|-86
381|0|5|1000|6|CG3039414|-19|-78|CG3039415|-29|-95|CG3039416|-55|-81|CG3039417|-67|-81|CG3039418|-35|-83|CG3039419|-19|-81
381|0|6|1300|6|CG3039431|-28|-80|CG3039432|-27|-84|CG3039433|-38|-84|CG3039434|-40|-83|CG3039435|-34|-85|CG3039436|-19|-81
381|0|7|1100|6|CG3039522|-31|-82|CG3039523|-32|-83|CG3039524|-39|-85|CG3039525|-39|-85|CG3039526|-33|-84|CG3039527|-19|-81
381|0|8|1000|4|CG3039437|-28|-73|CG3039438|-33|-74|CG3039439|-23|-81|CG3039440|-19|-81
381|0|9|1000|1|CG3039441|-26|-71
381|0|10|1500|10|CG3039442|-22|-82|CG3039443|-21|-80|CG3039444|-22|-76|CG3039445|-24|-73|CG3039446|-21|-70|CG3039447|-24|-66|CG3039448|-14|-62|CG3039449|-12|-35|CG3039450|-11|-18|CG3039451|-12|-16
381|1|0|1000|6|CG3039539|-18|-79|CG3039540|-18|-79|CG3039541|-18|-79|CG3039542|-18|-79|CG3039543|-18|-79|CG3039544|-18|-79
381|1|1|900|5|CG3039534|-19|-79|CG3039535|-18|-79|CG3039536|-18|-79|CG3039537|-19|-79|CG3039538|-20|-79
381|1|2|300|1|CG3039566|-20|-88
381|1|3|500|4|CG3039566|-20|-88|CG3039567|-21|-86|CG3039568|-21|-87|CG3039569|-21|-86
381|1|4|200|1|CG3039566|-20|-88
381|1|5|1000|6|CG3039528|-21|-75|CG3039529|-17|-81|CG3039530|-19|-85|CG3039531|-19|-85|CG3039532|-17|-83|CG3039533|-18|-79
381|1|6|1300|6|CG3039545|-17|-80|CG3039546|-16|-84|CG3039547|-17|-87|CG3039548|-17|-87|CG3039549|-18|-85|CG3039550|-18|-79
381|1|7|1100|6|CG3039636|-21|-80|CG3039637|-20|-85|CG3039638|-14|-86|CG3039639|-15|-86|CG3039640|-18|-84|CG3039641|-18|-79
381|1|8|1000|4|CG3039551|-21|-73|CG3039552|-18|-75|CG3039553|-18|-81|CG3039554|-18|-79
381|1|9|1000|1|CG3039555|-32|-68
381|1|10|1500|10|CG3039556|-19|-80|CG3039557|-20|-81|CG3039558|-21|-77|CG3039559|-22|-73|CG3039560|-24|-73|CG3039561|-21|-59|CG3039562|-14|-49|CG3039563|-18|-19|CG3039564|-12|-18|CG3039565|-12|-18
381|2|0|1000|6|CG3039653|-22|-81|CG3039654|-22|-81|CG3039655|-22|-81|CG3039656|-22|-81|CG3039657|-22|-81|CG3039658|-22|-81
381|2|1|900|5|CG3039648|-20|-82|CG3039649|-25|-81|CG3039650|-22|-81|CG3039651|-19|-81|CG3039652|-20|-82
381|2|2|300|1|CG3039680|-28|-86
381|2|3|500|4|CG3039680|-28|-86|CG3039681|-29|-85|CG3039682|-27|-86|CG3039683|-29|-85
381|2|4|200|1|CG3039680|-28|-86
381|2|5|1000|6|CG3039642|-27|-78|CG3039643|-14|-79|CG3039644|-11|-84|CG3039645|-11|-84|CG3039646|-14|-83|CG3039647|-22|-82
381|2|6|1300|6|CG3039659|-20|-80|CG3039660|-15|-80|CG3039661|-13|-82|CG3039662|-12|-81|CG3039663|-13|-84|CG3039664|-22|-81
381|2|7|1100|6|CG3039750|-19|-82|CG3039751|-14|-83|CG3039752|-15|-81|CG3039753|-14|-80|CG3039754|-15|-83|CG3039755|-22|-81
381|2|8|1000|4|CG3039665|-19|-72|CG3039666|-22|-74|CG3039667|-19|-81|CG3039668|-22|-81
381|2|9|1000|1|CG3039669|-34|-71
381|2|10|1500|10|CG3039670|-22|-81|CG3039671|-19|-80|CG3039672|-20|-75|CG3039673|-24|-74|CG3039674|-30|-75|CG3039675|-44|-52|CG3039676|-47|-43|CG3039677|-63|-21|CG3039678|-57|-20|CG3039679|-57|-20
381|3|0|1000|6|CG3039767|-26|-79|CG3039768|-26|-80|CG3039769|-26|-80|CG3039770|-26|-80|CG3039771|-26|-80|CG3039772|-26|-79
381|3|1|900|5|CG3039762|-25|-80|CG3039763|-26|-80|CG3039764|-24|-79|CG3039765|-21|-80|CG3039766|-21|-81
381|3|2|300|1|CG3039794|-29|-78
381|3|3|500|4|CG3039794|-29|-78|CG3039795|-27|-76|CG3039796|-32|-76|CG3039797|-29|-75
381|3|4|200|1|CG3039794|-29|-78
381|3|5|1000|6|CG3039756|-48|-78|CG3039757|-17|-71|CG3039758|-11|-71|CG3039759|-11|-71|CG3039760|-11|-77|CG3039761|-26|-80
381|3|6|1300|6|CG3039773|-24|-76|CG3039774|-19|-69|CG3039775|-11|-66|CG3039776|-9|-66|CG3039777|-12|-74|CG3039778|-26|-79
381|3|7|1100|6|CG3039864|-16|-78|CG3039865|-14|-74|CG3039866|-11|-67|CG3039867|-10|-66|CG3039868|-15|-75|CG3039869|-26|-79
381|3|8|1000|4|CG3039779|-16|-71|CG3039780|-15|-72|CG3039781|-19|-74|CG3039782|-26|-79
381|3|9|1000|1|CG3039783|-39|-72
381|3|10|1500|10|CG3039784|-24|-78|CG3039785|-24|-74|CG3039786|-24|-74|CG3039787|-25|-73|CG3039788|-30|-76|CG3039789|-50|-63|CG3039790|-63|-53|CG3039791|-76|-28|CG3039792|-79|-20|CG3039793|-79|-20
381|4|0|1000|6|CG3039881|-24|-75|CG3039882|-24|-75|CG3039883|-24|-75|CG3039884|-24|-75|CG3039885|-24|-75|CG3039886|-24|-75
381|4|1|900|5|CG3039876|-27|-77|CG3039877|-26|-77|CG3039878|-23|-77|CG3039879|-24|-77|CG3039880|-25|-78
381|4|2|300|1|CG3039908|-29|-75
381|4|3|500|4|CG3039908|-29|-75|CG3039909|-30|-73|CG3039910|-29|-72|CG3039911|-27|-72
381|4|4|200|1|CG3039908|-29|-75
381|4|5|1000|6|CG3039870|-47|-77|CG3039871|-39|-73|CG3039872|-20|-61|CG3039873|-20|-61|CG3039874|-17|-71|CG3039875|-24|-76
381|4|6|1300|6|CG3039887|-23|-75|CG3039888|-24|-65|CG3039889|-22|-58|CG3039890|-21|-55|CG3039891|-23|-67|CG3039892|-24|-75
381|4|7|1100|6|CG3039978|-19|-72|CG3039979|-17|-64|CG3039980|-18|-59|CG3039981|-17|-57|CG3039982|-21|-69|CG3039983|-24|-75
381|4|8|1000|4|CG3039893|-31|-68|CG3039894|-27|-68|CG3039895|-25|-77|CG3039896|-24|-76
381|4|9|1000|1|CG3039897|-25|-73
381|4|10|1500|10|CG3039898|-25|-77|CG3039899|-28|-77|CG3039900|-30|-77|CG3039901|-33|-78|CG3039902|-28|-80|CG3039903|-37|-68|CG3039904|-50|-69|CG3039905|-71|-49|CG3039906|-75|-39|CG3039907|-75|-40
381|5|0|1000|6|CG3039995|-20|-79|CG3039996|-20|-79|CG3039997|-20|-79|CG3039998|-20|-79|CG3039999|-20|-79|CG3040000|-21|-79
381|5|1|900|5|CG3039990|-22|-79|CG3039991|-23|-79|CG3039992|-24|-79|CG3039993|-21|-79|CG3039994|-23|-80
381|5|2|300|1|CG3040022|-28|-71
381|5|3|500|4|CG3040022|-28|-71|CG3040023|-36|-69|CG3040024|-33|-69|CG3040025|-29|-69
381|5|4|200|1|CG3040022|-28|-71
381|5|5|1000|6|CG3039984|-25|-78|CG3039985|-44|-85|CG3039986|-20|-55|CG3039987|-20|-55|CG3039988|-20|-72|CG3039989|-21|-79
381|5|6|1300|6|CG3040001|-28|-74|CG3040002|-32|-63|CG3040003|-27|-54|CG3040004|-28|-51|CG3040005|-28|-67|CG3040006|-21|-79
381|5|7|1100|6|CG3040092|-21|-74|CG3040093|-23|-62|CG3040094|-21|-57|CG3040095|-20|-54|CG3040096|-20|-67|CG3040097|-21|-79
381|5|8|1000|4|CG3040007|-28|-68|CG3040008|-26|-67|CG3040009|-21|-79|CG3040010|-21|-79
381|5|9|1000|1|CG3040011|-32|-77
381|5|10|1500|10|CG3040012|-19|-79|CG3040013|-19|-77|CG3040014|-22|-77|CG3040015|-25|-80|CG3040016|-32|-82|CG3040017|-41|-70|CG3040018|-40|-76|CG3040019|-42|-61|CG3040020|-54|-49|CG3040021|-54|-50
381|6|0|1000|6|CG3040109|-41|-76|CG3040110|-42|-76|CG3040111|-42|-76|CG3040112|-41|-76|CG3040113|-41|-76|CG3040114|-41|-76
381|6|1|900|5|CG3040104|-37|-77|CG3040105|-38|-77|CG3040106|-43|-78|CG3040107|-41|-77|CG3040108|-39|-77
381|6|2|300|1|CG3040136|-45|-70
381|6|3|500|4|CG3040136|-45|-70|CG3040137|-46|-68|CG3040138|-46|-70|CG3040139|-45|-69
381|6|4|200|1|CG3040136|-45|-70
381|6|5|1000|6|CG3040098|-20|-78|CG3040099|-38|-97|CG3040100|-73|-57|CG3040101|-77|-57|CG3040102|-56|-73|CG3040103|-41|-76
381|6|6|1300|6|CG3040115|-51|-73|CG3040116|-52|-63|CG3040117|-48|-59|CG3040118|-50|-56|CG3040119|-48|-68|CG3040120|-41|-76
381|6|7|1100|6|CG3040206|-47|-75|CG3040207|-54|-65|CG3040208|-55|-61|CG3040209|-51|-60|CG3040210|-44|-68|CG3040211|-41|-76
381|6|8|1000|4|CG3040121|-39|-69|CG3040122|-39|-69|CG3040123|-42|-77|CG3040124|-41|-76
381|6|9|1000|1|CG3040125|-29|-74
381|6|10|1500|10|CG3040126|-36|-77|CG3040127|-39|-76|CG3040128|-39|-75|CG3040129|-35|-76|CG3040130|-41|-77|CG3040131|-40|-66|CG3040132|-32|-76|CG3040133|-13|-67|CG3040134|-13|-46|CG3040135|-13|-45
381|7|0|1000|6|CG3040223|-40|-80|CG3040224|-41|-79|CG3040225|-41|-79|CG3040226|-41|-79|CG3040227|-40|-79|CG3040228|-40|-80
381|7|1|900|5|CG3040218|-36|-79|CG3040219|-35|-80|CG3040220|-41|-81|CG3040221|-42|-80|CG3040222|-39|-80
381|7|2|300|1|CG3040250|-38|-75
381|7|3|500|4|CG3040250|-38|-75|CG3040251|-37|-74|CG3040252|-37|-74|CG3040253|-36|-74
381|7|4|200|1|CG3040250|-38|-75
381|7|5|1000|6|CG3040212|-21|-77|CG3040213|-29|-101|CG3040214|-90|-66|CG3040215|-97|-66|CG3040216|-61|-77|CG3040217|-41|-80
381|7|6|1300|6|CG3040229|-56|-79|CG3040230|-51|-76|CG3040231|-54|-68|CG3040232|-56|-67|CG3040233|-47|-75|CG3040234|-40|-80
381|7|7|1100|6|CG3040320|-52|-78|CG3040321|-60|-73|CG3040322|-58|-73|CG3040323|-59|-72|CG3040324|-48|-75|CG3040325|-40|-79
381|7|8|1000|4|CG3040235|-41|-72|CG3040236|-41|-72|CG3040237|-42|-74|CG3040238|-40|-80
381|7|9|1000|1|CG3040239|-11|-72
381|7|10|1500|10|CG3040240|-39|-78|CG3040241|-38|-75|CG3040242|-38|-70|CG3040243|-36|-70|CG3040244|-38|-67|CG3040245|-26|-64|CG3040246|-12|-73|CG3040247|-10|-57|CG3040248|-13|-40|CG3040249|-13|-27
