433|0|0|1000|4|CG3078503|-19|-75|CG3078504|-20|-75|CG3078505|-20|-75|CG3078506|-20|-75
433|0|1|900|7|CG3078496|-18|-77|CG3078497|-21|-77|CG3078498|-20|-77|CG3078499|-19|-78|CG3078500|-20|-77|CG3078501|-15|-77|CG3078502|-15|-78
433|0|2|400|1|CG3078529|-24|-80
433|0|3|500|8|CG3078529|-24|-80|CG3078530|-26|-82|CG3078531|-22|-80|CG3078532|-21|-78|CG3078533|-21|-80|CG3078534|-22|-82|CG3078535|-20|-80|CG3078536|-21|-78
433|0|4|200|1|CG3078529|-24|-80
433|0|5|1000|10|CG3078486|-21|-75|CG3078487|-24|-70|CG3078488|-26|-87|CG3078489|-60|-75|CG3078490|-60|-75|CG3078491|-62|-75|CG3078492|-60|-75|CG3078493|-49|-76|CG3078494|-33|-77|CG3078495|-20|-75
433|0|6|1300|7|CG3078507|-21|-72|CG3078508|-21|-71|CG3078509|-28|-78|CG3078510|-28|-78|CG3078511|-28|-78|CG3078512|-26|-76|CG3078513|-20|-75
433|0|7|1100|6|CG3078575|-28|-75|CG3078576|-34|-75|CG3078577|-29|-77|CG3078578|-36|-79|CG3078579|-33|-77|CG3078580|-20|-75
433|0|8|1000|6|CG3078514|-34|-72|CG3078515|-33|-73|CG3078516|-31|-82|CG3078517|-31|-75|CG3078518|-27|-76|CG3078519|-20|-75
433|0|9|1000|1|CG3078520|-38|-73
433|0|10|1500|8|CG3078521|-16|-75|CG3078522|-24|-69|CG3078523|-22|-62|CG3078524|-18|-57|CG3078525|-16|-47|CG3078526|-13|-33|CG3078527|-15|-15|CG3078528|-15|-15
433|1|0|1000|4|CG3078599|-20|-74|CG3078600|-20|-74|CG3078601|-20|-74|CG3078602|-20|-74
433|1|1|900|7|CG3078592|-19|-77|CG3078593|-18|-77|CG3078594|-19|-77|CG3078595|-21|-78|CG3078596|-21|-77|CG3078597|-21|-77|CG3078598|-20|-78
433|1|2|400|1|CG3078625|-19|-82
433|1|3|500|8|CG3078625|-19|-82|CG3078626|-18|-83|CG3078627|-18|-81|CG3078628|-20|-79|CG3078629|-21|-81|CG3078630|-21|-83|CG3078631|-21|-81|CG3078632|-21|-79
433|1|4|200|1|CG3078625|-19|-82
433|1|5|1000|10|CG3078582|-21|-71|CG3078583|-20|-70|CG3078584|-20|-84|CG3078585|-24|-81|CG3078586|-27|-81|CG3078587|-28|-81|CG3078588|-25|-81|CG3078589|-25|-80|CG3078590|-24|-78|CG3078591|-19|-74
433|1|6|1300|7|CG3078603|-18|-71|CG3078604|-19|-70|CG3078605|-21|-79|CG3078606|-23|-79|CG3078607|-31|-79|CG3078608|-26|-76|CG3078609|-19|-74
433|1|7|1100|6|CG3078671|-20|-75|CG3078672|-17|-75|CG3078673|-20|-78|CG3078674|-22|-80|CG3078675|-26|-78|CG3078676|-21|-74
433|1|8|1000|6|CG3078610|-26|-68|CG3078611|-26|-69|CG3078612|-32|-70|CG3078613|-31|-73|CG3078614|-26|-76|CG3078615|-20|-74
433|1|9|1000|1|CG3078616|-26|-72
433|1|10|1500|8|CG3078617|-20|-73|CG3078618|-22|-66|CG3078619|-27|-61|CG3078620|-20|-56|CG3078621|-16|-42|CG3078622|-13|-15|CG3078623|-31|-14|CG3078624|-27|-11
433|2|0|1000|4|CG3078695|-31|-72|CG3078696|-31|-72|CG3078697|-32|-72|CG3078698|-31|-72
433|2|1|900|7|CG3078688|-35|-73|CG3078689|-36|-73|CG3078690|-36|-73|CG3078691|-37|-74|CG3078692|-35|-72|CG3078693|-35|-73|CG3078694|-36|-74
433|2|2|400|1|CG3078721|-40|-76
433|2|3|500|8|CG3078721|-40|-76|CG3078722|-40|-78|CG3078723|-41|-76|CG3078724|-41|-74|CG3078725|-41|-76|CG3078726|-39|-77|CG3078727|-40|-76|CG3078728|-40|-74
433|2|4|200|1|CG3078721|-40|-76
433|2|5|1000|10|CG3078678|-31|-68|CG3078679|-32|-67|CG3078680|-30|-73|CG3078681|-29|-76|CG3078682|-36|-76|CG3078683|-38|-76|CG3078684|-34|-76|CG3078685|-34|-75|CG3078686|-33|-74|CG3078687|-30|-72
433|2|6|1300|7|CG3078699|-30|-70|CG3078700|-31|-69|CG3078701|-40|-74|CG3078702|-52|-74|CG3078703|-51|-74|CG3078704|-48|-73|CG3078705|-30|-72
433|2|7|1100|6|CG3078767|-31|-71|CG3078768|-31|-71|CG3078769|-28|-73|CG3078770|-41|-72|CG3078771|-43|-72|CG3078772|-31|-72
433|2|8|1000|6|CG3078706|-38|-71|CG3078707|-43|-71|CG3078708|-40|-80|CG3078709|-46|-74|CG3078710|-47|-73|CG3078711|-31|-72
433|2|9|1000|1|CG3078712|-28|-70
433|2|10|1500|8|CG3078713|-26|-69|CG3078714|-33|-63|CG3078715|-36|-61|CG3078716|-38|-54|CG3078717|-36|-43|CG3078718|-50|-16|CG3078719|-62|-19|CG3078720|-52|-14
433|3|0|1000|4|CG3078791|-24|-75|CG3078792|-24|-75|CG3078793|-25|-75|CG3078794|-24|-75
433|3|1|900|7|CG3078784|-31|-76|CG3078785|-33|-75|CG3078786|-34|-76|CG3078787|-33|-77|CG3078788|-28|-75|CG3078789|-29|-76|CG3078790|-31|-77
433|3|2|400|1|CG3078817|-41|-77
433|3|3|500|8|CG3078817|-41|-77|CG3078818|-43|-78|CG3078819|-43|-76|CG3078820|-41|-74|CG3078821|-39|-76|CG3078822|-36|-78|CG3078823|-37|-77|CG3078824|-38|-74
433|3|4|200|1|CG3078817|-41|-77
433|3|5|1000|10|CG3078774|-24|-73|CG3078775|-39|-72|CG3078776|-23|-71|CG3078777|-21|-71|CG3078778|-25|-70|CG3078779|-26|-70|CG3078780|-25|-70|CG3078781|-28|-72|CG3078782|-29|-74|CG3078783|-24|-75
433|3|6|1300|7|CG3078795|-26|-75|CG3078796|-29|-74|CG3078797|-40|-75|CG3078798|-53|-75|CG3078799|-44|-82|CG3078800|-43|-75|CG3078801|-24|-75
433|3|7|1100|6|CG3078863|-27|-71|CG3078864|-30|-69|CG3078865|-25|-70|CG3078866|-37|-69|CG3078867|-36|-71|CG3078868|-24|-75
433|3|8|1000|6|CG3078802|-38|-74|CG3078803|-35|-86|CG3078804|-25|-94|CG3078805|-37|-81|CG3078806|-41|-76|CG3078807|-23|-75
433|3|9|1000|1|CG3078808|-23|-70
433|3|10|1500|8|CG3078809|-24|-74|CG3078810|-28|-66|CG3078811|-31|-63|CG3078812|-35|-58|CG3078813|-50|-46|CG3078814|-61|-29|CG3078815|-67|-43|CG3078816|-67|-19
433|4|0|1000|4|CG3078887|-30|-78|CG3078888|-30|-78|CG3078889|-31|-78|CG3078890|-30|-78
433|4|1|900|7|CG3078880|-36|-76|CG3078881|-36|-75|CG3078882|-36|-76|CG3078883|-36|-77|CG3078884|-35|-75|CG3078885|-35|-76|CG3078886|-36|-76
433|4|2|400|1|CG3078913|-41|-74
433|4|3|500|8|CG3078913|-41|-74|CG3078914|-41|-76|CG3078915|-42|-73|CG3078916|-41|-71|CG3078917|-40|-73|CG3078918|-39|-76|CG3078919|-39|-74|CG3078920|-41|-71
433|4|4|200|1|CG3078913|-41|-74
433|4|5|1000|10|CG3078870|-30|-77|CG3078871|-45|-74|CG3078872|-28|-67|CG3078873|-23|-62|CG3078874|-30|-63|CG3078875|-31|-63|CG3078876|-28|-62|CG3078877|-32|-65|CG3078878|-33|-72|CG3078879|-29|-78
433|4|6|1300|7|CG3078891|-32|-78|CG3078892|-34|-78|CG3078893|-40|-78|CG3078894|-52|-80|CG3078895|-52|-94|CG3078896|-47|-77|CG3078897|-29|-78
433|4|7|1100|6|CG3078959|-32|-74|CG3078960|-33|-70|CG3078961|-30|-68|CG3078962|-44|-65|CG3078963|-43|-69|CG3078964|-28|-78
433|4|8|1000|6|CG3078898|-39|-78|CG3078899|-45|-95|CG3078900|-42|-98|CG3078901|-47|-90|CG3078902|-47|-76|CG3078903|-30|-78
433|4|9|1000|1|CG3078904|-30|-70
433|4|10|1500|8|CG3078905|-30|-76|CG3078906|-35|-72|CG3078907|-37|-66|CG3078908|-38|-59|CG3078909|-47|-49|CG3078910|-63|-49|CG3078911|-70|-62|CG3078912|-69|-35
433|5|0|1000|4|CG3078983|-21|-75|CG3078984|-21|-75|CG3078985|-19|-75|CG3078986|-20|-75
433|5|1|900|7|CG3078976|-28|-72|CG3078977|-27|-72|CG3078978|-28|-72|CG3078979|-30|-73|CG3078980|-30|-72|CG3078981|-29|-72|CG3078982|-29|-73
433|5|2|400|1|CG3079009|-30|-70
433|5|3|500|8|CG3079009|-30|-70|CG3079010|-29|-72|CG3079011|-30|-69|CG3079012|-32|-66|CG3079013|-33|-69|CG3079014|-34|-72|CG3079015|-33|-70|CG3079016|-32|-67
433|5|4|200|1|CG3079009|-30|-70
433|5|5|1000|10|CG3078966|-32|-74|CG3078967|-30|-84|CG3078968|-28|-62|CG3078969|-19|-55|CG3078970|-20|-57|CG3078971|-20|-56|CG3078972|-17|-57|CG3078973|-18|-58|CG3078974|-19|-67|CG3078975|-20|-75
433|5|6|1300|7|CG3078987|-21|-77|CG3078988|-21|-78|CG3078989|-22|-75|CG3078990|-25|-78|CG3078991|-33|-88|CG3078992|-25|-74|CG3078993|-20|-75
433|5|7|1100|6|CG3079055|-24|-72|CG3079056|-29|-68|CG3079057|-29|-64|CG3079058|-26|-61|CG3079059|-26|-65|CG3079060|-20|-75
433|5|8|1000|6|CG3078994|-31|-74|CG3078995|-31|-91|CG3078996|-35|-90|CG3078997|-33|-84|CG3078998|-26|-72|CG3078999|-20|-75
433|5|9|1000|1|CG3079000|-30|-67
433|5|10|1500|8|CG3079001|-30|-73|CG3079002|-25|-70|CG3079003|-26|-67|CG3079004|-30|-57|CG3079005|-42|-51|CG3079006|-51|-63|CG3079007|-44|-61|CG3079008|-47|-51
433|6|0|1000|4|CG3079079|-38|-77|CG3079080|-38|-77|CG3079081|-37|-77|CG3079082|-37|-77
433|6|1|900|7|CG3079072|-42|-76|CG3079073|-41|-75|CG3079074|-42|-76|CG3079075|-43|-77|CG3079076|-46|-75|CG3079077|-45|-76|CG3079078|-44|-77
433|6|2|400|1|CG3079105|-41|-74
433|6|3|500|8|CG3079105|-41|-74|CG3079106|-40|-76|CG3079107|-41|-73|CG3079108|-42|-71|CG3079109|-43|-73|CG3079110|-42|-76|CG3079111|-42|-74|CG3079112|-42|-71
433|6|4|200|1|CG3079105|-41|-74
433|6|5|1000|10|CG3079062|-23|-79|CG3079063|-19|-89|CG3079064|-45|-66|CG3079065|-50|-59|CG3079066|-50|-61|CG3079067|-49|-60|CG3079068|-50|-60|CG3079069|-53|-63|CG3079070|-49|-71|CG3079071|-37|-77
433|6|6|1300|7|CG3079083|-37|-78|CG3079084|-36|-78|CG3079085|-35|-79|CG3079086|-34|-80|CG3079087|-35|-93|CG3079088|-37|-76|CG3079089|-37|-77
433|6|7|1100|6|CG3079151|-41|-74|CG3079152|-43|-71|CG3079153|-48|-69|CG3079154|-48|-67|CG3079155|-46|-70|CG3079156|-37|-77
433|6|8|1000|6|CG3079090|-26|-78|CG3079091|-28|-96|CG3079092|-28|-98|CG3079093|-26|-91|CG3079094|-33|-75|CG3079095|-37|-77
433|6|9|1000|1|CG3079096|-32|-71
433|6|10|1500|8|CG3079097|-45|-76|CG3079098|-40|-71|CG3079099|-38|-67|CG3079100|-44|-61|CG3079101|-40|-55|CG3079102|-23|-63|CG3079103|-12|-47|CG3079104|-12|-48
433|7|0|1000|4|CG3079175|-34|-75|CG3079176|-34|-75|CG3079177|-35|-75|CG3079178|-34|-75
433|7|1|900|7|CG3079168|-34|-75|CG3079169|-33|-75|CG3079170|-34|-76|CG3079171|-35|-76|CG3079172|-38|-75|CG3079173|-37|-76|CG3079174|-36|-77
433|7|2|400|1|CG3079201|-30|-77
433|7|3|500|8|CG3079201|-30|-77|CG3079202|-29|-78|CG3079203|-30|-76|CG3079204|-31|-74|CG3079205|-30|-76|CG3079206|-30|-78|CG3079207|-30|-77|CG3079208|-31|-74
433|7|4|200|1|CG3079201|-30|-77
433|7|5|1000|10|CG3079158|-19|-81|CG3079159|-26|-82|CG3079160|-44|-77|CG3079161|-73|-65|CG3079162|-73|-65|CG3079163|-74|-64|CG3079164|-73|-65|CG3079165|-66|-69|CG3079166|-51|-72|CG3079167|-34|-75
433|7|6|1300|7|CG3079179|-37|-74|CG3079180|-36|-73|CG3079181|-34|-76|CG3079182|-34|-76|CG3079183|-34|-83|CG3079184|-32|-75|CG3079185|-34|-75
433|7|7|1100|6|CG3079247|-45|-74|CG3079248|-52|-73|CG3079249|-50|-72|CG3079250|-45|-73|CG3079251|-41|-73|CG3079252|-34|-75
433|7|8|1000|6|CG3079186|-27|-75|CG3079187|-29|-88|CG3079188|-30|-95|CG3079189|-36|-82|CG3079190|-39|-76|CG3079191|-34|-75
433|7|9|1000|1|CG3079192|-32|-71
433|7|10|1500|8|CG3079193|-39|-75|CG3079194|-40|-70|CG3079195|-36|-65|CG3079196|-35|-61|CG3079197|-20|-55|CG3079198|-11|-49|CG3079199|-11|-26|CG3079200|-11|-29
