382|0|0|1000|6|CG3040337|-21|-81|CG3040338|-22|-81|CG3040339|-22|-81|CG3040340|-22|-81|CG3040341|-21|-81|CG3040342|-21|-81
382|0|1|900|5|CG3040332|-19|-81|CG3040333|-20|-82|CG3040334|-19|-82|CG3040335|-23|-81|CG3040336|-21|-82
382|0|2|300|1|CG3040364|-31|-86
382|0|3|500|4|CG3040364|-31|-86|CG3040365|-30|-84|CG3040366|-30|-86|CG3040367|-30|-85
382|0|4|200|1|CG3040364|-31|-86
382|0|5|1000|6|CG3040326|-23|-75|CG3040327|-39|-75|CG3040328|-54|-83|CG3040329|-56|-82|CG3040330|-44|-82|CG3040331|-33|-81
382|0|6|1300|6|CG3040343|-18|-81|CG3040344|-27|-84|CG3040345|-38|-84|CG3040346|-40|-84|CG3040347|-34|-85|CG3040348|-21|-81
382|0|7|1100|6|CG3040434|-37|-82|CG3040435|-36|-84|CG3040436|-39|-85|CG3040437|-39|-85|CG3040438|-33|-84|CG3040439|-21|-81
382|0|8|1000|4|CG3040349|-28|-73|CG3040350|-33|-74|CG3040351|-24|-81|CG3040352|-21|-81
382|0|9|1000|1|CG3040353|-30|-71
382|0|10|1500|10|CG3040354|-22|-81|CG3040355|-23|-80|CG3040356|-23|-76|CG3040357|-24|-73|CG3040358|-19|-74|CG3040359|-24|-71|CG3040360|-13|-65|CG3040361|-11|-18|CG3040362|-12|-15|CG3040363|-12|-15
382|1|0|1000|6|CG3040451|-18|-79|CG3040452|-18|-79|CG3040453|-18|-79|CG3040454|-18|-79|CG3040455|-18|-79|CG3040456|-18|-79
382|1|1|900|5|CG3040446|-19|-79|CG3040447|-18|-79|CG3040448|-18|-79|CG3040449|-19|-79|CG3040450|-20|-79
382|1|2|300|1|CG3040478|-20|-88
382|1|3|500|4|CG3040478|-20|-88|CG3040479|-21|-86|CG3040480|-21|-87|CG3040481|-21|-86
382|1|4|200|1|CG3040478|-20|-88
382|1|5|1000|6|CG3040440|-18|-72|CG3040441|-14|-73|CG3040442|-14|-82|CG3040443|-12|-82|CG3040444|-18|-82|CG3040445|-18|-79
382|1|6|1300|6|CG3040457|-17|-80|CG3040458|-16|-84|CG3040459|-17|-87|CG3040460|-17|-87|CG3040461|-18|-85|CG3040462|-18|-79
382|1|7|1100|6|CG3040548|-21|-81|CG3040549|-20|-85|CG3040550|-14|-86|CG3040551|-15|-86|CG3040552|-18|-84|CG3040553|-18|-79
382|1|8|1000|4|CG3040463|-21|-73|CG3040464|-18|-75|CG3040465|-18|-81|CG3040466|-18|-79
382|1|9|1000|1|CG3040467|-41|-68
382|1|10|1500|10|CG3040468|-19|-80|CG3040469|-20|-80|CG3040470|-21|-77|CG3040471|-22|-73|CG3040472|-24|-73|CG3040473|-21|-69|CG3040474|-14|-54|CG3040475|-18|-19|CG3040476|-12|-18|CG3040477|-12|-18
382|2|0|1000|6|CG3040565|-22|-81|CG3040566|-22|-81|CG3040567|-22|-81|CG3040568|-22|-81|CG3040569|-22|-81|CG3040570|-22|-81
382|2|1|900|5|CG3040560|-23|-82|CG3040561|-25|-81|CG3040562|-22|-81|CG3040563|-19|-81|CG3040564|-21|-82
382|2|2|300|1|CG3040592|-28|-86
382|2|3|500|4|CG3040592|-28|-86|CG3040593|-29|-85|CG3040594|-27|-86|CG3040595|-29|-85
382|2|4|200|1|CG3040592|-28|-86
382|2|5|1000|6|CG3040554|-23|-74|CG3040555|-4|-70|CG3040556|-7|-78|CG3040557|-4|-77|CG3040558|-8|-81|CG3040559|-22|-81
382|2|6|1300|6|CG3040571|-27|-80|CG3040572|-23|-80|CG3040573|-13|-82|CG3040574|-12|-82|CG3040575|-14|-84|CG3040576|-22|-81
382|2|7|1100|6|CG3040662|-19|-82|CG3040663|-14|-84|CG3040664|-16|-82|CG3040665|-15|-81|CG3040666|-18|-83|CG3040667|-22|-81
382|2|8|1000|4|CG3040577|-19|-72|CG3040578|-22|-74|CG3040579|-19|-81|CG3040580|-22|-81
382|2|9|1000|1|CG3040581|-34|-71
382|2|10|1500|10|CG3040582|-22|-81|CG3040583|-19|-79|CG3040584|-20|-75|CG3040585|-24|-73|CG3040586|-30|-74|CG3040587|-44|-60|CG3040588|-47|-51|CG3040589|-63|-21|CG3040590|-57|-20|CG3040591|-57|-20
382|3|0|1000|6|CG3040679|-35|-79|CG3040680|-35|-80|CG3040681|-35|-80|CG3040682|-35|-80|CG3040683|-35|-80|CG3040684|-35|-79
382|3|1|900|5|CG3040674|-39|-80|CG3040675|-40|-80|CG3040676|-34|-79|CG3040677|-33|-80|CG3040678|-36|-81
382|3|2|300|1|CG3040706|-29|-78
382|3|3|500|4|CG3040706|-29|-78|CG3040707|-29|-76|CG3040708|-32|-76|CG3040709|-29|-75
382|3|4|200|1|CG3040706|-29|-78
382|3|5|1000|6|CG3040668|-42|-71|CG3040669|-15|-62|CG3040670|-10|-65|CG3040671|-9|-63|CG3040672|-12|-73|CG3040673|-26|-79
382|3|6|1300|6|CG3040685|-37|-76|CG3040686|-30|-70|CG3040687|-22|-66|CG3040688|-20|-66|CG3040689|-28|-74|CG3040690|-35|-79
382|3|7|1100|6|CG3040776|-21|-79|CG3040777|-19|-74|CG3040778|-27|-68|CG3040779|-26|-66|CG3040780|-31|-75|CG3040781|-35|-80
382|3|8|1000|4|CG3040691|-33|-71|CG3040692|-33|-72|CG3040693|-34|-74|CG3040694|-35|-79
382|3|9|1000|1|CG3040695|-38|-73
382|3|10|1500|10|CG3040696|-36|-78|CG3040697|-37|-74|CG3040698|-37|-74|CG3040699|-37|-73|CG3040700|-34|-76|CG3040701|-50|-63|CG3040702|-63|-58|CG3040703|-80|-28|CG3040704|-79|-20|CG3040705|-79|-20
382|4|0|1000|6|CG3040793|-31|-75|CG3040794|-32|-75|CG3040795|-32|-75|CG3040796|-32|-75|CG3040797|-31|-75|CG3040798|-31|-75
382|4|1|900|5|CG3040788|-34|-77|CG3040789|-32|-77|CG3040790|-29|-77|CG3040791|-31|-77|CG3040792|-31|-78
382|4|2|300|1|CG3040820|-29|-75
382|4|3|500|4|CG3040820|-29|-75|CG3040821|-30|-73|CG3040822|-29|-72|CG3040823|-27|-72
382|4|4|200|1|CG3040820|-29|-75
382|4|5|1000|6|CG3040782|-38|-70|CG3040783|-22|-57|CG3040784|-15|-56|CG3040785|-15|-54|CG3040786|-17|-66|CG3040787|-24|-75
382|4|6|1300|6|CG3040799|-25|-75|CG3040800|-21|-65|CG3040801|-24|-58|CG3040802|-23|-55|CG3040803|-26|-67|CG3040804|-31|-75
382|4|7|1100|6|CG3040890|-27|-72|CG3040891|-26|-64|CG3040892|-23|-59|CG3040893|-22|-57|CG3040894|-27|-69|CG3040895|-31|-76
382|4|8|1000|4|CG3040805|-33|-68|CG3040806|-38|-68|CG3040807|-34|-77|CG3040808|-31|-76
382|4|9|1000|1|CG3040809|-25|-74
382|4|10|1500|10|CG3040810|-31|-77|CG3040811|-36|-77|CG3040812|-39|-77|CG3040813|-42|-78|CG3040814|-34|-80|CG3040815|-37|-68|CG3040816|-50|-69|CG3040817|-75|-49|CG3040818|-80|-39|CG3040819|-80|-40
382|5|0|1000|6|CG3040907|-20|-79|CG3040908|-20|-79|CG3040909|-20|-79|CG3040910|-20|-79|CG3040911|-20|-79|CG3040912|-20|-79
382|5|1|900|5|CG3040902|-20|-79|CG3040903|-21|-79|CG3040904|-23|-79|CG3040905|-21|-79|CG3040906|-21|-80
382|5|2|300|1|CG3040934|-47|-71
382|5|3|500|4|CG3040934|-47|-71|CG3040935|-51|-69|CG3040936|-51|-69|CG3040937|-50|-69
382|5|4|200|1|CG3040934|-47|-71
382|5|5|1000|6|CG3040896|-20|-71|CG3040897|-20|-57|CG3040898|-20|-54|CG3040899|-20|-51|CG3040900|-20|-66|CG3040901|-19|-79
382|5|6|1300|6|CG3040913|-32|-74|CG3040914|-39|-63|CG3040915|-30|-55|CG3040916|-30|-51|CG3040917|-29|-67|CG3040918|-20|-79
382|5|7|1100|6|CG3041004|-21|-74|CG3041005|-21|-62|CG3041006|-21|-57|CG3041007|-20|-55|CG3041008|-22|-68|CG3041009|-20|-79
382|5|8|1000|4|CG3040919|-32|-68|CG3040920|-22|-67|CG3040921|-20|-79|CG3040922|-20|-79
382|5|9|1000|1|CG3040923|-41|-77
382|5|10|1500|10|CG3040924|-19|-79|CG3040925|-20|-77|CG3040926|-20|-77|CG3040927|-23|-80|CG3040928|-27|-82|CG3040929|-25|-70|CG3040930|-27|-80|CG3040931|-33|-61|CG3040932|-40|-49|CG3040933|-41|-50
382|6|0|1000|6|CG3041021|-47|-76|CG3041022|-47|-76|CG3041023|-46|-76|CG3041024|-47|-76|CG3041025|-47|-76|CG3041026|-47|-76
382|6|1|900|5|CG3041016|-43|-77|CG3041017|-44|-77|CG3041018|-49|-78|CG3041019|-47|-77|CG3041020|-46|-77
382|6|2|300|1|CG3041048|-58|-70
382|6|3|500|4|CG3041048|-58|-70|CG3041049|-58|-68|CG3041050|-58|-70|CG3041051|-56|-69
382|6|4|200|1|CG3041048|-58|-70
382|6|5|1000|6|CG3041010|-41|-68|CG3041011|-57|-59|CG3041012|-75|-57|CG3041013|-76|-56|CG3041014|-71|-65|CG3041015|-59|-76
382|6|6|1300|6|CG3041027|-51|-73|CG3041028|-57|-63|CG3041029|-61|-59|CG3041030|-63|-56|CG3041031|-57|-68|CG3041032|-47|-76
382|6|7|1100|6|CG3041118|-51|-76|CG3041119|-55|-66|CG3041120|-53|-62|CG3041121|-53|-60|CG3041122|-51|-68|CG3041123|-47|-76
382|6|8|1000|4|CG3041033|-53|-69|CG3041034|-44|-69|CG3041035|-46|-77|CG3041036|-47|-76
382|6|9|1000|1|CG3041037|-35|-74
382|6|10|1500|10|CG3041038|-45|-77|CG3041039|-43|-76|CG3041040|-39|-75|CG3041041|-30|-76|CG3041042|-42|-77|CG3041043|-29|-66|CG3041044|-13|-82|CG3041045|-13|-60|CG3041046|-13|-45|CG3041047|-13|-45
382|7|0|1000|6|CG3041135|-48|-80|CG3041136|-48|-79|CG3041137|-49|-79|CG3041138|-48|-79|CG3041139|-48|-79|CG3041140|-48|-80
382|7|1|900|5|CG3041130|-44|-79|CG3041131|-43|-80|CG3041132|-48|-81|CG3041133|-50|-80|CG3041134|-47|-80
382|7|2|300|1|CG3041162|-37|-75
382|7|3|500|4|CG3041162|-37|-75|CG3041163|-36|-74|CG3041164|-34|-74|CG3041165|-32|-74
382|7|4|200|1|CG3041162|-37|-75
382|7|5|1000|6|CG3041124|-40|-72|CG3041125|-68|-68|CG3041126|-92|-71|CG3041127|-94|-71|CG3041128|-82|-75|CG3041129|-66|-80
382|7|6|1300|6|CG3041141|-40|-79|CG3041142|-45|-77|CG3041143|-62|-68|CG3041144|-63|-67|CG3041145|-54|-75|CG3041146|-48|-80
382|7|7|1100|6|CG3041232|-62|-78|CG3041233|-64|-74|CG3041234|-56|-73|CG3041235|-57|-72|CG3041236|-52|-76|CG3041237|-48|-80
382|7|8|1000|4|CG3041147|-49|-72|CG3041148|-49|-72|CG3041149|-50|-74|CG3041150|-48|-80
382|7|9|1000|1|CG3041151|-11|-72
382|7|10|1500|10|CG3041152|-47|-78|CG3041153|-45|-75|CG3041154|-41|-70|CG3041155|-35|-70|CG3041156|-37|-67|CG3041157|-21|-67|CG3041158|-12|-77|CG3041159|-10|-42|CG3041160|-13|-27|CG3041161|-13|-27
