475|0|0|1000|10|CG2081651|-18|-67|CG2081652|-18|-66|CG2081653|-19|-66|CG2081654|-19|-66|CG2081655|-20|-65|CG2081656|-19|-66|CG2081657|-18|-66|CG2081658|-18|-67|CG2081659|-18|-67|CG2081660|-18|-67
475|0|1|900|10|CG2081641|-28|-64|CG2081642|-27|-64|CG2081643|-25|-65|CG2081644|-23|-66|CG2081645|-22|-68|CG2081646|-22|-71|CG2081647|-21|-72|CG2081648|-20|-71|CG2081649|-20|-70|CG2081650|-24|-65
475|0|2|400|1|CG2081694|-37|-65
475|0|3|500|10|CG2081694|-37|-65|CG2081695|-37|-66|CG2081696|-34|-72|CG2081697|-28|-77|CG2081698|-29|-71|CG2081699|-26|-69|CG2081700|-26|-70|CG2081701|-29|-74|CG2081702|-32|-77|CG2081703|-37|-65
475|0|4|
475|0|5|1000|10|CG2081631|-18|-68|CG2081632|-11|-65|CG2081633|-18|-63|CG2081634|-31|-63|CG2081635|-36|-65|CG2081636|-38|-67|CG2081637|-36|-71|CG2081638|-31|-72|CG2081639|-22|-70|CG2081640|-18|-67
475|0|6|1300|16|CG2081661|-17|-63|CG2081662|-17|-62|CG2081663|-26|-65|CG2081664|-36|-54|CG2081665|-39|-50|CG2081666|-39|-50|CG2081667|-38|-51|CG2081668|-37|-52|CG2081669|-36|-53|CG2081670|-37|-52|CG2081671|-38|-51|CG2081672|-37|-51|CG2081673|-34|-54|CG2081674|-33|-61|CG2081675|-25|-67|CG2081676|-18|-67
475|0|7|
475|0|8|1000|6|CG2081677|-20|-51|CG2081678|-20|-54|CG2081679|-20|-59|CG2081680|-20|-63|CG2081681|-19|-65|CG2081682|-18|-67
475|0|9|1000|1|CG2081683|-30|-70
475|0|10|1900|10|CG2081684|-28|-70|CG2081685|-25|-52|CG2081686|-15|-52|CG2081687|-11|-43|CG2081688|-9|-33|CG2081689|-5|-21|CG2081690|-5|-22|CG2081691|-3|-20|CG2081692|-4|-17|CG2081693|-5|-17
475|1|0|1000|10|CG2081724|-22|-67|CG2081725|-22|-67|CG2081726|-22|-67|CG2081727|-23|-67|CG2081728|-24|-67|CG2081729|-23|-67|CG2081730|-22|-67|CG2081731|-22|-67|CG2081732|-22|-67|CG2081733|-22|-67
475|1|1|900|10|CG2081714|-34|-69|CG2081715|-32|-69|CG2081716|-30|-69|CG2081717|-28|-68|CG2081718|-25|-69|CG2081719|-25|-68|CG2081720|-24|-69|CG2081721|-23|-70|CG2081722|-23|-70|CG2081723|-28|-69
475|1|2|400|1|CG2081767|-36|-72
475|1|3|500|10|CG2081767|-36|-72|CG2081768|-29|-73|CG2081769|-29|-77|CG2081770|-31|-80|CG2081771|-28|-72|CG2081772|-28|-70|CG2081773|-23|-71|CG2081774|-24|-77|CG2081775|-30|-82|CG2081776|-40|-73
475|1|4|
475|1|5|1000|10|CG2081704|-14|-64|CG2081705|-14|-60|CG2081706|-17|-63|CG2081707|-21|-66|CG2081708|-27|-69|CG2081709|-31|-73|CG2081710|-34|-76|CG2081711|-33|-75|CG2081712|-29|-71|CG2081713|-22|-67
475|1|6|1300|16|CG2081734|-26|-63|CG2081735|-30|-62|CG2081736|-34|-68|CG2081737|-34|-59|CG2081738|-36|-56|CG2081739|-34|-57|CG2081740|-29|-57|CG2081741|-22|-58|CG2081742|-19|-58|CG2081743|-27|-58|CG2081744|-33|-57|CG2081745|-32|-56|CG2081746|-30|-58|CG2081747|-33|-66|CG2081748|-31|-70|CG2081749|-22|-67
475|1|7|
475|1|8|1000|6|CG2081750|-24|-50|CG2081751|-23|-54|CG2081752|-23|-57|CG2081753|-23|-62|CG2081754|-23|-65|CG2081755|-22|-67
475|1|9|1000|1|CG2081756|-15|-73
475|1|10|1900|10|CG2081757|-29|-69|CG2081758|-25|-55|CG2081759|-27|-52|CG2081760|-21|-41|CG2081761|-16|-25|CG2081762|-17|-16|CG2081763|-35|-17|CG2081764|-30|-15|CG2081765|-34|-11|CG2081766|-35|-11
475|2|0|1000|10|CG2081797|-18|-65|CG2081798|-18|-66|CG2081799|-18|-66|CG2081800|-18|-67|CG2081801|-19|-67|CG2081802|-18|-67|CG2081803|-18|-66|CG2081804|-18|-66|CG2081805|-17|-65|CG2081806|-17|-64
475|2|1|900|10|CG2081787|-22|-71|CG2081788|-20|-70|CG2081789|-20|-70|CG2081790|-19|-69|CG2081791|-18|-65|CG2081792|-17|-61|CG2081793|-16|-64|CG2081794|-15|-65|CG2081795|-15|-67|CG2081796|-18|-68
475|2|2|400|1|CG2081840|-24|-72
475|2|3|500|10|CG2081840|-24|-72|CG2081841|-21|-73|CG2081842|-20|-75|CG2081843|-20|-75|CG2081844|-17|-64|CG2081845|-15|-62|CG2081846|-15|-64|CG2081847|-16|-72|CG2081848|-21|-79|CG2081849|-23|-71
475|2|4|
475|2|5|1000|10|CG2081777|-21|-60|CG2081778|-24|-58|CG2081779|-22|-63|CG2081780|-20|-66|CG2081781|-20|-66|CG2081782|-24|-71|CG2081783|-23|-74|CG2081784|-23|-72|CG2081785|-21|-68|CG2081786|-17|-64
475|2|6|1300|16|CG2081807|-22|-62|CG2081808|-28|-63|CG2081809|-22|-65|CG2081810|-19|-55|CG2081811|-19|-52|CG2081812|-19|-52|CG2081813|-19|-52|CG2081814|-19|-53|CG2081815|-19|-53|CG2081816|-18|-52|CG2081817|-18|-52|CG2081818|-18|-51|CG2081819|-18|-53|CG2081820|-19|-60|CG2081821|-22|-65|CG2081822|-17|-64
475|2|7|
475|2|8|1000|6|CG2081823|-31|-57|CG2081824|-27|-59|CG2081825|-24|-61|CG2081826|-22|-63|CG2081827|-19|-64|CG2081828|-17|-64
475|2|9|1000|1|CG2081829|-13|-69
475|2|10|1900|10|CG2081830|-30|-76|CG2081831|-46|-64|CG2081832|-55|-65|CG2081833|-58|-53|CG2081834|-54|-33|CG2081835|-53|-23|CG2081836|-61|-22|CG2081837|-61|-20|CG2081838|-65|-17|CG2081839|-66|-17
475|3|0|1000|10|CG2081870|-22|-63|CG2081871|-22|-64|CG2081872|-22|-65|CG2081873|-22|-66|CG2081874|-22|-66|CG2081875|-22|-65|CG2081876|-22|-64|CG2081877|-22|-63|CG2081878|-22|-63|CG2081879|-22|-62
475|3|1|900|10|CG2081860|-22|-68|CG2081861|-21|-69|CG2081862|-21|-68|CG2081863|-22|-67|CG2081864|-22|-60|CG2081865|-22|-54|CG2081866|-22|-58|CG2081867|-22|-61|CG2081868|-22|-64|CG2081869|-22|-67
475|3|2|400|1|CG2081913|-19|-64
475|3|3|500|10|CG2081913|-19|-64|CG2081914|-19|-64|CG2081915|-19|-66|CG2081916|-19|-64|CG2081917|-19|-59|CG2081918|-19|-50|CG2081919|-19|-53|CG2081920|-19|-61|CG2081921|-19|-69|CG2081922|-19|-63
475|3|4|
475|3|5|1000|10|CG2081850|-24|-59|CG2081851|-38|-58|CG2081852|-30|-63|CG2081853|-21|-64|CG2081854|-19|-56|CG2081855|-13|-60|CG2081856|-9|-63|CG2081857|-13|-63|CG2081858|-18|-62|CG2081859|-22|-62
475|3|6|1300|16|CG2081880|-23|-63|CG2081881|-23|-62|CG2081882|-20|-56|CG2081883|-17|-48|CG2081884|-15|-43|CG2081885|-15|-39|CG2081886|-15|-39|CG2081887|-15|-39|CG2081888|-15|-40|CG2081889|-15|-39|CG2081890|-14|-39|CG2081891|-14|-50|CG2081892|-15|-53|CG2081893|-18|-52|CG2081894|-21|-58|CG2081895|-22|-62
475|3|7|
475|3|8|1000|6|CG2081896|-33|-64|CG2081897|-30|-66|CG2081898|-27|-65|CG2081899|-26|-64|CG2081900|-24|-63|CG2081901|-22|-62
475|3|9|1000|1|CG2081902|-17|-58
475|3|10|1900|10|CG2081903|-31|-83|CG2081904|-47|-80|CG2081905|-59|-72|CG2081906|-69|-66|CG2081907|-68|-49|CG2081908|-71|-37|CG2081909|-78|-32|CG2081910|-81|-30|CG2081911|-82|-28|CG2081912|-82|-28
475|4|0|1000|10|CG2081943|-19|-61|CG2081944|-18|-62|CG2081945|-18|-62|CG2081946|-18|-63|CG2081947|-18|-63|CG2081948|-18|-63|CG2081949|-18|-62|CG2081950|-19|-61|CG2081951|-19|-62|CG2081952|-19|-61
475|4|1|900|10|CG2081933|-16|-60|CG2081934|-15|-63|CG2081935|-15|-65|CG2081936|-16|-65|CG2081937|-18|-58|CG2081938|-19|-52|CG2081939|-21|-55|CG2081940|-21|-60|CG2081941|-21|-63|CG2081942|-18|-63
475|4|2|400|1|CG2081986|-17|-51
475|4|3|500|10|CG2081986|-17|-51|CG2081987|-16|-51|CG2081988|-18|-56|CG2081989|-21|-55|CG2081990|-23|-51|CG2081991|-24|-41|CG2081992|-21|-43|CG2081993|-21|-52|CG2081994|-21|-59|CG2081995|-19|-52
475|4|4|
475|4|5|1000|10|CG2081923|-37|-62|CG2081924|-41|-61|CG2081925|-32|-62|CG2081926|-29|-60|CG2081927|-17|-46|CG2081928|-14|-47|CG2081929|-13|-51|CG2081930|-15|-54|CG2081931|-17|-57|CG2081932|-19|-61
475|4|6|1300|16|CG2081953|-24|-63|CG2081954|-28|-61|CG2081955|-25|-46|CG2081956|-19|-38|CG2081957|-19|-35|CG2081958|-19|-35|CG2081959|-19|-35|CG2081960|-19|-35|CG2081961|-19|-35|CG2081962|-19|-35|CG2081963|-19|-35|CG2081964|-19|-40|CG2081965|-19|-43|CG2081966|-19|-46|CG2081967|-24|-50|CG2081968|-19|-61
475|4|7|
475|4|8|1000|6|CG2081969|-30|-71|CG2081970|-25|-70|CG2081971|-23|-69|CG2081972|-22|-66|CG2081973|-20|-64|CG2081974|-19|-61
475|4|9|1000|1|CG2081975|-18|-47
475|4|10|1900|10|CG2081976|-28|-89|CG2081977|-32|-93|CG2081978|-35|-84|CG2081979|-44|-74|CG2081980|-48|-67|CG2081981|-52|-54|CG2081982|-61|-51|CG2081983|-59|-51|CG2081984|-60|-50|CG2081985|-60|-48
475|5|0|1000|10|CG2082016|-23|-61|CG2082017|-22|-60|CG2082018|-22|-60|CG2082019|-23|-60|CG2082020|-23|-60|CG2082021|-23|-60|CG2082022|-22|-60|CG2082023|-23|-61|CG2082024|-24|-61|CG2082025|-25|-61
475|5|1|900|10|CG2082006|-26|-54|CG2082007|-25|-58|CG2082008|-23|-61|CG2082009|-23|-62|CG2082010|-27|-59|CG2082011|-31|-55|CG2082012|-30|-58|CG2082013|-29|-62|CG2082014|-28|-63|CG2082015|-26|-59
475|5|2|400|1|CG2082059|-27|-42
475|5|3|500|10|CG2082059|-27|-42|CG2082060|-21|-42|CG2082061|-22|-49|CG2082062|-29|-52|CG2082063|-40|-41|CG2082064|-36|-39|CG2082065|-28|-41|CG2082066|-28|-49|CG2082067|-30|-54|CG2082068|-29|-44
475|5|4|
475|5|5|1000|10|CG2081996|-32|-66|CG2081997|-24|-67|CG2081998|-15|-61|CG2081999|-27|-57|CG2082000|-16|-41|CG2082001|-16|-41|CG2082002|-17|-45|CG2082003|-17|-50|CG2082004|-16|-56|CG2082005|-25|-61
475|5|6|1300|16|CG2082026|-26|-63|CG2082027|-28|-59|CG2082028|-34|-42|CG2082029|-32|-38|CG2082030|-33|-38|CG2082031|-33|-38|CG2082032|-29|-38|CG2082033|-22|-37|CG2082034|-19|-37|CG2082035|-28|-37|CG2082036|-33|-38|CG2082037|-31|-38|CG2082038|-29|-38|CG2082039|-35|-38|CG2082040|-35|-47|CG2082041|-25|-61
475|5|7|
475|5|8|1000|6|CG2082042|-20|-71|CG2082043|-19|-71|CG2082044|-20|-69|CG2082045|-22|-67|CG2082046|-24|-64|CG2082047|-25|-61
475|5|9|1000|1|CG2082048|-17|-43
475|5|10|1900|10|CG2082049|-20|-89|CG2082050|-23|-93|CG2082051|-21|-86|CG2082052|-18|-79|CG2082053|-18|-74|CG2082054|-20|-64|CG2082055|-31|-62|CG2082056|-27|-62|CG2082057|-32|-60|CG2082058|-33|-58
475|6|0|1000|10|CG2082089|-20|-63|CG2082090|-18|-62|CG2082091|-19|-62|CG2082092|-18|-61|CG2082093|-19|-61|CG2082094|-19|-61|CG2082095|-18|-62|CG2082096|-19|-63|CG2082097|-19|-64|CG2082098|-20|-64
475|6|1|900|10|CG2082079|-23|-52|CG2082080|-22|-57|CG2082081|-20|-60|CG2082082|-19|-62|CG2082083|-22|-63|CG2082084|-27|-63|CG2082085|-25|-65|CG2082086|-24|-67|CG2082087|-23|-66|CG2082088|-22|-58
475|6|2|400|1|CG2082132|-25|-44
475|6|3|500|10|CG2082132|-25|-44|CG2082133|-25|-44|CG2082134|-28|-52|CG2082135|-31|-57|CG2082136|-39|-50|CG2082137|-39|-48|CG2082138|-37|-49|CG2082139|-33|-55|CG2082140|-28|-57|CG2082141|-29|-52
475|6|4|
475|6|5|1000|10|CG2082069|-20|-70|CG2082070|-26|-71|CG2082071|-27|-60|CG2082072|-16|-57|CG2082073|-28|-46|CG2082074|-27|-44|CG2082075|-26|-49|CG2082076|-25|-54|CG2082077|-26|-60|CG2082078|-20|-64
475|6|6|1300|16|CG2082099|-16|-64|CG2082100|-15|-60|CG2082101|-27|-47|CG2082102|-36|-41|CG2082103|-35|-36|CG2082104|-34|-36|CG2082105|-35|-35|CG2082106|-36|-35|CG2082107|-36|-35|CG2082108|-35|-35|CG2082109|-34|-36|CG2082110|-36|-40|CG2082111|-37|-44|CG2082112|-35|-46|CG2082113|-28|-52|CG2082114|-20|-64
475|6|7|
475|6|8|1000|6|CG2082115|-14|-64|CG2082116|-12|-65|CG2082117|-13|-66|CG2082118|-15|-66|CG2082119|-16|-65|CG2082120|-20|-64
475|6|9|1000|1|CG2082121|-26|-49
475|6|10|1900|10|CG2082122|-15|-82|CG2082123|-11|-82|CG2082124|-7|-73|CG2082125|-10|-69|CG2082126|-10|-64|CG2082127|-8|-55|CG2082128|-5|-51|CG2082129|-4|-49|CG2082130|-4|-45|CG2082131|-4|-43
475|7|0|1000|10|CG2082162|-20|-65|CG2082163|-20|-65|CG2082164|-20|-64|CG2082165|-20|-63|CG2082166|-19|-63|CG2082167|-20|-64|CG2082168|-20|-64|CG2082169|-20|-65|CG2082170|-19|-66|CG2082171|-19|-66
475|7|1|900|10|CG2082152|-24|-57|CG2082153|-24|-59|CG2082154|-22|-61|CG2082155|-19|-63|CG2082156|-22|-67|CG2082157|-24|-70|CG2082158|-23|-71|CG2082159|-21|-71|CG2082160|-20|-68|CG2082161|-23|-61
475|7|2|400|1|CG2082205|-41|-53
475|7|3|500|10|CG2082205|-41|-53|CG2082206|-40|-54|CG2082207|-40|-61|CG2082208|-38|-67|CG2082209|-42|-61|CG2082210|-42|-61|CG2082211|-41|-61|CG2082212|-40|-65|CG2082213|-38|-66|CG2082214|-40|-60
475|7|4|
475|7|5|1000|10|CG2082142|-26|-70|CG2082143|-16|-70|CG2082144|-27|-61|CG2082145|-28|-59|CG2082146|-39|-55|CG2082147|-42|-56|CG2082148|-41|-60|CG2082149|-36|-64|CG2082150|-28|-66|CG2082151|-19|-66
475|7|6|1300|16|CG2082172|-15|-64|CG2082173|-14|-61|CG2082174|-34|-57|CG2082175|-47|-50|CG2082176|-49|-45|CG2082177|-49|-37|CG2082178|-48|-38|CG2082179|-47|-39|CG2082180|-47|-40|CG2082181|-47|-39|CG2082182|-48|-40|CG2082183|-48|-50|CG2082184|-47|-54|CG2082185|-45|-53|CG2082186|-34|-60|CG2082187|-19|-66
475|7|7|
475|7|8|1000|6|CG2082188|-12|-56|CG2082189|-10|-57|CG2082190|-11|-61|CG2082191|-13|-63|CG2082192|-15|-65|CG2082193|-19|-66
475|7|9|1000|1|CG2082194|-36|-60
475|7|10|1900|10|CG2082195|-14|-75|CG2082196|-9|-64|CG2082197|-3|-65|CG2082198|-5|-60|CG2082199|-1|-48|CG2082200|1|-40|CG2082201|6|-32|CG2082202|7|-31|CG2082203|6|-28|CG2082204|6|-28
