478|0|0|1000|6|CG2082821|-42|-108|CG2082822|-42|-108|CG2082823|-42|-108|CG2082824|-42|-110|CG2082825|-42|-110|CG2082826|-42|-110
478|0|1|900|6|CG2082815|-47|-111|CG2082816|-47|-111|CG2082817|-48|-111|CG2082818|-49|-112|CG2082819|-49|-113|CG2082820|-48|-112
478|0|2|400|6|CG2082815|-47|-111|CG2082816|-47|-111|CG2082817|-48|-111|CG2082818|-49|-112|CG2082819|-49|-113|CG2082820|-48|-112
478|0|3|500|6|CG2082815|-47|-111|CG2082816|-47|-111|CG2082817|-48|-111|CG2082818|-49|-112|CG2082819|-49|-113|CG2082820|-48|-112
478|0|4|
478|0|5|1000|8|CG2082807|-20|-117|CG2082808|-14|-117|CG2082809|-20|-112|CG2082810|-88|-96|CG2082811|-71|-91|CG2082812|-77|-124|CG2082813|-62|-110|CG2082814|-48|-109
478|0|6|1300|6|CG2082827|-36|-101|CG2082828|-34|-98|CG2082829|-34|-93|CG2082830|-33|-92|CG2082831|-47|-129|CG2082832|-46|-129
478|0|7|
478|0|8|1000|2|CG2082833|-40|-120|CG2082834|-36|-122
478|0|9|1000|1|CG2082835|-75|-72
478|0|10|1300|8|CG2082836|-67|-128|CG2082837|-68|-149|CG2082838|-53|-155|CG2082839|-41|-116|CG2082840|-22|-84|CG2082841|-23|-59|CG2082842|-23|-66|CG2082843|-22|-44
478|1|0|1000|6|CG2082858|-21|-108|CG2082859|-21|-108|CG2082860|-21|-109|CG2082861|-21|-109|CG2082862|-21|-109|CG2082863|-21|-108
478|1|1|900|6|CG2082852|-27|-112|CG2082853|-27|-113|CG2082854|-27|-113|CG2082855|-27|-113|CG2082856|-27|-113|CG2082857|-27|-113
478|1|2|400|6|CG2082852|-27|-112|CG2082853|-27|-113|CG2082854|-27|-113|CG2082855|-27|-113|CG2082856|-27|-113|CG2082857|-27|-113
478|1|3|500|6|CG2082852|-27|-112|CG2082853|-27|-113|CG2082854|-27|-113|CG2082855|-27|-113|CG2082856|-27|-113|CG2082857|-27|-113
478|1|4|
478|1|5|1000|8|CG2082844|-14|-106|CG2082845|-19|-106|CG2082846|-15|-86|CG2082847|-19|-110|CG2082848|-20|-94|CG2082849|-23|-132|CG2082850|-25|-114|CG2082851|-25|-110
478|1|6|1300|6|CG2082864|-17|-100|CG2082865|-14|-97|CG2082866|-14|-95|CG2082867|-15|-96|CG2082868|-22|-131|CG2082869|-22|-131
478|1|7|
478|1|8|1000|2|CG2082870|-17|-118|CG2082871|-16|-115
478|1|9|1000|1|CG2082872|-63|-91
478|1|10|1300|8|CG2082873|-26|-125|CG2082874|-33|-145|CG2082875|-24|-151|CG2082876|-29|-123|CG2082877|-21|-84|CG2082878|-25|-41|CG2082879|-27|-43|CG2082880|-25|-28
478|2|0|1000|6|CG2082895|-19|-100|CG2082896|-19|-100|CG2082897|-19|-100|CG2082898|-19|-101|CG2082899|-19|-101|CG2082900|-19|-101
478|2|1|900|6|CG2082889|-17|-104|CG2082890|-17|-105|CG2082891|-16|-105|CG2082892|-15|-105|CG2082893|-15|-105|CG2082894|-15|-105
478|2|2|400|6|CG2082889|-17|-104|CG2082890|-17|-105|CG2082891|-16|-105|CG2082892|-15|-105|CG2082893|-15|-105|CG2082894|-15|-105
478|2|3|500|6|CG2082889|-17|-104|CG2082890|-17|-105|CG2082891|-16|-105|CG2082892|-15|-105|CG2082893|-15|-105|CG2082894|-15|-105
478|2|4|
478|2|5|1000|8|CG2082881|-33|-97|CG2082882|-70|-106|CG2082883|-55|-76|CG2082884|-18|-95|CG2082885|-18|-67|CG2082886|-21|-111|CG2082887|-22|-103|CG2082888|-18|-103
478|2|6|1300|6|CG2082901|-17|-95|CG2082902|-17|-90|CG2082903|-16|-90|CG2082904|-15|-91|CG2082905|-21|-127|CG2082906|-21|-127
478|2|7|
478|2|8|1000|2|CG2082907|-21|-105|CG2082908|-23|-97
478|2|9|1000|1|CG2082909|-42|-94
478|2|10|1300|8|CG2082910|-15|-111|CG2082911|-15|-134|CG2082912|-15|-145|CG2082913|-30|-124|CG2082914|-49|-85|CG2082915|-60|-39|CG2082916|-55|-36|CG2082917|-52|-26
478|3|0|1000|6|CG2082932|-27|-90|CG2082933|-27|-92|CG2082934|-27|-92|CG2082935|-27|-92|CG2082936|-27|-91|CG2082937|-27|-91
478|3|1|900|6|CG2082926|-20|-93|CG2082927|-20|-94|CG2082928|-20|-94|CG2082929|-19|-94|CG2082930|-19|-93|CG2082931|-19|-92
478|3|2|400|6|CG2082926|-20|-93|CG2082927|-20|-94|CG2082928|-20|-94|CG2082929|-19|-94|CG2082930|-19|-93|CG2082931|-19|-92
478|3|3|500|6|CG2082926|-20|-93|CG2082927|-20|-94|CG2082928|-20|-94|CG2082929|-19|-94|CG2082930|-19|-93|CG2082931|-19|-92
478|3|4|
478|3|5|1000|8|CG2082918|-71|-97|CG2082919|-95|-117|CG2082920|-98|-94|CG2082921|-14|-59|CG2082922|-13|-59|CG2082923|-12|-82|CG2082924|-15|-87|CG2082925|-20|-91
478|3|6|1300|6|CG2082938|-22|-87|CG2082939|-22|-81|CG2082940|-20|-79|CG2082941|-20|-79|CG2082942|-29|-118|CG2082943|-25|-118
478|3|7|
478|3|8|1000|2|CG2082944|-28|-88|CG2082945|-29|-77
478|3|9|1000|1|CG2082946|-23|-95
478|3|10|1300|8|CG2082947|-21|-94|CG2082948|-21|-123|CG2082949|-19|-134|CG2082950|-35|-120|CG2082951|-73|-91|CG2082952|-95|-37|CG2082953|-96|-41|CG2082954|-92|-27
478|4|0|1000|6|CG2082969|-19|-90|CG2082970|-19|-91|CG2082971|-19|-91|CG2082972|-19|-90|CG2082973|-19|-89|CG2082974|-19|-89
478|4|1|900|6|CG2082963|-17|-88|CG2082964|-17|-90|CG2082965|-16|-89|CG2082966|-15|-87|CG2082967|-15|-86|CG2082968|-15|-86
478|4|2|400|6|CG2082963|-17|-88|CG2082964|-17|-90|CG2082965|-16|-89|CG2082966|-15|-87|CG2082967|-15|-86|CG2082968|-15|-86
478|4|3|500|6|CG2082963|-17|-88|CG2082964|-17|-90|CG2082965|-16|-89|CG2082966|-15|-87|CG2082967|-15|-86|CG2082968|-15|-86
478|4|4|
478|4|5|1000|8|CG2082955|-67|-112|CG2082956|-67|-131|CG2082957|-107|-125|CG2082958|-13|-57|CG2082959|-13|-55|CG2082960|-12|-66|CG2082961|-13|-78|CG2082962|-14|-90
478|4|6|1300|6|CG2082975|-16|-82|CG2082976|-18|-75|CG2082977|-23|-70|CG2082978|-27|-67|CG2082979|-21|-113|CG2082980|-19|-114
478|4|7|
478|4|8|1000|2|CG2082981|-20|-78|CG2082982|-23|-69
478|4|9|1000|1|CG2082983|-17|-88
478|4|10|1300|8|CG2082984|-15|-74|CG2082985|-15|-106|CG2082986|-21|-129|CG2082987|-39|-123|CG2082988|-63|-97|CG2082989|-89|-69|CG2082990|-84|-70|CG2082991|-92|-48
478|5|0|1000|6|CG2083006|-40|-95|CG2083007|-39|-96|CG2083008|-39|-95|CG2083009|-40|-94|CG2083010|-40|-94|CG2083011|-40|-94
478|5|1|900|6|CG2083000|-38|-90|CG2083001|-38|-91|CG2083002|-38|-90|CG2083003|-37|-88|CG2083004|-37|-87|CG2083005|-38|-88
478|5|2|400|6|CG2083000|-38|-90|CG2083001|-38|-91|CG2083002|-38|-90|CG2083003|-37|-88|CG2083004|-37|-87|CG2083005|-38|-88
478|5|3|500|6|CG2083000|-38|-90|CG2083001|-38|-91|CG2083002|-38|-90|CG2083003|-37|-88|CG2083004|-37|-87|CG2083005|-38|-88
478|5|4|
478|5|5|1000|8|CG2082992|-47|-130|CG2082993|-39|-142|CG2082994|-76|-155|CG2082995|-26|-57|CG2082996|-60|-55|CG2082997|-39|-70|CG2082998|-38|-83|CG2082999|-36|-94
478|5|6|1300|6|CG2083012|-51|-81|CG2083013|-51|-76|CG2083014|-58|-67|CG2083015|-63|-62|CG2083016|-35|-112|CG2083017|-35|-113
478|5|7|
478|5|8|1000|2|CG2083018|-42|-80|CG2083019|-47|-75
478|5|9|1000|1|CG2083020|-19|-68
478|5|10|1300|8|CG2083021|-30|-74|CG2083022|-24|-105|CG2083023|-37|-134|CG2083024|-23|-134|CG2083025|-28|-105|CG2083026|-71|-88|CG2083027|-63|-90|CG2083028|-73|-70
478|6|0|1000|6|CG2083043|-69|-102|CG2083044|-68|-102|CG2083045|-70|-102|CG2083046|-70|-102|CG2083047|-70|-102|CG2083048|-70|-102
478|6|1|900|6|CG2083037|-75|-97|CG2083038|-75|-96|CG2083039|-75|-96|CG2083040|-76|-95|CG2083041|-76|-95|CG2083042|-75|-96
478|6|2|400|6|CG2083037|-75|-97|CG2083038|-75|-96|CG2083039|-75|-96|CG2083040|-76|-95|CG2083041|-76|-95|CG2083042|-75|-96
478|6|3|500|6|CG2083037|-75|-97|CG2083038|-75|-96|CG2083039|-75|-96|CG2083040|-76|-95|CG2083041|-76|-95|CG2083042|-75|-96
478|6|4|
478|6|5|1000|8|CG2083029|-39|-129|CG2083030|-10|-145|CG2083031|-14|-159|CG2083032|-94|-56|CG2083033|-123|-54|CG2083034|-100|-84|CG2083035|-79|-94|CG2083036|-69|-99
478|6|6|1300|6|CG2083049|-74|-86|CG2083050|-73|-83|CG2083051|-72|-73|CG2083052|-73|-69|CG2083053|-70|-115|CG2083054|-70|-115
478|6|7|
478|6|8|1000|2|CG2083055|-67|-93|CG2083056|-59|-94
478|6|9|1000|1|CG2083057|-38|-55
478|6|10|1300|8|CG2083058|-64|-91|CG2083059|-58|-120|CG2083060|-51|-149|CG2083061|-27|-136|CG2083062|-22|-101|CG2083063|-23|-92|CG2083064|-23|-98|CG2083065|-23|-78
478|7|0|1000|6|CG2083080|-70|-106|CG2083081|-70|-106|CG2083082|-70|-107|CG2083083|-71|-108|CG2083084|-71|-108|CG2083085|-70|-108
478|7|1|900|6|CG2083074|-79|-104|CG2083075|-79|-104|CG2083076|-79|-104|CG2083077|-80|-105|CG2083078|-81|-106|CG2083079|-80|-106
478|7|2|400|6|CG2083074|-79|-104|CG2083075|-79|-104|CG2083076|-79|-104|CG2083077|-80|-105|CG2083078|-81|-106|CG2083079|-80|-106
478|7|3|500|6|CG2083074|-79|-104|CG2083075|-79|-104|CG2083076|-79|-104|CG2083077|-80|-105|CG2083078|-81|-106|CG2083079|-80|-106
478|7|4|
478|7|5|1000|8|CG2083066|-17|-123|CG2083067|-15|-133|CG2083068|-14|-138|CG2083069|-122|-59|CG2083070|-128|-69|CG2083071|-116|-100|CG2083072|-90|-104|CG2083073|-74|-104
478|7|6|1300|6|CG2083086|-67|-94|CG2083087|-64|-93|CG2083088|-57|-85|CG2083089|-57|-82|CG2083090|-75|-121|CG2083091|-75|-121
478|7|7|
478|7|8|1000|2|CG2083092|-67|-110|CG2083093|-59|-113
478|7|9|1000|1|CG2083094|-70|-57
478|7|10|1300|8|CG2083095|-80|-113|CG2083096|-77|-138|CG2083097|-64|-158|CG2083098|-39|-127|CG2083099|-26|-88|CG2083100|-23|-81|CG2083101|-25|-86|CG2083102|-26|-67
