470|0|0|1000|10|CG2078731|-30|-23|CG2078732|-30|-23|CG2078733|-30|-22|CG2078734|-30|-22|CG2078735|-30|-22|CG2078736|-30|-22|CG2078737|-30|-22|CG2078738|-30|-23|CG2078739|-30|-23|CG2078740|-30|-23
470|0|1|900|10|CG2078721|-32|-23|CG2078722|-31|-23|CG2078723|-29|-23|CG2078724|-27|-24|CG2078725|-27|-24|CG2078726|-28|-24|CG2078727|-29|-23|CG2078728|-31|-23|CG2078729|-32|-23|CG2078730|-32|-23
470|0|2|400|1|CG2078776|-33|-57
470|0|3|500|8|CG2078776|-33|-57|CG2078777|-48|-58|CG2078778|-33|-60|CG2078779|-33|-61|CG2078780|-33|-60|CG2078781|-48|-58|CG2078782|-33|-57|CG2078783|-33|-58
470|0|4|
470|0|5|1000|10|CG2078711|-27|-23|CG2078712|-21|-23|CG2078713|-29|-25|CG2078714|-36|-28|CG2078715|-35|-28|CG2078716|-34|-27|CG2078717|-32|-26|CG2078718|-31|-24|CG2078719|-30|-23|CG2078720|-30|-23
470|0|6|1300|18|CG2078741|-29|-31|CG2078742|-37|-47|CG2078743|-37|-47|CG2078744|-37|-52|CG2078745|-38|-47|CG2078746|-38|-47|CG2078747|-38|-47|CG2078748|-38|-52|CG2078749|-38|-47|CG2078750|-38|-47|CG2078751|-38|-47|CG2078752|-37|-52|CG2078753|-37|-47|CG2078754|-37|-47|CG2078755|-37|-47|CG2078756|-30|-39|CG2078757|-29|-25|CG2078758|-30|-23
470|0|7|
470|0|8|1000|6|CG2078759|-26|-27|CG2078760|-19|-40|CG2078761|-20|-34|CG2078762|-22|-26|CG2078763|-26|-24|CG2078764|-30|-23
470|0|9|1000|1|CG2078765|-27|-21
470|0|10|1900|10|CG2078766|-29|-45|CG2078767|-24|-59|CG2078768|-30|-39|CG2078769|-31|-34|CG2078770|-25|-38|CG2078771|-29|-39|CG2078772|-31|-36|CG2078773|-30|-35|CG2078774|-27|-37|CG2078775|-25|-37
470|1|0|1000|10|CG2078804|-30|-23|CG2078805|-30|-23|CG2078806|-30|-23|CG2078807|-31|-23|CG2078808|-31|-23|CG2078809|-31|-23|CG2078810|-30|-23|CG2078811|-30|-23|CG2078812|-30|-23|CG2078813|-30|-23
470|1|1|900|10|CG2078794|-30|-24|CG2078795|-31|-24|CG2078796|-31|-24|CG2078797|-30|-24|CG2078798|-29|-24|CG2078799|-30|-24|CG2078800|-30|-24|CG2078801|-30|-24|CG2078802|-30|-24|CG2078803|-29|-23
470|1|2|400|1|CG2078849|-46|-50
470|1|3|500|8|CG2078849|-46|-50|CG2078850|-49|-50|CG2078851|-46|-52|CG2078852|-34|-53|CG2078853|-46|-52|CG2078854|-49|-50|CG2078855|-46|-50|CG2078856|-34|-50
470|1|4|
470|1|5|1000|10|CG2078784|-29|-23|CG2078785|-27|-24|CG2078786|-29|-27|CG2078787|-27|-31|CG2078788|-27|-30|CG2078789|-29|-29|CG2078790|-29|-27|CG2078791|-30|-25|CG2078792|-30|-24|CG2078793|-30|-23
470|1|6|1300|18|CG2078814|-30|-27|CG2078815|-46|-40|CG2078816|-44|-40|CG2078817|-34|-42|CG2078818|-44|-40|CG2078819|-46|-40|CG2078820|-44|-40|CG2078821|-34|-42|CG2078822|-44|-40|CG2078823|-46|-40|CG2078824|-44|-40|CG2078825|-34|-42|CG2078826|-44|-40|CG2078827|-46|-40|CG2078828|-40|-40|CG2078829|-34|-32|CG2078830|-30|-24|CG2078831|-30|-23
470|1|7|
470|1|8|1000|6|CG2078832|-30|-25|CG2078833|-49|-30|CG2078834|-42|-27|CG2078835|-30|-26|CG2078836|-30|-25|CG2078837|-30|-23
470|1|9|1000|1|CG2078838|-21|-21
470|1|10|1900|10|CG2078839|-30|-46|CG2078840|-30|-57|CG2078841|-30|-29|CG2078842|-30|-28|CG2078843|-24|-34|CG2078844|-28|-34|CG2078845|-30|-30|CG2078846|-29|-30|CG2078847|-26|-32|CG2078848|-24|-33
470|2|0|1000|10|CG2078877|-32|-23|CG2078878|-32|-23|CG2078879|-32|-22|CG2078880|-32|-22|CG2078881|-32|-22|CG2078882|-32|-22|CG2078883|-32|-22|CG2078884|-32|-23|CG2078885|-32|-23|CG2078886|-32|-23
470|2|1|900|10|CG2078867|-31|-23|CG2078868|-32|-23|CG2078869|-33|-23|CG2078870|-33|-24|CG2078871|-33|-24|CG2078872|-34|-24|CG2078873|-33|-23|CG2078874|-33|-23|CG2078875|-31|-23|CG2078876|-31|-23
470|2|2|400|1|CG2078922|-39|-57
470|2|3|500|8|CG2078922|-39|-57|CG2078923|-29|-58|CG2078924|-39|-60|CG2078925|-31|-61|CG2078926|-39|-60|CG2078927|-29|-58|CG2078928|-39|-57|CG2078929|-31|-58
470|2|4|
470|2|5|1000|10|CG2078857|-34|-23|CG2078858|-36|-23|CG2078859|-31|-25|CG2078860|-22|-28|CG2078861|-24|-28|CG2078862|-26|-27|CG2078863|-28|-26|CG2078864|-31|-24|CG2078865|-32|-23|CG2078866|-32|-23
470|2|6|1300|18|CG2078887|-34|-31|CG2078888|-39|-47|CG2078889|-37|-47|CG2078890|-29|-52|CG2078891|-37|-47|CG2078892|-39|-47|CG2078893|-36|-47|CG2078894|-29|-53|CG2078895|-36|-47|CG2078896|-39|-47|CG2078897|-36|-47|CG2078898|-29|-52|CG2078899|-37|-47|CG2078900|-39|-47|CG2078901|-39|-47|CG2078902|-33|-39|CG2078903|-32|-25|CG2078904|-32|-23
470|2|7|
470|2|8|1000|6|CG2078905|-40|-27|CG2078906|-54|-40|CG2078907|-54|-34|CG2078908|-45|-26|CG2078909|-36|-24|CG2078910|-32|-23
470|2|9|1000|1|CG2078911|-25|-21
470|2|10|1900|10|CG2078912|-28|-45|CG2078913|-21|-59|CG2078914|-27|-39|CG2078915|-31|-34|CG2078916|-28|-38|CG2078917|-28|-39|CG2078918|-31|-36|CG2078919|-30|-35|CG2078920|-28|-37|CG2078921|-28|-37
470|3|0|1000|10|CG2078950|-26|-22|CG2078951|-26|-22|CG2078952|-26|-22|CG2078953|-26|-22|CG2078954|-26|-22|CG2078955|-26|-22|CG2078956|-26|-22|CG2078957|-26|-22|CG2078958|-26|-22|CG2078959|-26|-22
470|3|1|900|10|CG2078940|-26|-22|CG2078941|-26|-22|CG2078942|-26|-23|CG2078943|-26|-23|CG2078944|-26|-23|CG2078945|-26|-23|CG2078946|-26|-23|CG2078947|-26|-22|CG2078948|-26|-22|CG2078949|-26|-22
470|3|2|400|1|CG2078995|-25|-66
470|3|3|500|8|CG2078995|-25|-66|CG2078996|-25|-62|CG2078997|-25|-68|CG2078998|-25|-70|CG2078999|-25|-68|CG2079000|-25|-62|CG2079001|-25|-66|CG2079002|-25|-67
470|3|4|
470|3|5|1000|10|CG2078930|-30|-23|CG2078931|-34|-25|CG2078932|-23|-23|CG2078933|-15|-22|CG2078934|-15|-22|CG2078935|-17|-22|CG2078936|-19|-22|CG2078937|-22|-22|CG2078938|-25|-22|CG2078939|-26|-22
470|3|6|1300|18|CG2078960|-25|-36|CG2078961|-24|-50|CG2078962|-24|-53|CG2078963|-24|-58|CG2078964|-24|-53|CG2078965|-24|-50|CG2078966|-24|-53|CG2078967|-24|-58|CG2078968|-24|-53|CG2078969|-24|-50|CG2078970|-24|-53|CG2078971|-24|-58|CG2078972|-24|-53|CG2078973|-24|-50|CG2078974|-24|-50|CG2078975|-25|-43|CG2078976|-29|-28|CG2078977|-26|-22
470|3|7|
470|3|8|1000|6|CG2078978|-37|-34|CG2078979|-37|-50|CG2078980|-39|-45|CG2078981|-44|-35|CG2078982|-36|-26|CG2078983|-26|-22
470|3|9|1000|1|CG2078984|-26|-20
470|3|10|1900|10|CG2078985|-24|-38|CG2078986|-21|-62|CG2078987|-29|-47|CG2078988|-32|-33|CG2078989|-32|-38|CG2078990|-32|-39|CG2078991|-32|-35|CG2078992|-32|-35|CG2078993|-32|-36|CG2078994|-32|-36
470|4|0|1000|10|CG2079023|-33|-23|CG2079024|-33|-23|CG2079025|-33|-23|CG2079026|-33|-23|CG2079027|-33|-23|CG2079028|-33|-23|CG2079029|-33|-23|CG2079030|-33|-23|CG2079031|-33|-23|CG2079032|-33|-23
470|4|1|900|10|CG2079013|-34|-24|CG2079014|-34|-24|CG2079015|-33|-24|CG2079016|-31|-24|CG2079017|-31|-24|CG2079018|-31|-24|CG2079019|-32|-24|CG2079020|-33|-24|CG2079021|-33|-24|CG2079022|-33|-23
470|4|2|400|1|CG2079068|-39|-61
470|4|3|500|8|CG2079068|-39|-61|CG2079069|-29|-60|CG2079070|-39|-64|CG2079071|-31|-74|CG2079072|-39|-64|CG2079073|-29|-60|CG2079074|-39|-61|CG2079075|-31|-71
470|4|4|
470|4|5|1000|10|CG2079003|-34|-26|CG2079004|-36|-28|CG2079005|-31|-23|CG2079006|-22|-18|CG2079007|-23|-19|CG2079008|-26|-20|CG2079009|-28|-21|CG2079010|-31|-22|CG2079011|-32|-23|CG2079012|-33|-23
470|4|6|1300|18|CG2079033|-34|-38|CG2079034|-39|-46|CG2079035|-37|-49|CG2079036|-29|-57|CG2079037|-37|-49|CG2079038|-39|-45|CG2079039|-36|-49|CG2079040|-29|-57|CG2079041|-36|-49|CG2079042|-39|-45|CG2079043|-37|-49|CG2079044|-29|-57|CG2079045|-37|-49|CG2079046|-39|-46|CG2079047|-39|-46|CG2079048|-33|-44|CG2079049|-32|-31|CG2079050|-33|-23
470|4|7|
470|4|8|1000|6|CG2079051|-41|-39|CG2079052|-54|-55|CG2079053|-54|-51|CG2079054|-46|-42|CG2079055|-36|-30|CG2079056|-33|-23
470|4|9|1000|1|CG2079057|-26|-21
470|4|10|1900|10|CG2079058|-29|-37|CG2079059|-21|-62|CG2079060|-27|-49|CG2079061|-31|-34|CG2079062|-28|-39|CG2079063|-28|-40|CG2079064|-31|-36|CG2079065|-30|-35|CG2079066|-28|-37|CG2079067|-28|-37
470|5|0|1000|10|CG2079096|-30|-24|CG2079097|-30|-24|CG2079098|-30|-24|CG2079099|-30|-24|CG2079100|-30|-24|CG2079101|-30|-24|CG2079102|-30|-24|CG2079103|-30|-24|CG2079104|-30|-24|CG2079105|-30|-24
470|5|1|900|10|CG2079086|-30|-24|CG2079087|-30|-24|CG2079088|-30|-25|CG2079089|-30|-25|CG2079090|-29|-25|CG2079091|-30|-25|CG2079092|-31|-25|CG2079093|-31|-24|CG2079094|-30|-24|CG2079095|-29|-24
470|5|2|400|1|CG2079141|-46|-50
470|5|3|500|8|CG2079141|-46|-50|CG2079142|-49|-51|CG2079143|-46|-53|CG2079144|-34|-68|CG2079145|-46|-53|CG2079146|-49|-51|CG2079147|-46|-50|CG2079148|-34|-65
470|5|4|
470|5|5|1000|10|CG2079076|-29|-27|CG2079077|-27|-30|CG2079078|-29|-24|CG2079079|-27|-17|CG2079080|-28|-17|CG2079081|-28|-19|CG2079082|-29|-21|CG2079083|-30|-22|CG2079084|-30|-24|CG2079085|-30|-24
470|5|6|1300|18|CG2079106|-30|-35|CG2079107|-46|-35|CG2079108|-44|-35|CG2079109|-34|-50|CG2079110|-44|-35|CG2079111|-46|-34|CG2079112|-44|-35|CG2079113|-34|-50|CG2079114|-44|-34|CG2079115|-46|-34|CG2079116|-44|-35|CG2079117|-34|-50|CG2079118|-44|-35|CG2079119|-46|-35|CG2079120|-40|-35|CG2079121|-34|-37|CG2079122|-30|-31|CG2079123|-30|-24
470|5|7|
470|5|8|1000|6|CG2079124|-30|-38|CG2079125|-48|-50|CG2079126|-41|-48|CG2079127|-30|-42|CG2079128|-30|-31|CG2079129|-30|-24
470|5|9|1000|1|CG2079130|-21|-22
470|5|10|1900|10|CG2079131|-30|-37|CG2079132|-30|-60|CG2079133|-30|-51|CG2079134|-30|-30|CG2079135|-25|-34|CG2079136|-28|-34|CG2079137|-30|-32|CG2079138|-29|-31|CG2079139|-26|-31|CG2079140|-24|-32
470|6|0|1000|10|CG2079169|-30|-23|CG2079170|-30|-23|CG2079171|-30|-23|CG2079172|-30|-23|CG2079173|-30|-23|CG2079174|-30|-23|CG2079175|-30|-23|CG2079176|-30|-23|CG2079177|-30|-23|CG2079178|-30|-23
470|6|1|900|10|CG2079159|-28|-24|CG2079160|-29|-24|CG2079161|-31|-24|CG2079162|-32|-24|CG2079163|-32|-24|CG2079164|-31|-24|CG2079165|-31|-24|CG2079166|-29|-24|CG2079167|-27|-24|CG2079168|-27|-23
470|6|2|400|1|CG2079214|-34|-61
470|6|3|500|8|CG2079214|-34|-61|CG2079215|-48|-60|CG2079216|-33|-64|CG2079217|-33|-74|CG2079218|-33|-64|CG2079219|-48|-60|CG2079220|-34|-61|CG2079221|-34|-71
470|6|4|
470|6|5|1000|10|CG2079149|-26|-26|CG2079150|-21|-28|CG2079151|-29|-23|CG2079152|-36|-18|CG2079153|-35|-19|CG2079154|-34|-20|CG2079155|-32|-21|CG2079156|-31|-22|CG2079157|-30|-23|CG2079158|-30|-23
470|6|6|1300|18|CG2079179|-29|-38|CG2079180|-37|-46|CG2079181|-37|-49|CG2079182|-38|-57|CG2079183|-38|-49|CG2079184|-38|-45|CG2079185|-38|-49|CG2079186|-38|-57|CG2079187|-38|-49|CG2079188|-38|-45|CG2079189|-38|-49|CG2079190|-38|-57|CG2079191|-38|-49|CG2079192|-37|-46|CG2079193|-37|-46|CG2079194|-29|-44|CG2079195|-30|-31|CG2079196|-30|-23
470|6|7|
470|6|8|1000|6|CG2079197|-26|-39|CG2079198|-20|-55|CG2079199|-20|-51|CG2079200|-21|-42|CG2079201|-26|-30|CG2079202|-30|-23
470|6|9|1000|1|CG2079203|-27|-21
470|6|10|1900|10|CG2079204|-29|-37|CG2079205|-24|-62|CG2079206|-30|-49|CG2079207|-31|-34|CG2079208|-25|-39|CG2079209|-29|-40|CG2079210|-31|-35|CG2079211|-30|-35|CG2079212|-27|-37|CG2079213|-25|-37
470|7|0|1000|10|CG2079242|-31|-22|CG2079243|-31|-22|CG2079244|-31|-22|CG2079245|-31|-22|CG2079246|-31|-22|CG2079247|-31|-22|CG2079248|-31|-22|CG2079249|-31|-22|CG2079250|-31|-22|CG2079251|-31|-22
470|7|1|900|10|CG2079232|-31|-22|CG2079233|-31|-22|CG2079234|-31|-23|CG2079235|-31|-23|CG2079236|-31|-23|CG2079237|-31|-23|CG2079238|-31|-23|CG2079239|-31|-22|CG2079240|-31|-22|CG2079241|-31|-22
470|7|2|400|1|CG2079287|-30|-66
470|7|3|500|8|CG2079287|-30|-66|CG2079288|-30|-62|CG2079289|-30|-68|CG2079290|-30|-70|CG2079291|-30|-68|CG2079292|-30|-62|CG2079293|-30|-66|CG2079294|-30|-67
470|7|4|
470|7|5|1000|10|CG2079222|-26|-23|CG2079223|-22|-25|CG2079224|-33|-23|CG2079225|-44|-22|CG2079226|-43|-22|CG2079227|-41|-22|CG2079228|-37|-22|CG2079229|-34|-22|CG2079230|-32|-22|CG2079231|-31|-22
470|7|6|1300|18|CG2079252|-31|-36|CG2079253|-31|-50|CG2079254|-30|-53|CG2079255|-30|-58|CG2079256|-30|-53|CG2079257|-30|-50|CG2079258|-30|-53|CG2079259|-30|-58|CG2079260|-30|-53|CG2079261|-30|-50|CG2079262|-30|-53|CG2079263|-30|-58|CG2079264|-30|-53|CG2079265|-30|-50|CG2079266|-31|-50|CG2079267|-31|-43|CG2079268|-31|-28|CG2079269|-31|-22
470|7|7|
470|7|8|1000|6|CG2079270|-26|-34|CG2079271|-20|-50|CG2079272|-19|-45|CG2079273|-18|-35|CG2079274|-24|-26|CG2079275|-31|-22
470|7|9|1000|1|CG2079276|-31|-20
470|7|10|1900|10|CG2079277|-25|-38|CG2079278|-5|-62|CG2079279|-19|-48|CG2079280|-24|-33|CG2079281|-24|-38|CG2079282|-24|-39|CG2079283|-24|-35|CG2079284|-24|-35|CG2079285|-24|-36|CG2079286|-24|-36
