468|0|0|1000|10|CG2077563|-30|-23|CG2077564|-30|-23|CG2077565|-30|-22|CG2077566|-30|-22|CG2077567|-30|-22|CG2077568|-30|-22|CG2077569|-30|-22|CG2077570|-30|-23|CG2077571|-30|-23|CG2077572|-30|-23
468|0|1|900|10|CG2077553|-32|-23|CG2077554|-31|-23|CG2077555|-29|-23|CG2077556|-27|-24|CG2077557|-27|-24|CG2077558|-28|-24|CG2077559|-29|-23|CG2077560|-31|-23|CG2077561|-32|-23|CG2077562|-32|-23
468|0|2|400|1|CG2077608|-33|-57
468|0|3|500|8|CG2077608|-33|-57|CG2077609|-48|-58|CG2077610|-33|-60|CG2077611|-33|-61|CG2077612|-33|-60|CG2077613|-48|-58|CG2077614|-33|-57|CG2077615|-33|-58
468|0|4|
468|0|5|1000|10|CG2077543|-27|-23|CG2077544|-21|-23|CG2077545|-29|-25|CG2077546|-36|-28|CG2077547|-35|-28|CG2077548|-34|-27|CG2077549|-32|-26|CG2077550|-31|-24|CG2077551|-30|-23|CG2077552|-30|-23
468|0|6|1300|18|CG2077573|-29|-31|CG2077574|-37|-47|CG2077575|-37|-47|CG2077576|-37|-52|CG2077577|-38|-47|CG2077578|-38|-47|CG2077579|-38|-47|CG2077580|-38|-52|CG2077581|-38|-47|CG2077582|-38|-47|CG2077583|-38|-47|CG2077584|-37|-52|CG2077585|-37|-47|CG2077586|-37|-47|CG2077587|-37|-47|CG2077588|-30|-39|CG2077589|-29|-25|CG2077590|-30|-23
468|0|7|
468|0|8|1000|6|CG2077591|-26|-27|CG2077592|-19|-40|CG2077593|-20|-34|CG2077594|-22|-26|CG2077595|-26|-24|CG2077596|-30|-23
468|0|9|1000|1|CG2077597|-27|-21
468|0|10|1900|10|CG2077598|-29|-45|CG2077599|-24|-59|CG2077600|-30|-39|CG2077601|-31|-34|CG2077602|-25|-38|CG2077603|-29|-39|CG2077604|-31|-36|CG2077605|-30|-35|CG2077606|-27|-37|CG2077607|-25|-37
468|1|0|1000|10|CG2077636|-30|-23|CG2077637|-30|-23|CG2077638|-30|-23|CG2077639|-31|-23|CG2077640|-31|-23|CG2077641|-31|-23|CG2077642|-30|-23|CG2077643|-30|-23|CG2077644|-30|-23|CG2077645|-30|-23
468|1|1|900|10|CG2077626|-30|-24|CG2077627|-31|-24|CG2077628|-31|-24|CG2077629|-30|-24|CG2077630|-29|-24|CG2077631|-30|-24|CG2077632|-30|-24|CG2077633|-30|-24|CG2077634|-30|-24|CG2077635|-29|-23
468|1|2|400|1|CG2077681|-46|-50
468|1|3|500|8|CG2077681|-46|-50|CG2077682|-49|-50|CG2077683|-46|-52|CG2077684|-34|-53|CG2077685|-46|-52|CG2077686|-49|-50|CG2077687|-46|-50|CG2077688|-34|-50
468|1|4|
468|1|5|1000|10|CG2077616|-29|-23|CG2077617|-27|-24|CG2077618|-29|-27|CG2077619|-27|-31|CG2077620|-27|-30|CG2077621|-29|-29|CG2077622|-29|-27|CG2077623|-30|-25|CG2077624|-30|-24|CG2077625|-30|-23
468|1|6|1300|18|CG2077646|-30|-27|CG2077647|-46|-40|CG2077648|-44|-40|CG2077649|-34|-42|CG2077650|-44|-40|CG2077651|-46|-40|CG2077652|-44|-40|CG2077653|-34|-42|CG2077654|-44|-40|CG2077655|-46|-40|CG2077656|-44|-40|CG2077657|-34|-42|CG2077658|-44|-40|CG2077659|-46|-40|CG2077660|-40|-40|CG2077661|-34|-32|CG2077662|-30|-24|CG2077663|-30|-23
468|1|7|
468|1|8|1000|6|CG2077664|-30|-25|CG2077665|-49|-30|CG2077666|-42|-27|CG2077667|-30|-26|CG2077668|-30|-25|CG2077669|-30|-23
468|1|9|1000|1|CG2077670|-21|-21
468|1|10|1900|10|CG2077671|-30|-46|CG2077672|-30|-57|CG2077673|-30|-29|CG2077674|-30|-28|CG2077675|-24|-34|CG2077676|-28|-34|CG2077677|-30|-30|CG2077678|-29|-30|CG2077679|-26|-32|CG2077680|-24|-33
468|2|0|1000|10|CG2077709|-32|-23|CG2077710|-32|-23|CG2077711|-32|-22|CG2077712|-32|-22|CG2077713|-32|-22|CG2077714|-32|-22|CG2077715|-32|-22|CG2077716|-32|-23|CG2077717|-32|-23|CG2077718|-32|-23
468|2|1|900|10|CG2077699|-31|-23|CG2077700|-32|-23|CG2077701|-33|-23|CG2077702|-33|-24|CG2077703|-33|-24|CG2077704|-34|-24|CG2077705|-33|-23|CG2077706|-33|-23|CG2077707|-31|-23|CG2077708|-31|-23
468|2|2|400|1|CG2077754|-39|-57
468|2|3|500|8|CG2077754|-39|-57|CG2077755|-29|-58|CG2077756|-39|-60|CG2077757|-31|-61|CG2077758|-39|-60|CG2077759|-29|-58|CG2077760|-39|-57|CG2077761|-31|-58
468|2|4|
468|2|5|1000|10|CG2077689|-34|-23|CG2077690|-36|-23|CG2077691|-31|-25|CG2077692|-22|-28|CG2077693|-24|-28|CG2077694|-26|-27|CG2077695|-28|-26|CG2077696|-31|-24|CG2077697|-32|-23|CG2077698|-32|-23
468|2|6|1300|18|CG2077719|-34|-31|CG2077720|-39|-47|CG2077721|-37|-47|CG2077722|-29|-52|CG2077723|-37|-47|CG2077724|-39|-47|CG2077725|-36|-47|CG2077726|-29|-53|CG2077727|-36|-47|CG2077728|-39|-47|CG2077729|-36|-47|CG2077730|-29|-52|CG2077731|-37|-47|CG2077732|-39|-47|CG2077733|-39|-47|CG2077734|-33|-39|CG2077735|-32|-25|CG2077736|-32|-23
468|2|7|
468|2|8|1000|6|CG2077737|-40|-27|CG2077738|-54|-40|CG2077739|-54|-34|CG2077740|-45|-26|CG2077741|-36|-24|CG2077742|-32|-23
468|2|9|1000|1|CG2077743|-25|-21
468|2|10|1900|10|CG2077744|-28|-45|CG2077745|-21|-59|CG2077746|-27|-39|CG2077747|-31|-34|CG2077748|-28|-38|CG2077749|-28|-39|CG2077750|-31|-36|CG2077751|-30|-35|CG2077752|-28|-37|CG2077753|-28|-37
468|3|0|1000|10|CG2077782|-26|-22|CG2077783|-26|-22|CG2077784|-26|-22|CG2077785|-26|-22|CG2077786|-26|-22|CG2077787|-26|-22|CG2077788|-26|-22|CG2077789|-26|-22|CG2077790|-26|-22|CG2077791|-26|-22
468|3|1|900|10|CG2077772|-26|-22|CG2077773|-26|-22|CG2077774|-26|-23|CG2077775|-26|-23|CG2077776|-26|-23|CG2077777|-26|-23|CG2077778|-26|-23|CG2077779|-26|-22|CG2077780|-26|-22|CG2077781|-26|-22
468|3|2|400|1|CG2077827|-25|-66
468|3|3|500|8|CG2077827|-25|-66|CG2077828|-25|-62|CG2077829|-25|-68|CG2077830|-25|-70|CG2077831|-25|-68|CG2077832|-25|-62|CG2077833|-25|-66|CG2077834|-25|-67
468|3|4|
468|3|5|1000|10|CG2077762|-30|-23|CG2077763|-34|-25|CG2077764|-23|-23|CG2077765|-15|-22|CG2077766|-15|-22|CG2077767|-17|-22|CG2077768|-19|-22|CG2077769|-22|-22|CG2077770|-25|-22|CG2077771|-26|-22
468|3|6|1300|18|CG2077792|-25|-36|CG2077793|-24|-50|CG2077794|-24|-53|CG2077795|-24|-58|CG2077796|-24|-53|CG2077797|-24|-50|CG2077798|-24|-53|CG2077799|-24|-58|CG2077800|-24|-53|CG2077801|-24|-50|CG2077802|-24|-53|CG2077803|-24|-58|CG2077804|-24|-53|CG2077805|-24|-50|CG2077806|-24|-50|CG2077807|-25|-43|CG2077808|-29|-28|CG2077809|-26|-22
468|3|7|
468|3|8|1000|6|CG2077810|-37|-34|CG2077811|-37|-50|CG2077812|-39|-45|CG2077813|-44|-35|CG2077814|-36|-26|CG2077815|-26|-22
468|3|9|1000|1|CG2077816|-26|-20
468|3|10|1900|10|CG2077817|-24|-38|CG2077818|-21|-62|CG2077819|-29|-47|CG2077820|-32|-33|CG2077821|-32|-38|CG2077822|-32|-39|CG2077823|-32|-35|CG2077824|-32|-35|CG2077825|-32|-36|CG2077826|-32|-36
468|4|0|1000|10|CG2077855|-33|-23|CG2077856|-33|-23|CG2077857|-33|-23|CG2077858|-33|-23|CG2077859|-33|-23|CG2077860|-33|-23|CG2077861|-33|-23|CG2077862|-33|-23|CG2077863|-33|-23|CG2077864|-33|-23
468|4|1|900|10|CG2077845|-34|-24|CG2077846|-34|-24|CG2077847|-33|-24|CG2077848|-31|-24|CG2077849|-31|-24|CG2077850|-31|-24|CG2077851|-32|-24|CG2077852|-33|-24|CG2077853|-33|-24|CG2077854|-33|-23
468|4|2|400|1|CG2077900|-39|-61
468|4|3|500|8|CG2077900|-39|-61|CG2077901|-29|-60|CG2077902|-39|-64|CG2077903|-31|-74|CG2077904|-39|-64|CG2077905|-29|-60|CG2077906|-39|-61|CG2077907|-31|-71
468|4|4|
468|4|5|1000|10|CG2077835|-34|-26|CG2077836|-36|-28|CG2077837|-31|-23|CG2077838|-22|-18|CG2077839|-23|-19|CG2077840|-26|-20|CG2077841|-28|-21|CG2077842|-31|-22|CG2077843|-32|-23|CG2077844|-33|-23
468|4|6|1300|18|CG2077865|-34|-38|CG2077866|-39|-46|CG2077867|-37|-49|CG2077868|-29|-57|CG2077869|-37|-49|CG2077870|-39|-45|CG2077871|-36|-49|CG2077872|-29|-57|CG2077873|-36|-49|CG2077874|-39|-45|CG2077875|-37|-49|CG2077876|-29|-57|CG2077877|-37|-49|CG2077878|-39|-46|CG2077879|-39|-46|CG2077880|-33|-44|CG2077881|-32|-31|CG2077882|-33|-23
468|4|7|
468|4|8|1000|6|CG2077883|-41|-39|CG2077884|-54|-55|CG2077885|-54|-51|CG2077886|-46|-42|CG2077887|-36|-30|CG2077888|-33|-23
468|4|9|1000|1|CG2077889|-26|-21
468|4|10|1900|10|CG2077890|-29|-37|CG2077891|-21|-62|CG2077892|-27|-49|CG2077893|-31|-34|CG2077894|-28|-39|CG2077895|-28|-40|CG2077896|-31|-36|CG2077897|-30|-35|CG2077898|-28|-37|CG2077899|-28|-37
468|5|0|1000|10|CG2077928|-30|-24|CG2077929|-30|-24|CG2077930|-30|-24|CG2077931|-30|-24|CG2077932|-30|-24|CG2077933|-30|-24|CG2077934|-30|-24|CG2077935|-30|-24|CG2077936|-30|-24|CG2077937|-30|-24
468|5|1|900|10|CG2077918|-30|-24|CG2077919|-30|-24|CG2077920|-30|-25|CG2077921|-30|-25|CG2077922|-29|-25|CG2077923|-30|-25|CG2077924|-31|-25|CG2077925|-31|-24|CG2077926|-30|-24|CG2077927|-29|-24
468|5|2|400|1|CG2077973|-46|-50
468|5|3|500|8|CG2077973|-46|-50|CG2077974|-49|-51|CG2077975|-46|-53|CG2077976|-34|-68|CG2077977|-46|-53|CG2077978|-49|-51|CG2077979|-46|-50|CG2077980|-34|-65
468|5|4|
468|5|5|1000|10|CG2077908|-29|-27|CG2077909|-27|-30|CG2077910|-29|-24|CG2077911|-27|-17|CG2077912|-28|-17|CG2077913|-28|-19|CG2077914|-29|-21|CG2077915|-30|-22|CG2077916|-30|-24|CG2077917|-30|-24
468|5|6|1300|18|CG2077938|-30|-35|CG2077939|-46|-35|CG2077940|-44|-35|CG2077941|-34|-50|CG2077942|-44|-35|CG2077943|-46|-34|CG2077944|-44|-35|CG2077945|-34|-50|CG2077946|-44|-34|CG2077947|-46|-34|CG2077948|-44|-35|CG2077949|-34|-50|CG2077950|-44|-35|CG2077951|-46|-35|CG2077952|-40|-35|CG2077953|-34|-37|CG2077954|-30|-31|CG2077955|-30|-24
468|5|7|
468|5|8|1000|6|CG2077956|-30|-38|CG2077957|-48|-50|CG2077958|-41|-48|CG2077959|-30|-42|CG2077960|-30|-31|CG2077961|-30|-24
468|5|9|1000|1|CG2077962|-21|-22
468|5|10|1900|10|CG2077963|-30|-37|CG2077964|-30|-60|CG2077965|-30|-51|CG2077966|-30|-30|CG2077967|-25|-34|CG2077968|-28|-34|CG2077969|-30|-32|CG2077970|-29|-31|CG2077971|-26|-31|CG2077972|-24|-32
468|6|0|1000|10|CG2078001|-30|-23|CG2078002|-30|-23|CG2078003|-30|-23|CG2078004|-30|-23|CG2078005|-30|-23|CG2078006|-30|-23|CG2078007|-30|-23|CG2078008|-30|-23|CG2078009|-30|-23|CG2078010|-30|-23
468|6|1|900|10|CG2077991|-28|-24|CG2077992|-29|-24|CG2077993|-31|-24|CG2077994|-32|-24|CG2077995|-32|-24|CG2077996|-31|-24|CG2077997|-31|-24|CG2077998|-29|-24|CG2077999|-27|-24|CG2078000|-27|-23
468|6|2|400|1|CG2078046|-34|-61
468|6|3|500|8|CG2078046|-34|-61|CG2078047|-48|-60|CG2078048|-33|-64|CG2078049|-33|-74|CG2078050|-33|-64|CG2078051|-48|-60|CG2078052|-34|-61|CG2078053|-34|-71
468|6|4|
468|6|5|1000|10|CG2077981|-26|-26|CG2077982|-21|-28|CG2077983|-29|-23|CG2077984|-36|-18|CG2077985|-35|-19|CG2077986|-34|-20|CG2077987|-32|-21|CG2077988|-31|-22|CG2077989|-30|-23|CG2077990|-30|-23
468|6|6|1300|18|CG2078011|-29|-38|CG2078012|-37|-46|CG2078013|-37|-49|CG2078014|-38|-57|CG2078015|-38|-49|CG2078016|-38|-45|CG2078017|-38|-49|CG2078018|-38|-57|CG2078019|-38|-49|CG2078020|-38|-45|CG2078021|-38|-49|CG2078022|-38|-57|CG2078023|-38|-49|CG2078024|-37|-46|CG2078025|-37|-46|CG2078026|-29|-44|CG2078027|-30|-31|CG2078028|-30|-23
468|6|7|
468|6|8|1000|6|CG2078029|-26|-39|CG2078030|-20|-55|CG2078031|-20|-51|CG2078032|-21|-42|CG2078033|-26|-30|CG2078034|-30|-23
468|6|9|1000|1|CG2078035|-27|-21
468|6|10|1900|10|CG2078036|-29|-37|CG2078037|-24|-62|CG2078038|-30|-49|CG2078039|-31|-34|CG2078040|-25|-39|CG2078041|-29|-40|CG2078042|-31|-35|CG2078043|-30|-35|CG2078044|-27|-37|CG2078045|-25|-37
468|7|0|1000|10|CG2078074|-31|-22|CG2078075|-31|-22|CG2078076|-31|-22|CG2078077|-31|-22|CG2078078|-31|-22|CG2078079|-31|-22|CG2078080|-31|-22|CG2078081|-31|-22|CG2078082|-31|-22|CG2078083|-31|-22
468|7|1|900|10|CG2078064|-31|-22|CG2078065|-31|-22|CG2078066|-31|-23|CG2078067|-31|-23|CG2078068|-31|-23|CG2078069|-31|-23|CG2078070|-31|-23|CG2078071|-31|-22|CG2078072|-31|-22|CG2078073|-31|-22
468|7|2|400|1|CG2078119|-30|-66
468|7|3|500|8|CG2078119|-30|-66|CG2078120|-30|-62|CG2078121|-30|-68|CG2078122|-30|-70|CG2078123|-30|-68|CG2078124|-30|-62|CG2078125|-30|-66|CG2078126|-30|-67
468|7|4|
468|7|5|1000|10|CG2078054|-26|-23|CG2078055|-22|-25|CG2078056|-33|-23|CG2078057|-44|-22|CG2078058|-43|-22|CG2078059|-41|-22|CG2078060|-37|-22|CG2078061|-34|-22|CG2078062|-32|-22|CG2078063|-31|-22
468|7|6|1300|18|CG2078084|-31|-36|CG2078085|-31|-50|CG2078086|-30|-53|CG2078087|-30|-58|CG2078088|-30|-53|CG2078089|-30|-50|CG2078090|-30|-53|CG2078091|-30|-58|CG2078092|-30|-53|CG2078093|-30|-50|CG2078094|-30|-53|CG2078095|-30|-58|CG2078096|-30|-53|CG2078097|-30|-50|CG2078098|-31|-50|CG2078099|-31|-43|CG2078100|-31|-28|CG2078101|-31|-22
468|7|7|
468|7|8|1000|6|CG2078102|-26|-34|CG2078103|-20|-50|CG2078104|-19|-45|CG2078105|-18|-35|CG2078106|-24|-26|CG2078107|-31|-22
468|7|9|1000|1|CG2078108|-31|-20
468|7|10|1900|10|CG2078109|-25|-38|CG2078110|-5|-62|CG2078111|-19|-48|CG2078112|-24|-33|CG2078113|-24|-38|CG2078114|-24|-39|CG2078115|-24|-35|CG2078116|-24|-35|CG2078117|-24|-36|CG2078118|-24|-36
