466|0|0|1000|10|CG2076395|-30|-23|CG2076396|-30|-23|CG2076397|-30|-22|CG2076398|-30|-22|CG2076399|-30|-22|CG2076400|-30|-22|CG2076401|-30|-22|CG2076402|-30|-23|CG2076403|-30|-23|CG2076404|-30|-23
466|0|1|900|10|CG2076385|-32|-23|CG2076386|-31|-23|CG2076387|-29|-23|CG2076388|-27|-24|CG2076389|-27|-24|CG2076390|-28|-24|CG2076391|-29|-23|CG2076392|-31|-23|CG2076393|-32|-23|CG2076394|-32|-23
466|0|2|400|1|CG2076440|-33|-57
466|0|3|500|8|CG2076440|-33|-57|CG2076441|-48|-58|CG2076442|-33|-60|CG2076443|-33|-61|CG2076444|-33|-60|CG2076445|-48|-58|CG2076446|-33|-57|CG2076447|-33|-58
466|0|4|
466|0|5|1000|10|CG2076375|-27|-23|CG2076376|-21|-23|CG2076377|-29|-25|CG2076378|-36|-28|CG2076379|-35|-28|CG2076380|-34|-27|CG2076381|-32|-26|CG2076382|-31|-24|CG2076383|-30|-23|CG2076384|-30|-23
466|0|6|1300|18|CG2076405|-29|-31|CG2076406|-37|-47|CG2076407|-37|-47|CG2076408|-37|-52|CG2076409|-38|-47|CG2076410|-38|-47|CG2076411|-38|-47|CG2076412|-38|-52|CG2076413|-38|-47|CG2076414|-38|-47|CG2076415|-38|-47|CG2076416|-37|-52|CG2076417|-37|-47|CG2076418|-37|-47|CG2076419|-37|-47|CG2076420|-30|-39|CG2076421|-29|-25|CG2076422|-30|-23
466|0|7|
466|0|8|1000|6|CG2076423|-26|-27|CG2076424|-19|-40|CG2076425|-20|-34|CG2076426|-22|-26|CG2076427|-26|-24|CG2076428|-30|-23
466|0|9|1000|1|CG2076429|-27|-21
466|0|10|1900|10|CG2076430|-29|-45|CG2076431|-24|-59|CG2076432|-30|-39|CG2076433|-31|-34|CG2076434|-25|-38|CG2076435|-29|-39|CG2076436|-31|-36|CG2076437|-30|-35|CG2076438|-27|-37|CG2076439|-25|-37
466|1|0|1000|10|CG2076468|-30|-23|CG2076469|-30|-23|CG2076470|-30|-23|CG2076471|-31|-23|CG2076472|-31|-23|CG2076473|-31|-23|CG2076474|-30|-23|CG2076475|-30|-23|CG2076476|-30|-23|CG2076477|-30|-23
466|1|1|900|10|CG2076458|-30|-24|CG2076459|-31|-24|CG2076460|-31|-24|CG2076461|-30|-24|CG2076462|-29|-24|CG2076463|-30|-24|CG2076464|-30|-24|CG2076465|-30|-24|CG2076466|-30|-24|CG2076467|-29|-23
466|1|2|400|1|CG2076513|-46|-50
466|1|3|500|8|CG2076513|-46|-50|CG2076514|-49|-50|CG2076515|-46|-52|CG2076516|-34|-53|CG2076517|-46|-52|CG2076518|-49|-50|CG2076519|-46|-50|CG2076520|-34|-50
466|1|4|
466|1|5|1000|10|CG2076448|-29|-23|CG2076449|-27|-24|CG2076450|-29|-27|CG2076451|-27|-31|CG2076452|-27|-30|CG2076453|-29|-29|CG2076454|-29|-27|CG2076455|-30|-25|CG2076456|-30|-24|CG2076457|-30|-23
466|1|6|1300|18|CG2076478|-30|-27|CG2076479|-46|-40|CG2076480|-44|-40|CG2076481|-34|-42|CG2076482|-44|-40|CG2076483|-46|-40|CG2076484|-44|-40|CG2076485|-34|-42|CG2076486|-44|-40|CG2076487|-46|-40|CG2076488|-44|-40|CG2076489|-34|-42|CG2076490|-44|-40|CG2076491|-46|-40|CG2076492|-40|-40|CG2076493|-34|-32|CG2076494|-30|-24|CG2076495|-30|-23
466|1|7|
466|1|8|1000|6|CG2076496|-30|-25|CG2076497|-49|-30|CG2076498|-42|-27|CG2076499|-30|-26|CG2076500|-30|-25|CG2076501|-30|-23
466|1|9|1000|1|CG2076502|-21|-21
466|1|10|1900|10|CG2076503|-30|-46|CG2076504|-30|-57|CG2076505|-30|-29|CG2076506|-30|-28|CG2076507|-24|-34|CG2076508|-28|-34|CG2076509|-30|-30|CG2076510|-29|-30|CG2076511|-26|-32|CG2076512|-24|-33
466|2|0|1000|10|CG2076541|-32|-23|CG2076542|-32|-23|CG2076543|-32|-22|CG2076544|-32|-22|CG2076545|-32|-22|CG2076546|-32|-22|CG2076547|-32|-22|CG2076548|-32|-23|CG2076549|-32|-23|CG2076550|-32|-23
466|2|1|900|10|CG2076531|-31|-23|CG2076532|-32|-23|CG2076533|-33|-23|CG2076534|-33|-24|CG2076535|-33|-24|CG2076536|-34|-24|CG2076537|-33|-23|CG2076538|-33|-23|CG2076539|-31|-23|CG2076540|-31|-23
466|2|2|400|1|CG2076586|-39|-57
466|2|3|500|8|CG2076586|-39|-57|CG2076587|-29|-58|CG2076588|-39|-60|CG2076589|-31|-61|CG2076590|-39|-60|CG2076591|-29|-58|CG2076592|-39|-57|CG2076593|-31|-58
466|2|4|
466|2|5|1000|10|CG2076521|-34|-23|CG2076522|-36|-23|CG2076523|-31|-25|CG2076524|-22|-28|CG2076525|-24|-28|CG2076526|-26|-27|CG2076527|-28|-26|CG2076528|-31|-24|CG2076529|-32|-23|CG2076530|-32|-23
466|2|6|1300|18|CG2076551|-34|-31|CG2076552|-39|-47|CG2076553|-37|-47|CG2076554|-29|-52|CG2076555|-37|-47|CG2076556|-39|-47|CG2076557|-36|-47|CG2076558|-29|-53|CG2076559|-36|-47|CG2076560|-39|-47|CG2076561|-36|-47|CG2076562|-29|-52|CG2076563|-37|-47|CG2076564|-39|-47|CG2076565|-39|-47|CG2076566|-33|-39|CG2076567|-32|-25|CG2076568|-32|-23
466|2|7|
466|2|8|1000|6|CG2076569|-40|-27|CG2076570|-54|-40|CG2076571|-54|-34|CG2076572|-45|-26|CG2076573|-36|-24|CG2076574|-32|-23
466|2|9|1000|1|CG2076575|-25|-21
466|2|10|1900|10|CG2076576|-28|-45|CG2076577|-21|-59|CG2076578|-27|-39|CG2076579|-31|-34|CG2076580|-28|-38|CG2076581|-28|-39|CG2076582|-31|-36|CG2076583|-30|-35|CG2076584|-28|-37|CG2076585|-28|-37
466|3|0|1000|10|CG2076614|-26|-22|CG2076615|-26|-22|CG2076616|-26|-22|CG2076617|-26|-22|CG2076618|-26|-22|CG2076619|-26|-22|CG2076620|-26|-22|CG2076621|-26|-22|CG2076622|-26|-22|CG2076623|-26|-22
466|3|1|900|10|CG2076604|-26|-22|CG2076605|-26|-22|CG2076606|-26|-23|CG2076607|-26|-23|CG2076608|-26|-23|CG2076609|-26|-23|CG2076610|-26|-23|CG2076611|-26|-22|CG2076612|-26|-22|CG2076613|-26|-22
466|3|2|400|1|CG2076659|-25|-66
466|3|3|500|8|CG2076659|-25|-66|CG2076660|-25|-62|CG2076661|-25|-68|CG2076662|-25|-70|CG2076663|-25|-68|CG2076664|-25|-62|CG2076665|-25|-66|CG2076666|-25|-67
466|3|4|
466|3|5|1000|10|CG2076594|-30|-23|CG2076595|-34|-25|CG2076596|-23|-23|CG2076597|-15|-22|CG2076598|-15|-22|CG2076599|-17|-22|CG2076600|-19|-22|CG2076601|-22|-22|CG2076602|-25|-22|CG2076603|-26|-22
466|3|6|1300|18|CG2076624|-25|-36|CG2076625|-24|-50|CG2076626|-24|-53|CG2076627|-24|-58|CG2076628|-24|-53|CG2076629|-24|-50|CG2076630|-24|-53|CG2076631|-24|-58|CG2076632|-24|-53|CG2076633|-24|-50|CG2076634|-24|-53|CG2076635|-24|-58|CG2076636|-24|-53|CG2076637|-24|-50|CG2076638|-24|-50|CG2076639|-25|-43|CG2076640|-29|-28|CG2076641|-26|-22
466|3|7|
466|3|8|1000|6|CG2076642|-37|-34|CG2076643|-37|-50|CG2076644|-39|-45|CG2076645|-44|-35|CG2076646|-36|-26|CG2076647|-26|-22
466|3|9|1000|1|CG2076648|-26|-20
466|3|10|1900|10|CG2076649|-24|-38|CG2076650|-21|-62|CG2076651|-29|-47|CG2076652|-32|-33|CG2076653|-32|-38|CG2076654|-32|-39|CG2076655|-32|-35|CG2076656|-32|-35|CG2076657|-32|-36|CG2076658|-32|-36
466|4|0|1000|10|CG2076687|-33|-23|CG2076688|-33|-23|CG2076689|-33|-23|CG2076690|-33|-23|CG2076691|-33|-23|CG2076692|-33|-23|CG2076693|-33|-23|CG2076694|-33|-23|CG2076695|-33|-23|CG2076696|-33|-23
466|4|1|900|10|CG2076677|-34|-24|CG2076678|-34|-24|CG2076679|-33|-24|CG2076680|-31|-24|CG2076681|-31|-24|CG2076682|-31|-24|CG2076683|-32|-24|CG2076684|-33|-24|CG2076685|-33|-24|CG2076686|-33|-23
466|4|2|400|1|CG2076732|-39|-61
466|4|3|500|8|CG2076732|-39|-61|CG2076733|-29|-60|CG2076734|-39|-64|CG2076735|-31|-74|CG2076736|-39|-64|CG2076737|-29|-60|CG2076738|-39|-61|CG2076739|-31|-71
466|4|4|
466|4|5|1000|10|CG2076667|-34|-26|CG2076668|-36|-28|CG2076669|-31|-23|CG2076670|-22|-18|CG2076671|-23|-19|CG2076672|-26|-20|CG2076673|-28|-21|CG2076674|-31|-22|CG2076675|-32|-23|CG2076676|-33|-23
466|4|6|1300|18|CG2076697|-34|-38|CG2076698|-39|-46|CG2076699|-37|-49|CG2076700|-29|-57|CG2076701|-37|-49|CG2076702|-39|-45|CG2076703|-36|-49|CG2076704|-29|-57|CG2076705|-36|-49|CG2076706|-39|-45|CG2076707|-37|-49|CG2076708|-29|-57|CG2076709|-37|-49|CG2076710|-39|-46|CG2076711|-39|-46|CG2076712|-33|-44|CG2076713|-32|-31|CG2076714|-33|-23
466|4|7|
466|4|8|1000|6|CG2076715|-41|-39|CG2076716|-54|-55|CG2076717|-54|-51|CG2076718|-46|-42|CG2076719|-36|-30|CG2076720|-33|-23
466|4|9|1000|1|CG2076721|-26|-21
466|4|10|1900|10|CG2076722|-29|-37|CG2076723|-21|-62|CG2076724|-27|-49|CG2076725|-31|-34|CG2076726|-28|-39|CG2076727|-28|-40|CG2076728|-31|-36|CG2076729|-30|-35|CG2076730|-28|-37|CG2076731|-28|-37
466|5|0|1000|10|CG2076760|-30|-24|CG2076761|-30|-24|CG2076762|-30|-24|CG2076763|-30|-24|CG2076764|-30|-24|CG2076765|-30|-24|CG2076766|-30|-24|CG2076767|-30|-24|CG2076768|-30|-24|CG2076769|-30|-24
466|5|1|900|10|CG2076750|-30|-24|CG2076751|-30|-24|CG2076752|-30|-25|CG2076753|-30|-25|CG2076754|-29|-25|CG2076755|-30|-25|CG2076756|-31|-25|CG2076757|-31|-24|CG2076758|-30|-24|CG2076759|-29|-24
466|5|2|400|1|CG2076805|-46|-50
466|5|3|500|8|CG2076805|-46|-50|CG2076806|-49|-51|CG2076807|-46|-53|CG2076808|-34|-68|CG2076809|-46|-53|CG2076810|-49|-51|CG2076811|-46|-50|CG2076812|-34|-65
466|5|4|
466|5|5|1000|10|CG2076740|-29|-27|CG2076741|-27|-30|CG2076742|-29|-24|CG2076743|-27|-17|CG2076744|-28|-17|CG2076745|-28|-19|CG2076746|-29|-21|CG2076747|-30|-22|CG2076748|-30|-24|CG2076749|-30|-24
466|5|6|1300|18|CG2076770|-30|-35|CG2076771|-46|-35|CG2076772|-44|-35|CG2076773|-34|-50|CG2076774|-44|-35|CG2076775|-46|-34|CG2076776|-44|-35|CG2076777|-34|-50|CG2076778|-44|-34|CG2076779|-46|-34|CG2076780|-44|-35|CG2076781|-34|-50|CG2076782|-44|-35|CG2076783|-46|-35|CG2076784|-40|-35|CG2076785|-34|-37|CG2076786|-30|-31|CG2076787|-30|-24
466|5|7|
466|5|8|1000|6|CG2076788|-30|-38|CG2076789|-48|-50|CG2076790|-41|-48|CG2076791|-30|-42|CG2076792|-30|-31|CG2076793|-30|-24
466|5|9|1000|1|CG2076794|-21|-22
466|5|10|1900|10|CG2076795|-30|-37|CG2076796|-30|-60|CG2076797|-30|-51|CG2076798|-30|-30|CG2076799|-25|-34|CG2076800|-28|-34|CG2076801|-30|-32|CG2076802|-29|-31|CG2076803|-26|-31|CG2076804|-24|-32
466|6|0|1000|10|CG2076833|-30|-23|CG2076834|-30|-23|CG2076835|-30|-23|CG2076836|-30|-23|CG2076837|-30|-23|CG2076838|-30|-23|CG2076839|-30|-23|CG2076840|-30|-23|CG2076841|-30|-23|CG2076842|-30|-23
466|6|1|900|10|CG2076823|-28|-24|CG2076824|-29|-24|CG2076825|-31|-24|CG2076826|-32|-24|CG2076827|-32|-24|CG2076828|-31|-24|CG2076829|-31|-24|CG2076830|-29|-24|CG2076831|-27|-24|CG2076832|-27|-23
466|6|2|400|1|CG2076878|-34|-61
466|6|3|500|8|CG2076878|-34|-61|CG2076879|-48|-60|CG2076880|-33|-64|CG2076881|-33|-74|CG2076882|-33|-64|CG2076883|-48|-60|CG2076884|-34|-61|CG2076885|-34|-71
466|6|4|
466|6|5|1000|10|CG2076813|-26|-26|CG2076814|-21|-28|CG2076815|-29|-23|CG2076816|-36|-18|CG2076817|-35|-19|CG2076818|-34|-20|CG2076819|-32|-21|CG2076820|-31|-22|CG2076821|-30|-23|CG2076822|-30|-23
466|6|6|1300|18|CG2076843|-29|-38|CG2076844|-37|-46|CG2076845|-37|-49|CG2076846|-38|-57|CG2076847|-38|-49|CG2076848|-38|-45|CG2076849|-38|-49|CG2076850|-38|-57|CG2076851|-38|-49|CG2076852|-38|-45|CG2076853|-38|-49|CG2076854|-38|-57|CG2076855|-38|-49|CG2076856|-37|-46|CG2076857|-37|-46|CG2076858|-29|-44|CG2076859|-30|-31|CG2076860|-30|-23
466|6|7|
466|6|8|1000|6|CG2076861|-26|-39|CG2076862|-20|-55|CG2076863|-20|-51|CG2076864|-21|-42|CG2076865|-26|-30|CG2076866|-30|-23
466|6|9|1000|1|CG2076867|-27|-21
466|6|10|1900|10|CG2076868|-29|-37|CG2076869|-24|-62|CG2076870|-30|-49|CG2076871|-31|-34|CG2076872|-25|-39|CG2076873|-29|-40|CG2076874|-31|-35|CG2076875|-30|-35|CG2076876|-27|-37|CG2076877|-25|-37
466|7|0|1000|10|CG2076906|-31|-22|CG2076907|-31|-22|CG2076908|-31|-22|CG2076909|-31|-22|CG2076910|-31|-22|CG2076911|-31|-22|CG2076912|-31|-22|CG2076913|-31|-22|CG2076914|-31|-22|CG2076915|-31|-22
466|7|1|900|10|CG2076896|-31|-22|CG2076897|-31|-22|CG2076898|-31|-23|CG2076899|-31|-23|CG2076900|-31|-23|CG2076901|-31|-23|CG2076902|-31|-23|CG2076903|-31|-22|CG2076904|-31|-22|CG2076905|-31|-22
466|7|2|400|1|CG2076951|-30|-66
466|7|3|500|8|CG2076951|-30|-66|CG2076952|-30|-62|CG2076953|-30|-68|CG2076954|-30|-70|CG2076955|-30|-68|CG2076956|-30|-62|CG2076957|-30|-66|CG2076958|-30|-67
466|7|4|
466|7|5|1000|10|CG2076886|-26|-23|CG2076887|-22|-25|CG2076888|-33|-23|CG2076889|-44|-22|CG2076890|-43|-22|CG2076891|-41|-22|CG2076892|-37|-22|CG2076893|-34|-22|CG2076894|-32|-22|CG2076895|-31|-22
466|7|6|1300|18|CG2076916|-31|-36|CG2076917|-31|-50|CG2076918|-30|-53|CG2076919|-30|-58|CG2076920|-30|-53|CG2076921|-30|-50|CG2076922|-30|-53|CG2076923|-30|-58|CG2076924|-30|-53|CG2076925|-30|-50|CG2076926|-30|-53|CG2076927|-30|-58|CG2076928|-30|-53|CG2076929|-30|-50|CG2076930|-31|-50|CG2076931|-31|-43|CG2076932|-31|-28|CG2076933|-31|-22
466|7|7|
466|7|8|1000|6|CG2076934|-26|-34|CG2076935|-20|-50|CG2076936|-19|-45|CG2076937|-18|-35|CG2076938|-24|-26|CG2076939|-31|-22
466|7|9|1000|1|CG2076940|-31|-20
466|7|10|1900|10|CG2076941|-25|-38|CG2076942|-5|-62|CG2076943|-19|-48|CG2076944|-24|-33|CG2076945|-24|-38|CG2076946|-24|-39|CG2076947|-24|-35|CG2076948|-24|-35|CG2076949|-24|-36|CG2076950|-24|-36
