507|0|0|1000|6|CG2095599|-23|-104|CG2095600|-22|-103|CG2095601|-22|-102|CG2095602|-22|-103|CG2095603|-22|-103|CG2095604|-23|-104
507|0|1|900|8|CG2095591|-23|-104|CG2095592|-23|-103|CG2095593|-23|-103|CG2095594|-23|-102|CG2095595|-23|-103|CG2095596|-23|-103|CG2095597|-23|-104|CG2095598|-23|-104
507|0|2|400|8|CG2095638|-28|-108|CG2095639|-28|-107|CG2095640|-28|-107|CG2095641|-28|-107|CG2095642|-28|-107|CG2095643|-28|-107|CG2095644|-28|-108|CG2095645|-28|-108
507|0|3|500|8|CG2095638|-28|-108|CG2095639|-28|-107|CG2095640|-28|-107|CG2095641|-28|-107|CG2095642|-28|-107|CG2095643|-28|-107|CG2095644|-28|-108|CG2095645|-28|-108
507|0|4|
507|0|5|1000|8|CG2095583|-24|-101|CG2095584|-17|-95|CG2095585|-47|-116|CG2095586|-42|-115|CG2095587|-37|-112|CG2095588|-33|-110|CG2095589|-30|-109|CG2095590|-27|-107
507|0|6|1300|14|CG2095605|-30|-106|CG2095606|-29|-107|CG2095607|-24|-106|CG2095608|-36|-111|CG2095609|-37|-111|CG2095610|-37|-110|CG2095611|-36|-110|CG2095612|-35|-109|CG2095613|-34|-109|CG2095614|-34|-109|CG2095615|-33|-110|CG2095616|-34|-109|CG2095617|-33|-108|CG2095618|-27|-107
507|0|7|
507|0|8|1000|6|CG2095619|-20|-97|CG2095620|-22|-98|CG2095621|-23|-98|CG2095622|-25|-102|CG2095623|-25|-105|CG2095624|-28|-107
507|0|9|1000|1|CG2095625|-19|-106
507|0|10|1900|12|CG2095626|-21|-104|CG2095627|-18|-102|CG2095628|-17|-100|CG2095629|-16|-99|CG2095630|-23|-91|CG2095631|-24|-72|CG2095632|-24|-49|CG2095633|-24|-32|CG2095634|-21|-38|CG2095635|-23|-35|CG2095636|-24|-32|CG2095637|-28|-31
507|1|0|1000|6|CG2095662|-22|-104|CG2095663|-22|-103|CG2095664|-22|-102|CG2095665|-22|-102|CG2095666|-22|-103|CG2095667|-22|-104
507|1|1|900|8|CG2095654|-22|-104|CG2095655|-22|-103|CG2095656|-22|-103|CG2095657|-22|-102|CG2095658|-22|-103|CG2095659|-22|-103|CG2095660|-22|-104|CG2095661|-22|-104
507|1|2|400|8|CG2095701|-22|-109|CG2095702|-22|-109|CG2095703|-22|-108|CG2095704|-22|-108|CG2095705|-22|-108|CG2095706|-22|-109|CG2095707|-22|-109|CG2095708|-22|-109
507|1|3|500|8|CG2095701|-22|-109|CG2095702|-22|-109|CG2095703|-22|-108|CG2095704|-22|-108|CG2095705|-22|-108|CG2095706|-22|-109|CG2095707|-22|-109|CG2095708|-22|-109
507|1|4|
507|1|5|1000|8|CG2095646|-26|-102|CG2095647|-29|-96|CG2095648|-23|-124|CG2095649|-24|-121|CG2095650|-29|-117|CG2095651|-30|-113|CG2095652|-29|-111|CG2095653|-27|-109
507|1|6|1300|14|CG2095668|-21|-107|CG2095669|-19|-108|CG2095670|-16|-106|CG2095671|-22|-115|CG2095672|-22|-114|CG2095673|-22|-114|CG2095674|-22|-113|CG2095675|-22|-112|CG2095676|-21|-112|CG2095677|-21|-112|CG2095678|-20|-112|CG2095679|-23|-111|CG2095680|-25|-110|CG2095681|-27|-109
507|1|7|
507|1|8|1000|6|CG2095682|-29|-96|CG2095683|-28|-98|CG2095684|-28|-99|CG2095685|-27|-102|CG2095686|-27|-106|CG2095687|-27|-109
507|1|9|1000|1|CG2095688|-22|-106
507|1|10|1900|12|CG2095689|-23|-105|CG2095690|-23|-103|CG2095691|-23|-101|CG2095692|-23|-100|CG2095693|-23|-90|CG2095694|-23|-67|CG2095695|-23|-44|CG2095696|-23|-33|CG2095697|-22|-39|CG2095698|-23|-36|CG2095699|-23|-33|CG2095700|-24|-30
507|2|0|1000|6|CG2095725|-23|-104|CG2095726|-24|-103|CG2095727|-24|-102|CG2095728|-24|-103|CG2095729|-24|-103|CG2095730|-23|-104
507|2|1|900|8|CG2095717|-23|-104|CG2095718|-23|-103|CG2095719|-23|-103|CG2095720|-23|-102|CG2095721|-23|-103|CG2095722|-23|-103|CG2095723|-23|-104|CG2095724|-23|-104
507|2|2|400|8|CG2095764|-18|-108|CG2095765|-18|-107|CG2095766|-18|-107|CG2095767|-18|-107|CG2095768|-18|-107|CG2095769|-18|-107|CG2095770|-18|-108|CG2095771|-18|-108
507|2|3|500|8|CG2095764|-18|-108|CG2095765|-18|-107|CG2095766|-18|-107|CG2095767|-18|-107|CG2095768|-18|-107|CG2095769|-18|-107|CG2095770|-18|-108|CG2095771|-18|-108
507|2|4|
507|2|5|1000|8|CG2095709|-30|-104|CG2095710|-40|-100|CG2095711|-5|-119|CG2095712|-11|-116|CG2095713|-14|-114|CG2095714|-15|-111|CG2095715|-16|-109|CG2095716|-19|-108
507|2|6|1300|14|CG2095731|-20|-106|CG2095732|-13|-105|CG2095733|-9|-101|CG2095734|-8|-111|CG2095735|-8|-111|CG2095736|-7|-110|CG2095737|-8|-110|CG2095738|-9|-109|CG2095739|-10|-109|CG2095740|-10|-109|CG2095741|-11|-109|CG2095742|-14|-109|CG2095743|-17|-109|CG2095744|-19|-108
507|2|7|
507|2|8|1000|6|CG2095745|-41|-99|CG2095746|-36|-100|CG2095747|-32|-100|CG2095748|-26|-104|CG2095749|-22|-106|CG2095750|-19|-108
507|2|9|1000|1|CG2095751|-27|-107
507|2|10|1900|12|CG2095752|-23|-105|CG2095753|-25|-104|CG2095754|-26|-102|CG2095755|-26|-101|CG2095756|-37|-93|CG2095757|-51|-71|CG2095758|-58|-49|CG2095759|-63|-32|CG2095760|-57|-38|CG2095761|-59|-35|CG2095762|-62|-32|CG2095763|-63|-30
507|3|0|1000|6|CG2095788|-24|-104|CG2095789|-24|-103|CG2095790|-24|-103|CG2095791|-24|-103|CG2095792|-24|-104|CG2095793|-24|-105
507|3|1|900|8|CG2095780|-23|-104|CG2095781|-23|-103|CG2095782|-23|-103|CG2095783|-23|-102|CG2095784|-23|-103|CG2095785|-23|-103|CG2095786|-23|-104|CG2095787|-24|-104
507|3|2|400|8|CG2095827|-18|-105|CG2095828|-18|-105|CG2095829|-18|-104|CG2095830|-18|-104|CG2095831|-18|-104|CG2095832|-18|-105|CG2095833|-18|-105|CG2095834|-18|-105
507|3|3|500|8|CG2095827|-18|-105|CG2095828|-18|-105|CG2095829|-18|-104|CG2095830|-18|-104|CG2095831|-18|-104|CG2095832|-18|-105|CG2095833|-18|-105|CG2095834|-18|-105
507|3|4|
507|3|5|1000|8|CG2095772|-30|-107|CG2095773|-41|-108|CG2095774|0|-106|CG2095775|-2|-106|CG2095776|-4|-106|CG2095777|-6|-106|CG2095778|-11|-106|CG2095779|-16|-106
507|3|6|1300|14|CG2095794|-18|-105|CG2095795|-10|-102|CG2095796|-7|-99|CG2095797|-13|-105|CG2095798|-13|-104|CG2095799|-12|-104|CG2095800|-13|-103|CG2095801|-14|-103|CG2095802|-12|-103|CG2095803|-10|-103|CG2095804|-7|-103|CG2095805|-10|-105|CG2095806|-13|-106|CG2095807|-16|-106
507|3|7|
507|3|8|1000|6|CG2095808|-42|-103|CG2095809|-38|-104|CG2095810|-33|-105|CG2095811|-27|-106|CG2095812|-21|-105|CG2095813|-15|-106
507|3|9|1000|1|CG2095814|-27|-108
507|3|10|1900|12|CG2095815|-20|-106|CG2095816|-21|-107|CG2095817|-22|-106|CG2095818|-21|-106|CG2095819|-38|-100|CG2095820|-62|-87|CG2095821|-73|-64|CG2095822|-78|-38|CG2095823|-75|-43|CG2095824|-75|-41|CG2095825|-76|-38|CG2095826|-80|-36
507|4|0|1000|6|CG2095851|-23|-106|CG2095852|-24|-106|CG2095853|-24|-105|CG2095854|-24|-106|CG2095855|-24|-106|CG2095856|-23|-107
507|4|1|900|8|CG2095843|-23|-106|CG2095844|-23|-105|CG2095845|-23|-105|CG2095846|-23|-104|CG2095847|-23|-105|CG2095848|-23|-105|CG2095849|-23|-106|CG2095850|-23|-107
507|4|2|400|8|CG2095890|-17|-106|CG2095891|-17|-106|CG2095892|-17|-105|CG2095893|-17|-105|CG2095894|-17|-105|CG2095895|-17|-106|CG2095896|-17|-106|CG2095897|-17|-106
507|4|3|500|8|CG2095890|-17|-106|CG2095891|-17|-106|CG2095892|-17|-105|CG2095893|-17|-105|CG2095894|-17|-105|CG2095895|-17|-106|CG2095896|-17|-106|CG2095897|-17|-106
507|4|4|
507|4|5|1000|8|CG2095835|-28|-110|CG2095836|-30|-114|CG2095837|-3|-98|CG2095838|-5|-100|CG2095839|-5|-102|CG2095840|-11|-105|CG2095841|-14|-106|CG2095842|-20|-107
507|4|6|1300|14|CG2095857|-20|-108|CG2095858|-16|-103|CG2095859|-17|-99|CG2095860|-23|-101|CG2095861|-22|-101|CG2095862|-22|-100|CG2095863|-23|-100|CG2095864|-24|-100|CG2095865|-25|-101|CG2095866|-24|-101|CG2095867|-22|-102|CG2095868|-22|-105|CG2095869|-21|-106|CG2095870|-20|-108
507|4|7|
507|4|8|1000|6|CG2095871|-33|-111|CG2095872|-31|-110|CG2095873|-28|-108|CG2095874|-24|-108|CG2095875|-22|-108|CG2095876|-20|-107
507|4|9|1000|1|CG2095877|-25|-114
507|4|10|1900|12|CG2095878|-21|-111|CG2095879|-21|-112|CG2095880|-22|-113|CG2095881|-22|-112|CG2095882|-33|-112|CG2095883|-49|-102|CG2095884|-59|-81|CG2095885|-63|-56|CG2095886|-60|-62|CG2095887|-62|-58|CG2095888|-63|-55|CG2095889|-62|-59
507|5|0|1000|6|CG2095914|-22|-108|CG2095915|-22|-108|CG2095916|-22|-108|CG2095917|-22|-108|CG2095918|-22|-108|CG2095919|-22|-109
507|5|1|900|8|CG2095906|-22|-108|CG2095907|-22|-108|CG2095908|-22|-107|CG2095909|-22|-107|CG2095910|-22|-107|CG2095911|-22|-108|CG2095912|-22|-108|CG2095913|-22|-109
507|5|2|400|8|CG2095953|-22|-107|CG2095954|-22|-107|CG2095955|-22|-106|CG2095956|-22|-106|CG2095957|-22|-106|CG2095958|-22|-107|CG2095959|-22|-107|CG2095960|-22|-108
507|5|3|500|8|CG2095953|-22|-107|CG2095954|-22|-107|CG2095955|-22|-106|CG2095956|-22|-106|CG2095957|-22|-106|CG2095958|-22|-107|CG2095959|-22|-107|CG2095960|-22|-108
507|5|4|
507|5|5|1000|8|CG2095898|-20|-112|CG2095899|-15|-114|CG2095900|-20|-95|CG2095901|-20|-98|CG2095902|-21|-102|CG2095903|-25|-105|CG2095904|-27|-107|CG2095905|-27|-109
507|5|6|1300|14|CG2095920|-23|-110|CG2095921|-30|-105|CG2095922|-31|-102|CG2095923|-22|-100|CG2095924|-22|-100|CG2095925|-22|-99|CG2095926|-22|-99|CG2095927|-22|-99|CG2095928|-27|-101|CG2095929|-30|-102|CG2095930|-32|-103|CG2095931|-29|-105|CG2095932|-27|-107|CG2095933|-27|-109
507|5|7|
507|5|8|1000|6|CG2095934|-25|-113|CG2095935|-25|-112|CG2095936|-26|-109|CG2095937|-27|-109|CG2095938|-27|-109|CG2095939|-27|-108
507|5|9|1000|1|CG2095940|-22|-117
507|5|10|1900|12|CG2095941|-21|-113|CG2095942|-20|-115|CG2095943|-21|-115|CG2095944|-21|-115|CG2095945|-21|-118|CG2095946|-21|-107|CG2095947|-21|-90|CG2095948|-21|-66|CG2095949|-22|-69|CG2095950|-21|-64|CG2095951|-21|-65|CG2095952|-18|-67
507|6|0|1000|6|CG2095977|-23|-106|CG2095978|-22|-106|CG2095979|-22|-105|CG2095980|-22|-105|CG2095981|-22|-106|CG2095982|-23|-107
507|6|1|900|8|CG2095969|-23|-106|CG2095970|-23|-105|CG2095971|-23|-105|CG2095972|-23|-104|CG2095973|-23|-105|CG2095974|-23|-105|CG2095975|-23|-106|CG2095976|-23|-107
507|6|2|400|8|CG2096016|-28|-106|CG2096017|-28|-105|CG2096018|-28|-105|CG2096019|-28|-105|CG2096020|-28|-105|CG2096021|-28|-105|CG2096022|-28|-106|CG2096023|-28|-106
507|6|3|500|8|CG2096016|-28|-106|CG2096017|-28|-105|CG2096018|-28|-105|CG2096019|-28|-105|CG2096020|-28|-105|CG2096021|-28|-105|CG2096022|-28|-106|CG2096023|-28|-106
507|6|4|
507|6|5|1000|8|CG2095961|-16|-108|CG2095962|-13|-108|CG2095963|-46|-98|CG2095964|-41|-100|CG2095965|-38|-102|CG2095966|-34|-105|CG2095967|-29|-106|CG2095968|-26|-107
507|6|6|1300|14|CG2095983|-28|-108|CG2095984|-31|-105|CG2095985|-35|-104|CG2095986|-36|-101|CG2095987|-36|-100|CG2095988|-37|-100|CG2095989|-36|-100|CG2095990|-35|-100|CG2095991|-34|-101|CG2095992|-34|-102|CG2095993|-34|-103|CG2095994|-31|-105|CG2095995|-28|-106|CG2095996|-26|-107
507|6|7|
507|6|8|1000|6|CG2095997|-12|-107|CG2095998|-14|-108|CG2095999|-18|-107|CG2096000|-21|-105|CG2096001|-23|-106|CG2096002|-26|-107
507|6|9|1000|1|CG2096003|-19|-114
507|6|10|1900|12|CG2096004|-23|-111|CG2096005|-18|-112|CG2096006|-17|-112|CG2096007|-16|-112|CG2096008|-22|-112|CG2096009|-24|-100|CG2096010|-24|-80|CG2096011|-25|-55|CG2096012|-22|-62|CG2096013|-24|-58|CG2096014|-25|-54|CG2096015|-29|-55
507|7|0|1000|6|CG2096040|-24|-104|CG2096041|-23|-103|CG2096042|-23|-103|CG2096043|-23|-103|CG2096044|-23|-103|CG2096045|-24|-105
507|7|1|900|8|CG2096032|-24|-104|CG2096033|-24|-103|CG2096034|-24|-103|CG2096035|-24|-102|CG2096036|-24|-103|CG2096037|-24|-103|CG2096038|-24|-104|CG2096039|-24|-104
507|7|2|400|8|CG2096079|-31|-105|CG2096080|-31|-105|CG2096081|-31|-104|CG2096082|-31|-104|CG2096083|-31|-104|CG2096084|-31|-105|CG2096085|-31|-105|CG2096086|-31|-105
507|7|3|500|8|CG2096079|-31|-105|CG2096080|-31|-105|CG2096081|-31|-104|CG2096082|-31|-104|CG2096083|-31|-104|CG2096084|-31|-105|CG2096085|-31|-105|CG2096086|-31|-105
507|7|4|
507|7|5|1000|8|CG2096024|-21|-103|CG2096025|-16|-100|CG2096026|-55|-108|CG2096027|-49|-107|CG2096028|-43|-107|CG2096029|-37|-106|CG2096030|-33|-106|CG2096031|-29|-105
507|7|6|1300|14|CG2096046|-26|-106|CG2096047|-38|-106|CG2096048|-33|-106|CG2096049|-48|-104|CG2096050|-48|-104|CG2096051|-49|-103|CG2096052|-48|-103|CG2096053|-46|-102|CG2096054|-44|-103|CG2096055|-40|-104|CG2096056|-38|-105|CG2096057|-35|-106|CG2096058|-32|-106|CG2096059|-29|-106
507|7|7|
507|7|8|1000|6|CG2096060|-11|-98|CG2096061|-11|-100|CG2096062|-15|-102|CG2096063|-21|-104|CG2096064|-26|-104|CG2096065|-29|-105
507|7|9|1000|1|CG2096066|-18|-108
507|7|10|1900|12|CG2096067|-21|-107|CG2096068|-16|-108|CG2096069|-17|-107|CG2096070|-19|-107|CG2096071|-26|-102|CG2096072|-27|-85|CG2096073|-26|-64|CG2096074|-26|-38|CG2096075|-25|-43|CG2096076|-26|-41|CG2096077|-26|-38|CG2096078|-27|-39
