401|0|0|4182|24|CG1167707|-19|-101|CG1167708|-21|-102|CG1167707|-19|-101|CG1167708|-21|-102|CG1167707|-19|-101|CG1167708|-21|-102|CG1167709|-19|-102|CG1167706|-21|-102|CG1167709|-19|-102|CG1167706|-21|-102|CG1167709|-19|-102|CG1167706|-21|-102|CG1167709|-19|-102|CG1167706|-21|-102|CG1167709|-19|-102|CG1167706|-21|-102|CG1167707|-19|-101|CG1167708|-21|-102|CG1167709|-19|-102|CG1167706|-21|-102|CG1167709|-19|-102|CG1167706|-21|-102|CG1167709|-19|-102|CG1167706|-21|-102
401|0|1|697|6|CG1167712|-31|-79|CG1167713|-34|-80|CG1167714|-38|-81|CG1167715|-41|-79|CG1167716|-37|-80|CG1167717|-31|-82
401|0|2|600|5|CG1325357|-54|-113|CG1325358|-66|-144|CG1325359|-95|-176|CG1325360|-103|-137|CG1325361|-78|-106
401|0|3|425|6|CG1167678|-48|-80|CG1167679|-52|-80|CG1167680|-57|-82|CG1167681|-56|-81|CG1167682|-52|-80|CG1167683|-50|-82
401|0|4|
401|0|5|1394|16|CG1167670|-30|-72|CG1167670|-30|-72|CG1167668|-24|-83|CG1167673|-21|-69|CG1167674|-19|-58|CG1167674|-19|-58|CG1167674|-19|-58|CG1167674|-19|-58|CG1167675|-73|-75|CG1167675|-73|-75|CG1167676|-76|-76|CG1167676|-76|-76|CG1167676|-76|-76|CG1167677|-31|-76|CG1167669|-23|-78|CG1167669|-23|-78
401|0|6|1190|17|CG1167697|-27|-79|CG1167697|-27|-79|CG1167698|-23|-73|CG1167698|-23|-73|CG1167698|-23|-73|CG1167699|-15|-81|CG1167699|-15|-81|CG1167699|-15|-81|CG1167699|-15|-81|CG1167699|-15|-81|CG1167700|-30|-101|CG1167700|-30|-101|CG1167700|-30|-101|CG1167701|-30|-101|CG1167701|-30|-101|CG1167702|-30|-101|CG1167702|-30|-101
401|0|7|697|7|CG1166412|-26|-69|CG1166413|-21|-70|CG1166414|-19|-75|CG1166414|-19|-75|CG1166415|-27|-69|CG1166416|-42|-68|CG1166417|-38|-68
401|0|8|1000|2|CG1167692|-66|-70|CG1167693|-21|-91
401|0|9|1000|1|CG1167694|-22|-72
401|0|10|1088|13|CG1167686|-15|-98|CG1167686|-15|-98|CG1167687|-21|-92|CG1167687|-21|-92|CG1167687|-21|-92|CG1167688|-26|-83|CG1167688|-26|-83|CG1167689|-41|-87|CG1167689|-41|-87|CG1167690|-47|-65|CG1167690|-47|-65|CG1167691|-52|-64|CG1167691|-52|-64
401|1|0|4182|24|CG1167759|-26|-97|CG1167760|-26|-97|CG1167759|-26|-97|CG1167760|-26|-97|CG1167759|-26|-97|CG1167760|-26|-97|CG1167761|-26|-98|CG1167758|-26|-98|CG1167761|-26|-98|CG1167758|-26|-98|CG1167761|-26|-98|CG1167758|-26|-98|CG1167761|-26|-98|CG1167758|-26|-98|CG1167761|-26|-98|CG1167758|-26|-98|CG1167759|-26|-97|CG1167760|-26|-97|CG1167761|-26|-98|CG1167758|-26|-98|CG1167761|-26|-98|CG1167758|-26|-98|CG1167761|-26|-98|CG1167758|-26|-98
401|1|1|697|6|CG1167764|-21|-79|CG1167765|-25|-79|CG1167766|-24|-81|CG1167767|-22|-79|CG1167768|-24|-80|CG1167769|-25|-81
401|1|2|600|5|CG1325413|-100|-113|CG1325414|-102|-107|CG1325415|-90|-159|CG1325416|-142|-98|CG1325417|-131|-103
401|1|3|425|6|CG1167730|-18|-86|CG1167731|-18|-84|CG1167732|-18|-87|CG1167733|-18|-85|CG1167734|-18|-84|CG1167735|-18|-87
401|1|4|
401|1|5|1394|16|CG1167722|-28|-71|CG1167722|-28|-71|CG1167720|-23|-74|CG1167725|-16|-65|CG1167726|-41|-52|CG1167726|-41|-52|CG1167726|-41|-52|CG1167726|-41|-52|CG1167727|-31|-78|CG1167727|-31|-78|CG1167728|-31|-81|CG1167728|-31|-81|CG1167728|-31|-81|CG1167729|-33|-73|CG1167721|-18|-69|CG1167721|-18|-69
401|1|6|1190|17|CG1167749|-17|-71|CG1167749|-17|-71|CG1167750|-18|-70|CG1167750|-18|-70|CG1167750|-18|-70|CG1167751|-24|-66|CG1167751|-24|-66|CG1167751|-24|-66|CG1167751|-24|-66|CG1167751|-24|-66|CG1167752|-38|-98|CG1167752|-38|-98|CG1167752|-38|-98|CG1167753|-37|-98|CG1167753|-37|-98|CG1167754|-38|-98|CG1167754|-38|-98
401|1|7|697|7|CG1166477|-16|-69|CG1166478|-11|-65|CG1166479|-13|-74|CG1166479|-13|-74|CG1166480|-15|-69|CG1166481|-26|-69|CG1166482|-27|-69
401|1|8|1000|2|CG1167744|-22|-78|CG1167745|-22|-85
401|1|9|1000|1|CG1167746|-28|-71
401|1|10|1088|13|CG1167738|-29|-94|CG1167738|-29|-94|CG1167739|-28|-81|CG1167739|-28|-81|CG1167739|-28|-81|CG1167740|-22|-76|CG1167740|-22|-76|CG1167741|-27|-86|CG1167741|-27|-86|CG1167742|-26|-63|CG1167742|-26|-63|CG1167743|-29|-59|CG1167743|-29|-59
401|2|0|4182|24|CG1167811|-21|-88|CG1167812|-21|-88|CG1167811|-21|-88|CG1167812|-21|-88|CG1167811|-21|-88|CG1167812|-21|-88|CG1167813|-21|-88|CG1167810|-22|-88|CG1167813|-21|-88|CG1167810|-22|-88|CG1167813|-21|-88|CG1167810|-22|-88|CG1167813|-21|-88|CG1167810|-22|-88|CG1167813|-21|-88|CG1167810|-22|-88|CG1167811|-21|-88|CG1167812|-21|-88|CG1167813|-21|-88|CG1167810|-22|-88|CG1167813|-21|-88|CG1167810|-22|-88|CG1167813|-21|-88|CG1167810|-22|-88
401|2|1|697|6|CG1167816|-25|-78|CG1167817|-23|-79|CG1167818|-22|-82|CG1167819|-24|-80|CG1167820|-21|-80|CG1167821|-24|-81
401|2|2|600|5|CG1325469|-119|-113|CG1325470|-90|-142|CG1325471|-82|-174|CG1325472|-99|-116|CG1325473|-109|-103
401|2|3|425|6|CG1167782|-13|-85|CG1167783|-15|-84|CG1167784|-23|-86|CG1167785|-20|-85|CG1167786|-10|-84|CG1167787|-16|-86
401|2|4|
401|2|5|1394|16|CG1167774|-24|-73|CG1167774|-24|-73|CG1167772|-16|-76|CG1167777|-19|-65|CG1167778|-72|-53|CG1167778|-72|-53|CG1167778|-72|-53|CG1167778|-72|-53|CG1167779|-23|-80|CG1167779|-23|-80|CG1167780|-21|-81|CG1167780|-21|-81|CG1167780|-21|-81|CG1167781|-25|-73|CG1167773|-50|-63|CG1167773|-50|-63
401|2|6|1190|17|CG1167801|-20|-71|CG1167801|-20|-71|CG1167802|-20|-73|CG1167802|-20|-73|CG1167802|-20|-73|CG1167803|-51|-71|CG1167803|-51|-71|CG1167803|-51|-71|CG1167803|-51|-71|CG1167803|-51|-71|CG1167804|-32|-90|CG1167804|-32|-90|CG1167804|-32|-90|CG1167805|-32|-89|CG1167805|-32|-89|CG1167806|-32|-90|CG1167806|-32|-90
401|2|7|697|7|CG1166542|-16|-68|CG1166543|-18|-65|CG1166544|-19|-73|CG1166544|-19|-73|CG1166545|-14|-69|CG1166546|-14|-68|CG1166547|-15|-68
401|2|8|1000|2|CG1167796|-13|-75|CG1167797|-38|-74
401|2|9|1000|1|CG1167798|-34|-72
401|2|10|1088|13|CG1167790|-29|-90|CG1167790|-29|-90|CG1167791|-39|-80|CG1167791|-39|-80|CG1167791|-39|-80|CG1167792|-22|-74|CG1167792|-22|-74|CG1167793|-21|-82|CG1167793|-21|-82|CG1167794|-30|-56|CG1167794|-30|-56|CG1167795|-31|-47|CG1167795|-31|-47
401|3|0|4182|24|CG1167863|-16|-79|CG1167864|-16|-79|CG1167863|-16|-79|CG1167864|-16|-79|CG1167863|-16|-79|CG1167864|-16|-79|CG1167865|-16|-80|CG1167862|-16|-80|CG1167865|-16|-80|CG1167862|-16|-80|CG1167865|-16|-80|CG1167862|-16|-80|CG1167865|-16|-80|CG1167862|-16|-80|CG1167865|-16|-80|CG1167862|-16|-80|CG1167863|-16|-79|CG1167864|-16|-79|CG1167865|-16|-80|CG1167862|-16|-80|CG1167865|-16|-80|CG1167862|-16|-80|CG1167865|-16|-80|CG1167862|-16|-80
401|3|1|697|6|CG1167868|-53|-77|CG1167869|-50|-79|CG1167870|-45|-82|CG1167871|-43|-79|CG1167872|-45|-80|CG1167873|-51|-81
401|3|2|600|5|CG1325525|-125|-117|CG1325526|-119|-165|CG1325527|-116|-175|CG1325528|-58|-136|CG1325529|-81|-129
401|3|3|425|6|CG1167834|-19|-78|CG1167835|-18|-78|CG1167836|-23|-80|CG1167837|-18|-79|CG1167838|-18|-77|CG1167839|-23|-80
401|3|4|
401|3|5|1394|16|CG1167826|-17|-78|CG1167826|-17|-78|CG1167824|-18|-81|CG1167829|-56|-70|CG1167830|-62|-66|CG1167830|-62|-66|CG1167830|-62|-66|CG1167830|-62|-66|CG1167831|-8|-76|CG1167831|-8|-76|CG1167832|-7|-76|CG1167832|-7|-76|CG1167832|-7|-76|CG1167833|-29|-76|CG1167825|-64|-70|CG1167825|-64|-70
401|3|6|1190|17|CG1167853|-22|-76|CG1167853|-22|-76|CG1167854|-32|-79|CG1167854|-32|-79|CG1167854|-32|-79|CG1167855|-74|-93|CG1167855|-74|-93|CG1167855|-74|-93|CG1167855|-74|-93|CG1167855|-74|-93|CG1167856|-17|-79|CG1167856|-17|-79|CG1167856|-17|-79|CG1167857|-17|-77|CG1167857|-17|-77|CG1167858|-17|-79|CG1167858|-17|-79
401|3|7|697|7|CG1166607|-19|-74|CG1166608|-26|-70|CG1166609|-24|-72|CG1166609|-24|-72|CG1166610|-19|-72|CG1166611|-19|-72|CG1166612|-19|-73
401|3|8|1000|2|CG1167848|-13|-62|CG1167849|-46|-64
401|3|9|1000|1|CG1167850|-23|-74
401|3|10|1088|13|CG1167842|-33|-84|CG1167842|-33|-84|CG1167843|-51|-84|CG1167843|-51|-84|CG1167843|-51|-84|CG1167844|-17|-77|CG1167844|-17|-77|CG1167845|-25|-76|CG1167845|-25|-76|CG1167846|-21|-36|CG1167846|-21|-36|CG1167847|-27|-26|CG1167847|-27|-26
401|4|0|4182|24|CG1167915|-24|-84|CG1167916|-24|-84|CG1167915|-24|-84|CG1167916|-24|-84|CG1167915|-24|-84|CG1167916|-24|-84|CG1167917|-23|-84|CG1167914|-23|-84|CG1167917|-23|-84|CG1167914|-23|-84|CG1167917|-23|-84|CG1167914|-23|-84|CG1167917|-23|-84|CG1167914|-23|-84|CG1167917|-23|-84|CG1167914|-23|-84|CG1167915|-24|-84|CG1167916|-24|-84|CG1167917|-23|-84|CG1167914|-23|-84|CG1167917|-23|-84|CG1167914|-23|-84|CG1167917|-23|-84|CG1167914|-23|-84
401|4|1|697|6|CG1167920|-50|-76|CG1167921|-49|-79|CG1167922|-45|-82|CG1167923|-42|-77|CG1167924|-43|-79|CG1167925|-48|-81
401|4|2|600|5|CG1325581|-118|-123|CG1325582|-92|-162|CG1325583|-82|-152|CG1325584|-98|-119|CG1325585|-112|-122
401|4|3|425|6|CG1167886|-21|-69|CG1167887|-22|-69|CG1167888|-22|-71|CG1167889|-23|-69|CG1167890|-24|-68|CG1167891|-24|-71
401|4|4|
401|4|5|1394|16|CG1167878|-58|-81|CG1167878|-58|-81|CG1167876|-60|-84|CG1167881|-61|-79|CG1167882|-66|-80|CG1167882|-66|-80|CG1167882|-66|-80|CG1167882|-66|-80|CG1167883|-9|-70|CG1167883|-9|-70|CG1167884|-6|-68|CG1167884|-6|-68|CG1167884|-6|-68|CG1167885|-27|-80|CG1167877|-43|-77|CG1167877|-43|-77
401|4|6|1190|17|CG1167905|-34|-83|CG1167905|-34|-83|CG1167906|-33|-86|CG1167906|-33|-86|CG1167906|-33|-86|CG1167907|-72|-117|CG1167907|-72|-117|CG1167907|-72|-117|CG1167907|-72|-117|CG1167907|-72|-117|CG1167908|-20|-71|CG1167908|-20|-71|CG1167908|-20|-71|CG1167909|-20|-69|CG1167909|-20|-69|CG1167910|-20|-71|CG1167910|-20|-71
401|4|7|697|7|CG1166672|-21|-78|CG1166673|-28|-76|CG1166674|-25|-72|CG1166674|-25|-72|CG1166675|-21|-74|CG1166676|-21|-74|CG1166677|-21|-76
401|4|8|1000|2|CG1167900|-31|-50|CG1167901|-52|-79
401|4|9|1000|1|CG1167902|-64|-76
401|4|10|1088|13|CG1167894|-27|-81|CG1167894|-27|-81|CG1167895|-39|-91|CG1167895|-39|-91|CG1167895|-39|-91|CG1167896|-33|-81|CG1167896|-33|-81|CG1167897|-26|-73|CG1167897|-26|-73|CG1167898|-23|-33|CG1167898|-23|-33|CG1167899|-26|-28|CG1167899|-26|-28
401|5|0|4182|24|CG1167967|-37|-86|CG1167968|-37|-86|CG1167967|-37|-86|CG1167968|-37|-86|CG1167967|-37|-86|CG1167968|-37|-86|CG1167969|-37|-86|CG1167966|-37|-86|CG1167969|-37|-86|CG1167966|-37|-86|CG1167969|-37|-86|CG1167966|-37|-86|CG1167969|-37|-86|CG1167966|-37|-86|CG1167969|-37|-86|CG1167966|-37|-86|CG1167967|-37|-86|CG1167968|-37|-86|CG1167969|-37|-86|CG1167966|-37|-86|CG1167969|-37|-86|CG1167966|-37|-86|CG1167969|-37|-86|CG1167966|-37|-86
401|5|1|697|6|CG1167972|-23|-76|CG1167973|-22|-78|CG1167974|-21|-81|CG1167975|-19|-76|CG1167976|-22|-78|CG1167977|-25|-81
401|5|2|600|5|CG1325637|-87|-102|CG1325638|-101|-134|CG1325639|-81|-118|CG1325640|-146|-102|CG1325641|-132|-115
401|5|3|425|6|CG1167938|-29|-62|CG1167939|-24|-62|CG1167940|-19|-65|CG1167941|-20|-63|CG1167942|-24|-62|CG1167943|-27|-64
401|5|4|
401|5|5|1394|16|CG1167930|-75|-80|CG1167930|-75|-80|CG1167928|-76|-83|CG1167933|-34|-86|CG1167934|-58|-84|CG1167934|-58|-84|CG1167934|-58|-84|CG1167934|-58|-84|CG1167935|-14|-64|CG1167935|-14|-64|CG1167936|-14|-61|CG1167936|-14|-61|CG1167936|-14|-61|CG1167937|-59|-82|CG1167929|-59|-81|CG1167929|-59|-81
401|5|6|1190|17|CG1167957|-29|-88|CG1167957|-29|-88|CG1167958|-25|-88|CG1167958|-25|-88|CG1167958|-25|-88|CG1167959|-32|-128|CG1167959|-32|-128|CG1167959|-32|-128|CG1167959|-32|-128|CG1167959|-32|-128|CG1167960|-35|-72|CG1167960|-35|-72|CG1167960|-35|-72|CG1167961|-38|-70|CG1167961|-38|-70|CG1167962|-35|-72|CG1167962|-35|-72
401|5|7|697|7|CG1166737|-20|-78|CG1166738|-27|-80|CG1166739|-28|-74|CG1166739|-28|-74|CG1166740|-23|-74|CG1166741|-20|-74|CG1166742|-20|-76
401|5|8|1000|2|CG1167952|-33|-44|CG1167953|-31|-85
401|5|9|1000|1|CG1167954|-69|-76
401|5|10|1088|13|CG1167946|-24|-85|CG1167946|-24|-85|CG1167947|-31|-96|CG1167947|-31|-96|CG1167947|-31|-96|CG1167948|-30|-86|CG1167948|-30|-86|CG1167949|-28|-74|CG1167949|-28|-74|CG1167950|-55|-32|CG1167950|-55|-32|CG1167951|-61|-25|CG1167951|-61|-25
401|6|0|4182|24|CG1168019|-32|-97|CG1168020|-32|-97|CG1168019|-32|-97|CG1168020|-32|-97|CG1168019|-32|-97|CG1168020|-32|-97|CG1168021|-32|-97|CG1168018|-32|-96|CG1168021|-32|-97|CG1168018|-32|-96|CG1168021|-32|-97|CG1168018|-32|-96|CG1168021|-32|-97|CG1168018|-32|-96|CG1168021|-32|-97|CG1168018|-32|-96|CG1168019|-32|-97|CG1168020|-32|-97|CG1168021|-32|-97|CG1168018|-32|-96|CG1168021|-32|-97|CG1168018|-32|-96|CG1168021|-32|-97|CG1168018|-32|-96
401|6|1|697|6|CG1168024|-51|-76|CG1168025|-53|-78|CG1168026|-55|-80|CG1168027|-56|-75|CG1168028|-57|-77|CG1168029|-55|-81
401|6|2|600|5|CG1325693|-56|-115|CG1325694|-66|-158|CG1325695|-93|-143|CG1325696|-109|-126|CG1325697|-81|-115
401|6|3|425|6|CG1167990|-81|-65|CG1167991|-79|-64|CG1167992|-76|-66|CG1167993|-76|-65|CG1167994|-79|-64|CG1167995|-80|-66
401|6|4|
401|6|5|1394|16|CG1167982|-55|-76|CG1167982|-55|-76|CG1167980|-61|-79|CG1167985|-48|-89|CG1167986|-24|-78|CG1167986|-24|-78|CG1167986|-24|-78|CG1167986|-24|-78|CG1167987|-81|-63|CG1167987|-81|-63|CG1167988|-85|-61|CG1167988|-85|-61|CG1167988|-85|-61|CG1167989|-76|-82|CG1167981|-54|-80|CG1167981|-54|-80
401|6|6|1190|17|CG1168009|-24|-90|CG1168009|-24|-90|CG1168010|-45|-89|CG1168010|-45|-89|CG1168010|-45|-89|CG1168011|-15|-125|CG1168011|-15|-125|CG1168011|-15|-125|CG1168011|-15|-125|CG1168011|-15|-125|CG1168012|-45|-82|CG1168012|-45|-82|CG1168012|-45|-82|CG1168013|-48|-81|CG1168013|-48|-81|CG1168014|-45|-82|CG1168014|-45|-82
401|6|7|697|7|CG1166802|-22|-75|CG1166803|-22|-80|CG1166804|-23|-75|CG1166804|-23|-75|CG1166805|-36|-72|CG1166806|-22|-72|CG1166807|-22|-73
401|6|8|1000|2|CG1168004|-53|-46|CG1168005|-37|-79
401|6|9|1000|1|CG1168006|-42|-75
401|6|10|1088|13|CG1167998|-23|-91|CG1167998|-23|-91|CG1167999|-19|-101|CG1167999|-19|-101|CG1167999|-19|-101|CG1168000|-35|-92|CG1168000|-35|-92|CG1168001|-51|-84|CG1168001|-51|-84|CG1168002|-105|-35|CG1168002|-105|-35|CG1168003|-106|-26|CG1168003|-106|-26
401|7|0|4182|24|CG1168071|-19|-103|CG1168072|-20|-103|CG1168071|-19|-103|CG1168072|-20|-103|CG1168071|-19|-103|CG1168072|-20|-103|CG1168073|-20|-103|CG1168070|-20|-103|CG1168073|-20|-103|CG1168070|-20|-103|CG1168073|-20|-103|CG1168070|-20|-103|CG1168073|-20|-103|CG1168070|-20|-103|CG1168073|-20|-103|CG1168070|-20|-103|CG1168071|-19|-103|CG1168072|-20|-103|CG1168073|-20|-103|CG1168070|-20|-103|CG1168073|-20|-103|CG1168070|-20|-103|CG1168073|-20|-103|CG1168070|-20|-103
401|7|1|697|6|CG1168076|-49|-78|CG1168077|-52|-80|CG1168078|-56|-81|CG1168079|-59|-77|CG1168080|-56|-79|CG1168081|-51|-81
401|7|2|600|5|CG1325749|-65|-111|CG1325750|-73|-164|CG1325751|-68|-170|CG1325752|-60|-150|CG1325753|-60|-127
401|7|3|425|6|CG1168042|-83|-73|CG1168043|-84|-72|CG1168044|-85|-74|CG1168045|-85|-73|CG1168046|-83|-72|CG1168047|-84|-74
401|7|4|
401|7|5|1394|16|CG1168034|-17|-71|CG1168034|-17|-71|CG1168032|-17|-88|CG1168037|-42|-78|CG1168038|-17|-69|CG1168038|-17|-69|CG1168038|-17|-69|CG1168038|-17|-69|CG1168039|-100|-69|CG1168039|-100|-69|CG1168040|-104|-68|CG1168040|-104|-68|CG1168040|-104|-68|CG1168041|-56|-80|CG1168033|-29|-75|CG1168033|-29|-75
401|7|6|1190|17|CG1168061|-34|-89|CG1168061|-34|-89|CG1168062|-41|-81|CG1168062|-41|-81|CG1168062|-41|-81|CG1168063|-14|-108|CG1168063|-14|-108|CG1168063|-14|-108|CG1168063|-14|-108|CG1168063|-14|-108|CG1168064|-40|-96|CG1168064|-40|-96|CG1168064|-40|-96|CG1168065|-40|-96|CG1168065|-40|-96|CG1168066|-40|-96|CG1168066|-40|-96
401|7|7|697|7|CG1166867|-30|-72|CG1166868|-27|-75|CG1166869|-26|-74|CG1166869|-26|-74|CG1166870|-41|-70|CG1166871|-39|-69|CG1166872|-32|-70
401|7|8|1000|2|CG1168056|-82|-58|CG1168057|-32|-89
401|7|9|1000|1|CG1168058|-22|-75
401|7|10|1088|13|CG1168050|-21|-97|CG1168050|-21|-97|CG1168051|-13|-101|CG1168051|-13|-101|CG1168051|-13|-101|CG1168052|-35|-91|CG1168052|-35|-91|CG1168053|-56|-89|CG1168053|-56|-89|CG1168054|-93|-41|CG1168054|-93|-41|CG1168055|-87|-42|CG1168055|-87|-42
