359|0|0|986|6|CG1150923|-37|-67|CG1150924|-34|-67|CG1150925|-29|-67|CG1150926|-26|-67|CG1150925|-29|-67|CG1150924|-34|-67
359|0|1|1000|6|CG1150931|-34|-67|CG1150932|-39|-68|CG1150933|-45|-67|CG1150934|-47|-67|CG1150935|-46|-68|CG1150936|-39|-67
359|0|2|600|5|CG1325357|-54|-113|CG1325358|-66|-144|CG1325359|-95|-176|CG1325360|-103|-137|CG1325361|-78|-106
359|0|3|510|6|CG1150892|-30|-69|CG1150893|-37|-67|CG1150894|-45|-67|CG1150895|-49|-69|CG1150896|-40|-67|CG1150897|-34|-66
359|0|4|
359|0|5|799|10|CG1150884|-19|-61|CG1150885|-19|-66|CG1150886|-26|-71|CG1150887|-48|-70|CG1150888|-79|-61|CG1150889|-79|-61|CG1150889|-79|-61|CG1150890|-31|-73|CG1150891|-18|-67|CG1150884|-19|-61
359|0|6|2193|22|CG1150913|-39|-67|CG1150913|-39|-67|CG1150914|-21|-87|CG1150914|-21|-87|CG1150915|-21|-67|CG1150915|-21|-67|CG1150913|-39|-67|CG1150913|-39|-67|CG1150914|-21|-87|CG1150914|-21|-87|CG1150915|-21|-67|CG1150915|-21|-67|CG1150913|-39|-67|CG1150913|-39|-67|CG1150914|-21|-87|CG1150914|-21|-87|CG1150915|-21|-67|CG1150916|-64|-68|CG1150917|-51|-56|CG1150918|-50|-55|CG1150919|-62|-62|CG1150913|-39|-67
359|0|7|1000|8|CG1149503|-15|-67|CG1149504|-20|-66|CG1149505|-23|-65|CG1149506|-15|-64|CG1149507|-16|-63|CG1149508|-29|-65|CG1149509|-28|-67|CG1149504|-20|-66
359|0|8|1000|2|CG1150908|-34|-57|CG1150909|-32|-47
359|0|9|1000|1|CG1150910|-37|-78
359|0|10|986|8|CG1150900|-41|-70|CG1150901|-71|-56|CG1150902|-78|-55|CG1150903|-63|-66|CG1150904|-13|-39|CG1150905|-10|-32|CG1150906|-10|-19|CG1150907|-14|-12
359|1|0|986|6|CG1150978|-18|-68|CG1150979|-18|-68|CG1150980|-17|-68|CG1150981|-17|-68|CG1150980|-17|-68|CG1150979|-18|-68
359|1|1|1000|6|CG1150986|-15|-68|CG1150987|-16|-69|CG1150988|-17|-68|CG1150989|-18|-68|CG1150990|-19|-69|CG1150991|-18|-68
359|1|2|600|5|CG1325413|-100|-113|CG1325414|-102|-107|CG1325415|-90|-159|CG1325416|-142|-98|CG1325417|-131|-103
359|1|3|510|6|CG1150947|-12|-71|CG1150948|-16|-69|CG1150949|-17|-73|CG1150950|-12|-71|CG1150951|-17|-69|CG1150952|-15|-67
359|1|4|
359|1|5|799|10|CG1150939|-23|-60|CG1150940|-23|-66|CG1150941|-21|-71|CG1150942|-19|-73|CG1150943|-13|-71|CG1150944|-13|-71|CG1150944|-13|-71|CG1150945|-15|-74|CG1150946|-23|-66|CG1150939|-23|-60
359|1|6|2193|22|CG1150968|-18|-68|CG1150968|-18|-68|CG1150969|-30|-75|CG1150969|-30|-75|CG1150970|-25|-68|CG1150970|-25|-68|CG1150968|-18|-68|CG1150968|-18|-68|CG1150969|-30|-75|CG1150969|-30|-75|CG1150970|-25|-68|CG1150970|-25|-68|CG1150968|-18|-68|CG1150968|-18|-68|CG1150969|-30|-75|CG1150969|-30|-75|CG1150970|-25|-68|CG1150971|-46|-69|CG1150972|-64|-59|CG1150973|-64|-59|CG1150974|-59|-65|CG1150968|-18|-68
359|1|7|1000|8|CG1149572|-18|-68|CG1149573|-15|-68|CG1149574|-12|-66|CG1149575|-12|-65|CG1149576|-11|-63|CG1149577|-13|-69|CG1149578|-21|-70|CG1149573|-15|-68
359|1|8|1000|2|CG1150963|-30|-62|CG1150964|-36|-47
359|1|9|1000|1|CG1150965|-19|-88
359|1|10|986|8|CG1150955|-13|-75|CG1150956|-24|-63|CG1150957|-40|-68|CG1150958|-53|-89|CG1150959|-60|-40|CG1150960|-41|-30|CG1150961|-37|-13|CG1150962|-43|-9
359|2|0|986|6|CG1151033|-15|-67|CG1151034|-14|-67|CG1151035|-12|-67|CG1151036|-11|-67|CG1151035|-12|-67|CG1151034|-14|-67
359|2|1|1000|6|CG1151041|-22|-67|CG1151042|-19|-68|CG1151043|-16|-68|CG1151044|-19|-67|CG1151045|-18|-68|CG1151046|-12|-68
359|2|2|600|5|CG1325469|-119|-113|CG1325470|-90|-142|CG1325471|-82|-174|CG1325472|-99|-116|CG1325473|-109|-103
359|2|3|510|6|CG1151002|-27|-70|CG1151003|-19|-68|CG1151004|-22|-66|CG1151005|-21|-70|CG1151006|-21|-67|CG1151007|-14|-66
359|2|4|
359|2|5|799|10|CG1150994|-25|-54|CG1150995|-18|-60|CG1150996|-20|-66|CG1150997|-9|-69|CG1150998|-10|-63|CG1150999|-10|-63|CG1150999|-10|-63|CG1151000|-18|-69|CG1151001|-20|-61|CG1150994|-25|-54
359|2|6|2193|22|CG1151023|-15|-67|CG1151023|-15|-67|CG1151024|-23|-69|CG1151024|-23|-69|CG1151025|-20|-67|CG1151025|-20|-67|CG1151023|-15|-67|CG1151023|-15|-67|CG1151024|-23|-69|CG1151024|-23|-69|CG1151025|-20|-67|CG1151025|-20|-67|CG1151023|-15|-67|CG1151023|-15|-67|CG1151024|-23|-69|CG1151024|-23|-69|CG1151025|-20|-67|CG1151026|-11|-68|CG1151027|-41|-55|CG1151028|-41|-55|CG1151029|-24|-62|CG1151023|-15|-67
359|2|7|1000|8|CG1149641|-15|-67|CG1149642|-11|-67|CG1149643|-11|-65|CG1149644|-18|-63|CG1149645|-24|-63|CG1149646|-8|-66|CG1149647|-11|-67|CG1149642|-11|-67
359|2|8|1000|2|CG1151018|-26|-67|CG1151019|-48|-52
359|2|9|1000|1|CG1151020|-13|-87
359|2|10|986|8|CG1151010|-16|-66|CG1151011|-20|-63|CG1151012|-21|-72|CG1151013|-23|-102|CG1151014|-97|-62|CG1151015|-109|-27|CG1151016|-97|-16|CG1151017|-97|-11
359|3|0|986|6|CG1151088|-19|-67|CG1151089|-20|-67|CG1151090|-22|-67|CG1151091|-23|-66|CG1151090|-22|-67|CG1151089|-20|-67
359|3|1|1000|6|CG1151096|-26|-66|CG1151097|-23|-67|CG1151098|-19|-66|CG1151099|-25|-66|CG1151100|-20|-67|CG1151101|-24|-67
359|3|2|600|5|CG1325525|-125|-117|CG1325526|-119|-165|CG1325527|-116|-175|CG1325528|-58|-136|CG1325529|-81|-129
359|3|3|510|6|CG1151057|-30|-66|CG1151058|-19|-65|CG1151059|-17|-63|CG1151060|-30|-67|CG1151061|-19|-64|CG1151062|-17|-63
359|3|4|
359|3|5|799|10|CG1151049|-31|-50|CG1151050|-52|-54|CG1151051|-10|-57|CG1151052|-4|-58|CG1151053|-6|-51|CG1151054|-6|-51|CG1151054|-6|-51|CG1151055|-12|-59|CG1151056|-56|-55|CG1151049|-31|-50
359|3|6|2193|22|CG1151078|-18|-67|CG1151078|-18|-67|CG1151079|-19|-68|CG1151079|-19|-68|CG1151080|-20|-68|CG1151080|-20|-68|CG1151078|-18|-67|CG1151078|-18|-67|CG1151079|-19|-68|CG1151079|-19|-68|CG1151080|-20|-68|CG1151080|-20|-68|CG1151078|-18|-67|CG1151078|-18|-67|CG1151079|-19|-68|CG1151079|-19|-68|CG1151080|-20|-68|CG1151081|-9|-64|CG1151082|-10|-45|CG1151083|-10|-46|CG1151084|-10|-54|CG1151078|-18|-67
359|3|7|1000|8|CG1149710|-13|-67|CG1149711|-8|-65|CG1149712|-8|-62|CG1149713|-21|-65|CG1149714|-29|-63|CG1149715|-6|-58|CG1149716|-9|-60|CG1149711|-8|-65
359|3|8|1000|2|CG1151073|-16|-68|CG1151074|-41|-66
359|3|9|1000|1|CG1151075|-12|-76
359|3|10|986|8|CG1151065|-15|-62|CG1151066|-20|-58|CG1151067|-21|-58|CG1151068|-21|-99|CG1151069|-76|-95|CG1151070|-106|-57|CG1151071|-126|-34|CG1151072|-126|-32
359|4|0|986|6|CG1151143|-23|-67|CG1151144|-23|-66|CG1151145|-23|-66|CG1151146|-23|-66|CG1151145|-23|-66|CG1151144|-23|-66
359|4|1|1000|6|CG1151151|-27|-65|CG1151152|-28|-67|CG1151153|-26|-66|CG1151154|-24|-65|CG1151155|-24|-67|CG1151156|-26|-66
359|4|2|600|5|CG1325581|-118|-123|CG1325582|-92|-162|CG1325583|-82|-152|CG1325584|-98|-119|CG1325585|-112|-122
359|4|3|510|6|CG1151112|-26|-64|CG1151113|-24|-62|CG1151114|-15|-61|CG1151115|-26|-64|CG1151116|-19|-61|CG1151117|-23|-60
359|4|4|
359|4|5|799|10|CG1151104|-64|-49|CG1151105|-67|-51|CG1151106|-40|-51|CG1151107|-13|-49|CG1151108|-3|-39|CG1151109|-3|-39|CG1151109|-3|-39|CG1151110|-14|-52|CG1151111|-67|-51|CG1151104|-64|-49
359|4|6|2193|22|CG1151133|-23|-67|CG1151133|-23|-67|CG1151134|-24|-68|CG1151134|-24|-68|CG1151135|-25|-68|CG1151135|-25|-68|CG1151133|-23|-67|CG1151133|-23|-67|CG1151134|-24|-68|CG1151134|-24|-68|CG1151135|-25|-68|CG1151135|-25|-68|CG1151133|-23|-67|CG1151133|-23|-67|CG1151134|-24|-68|CG1151134|-24|-68|CG1151135|-25|-68|CG1151136|-23|-60|CG1151137|-12|-36|CG1151138|-11|-36|CG1151139|-15|-45|CG1151133|-23|-67
359|4|7|1000|8|CG1149779|-15|-67|CG1149780|-11|-63|CG1149781|-11|-59|CG1149782|-18|-68|CG1149783|-25|-67|CG1149784|-8|-51|CG1149785|-11|-54|CG1149780|-11|-63
359|4|8|1000|2|CG1151128|-19|-68|CG1151129|-20|-73
359|4|9|1000|1|CG1151130|-14|-61
359|4|10|986|8|CG1151120|-23|-60|CG1151121|-13|-50|CG1151122|-12|-51|CG1151123|-12|-81|CG1151124|-26|-112|CG1151125|-49|-87|CG1151126|-83|-54|CG1151127|-83|-54
359|5|0|986|6|CG1151198|-18|-67|CG1151199|-20|-67|CG1151200|-24|-66|CG1151201|-27|-66|CG1151200|-24|-66|CG1151199|-20|-67
359|5|1|1000|6|CG1151206|-18|-65|CG1151207|-19|-67|CG1151208|-19|-66|CG1151209|-18|-65|CG1151210|-17|-67|CG1151211|-17|-66
359|5|2|600|5|CG1325637|-87|-102|CG1325638|-101|-134|CG1325639|-81|-118|CG1325640|-146|-102|CG1325641|-132|-115
359|5|3|510|6|CG1151167|-21|-63|CG1151168|-22|-61|CG1151169|-20|-60|CG1151170|-17|-63|CG1151171|-22|-61|CG1151172|-25|-59
359|5|4|
359|5|5|799|10|CG1151159|-59|-52|CG1151160|-43|-52|CG1151161|-61|-51|CG1151162|-20|-45|CG1151163|-11|-34|CG1151164|-11|-34|CG1151164|-11|-34|CG1151165|-58|-51|CG1151166|-39|-53|CG1151159|-59|-52
359|5|6|2193|22|CG1151188|-19|-67|CG1151188|-19|-67|CG1151189|-64|-68|CG1151189|-64|-68|CG1151190|-39|-69|CG1151190|-39|-69|CG1151188|-19|-67|CG1151188|-19|-67|CG1151189|-64|-68|CG1151189|-64|-68|CG1151190|-39|-69|CG1151190|-39|-69|CG1151188|-19|-67|CG1151188|-19|-67|CG1151189|-64|-68|CG1151189|-64|-68|CG1151190|-39|-69|CG1151191|-27|-59|CG1151192|-25|-33|CG1151193|-24|-33|CG1151194|-26|-42|CG1151188|-19|-67
359|5|7|1000|8|CG1149848|-18|-67|CG1149849|-15|-63|CG1149850|-12|-59|CG1149851|-12|-69|CG1149852|-13|-69|CG1149853|-13|-48|CG1149854|-22|-52|CG1149849|-15|-63
359|5|8|1000|2|CG1151183|-27|-64|CG1151184|-29|-71
359|5|9|1000|1|CG1151185|-15|-55
359|5|10|986|8|CG1151175|-24|-59|CG1151176|-21|-43|CG1151177|-20|-44|CG1151178|-14|-60|CG1151179|-10|-106|CG1151180|-14|-90|CG1151181|-17|-71|CG1151182|-22|-71
359|6|0|986|6|CG1151253|-60|-67|CG1151254|-61|-67|CG1151255|-63|-66|CG1151256|-64|-66|CG1151255|-63|-66|CG1151254|-61|-67
359|6|1|1000|6|CG1151261|-55|-66|CG1151262|-55|-67|CG1151263|-54|-67|CG1151264|-53|-66|CG1151265|-53|-67|CG1151266|-54|-67
359|6|2|600|5|CG1325693|-56|-115|CG1325694|-66|-158|CG1325695|-93|-143|CG1325696|-109|-126|CG1325697|-81|-115
359|6|3|510|6|CG1151222|-58|-64|CG1151223|-64|-62|CG1151224|-72|-61|CG1151225|-72|-65|CG1151226|-72|-62|CG1151227|-68|-61
359|6|4|
359|6|5|799|10|CG1151214|-26|-57|CG1151215|-30|-58|CG1151216|-47|-58|CG1151217|-75|-51|CG1151218|-96|-38|CG1151219|-96|-38|CG1151219|-96|-38|CG1151220|-65|-57|CG1151221|-30|-59|CG1151214|-26|-57
359|6|6|2193|22|CG1151243|-62|-67|CG1151243|-62|-67|CG1151244|-80|-69|CG1151244|-80|-69|CG1151245|-74|-69|CG1151245|-74|-69|CG1151243|-62|-67|CG1151243|-62|-67|CG1151244|-80|-69|CG1151244|-80|-69|CG1151245|-74|-69|CG1151245|-74|-69|CG1151243|-62|-67|CG1151243|-62|-67|CG1151244|-80|-69|CG1151244|-80|-69|CG1151245|-74|-69|CG1151246|-21|-61|CG1151247|-31|-37|CG1151248|-31|-36|CG1151249|-29|-45|CG1151243|-62|-67
359|6|7|1000|8|CG1149917|-15|-67|CG1149918|-20|-64|CG1149919|-23|-60|CG1149920|-15|-68|CG1149921|-15|-67|CG1149922|-31|-51|CG1149923|-29|-55|CG1149918|-20|-64
359|6|8|1000|2|CG1151238|-72|-60|CG1151239|-73|-60
359|6|9|1000|1|CG1151240|-21|-56
359|6|10|986|8|CG1151230|-70|-61|CG1151231|-41|-42|CG1151232|-26|-42|CG1151233|-25|-55|CG1151234|-19|-79|CG1151235|-14|-66|CG1151236|-8|-56|CG1151237|-12|-56
359|7|0|986|6|CG1151308|-67|-66|CG1151309|-66|-66|CG1151310|-63|-66|CG1151311|-62|-66|CG1151310|-63|-66|CG1151309|-66|-66
359|7|1|1000|6|CG1151316|-62|-66|CG1151317|-65|-67|CG1151318|-70|-66|CG1151319|-71|-66|CG1151320|-70|-67|CG1151321|-65|-66
359|7|2|600|5|CG1325749|-65|-111|CG1325750|-73|-164|CG1325751|-68|-170|CG1325752|-60|-150|CG1325753|-60|-127
359|7|3|510|6|CG1151277|-61|-66|CG1151278|-70|-64|CG1151279|-81|-63|CG1151280|-84|-66|CG1151281|-78|-64|CG1151282|-70|-63
359|7|4|
359|7|5|799|10|CG1151269|-24|-60|CG1151270|-31|-63|CG1151271|-38|-65|CG1151272|-85|-60|CG1151273|-122|-49|CG1151274|-122|-49|CG1151274|-122|-49|CG1151275|-41|-66|CG1151276|-30|-64|CG1151269|-24|-60
359|7|6|2193|22|CG1151298|-70|-67|CG1151298|-70|-67|CG1151299|-51|-79|CG1151299|-51|-79|CG1151300|-64|-67|CG1151300|-64|-67|CG1151298|-70|-67|CG1151298|-70|-67|CG1151299|-51|-79|CG1151299|-51|-79|CG1151300|-64|-67|CG1151300|-64|-67|CG1151298|-70|-67|CG1151298|-70|-67|CG1151299|-51|-79|CG1151299|-51|-79|CG1151300|-64|-67|CG1151301|-44|-64|CG1151302|-39|-46|CG1151303|-39|-45|CG1151304|-37|-54|CG1151298|-70|-67
359|7|7|1000|8|CG1149986|-15|-66|CG1149987|-19|-64|CG1149988|-30|-62|CG1149989|-17|-65|CG1149990|-15|-64|CG1149991|-35|-58|CG1149992|-33|-60|CG1149987|-19|-64
359|7|8|1000|2|CG1151293|-73|-57|CG1151294|-71|-49
359|7|9|1000|1|CG1151295|-40|-63
359|7|10|986|8|CG1151285|-76|-64|CG1151286|-81|-49|CG1151287|-74|-47|CG1151288|-36|-51|CG1151289|-20|-53|CG1151290|-10|-35|CG1151291|-6|-24|CG1151292|-6|-21
