406|0|0|4182|24|CG1169791|-18|-76|CG1169792|-20|-76|CG1169791|-18|-76|CG1169792|-20|-76|CG1169791|-18|-76|CG1169792|-20|-76|CG1169793|-18|-75|CG1169790|-20|-75|CG1169793|-18|-75|CG1169790|-20|-75|CG1169793|-18|-75|CG1169790|-20|-75|CG1169793|-18|-75|CG1169790|-20|-75|CG1169793|-18|-75|CG1169790|-20|-75|CG1169791|-18|-76|CG1169792|-20|-76|CG1169793|-18|-75|CG1169790|-20|-75|CG1169793|-18|-75|CG1169790|-20|-75|CG1169793|-18|-75|CG1169790|-20|-75
406|0|1|697|6|CG1169796|-30|-79|CG1169797|-26|-80|CG1169798|-23|-81|CG1169799|-24|-79|CG1169800|-23|-78|CG1169801|-26|-78
406|0|2|600|5|CG1325357|-54|-113|CG1325358|-66|-144|CG1325359|-95|-176|CG1325360|-103|-137|CG1325361|-78|-106
406|0|3|425|6|CG1169762|-31|-81|CG1169763|-31|-80|CG1169764|-32|-82|CG1169765|-33|-80|CG1169766|-32|-80|CG1169767|-31|-82
406|0|4|
406|0|5|425|15|CG1169757|-83|-83|CG1169758|-85|-82|CG1169759|-83|-85|CG1169760|-84|-83|CG1169761|-85|-89|CG1169757|-83|-83|CG1169758|-85|-82|CG1169759|-83|-85|CG1169760|-84|-83|CG1169761|-85|-89|CG1169757|-83|-83|CG1169758|-85|-82|CG1169759|-83|-85|CG1169760|-84|-83|CG1169761|-85|-89
406|0|6|1190|16|CG1169781|-18|-72|CG1169781|-18|-72|CG1169782|-23|-67|CG1169782|-23|-67|CG1169782|-23|-67|CG1169783|-15|-75|CG1169783|-15|-75|CG1169783|-15|-75|CG1169783|-15|-75|CG1169784|-31|-67|CG1169784|-31|-67|CG1169784|-31|-67|CG1169785|-34|-65|CG1169785|-34|-65|CG1169786|-26|-66|CG1169786|-26|-66
406|0|7|697|7|CG1168884|-26|-69|CG1168885|-21|-70|CG1168886|-19|-75|CG1168886|-19|-75|CG1168887|-27|-69|CG1168888|-42|-68|CG1168889|-38|-68
406|0|8|1000|2|CG1169776|-39|-70|CG1169777|-21|-51
406|0|9|1000|1|CG1169778|-22|-72
406|0|10|1088|13|CG1169770|-15|-71|CG1169770|-15|-71|CG1169771|-21|-55|CG1169771|-21|-55|CG1169771|-21|-55|CG1169772|-26|-69|CG1169772|-26|-69|CG1169773|-45|-56|CG1169773|-45|-56|CG1169774|-47|-55|CG1169774|-47|-55|CG1169775|-52|-46|CG1169775|-52|-46
406|1|0|4182|24|CG1169839|-17|-74|CG1169840|-20|-74|CG1169839|-17|-74|CG1169840|-20|-74|CG1169839|-17|-74|CG1169840|-20|-74|CG1169841|-18|-74|CG1169838|-20|-74|CG1169841|-18|-74|CG1169838|-20|-74|CG1169841|-18|-74|CG1169838|-20|-74|CG1169841|-18|-74|CG1169838|-20|-74|CG1169841|-18|-74|CG1169838|-20|-74|CG1169839|-17|-74|CG1169840|-20|-74|CG1169841|-18|-74|CG1169838|-20|-74|CG1169841|-18|-74|CG1169838|-20|-74|CG1169841|-18|-74|CG1169838|-20|-74
406|1|1|697|6|CG1169844|-21|-79|CG1169845|-25|-79|CG1169846|-24|-81|CG1169847|-22|-79|CG1169848|-24|-78|CG1169849|-25|-77
406|1|2|600|5|CG1325413|-100|-113|CG1325414|-102|-107|CG1325415|-90|-159|CG1325416|-142|-98|CG1325417|-131|-103
406|1|3|425|6|CG1169810|-24|-84|CG1169811|-24|-82|CG1169812|-24|-83|CG1169813|-23|-82|CG1169814|-24|-82|CG1169815|-24|-84
406|1|4|
406|1|5|425|15|CG1169805|-33|-99|CG1169806|-32|-97|CG1169807|-17|-100|CG1169808|-12|-100|CG1169809|-10|-96|CG1169805|-33|-99|CG1169806|-32|-97|CG1169807|-17|-100|CG1169808|-12|-100|CG1169809|-10|-96|CG1169805|-33|-99|CG1169806|-32|-97|CG1169807|-17|-100|CG1169808|-12|-100|CG1169809|-10|-96
406|1|6|1190|16|CG1169829|-17|-71|CG1169829|-17|-71|CG1169830|-18|-66|CG1169830|-18|-66|CG1169830|-18|-66|CG1169831|-18|-68|CG1169831|-18|-68|CG1169831|-18|-68|CG1169831|-18|-68|CG1169832|-38|-71|CG1169832|-38|-71|CG1169832|-38|-71|CG1169833|-36|-69|CG1169833|-36|-69|CG1169834|-38|-65|CG1169834|-38|-65
406|1|7|697|7|CG1168949|-16|-69|CG1168950|-11|-65|CG1168951|-13|-74|CG1168951|-13|-74|CG1168952|-15|-69|CG1168953|-26|-69|CG1168954|-27|-69
406|1|8|1000|2|CG1169824|-22|-78|CG1169825|-23|-50
406|1|9|1000|1|CG1169826|-24|-71
406|1|10|1088|13|CG1169818|-29|-68|CG1169818|-29|-68|CG1169819|-28|-50|CG1169819|-28|-50|CG1169819|-28|-50|CG1169820|-22|-70|CG1169820|-22|-70|CG1169821|-29|-63|CG1169821|-29|-63|CG1169822|-26|-63|CG1169822|-26|-63|CG1169823|-29|-56|CG1169823|-29|-56
406|2|0|4182|24|CG1169887|-25|-75|CG1169888|-26|-75|CG1169887|-25|-75|CG1169888|-26|-75|CG1169887|-25|-75|CG1169888|-26|-75|CG1169889|-25|-76|CG1169886|-26|-76|CG1169889|-25|-76|CG1169886|-26|-76|CG1169889|-25|-76|CG1169886|-26|-76|CG1169889|-25|-76|CG1169886|-26|-76|CG1169889|-25|-76|CG1169886|-26|-76|CG1169887|-25|-75|CG1169888|-26|-75|CG1169889|-25|-76|CG1169886|-26|-76|CG1169889|-25|-76|CG1169886|-26|-76|CG1169889|-25|-76|CG1169886|-26|-76
406|2|1|697|6|CG1169892|-28|-78|CG1169893|-30|-79|CG1169894|-27|-82|CG1169895|-24|-80|CG1169896|-27|-79|CG1169897|-29|-78
406|2|2|600|5|CG1325469|-119|-113|CG1325470|-90|-142|CG1325471|-82|-174|CG1325472|-99|-116|CG1325473|-109|-103
406|2|3|425|6|CG1169858|-29|-82|CG1169859|-29|-81|CG1169860|-29|-83|CG1169861|-29|-83|CG1169862|-29|-82|CG1169863|-29|-83
406|2|4|
406|2|5|425|15|CG1169853|-10|-91|CG1169854|-11|-83|CG1169855|-16|-84|CG1169856|-15|-85|CG1169857|-13|-82|CG1169853|-10|-91|CG1169854|-11|-83|CG1169855|-16|-84|CG1169856|-15|-85|CG1169857|-13|-82|CG1169853|-10|-91|CG1169854|-11|-83|CG1169855|-16|-84|CG1169856|-15|-85|CG1169857|-13|-82
406|2|6|1190|16|CG1169877|-30|-71|CG1169877|-30|-71|CG1169878|-36|-68|CG1169878|-36|-68|CG1169878|-36|-68|CG1169879|-43|-66|CG1169879|-43|-66|CG1169879|-43|-66|CG1169879|-43|-66|CG1169880|-29|-66|CG1169880|-29|-66|CG1169880|-29|-66|CG1169881|-29|-64|CG1169881|-29|-64|CG1169882|-30|-62|CG1169882|-30|-62
406|2|7|697|7|CG1169014|-16|-68|CG1169015|-18|-65|CG1169016|-19|-73|CG1169016|-19|-73|CG1169017|-14|-69|CG1169018|-14|-68|CG1169019|-15|-68
406|2|8|1000|2|CG1169872|-29|-75|CG1169873|-38|-55
406|2|9|1000|1|CG1169874|-20|-72
406|2|10|1088|13|CG1169866|-39|-68|CG1169866|-39|-68|CG1169867|-39|-52|CG1169867|-39|-52|CG1169867|-39|-52|CG1169868|-25|-66|CG1169868|-25|-66|CG1169869|-31|-54|CG1169869|-31|-54|CG1169870|-30|-56|CG1169870|-30|-56|CG1169871|-31|-47|CG1169871|-31|-47
406|3|0|4182|24|CG1169935|-23|-80|CG1169936|-23|-80|CG1169935|-23|-80|CG1169936|-23|-80|CG1169935|-23|-80|CG1169936|-23|-80|CG1169937|-23|-80|CG1169934|-23|-80|CG1169937|-23|-80|CG1169934|-23|-80|CG1169937|-23|-80|CG1169934|-23|-80|CG1169937|-23|-80|CG1169934|-23|-80|CG1169937|-23|-80|CG1169934|-23|-80|CG1169935|-23|-80|CG1169936|-23|-80|CG1169937|-23|-80|CG1169934|-23|-80|CG1169937|-23|-80|CG1169934|-23|-80|CG1169937|-23|-80|CG1169934|-23|-80
406|3|1|697|6|CG1169940|-23|-77|CG1169941|-26|-79|CG1169942|-26|-82|CG1169943|-27|-79|CG1169944|-28|-79|CG1169945|-27|-78
406|3|2|600|5|CG1325525|-125|-117|CG1325526|-119|-165|CG1325527|-116|-175|CG1325528|-58|-136|CG1325529|-81|-129
406|3|3|425|6|CG1169906|-21|-77|CG1169907|-20|-77|CG1169908|-23|-80|CG1169909|-22|-79|CG1169910|-21|-78|CG1169911|-23|-79
406|3|4|
406|3|5|425|15|CG1169901|-12|-72|CG1169902|-12|-57|CG1169903|-12|-50|CG1169904|-12|-49|CG1169905|-12|-57|CG1169901|-12|-72|CG1169902|-12|-57|CG1169903|-12|-50|CG1169904|-12|-49|CG1169905|-12|-57|CG1169901|-12|-72|CG1169902|-12|-57|CG1169903|-12|-50|CG1169904|-12|-49|CG1169905|-12|-57
406|3|6|1190|16|CG1169925|-28|-76|CG1169925|-28|-76|CG1169926|-38|-72|CG1169926|-38|-72|CG1169926|-38|-72|CG1169927|-50|-74|CG1169927|-50|-74|CG1169927|-50|-74|CG1169927|-50|-74|CG1169928|-23|-55|CG1169928|-23|-55|CG1169928|-23|-55|CG1169929|-23|-53|CG1169929|-23|-53|CG1169930|-20|-57|CG1169930|-20|-57
406|3|7|697|7|CG1169079|-19|-74|CG1169080|-26|-70|CG1169081|-24|-72|CG1169081|-24|-72|CG1169082|-19|-72|CG1169083|-19|-72|CG1169084|-19|-73
406|3|8|1000|2|CG1169920|-26|-62|CG1169921|-46|-64
406|3|9|1000|1|CG1169922|-21|-74
406|3|10|1088|13|CG1169914|-36|-71|CG1169914|-36|-71|CG1169915|-51|-62|CG1169915|-51|-62|CG1169915|-51|-62|CG1169916|-19|-61|CG1169916|-19|-61|CG1169917|-27|-40|CG1169917|-27|-40|CG1169918|-21|-41|CG1169918|-21|-41|CG1169919|-27|-28|CG1169919|-27|-28
406|4|0|4182|24|CG1169983|-25|-84|CG1169984|-25|-84|CG1169983|-25|-84|CG1169984|-25|-84|CG1169983|-25|-84|CG1169984|-25|-84|CG1169985|-25|-84|CG1169982|-25|-85|CG1169985|-25|-84|CG1169982|-25|-85|CG1169985|-25|-84|CG1169982|-25|-85|CG1169985|-25|-84|CG1169982|-25|-85|CG1169985|-25|-84|CG1169982|-25|-85|CG1169983|-25|-84|CG1169984|-25|-84|CG1169985|-25|-84|CG1169982|-25|-85|CG1169985|-25|-84|CG1169982|-25|-85|CG1169985|-25|-84|CG1169982|-25|-85
406|4|1|697|6|CG1169988|-27|-76|CG1169989|-23|-79|CG1169990|-20|-82|CG1169991|-23|-77|CG1169992|-17|-77|CG1169993|-17|-78
406|4|2|600|5|CG1325581|-118|-123|CG1325582|-92|-162|CG1325583|-82|-152|CG1325584|-98|-119|CG1325585|-112|-122
406|4|3|425|6|CG1169954|-20|-72|CG1169955|-11|-72|CG1169956|-16|-75|CG1169957|-12|-73|CG1169958|-13|-72|CG1169959|-24|-74
406|4|4|
406|4|5|425|15|CG1169949|-15|-49|CG1169950|-13|-55|CG1169951|-15|-51|CG1169952|-10|-51|CG1169953|-11|-52|CG1169949|-15|-49|CG1169950|-13|-55|CG1169951|-15|-51|CG1169952|-10|-51|CG1169953|-11|-52|CG1169949|-15|-49|CG1169950|-13|-55|CG1169951|-15|-51|CG1169952|-10|-51|CG1169953|-11|-52
406|4|6|1190|16|CG1169973|-25|-83|CG1169973|-25|-83|CG1169974|-22|-76|CG1169974|-22|-76|CG1169974|-22|-76|CG1169975|-38|-81|CG1169975|-38|-81|CG1169975|-38|-81|CG1169975|-38|-81|CG1169976|-20|-45|CG1169976|-20|-45|CG1169976|-20|-45|CG1169977|-20|-54|CG1169977|-20|-54|CG1169978|-20|-54|CG1169978|-20|-54
406|4|7|697|7|CG1169144|-21|-78|CG1169145|-28|-76|CG1169146|-25|-72|CG1169146|-25|-72|CG1169147|-21|-74|CG1169148|-21|-74|CG1169149|-21|-76
406|4|8|1000|2|CG1169968|-16|-61|CG1169969|-48|-79
406|4|9|1000|1|CG1169970|-28|-76
406|4|10|1088|13|CG1169962|-35|-81|CG1169962|-35|-81|CG1169963|-39|-71|CG1169963|-39|-71|CG1169963|-39|-71|CG1169964|-20|-56|CG1169964|-20|-56|CG1169965|-27|-34|CG1169965|-27|-34|CG1169966|-23|-35|CG1169966|-23|-35|CG1169967|-26|-28|CG1169967|-26|-28
406|5|0|4182|24|CG1170031|-21|-86|CG1170032|-21|-86|CG1170031|-21|-86|CG1170032|-21|-86|CG1170031|-21|-86|CG1170032|-21|-86|CG1170033|-21|-86|CG1170030|-21|-86|CG1170033|-21|-86|CG1170030|-21|-86|CG1170033|-21|-86|CG1170030|-21|-86|CG1170033|-21|-86|CG1170030|-21|-86|CG1170033|-21|-86|CG1170030|-21|-86|CG1170031|-21|-86|CG1170032|-21|-86|CG1170033|-21|-86|CG1170030|-21|-86|CG1170033|-21|-86|CG1170030|-21|-86|CG1170033|-21|-86|CG1170030|-21|-86
406|5|1|697|6|CG1170036|-23|-76|CG1170037|-24|-78|CG1170038|-22|-81|CG1170039|-23|-76|CG1170040|-22|-76|CG1170041|-22|-77
406|5|2|600|5|CG1325637|-87|-102|CG1325638|-101|-134|CG1325639|-81|-118|CG1325640|-146|-102|CG1325641|-132|-115
406|5|3|425|6|CG1170002|-22|-69|CG1170003|-23|-68|CG1170004|-20|-71|CG1170005|-21|-69|CG1170006|-21|-68|CG1170007|-20|-71
406|5|4|
406|5|5|425|15|CG1169997|-12|-52|CG1169998|-9|-54|CG1169999|-20|-49|CG1170000|-37|-53|CG1170001|-37|-51|CG1169997|-12|-52|CG1169998|-9|-54|CG1169999|-20|-49|CG1170000|-37|-53|CG1170001|-37|-51|CG1169997|-12|-52|CG1169998|-9|-54|CG1169999|-20|-49|CG1170000|-37|-53|CG1170001|-37|-51
406|5|6|1190|16|CG1170021|-24|-86|CG1170021|-24|-86|CG1170022|-20|-76|CG1170022|-20|-76|CG1170022|-20|-76|CG1170023|-24|-85|CG1170023|-24|-85|CG1170023|-24|-85|CG1170023|-24|-85|CG1170024|-28|-44|CG1170024|-28|-44|CG1170024|-28|-44|CG1170025|-20|-58|CG1170025|-20|-58|CG1170026|-30|-55|CG1170026|-30|-55
406|5|7|697|7|CG1169209|-20|-78|CG1169210|-27|-80|CG1169211|-28|-74|CG1169211|-28|-74|CG1169212|-23|-74|CG1169213|-20|-74|CG1169214|-20|-76
406|5|8|1000|2|CG1170016|-21|-60|CG1170017|-29|-85
406|5|9|1000|1|CG1170018|-25|-76
406|5|10|1088|13|CG1170010|-25|-85|CG1170010|-25|-85|CG1170011|-25|-75|CG1170011|-25|-75|CG1170011|-25|-75|CG1170012|-30|-55|CG1170012|-30|-55|CG1170013|-32|-27|CG1170013|-32|-27|CG1170014|-33|-32|CG1170014|-33|-32|CG1170015|-35|-25|CG1170015|-35|-25
406|6|0|4182|24|CG1170079|-17|-84|CG1170080|-17|-84|CG1170079|-17|-84|CG1170080|-17|-84|CG1170079|-17|-84|CG1170080|-17|-84|CG1170081|-17|-83|CG1170078|-17|-83|CG1170081|-17|-83|CG1170078|-17|-83|CG1170081|-17|-83|CG1170078|-17|-83|CG1170081|-17|-83|CG1170078|-17|-83|CG1170081|-17|-83|CG1170078|-17|-83|CG1170079|-17|-84|CG1170080|-17|-84|CG1170081|-17|-83|CG1170078|-17|-83|CG1170081|-17|-83|CG1170078|-17|-83|CG1170081|-17|-83|CG1170078|-17|-83
406|6|1|697|6|CG1170084|-24|-76|CG1170085|-21|-78|CG1170086|-26|-80|CG1170087|-25|-75|CG1170088|-26|-75|CG1170089|-25|-77
406|6|2|600|5|CG1325693|-56|-115|CG1325694|-66|-158|CG1325695|-93|-143|CG1325696|-109|-126|CG1325697|-81|-115
406|6|3|425|6|CG1170050|-36|-70|CG1170051|-35|-69|CG1170052|-35|-71|CG1170053|-35|-69|CG1170054|-35|-68|CG1170055|-35|-71
406|6|4|
406|6|5|425|15|CG1170045|-100|-54|CG1170046|-102|-51|CG1170047|-100|-49|CG1170048|-99|-52|CG1170049|-101|-49|CG1170045|-100|-54|CG1170046|-102|-51|CG1170047|-100|-49|CG1170048|-99|-52|CG1170049|-101|-49|CG1170045|-100|-54|CG1170046|-102|-51|CG1170047|-100|-49|CG1170048|-99|-52|CG1170049|-101|-49
406|6|6|1190|16|CG1170069|-16|-82|CG1170069|-16|-82|CG1170070|-21|-73|CG1170070|-21|-73|CG1170070|-21|-73|CG1170071|-11|-84|CG1170071|-11|-84|CG1170071|-11|-84|CG1170071|-11|-84|CG1170072|-34|-46|CG1170072|-34|-46|CG1170072|-34|-46|CG1170073|-35|-57|CG1170073|-35|-57|CG1170074|-32|-58|CG1170074|-32|-58
406|6|7|697|7|CG1169274|-22|-75|CG1169275|-22|-80|CG1169276|-23|-75|CG1169276|-23|-75|CG1169277|-36|-72|CG1169278|-22|-72|CG1169279|-22|-73
406|6|8|1000|2|CG1170064|-34|-55|CG1170065|-22|-79
406|6|9|1000|1|CG1170066|-27|-75
406|6|10|1088|13|CG1170058|-8|-80|CG1170058|-8|-80|CG1170059|-19|-72|CG1170059|-19|-72|CG1170059|-19|-72|CG1170060|-31|-58|CG1170060|-31|-58|CG1170061|-54|-26|CG1170061|-54|-26|CG1170062|-55|-35|CG1170062|-55|-35|CG1170063|-57|-26|CG1170063|-57|-26
406|7|0|4182|24|CG1170127|-15|-80|CG1170128|-15|-81|CG1170127|-15|-80|CG1170128|-15|-81|CG1170127|-15|-80|CG1170128|-15|-81|CG1170129|-15|-80|CG1170126|-15|-80|CG1170129|-15|-80|CG1170126|-15|-80|CG1170129|-15|-80|CG1170126|-15|-80|CG1170129|-15|-80|CG1170126|-15|-80|CG1170129|-15|-80|CG1170126|-15|-80|CG1170127|-15|-80|CG1170128|-15|-81|CG1170129|-15|-80|CG1170126|-15|-80|CG1170129|-15|-80|CG1170126|-15|-80|CG1170129|-15|-80|CG1170126|-15|-80
406|7|1|697|6|CG1170132|-26|-78|CG1170133|-25|-80|CG1170134|-25|-81|CG1170135|-31|-77|CG1170136|-27|-77|CG1170137|-25|-78
406|7|2|600|5|CG1325749|-65|-111|CG1325750|-73|-164|CG1325751|-68|-170|CG1325752|-60|-150|CG1325753|-60|-127
406|7|3|425|6|CG1170098|-39|-77|CG1170099|-39|-76|CG1170100|-39|-77|CG1170101|-39|-75|CG1170102|-39|-75|CG1170103|-39|-77
406|7|4|
406|7|5|425|15|CG1170093|-127|-57|CG1170094|-127|-49|CG1170095|-127|-48|CG1170096|-127|-57|CG1170097|-127|-73|CG1170093|-127|-57|CG1170094|-127|-49|CG1170095|-127|-48|CG1170096|-127|-57|CG1170097|-127|-73|CG1170093|-127|-57|CG1170094|-127|-49|CG1170095|-127|-48|CG1170096|-127|-57|CG1170097|-127|-73
406|7|6|1190|16|CG1170117|-17|-77|CG1170117|-17|-77|CG1170118|-25|-70|CG1170118|-25|-70|CG1170118|-25|-70|CG1170119|-12|-81|CG1170119|-12|-81|CG1170119|-12|-81|CG1170119|-12|-81|CG1170120|-40|-57|CG1170120|-40|-57|CG1170120|-40|-57|CG1170121|-43|-54|CG1170121|-43|-54|CG1170122|-35|-63|CG1170122|-35|-63
406|7|7|697|7|CG1169339|-30|-72|CG1169340|-27|-75|CG1169341|-26|-74|CG1169341|-26|-74|CG1169342|-41|-70|CG1169343|-39|-69|CG1169344|-32|-70
406|7|8|1000|2|CG1170112|-48|-63|CG1170113|-27|-66
406|7|9|1000|1|CG1170114|-22|-75
406|7|10|1088|13|CG1170106|-4|-73|CG1170106|-4|-73|CG1170107|-7|-65|CG1170107|-7|-65|CG1170107|-7|-65|CG1170108|-35|-65|CG1170108|-35|-65|CG1170109|-63|-36|CG1170109|-63|-36|CG1170110|-63|-36|CG1170110|-63|-36|CG1170111|-69|-33|CG1170111|-69|-33
