386|0|0|4182|24|CG1161465|-18|-76|CG1161466|-20|-76|CG1161465|-18|-76|CG1161466|-20|-76|CG1161465|-18|-76|CG1161466|-20|-76|CG1161467|-18|-75|CG1161464|-20|-75|CG1161467|-18|-75|CG1161464|-20|-75|CG1161467|-18|-75|CG1161464|-20|-75|CG1161467|-18|-75|CG1161464|-20|-75|CG1161467|-18|-75|CG1161464|-20|-75|CG1161465|-18|-76|CG1161466|-20|-76|CG1161467|-18|-75|CG1161464|-20|-75|CG1161467|-18|-75|CG1161464|-20|-75|CG1161467|-18|-75|CG1161464|-20|-75
386|0|1|697|6|CG1161477|-30|-79|CG1161478|-26|-80|CG1161479|-23|-81|CG1161480|-24|-79|CG1161481|-23|-80|CG1161482|-26|-82
386|0|2|600|5|CG1325357|-54|-113|CG1325358|-66|-144|CG1325359|-95|-176|CG1325360|-103|-137|CG1325361|-78|-106
386|0|3|425|6|CG1161430|-31|-81|CG1161431|-31|-80|CG1161432|-32|-82|CG1161433|-33|-80|CG1161434|-32|-80|CG1161435|-31|-82
386|0|4|
386|0|5|1088|14|CG1161420|-25|-75|CG1161420|-25|-75|CG1161422|-36|-82|CG1161422|-36|-82|CG1161423|-50|-62|CG1161423|-50|-62|CG1161424|-76|-70|CG1161425|-81|-85|CG1161425|-81|-85|CG1161426|-62|-63|CG1161427|-58|-71|CG1161428|-41|-79|CG1161429|-35|-85|CG1161421|-30|-80
386|0|6|1190|16|CG1161454|-18|-72|CG1161454|-18|-72|CG1161455|-23|-66|CG1161455|-23|-66|CG1161455|-23|-66|CG1161456|-15|-75|CG1161456|-15|-75|CG1161456|-15|-75|CG1161456|-15|-75|CG1161457|-31|-67|CG1161457|-31|-67|CG1161457|-31|-67|CG1161458|-34|-65|CG1161458|-34|-65|CG1161459|-26|-66|CG1161459|-26|-66
386|0|7|697|7|CG1161468|-26|-69|CG1161469|-21|-70|CG1161470|-19|-75|CG1161470|-19|-75|CG1161471|-27|-69|CG1161472|-42|-68|CG1161473|-38|-68
386|0|8|1000|2|CG1161445|-39|-70|CG1161446|-21|-51
386|0|9|1000|1|CG1161451|-22|-72
386|0|10|1088|13|CG1161439|-15|-71|CG1161439|-15|-71|CG1161440|-21|-55|CG1161440|-21|-55|CG1161440|-21|-55|CG1161441|-26|-68|CG1161441|-26|-68|CG1161442|-45|-56|CG1161442|-45|-56|CG1161443|-47|-55|CG1161443|-47|-55|CG1161444|-52|-46|CG1161444|-52|-46
386|1|0|4182|24|CG1161530|-17|-74|CG1161531|-20|-74|CG1161530|-17|-74|CG1161531|-20|-74|CG1161530|-17|-74|CG1161531|-20|-74|CG1161532|-18|-74|CG1161529|-20|-74|CG1161532|-18|-74|CG1161529|-20|-74|CG1161532|-18|-74|CG1161529|-20|-74|CG1161532|-18|-74|CG1161529|-20|-74|CG1161532|-18|-74|CG1161529|-20|-74|CG1161530|-17|-74|CG1161531|-20|-74|CG1161532|-18|-74|CG1161529|-20|-74|CG1161532|-18|-74|CG1161529|-20|-74|CG1161532|-18|-74|CG1161529|-20|-74
386|1|1|697|6|CG1161542|-21|-79|CG1161543|-25|-79|CG1161544|-24|-81|CG1161545|-22|-79|CG1161546|-24|-80|CG1161547|-25|-81
386|1|2|600|5|CG1325413|-100|-113|CG1325414|-102|-107|CG1325415|-90|-159|CG1325416|-142|-98|CG1325417|-131|-103
386|1|3|425|6|CG1161495|-24|-83|CG1161496|-24|-82|CG1161497|-24|-83|CG1161498|-23|-82|CG1161499|-24|-82|CG1161500|-24|-84
386|1|4|
386|1|5|1088|14|CG1161485|-19|-75|CG1161485|-19|-75|CG1161487|-16|-86|CG1161487|-16|-86|CG1161488|-22|-71|CG1161488|-22|-71|CG1161489|-37|-82|CG1161490|-36|-95|CG1161490|-36|-95|CG1161491|-42|-75|CG1161492|-23|-81|CG1161493|-14|-82|CG1161494|-15|-85|CG1161486|-18|-79
386|1|6|1190|16|CG1161519|-17|-71|CG1161519|-17|-71|CG1161520|-18|-66|CG1161520|-18|-66|CG1161520|-18|-66|CG1161521|-18|-68|CG1161521|-18|-68|CG1161521|-18|-68|CG1161521|-18|-68|CG1161522|-38|-71|CG1161522|-38|-71|CG1161522|-38|-71|CG1161523|-36|-69|CG1161523|-36|-69|CG1161524|-38|-65|CG1161524|-38|-65
386|1|7|697|7|CG1161533|-16|-69|CG1161534|-11|-65|CG1161535|-13|-74|CG1161535|-13|-74|CG1161536|-15|-69|CG1161537|-26|-69|CG1161538|-27|-69
386|1|8|1000|2|CG1161510|-22|-78|CG1161511|-22|-50
386|1|9|1000|1|CG1161516|-19|-71
386|1|10|1088|13|CG1161504|-29|-68|CG1161504|-29|-68|CG1161505|-28|-50|CG1161505|-28|-50|CG1161505|-28|-50|CG1161506|-22|-70|CG1161506|-22|-70|CG1161507|-29|-63|CG1161507|-29|-63|CG1161508|-26|-63|CG1161508|-26|-63|CG1161509|-29|-56|CG1161509|-29|-56
386|2|0|4182|24|CG1161595|-18|-75|CG1161596|-18|-75|CG1161595|-18|-75|CG1161596|-18|-75|CG1161595|-18|-75|CG1161596|-18|-75|CG1161597|-18|-76|CG1161594|-17|-76|CG1161597|-18|-76|CG1161594|-17|-76|CG1161597|-18|-76|CG1161594|-17|-76|CG1161597|-18|-76|CG1161594|-17|-76|CG1161597|-18|-76|CG1161594|-17|-76|CG1161595|-18|-75|CG1161596|-18|-75|CG1161597|-18|-76|CG1161594|-17|-76|CG1161597|-18|-76|CG1161594|-17|-76|CG1161597|-18|-76|CG1161594|-17|-76
386|2|1|697|6|CG1161607|-23|-78|CG1161608|-17|-79|CG1161609|-22|-82|CG1161610|-24|-80|CG1161611|-21|-80|CG1161612|-18|-81
386|2|2|600|5|CG1325469|-119|-113|CG1325470|-90|-142|CG1325471|-82|-174|CG1325472|-99|-116|CG1325473|-109|-103
386|2|3|425|6|CG1161560|-29|-82|CG1161561|-29|-81|CG1161562|-29|-83|CG1161563|-29|-83|CG1161564|-29|-82|CG1161565|-29|-83
386|2|4|
386|2|5|1088|14|CG1161550|-17|-75|CG1161550|-17|-75|CG1161552|-7|-82|CG1161552|-7|-82|CG1161553|1|-71|CG1161553|1|-71|CG1161554|-12|-84|CG1161555|-4|-89|CG1161555|-4|-89|CG1161556|-11|-80|CG1161557|5|-79|CG1161558|-6|-74|CG1161559|-3|-79|CG1161551|-6|-78
386|2|6|1190|16|CG1161584|-20|-71|CG1161584|-20|-71|CG1161585|-17|-68|CG1161585|-17|-68|CG1161585|-17|-68|CG1161586|-43|-66|CG1161586|-43|-66|CG1161586|-43|-66|CG1161586|-43|-66|CG1161587|-29|-66|CG1161587|-29|-66|CG1161587|-29|-66|CG1161588|-29|-64|CG1161588|-29|-64|CG1161589|-30|-62|CG1161589|-30|-62
386|2|7|697|7|CG1161598|-16|-68|CG1161599|-18|-65|CG1161600|-19|-73|CG1161600|-19|-73|CG1161601|-14|-69|CG1161602|-14|-68|CG1161603|-15|-68
386|2|8|1000|2|CG1161575|-13|-75|CG1161576|-38|-55
386|2|9|1000|1|CG1161581|-16|-72
386|2|10|1088|13|CG1161569|-29|-68|CG1161569|-29|-68|CG1161570|-39|-52|CG1161570|-39|-52|CG1161570|-39|-52|CG1161571|-22|-66|CG1161571|-22|-66|CG1161572|-31|-54|CG1161572|-31|-54|CG1161573|-30|-56|CG1161573|-30|-56|CG1161574|-31|-47|CG1161574|-31|-47
386|3|0|4182|24|CG1161660|-16|-80|CG1161661|-16|-80|CG1161660|-16|-80|CG1161661|-16|-80|CG1161660|-16|-80|CG1161661|-16|-80|CG1161662|-16|-80|CG1161659|-16|-80|CG1161662|-16|-80|CG1161659|-16|-80|CG1161662|-16|-80|CG1161659|-16|-80|CG1161662|-16|-80|CG1161659|-16|-80|CG1161662|-16|-80|CG1161659|-16|-80|CG1161660|-16|-80|CG1161661|-16|-80|CG1161662|-16|-80|CG1161659|-16|-80|CG1161662|-16|-80|CG1161659|-16|-80|CG1161662|-16|-80|CG1161659|-16|-80
386|3|1|697|6|CG1161672|-23|-77|CG1161673|-13|-79|CG1161674|-22|-82|CG1161675|-27|-79|CG1161676|-15|-80|CG1161677|-16|-81
386|3|2|600|5|CG1325525|-125|-117|CG1325526|-119|-165|CG1325527|-116|-175|CG1325528|-58|-136|CG1325529|-81|-129
386|3|3|425|6|CG1161625|-21|-77|CG1161626|-20|-77|CG1161627|-23|-80|CG1161628|-22|-79|CG1161629|-21|-78|CG1161630|-23|-79
386|3|4|
386|3|5|1088|14|CG1161615|-21|-79|CG1161615|-21|-79|CG1161617|-10|-72|CG1161617|-10|-72|CG1161618|-9|-60|CG1161618|-9|-60|CG1161619|7|-76|CG1161620|28|-71|CG1161620|28|-71|CG1161621|18|-75|CG1161622|-2|-63|CG1161623|-11|-58|CG1161624|-6|-70|CG1161616|-7|-77
386|3|6|1190|16|CG1161649|-22|-76|CG1161649|-22|-76|CG1161650|-19|-72|CG1161650|-19|-72|CG1161650|-19|-72|CG1161651|-50|-74|CG1161651|-50|-74|CG1161651|-50|-74|CG1161651|-50|-74|CG1161652|-17|-55|CG1161652|-17|-55|CG1161652|-17|-55|CG1161653|-17|-53|CG1161653|-17|-53|CG1161654|-17|-57|CG1161654|-17|-57
386|3|7|697|7|CG1161663|-19|-74|CG1161664|-26|-70|CG1161665|-24|-72|CG1161665|-24|-72|CG1161666|-19|-72|CG1161667|-19|-72|CG1161668|-19|-73
386|3|8|1000|2|CG1161640|-9|-62|CG1161641|-46|-64
386|3|9|1000|1|CG1161646|-21|-74
386|3|10|1088|13|CG1161634|-33|-71|CG1161634|-33|-71|CG1161635|-51|-62|CG1161635|-51|-62|CG1161635|-51|-62|CG1161636|-17|-61|CG1161636|-17|-61|CG1161637|-27|-32|CG1161637|-27|-32|CG1161638|-21|-36|CG1161638|-21|-36|CG1161639|-27|-26|CG1161639|-27|-26
386|4|0|4182|24|CG1161725|-18|-84|CG1161726|-18|-84|CG1161725|-18|-84|CG1161726|-18|-84|CG1161725|-18|-84|CG1161726|-18|-84|CG1161727|-18|-84|CG1161724|-18|-85|CG1161727|-18|-84|CG1161724|-18|-85|CG1161727|-18|-84|CG1161724|-18|-85|CG1161727|-18|-84|CG1161724|-18|-85|CG1161727|-18|-84|CG1161724|-18|-85|CG1161725|-18|-84|CG1161726|-18|-84|CG1161727|-18|-84|CG1161724|-18|-85|CG1161727|-18|-84|CG1161724|-18|-85|CG1161727|-18|-84|CG1161724|-18|-85
386|4|1|697|6|CG1161737|-27|-76|CG1161738|-23|-79|CG1161739|-20|-82|CG1161740|-23|-77|CG1161741|-16|-79|CG1161742|-17|-81
386|4|2|600|5|CG1325581|-118|-123|CG1325582|-92|-162|CG1325583|-82|-152|CG1325584|-98|-119|CG1325585|-112|-122
386|4|3|425|6|CG1161690|-20|-72|CG1161691|-10|-72|CG1161692|-16|-75|CG1161693|-12|-73|CG1161694|-13|-72|CG1161695|-24|-74
386|4|4|
386|4|5|1088|14|CG1161680|-22|-84|CG1161680|-22|-84|CG1161682|-13|-61|CG1161682|-13|-61|CG1161683|-18|-43|CG1161683|-18|-43|CG1161684|20|-61|CG1161685|28|-49|CG1161685|28|-49|CG1161686|23|-62|CG1161687|-10|-40|CG1161688|-13|-43|CG1161689|-9|-63|CG1161681|-15|-76
386|4|6|1190|16|CG1161714|-23|-83|CG1161714|-23|-83|CG1161715|-19|-76|CG1161715|-19|-76|CG1161715|-19|-76|CG1161716|-35|-81|CG1161716|-35|-81|CG1161716|-35|-81|CG1161716|-35|-81|CG1161717|-20|-45|CG1161717|-20|-45|CG1161717|-20|-45|CG1161718|-20|-49|CG1161718|-20|-49|CG1161719|-20|-54|CG1161719|-20|-54
386|4|7|697|7|CG1161728|-21|-78|CG1161729|-28|-76|CG1161730|-25|-72|CG1161730|-25|-72|CG1161731|-21|-74|CG1161732|-21|-74|CG1161733|-21|-76
386|4|8|1000|2|CG1161705|-16|-50|CG1161706|-38|-79
386|4|9|1000|1|CG1161711|-28|-76
386|4|10|1088|13|CG1161699|-35|-81|CG1161699|-35|-81|CG1161700|-39|-71|CG1161700|-39|-71|CG1161700|-39|-71|CG1161701|-20|-56|CG1161701|-20|-56|CG1161702|-27|-28|CG1161702|-27|-28|CG1161703|-23|-33|CG1161703|-23|-33|CG1161704|-26|-28|CG1161704|-26|-28
386|5|0|4182|24|CG1161790|-14|-86|CG1161791|-14|-86|CG1161790|-14|-86|CG1161791|-14|-86|CG1161790|-14|-86|CG1161791|-14|-86|CG1161792|-14|-86|CG1161789|-14|-85|CG1161792|-14|-86|CG1161789|-14|-85|CG1161792|-14|-86|CG1161789|-14|-85|CG1161792|-14|-86|CG1161789|-14|-85|CG1161792|-14|-86|CG1161789|-14|-85|CG1161790|-14|-86|CG1161791|-14|-86|CG1161792|-14|-86|CG1161789|-14|-85|CG1161792|-14|-86|CG1161789|-14|-85|CG1161792|-14|-86|CG1161789|-14|-85
386|5|1|697|6|CG1161802|-23|-76|CG1161803|-24|-78|CG1161804|-19|-81|CG1161805|-14|-76|CG1161806|-16|-78|CG1161807|-22|-81
386|5|2|600|5|CG1325637|-87|-102|CG1325638|-101|-134|CG1325639|-81|-118|CG1325640|-146|-102|CG1325641|-132|-115
386|5|3|425|6|CG1161755|-14|-69|CG1161756|-14|-68|CG1161757|-14|-71|CG1161758|-13|-69|CG1161759|-13|-68|CG1161760|-14|-71
386|5|4|
386|5|5|1088|14|CG1161745|-19|-84|CG1161745|-19|-84|CG1161747|-19|-56|CG1161747|-19|-56|CG1161748|-27|-31|CG1161748|-27|-31|CG1161749|-3|-47|CG1161750|-1|-36|CG1161750|-1|-36|CG1161751|-24|-45|CG1161752|-27|-23|CG1161753|-22|-38|CG1161754|-29|-63|CG1161746|-25|-77
386|5|6|1190|16|CG1161779|-24|-86|CG1161779|-24|-86|CG1161780|-19|-76|CG1161780|-19|-76|CG1161780|-19|-76|CG1161781|-21|-85|CG1161781|-21|-85|CG1161781|-21|-85|CG1161781|-21|-85|CG1161782|-17|-41|CG1161782|-17|-41|CG1161782|-17|-41|CG1161783|-17|-39|CG1161783|-17|-39|CG1161784|-18|-55|CG1161784|-18|-55
386|5|7|697|7|CG1161793|-20|-78|CG1161794|-27|-80|CG1161795|-28|-74|CG1161795|-28|-74|CG1161796|-23|-74|CG1161797|-20|-74|CG1161798|-20|-76
386|5|8|1000|2|CG1161770|-20|-44|CG1161771|-29|-85
386|5|9|1000|1|CG1161776|-25|-76
386|5|10|1088|13|CG1161764|-25|-85|CG1161764|-25|-85|CG1161765|-25|-75|CG1161765|-25|-75|CG1161765|-25|-75|CG1161766|-20|-55|CG1161766|-20|-55|CG1161767|-32|-25|CG1161767|-32|-25|CG1161768|-33|-32|CG1161768|-33|-32|CG1161769|-35|-25|CG1161769|-35|-25
386|6|0|4182|24|CG1161855|-17|-84|CG1161856|-17|-84|CG1161855|-17|-84|CG1161856|-17|-84|CG1161855|-17|-84|CG1161856|-17|-84|CG1161857|-17|-83|CG1161854|-17|-83|CG1161857|-17|-83|CG1161854|-17|-83|CG1161857|-17|-83|CG1161854|-17|-83|CG1161857|-17|-83|CG1161854|-17|-83|CG1161857|-17|-83|CG1161854|-17|-83|CG1161855|-17|-84|CG1161856|-17|-84|CG1161857|-17|-83|CG1161854|-17|-83|CG1161857|-17|-83|CG1161854|-17|-83|CG1161857|-17|-83|CG1161854|-17|-83
386|6|1|697|6|CG1161867|-24|-76|CG1161868|-21|-78|CG1161869|-26|-80|CG1161870|-25|-75|CG1161871|-26|-77|CG1161872|-25|-81
386|6|2|600|5|CG1325693|-56|-115|CG1325694|-66|-158|CG1325695|-93|-143|CG1325696|-109|-126|CG1325697|-81|-115
386|6|3|425|6|CG1161820|-32|-70|CG1161821|-31|-69|CG1161822|-31|-71|CG1161823|-30|-69|CG1161824|-30|-68|CG1161825|-31|-71
386|6|4|
386|6|5|1088|14|CG1161810|-20|-82|CG1161810|-20|-82|CG1161812|-45|-62|CG1161812|-45|-62|CG1161813|-47|-33|CG1161813|-47|-33|CG1161814|-66|-44|CG1161815|-65|-42|CG1161815|-65|-42|CG1161816|-62|-37|CG1161817|-51|-29|CG1161818|-53|-48|CG1161819|-40|-69|CG1161811|-27|-77
386|6|6|1190|16|CG1161844|-16|-82|CG1161844|-16|-82|CG1161845|-21|-74|CG1161845|-21|-74|CG1161845|-21|-74|CG1161846|-11|-84|CG1161846|-11|-84|CG1161846|-11|-84|CG1161846|-11|-84|CG1161847|-34|-46|CG1161847|-34|-46|CG1161847|-34|-46|CG1161848|-35|-43|CG1161848|-35|-43|CG1161849|-31|-58|CG1161849|-31|-58
386|6|7|697|7|CG1161858|-22|-75|CG1161859|-22|-80|CG1161860|-23|-75|CG1161860|-23|-75|CG1161861|-36|-72|CG1161862|-22|-72|CG1161863|-22|-73
386|6|8|1000|2|CG1161835|-34|-46|CG1161836|-21|-79
386|6|9|1000|1|CG1161841|-27|-75
386|6|10|1088|13|CG1161829|-8|-80|CG1161829|-8|-80|CG1161830|-19|-72|CG1161830|-19|-72|CG1161830|-19|-72|CG1161831|-31|-58|CG1161831|-31|-58|CG1161832|-54|-26|CG1161832|-54|-26|CG1161833|-55|-35|CG1161833|-55|-35|CG1161834|-57|-26|CG1161834|-57|-26
386|7|0|4182|24|CG1161920|-15|-80|CG1161921|-15|-81|CG1161920|-15|-80|CG1161921|-15|-81|CG1161920|-15|-80|CG1161921|-15|-81|CG1161922|-15|-80|CG1161919|-15|-80|CG1161922|-15|-80|CG1161919|-15|-80|CG1161922|-15|-80|CG1161919|-15|-80|CG1161922|-15|-80|CG1161919|-15|-80|CG1161922|-15|-80|CG1161919|-15|-80|CG1161920|-15|-80|CG1161921|-15|-81|CG1161922|-15|-80|CG1161919|-15|-80|CG1161922|-15|-80|CG1161919|-15|-80|CG1161922|-15|-80|CG1161919|-15|-80
386|7|1|697|6|CG1161932|-26|-78|CG1161933|-25|-80|CG1161934|-25|-81|CG1161935|-31|-77|CG1161936|-27|-79|CG1161937|-25|-81
386|7|2|600|5|CG1325749|-65|-111|CG1325750|-73|-164|CG1325751|-68|-170|CG1325752|-60|-150|CG1325753|-60|-127
386|7|3|425|6|CG1161885|-39|-76|CG1161886|-39|-76|CG1161887|-39|-77|CG1161888|-39|-75|CG1161889|-39|-75|CG1161890|-39|-77
386|7|4|
386|7|5|1088|14|CG1161875|-24|-78|CG1161875|-24|-78|CG1161877|-50|-73|CG1161877|-50|-73|CG1161878|-63|-47|CG1161878|-63|-47|CG1161879|-95|-54|CG1161880|-95|-64|CG1161880|-95|-64|CG1161881|-77|-45|CG1161882|-73|-49|CG1161883|-61|-65|CG1161884|-41|-79|CG1161876|-31|-80
386|7|6|1190|16|CG1161909|-17|-77|CG1161909|-17|-77|CG1161910|-24|-71|CG1161910|-24|-71|CG1161910|-24|-71|CG1161911|-12|-81|CG1161911|-12|-81|CG1161911|-12|-81|CG1161911|-12|-81|CG1161912|-40|-57|CG1161912|-40|-57|CG1161912|-40|-57|CG1161913|-43|-54|CG1161913|-43|-54|CG1161914|-35|-63|CG1161914|-35|-63
386|7|7|697|7|CG1161923|-30|-72|CG1161924|-27|-75|CG1161925|-26|-74|CG1161925|-26|-74|CG1161926|-41|-70|CG1161927|-39|-69|CG1161928|-32|-70
386|7|8|1000|2|CG1161900|-48|-58|CG1161901|-27|-66
386|7|9|1000|1|CG1161906|-22|-75
386|7|10|1088|13|CG1161894|-4|-73|CG1161894|-4|-73|CG1161895|-7|-65|CG1161895|-7|-65|CG1161895|-7|-65|CG1161896|-35|-65|CG1161896|-35|-65|CG1161897|-63|-36|CG1161897|-63|-36|CG1161898|-63|-36|CG1161898|-63|-36|CG1161899|-69|-27|CG1161899|-69|-27
