392|0|0|4182|24|CG1163937|-18|-76|CG1163938|-20|-76|CG1163937|-18|-76|CG1163938|-20|-76|CG1163937|-18|-76|CG1163938|-20|-76|CG1163939|-18|-75|CG1163936|-20|-75|CG1163939|-18|-75|CG1163936|-20|-75|CG1163939|-18|-75|CG1163936|-20|-75|CG1163939|-18|-75|CG1163936|-20|-75|CG1163939|-18|-75|CG1163936|-20|-75|CG1163937|-18|-76|CG1163938|-20|-76|CG1163939|-18|-75|CG1163936|-20|-75|CG1163939|-18|-75|CG1163936|-20|-75|CG1163939|-18|-75|CG1163936|-20|-75
392|0|1|697|6|CG1163949|-30|-79|CG1163950|-26|-80|CG1163951|-23|-81|CG1163952|-24|-79|CG1163953|-23|-80|CG1163954|-26|-82
392|0|2|600|5|CG1325357|-54|-113|CG1325358|-66|-144|CG1325359|-95|-176|CG1325360|-103|-137|CG1325361|-78|-106
392|0|3|425|6|CG1163902|-31|-81|CG1163903|-31|-80|CG1163904|-32|-82|CG1163905|-33|-80|CG1163906|-32|-80|CG1163907|-31|-82
392|0|4|
392|0|5|1088|14|CG1163892|-25|-75|CG1163892|-25|-75|CG1163894|-36|-82|CG1163894|-36|-82|CG1163895|-50|-62|CG1163895|-50|-62|CG1163896|-76|-70|CG1163897|-81|-85|CG1163897|-81|-85|CG1163898|-62|-63|CG1163899|-58|-71|CG1163900|-41|-79|CG1163901|-35|-85|CG1163893|-30|-80
392|0|6|1190|16|CG1163926|-18|-72|CG1163926|-18|-72|CG1163927|-23|-67|CG1163927|-23|-67|CG1163927|-23|-67|CG1163928|-15|-75|CG1163928|-15|-75|CG1163928|-15|-75|CG1163928|-15|-75|CG1163929|-31|-67|CG1163929|-31|-67|CG1163929|-31|-67|CG1163930|-34|-65|CG1163930|-34|-65|CG1163931|-26|-66|CG1163931|-26|-66
392|0|7|697|7|CG1163940|-26|-69|CG1163941|-21|-70|CG1163942|-19|-75|CG1163942|-19|-75|CG1163943|-27|-69|CG1163944|-42|-68|CG1163945|-38|-68
392|0|8|1000|2|CG1163917|-39|-70|CG1163918|-21|-51
392|0|9|1000|1|CG1163923|-22|-72
392|0|10|1088|13|CG1163911|-15|-71|CG1163911|-15|-71|CG1163912|-21|-55|CG1163912|-21|-55|CG1163912|-21|-55|CG1163913|-26|-69|CG1163913|-26|-69|CG1163914|-45|-56|CG1163914|-45|-56|CG1163915|-47|-55|CG1163915|-47|-55|CG1163916|-52|-46|CG1163916|-52|-46
392|1|0|4182|24|CG1164002|-17|-74|CG1164003|-20|-74|CG1164002|-17|-74|CG1164003|-20|-74|CG1164002|-17|-74|CG1164003|-20|-74|CG1164004|-18|-74|CG1164001|-20|-74|CG1164004|-18|-74|CG1164001|-20|-74|CG1164004|-18|-74|CG1164001|-20|-74|CG1164004|-18|-74|CG1164001|-20|-74|CG1164004|-18|-74|CG1164001|-20|-74|CG1164002|-17|-74|CG1164003|-20|-74|CG1164004|-18|-74|CG1164001|-20|-74|CG1164004|-18|-74|CG1164001|-20|-74|CG1164004|-18|-74|CG1164001|-20|-74
392|1|1|697|6|CG1164014|-21|-79|CG1164015|-25|-79|CG1164016|-24|-81|CG1164017|-22|-79|CG1164018|-24|-80|CG1164019|-25|-81
392|1|2|600|5|CG1325413|-100|-113|CG1325414|-102|-107|CG1325415|-90|-159|CG1325416|-142|-98|CG1325417|-131|-103
392|1|3|425|6|CG1163967|-24|-84|CG1163968|-24|-82|CG1163969|-24|-83|CG1163970|-23|-82|CG1163971|-24|-82|CG1163972|-24|-84
392|1|4|
392|1|5|1088|14|CG1163957|-19|-75|CG1163957|-19|-75|CG1163959|-16|-86|CG1163959|-16|-86|CG1163960|-22|-71|CG1163960|-22|-71|CG1163961|-37|-82|CG1163962|-36|-95|CG1163962|-36|-95|CG1163963|-42|-75|CG1163964|-23|-81|CG1163965|-14|-82|CG1163966|-15|-85|CG1163958|-18|-79
392|1|6|1190|16|CG1163991|-17|-71|CG1163991|-17|-71|CG1163992|-18|-66|CG1163992|-18|-66|CG1163992|-18|-66|CG1163993|-18|-68|CG1163993|-18|-68|CG1163993|-18|-68|CG1163993|-18|-68|CG1163994|-38|-71|CG1163994|-38|-71|CG1163994|-38|-71|CG1163995|-36|-69|CG1163995|-36|-69|CG1163996|-38|-65|CG1163996|-38|-65
392|1|7|697|7|CG1164005|-16|-69|CG1164006|-11|-65|CG1164007|-13|-74|CG1164007|-13|-74|CG1164008|-15|-69|CG1164009|-26|-69|CG1164010|-27|-69
392|1|8|1000|2|CG1163982|-22|-78|CG1163983|-22|-50
392|1|9|1000|1|CG1163988|-19|-71
392|1|10|1088|13|CG1163976|-29|-68|CG1163976|-29|-68|CG1163977|-28|-50|CG1163977|-28|-50|CG1163977|-28|-50|CG1163978|-22|-70|CG1163978|-22|-70|CG1163979|-29|-63|CG1163979|-29|-63|CG1163980|-26|-63|CG1163980|-26|-63|CG1163981|-29|-56|CG1163981|-29|-56
392|2|0|4182|24|CG1164067|-18|-75|CG1164068|-18|-75|CG1164067|-18|-75|CG1164068|-18|-75|CG1164067|-18|-75|CG1164068|-18|-75|CG1164069|-18|-76|CG1164066|-17|-76|CG1164069|-18|-76|CG1164066|-17|-76|CG1164069|-18|-76|CG1164066|-17|-76|CG1164069|-18|-76|CG1164066|-17|-76|CG1164069|-18|-76|CG1164066|-17|-76|CG1164067|-18|-75|CG1164068|-18|-75|CG1164069|-18|-76|CG1164066|-17|-76|CG1164069|-18|-76|CG1164066|-17|-76|CG1164069|-18|-76|CG1164066|-17|-76
392|2|1|697|6|CG1164079|-23|-78|CG1164080|-17|-79|CG1164081|-22|-82|CG1164082|-24|-80|CG1164083|-21|-80|CG1164084|-18|-81
392|2|2|600|5|CG1325469|-119|-113|CG1325470|-90|-142|CG1325471|-82|-174|CG1325472|-99|-116|CG1325473|-109|-103
392|2|3|425|6|CG1164032|-29|-82|CG1164033|-29|-81|CG1164034|-29|-83|CG1164035|-29|-83|CG1164036|-29|-82|CG1164037|-29|-83
392|2|4|
392|2|5|1088|14|CG1164022|-17|-75|CG1164022|-17|-75|CG1164024|-7|-82|CG1164024|-7|-82|CG1164025|1|-71|CG1164025|1|-71|CG1164026|-12|-84|CG1164027|-4|-89|CG1164027|-4|-89|CG1164028|-11|-80|CG1164029|5|-79|CG1164030|-6|-74|CG1164031|-3|-79|CG1164023|-6|-78
392|2|6|1190|16|CG1164056|-20|-71|CG1164056|-20|-71|CG1164057|-17|-68|CG1164057|-17|-68|CG1164057|-17|-68|CG1164058|-43|-66|CG1164058|-43|-66|CG1164058|-43|-66|CG1164058|-43|-66|CG1164059|-29|-66|CG1164059|-29|-66|CG1164059|-29|-66|CG1164060|-29|-64|CG1164060|-29|-64|CG1164061|-30|-62|CG1164061|-30|-62
392|2|7|697|7|CG1164070|-16|-68|CG1164071|-18|-65|CG1164072|-19|-73|CG1164072|-19|-73|CG1164073|-14|-69|CG1164074|-14|-68|CG1164075|-15|-68
392|2|8|1000|2|CG1164047|-13|-75|CG1164048|-38|-55
392|2|9|1000|1|CG1164053|-16|-72
392|2|10|1088|13|CG1164041|-29|-68|CG1164041|-29|-68|CG1164042|-39|-52|CG1164042|-39|-52|CG1164042|-39|-52|CG1164043|-22|-66|CG1164043|-22|-66|CG1164044|-31|-54|CG1164044|-31|-54|CG1164045|-30|-56|CG1164045|-30|-56|CG1164046|-31|-47|CG1164046|-31|-47
392|3|0|4182|24|CG1164132|-16|-80|CG1164133|-16|-80|CG1164132|-16|-80|CG1164133|-16|-80|CG1164132|-16|-80|CG1164133|-16|-80|CG1164134|-16|-80|CG1164131|-16|-80|CG1164134|-16|-80|CG1164131|-16|-80|CG1164134|-16|-80|CG1164131|-16|-80|CG1164134|-16|-80|CG1164131|-16|-80|CG1164134|-16|-80|CG1164131|-16|-80|CG1164132|-16|-80|CG1164133|-16|-80|CG1164134|-16|-80|CG1164131|-16|-80|CG1164134|-16|-80|CG1164131|-16|-80|CG1164134|-16|-80|CG1164131|-16|-80
392|3|1|697|6|CG1164144|-23|-77|CG1164145|-13|-79|CG1164146|-22|-82|CG1164147|-27|-79|CG1164148|-15|-80|CG1164149|-16|-81
392|3|2|600|5|CG1325525|-125|-117|CG1325526|-119|-165|CG1325527|-116|-175|CG1325528|-58|-136|CG1325529|-81|-129
392|3|3|425|6|CG1164097|-21|-77|CG1164098|-20|-77|CG1164099|-23|-80|CG1164100|-22|-79|CG1164101|-21|-78|CG1164102|-23|-79
392|3|4|
392|3|5|1088|14|CG1164087|-21|-79|CG1164087|-21|-79|CG1164089|-10|-72|CG1164089|-10|-72|CG1164090|-9|-60|CG1164090|-9|-60|CG1164091|7|-76|CG1164092|28|-71|CG1164092|28|-71|CG1164093|18|-75|CG1164094|-2|-63|CG1164095|-11|-58|CG1164096|-6|-70|CG1164088|-7|-77
392|3|6|1190|16|CG1164121|-22|-76|CG1164121|-22|-76|CG1164122|-19|-72|CG1164122|-19|-72|CG1164122|-19|-72|CG1164123|-50|-74|CG1164123|-50|-74|CG1164123|-50|-74|CG1164123|-50|-74|CG1164124|-17|-55|CG1164124|-17|-55|CG1164124|-17|-55|CG1164125|-17|-53|CG1164125|-17|-53|CG1164126|-17|-57|CG1164126|-17|-57
392|3|7|697|7|CG1164135|-19|-74|CG1164136|-26|-70|CG1164137|-24|-72|CG1164137|-24|-72|CG1164138|-19|-72|CG1164139|-19|-72|CG1164140|-19|-73
392|3|8|1000|2|CG1164112|-9|-62|CG1164113|-46|-64
392|3|9|1000|1|CG1164118|-21|-74
392|3|10|1088|13|CG1164106|-33|-71|CG1164106|-33|-71|CG1164107|-51|-62|CG1164107|-51|-62|CG1164107|-51|-62|CG1164108|-17|-61|CG1164108|-17|-61|CG1164109|-27|-32|CG1164109|-27|-32|CG1164110|-21|-36|CG1164110|-21|-36|CG1164111|-27|-26|CG1164111|-27|-26
392|4|0|4182|24|CG1164197|-18|-84|CG1164198|-18|-84|CG1164197|-18|-84|CG1164198|-18|-84|CG1164197|-18|-84|CG1164198|-18|-84|CG1164199|-18|-84|CG1164196|-18|-85|CG1164199|-18|-84|CG1164196|-18|-85|CG1164199|-18|-84|CG1164196|-18|-85|CG1164199|-18|-84|CG1164196|-18|-85|CG1164199|-18|-84|CG1164196|-18|-85|CG1164197|-18|-84|CG1164198|-18|-84|CG1164199|-18|-84|CG1164196|-18|-85|CG1164199|-18|-84|CG1164196|-18|-85|CG1164199|-18|-84|CG1164196|-18|-85
392|4|1|697|6|CG1164209|-27|-76|CG1164210|-23|-79|CG1164211|-20|-82|CG1164212|-23|-77|CG1164213|-16|-79|CG1164214|-17|-81
392|4|2|600|5|CG1325581|-118|-123|CG1325582|-92|-162|CG1325583|-82|-152|CG1325584|-98|-119|CG1325585|-112|-122
392|4|3|425|6|CG1164162|-20|-72|CG1164163|-10|-72|CG1164164|-16|-75|CG1164165|-12|-73|CG1164166|-13|-72|CG1164167|-24|-74
392|4|4|
392|4|5|1088|14|CG1164152|-22|-84|CG1164152|-22|-84|CG1164154|-13|-61|CG1164154|-13|-61|CG1164155|-18|-43|CG1164155|-18|-43|CG1164156|20|-61|CG1164157|28|-49|CG1164157|28|-49|CG1164158|23|-62|CG1164159|-10|-40|CG1164160|-13|-43|CG1164161|-9|-63|CG1164153|-15|-76
392|4|6|1190|16|CG1164186|-23|-83|CG1164186|-23|-83|CG1164187|-19|-76|CG1164187|-19|-76|CG1164187|-19|-76|CG1164188|-35|-81|CG1164188|-35|-81|CG1164188|-35|-81|CG1164188|-35|-81|CG1164189|-20|-45|CG1164189|-20|-45|CG1164189|-20|-45|CG1164190|-20|-49|CG1164190|-20|-49|CG1164191|-20|-54|CG1164191|-20|-54
392|4|7|697|7|CG1164200|-21|-78|CG1164201|-28|-76|CG1164202|-25|-72|CG1164202|-25|-72|CG1164203|-21|-74|CG1164204|-21|-74|CG1164205|-21|-76
392|4|8|1000|2|CG1164177|-16|-50|CG1164178|-38|-79
392|4|9|1000|1|CG1164183|-28|-76
392|4|10|1088|13|CG1164171|-35|-81|CG1164171|-35|-81|CG1164172|-39|-71|CG1164172|-39|-71|CG1164172|-39|-71|CG1164173|-20|-56|CG1164173|-20|-56|CG1164174|-27|-28|CG1164174|-27|-28|CG1164175|-23|-33|CG1164175|-23|-33|CG1164176|-26|-28|CG1164176|-26|-28
392|5|0|4182|24|CG1164262|-14|-86|CG1164263|-14|-86|CG1164262|-14|-86|CG1164263|-14|-86|CG1164262|-14|-86|CG1164263|-14|-86|CG1164264|-14|-86|CG1164261|-14|-86|CG1164264|-14|-86|CG1164261|-14|-86|CG1164264|-14|-86|CG1164261|-14|-86|CG1164264|-14|-86|CG1164261|-14|-86|CG1164264|-14|-86|CG1164261|-14|-86|CG1164262|-14|-86|CG1164263|-14|-86|CG1164264|-14|-86|CG1164261|-14|-86|CG1164264|-14|-86|CG1164261|-14|-86|CG1164264|-14|-86|CG1164261|-14|-86
392|5|1|697|6|CG1164274|-23|-76|CG1164275|-24|-78|CG1164276|-19|-81|CG1164277|-14|-76|CG1164278|-16|-78|CG1164279|-22|-81
392|5|2|600|5|CG1325637|-87|-102|CG1325638|-101|-134|CG1325639|-81|-118|CG1325640|-146|-102|CG1325641|-132|-115
392|5|3|425|6|CG1164227|-14|-69|CG1164228|-14|-68|CG1164229|-14|-71|CG1164230|-13|-69|CG1164231|-13|-68|CG1164232|-14|-71
392|5|4|
392|5|5|1088|14|CG1164217|-19|-84|CG1164217|-19|-84|CG1164219|-19|-56|CG1164219|-19|-56|CG1164220|-27|-31|CG1164220|-27|-31|CG1164221|-3|-47|CG1164222|-1|-36|CG1164222|-1|-36|CG1164223|-24|-45|CG1164224|-27|-23|CG1164225|-22|-38|CG1164226|-29|-63|CG1164218|-25|-77
392|5|6|1190|16|CG1164251|-24|-86|CG1164251|-24|-86|CG1164252|-19|-76|CG1164252|-19|-76|CG1164252|-19|-76|CG1164253|-21|-85|CG1164253|-21|-85|CG1164253|-21|-85|CG1164253|-21|-85|CG1164254|-17|-41|CG1164254|-17|-41|CG1164254|-17|-41|CG1164255|-17|-39|CG1164255|-17|-39|CG1164256|-18|-55|CG1164256|-18|-55
392|5|7|697|7|CG1164265|-20|-78|CG1164266|-27|-80|CG1164267|-28|-74|CG1164267|-28|-74|CG1164268|-23|-74|CG1164269|-20|-74|CG1164270|-20|-76
392|5|8|1000|2|CG1164242|-20|-44|CG1164243|-29|-85
392|5|9|1000|1|CG1164248|-25|-76
392|5|10|1088|13|CG1164236|-25|-85|CG1164236|-25|-85|CG1164237|-25|-75|CG1164237|-25|-75|CG1164237|-25|-75|CG1164238|-20|-55|CG1164238|-20|-55|CG1164239|-32|-25|CG1164239|-32|-25|CG1164240|-33|-32|CG1164240|-33|-32|CG1164241|-35|-25|CG1164241|-35|-25
392|6|0|4182|24|CG1164327|-17|-84|CG1164328|-17|-84|CG1164327|-17|-84|CG1164328|-17|-84|CG1164327|-17|-84|CG1164328|-17|-84|CG1164329|-17|-83|CG1164326|-17|-83|CG1164329|-17|-83|CG1164326|-17|-83|CG1164329|-17|-83|CG1164326|-17|-83|CG1164329|-17|-83|CG1164326|-17|-83|CG1164329|-17|-83|CG1164326|-17|-83|CG1164327|-17|-84|CG1164328|-17|-84|CG1164329|-17|-83|CG1164326|-17|-83|CG1164329|-17|-83|CG1164326|-17|-83|CG1164329|-17|-83|CG1164326|-17|-83
392|6|1|697|6|CG1164339|-24|-76|CG1164340|-21|-78|CG1164341|-26|-80|CG1164342|-25|-75|CG1164343|-26|-77|CG1164344|-25|-81
392|6|2|600|5|CG1325693|-56|-115|CG1325694|-66|-158|CG1325695|-93|-143|CG1325696|-109|-126|CG1325697|-81|-115
392|6|3|425|6|CG1164292|-32|-70|CG1164293|-31|-69|CG1164294|-31|-71|CG1164295|-30|-69|CG1164296|-30|-68|CG1164297|-31|-71
392|6|4|
392|6|5|1088|14|CG1164282|-20|-82|CG1164282|-20|-82|CG1164284|-45|-62|CG1164284|-45|-62|CG1164285|-47|-33|CG1164285|-47|-33|CG1164286|-66|-44|CG1164287|-65|-42|CG1164287|-65|-42|CG1164288|-62|-37|CG1164289|-51|-29|CG1164290|-53|-48|CG1164291|-40|-69|CG1164283|-27|-77
392|6|6|1190|16|CG1164316|-16|-82|CG1164316|-16|-82|CG1164317|-21|-74|CG1164317|-21|-74|CG1164317|-21|-74|CG1164318|-11|-84|CG1164318|-11|-84|CG1164318|-11|-84|CG1164318|-11|-84|CG1164319|-34|-46|CG1164319|-34|-46|CG1164319|-34|-46|CG1164320|-35|-43|CG1164320|-35|-43|CG1164321|-31|-58|CG1164321|-31|-58
392|6|7|697|7|CG1164330|-22|-75|CG1164331|-22|-80|CG1164332|-23|-75|CG1164332|-23|-75|CG1164333|-36|-72|CG1164334|-22|-72|CG1164335|-22|-73
392|6|8|1000|2|CG1164307|-34|-46|CG1164308|-22|-79
392|6|9|1000|1|CG1164313|-27|-75
392|6|10|1088|13|CG1164301|-8|-80|CG1164301|-8|-80|CG1164302|-19|-72|CG1164302|-19|-72|CG1164302|-19|-72|CG1164303|-31|-58|CG1164303|-31|-58|CG1164304|-54|-26|CG1164304|-54|-26|CG1164305|-55|-35|CG1164305|-55|-35|CG1164306|-57|-26|CG1164306|-57|-26
392|7|0|4182|24|CG1164392|-15|-80|CG1164393|-15|-81|CG1164392|-15|-80|CG1164393|-15|-81|CG1164392|-15|-80|CG1164393|-15|-81|CG1164394|-15|-80|CG1164391|-15|-80|CG1164394|-15|-80|CG1164391|-15|-80|CG1164394|-15|-80|CG1164391|-15|-80|CG1164394|-15|-80|CG1164391|-15|-80|CG1164394|-15|-80|CG1164391|-15|-80|CG1164392|-15|-80|CG1164393|-15|-81|CG1164394|-15|-80|CG1164391|-15|-80|CG1164394|-15|-80|CG1164391|-15|-80|CG1164394|-15|-80|CG1164391|-15|-80
392|7|1|697|6|CG1164404|-26|-78|CG1164405|-25|-80|CG1164406|-25|-81|CG1164407|-31|-77|CG1164408|-27|-79|CG1164409|-25|-81
392|7|2|600|5|CG1325749|-65|-111|CG1325750|-73|-164|CG1325751|-68|-170|CG1325752|-60|-150|CG1325753|-60|-127
392|7|3|425|6|CG1164357|-39|-77|CG1164358|-39|-76|CG1164359|-39|-77|CG1164360|-39|-75|CG1164361|-39|-75|CG1164362|-39|-77
392|7|4|
392|7|5|1088|14|CG1164347|-24|-78|CG1164347|-24|-78|CG1164349|-50|-73|CG1164349|-50|-73|CG1164350|-63|-47|CG1164350|-63|-47|CG1164351|-95|-54|CG1164352|-95|-64|CG1164352|-95|-64|CG1164353|-77|-45|CG1164354|-73|-49|CG1164355|-61|-65|CG1164356|-41|-79|CG1164348|-31|-80
392|7|6|1190|16|CG1164381|-17|-77|CG1164381|-17|-77|CG1164382|-24|-71|CG1164382|-24|-71|CG1164382|-24|-71|CG1164383|-12|-81|CG1164383|-12|-81|CG1164383|-12|-81|CG1164383|-12|-81|CG1164384|-40|-57|CG1164384|-40|-57|CG1164384|-40|-57|CG1164385|-43|-54|CG1164385|-43|-54|CG1164386|-35|-63|CG1164386|-35|-63
392|7|7|697|7|CG1164395|-30|-72|CG1164396|-27|-75|CG1164397|-26|-74|CG1164397|-26|-74|CG1164398|-41|-70|CG1164399|-39|-69|CG1164400|-32|-70
392|7|8|1000|2|CG1164372|-48|-58|CG1164373|-27|-66
392|7|9|1000|1|CG1164378|-22|-75
392|7|10|1088|13|CG1164366|-4|-73|CG1164366|-4|-73|CG1164367|-7|-65|CG1164367|-7|-65|CG1164367|-7|-65|CG1164368|-35|-65|CG1164368|-35|-65|CG1164369|-63|-36|CG1164369|-63|-36|CG1164370|-63|-36|CG1164370|-63|-36|CG1164371|-69|-27|CG1164371|-69|-27
