351|0|0|986|6|CG1147339|-27|-67|CG1147340|-24|-67|CG1147341|-20|-67|CG1147342|-17|-67|CG1147341|-20|-67|CG1147340|-24|-67
351|0|1|1000|6|CG1147347|-23|-67|CG1147348|-27|-68|CG1147349|-32|-67|CG1147350|-35|-67|CG1147351|-33|-68|CG1147352|-27|-67
351|0|2|600|5|CG1325357|-54|-113|CG1325358|-66|-144|CG1325359|-95|-176|CG1325360|-103|-137|CG1325361|-78|-106
351|0|3|510|6|CG1147308|-22|-69|CG1147309|-26|-67|CG1147310|-35|-66|CG1147311|-38|-69|CG1147312|-30|-67|CG1147313|-25|-66
351|0|4|
351|0|5|799|10|CG1147300|-19|-61|CG1147301|-19|-66|CG1147302|-26|-71|CG1147303|-38|-70|CG1147304|-68|-61|CG1147305|-68|-61|CG1147305|-68|-61|CG1147306|-31|-73|CG1147307|-18|-67|CG1147300|-19|-61
351|0|6|2193|22|CG1147329|-28|-67|CG1147329|-28|-67|CG1147330|-21|-75|CG1147330|-21|-75|CG1147331|-18|-67|CG1147331|-18|-67|CG1147329|-28|-67|CG1147329|-28|-67|CG1147330|-21|-75|CG1147330|-21|-75|CG1147331|-18|-67|CG1147331|-18|-67|CG1147329|-28|-67|CG1147329|-28|-67|CG1147330|-21|-75|CG1147330|-21|-75|CG1147331|-18|-67|CG1147332|-47|-68|CG1147333|-38|-56|CG1147334|-39|-55|CG1147335|-47|-62|CG1147329|-28|-67
351|0|7|1000|8|CG1146799|-15|-67|CG1146800|-20|-66|CG1146801|-23|-65|CG1146802|-15|-64|CG1146803|-16|-63|CG1146804|-29|-65|CG1146805|-28|-67|CG1146800|-20|-66
351|0|8|1000|2|CG1147324|-25|-57|CG1147325|-23|-45
351|0|9|1000|1|CG1147326|-35|-76
351|0|10|986|8|CG1147316|-30|-66|CG1147317|-55|-56|CG1147318|-62|-55|CG1147319|-50|-59|CG1147320|-13|-41|CG1147321|-10|-31|CG1147322|-10|-19|CG1147323|-15|-12
351|1|0|986|6|CG1147394|-18|-68|CG1147395|-18|-68|CG1147396|-17|-68|CG1147397|-17|-68|CG1147396|-17|-68|CG1147395|-18|-68
351|1|1|1000|6|CG1147402|-15|-68|CG1147403|-16|-69|CG1147404|-17|-68|CG1147405|-17|-68|CG1147406|-19|-69|CG1147407|-18|-68
351|1|2|600|5|CG1325413|-100|-113|CG1325414|-102|-107|CG1325415|-90|-159|CG1325416|-142|-98|CG1325417|-131|-103
351|1|3|510|6|CG1147363|-12|-71|CG1147364|-16|-69|CG1147365|-17|-68|CG1147366|-12|-71|CG1147367|-17|-69|CG1147368|-15|-67
351|1|4|
351|1|5|799|10|CG1147355|-17|-60|CG1147356|-18|-66|CG1147357|-15|-71|CG1147358|-19|-73|CG1147359|-13|-67|CG1147360|-13|-67|CG1147360|-13|-67|CG1147361|-12|-74|CG1147362|-19|-66|CG1147355|-17|-60
351|1|6|2193|22|CG1147384|-18|-68|CG1147384|-18|-68|CG1147385|-30|-69|CG1147385|-30|-69|CG1147386|-25|-68|CG1147386|-25|-68|CG1147384|-18|-68|CG1147384|-18|-68|CG1147385|-30|-69|CG1147385|-30|-69|CG1147386|-25|-68|CG1147386|-25|-68|CG1147384|-18|-68|CG1147384|-18|-68|CG1147385|-30|-69|CG1147385|-30|-69|CG1147386|-25|-68|CG1147387|-33|-69|CG1147388|-47|-59|CG1147389|-47|-59|CG1147390|-43|-65|CG1147384|-18|-68
351|1|7|1000|8|CG1146868|-18|-68|CG1146869|-15|-68|CG1146870|-12|-66|CG1146871|-12|-65|CG1146872|-11|-63|CG1146873|-13|-69|CG1146874|-21|-70|CG1146869|-15|-68
351|1|8|1000|2|CG1147379|-30|-62|CG1147380|-36|-41
351|1|9|1000|1|CG1147381|-16|-85
351|1|10|986|8|CG1147371|-13|-67|CG1147372|-21|-62|CG1147373|-29|-61|CG1147374|-41|-78|CG1147375|-44|-39|CG1147376|-40|-28|CG1147377|-38|-13|CG1147378|-43|-9
351|2|0|986|6|CG1147449|-15|-67|CG1147450|-14|-67|CG1147451|-12|-67|CG1147452|-11|-67|CG1147451|-12|-67|CG1147450|-14|-67
351|2|1|1000|6|CG1147457|-22|-67|CG1147458|-19|-68|CG1147459|-16|-68|CG1147460|-19|-67|CG1147461|-18|-68|CG1147462|-12|-68
351|2|2|600|5|CG1325469|-119|-113|CG1325470|-90|-142|CG1325471|-82|-174|CG1325472|-99|-116|CG1325473|-109|-103
351|2|3|510|6|CG1147418|-27|-70|CG1147419|-19|-68|CG1147420|-22|-66|CG1147421|-21|-70|CG1147422|-21|-67|CG1147423|-14|-66
351|2|4|
351|2|5|799|10|CG1147410|-22|-54|CG1147411|-20|-60|CG1147412|-15|-66|CG1147413|-9|-69|CG1147414|-10|-63|CG1147415|-10|-63|CG1147415|-10|-63|CG1147416|-12|-69|CG1147417|-22|-61|CG1147410|-22|-54
351|2|6|2193|22|CG1147439|-15|-67|CG1147439|-15|-67|CG1147440|-23|-69|CG1147440|-23|-69|CG1147441|-21|-67|CG1147441|-21|-67|CG1147439|-15|-67|CG1147439|-15|-67|CG1147440|-23|-69|CG1147440|-23|-69|CG1147441|-21|-67|CG1147441|-21|-67|CG1147439|-15|-67|CG1147439|-15|-67|CG1147440|-23|-69|CG1147440|-23|-69|CG1147441|-21|-67|CG1147442|-11|-68|CG1147443|-29|-55|CG1147444|-29|-55|CG1147445|-15|-62|CG1147439|-15|-67
351|2|7|1000|8|CG1146937|-15|-67|CG1146938|-11|-67|CG1146939|-11|-65|CG1146940|-18|-63|CG1146941|-24|-63|CG1146942|-8|-66|CG1146943|-11|-67|CG1146938|-11|-67
351|2|8|1000|2|CG1147434|-26|-67|CG1147435|-48|-52
351|2|9|1000|1|CG1147436|-13|-85
351|2|10|986|8|CG1147426|-16|-66|CG1147427|-20|-63|CG1147428|-21|-62|CG1147429|-23|-87|CG1147430|-80|-54|CG1147431|-91|-25|CG1147432|-85|-19|CG1147433|-83|-11
351|3|0|986|6|CG1147504|-13|-67|CG1147505|-14|-67|CG1147506|-16|-67|CG1147507|-17|-66|CG1147506|-16|-67|CG1147505|-14|-67
351|3|1|1000|6|CG1147512|-25|-66|CG1147513|-20|-67|CG1147514|-14|-66|CG1147515|-25|-66|CG1147516|-20|-67|CG1147517|-19|-67
351|3|2|600|5|CG1325525|-125|-117|CG1325526|-119|-165|CG1325527|-116|-175|CG1325528|-58|-136|CG1325529|-81|-129
351|3|3|510|6|CG1147473|-30|-66|CG1147474|-19|-65|CG1147475|-17|-63|CG1147476|-30|-67|CG1147477|-19|-64|CG1147478|-14|-63
351|3|4|
351|3|5|799|10|CG1147465|-27|-50|CG1147466|-42|-54|CG1147467|-10|-57|CG1147468|-4|-58|CG1147469|-6|-51|CG1147470|-6|-51|CG1147470|-6|-51|CG1147471|-9|-59|CG1147472|-45|-55|CG1147465|-27|-50
351|3|6|2193|22|CG1147494|-13|-67|CG1147494|-13|-67|CG1147495|-14|-68|CG1147495|-14|-68|CG1147496|-15|-68|CG1147496|-15|-68|CG1147494|-13|-67|CG1147494|-13|-67|CG1147495|-14|-68|CG1147495|-14|-68|CG1147496|-15|-68|CG1147496|-15|-68|CG1147494|-13|-67|CG1147494|-13|-67|CG1147495|-14|-68|CG1147495|-14|-68|CG1147496|-15|-68|CG1147497|-9|-64|CG1147498|-10|-45|CG1147499|-10|-44|CG1147500|-10|-54|CG1147494|-13|-67
351|3|7|1000|8|CG1147006|-13|-67|CG1147007|-8|-65|CG1147008|-8|-62|CG1147009|-21|-65|CG1147010|-29|-63|CG1147011|-6|-58|CG1147012|-9|-60|CG1147007|-8|-65
351|3|8|1000|2|CG1147489|-16|-68|CG1147490|-41|-66
351|3|9|1000|1|CG1147491|-12|-75
351|3|10|986|8|CG1147481|-15|-62|CG1147482|-20|-58|CG1147483|-21|-58|CG1147484|-21|-83|CG1147485|-68|-83|CG1147486|-98|-42|CG1147487|-111|-37|CG1147488|-111|-31
351|4|0|986|6|CG1147559|-19|-67|CG1147560|-19|-66|CG1147561|-20|-66|CG1147562|-20|-66|CG1147561|-20|-66|CG1147560|-19|-66
351|4|1|1000|6|CG1147567|-23|-65|CG1147568|-23|-67|CG1147569|-21|-66|CG1147570|-22|-65|CG1147571|-19|-67|CG1147572|-22|-66
351|4|2|600|5|CG1325581|-118|-123|CG1325582|-92|-162|CG1325583|-82|-152|CG1325584|-98|-119|CG1325585|-112|-122
351|4|3|510|6|CG1147528|-22|-64|CG1147529|-20|-62|CG1147530|-15|-61|CG1147531|-26|-64|CG1147532|-19|-61|CG1147533|-19|-60
351|4|4|
351|4|5|799|10|CG1147520|-50|-49|CG1147521|-52|-51|CG1147522|-31|-51|CG1147523|-9|-49|CG1147524|-3|-39|CG1147525|-3|-39|CG1147525|-3|-39|CG1147526|-11|-52|CG1147527|-51|-51|CG1147520|-50|-49
351|4|6|2193|22|CG1147549|-18|-67|CG1147549|-18|-67|CG1147550|-23|-68|CG1147550|-23|-68|CG1147551|-22|-68|CG1147551|-22|-68|CG1147549|-18|-67|CG1147549|-18|-67|CG1147550|-23|-68|CG1147550|-23|-68|CG1147551|-22|-68|CG1147551|-22|-68|CG1147549|-18|-67|CG1147549|-18|-67|CG1147550|-23|-68|CG1147550|-23|-68|CG1147551|-22|-68|CG1147552|-16|-60|CG1147553|-11|-36|CG1147554|-11|-36|CG1147555|-11|-45|CG1147549|-18|-67
351|4|7|1000|8|CG1147075|-15|-67|CG1147076|-11|-63|CG1147077|-11|-59|CG1147078|-18|-68|CG1147079|-25|-67|CG1147080|-8|-51|CG1147081|-11|-54|CG1147076|-11|-63
351|4|8|1000|2|CG1147544|-15|-68|CG1147545|-20|-73
351|4|9|1000|1|CG1147546|-14|-61
351|4|10|986|8|CG1147536|-18|-60|CG1147537|-11|-50|CG1147538|-12|-50|CG1147539|-12|-69|CG1147540|-26|-100|CG1147541|-53|-72|CG1147542|-73|-53|CG1147543|-74|-46
351|5|0|986|6|CG1147614|-18|-67|CG1147615|-18|-67|CG1147616|-21|-66|CG1147617|-24|-66|CG1147616|-21|-66|CG1147615|-18|-67
351|5|1|1000|6|CG1147622|-17|-65|CG1147623|-19|-67|CG1147624|-19|-66|CG1147625|-18|-65|CG1147626|-17|-67|CG1147627|-17|-66
351|5|2|600|5|CG1325637|-87|-102|CG1325638|-101|-134|CG1325639|-81|-118|CG1325640|-146|-102|CG1325641|-132|-115
351|5|3|510|6|CG1147583|-18|-63|CG1147584|-21|-61|CG1147585|-17|-60|CG1147586|-15|-63|CG1147587|-19|-61|CG1147588|-22|-59
351|5|4|
351|5|5|799|10|CG1147575|-44|-52|CG1147576|-32|-52|CG1147577|-46|-51|CG1147578|-19|-45|CG1147579|-11|-34|CG1147580|-11|-34|CG1147580|-11|-34|CG1147581|-44|-51|CG1147582|-28|-53|CG1147575|-44|-52
351|5|6|2193|22|CG1147604|-18|-67|CG1147604|-18|-67|CG1147605|-54|-68|CG1147605|-54|-68|CG1147606|-34|-69|CG1147606|-34|-69|CG1147604|-18|-67|CG1147604|-18|-67|CG1147605|-54|-68|CG1147605|-54|-68|CG1147606|-34|-69|CG1147606|-34|-69|CG1147604|-18|-67|CG1147604|-18|-67|CG1147605|-54|-68|CG1147605|-54|-68|CG1147606|-34|-69|CG1147607|-22|-59|CG1147608|-18|-33|CG1147609|-18|-33|CG1147610|-20|-42|CG1147604|-18|-67
351|5|7|1000|8|CG1147144|-18|-67|CG1147145|-15|-63|CG1147146|-12|-59|CG1147147|-12|-69|CG1147148|-13|-69|CG1147149|-13|-48|CG1147150|-22|-52|CG1147145|-15|-63
351|5|8|1000|2|CG1147599|-24|-64|CG1147600|-26|-71
351|5|9|1000|1|CG1147601|-15|-55
351|5|10|986|8|CG1147591|-24|-59|CG1147592|-18|-43|CG1147593|-16|-43|CG1147594|-12|-60|CG1147595|-10|-97|CG1147596|-14|-78|CG1147597|-18|-68|CG1147598|-22|-60
351|6|0|986|6|CG1147669|-47|-67|CG1147670|-48|-67|CG1147671|-50|-66|CG1147672|-50|-66|CG1147671|-50|-66|CG1147670|-48|-67
351|6|1|1000|6|CG1147677|-42|-66|CG1147678|-43|-67|CG1147679|-43|-67|CG1147680|-42|-66|CG1147681|-42|-67|CG1147682|-42|-67
351|6|2|600|5|CG1325693|-56|-115|CG1325694|-66|-158|CG1325695|-93|-143|CG1325696|-109|-126|CG1325697|-81|-115
351|6|3|510|6|CG1147638|-45|-64|CG1147639|-51|-62|CG1147640|-58|-61|CG1147641|-58|-65|CG1147642|-58|-62|CG1147643|-55|-61
351|6|4|
351|6|5|799|10|CG1147630|-26|-57|CG1147631|-30|-58|CG1147632|-35|-58|CG1147633|-62|-51|CG1147634|-82|-38|CG1147635|-82|-38|CG1147635|-82|-38|CG1147636|-50|-57|CG1147637|-30|-59|CG1147630|-26|-57
351|6|6|2193|22|CG1147659|-50|-67|CG1147659|-50|-67|CG1147660|-64|-69|CG1147660|-64|-69|CG1147661|-58|-69|CG1147661|-58|-69|CG1147659|-50|-67|CG1147659|-50|-67|CG1147660|-64|-69|CG1147660|-64|-69|CG1147661|-58|-69|CG1147661|-58|-69|CG1147659|-50|-67|CG1147659|-50|-67|CG1147660|-64|-69|CG1147660|-64|-69|CG1147661|-58|-69|CG1147662|-21|-61|CG1147663|-31|-37|CG1147664|-31|-36|CG1147665|-29|-45|CG1147659|-50|-67
351|6|7|1000|8|CG1147213|-15|-67|CG1147214|-20|-64|CG1147215|-23|-60|CG1147216|-15|-68|CG1147217|-15|-67|CG1147218|-31|-51|CG1147219|-29|-55|CG1147214|-20|-64
351|6|8|1000|2|CG1147654|-58|-60|CG1147655|-59|-60
351|6|9|1000|1|CG1147656|-18|-56
351|6|10|986|8|CG1147646|-57|-61|CG1147647|-36|-42|CG1147648|-26|-42|CG1147649|-25|-55|CG1147650|-19|-75|CG1147651|-13|-59|CG1147652|-9|-54|CG1147653|-11|-47
351|7|0|986|6|CG1147724|-51|-66|CG1147725|-50|-66|CG1147726|-48|-66|CG1147727|-46|-66|CG1147726|-48|-66|CG1147725|-50|-66
351|7|1|1000|6|CG1147732|-46|-66|CG1147733|-49|-67|CG1147734|-52|-66|CG1147735|-54|-66|CG1147736|-53|-67|CG1147737|-48|-66
351|7|2|600|5|CG1325749|-65|-111|CG1325750|-73|-164|CG1325751|-68|-170|CG1325752|-60|-150|CG1325753|-60|-127
351|7|3|510|6|CG1147693|-45|-66|CG1147694|-54|-64|CG1147695|-65|-63|CG1147696|-67|-66|CG1147697|-61|-64|CG1147698|-54|-63
351|7|4|
351|7|5|799|10|CG1147685|-24|-60|CG1147686|-31|-63|CG1147687|-38|-65|CG1147688|-69|-60|CG1147689|-105|-49|CG1147690|-105|-49|CG1147690|-105|-49|CG1147691|-41|-66|CG1147692|-30|-64|CG1147685|-24|-60
351|7|6|2193|22|CG1147714|-54|-67|CG1147714|-54|-67|CG1147715|-38|-70|CG1147715|-38|-70|CG1147716|-48|-67|CG1147716|-48|-67|CG1147714|-54|-67|CG1147714|-54|-67|CG1147715|-38|-70|CG1147715|-38|-70|CG1147716|-48|-67|CG1147716|-48|-67|CG1147714|-54|-67|CG1147714|-54|-67|CG1147715|-38|-70|CG1147715|-38|-70|CG1147716|-48|-67|CG1147717|-34|-64|CG1147718|-39|-46|CG1147719|-39|-45|CG1147720|-37|-54|CG1147714|-54|-67
351|7|7|1000|8|CG1147282|-15|-66|CG1147283|-19|-64|CG1147284|-30|-62|CG1147285|-17|-65|CG1147286|-15|-64|CG1147287|-35|-58|CG1147288|-33|-60|CG1147283|-19|-64
351|7|8|1000|2|CG1147709|-57|-57|CG1147710|-57|-49
351|7|9|1000|1|CG1147711|-37|-62
351|7|10|986|8|CG1147701|-60|-64|CG1147702|-65|-49|CG1147703|-60|-47|CG1147704|-30|-51|CG1147705|-20|-54|CG1147706|-8|-33|CG1147707|-6|-24|CG1147708|-6|-18
