399|0|0|4182|24|CG1166921|-18|-76|CG1166922|-20|-76|CG1166921|-18|-76|CG1166922|-20|-76|CG1166921|-18|-76|CG1166922|-20|-76|CG1166923|-18|-75|CG1166920|-20|-75|CG1166923|-18|-75|CG1166920|-20|-75|CG1166923|-18|-75|CG1166920|-20|-75|CG1166923|-18|-75|CG1166920|-20|-75|CG1166923|-18|-75|CG1166920|-20|-75|CG1166921|-18|-76|CG1166922|-20|-76|CG1166923|-18|-75|CG1166920|-20|-75|CG1166923|-18|-75|CG1166920|-20|-75|CG1166923|-18|-75|CG1166920|-20|-75
399|0|1|697|6|CG1166926|-30|-79|CG1166927|-26|-80|CG1166928|-23|-81|CG1166929|-24|-79|CG1166930|-23|-78|CG1166931|-26|-78
399|0|2|600|5|CG1325357|-54|-113|CG1325358|-66|-144|CG1325359|-95|-176|CG1325360|-103|-137|CG1325361|-78|-106
399|0|3|425|6|CG1166892|-31|-81|CG1166893|-31|-80|CG1166894|-32|-82|CG1166895|-33|-80|CG1166896|-32|-80|CG1166897|-31|-82
399|0|4|
399|0|5|1000|14|CG1166885|-30|-66|CG1166885|-30|-66|CG1166886|-34|-56|CG1166886|-34|-56|CG1166887|-32|-104|CG1166887|-32|-104|CG1166888|-86|-82|CG1166888|-86|-82|CG1166889|-67|-85|CG1166889|-67|-85|CG1166890|-37|-105|CG1166890|-37|-105|CG1166891|-34|-72|CG1166891|-34|-72
399|0|6|1190|16|CG1166911|-18|-72|CG1166911|-18|-72|CG1166912|-23|-67|CG1166912|-23|-67|CG1166912|-23|-67|CG1166913|-15|-75|CG1166913|-15|-75|CG1166913|-15|-75|CG1166913|-15|-75|CG1166914|-31|-67|CG1166914|-31|-67|CG1166914|-31|-67|CG1166915|-34|-65|CG1166915|-34|-65|CG1166916|-26|-66|CG1166916|-26|-66
399|0|7|697|7|CG1166412|-26|-69|CG1166413|-21|-70|CG1166414|-19|-75|CG1166414|-19|-75|CG1166415|-27|-69|CG1166416|-42|-68|CG1166417|-38|-68
399|0|8|1000|2|CG1166906|-39|-70|CG1166907|-21|-51
399|0|9|1000|1|CG1166908|-25|-72
399|0|10|1088|13|CG1166900|-15|-71|CG1166900|-15|-71|CG1166901|-21|-55|CG1166901|-21|-55|CG1166901|-21|-55|CG1166902|-26|-68|CG1166902|-26|-68|CG1166903|-45|-56|CG1166903|-45|-56|CG1166904|-47|-55|CG1166904|-47|-55|CG1166905|-52|-46|CG1166905|-52|-46
399|1|0|4182|24|CG1166971|-17|-74|CG1166972|-20|-74|CG1166971|-17|-74|CG1166972|-20|-74|CG1166971|-17|-74|CG1166972|-20|-74|CG1166973|-18|-74|CG1166970|-20|-74|CG1166973|-18|-74|CG1166970|-20|-74|CG1166973|-18|-74|CG1166970|-20|-74|CG1166973|-18|-74|CG1166970|-20|-74|CG1166973|-18|-74|CG1166970|-20|-74|CG1166971|-17|-74|CG1166972|-20|-74|CG1166973|-18|-74|CG1166970|-20|-74|CG1166973|-18|-74|CG1166970|-20|-74|CG1166973|-18|-74|CG1166970|-20|-74
399|1|1|697|6|CG1166976|-22|-79|CG1166977|-25|-79|CG1166978|-24|-81|CG1166979|-22|-79|CG1166980|-24|-78|CG1166981|-25|-77
399|1|2|600|5|CG1325413|-100|-113|CG1325414|-102|-107|CG1325415|-90|-159|CG1325416|-142|-98|CG1325417|-131|-103
399|1|3|425|6|CG1166942|-24|-83|CG1166943|-24|-82|CG1166944|-24|-83|CG1166945|-23|-82|CG1166946|-24|-82|CG1166947|-24|-84
399|1|4|
399|1|5|1000|14|CG1166935|-30|-72|CG1166935|-30|-72|CG1166936|-57|-66|CG1166936|-57|-66|CG1166937|-20|-96|CG1166937|-20|-96|CG1166938|-29|-87|CG1166938|-29|-87|CG1166939|-20|-90|CG1166939|-20|-90|CG1166940|-22|-104|CG1166940|-22|-104|CG1166941|-26|-74|CG1166941|-26|-74
399|1|6|1190|16|CG1166961|-20|-71|CG1166961|-20|-71|CG1166962|-20|-66|CG1166962|-20|-66|CG1166962|-20|-66|CG1166963|-18|-68|CG1166963|-18|-68|CG1166963|-18|-68|CG1166963|-18|-68|CG1166964|-38|-71|CG1166964|-38|-71|CG1166964|-38|-71|CG1166965|-36|-69|CG1166965|-36|-69|CG1166966|-38|-65|CG1166966|-38|-65
399|1|7|697|7|CG1166477|-16|-69|CG1166478|-11|-65|CG1166479|-13|-74|CG1166479|-13|-74|CG1166480|-15|-69|CG1166481|-26|-69|CG1166482|-27|-69
399|1|8|1000|2|CG1166956|-27|-78|CG1166957|-33|-50
399|1|9|1000|1|CG1166958|-28|-71
399|1|10|1088|13|CG1166950|-29|-68|CG1166950|-29|-68|CG1166951|-28|-50|CG1166951|-28|-50|CG1166951|-28|-50|CG1166952|-22|-70|CG1166952|-22|-70|CG1166953|-29|-63|CG1166953|-29|-63|CG1166954|-26|-63|CG1166954|-26|-63|CG1166955|-29|-56|CG1166955|-29|-56
399|2|0|4182|24|CG1167021|-19|-75|CG1167022|-19|-75|CG1167021|-19|-75|CG1167022|-19|-75|CG1167021|-19|-75|CG1167022|-19|-75|CG1167023|-19|-76|CG1167020|-19|-76|CG1167023|-19|-76|CG1167020|-19|-76|CG1167023|-19|-76|CG1167020|-19|-76|CG1167023|-19|-76|CG1167020|-19|-76|CG1167023|-19|-76|CG1167020|-19|-76|CG1167021|-19|-75|CG1167022|-19|-75|CG1167023|-19|-76|CG1167020|-19|-76|CG1167023|-19|-76|CG1167020|-19|-76|CG1167023|-19|-76|CG1167020|-19|-76
399|2|1|697|6|CG1167026|-31|-78|CG1167027|-24|-79|CG1167028|-25|-82|CG1167029|-29|-80|CG1167030|-26|-79|CG1167031|-23|-78
399|2|2|600|5|CG1325469|-119|-113|CG1325470|-90|-142|CG1325471|-82|-174|CG1325472|-99|-116|CG1325473|-109|-103
399|2|3|425|6|CG1166992|-29|-82|CG1166993|-29|-81|CG1166994|-29|-83|CG1166995|-29|-83|CG1166996|-29|-82|CG1166997|-29|-83
399|2|4|
399|2|5|1000|14|CG1166985|-45|-76|CG1166985|-45|-76|CG1166986|-61|-74|CG1166986|-61|-74|CG1166987|-8|-81|CG1166987|-8|-81|CG1166988|-5|-79|CG1166988|-5|-79|CG1166989|-5|-86|CG1166989|-5|-86|CG1166990|-8|-95|CG1166990|-8|-95|CG1166991|-27|-74|CG1166991|-27|-74
399|2|6|1190|16|CG1167011|-31|-71|CG1167011|-31|-71|CG1167012|-27|-68|CG1167012|-27|-68|CG1167012|-27|-68|CG1167013|-43|-66|CG1167013|-43|-66|CG1167013|-43|-66|CG1167013|-43|-66|CG1167014|-32|-66|CG1167014|-32|-66|CG1167014|-32|-66|CG1167015|-29|-64|CG1167015|-29|-64|CG1167016|-34|-62|CG1167016|-34|-62
399|2|7|697|7|CG1166542|-16|-68|CG1166543|-18|-65|CG1166544|-19|-73|CG1166544|-19|-73|CG1166545|-14|-69|CG1166546|-14|-68|CG1166547|-15|-68
399|2|8|1000|2|CG1167006|-39|-75|CG1167007|-38|-55
399|2|9|1000|1|CG1167008|-16|-72
399|2|10|1088|13|CG1167000|-43|-68|CG1167000|-43|-68|CG1167001|-39|-52|CG1167001|-39|-52|CG1167001|-39|-52|CG1167002|-35|-66|CG1167002|-35|-66|CG1167003|-31|-54|CG1167003|-31|-54|CG1167004|-30|-56|CG1167004|-30|-56|CG1167005|-31|-47|CG1167005|-31|-47
399|3|0|4182|24|CG1167071|-16|-80|CG1167072|-16|-80|CG1167071|-16|-80|CG1167072|-16|-80|CG1167071|-16|-80|CG1167072|-16|-80|CG1167073|-16|-80|CG1167070|-16|-80|CG1167073|-16|-80|CG1167070|-16|-80|CG1167073|-16|-80|CG1167070|-16|-80|CG1167073|-16|-80|CG1167070|-16|-80|CG1167073|-16|-80|CG1167070|-16|-80|CG1167071|-16|-80|CG1167072|-16|-80|CG1167073|-16|-80|CG1167070|-16|-80|CG1167073|-16|-80|CG1167070|-16|-80|CG1167073|-16|-80|CG1167070|-16|-80
399|3|1|697|6|CG1167076|-23|-77|CG1167077|-14|-79|CG1167078|-22|-82|CG1167079|-27|-79|CG1167080|-19|-79|CG1167081|-16|-78
399|3|2|600|5|CG1325525|-125|-117|CG1325526|-119|-165|CG1325527|-116|-175|CG1325528|-58|-136|CG1325529|-81|-129
399|3|3|425|6|CG1167042|-21|-77|CG1167043|-20|-77|CG1167044|-23|-80|CG1167045|-22|-79|CG1167046|-21|-78|CG1167047|-23|-79
399|3|4|
399|3|5|1000|14|CG1167035|-47|-80|CG1167035|-47|-80|CG1167036|-32|-77|CG1167036|-32|-77|CG1167037|1|-75|CG1167037|1|-75|CG1167038|4|-61|CG1167038|4|-61|CG1167039|2|-75|CG1167039|2|-75|CG1167040|1|-82|CG1167040|1|-82|CG1167041|-50|-76|CG1167041|-50|-76
399|3|6|1190|16|CG1167061|-25|-76|CG1167061|-25|-76|CG1167062|-19|-72|CG1167062|-19|-72|CG1167062|-19|-72|CG1167063|-50|-74|CG1167063|-50|-74|CG1167063|-50|-74|CG1167063|-50|-74|CG1167064|-24|-55|CG1167064|-24|-55|CG1167064|-24|-55|CG1167065|-21|-57|CG1167065|-21|-57|CG1167066|-32|-57|CG1167066|-32|-57
399|3|7|697|7|CG1166607|-19|-74|CG1166608|-26|-70|CG1166609|-24|-72|CG1166609|-24|-72|CG1166610|-19|-72|CG1166611|-19|-72|CG1166612|-19|-73
399|3|8|1000|2|CG1167056|-28|-62|CG1167057|-46|-64
399|3|9|1000|1|CG1167058|-21|-74
399|3|10|1088|13|CG1167050|-36|-71|CG1167050|-36|-71|CG1167051|-51|-62|CG1167051|-51|-62|CG1167051|-51|-62|CG1167052|-29|-61|CG1167052|-29|-61|CG1167053|-27|-42|CG1167053|-27|-42|CG1167054|-21|-36|CG1167054|-21|-36|CG1167055|-27|-26|CG1167055|-27|-26
399|4|0|4182|24|CG1167121|-23|-84|CG1167122|-23|-84|CG1167121|-23|-84|CG1167122|-23|-84|CG1167121|-23|-84|CG1167122|-23|-84|CG1167123|-23|-84|CG1167120|-23|-85|CG1167123|-23|-84|CG1167120|-23|-85|CG1167123|-23|-84|CG1167120|-23|-85|CG1167123|-23|-84|CG1167120|-23|-85|CG1167123|-23|-84|CG1167120|-23|-85|CG1167121|-23|-84|CG1167122|-23|-84|CG1167123|-23|-84|CG1167120|-23|-85|CG1167123|-23|-84|CG1167120|-23|-85|CG1167123|-23|-84|CG1167120|-23|-85
399|4|1|697|6|CG1167126|-27|-76|CG1167127|-23|-79|CG1167128|-20|-82|CG1167129|-23|-77|CG1167130|-16|-77|CG1167131|-17|-78
399|4|2|600|5|CG1325581|-118|-123|CG1325582|-92|-162|CG1325583|-82|-152|CG1325584|-98|-119|CG1325585|-112|-122
399|4|3|425|6|CG1167092|-20|-72|CG1167093|-10|-72|CG1167094|-16|-75|CG1167095|-12|-73|CG1167096|-13|-72|CG1167097|-24|-74
399|4|4|
399|4|5|1000|14|CG1167085|-24|-81|CG1167085|-24|-81|CG1167086|-5|-76|CG1167086|-5|-76|CG1167087|-8|-73|CG1167087|-8|-73|CG1167088|7|-44|CG1167088|7|-44|CG1167089|6|-64|CG1167089|6|-64|CG1167090|-3|-76|CG1167090|-3|-76|CG1167091|-43|-81|CG1167091|-43|-81
399|4|6|1190|16|CG1167111|-23|-83|CG1167111|-23|-83|CG1167112|-19|-76|CG1167112|-19|-76|CG1167112|-19|-76|CG1167113|-35|-81|CG1167113|-35|-81|CG1167113|-35|-81|CG1167113|-35|-81|CG1167114|-20|-45|CG1167114|-20|-45|CG1167114|-20|-45|CG1167115|-20|-63|CG1167115|-20|-63|CG1167116|-20|-54|CG1167116|-20|-54
399|4|7|697|7|CG1166672|-21|-78|CG1166673|-28|-76|CG1166674|-25|-72|CG1166674|-25|-72|CG1166675|-21|-74|CG1166676|-21|-74|CG1166677|-21|-76
399|4|8|1000|2|CG1167106|-16|-62|CG1167107|-46|-79
399|4|9|1000|1|CG1167108|-28|-76
399|4|10|1088|13|CG1167100|-35|-81|CG1167100|-35|-81|CG1167101|-39|-71|CG1167101|-39|-71|CG1167101|-39|-71|CG1167102|-20|-56|CG1167102|-20|-56|CG1167103|-27|-37|CG1167103|-27|-37|CG1167104|-23|-33|CG1167104|-23|-33|CG1167105|-26|-28|CG1167105|-26|-28
399|5|0|4182|24|CG1167171|-21|-86|CG1167172|-21|-86|CG1167171|-21|-86|CG1167172|-21|-86|CG1167171|-21|-86|CG1167172|-21|-86|CG1167173|-21|-86|CG1167170|-21|-85|CG1167173|-21|-86|CG1167170|-21|-85|CG1167173|-21|-86|CG1167170|-21|-85|CG1167173|-21|-86|CG1167170|-21|-85|CG1167173|-21|-86|CG1167170|-21|-85|CG1167171|-21|-86|CG1167172|-21|-86|CG1167173|-21|-86|CG1167170|-21|-85|CG1167173|-21|-86|CG1167170|-21|-85|CG1167173|-21|-86|CG1167170|-21|-85
399|5|1|697|6|CG1167176|-23|-76|CG1167177|-24|-78|CG1167178|-19|-81|CG1167179|-19|-76|CG1167180|-19|-76|CG1167181|-22|-77
399|5|2|600|5|CG1325637|-87|-102|CG1325638|-101|-134|CG1325639|-81|-118|CG1325640|-146|-102|CG1325641|-132|-115
399|5|3|425|6|CG1167142|-25|-69|CG1167143|-26|-68|CG1167144|-23|-71|CG1167145|-22|-69|CG1167146|-25|-68|CG1167147|-24|-71
399|5|4|
399|5|5|1000|14|CG1167135|-17|-80|CG1167135|-17|-80|CG1167136|-14|-65|CG1167136|-14|-65|CG1167137|-38|-73|CG1167137|-38|-73|CG1167138|-18|-38|CG1167138|-18|-38|CG1167139|-13|-58|CG1167139|-13|-58|CG1167140|-18|-74|CG1167140|-18|-74|CG1167141|-30|-81|CG1167141|-30|-81
399|5|6|1190|16|CG1167161|-24|-86|CG1167161|-24|-86|CG1167162|-19|-76|CG1167162|-19|-76|CG1167162|-19|-76|CG1167163|-21|-85|CG1167163|-21|-85|CG1167163|-21|-85|CG1167163|-21|-85|CG1167164|-25|-41|CG1167164|-25|-41|CG1167164|-25|-41|CG1167165|-18|-63|CG1167165|-18|-63|CG1167166|-22|-55|CG1167166|-22|-55
399|5|7|697|7|CG1166737|-20|-78|CG1166738|-27|-80|CG1166739|-28|-74|CG1166739|-28|-74|CG1166740|-23|-74|CG1166741|-20|-74|CG1166742|-20|-76
399|5|8|1000|2|CG1167156|-20|-57|CG1167157|-29|-85
399|5|9|1000|1|CG1167158|-25|-76
399|5|10|1088|13|CG1167150|-25|-85|CG1167150|-25|-85|CG1167151|-25|-75|CG1167151|-25|-75|CG1167151|-25|-75|CG1167152|-25|-55|CG1167152|-25|-55|CG1167153|-32|-27|CG1167153|-32|-27|CG1167154|-33|-32|CG1167154|-33|-32|CG1167155|-35|-25|CG1167155|-35|-25
399|6|0|4182|24|CG1167221|-17|-84|CG1167222|-17|-84|CG1167221|-17|-84|CG1167222|-17|-84|CG1167221|-17|-84|CG1167222|-17|-84|CG1167223|-17|-83|CG1167220|-17|-83|CG1167223|-17|-83|CG1167220|-17|-83|CG1167223|-17|-83|CG1167220|-17|-83|CG1167223|-17|-83|CG1167220|-17|-83|CG1167223|-17|-83|CG1167220|-17|-83|CG1167221|-17|-84|CG1167222|-17|-84|CG1167223|-17|-83|CG1167220|-17|-83|CG1167223|-17|-83|CG1167220|-17|-83|CG1167223|-17|-83|CG1167220|-17|-83
399|6|1|697|6|CG1167226|-24|-76|CG1167227|-21|-78|CG1167228|-26|-80|CG1167229|-25|-75|CG1167230|-26|-75|CG1167231|-25|-77
399|6|2|600|5|CG1325693|-56|-115|CG1325694|-66|-158|CG1325695|-93|-143|CG1325696|-109|-126|CG1325697|-81|-115
399|6|3|425|6|CG1167192|-34|-70|CG1167193|-33|-69|CG1167194|-34|-71|CG1167195|-34|-69|CG1167196|-33|-68|CG1167197|-34|-71
399|6|4|
399|6|5|1000|14|CG1167185|-20|-70|CG1167185|-20|-70|CG1167186|-33|-60|CG1167186|-33|-60|CG1167187|-46|-88|CG1167187|-46|-88|CG1167188|-56|-48|CG1167188|-56|-48|CG1167189|-55|-63|CG1167189|-55|-63|CG1167190|-40|-84|CG1167190|-40|-84|CG1167191|-29|-78|CG1167191|-29|-78
399|6|6|1190|16|CG1167211|-16|-82|CG1167211|-16|-82|CG1167212|-21|-73|CG1167212|-21|-73|CG1167212|-21|-73|CG1167213|-11|-84|CG1167213|-11|-84|CG1167213|-11|-84|CG1167213|-11|-84|CG1167214|-34|-46|CG1167214|-34|-46|CG1167214|-34|-46|CG1167215|-35|-57|CG1167215|-35|-57|CG1167216|-32|-58|CG1167216|-32|-58
399|6|7|697|7|CG1166802|-22|-75|CG1166803|-22|-80|CG1166804|-23|-75|CG1166804|-23|-75|CG1166805|-36|-72|CG1166806|-22|-72|CG1166807|-22|-73
399|6|8|1000|2|CG1167206|-34|-49|CG1167207|-21|-79
399|6|9|1000|1|CG1167208|-27|-75
399|6|10|1088|13|CG1167200|-8|-80|CG1167200|-8|-80|CG1167201|-19|-72|CG1167201|-19|-72|CG1167201|-19|-72|CG1167202|-31|-58|CG1167202|-31|-58|CG1167203|-54|-26|CG1167203|-54|-26|CG1167204|-55|-35|CG1167204|-55|-35|CG1167205|-57|-26|CG1167205|-57|-26
399|7|0|4182|24|CG1167271|-15|-80|CG1167272|-15|-81|CG1167271|-15|-80|CG1167272|-15|-81|CG1167271|-15|-80|CG1167272|-15|-81|CG1167273|-15|-80|CG1167270|-15|-80|CG1167273|-15|-80|CG1167270|-15|-80|CG1167273|-15|-80|CG1167270|-15|-80|CG1167273|-15|-80|CG1167270|-15|-80|CG1167273|-15|-80|CG1167270|-15|-80|CG1167271|-15|-80|CG1167272|-15|-81|CG1167273|-15|-80|CG1167270|-15|-80|CG1167273|-15|-80|CG1167270|-15|-80|CG1167273|-15|-80|CG1167270|-15|-80
399|7|1|697|6|CG1167276|-26|-78|CG1167277|-25|-80|CG1167278|-25|-81|CG1167279|-31|-77|CG1167280|-27|-77|CG1167281|-25|-78
399|7|2|600|5|CG1325749|-65|-111|CG1325750|-73|-164|CG1325751|-68|-170|CG1325752|-60|-150|CG1325753|-60|-127
399|7|3|425|6|CG1167242|-39|-76|CG1167243|-39|-76|CG1167244|-39|-77|CG1167245|-39|-75|CG1167246|-39|-75|CG1167247|-39|-77
399|7|4|
399|7|5|1000|14|CG1167235|-25|-67|CG1167235|-25|-67|CG1167236|-35|-55|CG1167236|-35|-55|CG1167237|-44|-101|CG1167237|-44|-101|CG1167238|-99|-66|CG1167238|-99|-66|CG1167239|-87|-74|CG1167239|-87|-74|CG1167240|-42|-97|CG1167240|-42|-97|CG1167241|-26|-74|CG1167241|-26|-74
399|7|6|1190|16|CG1167261|-17|-77|CG1167261|-17|-77|CG1167262|-25|-70|CG1167262|-25|-70|CG1167262|-25|-70|CG1167263|-12|-81|CG1167263|-12|-81|CG1167263|-12|-81|CG1167263|-12|-81|CG1167264|-40|-57|CG1167264|-40|-57|CG1167264|-40|-57|CG1167265|-43|-54|CG1167265|-43|-54|CG1167266|-35|-63|CG1167266|-35|-63
399|7|7|697|7|CG1166867|-30|-72|CG1166868|-27|-75|CG1166869|-26|-74|CG1166869|-26|-74|CG1166870|-41|-70|CG1166871|-39|-69|CG1166872|-32|-70
399|7|8|1000|2|CG1167256|-48|-59|CG1167257|-27|-66
399|7|9|1000|1|CG1167258|-22|-75
399|7|10|1088|13|CG1167250|-4|-73|CG1167250|-4|-73|CG1167251|-7|-65|CG1167251|-7|-65|CG1167251|-7|-65|CG1167252|-35|-65|CG1167252|-35|-65|CG1167253|-63|-36|CG1167253|-63|-36|CG1167254|-63|-36|CG1167254|-63|-36|CG1167255|-69|-33|CG1167255|-69|-33
