343|0|0|986|6|CG1143685|-38|-67|CG1143686|-38|-67|CG1143687|-37|-67|CG1143688|-37|-67|CG1143687|-37|-67|CG1143686|-38|-67
343|0|1|1000|6|CG1143693|-40|-67|CG1143694|-37|-68|CG1143695|-37|-67|CG1143696|-37|-67|CG1143697|-40|-67|CG1143698|-41|-67
343|0|2|600|5|CG1325357|-54|-113|CG1325358|-66|-144|CG1325359|-95|-176|CG1325360|-103|-137|CG1325361|-78|-106
343|0|3|510|6|CG1144052|-22|-69|CG1144053|-25|-68|CG1144054|-21|-66|CG1144055|-24|-69|CG1144056|-21|-67|CG1144057|-25|-65
343|0|4|
343|0|5|1190|11|CG1143652|-35|-68|CG1143653|-38|-70|CG1143654|-15|-78|CG1143655|-24|-72|CG1143656|-24|-74|CG1143657|-16|-74|CG1143658|-18|-76|CG1143658|-18|-76|CG1143658|-18|-76|CG1143659|-38|-84|CG1143652|-35|-68
343|0|6|2193|22|CG1143675|-37|-67|CG1143675|-37|-67|CG1143676|-40|-68|CG1143676|-40|-68|CG1143677|-42|-67|CG1143677|-42|-67|CG1143675|-37|-67|CG1143675|-37|-67|CG1143676|-40|-68|CG1143676|-40|-68|CG1143677|-42|-67|CG1143677|-42|-67|CG1143675|-37|-67|CG1143675|-37|-67|CG1143676|-40|-68|CG1143676|-40|-68|CG1143677|-42|-67|CG1143678|-37|-68|CG1143679|-35|-56|CG1143680|-36|-55|CG1143681|-36|-62|CG1143675|-37|-67
343|0|7|1000|8|CG1144095|-15|-67|CG1144096|-20|-66|CG1144097|-23|-65|CG1144098|-15|-64|CG1144099|-16|-63|CG1144100|-29|-65|CG1144101|-28|-67|CG1144096|-20|-66
343|0|8|1000|2|CG1143670|-30|-57|CG1143671|-35|-45
343|0|9|1000|1|CG1143672|-21|-68
343|0|10|986|8|CG1143662|-37|-65|CG1143663|-35|-57|CG1143664|-34|-55|CG1143665|-29|-52|CG1143666|-14|-50|CG1143667|-14|-32|CG1143668|-13|-20|CG1143669|-21|-10
343|1|0|986|6|CG1143734|-20|-68|CG1143735|-22|-68|CG1143736|-25|-68|CG1143737|-27|-68|CG1143736|-25|-68|CG1143735|-22|-68
343|1|1|1000|6|CG1143742|-19|-68|CG1143743|-20|-68|CG1143744|-19|-69|CG1143745|-21|-68|CG1143746|-22|-68|CG1143747|-19|-68
343|1|2|600|5|CG1325413|-100|-113|CG1325414|-102|-107|CG1325415|-90|-159|CG1325416|-142|-98|CG1325417|-131|-103
343|1|3|510|6|CG1144121|-12|-71|CG1144122|-16|-69|CG1144123|-17|-67|CG1144124|-12|-71|CG1144125|-17|-69|CG1144126|-15|-67
343|1|4|
343|1|5|1190|11|CG1143701|-41|-69|CG1143702|-28|-70|CG1143703|-12|-74|CG1143704|-12|-76|CG1143705|-12|-74|CG1143706|-13|-73|CG1143707|-13|-75|CG1143707|-13|-75|CG1143707|-13|-75|CG1143708|-12|-90|CG1143701|-41|-69
343|1|6|2193|22|CG1143724|-20|-68|CG1143724|-20|-68|CG1143725|-36|-69|CG1143725|-36|-69|CG1143726|-30|-68|CG1143726|-30|-68|CG1143724|-20|-68|CG1143724|-20|-68|CG1143725|-36|-69|CG1143725|-36|-69|CG1143726|-30|-68|CG1143726|-30|-68|CG1143724|-20|-68|CG1143724|-20|-68|CG1143725|-36|-69|CG1143725|-36|-69|CG1143726|-30|-68|CG1143727|-21|-69|CG1143728|-21|-59|CG1143729|-21|-59|CG1143730|-20|-65|CG1143724|-20|-68
343|1|7|1000|8|CG1144164|-18|-68|CG1144165|-15|-68|CG1144166|-12|-66|CG1144167|-12|-65|CG1144168|-11|-63|CG1144169|-13|-69|CG1144170|-21|-70|CG1144165|-15|-68
343|1|8|1000|2|CG1143719|-39|-68|CG1143720|-40|-52
343|1|9|1000|1|CG1143721|-16|-71
343|1|10|986|8|CG1143711|-27|-68|CG1143712|-29|-62|CG1143713|-29|-61|CG1143714|-34|-56|CG1143715|-51|-49|CG1143716|-35|-33|CG1143717|-57|-14|CG1143718|-60|-7
343|2|0|986|6|CG1143783|-39|-67|CG1143784|-39|-67|CG1143785|-40|-67|CG1143786|-40|-67|CG1143785|-40|-67|CG1143784|-39|-67
343|2|1|1000|6|CG1143791|-33|-67|CG1143792|-36|-67|CG1143793|-38|-68|CG1143794|-37|-68|CG1143795|-37|-68|CG1143796|-35|-68
343|2|2|600|5|CG1325469|-119|-113|CG1325470|-90|-142|CG1325471|-82|-174|CG1325472|-99|-116|CG1325473|-109|-103
343|2|3|510|6|CG1144190|-26|-70|CG1144191|-14|-68|CG1144192|-22|-66|CG1144193|-21|-70|CG1144194|-21|-67|CG1144195|-14|-66
343|2|4|
343|2|5|1190|11|CG1143750|-25|-69|CG1143751|-16|-69|CG1143752|-11|-68|CG1143753|-14|-72|CG1143754|-15|-70|CG1143755|-16|-70|CG1143756|-19|-72|CG1143756|-19|-72|CG1143756|-19|-72|CG1143757|-20|-84|CG1143750|-25|-69
343|2|6|2193|22|CG1143773|-39|-67|CG1143773|-39|-67|CG1143774|-24|-73|CG1143774|-24|-73|CG1143775|-33|-67|CG1143775|-33|-67|CG1143773|-39|-67|CG1143773|-39|-67|CG1143774|-24|-73|CG1143774|-24|-73|CG1143775|-33|-67|CG1143775|-33|-67|CG1143773|-39|-67|CG1143773|-39|-67|CG1143774|-24|-73|CG1143774|-24|-73|CG1143775|-33|-67|CG1143776|-38|-68|CG1143777|-31|-55|CG1143778|-31|-55|CG1143779|-34|-62|CG1143773|-39|-67
343|2|7|1000|8|CG1144233|-15|-67|CG1144234|-11|-67|CG1144235|-11|-65|CG1144236|-18|-63|CG1144237|-24|-63|CG1144238|-8|-66|CG1144239|-11|-67|CG1144234|-11|-67
343|2|8|1000|2|CG1143768|-51|-76|CG1143769|-56|-58
343|2|9|1000|1|CG1143770|-13|-67
343|2|10|986|8|CG1143760|-30|-73|CG1143761|-20|-66|CG1143762|-23|-67|CG1143763|-44|-62|CG1143764|-63|-47|CG1143765|-71|-38|CG1143766|-86|-23|CG1143767|-78|-13
343|3|0|986|6|CG1143832|-37|-67|CG1143833|-36|-67|CG1143834|-33|-67|CG1143835|-32|-66|CG1143834|-33|-67|CG1143833|-36|-67
343|3|1|1000|6|CG1143840|-29|-66|CG1143841|-33|-66|CG1143842|-39|-67|CG1143843|-40|-66|CG1143844|-38|-67|CG1143845|-32|-67
343|3|2|600|5|CG1325525|-125|-117|CG1325526|-119|-165|CG1325527|-116|-175|CG1325528|-58|-136|CG1325529|-81|-129
343|3|3|510|6|CG1144259|-29|-66|CG1144260|-16|-65|CG1144261|-17|-63|CG1144262|-30|-67|CG1144263|-19|-64|CG1144264|-17|-62
343|3|4|
343|3|5|1190|11|CG1143799|-18|-68|CG1143800|-20|-66|CG1143801|-47|-66|CG1143802|-21|-68|CG1143803|-16|-68|CG1143804|-19|-66|CG1143805|-20|-69|CG1143805|-20|-69|CG1143805|-20|-69|CG1143806|-21|-67|CG1143799|-18|-68
343|3|6|2193|22|CG1143822|-37|-67|CG1143822|-37|-67|CG1143823|-34|-71|CG1143823|-34|-71|CG1143824|-38|-68|CG1143824|-38|-68|CG1143822|-37|-67|CG1143822|-37|-67|CG1143823|-34|-71|CG1143823|-34|-71|CG1143824|-38|-68|CG1143824|-38|-68|CG1143822|-37|-67|CG1143822|-37|-67|CG1143823|-34|-71|CG1143823|-34|-71|CG1143824|-38|-68|CG1143825|-35|-64|CG1143826|-26|-60|CG1143827|-27|-60|CG1143828|-30|-58|CG1143822|-37|-67
343|3|7|1000|8|CG1144302|-13|-67|CG1144303|-8|-65|CG1144304|-8|-62|CG1144305|-21|-65|CG1144306|-29|-63|CG1144307|-6|-58|CG1144308|-9|-60|CG1144303|-8|-65
343|3|8|1000|2|CG1143817|-35|-77|CG1143818|-41|-66
343|3|9|1000|1|CG1143819|-15|-58
343|3|10|986|8|CG1143809|-34|-68|CG1143810|-20|-70|CG1143811|-21|-72|CG1143812|-30|-71|CG1143813|-50|-60|CG1143814|-67|-46|CG1143815|-67|-47|CG1143816|-66|-31
343|4|0|986|6|CG1143881|-16|-67|CG1143882|-16|-66|CG1143883|-17|-66|CG1143884|-17|-66|CG1143883|-17|-66|CG1143882|-16|-66
343|4|1|1000|6|CG1143889|-19|-66|CG1143890|-18|-66|CG1143891|-20|-67|CG1143892|-22|-66|CG1143893|-19|-66|CG1143894|-17|-67
343|4|2|600|5|CG1325581|-118|-123|CG1325582|-92|-162|CG1325583|-82|-152|CG1325584|-98|-119|CG1325585|-112|-122
343|4|3|510|6|CG1144328|-22|-64|CG1144329|-22|-62|CG1144330|-14|-60|CG1144331|-26|-64|CG1144332|-19|-62|CG1144333|-22|-60
343|4|4|
343|4|5|1190|11|CG1143848|-17|-66|CG1143849|-24|-64|CG1143850|-58|-64|CG1143851|-25|-68|CG1143852|-16|-68|CG1143853|-22|-67|CG1143854|-19|-66|CG1143854|-19|-66|CG1143854|-19|-66|CG1143855|-23|-63|CG1143848|-17|-66
343|4|6|2193|22|CG1143871|-16|-67|CG1143871|-16|-67|CG1143872|-27|-68|CG1143872|-27|-68|CG1143873|-24|-68|CG1143873|-24|-68|CG1143871|-16|-67|CG1143871|-16|-67|CG1143872|-27|-68|CG1143872|-27|-68|CG1143873|-24|-68|CG1143873|-24|-68|CG1143871|-16|-67|CG1143871|-16|-67|CG1143872|-27|-68|CG1143872|-27|-68|CG1143873|-24|-68|CG1143874|-19|-61|CG1143875|-24|-66|CG1143876|-24|-66|CG1143877|-24|-65|CG1143871|-16|-67
343|4|7|1000|8|CG1144371|-15|-67|CG1144372|-11|-63|CG1144373|-11|-59|CG1144374|-18|-68|CG1144375|-25|-67|CG1144376|-8|-51|CG1144377|-11|-54|CG1144372|-11|-63
343|4|8|1000|2|CG1143866|-14|-71|CG1143867|-20|-73
343|4|9|1000|1|CG1143868|-15|-57
343|4|10|986|8|CG1143858|-20|-57|CG1143859|-11|-69|CG1143860|-12|-70|CG1143861|-16|-76|CG1143862|-28|-67|CG1143863|-49|-64|CG1143864|-57|-59|CG1143865|-55|-44
343|5|0|986|6|CG1143930|-18|-67|CG1143931|-18|-67|CG1143932|-18|-66|CG1143933|-17|-66|CG1143932|-18|-66|CG1143931|-18|-67
343|5|1|1000|6|CG1143938|-17|-65|CG1143939|-19|-67|CG1143940|-18|-66|CG1143941|-15|-65|CG1143942|-16|-67|CG1143943|-17|-66
343|5|2|600|5|CG1325637|-87|-102|CG1325638|-101|-134|CG1325639|-81|-118|CG1325640|-146|-102|CG1325641|-132|-115
343|5|3|510|6|CG1144397|-12|-63|CG1144398|-18|-62|CG1144399|-16|-59|CG1144400|-12|-63|CG1144401|-17|-61|CG1144402|-17|-59
343|5|4|
343|5|5|1190|11|CG1143897|-32|-66|CG1143898|-30|-65|CG1143899|-35|-78|CG1143900|-18|-69|CG1143901|-16|-69|CG1143902|-17|-67|CG1143903|-14|-66|CG1143903|-14|-66|CG1143903|-14|-66|CG1143904|-16|-62|CG1143897|-32|-66
343|5|6|2193|22|CG1143920|-18|-67|CG1143920|-18|-67|CG1143921|-29|-68|CG1143921|-29|-68|CG1143922|-24|-69|CG1143922|-24|-69|CG1143920|-18|-67|CG1143920|-18|-67|CG1143921|-29|-68|CG1143921|-29|-68|CG1143922|-24|-69|CG1143922|-24|-69|CG1143920|-18|-67|CG1143920|-18|-67|CG1143921|-29|-68|CG1143921|-29|-68|CG1143922|-24|-69|CG1143923|-17|-59|CG1143924|-18|-65|CG1143925|-18|-64|CG1143926|-18|-63|CG1143920|-18|-67
343|5|7|1000|8|CG1144440|-18|-67|CG1144441|-15|-63|CG1144442|-12|-59|CG1144443|-12|-69|CG1144444|-13|-69|CG1144445|-13|-48|CG1144446|-22|-52|CG1144441|-15|-63
343|5|8|1000|2|CG1143915|-23|-64|CG1143916|-19|-71
343|5|9|1000|1|CG1143917|-25|-55
343|5|10|986|8|CG1143907|-24|-52|CG1143908|-20|-64|CG1143909|-13|-63|CG1143910|-12|-70|CG1143911|-9|-68|CG1143912|-17|-65|CG1143913|-23|-54|CG1143914|-23|-47
343|6|0|986|6|CG1143979|-17|-67|CG1143980|-18|-67|CG1143981|-21|-66|CG1143982|-22|-66|CG1143981|-21|-66|CG1143980|-18|-67
343|6|1|1000|6|CG1143987|-25|-66|CG1143988|-20|-67|CG1143989|-19|-67|CG1143990|-19|-65|CG1143991|-18|-67|CG1143992|-20|-67
343|6|2|600|5|CG1325693|-56|-115|CG1325694|-66|-158|CG1325695|-93|-143|CG1325696|-109|-126|CG1325697|-81|-115
343|6|3|510|6|CG1144466|-25|-64|CG1144467|-21|-63|CG1144468|-25|-61|CG1144469|-23|-65|CG1144470|-25|-62|CG1144471|-19|-60
343|6|4|
343|6|5|1190|11|CG1143946|-37|-66|CG1143947|-31|-66|CG1143948|-33|-84|CG1143949|-43|-68|CG1143950|-36|-68|CG1143951|-34|-67|CG1143952|-33|-70|CG1143952|-33|-70|CG1143952|-33|-70|CG1143953|-41|-63|CG1143946|-37|-66
343|6|6|2193|22|CG1143969|-16|-67|CG1143969|-16|-67|CG1143970|-19|-69|CG1143970|-19|-69|CG1143971|-19|-69|CG1143971|-19|-69|CG1143969|-16|-67|CG1143969|-16|-67|CG1143970|-19|-69|CG1143970|-19|-69|CG1143971|-19|-69|CG1143971|-19|-69|CG1143969|-16|-67|CG1143969|-16|-67|CG1143970|-19|-69|CG1143970|-19|-69|CG1143971|-19|-69|CG1143972|-21|-61|CG1143973|-31|-56|CG1143974|-31|-56|CG1143975|-29|-54|CG1143969|-16|-67
343|6|7|1000|8|CG1144509|-15|-67|CG1144510|-20|-64|CG1144511|-23|-60|CG1144512|-15|-68|CG1144513|-15|-67|CG1144514|-31|-51|CG1144515|-29|-55|CG1144510|-20|-64
343|6|8|1000|2|CG1143964|-23|-60|CG1143965|-22|-60
343|6|9|1000|1|CG1143966|-28|-56
343|6|10|986|8|CG1143956|-24|-54|CG1143957|-25|-58|CG1143958|-25|-54|CG1143959|-25|-56|CG1143960|-18|-63|CG1143961|-14|-54|CG1143962|-10|-39|CG1143963|-12|-34
343|7|0|986|6|CG1144028|-38|-66|CG1144029|-39|-66|CG1144030|-40|-66|CG1144031|-41|-66|CG1144030|-40|-66|CG1144029|-39|-66
343|7|1|1000|6|CG1144036|-45|-66|CG1144037|-40|-67|CG1144038|-36|-67|CG1144039|-34|-66|CG1144040|-36|-67|CG1144041|-42|-66
343|7|2|600|5|CG1325749|-65|-111|CG1325750|-73|-164|CG1325751|-68|-170|CG1325752|-60|-150|CG1325753|-60|-127
343|7|3|510|6|CG1144535|-28|-66|CG1144536|-24|-65|CG1144537|-23|-63|CG1144538|-28|-66|CG1144539|-23|-64|CG1144540|-24|-62
343|7|4|
343|7|5|1190|11|CG1143995|-23|-66|CG1143996|-31|-68|CG1143997|-31|-75|CG1143998|-41|-68|CG1143999|-42|-70|CG1144000|-35|-71|CG1144001|-35|-73|CG1144001|-35|-73|CG1144001|-35|-73|CG1144002|-55|-67|CG1143995|-23|-66
343|7|6|2193|22|CG1144018|-37|-67|CG1144018|-37|-67|CG1144019|-22|-68|CG1144019|-22|-68|CG1144020|-31|-67|CG1144020|-31|-67|CG1144018|-37|-67|CG1144018|-37|-67|CG1144019|-22|-68|CG1144019|-22|-68|CG1144020|-31|-67|CG1144020|-31|-67|CG1144018|-37|-67|CG1144018|-37|-67|CG1144019|-22|-68|CG1144019|-22|-68|CG1144020|-31|-67|CG1144021|-37|-64|CG1144022|-39|-46|CG1144023|-39|-45|CG1144024|-37|-54|CG1144018|-37|-67
343|7|7|1000|8|CG1144578|-15|-66|CG1144579|-19|-64|CG1144580|-30|-62|CG1144581|-17|-65|CG1144582|-15|-64|CG1144583|-35|-58|CG1144584|-33|-60|CG1144579|-19|-64
343|7|8|1000|2|CG1144013|-22|-57|CG1144014|-23|-49
343|7|9|1000|1|CG1144015|-28|-60
343|7|10|986|8|CG1144005|-28|-59|CG1144006|-31|-54|CG1144007|-30|-49|CG1144008|-27|-51|CG1144009|-21|-52|CG1144010|-9|-39|CG1144011|-6|-25|CG1144012|-7|-17
