363|0|0|986|4|CG1152557|-36|-70|CG1152558|-24|-70|CG1152559|-24|-68|CG1152560|-24|-70
363|0|1|1000|6|CG1152563|-56|-69|CG1152564|-51|-70|CG1152565|-33|-72|CG1152566|-19|-70|CG1152567|-29|-70|CG1152568|-47|-72
363|0|2|600|5|CG1325357|-54|-113|CG1325358|-66|-144|CG1325359|-95|-176|CG1325360|-103|-137|CG1325361|-78|-106
363|0|3|493|6|CG1152532|-49|-72|CG1152533|-33|-73|CG1152534|-32|-74|CG1152535|-28|-73|CG1152536|-31|-73|CG1152537|-45|-74
363|0|4|
363|0|5|1190|9|CG1152524|-42|-77|CG1152525|-32|-75|CG1152526|-35|-87|CG1152527|-66|-65|CG1152527|-66|-65|CG1152528|-48|-70|CG1152529|-35|-73|CG1152530|-35|-73|CG1152531|-27|-72
363|0|6|2000|19|CG1152557|-36|-70|CG1152558|-24|-70|CG1152559|-24|-68|CG1152560|-24|-70|CG1152551|-46|-76|CG1152552|-46|-71|CG1152553|-19|-71|CG1152553|-19|-71|CG1152553|-19|-71|CG1152553|-19|-71|CG1152553|-19|-71|CG1152553|-19|-71|CG1152553|-19|-71|CG1152553|-19|-71|CG1152553|-19|-71|CG1152553|-19|-71|CG1152553|-19|-71|CG1152552|-46|-71|CG1152551|-46|-76
363|0|7|1000|8|CG1152071|-23|-70|CG1152072|-23|-68|CG1152073|-22|-66|CG1152074|-23|-65|CG1152075|-37|-72|CG1152076|-44|-68|CG1152077|-27|-68|CG1152078|-25|-67
363|0|8|1000|2|CG1152546|-52|-72|CG1152547|-29|-55
363|0|9|1000|1|CG1152548|-24|-103
363|0|10|799|5|CG1152540|-27|-68|CG1152541|-36|-74|CG1152542|-43|-85|CG1152544|-80|-72|CG1152545|-62|-53
363|1|0|986|4|CG1152604|-17|-68|CG1152605|-17|-69|CG1152606|-17|-69|CG1152607|-17|-69
363|1|1|1000|6|CG1152610|-26|-69|CG1152611|-21|-70|CG1152612|-19|-71|CG1152613|-16|-69|CG1152614|-17|-70|CG1152615|-22|-72
363|1|2|600|5|CG1325413|-100|-113|CG1325414|-102|-107|CG1325415|-90|-159|CG1325416|-142|-98|CG1325417|-131|-103
363|1|3|493|6|CG1152579|-24|-74|CG1152580|-30|-74|CG1152581|-17|-75|CG1152582|-13|-74|CG1152583|-19|-75|CG1152584|-28|-75
363|1|4|
363|1|5|1190|9|CG1152571|-17|-88|CG1152572|-20|-76|CG1152573|-19|-75|CG1152574|-75|-73|CG1152574|-75|-73|CG1152575|-19|-75|CG1152576|-18|-75|CG1152577|-18|-75|CG1152578|-17|-72
363|1|6|2000|19|CG1152604|-17|-68|CG1152605|-17|-69|CG1152606|-17|-69|CG1152607|-17|-69|CG1152598|-28|-87|CG1152599|-17|-69|CG1152600|-24|-62|CG1152600|-24|-62|CG1152600|-24|-62|CG1152600|-24|-62|CG1152600|-24|-62|CG1152600|-24|-62|CG1152600|-24|-62|CG1152600|-24|-62|CG1152600|-24|-62|CG1152600|-24|-62|CG1152600|-24|-62|CG1152599|-17|-69|CG1152598|-28|-87
363|1|7|1000|8|CG1152133|-20|-69|CG1152134|-20|-67|CG1152135|-20|-65|CG1152136|-20|-63|CG1152137|-24|-77|CG1152138|-30|-75|CG1152139|-29|-70|CG1152140|-21|-67
363|1|8|1000|2|CG1152593|-23|-83|CG1152594|-18|-59
363|1|9|1000|1|CG1152595|-17|-96
363|1|10|799|5|CG1152587|-17|-68|CG1152588|-16|-75|CG1152589|-16|-90|CG1152591|-23|-78|CG1152592|-32|-58
363|2|0|986|4|CG1152651|-13|-68|CG1152652|-13|-69|CG1152653|-23|-69|CG1152654|-19|-69
363|2|1|1000|6|CG1152657|-27|-69|CG1152658|-26|-70|CG1152659|-20|-72|CG1152660|-28|-70|CG1152661|-23|-70|CG1152662|-20|-72
363|2|2|600|5|CG1325469|-119|-113|CG1325470|-90|-142|CG1325471|-82|-174|CG1325472|-99|-116|CG1325473|-109|-103
363|2|3|493|6|CG1152626|-30|-72|CG1152627|-20|-74|CG1152628|-24|-74|CG1152629|-33|-72|CG1152630|-22|-73|CG1152631|-24|-74
363|2|4|
363|2|5|1190|9|CG1152618|-12|-85|CG1152619|-30|-72|CG1152620|-6|-72|CG1152621|-47|-72|CG1152621|-47|-72|CG1152622|-7|-72|CG1152623|-14|-71|CG1152624|-8|-72|CG1152625|-9|-72
363|2|6|2000|19|CG1152651|-13|-68|CG1152652|-13|-69|CG1152653|-23|-69|CG1152654|-19|-69|CG1152645|-20|-82|CG1152646|-16|-63|CG1152647|-17|-53|CG1152647|-17|-53|CG1152647|-17|-53|CG1152647|-17|-53|CG1152647|-17|-53|CG1152647|-17|-53|CG1152647|-17|-53|CG1152647|-17|-53|CG1152647|-17|-53|CG1152647|-17|-53|CG1152647|-17|-53|CG1152646|-16|-63|CG1152645|-20|-82
363|2|7|1000|8|CG1152195|-16|-69|CG1152196|-15|-67|CG1152197|-17|-65|CG1152198|-19|-64|CG1152199|-17|-76|CG1152200|-22|-77|CG1152201|-21|-71|CG1152202|-17|-67
363|2|8|1000|2|CG1152640|-9|-75|CG1152641|-40|-62
363|2|9|1000|1|CG1152642|-12|-84
363|2|10|799|5|CG1152634|-22|-67|CG1152635|-12|-75|CG1152636|-11|-76|CG1152638|-6|-74|CG1152639|-12|-47
363|3|0|986|4|CG1152698|-25|-67|CG1152699|-25|-69|CG1152700|-31|-68|CG1152701|-33|-70
363|3|1|1000|6|CG1152704|-32|-72|CG1152705|-21|-72|CG1152706|-21|-74|CG1152707|-29|-71|CG1152708|-22|-72|CG1152709|-21|-74
363|3|2|600|5|CG1325525|-125|-117|CG1325526|-119|-165|CG1325527|-116|-175|CG1325528|-58|-136|CG1325529|-81|-129
363|3|3|493|6|CG1152673|-42|-69|CG1152674|-19|-69|CG1152675|-29|-70|CG1152676|-41|-68|CG1152677|-21|-69|CG1152678|-29|-70
363|3|4|
363|3|5|1190|9|CG1152665|-23|-68|CG1152666|-60|-66|CG1152667|1|-65|CG1152668|0|-77|CG1152668|0|-77|CG1152669|1|-63|CG1152670|-42|-61|CG1152671|-20|-62|CG1152672|-15|-69
363|3|6|2000|19|CG1152698|-25|-67|CG1152699|-25|-69|CG1152700|-31|-68|CG1152701|-33|-70|CG1152692|-15|-75|CG1152693|-13|-61|CG1152694|-29|-49|CG1152694|-29|-49|CG1152694|-29|-49|CG1152694|-29|-49|CG1152694|-29|-49|CG1152694|-29|-49|CG1152694|-29|-49|CG1152694|-29|-49|CG1152694|-29|-49|CG1152694|-29|-49|CG1152694|-29|-49|CG1152693|-13|-61|CG1152692|-15|-75
363|3|7|1000|8|CG1152257|-21|-70|CG1152258|-24|-69|CG1152259|-29|-67|CG1152260|-30|-67|CG1152261|-23|-68|CG1152262|-25|-69|CG1152263|-21|-68|CG1152264|-21|-68
363|3|8|1000|2|CG1152687|-7|-56|CG1152688|-50|-63
363|3|9|1000|1|CG1152689|-25|-73
363|3|10|799|5|CG1152681|-22|-70|CG1152682|-7|-72|CG1152683|-7|-68|CG1152685|2|-52|CG1152686|1|-28
363|4|0|986|4|CG1152745|-29|-67|CG1152746|-31|-70|CG1152747|-32|-68|CG1152748|-36|-70
363|4|1|1000|6|CG1152751|-29|-74|CG1152752|-21|-75|CG1152753|-25|-76|CG1152754|-25|-74|CG1152755|-27|-74|CG1152756|-24|-76
363|4|2|600|5|CG1325581|-118|-123|CG1325582|-92|-162|CG1325583|-82|-152|CG1325584|-98|-119|CG1325585|-112|-122
363|4|3|493|6|CG1152720|-32|-63|CG1152721|-26|-63|CG1152722|-26|-64|CG1152723|-30|-62|CG1152724|-26|-63|CG1152725|-26|-64
363|4|4|
363|4|5|1190|9|CG1152712|-24|-66|CG1152713|-61|-59|CG1152714|-50|-59|CG1152715|-1|-67|CG1152715|-1|-67|CG1152716|-12|-51|CG1152717|-63|-52|CG1152718|-64|-51|CG1152719|-27|-64
363|4|6|2000|19|CG1152745|-29|-67|CG1152746|-31|-70|CG1152747|-32|-68|CG1152748|-36|-70|CG1152739|-19|-76|CG1152740|-32|-63|CG1152741|-63|-53|CG1152741|-63|-53|CG1152741|-63|-53|CG1152741|-63|-53|CG1152741|-63|-53|CG1152741|-63|-53|CG1152741|-63|-53|CG1152741|-63|-53|CG1152741|-63|-53|CG1152741|-63|-53|CG1152741|-63|-53|CG1152740|-32|-63|CG1152739|-19|-76
363|4|7|1000|8|CG1152319|-22|-70|CG1152320|-35|-70|CG1152321|-36|-69|CG1152322|-34|-70|CG1152323|-21|-57|CG1152324|-18|-56|CG1152325|-15|-62|CG1152326|-19|-68
363|4|8|1000|2|CG1152734|-13|-46|CG1152735|-39|-64
363|4|9|1000|1|CG1152736|-26|-70
363|4|10|799|5|CG1152728|-25|-72|CG1152729|-16|-68|CG1152730|-13|-57|CG1152732|-11|-35|CG1152733|-14|-20
363|5|0|986|4|CG1152792|-30|-67|CG1152793|-41|-69|CG1152794|-56|-66|CG1152795|-40|-70
363|5|1|1000|6|CG1152798|-23|-74|CG1152799|-23|-75|CG1152800|-25|-77|CG1152801|-26|-74|CG1152802|-25|-75|CG1152803|-24|-76
363|5|2|600|5|CG1325637|-87|-102|CG1325638|-101|-134|CG1325639|-81|-118|CG1325640|-146|-102|CG1325641|-132|-115
363|5|3|493|6|CG1152767|-25|-60|CG1152768|-29|-59|CG1152769|-29|-60|CG1152770|-33|-59|CG1152771|-27|-59|CG1152772|-27|-60
363|5|4|
363|5|5|1190|9|CG1152759|-27|-67|CG1152760|-44|-60|CG1152761|-57|-83|CG1152762|-19|-41|CG1152762|-19|-41|CG1152763|-35|-42|CG1152764|-51|-72|CG1152765|-70|-56|CG1152766|-55|-61
363|5|6|2000|19|CG1152792|-30|-67|CG1152793|-41|-69|CG1152794|-56|-66|CG1152795|-40|-70|CG1152786|-29|-76|CG1152787|-46|-66|CG1152788|-97|-61|CG1152788|-97|-61|CG1152788|-97|-61|CG1152788|-97|-61|CG1152788|-97|-61|CG1152788|-97|-61|CG1152788|-97|-61|CG1152788|-97|-61|CG1152788|-97|-61|CG1152788|-97|-61|CG1152788|-97|-61|CG1152787|-46|-66|CG1152786|-29|-76
363|5|7|1000|8|CG1152381|-22|-70|CG1152382|-32|-70|CG1152383|-28|-71|CG1152384|-26|-72|CG1152385|-13|-51|CG1152386|-4|-46|CG1152387|-13|-58|CG1152388|-22|-67
363|5|8|1000|2|CG1152781|-28|-43|CG1152782|-65|-63
363|5|9|1000|1|CG1152783|-31|-77
363|5|10|799|5|CG1152775|-27|-73|CG1152776|-28|-65|CG1152777|-30|-54|CG1152779|-32|-28|CG1152780|-62|-12
363|6|0|986|4|CG1152839|-47|-69|CG1152840|-58|-71|CG1152841|-51|-67|CG1152842|-58|-71
363|6|1|1000|6|CG1152845|-26|-73|CG1152846|-33|-74|CG1152847|-50|-76|CG1152848|-55|-74|CG1152849|-51|-74|CG1152850|-37|-76
363|6|2|600|5|CG1325693|-56|-115|CG1325694|-66|-158|CG1325695|-93|-143|CG1325696|-109|-126|CG1325697|-81|-115
363|6|3|493|6|CG1152814|-44|-63|CG1152815|-52|-62|CG1152816|-55|-63|CG1152817|-57|-63|CG1152818|-53|-62|CG1152819|-47|-64
363|6|4|
363|6|5|1190|9|CG1152806|-37|-69|CG1152807|-33|-66|CG1152808|-50|-96|CG1152809|-47|-41|CG1152809|-47|-41|CG1152810|-81|-46|CG1152811|-47|-85|CG1152812|-46|-76|CG1152813|-74|-63
363|6|6|2000|19|CG1152839|-47|-69|CG1152840|-58|-71|CG1152841|-51|-67|CG1152842|-58|-71|CG1152833|-40|-75|CG1152834|-47|-70|CG1152835|-77|-74|CG1152835|-77|-74|CG1152835|-77|-74|CG1152835|-77|-74|CG1152835|-77|-74|CG1152835|-77|-74|CG1152835|-77|-74|CG1152835|-77|-74|CG1152835|-77|-74|CG1152835|-77|-74|CG1152835|-77|-74|CG1152834|-47|-70|CG1152833|-40|-75
363|6|7|1000|8|CG1152443|-21|-71|CG1152444|-23|-71|CG1152445|-15|-71|CG1152446|-19|-72|CG1152447|-36|-52|CG1152448|-28|-45|CG1152449|-24|-59|CG1152450|-18|-69
363|6|8|1000|2|CG1152828|-54|-48|CG1152829|-55|-58
363|6|9|1000|1|CG1152830|-37|-90
363|6|10|799|5|CG1152822|-57|-73|CG1152823|-65|-67|CG1152824|-66|-57|CG1152826|-72|-37|CG1152827|-108|-22
363|7|0|986|4|CG1152886|-58|-70|CG1152887|-46|-70|CG1152888|-30|-67|CG1152889|-40|-71
363|7|1|1000|6|CG1152892|-56|-71|CG1152893|-60|-72|CG1152894|-58|-74|CG1152895|-51|-72|CG1152896|-55|-72|CG1152897|-59|-74
363|7|2|600|5|CG1325749|-65|-111|CG1325750|-73|-164|CG1325751|-68|-170|CG1325752|-60|-150|CG1325753|-60|-127
363|7|3|493|6|CG1152861|-66|-68|CG1152862|-60|-69|CG1152863|-51|-70|CG1152864|-49|-69|CG1152865|-57|-69|CG1152866|-64|-70
363|7|4|
363|7|5|1190|9|CG1152853|-46|-70|CG1152854|-44|-73|CG1152855|-52|-97|CG1152856|-50|-50|CG1152856|-50|-50|CG1152857|-94|-58|CG1152858|-50|-80|CG1152859|-49|-80|CG1152860|-53|-69
363|7|6|2000|19|CG1152886|-58|-70|CG1152887|-46|-70|CG1152888|-30|-67|CG1152889|-40|-71|CG1152880|-59|-73|CG1152881|-61|-73|CG1152882|-33|-76|CG1152882|-33|-76|CG1152882|-33|-76|CG1152882|-33|-76|CG1152882|-33|-76|CG1152882|-33|-76|CG1152882|-33|-76|CG1152882|-33|-76|CG1152882|-33|-76|CG1152882|-33|-76|CG1152882|-33|-76|CG1152881|-61|-73|CG1152880|-59|-73
363|7|7|1000|8|CG1152505|-25|-70|CG1152506|-23|-70|CG1152507|-23|-69|CG1152508|-23|-68|CG1152509|-42|-63|CG1152510|-45|-56|CG1152511|-28|-64|CG1152512|-24|-69
363|7|8|1000|2|CG1152875|-74|-59|CG1152876|-31|-53
363|7|9|1000|1|CG1152877|-35|-100
363|7|10|799|5|CG1152869|-55|-71|CG1152870|-70|-72|CG1152871|-75|-68|CG1152873|-103|-56|CG1152874|-89|-33
