404|0|0|4182|24|CG1168881|-18|-76|CG1168882|-20|-76|CG1168881|-18|-76|CG1168882|-20|-76|CG1168881|-18|-76|CG1168882|-20|-76|CG1168883|-18|-75|CG1168880|-20|-75|CG1168883|-18|-75|CG1168880|-20|-75|CG1168883|-18|-75|CG1168880|-20|-75|CG1168883|-18|-75|CG1168880|-20|-75|CG1168883|-18|-75|CG1168880|-20|-75|CG1168881|-18|-76|CG1168882|-20|-76|CG1168883|-18|-75|CG1168880|-20|-75|CG1168883|-18|-75|CG1168880|-20|-75|CG1168883|-18|-75|CG1168880|-20|-75
404|0|1|697|6|CG1168893|-30|-79|CG1168894|-26|-80|CG1168895|-23|-81|CG1168896|-24|-79|CG1168897|-23|-80|CG1168898|-26|-82
404|0|2|600|5|CG1325357|-54|-113|CG1325358|-66|-144|CG1325359|-95|-176|CG1325360|-103|-137|CG1325361|-78|-106
404|0|3|425|6|CG1168846|-31|-81|CG1168847|-31|-80|CG1168848|-32|-82|CG1168849|-33|-80|CG1168850|-32|-80|CG1168851|-31|-82
404|0|4|
404|0|5|1088|14|CG1168836|-25|-75|CG1168836|-25|-75|CG1168838|-36|-82|CG1168838|-36|-82|CG1168839|-50|-62|CG1168839|-50|-62|CG1168840|-76|-70|CG1168841|-81|-85|CG1168841|-81|-85|CG1168842|-62|-63|CG1168843|-58|-71|CG1168844|-41|-79|CG1168845|-35|-85|CG1168837|-30|-80
404|0|6|1190|16|CG1168870|-18|-72|CG1168870|-18|-72|CG1168871|-23|-67|CG1168871|-23|-67|CG1168871|-23|-67|CG1168872|-15|-75|CG1168872|-15|-75|CG1168872|-15|-75|CG1168872|-15|-75|CG1168873|-31|-67|CG1168873|-31|-67|CG1168873|-31|-67|CG1168874|-34|-65|CG1168874|-34|-65|CG1168875|-26|-66|CG1168875|-26|-66
404|0|7|697|7|CG1168884|-26|-69|CG1168885|-21|-70|CG1168886|-19|-75|CG1168886|-19|-75|CG1168887|-27|-69|CG1168888|-42|-68|CG1168889|-38|-68
404|0|8|1000|2|CG1168861|-39|-70|CG1168862|-21|-51
404|0|9|1000|1|CG1168867|-22|-72
404|0|10|1088|13|CG1168855|-15|-71|CG1168855|-15|-71|CG1168856|-21|-55|CG1168856|-21|-55|CG1168856|-21|-55|CG1168857|-26|-69|CG1168857|-26|-69|CG1168858|-45|-56|CG1168858|-45|-56|CG1168859|-47|-55|CG1168859|-47|-55|CG1168860|-52|-46|CG1168860|-52|-46
404|1|0|4182|24|CG1168946|-17|-74|CG1168947|-20|-74|CG1168946|-17|-74|CG1168947|-20|-74|CG1168946|-17|-74|CG1168947|-20|-74|CG1168948|-18|-74|CG1168945|-20|-74|CG1168948|-18|-74|CG1168945|-20|-74|CG1168948|-18|-74|CG1168945|-20|-74|CG1168948|-18|-74|CG1168945|-20|-74|CG1168948|-18|-74|CG1168945|-20|-74|CG1168946|-17|-74|CG1168947|-20|-74|CG1168948|-18|-74|CG1168945|-20|-74|CG1168948|-18|-74|CG1168945|-20|-74|CG1168948|-18|-74|CG1168945|-20|-74
404|1|1|697|6|CG1168958|-21|-79|CG1168959|-25|-79|CG1168960|-24|-81|CG1168961|-22|-79|CG1168962|-24|-80|CG1168963|-25|-81
404|1|2|600|5|CG1325413|-100|-113|CG1325414|-102|-107|CG1325415|-90|-159|CG1325416|-142|-98|CG1325417|-131|-103
404|1|3|425|6|CG1168911|-24|-84|CG1168912|-24|-82|CG1168913|-24|-83|CG1168914|-23|-82|CG1168915|-24|-82|CG1168916|-24|-84
404|1|4|
404|1|5|1088|14|CG1168901|-19|-75|CG1168901|-19|-75|CG1168903|-16|-86|CG1168903|-16|-86|CG1168904|-22|-71|CG1168904|-22|-71|CG1168905|-37|-82|CG1168906|-36|-95|CG1168906|-36|-95|CG1168907|-42|-75|CG1168908|-23|-81|CG1168909|-14|-82|CG1168910|-15|-85|CG1168902|-18|-79
404|1|6|1190|16|CG1168935|-17|-71|CG1168935|-17|-71|CG1168936|-18|-66|CG1168936|-18|-66|CG1168936|-18|-66|CG1168937|-18|-68|CG1168937|-18|-68|CG1168937|-18|-68|CG1168937|-18|-68|CG1168938|-38|-71|CG1168938|-38|-71|CG1168938|-38|-71|CG1168939|-36|-69|CG1168939|-36|-69|CG1168940|-38|-65|CG1168940|-38|-65
404|1|7|697|7|CG1168949|-16|-69|CG1168950|-11|-65|CG1168951|-13|-74|CG1168951|-13|-74|CG1168952|-15|-69|CG1168953|-26|-69|CG1168954|-27|-69
404|1|8|1000|2|CG1168926|-22|-78|CG1168927|-22|-50
404|1|9|1000|1|CG1168932|-19|-71
404|1|10|1088|13|CG1168920|-29|-68|CG1168920|-29|-68|CG1168921|-28|-50|CG1168921|-28|-50|CG1168921|-28|-50|CG1168922|-22|-70|CG1168922|-22|-70|CG1168923|-29|-63|CG1168923|-29|-63|CG1168924|-26|-63|CG1168924|-26|-63|CG1168925|-29|-56|CG1168925|-29|-56
404|2|0|4182|24|CG1169011|-18|-75|CG1169012|-18|-75|CG1169011|-18|-75|CG1169012|-18|-75|CG1169011|-18|-75|CG1169012|-18|-75|CG1169013|-18|-76|CG1169010|-17|-76|CG1169013|-18|-76|CG1169010|-17|-76|CG1169013|-18|-76|CG1169010|-17|-76|CG1169013|-18|-76|CG1169010|-17|-76|CG1169013|-18|-76|CG1169010|-17|-76|CG1169011|-18|-75|CG1169012|-18|-75|CG1169013|-18|-76|CG1169010|-17|-76|CG1169013|-18|-76|CG1169010|-17|-76|CG1169013|-18|-76|CG1169010|-17|-76
404|2|1|697|6|CG1169023|-23|-78|CG1169024|-17|-79|CG1169025|-22|-82|CG1169026|-24|-80|CG1169027|-21|-80|CG1169028|-18|-81
404|2|2|600|5|CG1325469|-119|-113|CG1325470|-90|-142|CG1325471|-82|-174|CG1325472|-99|-116|CG1325473|-109|-103
404|2|3|425|6|CG1168976|-29|-82|CG1168977|-29|-81|CG1168978|-29|-83|CG1168979|-29|-83|CG1168980|-29|-82|CG1168981|-29|-83
404|2|4|
404|2|5|1088|14|CG1168966|-17|-75|CG1168966|-17|-75|CG1168968|-7|-82|CG1168968|-7|-82|CG1168969|1|-71|CG1168969|1|-71|CG1168970|-12|-84|CG1168971|-4|-89|CG1168971|-4|-89|CG1168972|-11|-80|CG1168973|5|-79|CG1168974|-6|-74|CG1168975|-3|-79|CG1168967|-6|-78
404|2|6|1190|16|CG1169000|-20|-71|CG1169000|-20|-71|CG1169001|-17|-68|CG1169001|-17|-68|CG1169001|-17|-68|CG1169002|-43|-66|CG1169002|-43|-66|CG1169002|-43|-66|CG1169002|-43|-66|CG1169003|-29|-66|CG1169003|-29|-66|CG1169003|-29|-66|CG1169004|-29|-64|CG1169004|-29|-64|CG1169005|-30|-62|CG1169005|-30|-62
404|2|7|697|7|CG1169014|-16|-68|CG1169015|-18|-65|CG1169016|-19|-73|CG1169016|-19|-73|CG1169017|-14|-69|CG1169018|-14|-68|CG1169019|-15|-68
404|2|8|1000|2|CG1168991|-13|-75|CG1168992|-38|-55
404|2|9|1000|1|CG1168997|-16|-72
404|2|10|1088|13|CG1168985|-29|-68|CG1168985|-29|-68|CG1168986|-39|-52|CG1168986|-39|-52|CG1168986|-39|-52|CG1168987|-22|-66|CG1168987|-22|-66|CG1168988|-31|-54|CG1168988|-31|-54|CG1168989|-30|-56|CG1168989|-30|-56|CG1168990|-31|-47|CG1168990|-31|-47
404|3|0|4182|24|CG1169076|-16|-80|CG1169077|-16|-80|CG1169076|-16|-80|CG1169077|-16|-80|CG1169076|-16|-80|CG1169077|-16|-80|CG1169078|-16|-80|CG1169075|-16|-80|CG1169078|-16|-80|CG1169075|-16|-80|CG1169078|-16|-80|CG1169075|-16|-80|CG1169078|-16|-80|CG1169075|-16|-80|CG1169078|-16|-80|CG1169075|-16|-80|CG1169076|-16|-80|CG1169077|-16|-80|CG1169078|-16|-80|CG1169075|-16|-80|CG1169078|-16|-80|CG1169075|-16|-80|CG1169078|-16|-80|CG1169075|-16|-80
404|3|1|697|6|CG1169088|-23|-77|CG1169089|-13|-79|CG1169090|-22|-82|CG1169091|-27|-79|CG1169092|-15|-80|CG1169093|-16|-81
404|3|2|600|5|CG1325525|-125|-117|CG1325526|-119|-165|CG1325527|-116|-175|CG1325528|-58|-136|CG1325529|-81|-129
404|3|3|425|6|CG1169041|-21|-77|CG1169042|-20|-77|CG1169043|-23|-80|CG1169044|-22|-79|CG1169045|-21|-78|CG1169046|-23|-79
404|3|4|
404|3|5|1088|14|CG1169031|-21|-79|CG1169031|-21|-79|CG1169033|-10|-72|CG1169033|-10|-72|CG1169034|-9|-60|CG1169034|-9|-60|CG1169035|7|-76|CG1169036|28|-71|CG1169036|28|-71|CG1169037|18|-75|CG1169038|-2|-63|CG1169039|-11|-58|CG1169040|-6|-70|CG1169032|-7|-77
404|3|6|1190|16|CG1169065|-22|-76|CG1169065|-22|-76|CG1169066|-19|-72|CG1169066|-19|-72|CG1169066|-19|-72|CG1169067|-50|-74|CG1169067|-50|-74|CG1169067|-50|-74|CG1169067|-50|-74|CG1169068|-17|-55|CG1169068|-17|-55|CG1169068|-17|-55|CG1169069|-17|-53|CG1169069|-17|-53|CG1169070|-17|-57|CG1169070|-17|-57
404|3|7|697|7|CG1169079|-19|-74|CG1169080|-26|-70|CG1169081|-24|-72|CG1169081|-24|-72|CG1169082|-19|-72|CG1169083|-19|-72|CG1169084|-19|-73
404|3|8|1000|2|CG1169056|-9|-62|CG1169057|-46|-64
404|3|9|1000|1|CG1169062|-21|-74
404|3|10|1088|13|CG1169050|-33|-71|CG1169050|-33|-71|CG1169051|-51|-62|CG1169051|-51|-62|CG1169051|-51|-62|CG1169052|-17|-61|CG1169052|-17|-61|CG1169053|-27|-32|CG1169053|-27|-32|CG1169054|-21|-36|CG1169054|-21|-36|CG1169055|-27|-26|CG1169055|-27|-26
404|4|0|4182|24|CG1169141|-18|-84|CG1169142|-18|-84|CG1169141|-18|-84|CG1169142|-18|-84|CG1169141|-18|-84|CG1169142|-18|-84|CG1169143|-18|-84|CG1169140|-18|-85|CG1169143|-18|-84|CG1169140|-18|-85|CG1169143|-18|-84|CG1169140|-18|-85|CG1169143|-18|-84|CG1169140|-18|-85|CG1169143|-18|-84|CG1169140|-18|-85|CG1169141|-18|-84|CG1169142|-18|-84|CG1169143|-18|-84|CG1169140|-18|-85|CG1169143|-18|-84|CG1169140|-18|-85|CG1169143|-18|-84|CG1169140|-18|-85
404|4|1|697|6|CG1169153|-27|-76|CG1169154|-23|-79|CG1169155|-20|-82|CG1169156|-23|-77|CG1169157|-16|-79|CG1169158|-17|-81
404|4|2|600|5|CG1325581|-118|-123|CG1325582|-92|-162|CG1325583|-82|-152|CG1325584|-98|-119|CG1325585|-112|-122
404|4|3|425|6|CG1169106|-20|-72|CG1169107|-10|-72|CG1169108|-16|-75|CG1169109|-12|-73|CG1169110|-13|-72|CG1169111|-24|-74
404|4|4|
404|4|5|1088|14|CG1169096|-22|-84|CG1169096|-22|-84|CG1169098|-13|-61|CG1169098|-13|-61|CG1169099|-18|-43|CG1169099|-18|-43|CG1169100|20|-61|CG1169101|28|-49|CG1169101|28|-49|CG1169102|23|-62|CG1169103|-10|-40|CG1169104|-13|-43|CG1169105|-9|-63|CG1169097|-15|-76
404|4|6|1190|16|CG1169130|-23|-83|CG1169130|-23|-83|CG1169131|-19|-76|CG1169131|-19|-76|CG1169131|-19|-76|CG1169132|-35|-81|CG1169132|-35|-81|CG1169132|-35|-81|CG1169132|-35|-81|CG1169133|-20|-45|CG1169133|-20|-45|CG1169133|-20|-45|CG1169134|-20|-49|CG1169134|-20|-49|CG1169135|-20|-54|CG1169135|-20|-54
404|4|7|697|7|CG1169144|-21|-78|CG1169145|-28|-76|CG1169146|-25|-72|CG1169146|-25|-72|CG1169147|-21|-74|CG1169148|-21|-74|CG1169149|-21|-76
404|4|8|1000|2|CG1169121|-16|-50|CG1169122|-38|-79
404|4|9|1000|1|CG1169127|-28|-76
404|4|10|1088|13|CG1169115|-35|-81|CG1169115|-35|-81|CG1169116|-39|-71|CG1169116|-39|-71|CG1169116|-39|-71|CG1169117|-20|-56|CG1169117|-20|-56|CG1169118|-27|-28|CG1169118|-27|-28|CG1169119|-23|-33|CG1169119|-23|-33|CG1169120|-26|-28|CG1169120|-26|-28
404|5|0|4182|24|CG1169206|-14|-86|CG1169207|-14|-86|CG1169206|-14|-86|CG1169207|-14|-86|CG1169206|-14|-86|CG1169207|-14|-86|CG1169208|-14|-86|CG1169205|-14|-86|CG1169208|-14|-86|CG1169205|-14|-86|CG1169208|-14|-86|CG1169205|-14|-86|CG1169208|-14|-86|CG1169205|-14|-86|CG1169208|-14|-86|CG1169205|-14|-86|CG1169206|-14|-86|CG1169207|-14|-86|CG1169208|-14|-86|CG1169205|-14|-86|CG1169208|-14|-86|CG1169205|-14|-86|CG1169208|-14|-86|CG1169205|-14|-86
404|5|1|697|6|CG1169218|-23|-76|CG1169219|-24|-78|CG1169220|-19|-81|CG1169221|-14|-76|CG1169222|-16|-78|CG1169223|-22|-81
404|5|2|600|5|CG1325637|-87|-102|CG1325638|-101|-134|CG1325639|-81|-118|CG1325640|-146|-102|CG1325641|-132|-115
404|5|3|425|6|CG1169171|-14|-69|CG1169172|-14|-68|CG1169173|-14|-71|CG1169174|-13|-69|CG1169175|-13|-68|CG1169176|-14|-71
404|5|4|
404|5|5|1088|14|CG1169161|-19|-84|CG1169161|-19|-84|CG1169163|-19|-56|CG1169163|-19|-56|CG1169164|-27|-31|CG1169164|-27|-31|CG1169165|-3|-47|CG1169166|-1|-36|CG1169166|-1|-36|CG1169167|-24|-45|CG1169168|-27|-23|CG1169169|-22|-38|CG1169170|-29|-63|CG1169162|-25|-77
404|5|6|1190|16|CG1169195|-24|-86|CG1169195|-24|-86|CG1169196|-19|-76|CG1169196|-19|-76|CG1169196|-19|-76|CG1169197|-21|-85|CG1169197|-21|-85|CG1169197|-21|-85|CG1169197|-21|-85|CG1169198|-17|-41|CG1169198|-17|-41|CG1169198|-17|-41|CG1169199|-17|-39|CG1169199|-17|-39|CG1169200|-18|-55|CG1169200|-18|-55
404|5|7|697|7|CG1169209|-20|-78|CG1169210|-27|-80|CG1169211|-28|-74|CG1169211|-28|-74|CG1169212|-23|-74|CG1169213|-20|-74|CG1169214|-20|-76
404|5|8|1000|2|CG1169186|-20|-44|CG1169187|-29|-85
404|5|9|1000|1|CG1169192|-25|-76
404|5|10|1088|13|CG1169180|-25|-85|CG1169180|-25|-85|CG1169181|-25|-75|CG1169181|-25|-75|CG1169181|-25|-75|CG1169182|-20|-55|CG1169182|-20|-55|CG1169183|-32|-25|CG1169183|-32|-25|CG1169184|-33|-32|CG1169184|-33|-32|CG1169185|-35|-25|CG1169185|-35|-25
404|6|0|4182|24|CG1169271|-17|-84|CG1169272|-17|-84|CG1169271|-17|-84|CG1169272|-17|-84|CG1169271|-17|-84|CG1169272|-17|-84|CG1169273|-17|-83|CG1169270|-17|-83|CG1169273|-17|-83|CG1169270|-17|-83|CG1169273|-17|-83|CG1169270|-17|-83|CG1169273|-17|-83|CG1169270|-17|-83|CG1169273|-17|-83|CG1169270|-17|-83|CG1169271|-17|-84|CG1169272|-17|-84|CG1169273|-17|-83|CG1169270|-17|-83|CG1169273|-17|-83|CG1169270|-17|-83|CG1169273|-17|-83|CG1169270|-17|-83
404|6|1|697|6|CG1169283|-24|-76|CG1169284|-21|-78|CG1169285|-26|-80|CG1169286|-25|-75|CG1169287|-26|-77|CG1169288|-25|-81
404|6|2|600|5|CG1325693|-56|-115|CG1325694|-66|-158|CG1325695|-93|-143|CG1325696|-109|-126|CG1325697|-81|-115
404|6|3|425|6|CG1169236|-32|-70|CG1169237|-31|-69|CG1169238|-31|-71|CG1169239|-30|-69|CG1169240|-30|-68|CG1169241|-31|-71
404|6|4|
404|6|5|1088|14|CG1169226|-20|-82|CG1169226|-20|-82|CG1169228|-45|-62|CG1169228|-45|-62|CG1169229|-47|-33|CG1169229|-47|-33|CG1169230|-66|-44|CG1169231|-65|-42|CG1169231|-65|-42|CG1169232|-62|-37|CG1169233|-51|-29|CG1169234|-53|-48|CG1169235|-40|-69|CG1169227|-27|-77
404|6|6|1190|16|CG1169260|-16|-82|CG1169260|-16|-82|CG1169261|-21|-74|CG1169261|-21|-74|CG1169261|-21|-74|CG1169262|-11|-84|CG1169262|-11|-84|CG1169262|-11|-84|CG1169262|-11|-84|CG1169263|-34|-46|CG1169263|-34|-46|CG1169263|-34|-46|CG1169264|-35|-43|CG1169264|-35|-43|CG1169265|-31|-58|CG1169265|-31|-58
404|6|7|697|7|CG1169274|-22|-75|CG1169275|-22|-80|CG1169276|-23|-75|CG1169276|-23|-75|CG1169277|-36|-72|CG1169278|-22|-72|CG1169279|-22|-73
404|6|8|1000|2|CG1169251|-34|-46|CG1169252|-22|-79
404|6|9|1000|1|CG1169257|-27|-75
404|6|10|1088|13|CG1169245|-8|-80|CG1169245|-8|-80|CG1169246|-19|-72|CG1169246|-19|-72|CG1169246|-19|-72|CG1169247|-31|-58|CG1169247|-31|-58|CG1169248|-54|-26|CG1169248|-54|-26|CG1169249|-55|-35|CG1169249|-55|-35|CG1169250|-57|-26|CG1169250|-57|-26
404|7|0|4182|24|CG1169336|-15|-80|CG1169337|-15|-81|CG1169336|-15|-80|CG1169337|-15|-81|CG1169336|-15|-80|CG1169337|-15|-81|CG1169338|-15|-80|CG1169335|-15|-80|CG1169338|-15|-80|CG1169335|-15|-80|CG1169338|-15|-80|CG1169335|-15|-80|CG1169338|-15|-80|CG1169335|-15|-80|CG1169338|-15|-80|CG1169335|-15|-80|CG1169336|-15|-80|CG1169337|-15|-81|CG1169338|-15|-80|CG1169335|-15|-80|CG1169338|-15|-80|CG1169335|-15|-80|CG1169338|-15|-80|CG1169335|-15|-80
404|7|1|697|6|CG1169348|-26|-78|CG1169349|-25|-80|CG1169350|-25|-81|CG1169351|-31|-77|CG1169352|-27|-79|CG1169353|-25|-81
404|7|2|600|5|CG1325749|-65|-111|CG1325750|-73|-164|CG1325751|-68|-170|CG1325752|-60|-150|CG1325753|-60|-127
404|7|3|425|6|CG1169301|-39|-77|CG1169302|-39|-76|CG1169303|-39|-77|CG1169304|-39|-75|CG1169305|-39|-75|CG1169306|-39|-77
404|7|4|
404|7|5|1088|14|CG1169291|-24|-78|CG1169291|-24|-78|CG1169293|-50|-73|CG1169293|-50|-73|CG1169294|-63|-47|CG1169294|-63|-47|CG1169295|-95|-54|CG1169296|-95|-64|CG1169296|-95|-64|CG1169297|-77|-45|CG1169298|-73|-49|CG1169299|-61|-65|CG1169300|-41|-79|CG1169292|-31|-80
404|7|6|1190|16|CG1169325|-17|-77|CG1169325|-17|-77|CG1169326|-24|-71|CG1169326|-24|-71|CG1169326|-24|-71|CG1169327|-12|-81|CG1169327|-12|-81|CG1169327|-12|-81|CG1169327|-12|-81|CG1169328|-40|-57|CG1169328|-40|-57|CG1169328|-40|-57|CG1169329|-43|-54|CG1169329|-43|-54|CG1169330|-35|-63|CG1169330|-35|-63
404|7|7|697|7|CG1169339|-30|-72|CG1169340|-27|-75|CG1169341|-26|-74|CG1169341|-26|-74|CG1169342|-41|-70|CG1169343|-39|-69|CG1169344|-32|-70
404|7|8|1000|2|CG1169316|-48|-58|CG1169317|-27|-66
404|7|9|1000|1|CG1169322|-22|-75
404|7|10|1088|13|CG1169310|-4|-73|CG1169310|-4|-73|CG1169311|-7|-65|CG1169311|-7|-65|CG1169311|-7|-65|CG1169312|-35|-65|CG1169312|-35|-65|CG1169313|-63|-36|CG1169313|-63|-36|CG1169314|-63|-36|CG1169314|-63|-36|CG1169315|-69|-27|CG1169315|-69|-27
