349|0|0|986|6|CG1146389|-38|-67|CG1146390|-38|-67|CG1146391|-37|-67|CG1146392|-37|-67|CG1146391|-37|-67|CG1146390|-38|-67
349|0|1|1000|6|CG1146397|-40|-67|CG1146398|-37|-68|CG1146399|-37|-68|CG1146400|-37|-67|CG1146401|-40|-67|CG1146402|-41|-67
349|0|2|600|5|CG1325357|-54|-113|CG1325358|-66|-144|CG1325359|-95|-176|CG1325360|-103|-137|CG1325361|-78|-106
349|0|3|510|6|CG1146756|-22|-69|CG1146757|-25|-68|CG1146758|-21|-66|CG1146759|-24|-69|CG1146760|-21|-67|CG1146761|-25|-65
349|0|4|
349|0|5|1190|11|CG1146356|-35|-68|CG1146357|-38|-70|CG1146358|-15|-78|CG1146359|-24|-72|CG1146360|-24|-74|CG1146361|-16|-74|CG1146362|-18|-76|CG1146362|-18|-76|CG1146362|-18|-76|CG1146363|-38|-84|CG1146356|-35|-68
349|0|6|2193|22|CG1146379|-37|-67|CG1146379|-37|-67|CG1146380|-40|-68|CG1146380|-40|-68|CG1146381|-42|-67|CG1146381|-42|-67|CG1146379|-37|-67|CG1146379|-37|-67|CG1146380|-40|-68|CG1146380|-40|-68|CG1146381|-42|-67|CG1146381|-42|-67|CG1146379|-37|-67|CG1146379|-37|-67|CG1146380|-40|-68|CG1146380|-40|-68|CG1146381|-42|-67|CG1146382|-37|-68|CG1146383|-35|-56|CG1146384|-36|-55|CG1146385|-36|-62|CG1146379|-37|-67
349|0|7|1000|8|CG1146799|-15|-67|CG1146800|-20|-66|CG1146801|-23|-65|CG1146802|-15|-64|CG1146803|-16|-63|CG1146804|-29|-65|CG1146805|-28|-67|CG1146800|-20|-66
349|0|8|1000|2|CG1146374|-30|-57|CG1146375|-35|-45
349|0|9|1000|1|CG1146376|-21|-68
349|0|10|986|8|CG1146366|-37|-65|CG1146367|-35|-57|CG1146368|-34|-55|CG1146369|-29|-52|CG1146370|-14|-50|CG1146371|-14|-32|CG1146372|-13|-20|CG1146373|-21|-10
349|1|0|986|6|CG1146438|-20|-68|CG1146439|-22|-68|CG1146440|-25|-68|CG1146441|-27|-68|CG1146440|-25|-68|CG1146439|-22|-68
349|1|1|1000|6|CG1146446|-19|-68|CG1146447|-20|-68|CG1146448|-19|-69|CG1146449|-21|-68|CG1146450|-22|-68|CG1146451|-19|-68
349|1|2|600|5|CG1325413|-100|-113|CG1325414|-102|-107|CG1325415|-90|-159|CG1325416|-142|-98|CG1325417|-131|-103
349|1|3|510|6|CG1146825|-12|-71|CG1146826|-16|-69|CG1146827|-17|-67|CG1146828|-12|-71|CG1146829|-17|-69|CG1146830|-15|-67
349|1|4|
349|1|5|1190|11|CG1146405|-41|-69|CG1146406|-28|-70|CG1146407|-12|-74|CG1146408|-12|-76|CG1146409|-12|-74|CG1146410|-13|-73|CG1146411|-13|-75|CG1146411|-13|-75|CG1146411|-13|-75|CG1146412|-12|-90|CG1146405|-41|-69
349|1|6|2193|22|CG1146428|-20|-68|CG1146428|-20|-68|CG1146429|-36|-69|CG1146429|-36|-69|CG1146430|-30|-68|CG1146430|-30|-68|CG1146428|-20|-68|CG1146428|-20|-68|CG1146429|-36|-69|CG1146429|-36|-69|CG1146430|-30|-68|CG1146430|-30|-68|CG1146428|-20|-68|CG1146428|-20|-68|CG1146429|-36|-69|CG1146429|-36|-69|CG1146430|-30|-68|CG1146431|-21|-69|CG1146432|-21|-59|CG1146433|-21|-59|CG1146434|-20|-65|CG1146428|-20|-68
349|1|7|1000|8|CG1146868|-18|-68|CG1146869|-15|-68|CG1146870|-12|-66|CG1146871|-12|-65|CG1146872|-11|-63|CG1146873|-13|-69|CG1146874|-21|-70|CG1146869|-15|-68
349|1|8|1000|2|CG1146423|-39|-68|CG1146424|-40|-52
349|1|9|1000|1|CG1146425|-16|-71
349|1|10|986|8|CG1146415|-27|-68|CG1146416|-29|-62|CG1146417|-29|-61|CG1146418|-34|-56|CG1146419|-51|-49|CG1146420|-35|-33|CG1146421|-57|-14|CG1146422|-60|-7
349|2|0|986|6|CG1146487|-39|-67|CG1146488|-39|-67|CG1146489|-40|-67|CG1146490|-40|-67|CG1146489|-40|-67|CG1146488|-39|-67
349|2|1|1000|6|CG1146495|-33|-67|CG1146496|-36|-68|CG1146497|-38|-68|CG1146498|-37|-68|CG1146499|-37|-68|CG1146500|-35|-68
349|2|2|600|5|CG1325469|-119|-113|CG1325470|-90|-142|CG1325471|-82|-174|CG1325472|-99|-116|CG1325473|-109|-103
349|2|3|510|6|CG1146894|-26|-70|CG1146895|-14|-68|CG1146896|-22|-66|CG1146897|-21|-70|CG1146898|-21|-67|CG1146899|-14|-66
349|2|4|
349|2|5|1190|11|CG1146454|-25|-69|CG1146455|-16|-69|CG1146456|-11|-68|CG1146457|-14|-72|CG1146458|-15|-70|CG1146459|-16|-70|CG1146460|-19|-72|CG1146460|-19|-72|CG1146460|-19|-72|CG1146461|-20|-84|CG1146454|-25|-69
349|2|6|2193|22|CG1146477|-39|-67|CG1146477|-39|-67|CG1146478|-24|-73|CG1146478|-24|-73|CG1146479|-33|-67|CG1146479|-33|-67|CG1146477|-39|-67|CG1146477|-39|-67|CG1146478|-24|-73|CG1146478|-24|-73|CG1146479|-33|-67|CG1146479|-33|-67|CG1146477|-39|-67|CG1146477|-39|-67|CG1146478|-24|-73|CG1146478|-24|-73|CG1146479|-33|-67|CG1146480|-38|-68|CG1146481|-31|-55|CG1146482|-31|-55|CG1146483|-34|-62|CG1146477|-39|-67
349|2|7|1000|8|CG1146937|-15|-67|CG1146938|-11|-67|CG1146939|-11|-65|CG1146940|-18|-63|CG1146941|-24|-63|CG1146942|-8|-66|CG1146943|-11|-67|CG1146938|-11|-67
349|2|8|1000|2|CG1146472|-51|-76|CG1146473|-56|-58
349|2|9|1000|1|CG1146474|-13|-67
349|2|10|986|8|CG1146464|-30|-73|CG1146465|-20|-66|CG1146466|-23|-67|CG1146467|-44|-62|CG1146468|-63|-47|CG1146469|-71|-38|CG1146470|-86|-23|CG1146471|-78|-13
349|3|0|986|6|CG1146536|-37|-67|CG1146537|-36|-67|CG1146538|-33|-67|CG1146539|-32|-66|CG1146538|-33|-67|CG1146537|-36|-67
349|3|1|1000|6|CG1146544|-29|-66|CG1146545|-33|-66|CG1146546|-39|-67|CG1146547|-40|-66|CG1146548|-38|-67|CG1146549|-32|-67
349|3|2|600|5|CG1325525|-125|-117|CG1325526|-119|-165|CG1325527|-116|-175|CG1325528|-58|-136|CG1325529|-81|-129
349|3|3|510|6|CG1146963|-29|-66|CG1146964|-16|-65|CG1146965|-17|-63|CG1146966|-30|-67|CG1146967|-19|-64|CG1146968|-17|-62
349|3|4|
349|3|5|1190|11|CG1146503|-18|-68|CG1146504|-20|-66|CG1146505|-47|-66|CG1146506|-21|-68|CG1146507|-16|-68|CG1146508|-19|-66|CG1146509|-20|-69|CG1146509|-20|-69|CG1146509|-20|-69|CG1146510|-21|-67|CG1146503|-18|-68
349|3|6|2193|22|CG1146526|-37|-67|CG1146526|-37|-67|CG1146527|-34|-71|CG1146527|-34|-71|CG1146528|-38|-68|CG1146528|-38|-68|CG1146526|-37|-67|CG1146526|-37|-67|CG1146527|-34|-71|CG1146527|-34|-71|CG1146528|-38|-68|CG1146528|-38|-68|CG1146526|-37|-67|CG1146526|-37|-67|CG1146527|-34|-71|CG1146527|-34|-71|CG1146528|-38|-68|CG1146529|-35|-64|CG1146530|-26|-60|CG1146531|-27|-60|CG1146532|-30|-58|CG1146526|-37|-67
349|3|7|1000|8|CG1147006|-13|-67|CG1147007|-8|-65|CG1147008|-8|-62|CG1147009|-21|-65|CG1147010|-29|-63|CG1147011|-6|-58|CG1147012|-9|-60|CG1147007|-8|-65
349|3|8|1000|2|CG1146521|-35|-77|CG1146522|-41|-66
349|3|9|1000|1|CG1146523|-15|-58
349|3|10|986|8|CG1146513|-34|-68|CG1146514|-20|-70|CG1146515|-21|-72|CG1146516|-30|-71|CG1146517|-50|-60|CG1146518|-67|-46|CG1146519|-67|-47|CG1146520|-66|-31
349|4|0|986|6|CG1146585|-16|-67|CG1146586|-16|-66|CG1146587|-17|-66|CG1146588|-17|-66|CG1146587|-17|-66|CG1146586|-16|-66
349|4|1|1000|6|CG1146593|-19|-66|CG1146594|-18|-66|CG1146595|-20|-67|CG1146596|-22|-66|CG1146597|-19|-66|CG1146598|-17|-67
349|4|2|600|5|CG1325581|-118|-123|CG1325582|-92|-162|CG1325583|-82|-152|CG1325584|-98|-119|CG1325585|-112|-122
349|4|3|510|6|CG1147032|-22|-64|CG1147033|-22|-62|CG1147034|-14|-60|CG1147035|-26|-64|CG1147036|-19|-62|CG1147037|-22|-60
349|4|4|
349|4|5|1190|11|CG1146552|-17|-66|CG1146553|-24|-64|CG1146554|-58|-64|CG1146555|-25|-68|CG1146556|-16|-68|CG1146557|-22|-67|CG1146558|-19|-66|CG1146558|-19|-66|CG1146558|-19|-66|CG1146559|-23|-63|CG1146552|-17|-66
349|4|6|2193|22|CG1146575|-16|-67|CG1146575|-16|-67|CG1146576|-27|-68|CG1146576|-27|-68|CG1146577|-24|-68|CG1146577|-24|-68|CG1146575|-16|-67|CG1146575|-16|-67|CG1146576|-27|-68|CG1146576|-27|-68|CG1146577|-24|-68|CG1146577|-24|-68|CG1146575|-16|-67|CG1146575|-16|-67|CG1146576|-27|-68|CG1146576|-27|-68|CG1146577|-24|-68|CG1146578|-19|-61|CG1146579|-24|-66|CG1146580|-24|-66|CG1146581|-24|-65|CG1146575|-16|-67
349|4|7|1000|8|CG1147075|-15|-67|CG1147076|-11|-63|CG1147077|-11|-59|CG1147078|-18|-68|CG1147079|-25|-67|CG1147080|-8|-51|CG1147081|-11|-54|CG1147076|-11|-63
349|4|8|1000|2|CG1146570|-14|-71|CG1146571|-20|-73
349|4|9|1000|1|CG1146572|-15|-57
349|4|10|986|8|CG1146562|-20|-57|CG1146563|-11|-69|CG1146564|-12|-70|CG1146565|-16|-76|CG1146566|-28|-67|CG1146567|-49|-64|CG1146568|-57|-59|CG1146569|-55|-44
349|5|0|986|6|CG1146634|-18|-67|CG1146635|-18|-67|CG1146636|-18|-66|CG1146637|-17|-66|CG1146636|-18|-66|CG1146635|-18|-67
349|5|1|1000|6|CG1146642|-17|-65|CG1146643|-19|-67|CG1146644|-18|-66|CG1146645|-15|-65|CG1146646|-16|-67|CG1146647|-17|-66
349|5|2|600|5|CG1325637|-87|-102|CG1325638|-101|-134|CG1325639|-81|-118|CG1325640|-146|-102|CG1325641|-132|-115
349|5|3|510|6|CG1147101|-12|-63|CG1147102|-18|-62|CG1147103|-16|-59|CG1147104|-12|-63|CG1147105|-17|-61|CG1147106|-17|-59
349|5|4|
349|5|5|1190|11|CG1146601|-32|-66|CG1146602|-30|-65|CG1146603|-35|-78|CG1146604|-18|-69|CG1146605|-16|-69|CG1146606|-17|-67|CG1146607|-14|-66|CG1146607|-14|-66|CG1146607|-14|-66|CG1146608|-16|-62|CG1146601|-32|-66
349|5|6|2193|22|CG1146624|-18|-67|CG1146624|-18|-67|CG1146625|-29|-68|CG1146625|-29|-68|CG1146626|-24|-69|CG1146626|-24|-69|CG1146624|-18|-67|CG1146624|-18|-67|CG1146625|-29|-68|CG1146625|-29|-68|CG1146626|-24|-69|CG1146626|-24|-69|CG1146624|-18|-67|CG1146624|-18|-67|CG1146625|-29|-68|CG1146625|-29|-68|CG1146626|-24|-69|CG1146627|-17|-59|CG1146628|-18|-65|CG1146629|-18|-64|CG1146630|-18|-63|CG1146624|-18|-67
349|5|7|1000|8|CG1147144|-18|-67|CG1147145|-15|-63|CG1147146|-12|-59|CG1147147|-12|-69|CG1147148|-13|-69|CG1147149|-13|-48|CG1147150|-22|-52|CG1147145|-15|-63
349|5|8|1000|2|CG1146619|-23|-64|CG1146620|-19|-71
349|5|9|1000|1|CG1146621|-25|-55
349|5|10|986|8|CG1146611|-24|-52|CG1146612|-20|-64|CG1146613|-13|-63|CG1146614|-11|-70|CG1146615|-9|-68|CG1146616|-17|-65|CG1146617|-23|-54|CG1146618|-23|-47
349|6|0|986|6|CG1146683|-17|-67|CG1146684|-18|-67|CG1146685|-21|-66|CG1146686|-22|-66|CG1146685|-21|-66|CG1146684|-18|-67
349|6|1|1000|6|CG1146691|-25|-66|CG1146692|-20|-67|CG1146693|-19|-67|CG1146694|-19|-65|CG1146695|-18|-67|CG1146696|-20|-67
349|6|2|600|5|CG1325693|-56|-115|CG1325694|-66|-158|CG1325695|-93|-143|CG1325696|-109|-126|CG1325697|-81|-115
349|6|3|510|6|CG1147170|-25|-64|CG1147171|-21|-63|CG1147172|-25|-61|CG1147173|-23|-65|CG1147174|-25|-62|CG1147175|-19|-60
349|6|4|
349|6|5|1190|11|CG1146650|-37|-66|CG1146651|-31|-66|CG1146652|-33|-84|CG1146653|-43|-68|CG1146654|-36|-68|CG1146655|-34|-67|CG1146656|-33|-70|CG1146656|-33|-70|CG1146656|-33|-70|CG1146657|-41|-63|CG1146650|-37|-66
349|6|6|2193|22|CG1146673|-16|-67|CG1146673|-16|-67|CG1146674|-19|-69|CG1146674|-19|-69|CG1146675|-19|-69|CG1146675|-19|-69|CG1146673|-16|-67|CG1146673|-16|-67|CG1146674|-19|-69|CG1146674|-19|-69|CG1146675|-19|-69|CG1146675|-19|-69|CG1146673|-16|-67|CG1146673|-16|-67|CG1146674|-19|-69|CG1146674|-19|-69|CG1146675|-19|-69|CG1146676|-21|-61|CG1146677|-31|-56|CG1146678|-31|-56|CG1146679|-29|-54|CG1146673|-16|-67
349|6|7|1000|8|CG1147213|-15|-67|CG1147214|-20|-64|CG1147215|-23|-60|CG1147216|-15|-68|CG1147217|-15|-67|CG1147218|-31|-51|CG1147219|-29|-55|CG1147214|-20|-64
349|6|8|1000|2|CG1146668|-23|-60|CG1146669|-22|-60
349|6|9|1000|1|CG1146670|-28|-56
349|6|10|986|8|CG1146660|-24|-54|CG1146661|-25|-58|CG1146662|-25|-54|CG1146663|-25|-56|CG1146664|-18|-63|CG1146665|-14|-54|CG1146666|-10|-39|CG1146667|-12|-34
349|7|0|986|6|CG1146732|-38|-66|CG1146733|-39|-66|CG1146734|-40|-66|CG1146735|-41|-66|CG1146734|-40|-66|CG1146733|-39|-66
349|7|1|1000|6|CG1146740|-45|-66|CG1146741|-40|-67|CG1146742|-36|-67|CG1146743|-34|-66|CG1146744|-36|-67|CG1146745|-42|-66
349|7|2|600|5|CG1325749|-65|-111|CG1325750|-73|-164|CG1325751|-68|-170|CG1325752|-60|-150|CG1325753|-60|-127
349|7|3|510|6|CG1147239|-28|-66|CG1147240|-24|-65|CG1147241|-23|-63|CG1147242|-28|-66|CG1147243|-23|-64|CG1147244|-24|-62
349|7|4|
349|7|5|1190|11|CG1146699|-23|-66|CG1146700|-31|-68|CG1146701|-31|-75|CG1146702|-41|-68|CG1146703|-42|-70|CG1146704|-35|-71|CG1146705|-35|-73|CG1146705|-35|-73|CG1146705|-35|-73|CG1146706|-55|-67|CG1146699|-23|-66
349|7|6|2193|22|CG1146722|-37|-67|CG1146722|-37|-67|CG1146723|-22|-68|CG1146723|-22|-68|CG1146724|-31|-67|CG1146724|-31|-67|CG1146722|-37|-67|CG1146722|-37|-67|CG1146723|-22|-68|CG1146723|-22|-68|CG1146724|-31|-67|CG1146724|-31|-67|CG1146722|-37|-67|CG1146722|-37|-67|CG1146723|-22|-68|CG1146723|-22|-68|CG1146724|-31|-67|CG1146725|-37|-64|CG1146726|-39|-46|CG1146727|-39|-45|CG1146728|-37|-54|CG1146722|-37|-67
349|7|7|1000|8|CG1147282|-15|-66|CG1147283|-19|-64|CG1147284|-30|-62|CG1147285|-17|-65|CG1147286|-15|-64|CG1147287|-35|-58|CG1147288|-33|-60|CG1147283|-19|-64
349|7|8|1000|2|CG1146717|-22|-57|CG1146718|-23|-49
349|7|9|1000|1|CG1146719|-28|-60
349|7|10|986|8|CG1146709|-28|-59|CG1146710|-31|-54|CG1146711|-30|-49|CG1146712|-27|-51|CG1146713|-21|-52|CG1146714|-9|-39|CG1146715|-6|-25|CG1146716|-7|-17
