379|0|0|986|4|CG1158735|-24|-70|CG1158736|-24|-70|CG1158737|-24|-68|CG1158738|-24|-70
379|0|1|1000|6|CG1158741|-26|-69|CG1158742|-16|-70|CG1158743|-21|-72|CG1158744|-18|-70|CG1158745|-18|-70|CG1158746|-20|-72
379|0|2|600|5|CG1325357|-54|-113|CG1325358|-66|-144|CG1325359|-95|-176|CG1325360|-103|-137|CG1325361|-78|-106
379|0|3|493|6|CG1159044|-26|-72|CG1159045|-26|-73|CG1159046|-31|-74|CG1159047|-28|-73|CG1159048|-31|-73|CG1159049|-26|-72
379|0|4|
379|0|5|986|9|CG1158708|-27|-70|CG1158709|-40|-79|CG1158710|-32|-73|CG1158711|-41|-74|CG1158712|-41|-74|CG1158713|-47|-74|CG1158713|-47|-74|CG1158714|-28|-72|CG1158715|-27|-71
379|0|6|2295|19|CG1158735|-24|-70|CG1158736|-24|-70|CG1158737|-24|-68|CG1158738|-24|-70|CG1158729|-25|-73|CG1158730|-20|-71|CG1158731|-19|-71|CG1158731|-19|-71|CG1158731|-19|-71|CG1158731|-19|-71|CG1158731|-19|-71|CG1158731|-19|-71|CG1158731|-19|-71|CG1158731|-19|-71|CG1158731|-19|-71|CG1158731|-19|-71|CG1158731|-19|-71|CG1158730|-20|-71|CG1158729|-25|-73
379|0|7|1000|8|CG1159079|-23|-70|CG1159080|-23|-68|CG1159081|-22|-66|CG1159082|-23|-65|CG1159083|-37|-72|CG1159084|-44|-68|CG1159085|-27|-68|CG1159086|-25|-67
379|0|8|1000|2|CG1158724|-36|-68|CG1158725|-29|-55
379|0|9|1000|1|CG1158726|-24|-67
379|0|10|799|6|CG1158718|-27|-68|CG1158719|-32|-74|CG1158720|-37|-76|CG1158721|-36|-74|CG1158722|-47|-72|CG1158723|-62|-49
379|1|0|986|4|CG1158776|-17|-68|CG1158777|-17|-68|CG1158778|-17|-69|CG1158779|-17|-69
379|1|1|1000|6|CG1158782|-20|-69|CG1158783|-21|-70|CG1158784|-19|-71|CG1158785|-16|-69|CG1158786|-17|-70|CG1158787|-22|-72
379|1|2|600|5|CG1325413|-100|-113|CG1325414|-102|-107|CG1325415|-90|-159|CG1325416|-142|-98|CG1325417|-131|-103
379|1|3|493|6|CG1159106|-23|-74|CG1159107|-28|-74|CG1159108|-18|-75|CG1159109|-13|-74|CG1159110|-18|-74|CG1159111|-28|-74
379|1|4|
379|1|5|986|9|CG1158749|-17|-68|CG1158750|-21|-88|CG1158751|-17|-75|CG1158752|-16|-78|CG1158753|-16|-78|CG1158754|-17|-79|CG1158754|-17|-79|CG1158755|-16|-72|CG1158756|-17|-70
379|1|6|2295|19|CG1158776|-17|-68|CG1158777|-17|-68|CG1158778|-17|-69|CG1158779|-17|-69|CG1158770|-28|-73|CG1158771|-17|-67|CG1158772|-24|-62|CG1158772|-24|-62|CG1158772|-24|-62|CG1158772|-24|-62|CG1158772|-24|-62|CG1158772|-24|-62|CG1158772|-24|-62|CG1158772|-24|-62|CG1158772|-24|-62|CG1158772|-24|-62|CG1158772|-24|-62|CG1158771|-17|-67|CG1158770|-28|-73
379|1|7|1000|8|CG1159141|-20|-69|CG1159142|-20|-67|CG1159143|-20|-65|CG1159144|-20|-63|CG1159145|-24|-77|CG1159146|-30|-75|CG1159147|-29|-70|CG1159148|-21|-67
379|1|8|1000|2|CG1158765|-23|-70|CG1158766|-18|-59
379|1|9|1000|1|CG1158767|-18|-65
379|1|10|799|6|CG1158759|-17|-68|CG1158760|-16|-75|CG1158761|-16|-78|CG1158762|-18|-75|CG1158763|-23|-77|CG1158764|-32|-58
379|2|0|986|4|CG1158817|-13|-68|CG1158818|-13|-69|CG1158819|-17|-69|CG1158820|-16|-69
379|2|1|1000|6|CG1158823|-27|-69|CG1158824|-26|-70|CG1158825|-20|-72|CG1158826|-28|-70|CG1158827|-23|-70|CG1158828|-20|-72
379|2|2|600|5|CG1325469|-119|-113|CG1325470|-90|-142|CG1325471|-82|-174|CG1325472|-99|-116|CG1325473|-109|-103
379|2|3|493|6|CG1159168|-31|-73|CG1159169|-22|-73|CG1159170|-24|-74|CG1159171|-33|-73|CG1159172|-25|-73|CG1159173|-23|-73
379|2|4|
379|2|5|986|9|CG1158790|-13|-68|CG1158791|-10|-88|CG1158792|-8|-74|CG1158793|-8|-73|CG1158794|-8|-73|CG1158795|-8|-74|CG1158795|-8|-74|CG1158796|-8|-67|CG1158797|-11|-69
379|2|6|2295|19|CG1158817|-13|-68|CG1158818|-13|-69|CG1158819|-17|-69|CG1158820|-16|-69|CG1158811|-20|-74|CG1158812|-16|-63|CG1158813|-17|-53|CG1158813|-17|-53|CG1158813|-17|-53|CG1158813|-17|-53|CG1158813|-17|-53|CG1158813|-17|-53|CG1158813|-17|-53|CG1158813|-17|-53|CG1158813|-17|-53|CG1158813|-17|-53|CG1158813|-17|-53|CG1158812|-16|-63|CG1158811|-20|-74
379|2|7|1000|8|CG1159203|-16|-69|CG1159204|-15|-67|CG1159205|-17|-65|CG1159206|-19|-64|CG1159207|-17|-76|CG1159208|-22|-77|CG1159209|-21|-71|CG1159210|-17|-67
379|2|8|1000|2|CG1158806|-9|-65|CG1158807|-40|-62
379|2|9|1000|1|CG1158808|-24|-65
379|2|10|799|6|CG1158800|-22|-67|CG1158801|-12|-75|CG1158802|-12|-76|CG1158803|-13|-72|CG1158804|-6|-70|CG1158805|-12|-47
379|3|0|986|4|CG1158858|-25|-67|CG1158859|-26|-69|CG1158860|-33|-68|CG1158861|-37|-70
379|3|1|1000|6|CG1158864|-32|-72|CG1158865|-21|-72|CG1158866|-21|-74|CG1158867|-29|-71|CG1158868|-23|-72|CG1158869|-21|-74
379|3|2|600|5|CG1325525|-125|-117|CG1325526|-119|-165|CG1325527|-116|-175|CG1325528|-58|-136|CG1325529|-81|-129
379|3|3|493|6|CG1159230|-44|-69|CG1159231|-25|-69|CG1159232|-27|-70|CG1159233|-41|-69|CG1159234|-29|-69|CG1159235|-28|-69
379|3|4|
379|3|5|986|9|CG1158831|-25|-67|CG1158832|-3|-78|CG1158833|0|-68|CG1158834|0|-66|CG1158835|0|-66|CG1158836|0|-66|CG1158836|0|-66|CG1158837|-3|-63|CG1158838|-21|-68
379|3|6|2295|19|CG1158858|-25|-67|CG1158859|-26|-69|CG1158860|-33|-68|CG1158861|-37|-70|CG1158852|-15|-75|CG1158853|-13|-61|CG1158854|-25|-49|CG1158854|-25|-49|CG1158854|-25|-49|CG1158854|-25|-49|CG1158854|-25|-49|CG1158854|-25|-49|CG1158854|-25|-49|CG1158854|-25|-49|CG1158854|-25|-49|CG1158854|-25|-49|CG1158854|-25|-49|CG1158853|-13|-61|CG1158852|-15|-75
379|3|7|1000|8|CG1159265|-21|-70|CG1159266|-24|-69|CG1159267|-29|-67|CG1159268|-30|-67|CG1159269|-23|-68|CG1159270|-25|-69|CG1159271|-21|-68|CG1159272|-21|-68
379|3|8|1000|2|CG1158847|-7|-56|CG1158848|-50|-63
379|3|9|1000|1|CG1158849|-24|-66
379|3|10|799|6|CG1158841|-29|-70|CG1158842|-18|-72|CG1158843|-8|-68|CG1158844|-13|-71|CG1158845|2|-52|CG1158846|1|-28
379|4|0|986|4|CG1158899|-39|-67|CG1158900|-37|-70|CG1158901|-34|-67|CG1158902|-40|-70
379|4|1|1000|6|CG1158905|-29|-74|CG1158906|-21|-75|CG1158907|-30|-76|CG1158908|-33|-74|CG1158909|-34|-74|CG1158910|-26|-76
379|4|2|600|5|CG1325581|-118|-123|CG1325582|-92|-162|CG1325583|-82|-152|CG1325584|-98|-119|CG1325585|-112|-122
379|4|3|493|6|CG1159292|-35|-63|CG1159293|-26|-63|CG1159294|-24|-63|CG1159295|-30|-62|CG1159296|-24|-62|CG1159297|-24|-62
379|4|4|
379|4|5|986|9|CG1158872|-26|-67|CG1158873|-10|-69|CG1158874|-7|-60|CG1158875|-2|-59|CG1158876|-2|-59|CG1158877|-2|-56|CG1158877|-2|-56|CG1158878|-12|-60|CG1158879|-25|-68
379|4|6|2295|19|CG1158899|-39|-67|CG1158900|-37|-70|CG1158901|-34|-67|CG1158902|-40|-70|CG1158893|-31|-76|CG1158894|-39|-63|CG1158895|-55|-53|CG1158895|-55|-53|CG1158895|-55|-53|CG1158895|-55|-53|CG1158895|-55|-53|CG1158895|-55|-53|CG1158895|-55|-53|CG1158895|-55|-53|CG1158895|-55|-53|CG1158895|-55|-53|CG1158895|-55|-53|CG1158894|-39|-63|CG1158893|-31|-76
379|4|7|1000|8|CG1159327|-22|-70|CG1159328|-35|-70|CG1159329|-36|-69|CG1159330|-34|-70|CG1159331|-21|-57|CG1159332|-18|-56|CG1159333|-15|-62|CG1159334|-19|-68
379|4|8|1000|2|CG1158888|-20|-52|CG1158889|-43|-64
379|4|9|1000|1|CG1158890|-26|-65
379|4|10|799|6|CG1158882|-35|-72|CG1158883|-29|-68|CG1158884|-22|-57|CG1158885|-24|-69|CG1158886|-11|-35|CG1158887|-14|-20
379|5|0|986|4|CG1158940|-35|-67|CG1158941|-33|-69|CG1158942|-28|-66|CG1158943|-32|-70
379|5|1|1000|6|CG1158946|-29|-74|CG1158947|-29|-75|CG1158948|-29|-77|CG1158949|-29|-74|CG1158950|-29|-75|CG1158951|-32|-76
379|5|2|600|5|CG1325637|-87|-102|CG1325638|-101|-134|CG1325639|-81|-118|CG1325640|-146|-102|CG1325641|-132|-115
379|5|3|493|6|CG1159354|-13|-60|CG1159355|-19|-59|CG1159356|-28|-60|CG1159357|-18|-59|CG1159358|-28|-59|CG1159359|-19|-59
379|5|4|
379|5|5|986|9|CG1158913|-37|-67|CG1158914|-37|-66|CG1158915|-38|-56|CG1158916|-36|-56|CG1158917|-36|-56|CG1158918|-33|-52|CG1158918|-33|-52|CG1158919|-41|-61|CG1158920|-43|-69
379|5|6|2295|19|CG1158940|-35|-67|CG1158941|-33|-69|CG1158942|-28|-66|CG1158943|-32|-70|CG1158934|-35|-76|CG1158935|-46|-66|CG1158936|-61|-63|CG1158936|-61|-63|CG1158936|-61|-63|CG1158936|-61|-63|CG1158936|-61|-63|CG1158936|-61|-63|CG1158936|-61|-63|CG1158936|-61|-63|CG1158936|-61|-63|CG1158936|-61|-63|CG1158936|-61|-63|CG1158935|-46|-66|CG1158934|-35|-76
379|5|7|1000|8|CG1159389|-23|-70|CG1159390|-32|-70|CG1159391|-28|-71|CG1159392|-26|-72|CG1159393|-13|-51|CG1159394|-4|-46|CG1159395|-13|-58|CG1159396|-22|-67
379|5|8|1000|2|CG1158929|-31|-49|CG1158930|-37|-63
379|5|9|1000|1|CG1158931|-24|-65
379|5|10|799|6|CG1158923|-32|-73|CG1158924|-33|-65|CG1158925|-34|-54|CG1158926|-31|-69|CG1158927|-40|-28|CG1158928|-44|-12
379|6|0|986|4|CG1158981|-30|-69|CG1158982|-24|-71|CG1158983|-26|-67|CG1158984|-23|-71
379|6|1|1000|6|CG1158987|-29|-73|CG1158988|-30|-74|CG1158989|-27|-76|CG1158990|-28|-74|CG1158991|-27|-74|CG1158992|-30|-76
379|6|2|600|5|CG1325693|-56|-115|CG1325694|-66|-158|CG1325695|-93|-143|CG1325696|-109|-126|CG1325697|-81|-115
379|6|3|493|6|CG1159416|-27|-63|CG1159417|-32|-62|CG1159418|-27|-63|CG1159419|-28|-63|CG1159420|-27|-62|CG1159421|-33|-62
379|6|4|
379|6|5|986|9|CG1158954|-37|-69|CG1158955|-43|-68|CG1158956|-64|-59|CG1158957|-59|-60|CG1158958|-59|-60|CG1158959|-56|-57|CG1158959|-56|-57|CG1158960|-48|-64|CG1158961|-40|-71
379|6|6|2295|19|CG1158981|-30|-69|CG1158982|-24|-71|CG1158983|-26|-67|CG1158984|-23|-71|CG1158975|-33|-75|CG1158976|-40|-70|CG1158977|-48|-74|CG1158977|-48|-74|CG1158977|-48|-74|CG1158977|-48|-74|CG1158977|-48|-74|CG1158977|-48|-74|CG1158977|-48|-74|CG1158977|-48|-74|CG1158977|-48|-74|CG1158977|-48|-74|CG1158977|-48|-74|CG1158976|-40|-70|CG1158975|-33|-75
379|6|7|1000|8|CG1159451|-21|-71|CG1159452|-23|-71|CG1159453|-15|-71|CG1159454|-19|-72|CG1159455|-36|-52|CG1159456|-28|-45|CG1159457|-24|-59|CG1159458|-18|-69
379|6|8|1000|2|CG1158970|-40|-50|CG1158971|-21|-58
379|6|9|1000|1|CG1158972|-33|-67
379|6|10|799|6|CG1158964|-32|-73|CG1158965|-38|-67|CG1158966|-44|-57|CG1158967|-45|-70|CG1158968|-68|-37|CG1158969|-75|-22
379|7|0|986|4|CG1159022|-25|-70|CG1159023|-26|-70|CG1159024|-30|-67|CG1159025|-26|-71
379|7|1|1000|6|CG1159028|-29|-71|CG1159029|-23|-72|CG1159030|-21|-74|CG1159031|-30|-72|CG1159032|-20|-72|CG1159033|-23|-74
379|7|2|600|5|CG1325749|-65|-111|CG1325750|-73|-164|CG1325751|-68|-170|CG1325752|-60|-150|CG1325753|-60|-127
379|7|3|493|6|CG1159478|-36|-69|CG1159479|-32|-69|CG1159480|-34|-70|CG1159481|-37|-69|CG1159482|-33|-69|CG1159483|-32|-69
379|7|4|
379|7|5|986|9|CG1158995|-27|-70|CG1158996|-41|-71|CG1158997|-52|-66|CG1158998|-69|-68|CG1158999|-69|-68|CG1159000|-73|-67|CG1159000|-73|-67|CG1159001|-44|-68|CG1159002|-32|-71
379|7|6|2295|19|CG1159022|-25|-70|CG1159023|-26|-70|CG1159024|-30|-67|CG1159025|-26|-71|CG1159016|-25|-73|CG1159017|-34|-73|CG1159018|-33|-76|CG1159018|-33|-76|CG1159018|-33|-76|CG1159018|-33|-76|CG1159018|-33|-76|CG1159018|-33|-76|CG1159018|-33|-76|CG1159018|-33|-76|CG1159018|-33|-76|CG1159018|-33|-76|CG1159018|-33|-76|CG1159017|-34|-73|CG1159016|-25|-73
379|7|7|1000|8|CG1159513|-25|-70|CG1159514|-23|-70|CG1159515|-23|-69|CG1159516|-23|-68|CG1159517|-42|-63|CG1159518|-45|-56|CG1159519|-28|-64|CG1159520|-24|-69
379|7|8|1000|2|CG1159011|-42|-59|CG1159012|-31|-55
379|7|9|1000|1|CG1159013|-29|-68
379|7|10|799|6|CG1159005|-25|-71|CG1159006|-33|-72|CG1159007|-41|-68|CG1159008|-36|-72|CG1159009|-68|-56|CG1159010|-84|-33
