417|0|0|1190|4|CG1174213|-23|-78|CG1174214|-24|-78|CG1174215|-25|-78|CG1174216|-24|-78
417|0|1|1000|6|CG1174219|-22|-86|CG1174220|-22|-89|CG1174221|-23|-90|CG1174222|-26|-89|CG1174223|-23|-91|CG1174224|-23|-89
417|0|2|600|5|CG1325357|-54|-113|CG1325358|-66|-144|CG1325359|-95|-176|CG1325360|-103|-137|CG1325361|-78|-106
417|0|3|510|6|CG1174186|-34|-80|CG1174187|-31|-81|CG1174188|-26|-84|CG1174189|-24|-80|CG1174190|-26|-81|CG1174191|-30|-84
417|0|4|
417|0|5|986|14|CG1174180|-26|-71|CG1174180|-26|-71|CG1174181|-39|-63|CG1174181|-39|-63|CG1174181|-39|-63|CG1174182|-39|-77|CG1174183|-86|-85|CG1174184|-88|-84|CG1174184|-88|-84|CG1174183|-86|-85|CG1174183|-86|-85|CG1174183|-86|-85|CG1174185|-56|-82|CG1174185|-56|-82
417|0|6|2295|23|CG1174205|-34|-94|CG1174205|-34|-94|CG1174206|-30|-88|CG1174206|-30|-88|CG1174207|-35|-78|CG1174207|-35|-78|CG1174208|-35|-78|CG1174209|-35|-78|CG1174208|-35|-78|CG1174209|-35|-78|CG1174208|-35|-78|CG1174209|-35|-78|CG1174208|-35|-78|CG1174209|-35|-78|CG1174208|-35|-78|CG1174209|-35|-78|CG1174208|-35|-78|CG1174209|-35|-78|CG1174208|-35|-78|CG1174209|-35|-78|CG1174207|-35|-78|CG1174206|-30|-88|CG1174205|-34|-94
417|0|7|1088|9|CG1173699|-30|-78|CG1173700|-4|-64|CG1173701|-1|-61|CG1173701|-1|-61|CG1173702|-26|-68|CG1173703|-57|-70|CG1173704|-58|-69|CG1173705|-37|-71|CG1173706|-25|-75
417|0|8|1000|2|CG1174200|-52|-72|CG1174201|-33|-63
417|0|9|1000|1|CG1174202|-28|-79
417|0|10|1088|6|CG1174194|-34|-73|CG1174195|-31|-66|CG1174196|-68|-73|CG1174197|-64|-62|CG1174198|-59|-59|CG1174199|-62|-67
417|1|0|1190|4|CG1174260|-16|-77|CG1174261|-18|-77|CG1174262|-20|-77|CG1174263|-19|-77
417|1|1|1000|6|CG1174266|-18|-79|CG1174267|-19|-82|CG1174268|-21|-83|CG1174269|-22|-82|CG1174270|-21|-83|CG1174271|-19|-82
417|1|2|600|5|CG1325413|-100|-113|CG1325414|-102|-107|CG1325415|-90|-159|CG1325416|-142|-98|CG1325417|-131|-103
417|1|3|510|6|CG1174233|-22|-80|CG1174234|-21|-81|CG1174235|-20|-84|CG1174236|-21|-80|CG1174237|-19|-81|CG1174238|-21|-84
417|1|4|
417|1|5|986|14|CG1174227|-18|-69|CG1174227|-18|-69|CG1174228|-25|-65|CG1174228|-25|-65|CG1174228|-25|-65|CG1174229|-16|-76|CG1174230|-15|-89|CG1174231|-14|-90|CG1174231|-14|-90|CG1174230|-15|-89|CG1174230|-15|-89|CG1174230|-15|-89|CG1174232|-20|-84|CG1174232|-20|-84
417|1|6|2295|23|CG1174252|-29|-77|CG1174252|-29|-77|CG1174253|-17|-80|CG1174253|-17|-80|CG1174254|-21|-78|CG1174254|-21|-78|CG1174255|-22|-78|CG1174256|-22|-78|CG1174255|-22|-78|CG1174256|-22|-78|CG1174255|-22|-78|CG1174256|-22|-78|CG1174255|-22|-78|CG1174256|-22|-78|CG1174255|-22|-78|CG1174256|-22|-78|CG1174255|-22|-78|CG1174256|-22|-78|CG1174255|-22|-78|CG1174256|-22|-78|CG1174254|-21|-78|CG1174253|-17|-80|CG1174252|-29|-77
417|1|7|1088|9|CG1173765|-18|-77|CG1173766|-16|-58|CG1173767|-33|-55|CG1173767|-33|-55|CG1173768|-14|-67|CG1173769|-34|-82|CG1173770|-34|-81|CG1173771|-24|-77|CG1173772|-33|-76
417|1|8|1000|2|CG1174247|-26|-73|CG1174248|-34|-58
417|1|9|1000|1|CG1174249|-16|-79
417|1|10|1088|6|CG1174241|-29|-71|CG1174242|-34|-66|CG1174243|-40|-64|CG1174244|-38|-69|CG1174245|-36|-66|CG1174246|-38|-59
417|2|0|1190|4|CG1174307|-18|-79|CG1174308|-18|-79|CG1174309|-18|-79|CG1174310|-18|-79
417|2|1|1000|6|CG1174313|-22|-77|CG1174314|-27|-79|CG1174315|-21|-79|CG1174316|-20|-78|CG1174317|-21|-80|CG1174318|-21|-79
417|2|2|600|5|CG1325469|-119|-113|CG1325470|-90|-142|CG1325471|-82|-174|CG1325472|-99|-116|CG1325473|-109|-103
417|2|3|510|6|CG1174280|-19|-80|CG1174281|-13|-81|CG1174282|-18|-84|CG1174283|-26|-80|CG1174284|-14|-81|CG1174285|-13|-84
417|2|4|
417|2|5|986|14|CG1174274|-28|-69|CG1174274|-28|-69|CG1174275|-58|-66|CG1174275|-58|-66|CG1174275|-58|-66|CG1174276|-28|-71|CG1174277|-6|-82|CG1174278|-6|-83|CG1174278|-6|-83|CG1174277|-6|-82|CG1174277|-6|-82|CG1174277|-6|-82|CG1174279|-14|-80|CG1174279|-14|-80
417|2|6|2295|23|CG1174299|-18|-78|CG1174299|-18|-78|CG1174300|-6|-78|CG1174300|-6|-78|CG1174301|-10|-76|CG1174301|-10|-76|CG1174302|-9|-76|CG1174303|-9|-76|CG1174302|-9|-76|CG1174303|-9|-76|CG1174302|-9|-76|CG1174303|-9|-76|CG1174302|-9|-76|CG1174303|-9|-76|CG1174302|-9|-76|CG1174303|-9|-76|CG1174302|-9|-76|CG1174303|-9|-76|CG1174302|-9|-76|CG1174303|-9|-76|CG1174301|-10|-76|CG1174300|-6|-78|CG1174299|-18|-78
417|2|7|1088|9|CG1173831|-14|-78|CG1173832|-43|-61|CG1173833|-49|-59|CG1173833|-49|-59|CG1173834|-21|-69|CG1173835|-17|-81|CG1173836|-17|-81|CG1173837|-35|-77|CG1173838|-28|-75
417|2|8|1000|2|CG1174294|-19|-71|CG1174295|-42|-54
417|2|9|1000|1|CG1174296|-19|-79
417|2|10|1088|6|CG1174288|-24|-73|CG1174289|-20|-67|CG1174290|-18|-44|CG1174291|-19|-58|CG1174292|-19|-54|CG1174293|-18|-46
417|3|0|1190|4|CG1174354|-18|-80|CG1174355|-18|-80|CG1174356|-18|-80|CG1174357|-18|-80
417|3|1|1000|6|CG1174360|-38|-81|CG1174361|-37|-82|CG1174362|-35|-81|CG1174363|-33|-80|CG1174364|-35|-82|CG1174365|-37|-82
417|3|2|600|5|CG1325525|-125|-117|CG1325526|-119|-165|CG1325527|-116|-175|CG1325528|-58|-136|CG1325529|-81|-129
417|3|3|510|6|CG1174327|-28|-79|CG1174328|-16|-79|CG1174329|-18|-82|CG1174330|-26|-79|CG1174331|-18|-79|CG1174332|-17|-82
417|3|4|
417|3|5|986|14|CG1174321|-73|-70|CG1174321|-73|-70|CG1174322|-62|-66|CG1174322|-62|-66|CG1174322|-62|-66|CG1174323|-47|-81|CG1174324|1|-67|CG1174325|1|-68|CG1174325|1|-68|CG1174324|1|-67|CG1174324|1|-67|CG1174324|1|-67|CG1174326|-15|-74|CG1174326|-15|-74
417|3|6|2295|23|CG1174346|-19|-79|CG1174346|-19|-79|CG1174347|-20|-75|CG1174347|-20|-75|CG1174348|-25|-71|CG1174348|-25|-71|CG1174349|-25|-70|CG1174350|-25|-70|CG1174349|-25|-70|CG1174350|-25|-70|CG1174349|-25|-70|CG1174350|-25|-70|CG1174349|-25|-70|CG1174350|-25|-70|CG1174349|-25|-70|CG1174350|-25|-70|CG1174349|-25|-70|CG1174350|-25|-70|CG1174349|-25|-70|CG1174350|-25|-70|CG1174348|-25|-71|CG1174347|-20|-75|CG1174346|-19|-79
417|3|7|1088|9|CG1173897|-20|-77|CG1173898|-50|-70|CG1173899|-47|-69|CG1173899|-47|-69|CG1173900|-35|-72|CG1173901|-24|-70|CG1173902|-24|-70|CG1173903|-28|-71|CG1173904|-20|-74
417|3|8|1000|2|CG1174341|-21|-69|CG1174342|-49|-68
417|3|9|1000|1|CG1174343|-25|-79
417|3|10|1088|6|CG1174335|-25|-78|CG1174336|-15|-69|CG1174337|-1|-25|CG1174338|-3|-36|CG1174339|-2|-26|CG1174340|-2|-26
417|4|0|1190|4|CG1174401|-23|-80|CG1174402|-22|-80|CG1174403|-22|-80|CG1174404|-22|-80
417|4|1|1000|6|CG1174407|-35|-94|CG1174408|-36|-94|CG1174409|-37|-93|CG1174410|-38|-90|CG1174411|-37|-93|CG1174412|-36|-94
417|4|2|600|5|CG1325581|-118|-123|CG1325582|-92|-162|CG1325583|-82|-152|CG1325584|-98|-119|CG1325585|-112|-122
417|4|3|510|6|CG1174374|-26|-78|CG1174375|-22|-78|CG1174376|-22|-81|CG1174377|-22|-78|CG1174378|-22|-78|CG1174379|-22|-81
417|4|4|
417|4|5|986|14|CG1174368|-92|-72|CG1174368|-92|-72|CG1174369|-34|-65|CG1174369|-34|-65|CG1174369|-34|-65|CG1174370|-40|-93|CG1174371|4|-50|CG1174372|4|-50|CG1174372|4|-50|CG1174371|4|-50|CG1174371|4|-50|CG1174371|4|-50|CG1174373|-17|-65|CG1174373|-17|-65
417|4|6|2295|23|CG1174393|-31|-80|CG1174393|-31|-80|CG1174394|-41|-72|CG1174394|-41|-72|CG1174395|-49|-64|CG1174395|-49|-64|CG1174396|-43|-62|CG1174397|-43|-63|CG1174396|-43|-62|CG1174397|-43|-63|CG1174396|-43|-62|CG1174397|-43|-63|CG1174396|-43|-62|CG1174397|-43|-63|CG1174396|-43|-62|CG1174397|-43|-63|CG1174396|-43|-62|CG1174397|-43|-63|CG1174396|-43|-62|CG1174397|-43|-63|CG1174395|-49|-64|CG1174394|-41|-72|CG1174393|-31|-80
417|4|7|1088|9|CG1173963|-25|-77|CG1173964|-44|-78|CG1173965|-43|-78|CG1173965|-43|-78|CG1173966|-34|-75|CG1173967|-22|-58|CG1173968|-23|-60|CG1173969|-16|-59|CG1173970|-17|-70
417|4|8|1000|2|CG1174388|-24|-64|CG1174389|-41|-80
417|4|9|1000|1|CG1174390|-23|-77
417|4|10|1088|6|CG1174382|-29|-82|CG1174383|-24|-69|CG1174384|-16|-21|CG1174385|-17|-18|CG1174386|-16|-20|CG1174387|-16|-20
417|5|0|1190|4|CG1174448|-41|-81|CG1174449|-40|-81|CG1174450|-40|-81|CG1174451|-40|-81
417|5|1|1000|6|CG1174454|-24|-101|CG1174455|-24|-103|CG1174456|-23|-102|CG1174457|-23|-100|CG1174458|-23|-102|CG1174459|-24|-103
417|5|2|600|5|CG1325637|-87|-102|CG1325638|-101|-134|CG1325639|-81|-118|CG1325640|-146|-102|CG1325641|-132|-115
417|5|3|510|6|CG1174421|-25|-78|CG1174422|-27|-78|CG1174423|-33|-81|CG1174424|-38|-78|CG1174425|-36|-78|CG1174426|-29|-81
417|5|4|
417|5|5|986|14|CG1174415|-60|-95|CG1174415|-60|-95|CG1174416|-20|-62|CG1174416|-20|-62|CG1174416|-20|-62|CG1174417|-19|-99|CG1174418|-21|-43|CG1174419|-16|-42|CG1174419|-16|-42|CG1174418|-21|-43|CG1174418|-21|-43|CG1174418|-21|-43|CG1174420|-26|-61|CG1174420|-26|-61
417|5|6|2295|23|CG1174440|-78|-81|CG1174440|-78|-81|CG1174441|-84|-71|CG1174441|-84|-71|CG1174442|-81|-63|CG1174442|-81|-63|CG1174443|-79|-62|CG1174444|-79|-62|CG1174443|-79|-62|CG1174444|-79|-62|CG1174443|-79|-62|CG1174444|-79|-62|CG1174443|-79|-62|CG1174444|-79|-62|CG1174443|-79|-62|CG1174444|-79|-62|CG1174443|-79|-62|CG1174444|-79|-62|CG1174443|-79|-62|CG1174444|-79|-62|CG1174442|-81|-63|CG1174441|-84|-71|CG1174440|-78|-81
417|5|7|1088|9|CG1174029|-27|-77|CG1174030|-35|-84|CG1174031|-44|-84|CG1174031|-44|-84|CG1174032|-18|-76|CG1174033|-11|-58|CG1174034|-11|-60|CG1174035|-10|-56|CG1174036|-26|-67
417|5|8|1000|2|CG1174435|-31|-63|CG1174436|-41|-84
417|5|9|1000|1|CG1174437|-62|-76
417|5|10|1088|6|CG1174429|-60|-82|CG1174430|-66|-68|CG1174431|-80|-15|CG1174432|-75|-13|CG1174433|-75|-14|CG1174434|-79|-15
417|6|0|1190|4|CG1174495|-43|-80|CG1174496|-43|-80|CG1174497|-42|-80|CG1174498|-43|-80
417|6|1|1000|6|CG1174501|-27|-100|CG1174502|-22|-103|CG1174503|-22|-103|CG1174504|-22|-102|CG1174505|-22|-104|CG1174506|-22|-102
417|6|2|600|5|CG1325693|-56|-115|CG1325694|-66|-158|CG1325695|-93|-143|CG1325696|-109|-126|CG1325697|-81|-115
417|6|3|510|6|CG1174468|-67|-79|CG1174469|-67|-79|CG1174470|-70|-82|CG1174471|-71|-79|CG1174472|-70|-79|CG1174473|-68|-82
417|6|4|
417|6|5|986|14|CG1174462|-16|-106|CG1174462|-16|-106|CG1174463|-44|-63|CG1174463|-44|-63|CG1174463|-44|-63|CG1174464|-50|-97|CG1174465|-99|-52|CG1174466|-97|-50|CG1174466|-97|-50|CG1174465|-99|-52|CG1174465|-99|-52|CG1174465|-99|-52|CG1174467|-63|-66|CG1174467|-63|-66
417|6|6|2295|23|CG1174487|-78|-81|CG1174487|-78|-81|CG1174488|-78|-75|CG1174488|-78|-75|CG1174489|-68|-68|CG1174489|-68|-68|CG1174490|-72|-68|CG1174491|-72|-68|CG1174490|-72|-68|CG1174491|-72|-68|CG1174490|-72|-68|CG1174491|-72|-68|CG1174490|-72|-68|CG1174491|-72|-68|CG1174490|-72|-68|CG1174491|-72|-68|CG1174490|-72|-68|CG1174491|-72|-68|CG1174490|-72|-68|CG1174491|-72|-68|CG1174489|-68|-68|CG1174488|-78|-75|CG1174487|-78|-81
417|6|7|1088|9|CG1174095|-22|-77|CG1174096|-16|-82|CG1174097|-25|-82|CG1174097|-25|-82|CG1174098|-29|-75|CG1174099|-37|-59|CG1174100|-37|-59|CG1174101|-27|-53|CG1174102|-31|-69
417|6|8|1000|2|CG1174482|-52|-64|CG1174483|-69|-80
417|6|9|1000|1|CG1174484|-63|-76
417|6|10|1088|6|CG1174476|-73|-82|CG1174477|-83|-68|CG1174478|-114|-19|CG1174479|-115|-17|CG1174480|-114|-18|CG1174481|-115|-18
417|7|0|1190|4|CG1174542|-22|-79|CG1174543|-22|-79|CG1174544|-22|-79|CG1174545|-22|-79
417|7|1|1000|6|CG1174548|-30|-94|CG1174549|-21|-96|CG1174550|-25|-97|CG1174551|-30|-95|CG1174552|-18|-97|CG1174553|-18|-96
417|7|2|600|5|CG1325749|-65|-111|CG1325750|-73|-164|CG1325751|-68|-170|CG1325752|-60|-150|CG1325753|-60|-127
417|7|3|510|6|CG1174515|-68|-79|CG1174516|-67|-80|CG1174517|-64|-83|CG1174518|-62|-79|CG1174519|-63|-80|CG1174520|-66|-83
417|7|4|
417|7|5|986|14|CG1174509|-27|-94|CG1174509|-27|-94|CG1174510|-55|-63|CG1174510|-55|-63|CG1174510|-55|-63|CG1174511|-57|-87|CG1174512|-128|-71|CG1174513|-128|-70|CG1174513|-128|-70|CG1174512|-128|-71|CG1174512|-128|-71|CG1174512|-128|-71|CG1174514|-83|-76|CG1174514|-83|-76
417|7|6|2295|23|CG1174534|-37|-92|CG1174534|-37|-92|CG1174535|-40|-89|CG1174535|-40|-89|CG1174536|-36|-82|CG1174536|-36|-82|CG1174537|-37|-79|CG1174538|-36|-80|CG1174537|-37|-79|CG1174538|-36|-80|CG1174537|-37|-79|CG1174538|-36|-80|CG1174537|-37|-79|CG1174538|-36|-80|CG1174537|-37|-79|CG1174538|-36|-80|CG1174537|-37|-79|CG1174538|-36|-80|CG1174537|-37|-79|CG1174538|-36|-80|CG1174536|-36|-82|CG1174535|-40|-89|CG1174534|-37|-92
417|7|7|1088|9|CG1174161|-35|-77|CG1174162|-8|-74|CG1174163|1|-72|CG1174163|1|-72|CG1174164|-34|-72|CG1174165|-60|-59|CG1174166|-61|-57|CG1174167|-41|-62|CG1174168|-27|-73
417|7|8|1000|2|CG1174529|-72|-70|CG1174530|-57|-67
417|7|9|1000|1|CG1174531|-31|-77
417|7|10|1088|6|CG1174523|-51|-77|CG1174524|-55|-67|CG1174525|-87|-53|CG1174526|-95|-39|CG1174527|-94|-37|CG1174528|-88|-46
