414|0|0|1190|4|CG1172981|-23|-78|CG1172982|-24|-78|CG1172983|-25|-78|CG1172984|-24|-78
414|0|1|1000|6|CG1172987|-22|-86|CG1172988|-22|-89|CG1172989|-23|-90|CG1172990|-26|-90|CG1172991|-23|-91|CG1172992|-23|-89
414|0|2|600|5|CG1325357|-54|-113|CG1325358|-66|-144|CG1325359|-95|-176|CG1325360|-103|-137|CG1325361|-78|-106
414|0|3|510|6|CG1172954|-27|-80|CG1172955|-26|-81|CG1172956|-26|-84|CG1172957|-24|-80|CG1172958|-26|-81|CG1172959|-27|-84
414|0|4|
414|0|5|986|14|CG1172948|-26|-71|CG1172948|-26|-71|CG1172949|-39|-63|CG1172949|-39|-63|CG1172949|-39|-63|CG1172950|-39|-85|CG1172951|-80|-85|CG1172952|-81|-84|CG1172952|-81|-84|CG1172951|-80|-85|CG1172951|-80|-85|CG1172951|-80|-85|CG1172953|-47|-82|CG1172953|-47|-82
414|0|6|2295|23|CG1172973|-34|-82|CG1172973|-34|-82|CG1172974|-30|-80|CG1172974|-30|-80|CG1172975|-35|-77|CG1172975|-35|-77|CG1172976|-35|-78|CG1172977|-35|-78|CG1172976|-35|-78|CG1172977|-35|-78|CG1172976|-35|-78|CG1172977|-35|-78|CG1172976|-35|-78|CG1172977|-35|-78|CG1172976|-35|-78|CG1172977|-35|-78|CG1172976|-35|-78|CG1172977|-35|-78|CG1172976|-35|-78|CG1172977|-35|-78|CG1172975|-35|-77|CG1172974|-30|-80|CG1172973|-34|-82
414|0|7|1088|9|CG1173699|-30|-78|CG1173700|-4|-64|CG1173701|-1|-61|CG1173701|-1|-61|CG1173702|-26|-68|CG1173703|-57|-70|CG1173704|-58|-69|CG1173705|-37|-71|CG1173706|-25|-75
414|0|8|1000|2|CG1172968|-51|-72|CG1172969|-33|-60
414|0|9|1000|1|CG1172970|-28|-79
414|0|10|1088|6|CG1172962|-34|-73|CG1172963|-31|-66|CG1172964|-68|-65|CG1172965|-64|-74|CG1172966|-59|-58|CG1172967|-62|-64
414|1|0|1190|4|CG1173028|-16|-77|CG1173029|-18|-77|CG1173030|-20|-77|CG1173031|-19|-77
414|1|1|1000|6|CG1173034|-18|-80|CG1173035|-19|-82|CG1173036|-21|-82|CG1173037|-22|-81|CG1173038|-21|-83|CG1173039|-19|-82
414|1|2|600|5|CG1325413|-100|-113|CG1325414|-102|-107|CG1325415|-90|-159|CG1325416|-142|-98|CG1325417|-131|-103
414|1|3|510|6|CG1173001|-22|-80|CG1173002|-21|-81|CG1173003|-20|-84|CG1173004|-21|-80|CG1173005|-19|-81|CG1173006|-21|-84
414|1|4|
414|1|5|986|14|CG1172995|-18|-69|CG1172995|-18|-69|CG1172996|-28|-65|CG1172996|-28|-65|CG1172996|-28|-65|CG1172997|-15|-82|CG1172998|-15|-89|CG1172999|-14|-90|CG1172999|-14|-90|CG1172998|-15|-89|CG1172998|-15|-89|CG1172998|-15|-89|CG1173000|-20|-84|CG1173000|-20|-84
414|1|6|2295|23|CG1173020|-29|-77|CG1173020|-29|-77|CG1173021|-17|-80|CG1173021|-17|-80|CG1173022|-21|-78|CG1173022|-21|-78|CG1173023|-22|-78|CG1173024|-22|-78|CG1173023|-22|-78|CG1173024|-22|-78|CG1173023|-22|-78|CG1173024|-22|-78|CG1173023|-22|-78|CG1173024|-22|-78|CG1173023|-22|-78|CG1173024|-22|-78|CG1173023|-22|-78|CG1173024|-22|-78|CG1173023|-22|-78|CG1173024|-22|-78|CG1173022|-21|-78|CG1173021|-17|-80|CG1173020|-29|-77
414|1|7|1088|9|CG1173765|-18|-77|CG1173766|-16|-58|CG1173767|-33|-55|CG1173767|-33|-55|CG1173768|-14|-67|CG1173769|-34|-82|CG1173770|-34|-81|CG1173771|-24|-77|CG1173772|-33|-76
414|1|8|1000|2|CG1173015|-26|-72|CG1173016|-34|-56
414|1|9|1000|1|CG1173017|-16|-79
414|1|10|1088|6|CG1173009|-29|-71|CG1173010|-34|-66|CG1173011|-40|-58|CG1173012|-38|-69|CG1173013|-36|-66|CG1173014|-38|-59
414|2|0|1190|4|CG1173075|-18|-79|CG1173076|-18|-79|CG1173077|-18|-79|CG1173078|-18|-79
414|2|1|1000|6|CG1173081|-22|-78|CG1173082|-27|-79|CG1173083|-21|-78|CG1173084|-20|-76|CG1173085|-21|-78|CG1173086|-21|-79
414|2|2|600|5|CG1325469|-119|-113|CG1325470|-90|-142|CG1325471|-82|-174|CG1325472|-99|-116|CG1325473|-109|-103
414|2|3|510|6|CG1173048|-19|-80|CG1173049|-13|-81|CG1173050|-18|-84|CG1173051|-26|-80|CG1173052|-14|-81|CG1173053|-13|-84
414|2|4|
414|2|5|986|14|CG1173042|-30|-69|CG1173042|-30|-69|CG1173043|-61|-66|CG1173043|-61|-66|CG1173043|-61|-66|CG1173044|-19|-82|CG1173045|-6|-82|CG1173046|-6|-83|CG1173046|-6|-83|CG1173045|-6|-82|CG1173045|-6|-82|CG1173045|-6|-82|CG1173047|-14|-80|CG1173047|-14|-80
414|2|6|2295|23|CG1173067|-18|-78|CG1173067|-18|-78|CG1173068|-6|-78|CG1173068|-6|-78|CG1173069|-16|-76|CG1173069|-16|-76|CG1173070|-15|-76|CG1173071|-15|-76|CG1173070|-15|-76|CG1173071|-15|-76|CG1173070|-15|-76|CG1173071|-15|-76|CG1173070|-15|-76|CG1173071|-15|-76|CG1173070|-15|-76|CG1173071|-15|-76|CG1173070|-15|-76|CG1173071|-15|-76|CG1173070|-15|-76|CG1173071|-15|-76|CG1173069|-16|-76|CG1173068|-6|-78|CG1173067|-18|-78
414|2|7|1088|9|CG1173831|-14|-78|CG1173832|-43|-61|CG1173833|-49|-59|CG1173833|-49|-59|CG1173834|-21|-69|CG1173835|-17|-81|CG1173836|-17|-81|CG1173837|-35|-77|CG1173838|-28|-75
414|2|8|1000|2|CG1173062|-19|-71|CG1173063|-42|-54
414|2|9|1000|1|CG1173064|-23|-79
414|2|10|1088|6|CG1173056|-24|-73|CG1173057|-20|-67|CG1173058|-18|-44|CG1173059|-19|-58|CG1173060|-19|-54|CG1173061|-18|-46
414|3|0|1190|4|CG1173122|-18|-80|CG1173123|-18|-80|CG1173124|-18|-80|CG1173125|-18|-80
414|3|1|1000|6|CG1173128|-31|-81|CG1173129|-30|-81|CG1173130|-28|-79|CG1173131|-27|-77|CG1173132|-28|-80|CG1173133|-30|-81
414|3|2|600|5|CG1325525|-125|-117|CG1325526|-119|-165|CG1325527|-116|-175|CG1325528|-58|-136|CG1325529|-81|-129
414|3|3|510|6|CG1173095|-28|-79|CG1173096|-22|-79|CG1173097|-23|-82|CG1173098|-26|-79|CG1173099|-24|-79|CG1173100|-22|-82
414|3|4|
414|3|5|986|14|CG1173089|-75|-70|CG1173089|-75|-70|CG1173090|-60|-66|CG1173090|-60|-66|CG1173090|-60|-66|CG1173091|-32|-86|CG1173092|1|-67|CG1173093|1|-68|CG1173093|1|-68|CG1173092|1|-67|CG1173092|1|-67|CG1173092|1|-67|CG1173094|-15|-74|CG1173094|-15|-74
414|3|6|2295|23|CG1173114|-22|-79|CG1173114|-22|-79|CG1173115|-24|-75|CG1173115|-24|-75|CG1173116|-29|-71|CG1173116|-29|-71|CG1173117|-29|-70|CG1173118|-29|-70|CG1173117|-29|-70|CG1173118|-29|-70|CG1173117|-29|-70|CG1173118|-29|-70|CG1173117|-29|-70|CG1173118|-29|-70|CG1173117|-29|-70|CG1173118|-29|-70|CG1173117|-29|-70|CG1173118|-29|-70|CG1173117|-29|-70|CG1173118|-29|-70|CG1173116|-29|-71|CG1173115|-24|-75|CG1173114|-22|-79
414|3|7|1088|9|CG1173897|-20|-77|CG1173898|-50|-70|CG1173899|-47|-69|CG1173899|-47|-69|CG1173900|-35|-72|CG1173901|-24|-70|CG1173902|-24|-70|CG1173903|-28|-71|CG1173904|-20|-74
414|3|8|1000|2|CG1173109|-21|-69|CG1173110|-49|-68
414|3|9|1000|1|CG1173111|-29|-79
414|3|10|1088|6|CG1173103|-30|-78|CG1173104|-20|-69|CG1173105|-1|-25|CG1173106|-3|-36|CG1173107|-2|-26|CG1173108|-2|-26
414|4|0|1190|4|CG1173169|-23|-80|CG1173170|-23|-80|CG1173171|-22|-80|CG1173172|-23|-80
414|4|1|1000|6|CG1173175|-31|-87|CG1173176|-33|-87|CG1173177|-34|-86|CG1173178|-34|-83|CG1173179|-34|-86|CG1173180|-33|-87
414|4|2|600|5|CG1325581|-118|-123|CG1325582|-92|-162|CG1325583|-82|-152|CG1325584|-98|-119|CG1325585|-112|-122
414|4|3|510|6|CG1173142|-26|-78|CG1173143|-25|-78|CG1173144|-23|-81|CG1173145|-22|-78|CG1173146|-23|-78|CG1173147|-24|-81
414|4|4|
414|4|5|986|14|CG1173136|-94|-72|CG1173136|-94|-72|CG1173137|-30|-65|CG1173137|-30|-65|CG1173137|-30|-65|CG1173138|-31|-96|CG1173139|4|-50|CG1173140|4|-50|CG1173140|4|-50|CG1173139|4|-50|CG1173139|4|-50|CG1173139|4|-50|CG1173141|-17|-65|CG1173141|-17|-65
414|4|6|2295|23|CG1173161|-33|-80|CG1173161|-33|-80|CG1173162|-42|-72|CG1173162|-42|-72|CG1173163|-50|-64|CG1173163|-50|-64|CG1173164|-45|-62|CG1173165|-45|-63|CG1173164|-45|-62|CG1173165|-45|-63|CG1173164|-45|-62|CG1173165|-45|-63|CG1173164|-45|-62|CG1173165|-45|-63|CG1173164|-45|-62|CG1173165|-45|-63|CG1173164|-45|-62|CG1173165|-45|-63|CG1173164|-45|-62|CG1173165|-45|-63|CG1173163|-50|-64|CG1173162|-42|-72|CG1173161|-33|-80
414|4|7|1088|9|CG1173963|-25|-77|CG1173964|-44|-78|CG1173965|-43|-78|CG1173965|-43|-78|CG1173966|-34|-75|CG1173967|-22|-58|CG1173968|-23|-60|CG1173969|-16|-59|CG1173970|-17|-70
414|4|8|1000|2|CG1173156|-27|-64|CG1173157|-41|-80
414|4|9|1000|1|CG1173158|-23|-77
414|4|10|1088|6|CG1173150|-32|-82|CG1173151|-26|-69|CG1173152|-16|-21|CG1173153|-17|-18|CG1173154|-16|-20|CG1173155|-16|-20
414|5|0|1190|4|CG1173216|-41|-81|CG1173217|-41|-81|CG1173218|-41|-81|CG1173219|-41|-81
414|5|1|1000|6|CG1173222|-23|-93|CG1173223|-23|-94|CG1173224|-23|-93|CG1173225|-24|-91|CG1173226|-23|-94|CG1173227|-23|-94
414|5|2|600|5|CG1325637|-87|-102|CG1325638|-101|-134|CG1325639|-81|-118|CG1325640|-146|-102|CG1325641|-132|-115
414|5|3|510|6|CG1173189|-25|-78|CG1173190|-27|-78|CG1173191|-32|-81|CG1173192|-35|-78|CG1173193|-33|-78|CG1173194|-29|-81
414|5|4|
414|5|5|986|14|CG1173183|-60|-86|CG1173183|-60|-86|CG1173184|-21|-62|CG1173184|-21|-62|CG1173184|-21|-62|CG1173185|-19|-102|CG1173186|-21|-43|CG1173187|-16|-42|CG1173187|-16|-42|CG1173186|-21|-43|CG1173186|-21|-43|CG1173186|-21|-43|CG1173188|-24|-61|CG1173188|-24|-61
414|5|6|2295|23|CG1173208|-77|-81|CG1173208|-77|-81|CG1173209|-84|-71|CG1173209|-84|-71|CG1173210|-79|-63|CG1173210|-79|-63|CG1173211|-78|-62|CG1173212|-78|-62|CG1173211|-78|-62|CG1173212|-78|-62|CG1173211|-78|-62|CG1173212|-78|-62|CG1173211|-78|-62|CG1173212|-78|-62|CG1173211|-78|-62|CG1173212|-78|-62|CG1173211|-78|-62|CG1173212|-78|-62|CG1173211|-78|-62|CG1173212|-78|-62|CG1173210|-79|-63|CG1173209|-84|-71|CG1173208|-77|-81
414|5|7|1088|9|CG1174029|-27|-77|CG1174030|-35|-84|CG1174031|-44|-84|CG1174031|-44|-84|CG1174032|-18|-76|CG1174033|-11|-58|CG1174034|-11|-60|CG1174035|-10|-56|CG1174036|-26|-67
414|5|8|1000|2|CG1173203|-33|-63|CG1173204|-33|-84
414|5|9|1000|1|CG1173205|-54|-76
414|5|10|1088|6|CG1173197|-53|-82|CG1173198|-59|-68|CG1173199|-82|-15|CG1173200|-84|-13|CG1173201|-79|-14|CG1173202|-84|-15
414|6|0|1190|4|CG1173263|-40|-80|CG1173264|-40|-80|CG1173265|-40|-80|CG1173266|-40|-80
414|6|1|1000|6|CG1173269|-27|-95|CG1173270|-25|-98|CG1173271|-24|-98|CG1173272|-24|-96|CG1173273|-24|-98|CG1173274|-25|-97
414|6|2|600|5|CG1325693|-56|-115|CG1325694|-66|-158|CG1325695|-93|-143|CG1325696|-109|-126|CG1325697|-81|-115
414|6|3|510|6|CG1173236|-59|-79|CG1173237|-58|-79|CG1173238|-61|-82|CG1173239|-62|-79|CG1173240|-61|-79|CG1173241|-60|-82
414|6|4|
414|6|5|986|14|CG1173230|-16|-93|CG1173230|-16|-93|CG1173231|-44|-63|CG1173231|-44|-63|CG1173231|-44|-63|CG1173232|-49|-99|CG1173233|-91|-52|CG1173234|-88|-50|CG1173234|-88|-50|CG1173233|-91|-52|CG1173233|-91|-52|CG1173233|-91|-52|CG1173235|-72|-66|CG1173235|-72|-66
414|6|6|2295|23|CG1173255|-78|-81|CG1173255|-78|-81|CG1173256|-74|-75|CG1173256|-74|-75|CG1173257|-62|-68|CG1173257|-62|-68|CG1173258|-65|-68|CG1173259|-65|-68|CG1173258|-65|-68|CG1173259|-65|-68|CG1173258|-65|-68|CG1173259|-65|-68|CG1173258|-65|-68|CG1173259|-65|-68|CG1173258|-65|-68|CG1173259|-65|-68|CG1173258|-65|-68|CG1173259|-65|-68|CG1173258|-65|-68|CG1173259|-65|-68|CG1173257|-62|-68|CG1173256|-74|-75|CG1173255|-78|-81
414|6|7|1088|9|CG1174095|-22|-77|CG1174096|-16|-82|CG1174097|-25|-82|CG1174097|-25|-82|CG1174098|-29|-75|CG1174099|-37|-59|CG1174100|-37|-59|CG1174101|-27|-53|CG1174102|-31|-69
414|6|8|1000|2|CG1173250|-45|-64|CG1173251|-55|-80
414|6|9|1000|1|CG1173252|-55|-76
414|6|10|1088|6|CG1173244|-61|-82|CG1173245|-73|-68|CG1173246|-109|-19|CG1173247|-108|-24|CG1173248|-110|-18|CG1173249|-108|-18
414|7|0|1190|4|CG1173310|-21|-79|CG1173311|-21|-79|CG1173312|-20|-79|CG1173313|-21|-79
414|7|1|1000|6|CG1173316|-30|-92|CG1173317|-21|-95|CG1173318|-25|-96|CG1173319|-30|-95|CG1173320|-22|-97|CG1173321|-20|-95
414|7|2|600|5|CG1325749|-65|-111|CG1325750|-73|-164|CG1325751|-68|-170|CG1325752|-60|-150|CG1325753|-60|-127
414|7|3|510|6|CG1173283|-59|-79|CG1173284|-57|-80|CG1173285|-55|-83|CG1173286|-53|-79|CG1173287|-53|-80|CG1173288|-57|-83
414|7|4|
414|7|5|986|14|CG1173277|-27|-81|CG1173277|-27|-81|CG1173278|-55|-63|CG1173278|-55|-63|CG1173278|-55|-63|CG1173279|-57|-91|CG1173280|-117|-71|CG1173281|-116|-70|CG1173281|-116|-70|CG1173280|-117|-71|CG1173280|-117|-71|CG1173280|-117|-71|CG1173282|-80|-76|CG1173282|-80|-76
414|7|6|2295|23|CG1173302|-36|-82|CG1173302|-36|-82|CG1173303|-40|-80|CG1173303|-40|-80|CG1173304|-36|-74|CG1173304|-36|-74|CG1173305|-37|-73|CG1173306|-36|-73|CG1173305|-37|-73|CG1173306|-36|-73|CG1173305|-37|-73|CG1173306|-36|-73|CG1173305|-37|-73|CG1173306|-36|-73|CG1173305|-37|-73|CG1173306|-36|-73|CG1173305|-37|-73|CG1173306|-36|-73|CG1173305|-37|-73|CG1173306|-36|-73|CG1173304|-36|-74|CG1173303|-40|-80|CG1173302|-36|-82
414|7|7|1088|9|CG1174161|-35|-77|CG1174162|-8|-74|CG1174163|1|-72|CG1174163|1|-72|CG1174164|-34|-72|CG1174165|-60|-59|CG1174166|-61|-57|CG1174167|-41|-62|CG1174168|-27|-73
414|7|8|1000|2|CG1173297|-67|-70|CG1173298|-53|-67
414|7|9|1000|1|CG1173299|-31|-77
414|7|10|1088|6|CG1173291|-41|-77|CG1173292|-46|-67|CG1173293|-86|-47|CG1173294|-85|-59|CG1173295|-86|-40|CG1173296|-86|-46
