416|0|0|1190|4|CG1173695|-23|-78|CG1173696|-24|-78|CG1173697|-25|-78|CG1173698|-24|-78
416|0|1|1000|6|CG1173710|-22|-74|CG1173711|-22|-76|CG1173712|-23|-76|CG1173713|-26|-74|CG1173714|-23|-76|CG1173715|-23|-76
416|0|2|600|5|CG1325357|-54|-113|CG1325358|-66|-144|CG1325359|-95|-176|CG1325360|-103|-137|CG1325361|-78|-106
416|0|3|510|6|CG1173662|-26|-80|CG1173663|-26|-81|CG1173664|-26|-84|CG1173665|-24|-80|CG1173666|-26|-81|CG1173667|-27|-84
416|0|4|
416|0|5|1292|16|CG1173652|-20|-78|CG1173652|-20|-78|CG1173654|-29|-73|CG1173655|-30|-78|CG1173656|-26|-79|CG1173656|-26|-79|CG1173657|-29|-78|CG1173657|-29|-78|CG1173658|-40|-84|CG1173659|-45|-81|CG1173660|-43|-83|CG1173660|-43|-83|CG1173661|-33|-83|CG1173661|-33|-83|CG1173653|-23|-77|CG1173653|-23|-77
416|0|6|2295|23|CG1173686|-34|-78|CG1173686|-34|-78|CG1173687|-30|-80|CG1173687|-30|-80|CG1173688|-35|-77|CG1173688|-35|-77|CG1173689|-35|-78|CG1173690|-35|-78|CG1173689|-35|-78|CG1173690|-35|-78|CG1173689|-35|-78|CG1173690|-35|-78|CG1173689|-35|-78|CG1173690|-35|-78|CG1173689|-35|-78|CG1173690|-35|-78|CG1173689|-35|-78|CG1173690|-35|-78|CG1173689|-35|-78|CG1173690|-35|-78|CG1173688|-35|-77|CG1173687|-30|-80|CG1173686|-34|-78
416|0|7|1088|9|CG1173699|-30|-78|CG1173700|-4|-64|CG1173701|-1|-61|CG1173701|-1|-61|CG1173702|-26|-68|CG1173703|-57|-70|CG1173704|-58|-69|CG1173705|-37|-71|CG1173706|-25|-75
416|0|8|1000|2|CG1173677|-29|-72|CG1173678|-33|-54
416|0|9|1000|1|CG1173683|-28|-79
416|0|10|1088|6|CG1173671|-34|-73|CG1173672|-31|-66|CG1173673|-68|-50|CG1173674|-64|-61|CG1173675|-59|-58|CG1173676|-62|-51
416|1|0|1190|4|CG1173761|-16|-77|CG1173762|-18|-77|CG1173763|-20|-77|CG1173764|-19|-77
416|1|1|1000|6|CG1173776|-18|-73|CG1173777|-19|-75|CG1173778|-21|-74|CG1173779|-22|-73|CG1173780|-21|-75|CG1173781|-19|-74
416|1|2|600|5|CG1325413|-100|-113|CG1325414|-102|-107|CG1325415|-90|-159|CG1325416|-142|-98|CG1325417|-131|-103
416|1|3|510|6|CG1173728|-22|-80|CG1173729|-21|-81|CG1173730|-20|-84|CG1173731|-21|-80|CG1173732|-19|-81|CG1173733|-21|-84
416|1|4|
416|1|5|1292|16|CG1173718|-18|-76|CG1173718|-18|-76|CG1173720|-18|-68|CG1173721|-14|-78|CG1173722|-16|-79|CG1173722|-16|-79|CG1173723|-20|-78|CG1173723|-20|-78|CG1173724|-26|-88|CG1173725|-25|-92|CG1173726|-23|-94|CG1173726|-23|-94|CG1173727|-24|-87|CG1173727|-24|-87|CG1173719|-20|-78|CG1173719|-20|-78
416|1|6|2295|23|CG1173752|-29|-77|CG1173752|-29|-77|CG1173753|-17|-80|CG1173753|-17|-80|CG1173754|-21|-78|CG1173754|-21|-78|CG1173755|-22|-78|CG1173756|-22|-78|CG1173755|-22|-78|CG1173756|-22|-78|CG1173755|-22|-78|CG1173756|-22|-78|CG1173755|-22|-78|CG1173756|-22|-78|CG1173755|-22|-78|CG1173756|-22|-78|CG1173755|-22|-78|CG1173756|-22|-78|CG1173755|-22|-78|CG1173756|-22|-78|CG1173754|-21|-78|CG1173753|-17|-80|CG1173752|-29|-77
416|1|7|1088|9|CG1173765|-18|-77|CG1173766|-16|-58|CG1173767|-33|-55|CG1173767|-33|-55|CG1173768|-14|-67|CG1173769|-34|-82|CG1173770|-34|-81|CG1173771|-24|-77|CG1173772|-33|-76
416|1|8|1000|2|CG1173743|-26|-72|CG1173744|-34|-47
416|1|9|1000|1|CG1173749|-16|-79
416|1|10|1088|6|CG1173737|-29|-71|CG1173738|-34|-66|CG1173739|-40|-58|CG1173740|-38|-69|CG1173741|-36|-66|CG1173742|-38|-59
416|2|0|1190|4|CG1173827|-18|-79|CG1173828|-18|-79|CG1173829|-18|-79|CG1173830|-18|-79
416|2|1|1000|6|CG1173842|-22|-75|CG1173843|-27|-77|CG1173844|-21|-76|CG1173845|-20|-75|CG1173846|-21|-77|CG1173847|-21|-76
416|2|2|600|5|CG1325469|-119|-113|CG1325470|-90|-142|CG1325471|-82|-174|CG1325472|-99|-116|CG1325473|-109|-103
416|2|3|510|6|CG1173794|-19|-80|CG1173795|-13|-81|CG1173796|-18|-84|CG1173797|-26|-80|CG1173798|-14|-81|CG1173799|-13|-84
416|2|4|
416|2|5|1292|16|CG1173784|-17|-76|CG1173784|-17|-76|CG1173786|-23|-61|CG1173787|-9|-74|CG1173788|-11|-75|CG1173788|-11|-75|CG1173789|-10|-70|CG1173789|-10|-70|CG1173790|-5|-79|CG1173791|-6|-94|CG1173792|-6|-95|CG1173792|-6|-95|CG1173793|-12|-84|CG1173793|-12|-84|CG1173785|-19|-77|CG1173785|-19|-77
416|2|6|2295|23|CG1173818|-18|-78|CG1173818|-18|-78|CG1173819|-6|-78|CG1173819|-6|-78|CG1173820|-7|-76|CG1173820|-7|-76|CG1173821|-8|-76|CG1173822|-8|-76|CG1173821|-8|-76|CG1173822|-8|-76|CG1173821|-8|-76|CG1173822|-8|-76|CG1173821|-8|-76|CG1173822|-8|-76|CG1173821|-8|-76|CG1173822|-8|-76|CG1173821|-8|-76|CG1173822|-8|-76|CG1173821|-8|-76|CG1173822|-8|-76|CG1173820|-7|-76|CG1173819|-6|-78|CG1173818|-18|-78
416|2|7|1088|9|CG1173831|-14|-78|CG1173832|-43|-61|CG1173833|-49|-59|CG1173833|-49|-59|CG1173834|-21|-69|CG1173835|-17|-81|CG1173836|-17|-81|CG1173837|-35|-77|CG1173838|-28|-75
416|2|8|1000|2|CG1173809|-19|-71|CG1173810|-42|-54
416|2|9|1000|1|CG1173815|-13|-79
416|2|10|1088|6|CG1173803|-24|-73|CG1173804|-20|-67|CG1173805|-18|-44|CG1173806|-19|-58|CG1173807|-19|-54|CG1173808|-18|-46
416|3|0|1190|4|CG1173893|-21|-80|CG1173894|-21|-80|CG1173895|-21|-80|CG1173896|-21|-80
416|3|1|1000|6|CG1173908|-21|-77|CG1173909|-29|-79|CG1173910|-21|-79|CG1173911|-21|-77|CG1173912|-28|-79|CG1173913|-21|-79
416|3|2|600|5|CG1325525|-125|-117|CG1325526|-119|-165|CG1325527|-116|-175|CG1325528|-58|-136|CG1325529|-81|-129
416|3|3|510|6|CG1173860|-28|-79|CG1173861|-14|-79|CG1173862|-18|-82|CG1173863|-26|-79|CG1173864|-11|-79|CG1173865|-17|-82
416|3|4|
416|3|5|1292|16|CG1173850|-26|-77|CG1173850|-26|-77|CG1173852|-25|-63|CG1173853|-17|-69|CG1173854|-12|-66|CG1173854|-12|-66|CG1173855|-7|-60|CG1173855|-7|-60|CG1173856|7|-63|CG1173857|6|-86|CG1173858|5|-85|CG1173858|5|-85|CG1173859|-6|-78|CG1173859|-6|-78|CG1173851|-22|-76|CG1173851|-22|-76
416|3|6|2295|23|CG1173884|-19|-79|CG1173884|-19|-79|CG1173885|-10|-75|CG1173885|-10|-75|CG1173886|-12|-71|CG1173886|-12|-71|CG1173887|-11|-70|CG1173888|-11|-70|CG1173887|-11|-70|CG1173888|-11|-70|CG1173887|-11|-70|CG1173888|-11|-70|CG1173887|-11|-70|CG1173888|-11|-70|CG1173887|-11|-70|CG1173888|-11|-70|CG1173887|-11|-70|CG1173888|-11|-70|CG1173887|-11|-70|CG1173888|-11|-70|CG1173886|-12|-71|CG1173885|-10|-75|CG1173884|-19|-79
416|3|7|1088|9|CG1173897|-20|-77|CG1173898|-50|-70|CG1173899|-47|-69|CG1173899|-47|-69|CG1173900|-35|-72|CG1173901|-24|-70|CG1173902|-24|-70|CG1173903|-28|-71|CG1173904|-20|-74
416|3|8|1000|2|CG1173875|-21|-69|CG1173876|-49|-68
416|3|9|1000|1|CG1173881|-19|-79
416|3|10|1088|6|CG1173869|-25|-78|CG1173870|-14|-69|CG1173871|-1|-25|CG1173872|-3|-36|CG1173873|-2|-26|CG1173874|-2|-26
416|4|0|1190|4|CG1173959|-22|-80|CG1173960|-23|-80|CG1173961|-23|-80|CG1173962|-23|-80
416|4|1|1000|6|CG1173974|-20|-79|CG1173975|-21|-81|CG1173976|-21|-80|CG1173977|-21|-79|CG1173978|-25|-81|CG1173979|-21|-80
416|4|2|600|5|CG1325581|-118|-123|CG1325582|-92|-162|CG1325583|-82|-152|CG1325584|-98|-119|CG1325585|-112|-122
416|4|3|510|6|CG1173926|-26|-78|CG1173927|-15|-78|CG1173928|-15|-81|CG1173929|-17|-78|CG1173930|-14|-78|CG1173931|-16|-81
416|4|4|
416|4|5|1292|16|CG1173916|-34|-80|CG1173916|-34|-80|CG1173918|-31|-65|CG1173919|-18|-62|CG1173920|-20|-57|CG1173920|-20|-57|CG1173921|-12|-56|CG1173921|-12|-56|CG1173922|8|-49|CG1173923|5|-72|CG1173924|1|-71|CG1173924|1|-71|CG1173925|-6|-67|CG1173925|-6|-67|CG1173917|-22|-74|CG1173917|-22|-74
416|4|6|2295|23|CG1173950|-21|-80|CG1173950|-21|-80|CG1173951|-21|-72|CG1173951|-21|-72|CG1173952|-19|-64|CG1173952|-19|-64|CG1173953|-19|-62|CG1173954|-19|-63|CG1173953|-19|-62|CG1173954|-19|-63|CG1173953|-19|-62|CG1173954|-19|-63|CG1173953|-19|-62|CG1173954|-19|-63|CG1173953|-19|-62|CG1173954|-19|-63|CG1173953|-19|-62|CG1173954|-19|-63|CG1173953|-19|-62|CG1173954|-19|-63|CG1173952|-19|-64|CG1173951|-21|-72|CG1173950|-21|-80
416|4|7|1088|9|CG1173963|-25|-77|CG1173964|-44|-78|CG1173965|-43|-78|CG1173965|-43|-78|CG1173966|-34|-75|CG1173967|-22|-58|CG1173968|-23|-60|CG1173969|-16|-59|CG1173970|-17|-70
416|4|8|1000|2|CG1173941|-19|-64|CG1173942|-41|-80
416|4|9|1000|1|CG1173947|-22|-77
416|4|10|1088|6|CG1173935|-25|-82|CG1173936|-23|-69|CG1173937|-16|-21|CG1173938|-17|-18|CG1173939|-16|-20|CG1173940|-16|-20
416|5|0|1190|4|CG1174025|-23|-81|CG1174026|-23|-81|CG1174027|-23|-81|CG1174028|-23|-81
416|5|1|1000|6|CG1174040|-16|-80|CG1174041|-17|-81|CG1174042|-17|-81|CG1174043|-17|-80|CG1174044|-17|-81|CG1174045|-16|-81
416|5|2|600|5|CG1325637|-87|-102|CG1325638|-101|-134|CG1325639|-81|-118|CG1325640|-146|-102|CG1325641|-132|-115
416|5|3|510|6|CG1173992|-21|-78|CG1173993|-20|-78|CG1173994|-19|-81|CG1173995|-20|-78|CG1173996|-20|-78|CG1173997|-19|-81
416|5|4|
416|5|5|1292|16|CG1173982|-28|-82|CG1173982|-28|-82|CG1173984|-33|-70|CG1173985|-22|-62|CG1173986|-32|-57|CG1173986|-32|-57|CG1173987|-29|-59|CG1173987|-29|-59|CG1173988|-26|-44|CG1173989|-17|-60|CG1173990|-17|-66|CG1173990|-17|-66|CG1173991|-21|-63|CG1173991|-21|-63|CG1173983|-25|-73|CG1173983|-25|-73
416|5|6|2295|23|CG1174016|-28|-81|CG1174016|-28|-81|CG1174017|-30|-71|CG1174017|-30|-71|CG1174018|-24|-63|CG1174018|-24|-63|CG1174019|-24|-62|CG1174020|-24|-62|CG1174019|-24|-62|CG1174020|-24|-62|CG1174019|-24|-62|CG1174020|-24|-62|CG1174019|-24|-62|CG1174020|-24|-62|CG1174019|-24|-62|CG1174020|-24|-62|CG1174019|-24|-62|CG1174020|-24|-62|CG1174019|-24|-62|CG1174020|-24|-62|CG1174018|-24|-63|CG1174017|-30|-71|CG1174016|-28|-81
416|5|7|1088|9|CG1174029|-27|-77|CG1174030|-35|-84|CG1174031|-44|-84|CG1174031|-44|-84|CG1174032|-18|-76|CG1174033|-11|-58|CG1174034|-11|-60|CG1174035|-10|-56|CG1174036|-26|-67
416|5|8|1000|2|CG1174007|-26|-63|CG1174008|-36|-84
416|5|9|1000|1|CG1174013|-20|-76
416|5|10|1088|6|CG1174001|-25|-82|CG1174002|-26|-68|CG1174003|-33|-15|CG1174004|-29|-13|CG1174005|-29|-14|CG1174006|-32|-15
416|6|0|1190|4|CG1174091|-18|-80|CG1174092|-18|-80|CG1174093|-18|-80|CG1174094|-18|-80
416|6|1|1000|6|CG1174106|-27|-79|CG1174107|-21|-81|CG1174108|-16|-81|CG1174109|-20|-79|CG1174110|-14|-81|CG1174111|-16|-80
416|6|2|600|5|CG1325693|-56|-115|CG1325694|-66|-158|CG1325695|-93|-143|CG1325696|-109|-126|CG1325697|-81|-115
416|6|3|510|6|CG1174058|-24|-79|CG1174059|-24|-79|CG1174060|-24|-82|CG1174061|-24|-79|CG1174062|-24|-79|CG1174063|-23|-82
416|6|4|
416|6|5|1292|16|CG1174048|-13|-82|CG1174048|-13|-82|CG1174050|-23|-74|CG1174051|-38|-69|CG1174052|-36|-65|CG1174052|-36|-65|CG1174053|-42|-67|CG1174053|-42|-67|CG1174054|-55|-52|CG1174055|-42|-62|CG1174056|-41|-65|CG1174056|-41|-65|CG1174057|-47|-67|CG1174057|-47|-67|CG1174049|-28|-75|CG1174049|-28|-75
416|6|6|2295|23|CG1174082|-29|-81|CG1174082|-29|-81|CG1174083|-34|-75|CG1174083|-34|-75|CG1174084|-35|-68|CG1174084|-35|-68|CG1174085|-36|-68|CG1174086|-35|-68|CG1174085|-36|-68|CG1174086|-35|-68|CG1174085|-36|-68|CG1174086|-35|-68|CG1174085|-36|-68|CG1174086|-35|-68|CG1174085|-36|-68|CG1174086|-35|-68|CG1174085|-36|-68|CG1174086|-35|-68|CG1174085|-36|-68|CG1174086|-35|-68|CG1174084|-35|-68|CG1174083|-34|-75|CG1174082|-29|-81
416|6|7|1088|9|CG1174095|-22|-77|CG1174096|-16|-82|CG1174097|-25|-82|CG1174097|-25|-82|CG1174098|-29|-75|CG1174099|-37|-59|CG1174100|-37|-59|CG1174101|-27|-53|CG1174102|-31|-69
416|6|8|1000|2|CG1174073|-31|-64|CG1174074|-28|-80
416|6|9|1000|1|CG1174079|-27|-76
416|6|10|1088|6|CG1174067|-22|-82|CG1174068|-28|-68|CG1174069|-75|-19|CG1174070|-74|-17|CG1174071|-76|-18|CG1174072|-75|-18
416|7|0|1190|4|CG1174157|-21|-79|CG1174158|-21|-79|CG1174159|-20|-79|CG1174160|-21|-79
416|7|1|1000|6|CG1174172|-30|-76|CG1174173|-21|-78|CG1174174|-25|-78|CG1174175|-30|-77|CG1174176|-17|-78|CG1174177|-18|-78
416|7|2|600|5|CG1325749|-65|-111|CG1325750|-73|-164|CG1325751|-68|-170|CG1325752|-60|-150|CG1325753|-60|-127
416|7|3|510|6|CG1174124|-24|-79|CG1174125|-22|-80|CG1174126|-26|-83|CG1174127|-24|-79|CG1174128|-22|-80|CG1174129|-25|-83
416|7|4|
416|7|5|1292|16|CG1174114|-17|-80|CG1174114|-17|-80|CG1174116|-33|-76|CG1174117|-46|-74|CG1174118|-34|-73|CG1174118|-34|-73|CG1174119|-45|-74|CG1174119|-45|-74|CG1174120|-60|-70|CG1174121|-52|-68|CG1174122|-51|-71|CG1174122|-51|-71|CG1174123|-51|-76|CG1174123|-51|-76|CG1174115|-22|-77|CG1174115|-22|-77
416|7|6|2295|23|CG1174148|-22|-79|CG1174148|-22|-79|CG1174149|-40|-77|CG1174149|-40|-77|CG1174150|-36|-73|CG1174150|-36|-73|CG1174151|-37|-73|CG1174152|-36|-73|CG1174151|-37|-73|CG1174152|-36|-73|CG1174151|-37|-73|CG1174152|-36|-73|CG1174151|-37|-73|CG1174152|-36|-73|CG1174151|-37|-73|CG1174152|-36|-73|CG1174151|-37|-73|CG1174152|-36|-73|CG1174151|-37|-73|CG1174152|-36|-73|CG1174150|-36|-73|CG1174149|-40|-77|CG1174148|-22|-79
416|7|7|1088|9|CG1174161|-35|-77|CG1174162|-8|-74|CG1174163|1|-72|CG1174163|1|-72|CG1174164|-34|-72|CG1174165|-60|-59|CG1174166|-61|-57|CG1174167|-41|-62|CG1174168|-27|-73
416|7|8|1000|2|CG1174139|-24|-70|CG1174140|-31|-67
416|7|9|1000|1|CG1174145|-31|-77
416|7|10|1088|6|CG1174133|-22|-77|CG1174134|-28|-67|CG1174135|-86|-25|CG1174136|-85|-38|CG1174137|-86|-34|CG1174138|-86|-26
