370|0|0|986|4|CG1155269|-27|-70|CG1155270|-24|-70|CG1155271|-24|-68|CG1155272|-24|-70
370|0|1|1000|6|CG1155275|-39|-69|CG1155276|-36|-70|CG1155277|-27|-72|CG1155278|-19|-70|CG1155279|-24|-70|CG1155280|-36|-72
370|0|2|600|5|CG1325357|-54|-113|CG1325358|-66|-144|CG1325359|-95|-176|CG1325360|-103|-137|CG1325361|-78|-106
370|0|3|493|6|CG1155244|-41|-72|CG1155245|-36|-73|CG1155246|-32|-74|CG1155247|-28|-73|CG1155248|-31|-73|CG1155249|-36|-74
370|0|4|
370|0|5|799|10|CG1155236|-35|-70|CG1155236|-35|-70|CG1155237|-26|-63|CG1155237|-26|-63|CG1155238|-43|-75|CG1155239|-70|-75|CG1155240|-63|-77|CG1155241|-52|-74|CG1155242|-50|-72|CG1155243|-45|-70
370|0|6|2000|19|CG1155269|-27|-70|CG1155270|-24|-70|CG1155271|-24|-68|CG1155272|-24|-70|CG1155263|-34|-73|CG1155264|-31|-71|CG1155265|-19|-71|CG1155265|-19|-71|CG1155265|-19|-71|CG1155265|-19|-71|CG1155265|-19|-71|CG1155265|-19|-71|CG1155265|-19|-71|CG1155265|-19|-71|CG1155265|-19|-71|CG1155265|-19|-71|CG1155265|-19|-71|CG1155264|-31|-71|CG1155263|-34|-73
370|0|7|1000|8|CG1154407|-23|-70|CG1154408|-23|-68|CG1154409|-22|-66|CG1154410|-23|-65|CG1154411|-37|-72|CG1154412|-44|-68|CG1154413|-26|-68|CG1154414|-25|-67
370|0|8|1000|2|CG1155258|-38|-68|CG1155259|-29|-55
370|0|9|1000|1|CG1155260|-36|-68
370|0|10|799|5|CG1155252|-27|-68|CG1155253|-32|-74|CG1155254|-37|-76|CG1155256|-59|-72|CG1155257|-62|-56
370|1|0|986|4|CG1155316|-17|-68|CG1155317|-17|-69|CG1155318|-17|-69|CG1155319|-17|-69
370|1|1|1000|6|CG1155322|-24|-72|CG1155323|-21|-74|CG1155324|-19|-74|CG1155325|-16|-69|CG1155326|-17|-70|CG1155327|-22|-72
370|1|2|600|5|CG1325413|-100|-113|CG1325414|-102|-107|CG1325415|-90|-159|CG1325416|-142|-98|CG1325417|-131|-103
370|1|3|493|6|CG1155291|-24|-74|CG1155292|-30|-74|CG1155293|-17|-75|CG1155294|-13|-74|CG1155295|-19|-75|CG1155296|-28|-75
370|1|4|
370|1|5|799|10|CG1155283|-17|-74|CG1155283|-17|-74|CG1155284|-18|-62|CG1155284|-18|-62|CG1155285|-17|-77|CG1155286|-21|-86|CG1155287|-19|-86|CG1155288|-23|-80|CG1155289|-22|-73|CG1155290|-26|-68
370|1|6|2000|19|CG1155316|-17|-68|CG1155317|-17|-69|CG1155318|-17|-69|CG1155319|-17|-69|CG1155310|-28|-73|CG1155311|-17|-67|CG1155312|-24|-62|CG1155312|-24|-62|CG1155312|-24|-62|CG1155312|-24|-62|CG1155312|-24|-62|CG1155312|-24|-62|CG1155312|-24|-62|CG1155312|-24|-62|CG1155312|-24|-62|CG1155312|-24|-62|CG1155312|-24|-62|CG1155311|-17|-67|CG1155310|-28|-73
370|1|7|1000|8|CG1154469|-20|-69|CG1154470|-20|-67|CG1154471|-20|-65|CG1154472|-20|-63|CG1154473|-24|-77|CG1154474|-30|-75|CG1154475|-29|-70|CG1154476|-21|-67
370|1|8|1000|2|CG1155305|-23|-70|CG1155306|-18|-59
370|1|9|1000|1|CG1155307|-17|-70
370|1|10|799|5|CG1155299|-17|-68|CG1155300|-16|-75|CG1155301|-16|-78|CG1155303|-23|-78|CG1155304|-32|-57
370|2|0|986|4|CG1155363|-13|-68|CG1155364|-13|-69|CG1155365|-12|-69|CG1155366|-13|-69
370|2|1|1000|6|CG1155369|-27|-75|CG1155370|-26|-76|CG1155371|-20|-72|CG1155372|-28|-70|CG1155373|-23|-70|CG1155374|-20|-72
370|2|2|600|5|CG1325469|-119|-113|CG1325470|-90|-142|CG1325471|-82|-174|CG1325472|-99|-116|CG1325473|-109|-103
370|2|3|493|6|CG1155338|-30|-72|CG1155339|-20|-74|CG1155340|-24|-74|CG1155341|-32|-72|CG1155342|-22|-73|CG1155343|-24|-74
370|2|4|
370|2|5|799|10|CG1155330|-12|-71|CG1155330|-12|-71|CG1155331|-24|-66|CG1155331|-24|-66|CG1155332|-8|-73|CG1155333|-8|-77|CG1155334|-7|-77|CG1155335|-16|-79|CG1155336|-16|-73|CG1155337|-14|-68
370|2|6|2000|19|CG1155363|-13|-68|CG1155364|-13|-69|CG1155365|-12|-69|CG1155366|-13|-69|CG1155357|-20|-74|CG1155358|-16|-64|CG1155359|-17|-53|CG1155359|-17|-53|CG1155359|-17|-53|CG1155359|-17|-53|CG1155359|-17|-53|CG1155359|-17|-53|CG1155359|-17|-53|CG1155359|-17|-53|CG1155359|-17|-53|CG1155359|-17|-53|CG1155359|-17|-53|CG1155358|-16|-64|CG1155357|-20|-74
370|2|7|1000|8|CG1154531|-16|-69|CG1154532|-15|-67|CG1154533|-17|-65|CG1154534|-19|-64|CG1154535|-17|-76|CG1154536|-22|-77|CG1154537|-21|-71|CG1154538|-17|-67
370|2|8|1000|2|CG1155352|-9|-65|CG1155353|-40|-62
370|2|9|1000|1|CG1155354|-12|-70
370|2|10|799|5|CG1155346|-22|-67|CG1155347|-12|-74|CG1155348|-12|-76|CG1155350|-7|-70|CG1155351|-12|-46
370|3|0|986|4|CG1155410|-25|-67|CG1155411|-25|-69|CG1155412|-24|-68|CG1155413|-24|-70
370|3|1|1000|6|CG1155416|-32|-72|CG1155417|-21|-72|CG1155418|-21|-74|CG1155419|-29|-71|CG1155420|-22|-72|CG1155421|-21|-74
370|3|2|600|5|CG1325525|-125|-117|CG1325526|-119|-165|CG1325527|-116|-175|CG1325528|-58|-136|CG1325529|-81|-129
370|3|3|493|6|CG1155385|-42|-69|CG1155386|-19|-69|CG1155387|-29|-70|CG1155388|-41|-68|CG1155389|-21|-69|CG1155390|-29|-70
370|3|4|
370|3|5|799|10|CG1155377|-23|-67|CG1155377|-23|-67|CG1155378|-24|-70|CG1155378|-24|-70|CG1155379|0|-66|CG1155380|0|-68|CG1155381|0|-69|CG1155382|-10|-75|CG1155383|-23|-71|CG1155384|-26|-67
370|3|6|2000|19|CG1155410|-25|-67|CG1155411|-25|-69|CG1155412|-24|-68|CG1155413|-24|-70|CG1155404|-15|-75|CG1155405|-13|-61|CG1155406|-29|-49|CG1155406|-29|-49|CG1155406|-29|-49|CG1155406|-29|-49|CG1155406|-29|-49|CG1155406|-29|-49|CG1155406|-29|-49|CG1155406|-29|-49|CG1155406|-29|-49|CG1155406|-29|-49|CG1155406|-29|-49|CG1155405|-13|-61|CG1155404|-15|-75
370|3|7|1000|8|CG1154593|-21|-70|CG1154594|-24|-69|CG1154595|-29|-67|CG1154596|-30|-67|CG1154597|-23|-68|CG1154598|-25|-69|CG1154599|-21|-68|CG1154600|-21|-68
370|3|8|1000|2|CG1155399|-7|-56|CG1155400|-50|-63
370|3|9|1000|1|CG1155401|-25|-63
370|3|10|799|5|CG1155393|-22|-70|CG1155394|-7|-72|CG1155395|-8|-68|CG1155397|1|-53|CG1155398|1|-29
370|4|0|986|4|CG1155457|-27|-67|CG1155458|-26|-70|CG1155459|-25|-68|CG1155460|-28|-70
370|4|1|1000|6|CG1155463|-29|-74|CG1155464|-21|-75|CG1155465|-17|-76|CG1155466|-19|-74|CG1155467|-19|-74|CG1155468|-20|-76
370|4|2|600|5|CG1325581|-118|-123|CG1325582|-92|-162|CG1325583|-82|-152|CG1325584|-98|-119|CG1325585|-112|-122
370|4|3|493|6|CG1155432|-32|-63|CG1155433|-19|-63|CG1155434|-25|-64|CG1155435|-30|-62|CG1155436|-25|-63|CG1155437|-26|-64
370|4|4|
370|4|5|799|10|CG1155424|-24|-68|CG1155424|-24|-68|CG1155425|-21|-74|CG1155425|-21|-74|CG1155426|-4|-59|CG1155427|1|-53|CG1155428|0|-56|CG1155429|-19|-67|CG1155430|-26|-66|CG1155431|-27|-66
370|4|6|2000|19|CG1155457|-27|-67|CG1155458|-26|-70|CG1155459|-25|-68|CG1155460|-28|-70|CG1155451|-15|-76|CG1155452|-26|-63|CG1155453|-64|-53|CG1155453|-64|-53|CG1155453|-64|-53|CG1155453|-64|-53|CG1155453|-64|-53|CG1155453|-64|-53|CG1155453|-64|-53|CG1155453|-64|-53|CG1155453|-64|-53|CG1155453|-64|-53|CG1155453|-64|-53|CG1155452|-26|-63|CG1155451|-15|-76
370|4|7|1000|8|CG1154655|-22|-70|CG1154656|-35|-70|CG1154657|-36|-69|CG1154658|-34|-70|CG1154659|-21|-57|CG1154660|-18|-56|CG1154661|-15|-62|CG1154662|-19|-68
370|4|8|1000|2|CG1155446|-13|-46|CG1155447|-39|-64
370|4|9|1000|1|CG1155448|-26|-59
370|4|10|799|5|CG1155440|-23|-72|CG1155441|-13|-68|CG1155442|-13|-57|CG1155444|-11|-37|CG1155445|-14|-20
370|5|0|986|4|CG1155504|-24|-67|CG1155505|-27|-69|CG1155506|-39|-66|CG1155507|-26|-70
370|5|1|1000|6|CG1155510|-16|-74|CG1155511|-17|-75|CG1155512|-20|-77|CG1155513|-21|-74|CG1155514|-21|-75|CG1155515|-18|-76
370|5|2|600|5|CG1325637|-87|-102|CG1325638|-101|-134|CG1325639|-81|-118|CG1325640|-146|-102|CG1325641|-132|-115
370|5|3|493|6|CG1155479|-20|-60|CG1155480|-24|-59|CG1155481|-26|-60|CG1155482|-30|-59|CG1155483|-25|-59|CG1155484|-25|-60
370|5|4|
370|5|5|799|10|CG1155471|-23|-67|CG1155471|-23|-67|CG1155472|-39|-73|CG1155472|-39|-73|CG1155473|-23|-57|CG1155474|-22|-45|CG1155475|-22|-48|CG1155476|-23|-59|CG1155477|-23|-63|CG1155478|-26|-65
370|5|6|2000|19|CG1155504|-24|-67|CG1155505|-27|-69|CG1155506|-39|-66|CG1155507|-26|-70|CG1155498|-26|-76|CG1155499|-44|-66|CG1155500|-85|-61|CG1155500|-85|-61|CG1155500|-85|-61|CG1155500|-85|-61|CG1155500|-85|-61|CG1155500|-85|-61|CG1155500|-85|-61|CG1155500|-85|-61|CG1155500|-85|-61|CG1155500|-85|-61|CG1155500|-85|-61|CG1155499|-44|-66|CG1155498|-26|-76
370|5|7|1000|8|CG1154717|-22|-70|CG1154718|-32|-70|CG1154719|-28|-71|CG1154720|-26|-72|CG1154721|-13|-51|CG1154722|-4|-46|CG1154723|-13|-58|CG1154724|-22|-67
370|5|8|1000|2|CG1155493|-27|-43|CG1155494|-50|-63
370|5|9|1000|1|CG1155495|-22|-59
370|5|10|799|5|CG1155487|-29|-73|CG1155488|-27|-65|CG1155489|-27|-54|CG1155491|-31|-30|CG1155492|-64|-11
370|6|0|986|4|CG1155551|-31|-69|CG1155552|-39|-71|CG1155553|-43|-67|CG1155554|-41|-71
370|6|1|1000|6|CG1155557|-21|-73|CG1155558|-22|-74|CG1155559|-33|-76|CG1155560|-38|-74|CG1155561|-36|-74|CG1155562|-24|-76
370|6|2|600|5|CG1325693|-56|-115|CG1325694|-66|-158|CG1325695|-93|-143|CG1325696|-109|-126|CG1325697|-81|-115
370|6|3|493|6|CG1155526|-29|-63|CG1155527|-34|-62|CG1155528|-41|-63|CG1155529|-40|-63|CG1155530|-40|-62|CG1155531|-35|-64
370|6|4|
370|6|5|799|10|CG1155518|-32|-69|CG1155518|-32|-69|CG1155519|-38|-70|CG1155519|-38|-70|CG1155520|-65|-62|CG1155521|-83|-51|CG1155522|-86|-53|CG1155523|-75|-61|CG1155524|-46|-65|CG1155525|-32|-67
370|6|6|2000|19|CG1155551|-31|-69|CG1155552|-39|-71|CG1155553|-43|-67|CG1155554|-41|-71|CG1155545|-38|-75|CG1155546|-45|-70|CG1155547|-61|-72|CG1155547|-61|-72|CG1155547|-61|-72|CG1155547|-61|-72|CG1155547|-61|-72|CG1155547|-61|-72|CG1155547|-61|-72|CG1155547|-61|-72|CG1155547|-61|-72|CG1155547|-61|-72|CG1155547|-61|-72|CG1155546|-45|-70|CG1155545|-38|-75
370|6|7|1000|8|CG1154779|-21|-71|CG1154780|-23|-71|CG1154781|-15|-71|CG1154782|-19|-72|CG1154783|-36|-52|CG1154784|-28|-45|CG1154785|-24|-59|CG1154786|-18|-69
370|6|8|1000|2|CG1155540|-50|-48|CG1155541|-37|-58
370|6|9|1000|1|CG1155542|-28|-61
370|6|10|799|5|CG1155534|-44|-73|CG1155535|-54|-67|CG1155536|-58|-57|CG1155538|-75|-39|CG1155539|-101|-22
370|7|0|986|4|CG1155598|-38|-70|CG1155599|-36|-70|CG1155600|-30|-67|CG1155601|-32|-71
370|7|1|1000|6|CG1155604|-35|-71|CG1155605|-37|-72|CG1155606|-40|-74|CG1155607|-38|-72|CG1155608|-40|-72|CG1155609|-40|-74
370|7|2|600|5|CG1325749|-65|-111|CG1325750|-73|-164|CG1325751|-68|-170|CG1325752|-60|-150|CG1325753|-60|-127
370|7|3|493|6|CG1155573|-47|-68|CG1155574|-47|-69|CG1155575|-41|-70|CG1155576|-37|-69|CG1155577|-40|-69|CG1155578|-47|-70
370|7|4|
370|7|5|799|10|CG1155565|-44|-70|CG1155565|-44|-70|CG1155566|-26|-66|CG1155566|-26|-66|CG1155567|-74|-69|CG1155568|-103|-63|CG1155569|-100|-65|CG1155570|-85|-67|CG1155571|-63|-69|CG1155572|-44|-70
370|7|6|2000|19|CG1155598|-38|-70|CG1155599|-36|-70|CG1155600|-30|-67|CG1155601|-32|-71|CG1155592|-48|-73|CG1155593|-49|-73|CG1155594|-33|-76|CG1155594|-33|-76|CG1155594|-33|-76|CG1155594|-33|-76|CG1155594|-33|-76|CG1155594|-33|-76|CG1155594|-33|-76|CG1155594|-33|-76|CG1155594|-33|-76|CG1155594|-33|-76|CG1155594|-33|-76|CG1155593|-49|-73|CG1155592|-48|-73
370|7|7|1000|8|CG1154841|-25|-70|CG1154842|-23|-70|CG1154843|-23|-69|CG1154844|-23|-68|CG1154845|-42|-63|CG1154846|-45|-56|CG1154847|-28|-64|CG1154848|-24|-69
370|7|8|1000|2|CG1155587|-59|-59|CG1155588|-31|-53
370|7|9|1000|1|CG1155589|-38|-66
370|7|10|799|5|CG1155581|-38|-71|CG1155582|-53|-72|CG1155583|-61|-68|CG1155585|-90|-57|CG1155586|-84|-37
