413|0|0|1190|4|CG1172577|-23|-79|CG1172578|-24|-79|CG1172579|-25|-80|CG1172580|-24|-79
413|0|1|1000|6|CG1172583|-22|-100|CG1172584|-22|-103|CG1172585|-23|-104|CG1172586|-26|-103|CG1172587|-23|-105|CG1172588|-23|-103
413|0|2|600|5|CG1325357|-54|-113|CG1325358|-66|-144|CG1325359|-95|-176|CG1325360|-103|-137|CG1325361|-78|-106
413|0|3|510|6|CG1172550|-38|-80|CG1172551|-36|-81|CG1172552|-29|-84|CG1172553|-25|-80|CG1172554|-27|-81|CG1172555|-34|-84
413|0|4|
413|0|5|1394|21|CG1172540|-25|-71|CG1172540|-25|-71|CG1172542|-27|-74|CG1172542|-27|-74|CG1172542|-27|-74|CG1172543|-66|-79|CG1172543|-66|-79|CG1172544|-66|-79|CG1172545|-64|-80|CG1172546|-57|-83|CG1172546|-57|-83|CG1172547|-58|-84|CG1172547|-58|-84|CG1172548|-59|-84|CG1172548|-59|-84|CG1172548|-59|-84|CG1172548|-59|-84|CG1172549|-66|-79|CG1172549|-66|-79|CG1172541|-25|-73|CG1172541|-25|-73
413|0|6|2295|23|CG1172569|-34|-100|CG1172569|-34|-100|CG1172570|-30|-93|CG1172570|-30|-93|CG1172571|-35|-82|CG1172571|-35|-82|CG1172572|-35|-81|CG1172573|-35|-82|CG1172572|-35|-81|CG1172573|-35|-82|CG1172572|-35|-81|CG1172573|-35|-82|CG1172572|-35|-81|CG1172573|-35|-82|CG1172572|-35|-81|CG1172573|-35|-82|CG1172572|-35|-81|CG1172573|-35|-82|CG1172572|-35|-81|CG1172573|-35|-82|CG1172571|-35|-82|CG1172570|-30|-93|CG1172569|-34|-100
413|0|7|1088|9|CG1171307|-30|-78|CG1171308|-4|-64|CG1171309|-1|-61|CG1171309|-1|-61|CG1171310|-26|-68|CG1171311|-57|-70|CG1171312|-58|-69|CG1171313|-37|-71|CG1171314|-25|-75
413|0|8|1000|2|CG1172564|-61|-72|CG1172565|-33|-74
413|0|9|1000|1|CG1172566|-28|-79
413|0|10|1088|6|CG1172558|-34|-73|CG1172559|-31|-65|CG1172560|-68|-65|CG1172561|-64|-78|CG1172562|-61|-63|CG1172563|-62|-65
413|1|0|1190|4|CG1172628|-16|-77|CG1172629|-18|-77|CG1172630|-20|-77|CG1172631|-19|-77
413|1|1|1000|6|CG1172634|-18|-92|CG1172635|-19|-95|CG1172636|-21|-96|CG1172637|-22|-95|CG1172638|-21|-96|CG1172639|-19|-95
413|1|2|600|5|CG1325413|-100|-113|CG1325414|-102|-107|CG1325415|-90|-159|CG1325416|-142|-98|CG1325417|-131|-103
413|1|3|510|6|CG1172601|-22|-80|CG1172602|-21|-81|CG1172603|-20|-84|CG1172604|-21|-80|CG1172605|-19|-81|CG1172606|-21|-84
413|1|4|
413|1|5|1394|21|CG1172591|-14|-68|CG1172591|-14|-68|CG1172593|-15|-70|CG1172593|-15|-70|CG1172593|-15|-70|CG1172594|-18|-88|CG1172594|-18|-88|CG1172595|-18|-88|CG1172596|-17|-87|CG1172597|-16|-89|CG1172597|-16|-89|CG1172598|-14|-90|CG1172598|-14|-90|CG1172599|-14|-88|CG1172599|-14|-88|CG1172599|-14|-88|CG1172599|-14|-88|CG1172600|-14|-88|CG1172600|-14|-88|CG1172592|-15|-71|CG1172592|-15|-71
413|1|6|2295|23|CG1172620|-29|-80|CG1172620|-29|-80|CG1172621|-17|-80|CG1172621|-17|-80|CG1172622|-21|-78|CG1172622|-21|-78|CG1172623|-22|-78|CG1172624|-22|-78|CG1172623|-22|-78|CG1172624|-22|-78|CG1172623|-22|-78|CG1172624|-22|-78|CG1172623|-22|-78|CG1172624|-22|-78|CG1172623|-22|-78|CG1172624|-22|-78|CG1172623|-22|-78|CG1172624|-22|-78|CG1172623|-22|-78|CG1172624|-22|-78|CG1172622|-21|-78|CG1172621|-17|-80|CG1172620|-29|-80
413|1|7|1088|9|CG1171373|-18|-77|CG1171374|-16|-58|CG1171375|-33|-55|CG1171375|-33|-55|CG1171376|-14|-67|CG1171377|-34|-82|CG1171378|-34|-81|CG1171379|-24|-77|CG1171380|-33|-76
413|1|8|1000|2|CG1172615|-26|-86|CG1172616|-34|-71
413|1|9|1000|1|CG1172617|-16|-79
413|1|10|1088|6|CG1172609|-29|-71|CG1172610|-34|-63|CG1172611|-40|-58|CG1172612|-38|-71|CG1172613|-35|-69|CG1172614|-38|-59
413|2|0|1190|4|CG1172679|-18|-79|CG1172680|-18|-79|CG1172681|-18|-79|CG1172682|-18|-79
413|2|1|1000|6|CG1172685|-22|-90|CG1172686|-27|-92|CG1172687|-21|-92|CG1172688|-20|-91|CG1172689|-21|-93|CG1172690|-21|-92
413|2|2|600|5|CG1325469|-119|-113|CG1325470|-90|-142|CG1325471|-82|-174|CG1325472|-99|-116|CG1325473|-109|-103
413|2|3|510|6|CG1172652|-19|-80|CG1172653|-13|-81|CG1172654|-18|-84|CG1172655|-26|-80|CG1172656|-14|-81|CG1172657|-13|-84
413|2|4|
413|2|5|1394|21|CG1172642|-24|-67|CG1172642|-24|-67|CG1172644|-18|-67|CG1172644|-18|-67|CG1172644|-18|-67|CG1172645|-16|-71|CG1172645|-16|-71|CG1172646|-16|-71|CG1172647|-13|-73|CG1172648|-13|-75|CG1172648|-13|-75|CG1172649|-13|-76|CG1172649|-13|-76|CG1172650|-13|-76|CG1172650|-13|-76|CG1172650|-13|-76|CG1172650|-13|-76|CG1172651|-16|-71|CG1172651|-16|-71|CG1172643|-17|-67|CG1172643|-17|-67
413|2|6|2295|23|CG1172671|-18|-78|CG1172671|-18|-78|CG1172672|-6|-78|CG1172672|-6|-78|CG1172673|-13|-76|CG1172673|-13|-76|CG1172674|-12|-76|CG1172675|-12|-76|CG1172674|-12|-76|CG1172675|-12|-76|CG1172674|-12|-76|CG1172675|-12|-76|CG1172674|-12|-76|CG1172675|-12|-76|CG1172674|-12|-76|CG1172675|-12|-76|CG1172674|-12|-76|CG1172675|-12|-76|CG1172674|-12|-76|CG1172675|-12|-76|CG1172673|-13|-76|CG1172672|-6|-78|CG1172671|-18|-78
413|2|7|1088|9|CG1171439|-14|-78|CG1171440|-43|-61|CG1171441|-49|-59|CG1171441|-49|-59|CG1171442|-21|-69|CG1171443|-17|-81|CG1171444|-17|-81|CG1171445|-35|-77|CG1171446|-28|-75
413|2|8|1000|2|CG1172666|-19|-80|CG1172667|-42|-54
413|2|9|1000|1|CG1172668|-22|-79
413|2|10|1088|6|CG1172660|-24|-73|CG1172661|-20|-62|CG1172662|-18|-44|CG1172663|-19|-57|CG1172664|-19|-57|CG1172665|-18|-46
413|3|0|1190|4|CG1172730|-18|-80|CG1172731|-18|-80|CG1172732|-18|-80|CG1172733|-18|-80
413|3|1|1000|6|CG1172736|-23|-95|CG1172737|-29|-96|CG1172738|-21|-96|CG1172739|-21|-94|CG1172740|-28|-96|CG1172741|-21|-96
413|3|2|600|5|CG1325525|-125|-117|CG1325526|-119|-165|CG1325527|-116|-175|CG1325528|-58|-136|CG1325529|-81|-129
413|3|3|510|6|CG1172703|-28|-79|CG1172704|-19|-79|CG1172705|-20|-82|CG1172706|-26|-79|CG1172707|-21|-79|CG1172708|-19|-82
413|3|4|
413|3|5|1394|21|CG1172693|-43|-71|CG1172693|-43|-71|CG1172695|-33|-70|CG1172695|-33|-70|CG1172695|-33|-70|CG1172696|-29|-67|CG1172696|-29|-67|CG1172697|-29|-67|CG1172698|-18|-67|CG1172699|-9|-67|CG1172699|-9|-67|CG1172700|-9|-67|CG1172700|-9|-67|CG1172701|-9|-67|CG1172701|-9|-67|CG1172701|-9|-67|CG1172701|-9|-67|CG1172702|-29|-67|CG1172702|-29|-67|CG1172694|-34|-70|CG1172694|-34|-70
413|3|6|2295|23|CG1172722|-20|-79|CG1172722|-20|-79|CG1172723|-22|-75|CG1172723|-22|-75|CG1172724|-27|-71|CG1172724|-27|-71|CG1172725|-27|-70|CG1172726|-27|-70|CG1172725|-27|-70|CG1172726|-27|-70|CG1172725|-27|-70|CG1172726|-27|-70|CG1172725|-27|-70|CG1172726|-27|-70|CG1172725|-27|-70|CG1172726|-27|-70|CG1172725|-27|-70|CG1172726|-27|-70|CG1172725|-27|-70|CG1172726|-27|-70|CG1172724|-27|-71|CG1172723|-22|-75|CG1172722|-20|-79
413|3|7|1088|9|CG1171505|-20|-77|CG1171506|-50|-70|CG1171507|-47|-69|CG1171507|-47|-69|CG1171508|-35|-72|CG1171509|-24|-70|CG1171510|-24|-70|CG1171511|-28|-71|CG1171512|-20|-74
413|3|8|1000|2|CG1172717|-21|-69|CG1172718|-49|-68
413|3|9|1000|1|CG1172719|-29|-79
413|3|10|1088|6|CG1172711|-28|-78|CG1172712|-18|-63|CG1172713|-1|-25|CG1172714|-3|-36|CG1172715|-2|-34|CG1172716|-2|-26
413|4|0|1190|4|CG1172781|-23|-82|CG1172782|-23|-82|CG1172783|-22|-82|CG1172784|-23|-82
413|4|1|1000|6|CG1172787|-28|-104|CG1172788|-27|-105|CG1172789|-26|-104|CG1172790|-26|-101|CG1172791|-26|-104|CG1172792|-27|-105
413|4|2|600|5|CG1325581|-118|-123|CG1325582|-92|-162|CG1325583|-82|-152|CG1325584|-98|-119|CG1325585|-112|-122
413|4|3|510|6|CG1172754|-26|-78|CG1172755|-23|-78|CG1172756|-22|-81|CG1172757|-22|-78|CG1172758|-22|-78|CG1172759|-22|-81
413|4|4|
413|4|5|1394|21|CG1172744|-45|-73|CG1172744|-45|-73|CG1172746|-42|-71|CG1172746|-42|-71|CG1172746|-42|-71|CG1172747|-34|-63|CG1172747|-34|-63|CG1172748|-34|-63|CG1172749|-26|-61|CG1172750|-17|-59|CG1172750|-17|-59|CG1172751|-8|-57|CG1172751|-8|-57|CG1172752|-8|-57|CG1172752|-8|-57|CG1172752|-8|-57|CG1172752|-8|-57|CG1172753|-34|-63|CG1172753|-34|-63|CG1172745|-41|-72|CG1172745|-41|-72
413|4|6|2295|23|CG1172773|-32|-80|CG1172773|-32|-80|CG1172774|-41|-72|CG1172774|-41|-72|CG1172775|-50|-64|CG1172775|-50|-64|CG1172776|-43|-62|CG1172777|-43|-63|CG1172776|-43|-62|CG1172777|-43|-63|CG1172776|-43|-62|CG1172777|-43|-63|CG1172776|-43|-62|CG1172777|-43|-63|CG1172776|-43|-62|CG1172777|-43|-63|CG1172776|-43|-62|CG1172777|-43|-63|CG1172776|-43|-62|CG1172777|-43|-63|CG1172775|-50|-64|CG1172774|-41|-72|CG1172773|-32|-80
413|4|7|1088|9|CG1171571|-25|-77|CG1171572|-44|-78|CG1171573|-43|-78|CG1171573|-43|-78|CG1171574|-34|-75|CG1171575|-22|-58|CG1171576|-23|-60|CG1171577|-16|-59|CG1171578|-17|-70
413|4|8|1000|2|CG1172768|-25|-64|CG1172769|-41|-80
413|4|9|1000|1|CG1172770|-22|-77
413|4|10|1088|6|CG1172762|-31|-82|CG1172763|-25|-66|CG1172764|-16|-21|CG1172765|-17|-18|CG1172766|-16|-20|CG1172767|-16|-20
413|5|0|1190|4|CG1172832|-23|-87|CG1172833|-24|-87|CG1172834|-24|-87|CG1172835|-24|-87
413|5|1|1000|6|CG1172838|-22|-111|CG1172839|-23|-113|CG1172840|-24|-112|CG1172841|-24|-110|CG1172842|-24|-112|CG1172843|-23|-113
413|5|2|600|5|CG1325637|-87|-102|CG1325638|-101|-134|CG1325639|-81|-118|CG1325640|-146|-102|CG1325641|-132|-115
413|5|3|510|6|CG1172805|-25|-78|CG1172806|-28|-78|CG1172807|-35|-81|CG1172808|-40|-78|CG1172809|-38|-78|CG1172810|-31|-81
413|5|4|
413|5|5|1394|21|CG1172795|-31|-77|CG1172795|-31|-77|CG1172797|-34|-75|CG1172797|-34|-75|CG1172797|-34|-75|CG1172798|-27|-64|CG1172798|-27|-64|CG1172799|-27|-64|CG1172800|-29|-62|CG1172801|-34|-59|CG1172801|-34|-59|CG1172802|-31|-56|CG1172802|-31|-56|CG1172803|-31|-55|CG1172803|-31|-55|CG1172803|-31|-55|CG1172803|-31|-55|CG1172804|-27|-64|CG1172804|-27|-64|CG1172796|-37|-75|CG1172796|-37|-75
413|5|6|2295|23|CG1172824|-86|-81|CG1172824|-86|-81|CG1172825|-94|-71|CG1172825|-94|-71|CG1172826|-92|-63|CG1172826|-92|-63|CG1172827|-89|-62|CG1172828|-89|-62|CG1172827|-89|-62|CG1172828|-89|-62|CG1172827|-89|-62|CG1172828|-89|-62|CG1172827|-89|-62|CG1172828|-89|-62|CG1172827|-89|-62|CG1172828|-89|-62|CG1172827|-89|-62|CG1172828|-89|-62|CG1172827|-89|-62|CG1172828|-89|-62|CG1172826|-92|-63|CG1172825|-94|-71|CG1172824|-86|-81
413|5|7|1088|9|CG1171637|-27|-77|CG1171638|-35|-84|CG1171639|-44|-84|CG1171639|-44|-84|CG1171640|-18|-76|CG1171641|-11|-58|CG1171642|-11|-60|CG1171643|-10|-56|CG1171644|-26|-67
413|5|8|1000|2|CG1172819|-31|-63|CG1172820|-40|-84
413|5|9|1000|1|CG1172821|-59|-76
413|5|10|1088|6|CG1172813|-64|-82|CG1172814|-72|-66|CG1172815|-79|-15|CG1172816|-76|-13|CG1172817|-71|-14|CG1172818|-80|-15
413|6|0|1190|4|CG1172883|-25|-89|CG1172884|-25|-89|CG1172885|-25|-89|CG1172886|-25|-89
413|6|1|1000|6|CG1172889|-27|-114|CG1172890|-21|-116|CG1172891|-19|-115|CG1172892|-20|-114|CG1172893|-19|-115|CG1172894|-18|-115
413|6|2|600|5|CG1325693|-56|-115|CG1325694|-66|-158|CG1325695|-93|-143|CG1325696|-109|-126|CG1325697|-81|-115
413|6|3|510|6|CG1172856|-75|-79|CG1172857|-76|-79|CG1172858|-79|-82|CG1172859|-80|-79|CG1172860|-79|-79|CG1172861|-77|-82
413|6|4|
413|6|5|1394|21|CG1172846|-55|-79|CG1172846|-55|-79|CG1172848|-67|-77|CG1172848|-67|-77|CG1172848|-67|-77|CG1172849|-101|-70|CG1172849|-101|-70|CG1172850|-101|-70|CG1172851|-103|-69|CG1172852|-108|-67|CG1172852|-108|-67|CG1172853|-104|-65|CG1172853|-104|-65|CG1172854|-103|-64|CG1172854|-103|-64|CG1172854|-103|-64|CG1172854|-103|-64|CG1172855|-101|-70|CG1172855|-101|-70|CG1172847|-69|-77|CG1172847|-69|-77
413|6|6|2295|23|CG1172875|-89|-81|CG1172875|-89|-81|CG1172876|-89|-75|CG1172876|-89|-75|CG1172877|-78|-68|CG1172877|-78|-68|CG1172878|-82|-68|CG1172879|-82|-68|CG1172878|-82|-68|CG1172879|-82|-68|CG1172878|-82|-68|CG1172879|-82|-68|CG1172878|-82|-68|CG1172879|-82|-68|CG1172878|-82|-68|CG1172879|-82|-68|CG1172878|-82|-68|CG1172879|-82|-68|CG1172878|-82|-68|CG1172879|-82|-68|CG1172877|-78|-68|CG1172876|-89|-75|CG1172875|-89|-81
413|6|7|1088|9|CG1171703|-22|-77|CG1171704|-16|-82|CG1171705|-25|-82|CG1171705|-25|-82|CG1171706|-29|-75|CG1171707|-37|-59|CG1171708|-37|-59|CG1171709|-27|-53|CG1171710|-31|-69
413|6|8|1000|2|CG1172870|-53|-64|CG1172871|-73|-80
413|6|9|1000|1|CG1172872|-71|-76
413|6|10|1088|6|CG1172864|-83|-82|CG1172865|-94|-64|CG1172866|-125|-19|CG1172867|-126|-17|CG1172868|-125|-18|CG1172869|-125|-18
413|7|0|1190|4|CG1172934|-21|-85|CG1172935|-21|-85|CG1172936|-20|-86|CG1172937|-21|-85
413|7|1|1000|6|CG1172940|-30|-109|CG1172941|-21|-112|CG1172942|-25|-112|CG1172943|-30|-111|CG1172944|-17|-113|CG1172945|-18|-111
413|7|2|600|5|CG1325749|-65|-111|CG1325750|-73|-164|CG1325751|-68|-170|CG1325752|-60|-150|CG1325753|-60|-127
413|7|3|510|6|CG1172907|-78|-79|CG1172908|-77|-80|CG1172909|-74|-83|CG1172910|-71|-79|CG1172911|-72|-80|CG1172912|-76|-83
413|7|4|
413|7|5|1394|21|CG1172897|-55|-75|CG1172897|-55|-75|CG1172899|-65|-77|CG1172899|-65|-77|CG1172899|-65|-77|CG1172900|-115|-77|CG1172900|-115|-77|CG1172901|-115|-77|CG1172902|-116|-77|CG1172903|-112|-77|CG1172903|-112|-77|CG1172904|-111|-77|CG1172904|-111|-77|CG1172905|-111|-77|CG1172905|-111|-77|CG1172905|-111|-77|CG1172905|-111|-77|CG1172906|-115|-77|CG1172906|-115|-77|CG1172898|-64|-77|CG1172898|-64|-77
413|7|6|2295|23|CG1172926|-44|-96|CG1172926|-44|-96|CG1172927|-40|-93|CG1172927|-40|-93|CG1172928|-36|-85|CG1172928|-36|-85|CG1172929|-37|-82|CG1172930|-36|-82|CG1172929|-37|-82|CG1172930|-36|-82|CG1172929|-37|-82|CG1172930|-36|-82|CG1172929|-37|-82|CG1172930|-36|-82|CG1172929|-37|-82|CG1172930|-36|-82|CG1172929|-37|-82|CG1172930|-36|-82|CG1172929|-37|-82|CG1172930|-36|-82|CG1172928|-36|-85|CG1172927|-40|-93|CG1172926|-44|-96
413|7|7|1088|9|CG1171769|-35|-77|CG1171770|-8|-74|CG1171771|1|-72|CG1171771|1|-72|CG1171772|-34|-72|CG1171773|-60|-59|CG1171774|-61|-57|CG1171775|-41|-62|CG1171776|-27|-73
413|7|8|1000|2|CG1172921|-79|-70|CG1172922|-63|-67
413|7|9|1000|1|CG1172923|-44|-77
413|7|10|1088|6|CG1172915|-59|-77|CG1172916|-62|-62|CG1172917|-96|-41|CG1172918|-99|-54|CG1172919|-105|-41|CG1172920|-96|-42
