421|0|0|1190|4|CG1175743|-23|-78|CG1175744|-24|-78|CG1175745|-25|-78|CG1175746|-24|-78
421|0|1|1000|6|CG1175749|-22|-74|CG1175750|-22|-76|CG1175751|-23|-76|CG1175752|-26|-74|CG1175753|-23|-76|CG1175754|-23|-76
421|0|2|600|5|CG1325357|-54|-113|CG1325358|-66|-144|CG1325359|-95|-176|CG1325360|-103|-137|CG1325361|-78|-106
421|0|3|510|6|CG1176054|-26|-80|CG1176055|-26|-81|CG1176056|-26|-84|CG1176057|-24|-80|CG1176058|-26|-81|CG1176059|-27|-84
421|0|4|
421|0|5|1292|16|CG1175716|-24|-75|CG1175716|-24|-75|CG1175716|-24|-75|CG1175717|-20|-85|CG1175717|-20|-85|CG1175718|-25|-91|CG1175718|-25|-91|CG1175719|-25|-95|CG1175719|-25|-95|CG1175719|-25|-95|CG1175719|-25|-95|CG1175720|-28|-96|CG1175720|-28|-96|CG1175720|-28|-96|CG1175721|-25|-78|CG1175721|-25|-78
421|0|6|2295|23|CG1175735|-33|-78|CG1175735|-33|-78|CG1175736|-38|-80|CG1175736|-38|-80|CG1175737|-57|-77|CG1175737|-57|-77|CG1175738|-58|-78|CG1175739|-58|-78|CG1175738|-58|-78|CG1175739|-58|-78|CG1175738|-58|-78|CG1175739|-58|-78|CG1175738|-58|-78|CG1175739|-58|-78|CG1175738|-58|-78|CG1175739|-58|-78|CG1175738|-58|-78|CG1175739|-58|-78|CG1175738|-58|-78|CG1175739|-58|-78|CG1175737|-57|-77|CG1175736|-38|-80|CG1175735|-33|-78
421|0|7|1088|9|CG1176091|-30|-78|CG1176092|-4|-64|CG1176093|-1|-61|CG1176093|-1|-61|CG1176094|-26|-68|CG1176095|-57|-70|CG1176096|-58|-69|CG1176097|-37|-71|CG1176098|-25|-75
421|0|8|1000|2|CG1175730|-31|-72|CG1175731|-33|-56
421|0|9|1000|1|CG1175732|-48|-79
421|0|10|1088|6|CG1175724|-34|-76|CG1175725|-52|-66|CG1175726|-70|-50|CG1175727|-67|-61|CG1175728|-64|-58|CG1175729|-74|-51
421|1|0|1190|4|CG1175784|-16|-77|CG1175785|-18|-77|CG1175786|-20|-77|CG1175787|-19|-77
421|1|1|1000|6|CG1175790|-18|-73|CG1175791|-19|-75|CG1175792|-21|-74|CG1175793|-22|-73|CG1175794|-21|-75|CG1175795|-19|-74
421|1|2|600|5|CG1325413|-100|-113|CG1325414|-102|-107|CG1325415|-90|-159|CG1325416|-142|-98|CG1325417|-131|-103
421|1|3|510|6|CG1176120|-22|-80|CG1176121|-21|-81|CG1176122|-20|-84|CG1176123|-21|-80|CG1176124|-19|-81|CG1176125|-21|-84
421|1|4|
421|1|5|1292|16|CG1175757|-28|-75|CG1175757|-28|-75|CG1175757|-28|-75|CG1175758|-24|-79|CG1175758|-24|-79|CG1175759|2|-87|CG1175759|2|-87|CG1175760|-2|-91|CG1175760|-2|-91|CG1175760|-2|-91|CG1175760|-2|-91|CG1175761|-3|-89|CG1175761|-3|-89|CG1175761|-3|-89|CG1175762|-31|-74|CG1175762|-31|-74
421|1|6|2295|23|CG1175776|-45|-83|CG1175776|-45|-83|CG1175777|-30|-80|CG1175777|-30|-80|CG1175778|-37|-78|CG1175778|-37|-78|CG1175779|-36|-78|CG1175780|-36|-78|CG1175779|-36|-78|CG1175780|-36|-78|CG1175779|-36|-78|CG1175780|-36|-78|CG1175779|-36|-78|CG1175780|-36|-78|CG1175779|-36|-78|CG1175780|-36|-78|CG1175779|-36|-78|CG1175780|-36|-78|CG1175779|-36|-78|CG1175780|-36|-78|CG1175778|-37|-78|CG1175777|-30|-80|CG1175776|-45|-83
421|1|7|1088|9|CG1176157|-18|-77|CG1176158|-16|-58|CG1176159|-33|-55|CG1176159|-33|-55|CG1176160|-14|-67|CG1176161|-34|-82|CG1176162|-34|-81|CG1176163|-24|-77|CG1176164|-33|-76
421|1|8|1000|2|CG1175771|-47|-74|CG1175772|-33|-65
421|1|9|1000|1|CG1175773|-40|-80
421|1|10|1088|6|CG1175765|-49|-82|CG1175766|-42|-68|CG1175767|-40|-62|CG1175768|-37|-72|CG1175769|-35|-66|CG1175770|-41|-59
421|2|0|1190|4|CG1175825|-18|-79|CG1175826|-18|-79|CG1175827|-18|-79|CG1175828|-18|-79
421|2|1|1000|6|CG1175831|-22|-75|CG1175832|-27|-77|CG1175833|-21|-76|CG1175834|-21|-75|CG1175835|-21|-77|CG1175836|-21|-76
421|2|2|600|5|CG1325469|-119|-113|CG1325470|-90|-142|CG1325471|-82|-174|CG1325472|-99|-116|CG1325473|-109|-103
421|2|3|510|6|CG1176186|-19|-80|CG1176187|-13|-81|CG1176188|-18|-84|CG1176189|-26|-80|CG1176190|-14|-81|CG1176191|-13|-84
421|2|4|
421|2|5|1292|16|CG1175798|-50|-75|CG1175798|-50|-75|CG1175798|-50|-75|CG1175799|-46|-75|CG1175799|-46|-75|CG1175800|0|-73|CG1175800|0|-73|CG1175801|-3|-82|CG1175801|-3|-82|CG1175801|-3|-82|CG1175801|-3|-82|CG1175802|-1|-76|CG1175802|-1|-76|CG1175802|-1|-76|CG1175803|-34|-71|CG1175803|-34|-71
421|2|6|2295|23|CG1175817|-50|-83|CG1175817|-50|-83|CG1175818|-9|-86|CG1175818|-9|-86|CG1175819|-11|-76|CG1175819|-11|-76|CG1175820|-10|-76|CG1175821|-10|-76|CG1175820|-10|-76|CG1175821|-10|-76|CG1175820|-10|-76|CG1175821|-10|-76|CG1175820|-10|-76|CG1175821|-10|-76|CG1175820|-10|-76|CG1175821|-10|-76|CG1175820|-10|-76|CG1175821|-10|-76|CG1175820|-10|-76|CG1175821|-10|-76|CG1175819|-11|-76|CG1175818|-9|-86|CG1175817|-50|-83
421|2|7|1088|9|CG1176223|-14|-78|CG1176224|-43|-61|CG1176225|-49|-59|CG1176225|-49|-59|CG1176226|-21|-69|CG1176227|-17|-81|CG1176228|-17|-81|CG1176229|-35|-77|CG1176230|-28|-75
421|2|8|1000|2|CG1175812|-53|-73|CG1175813|-51|-76
421|2|9|1000|1|CG1175814|-16|-88
421|2|10|1088|6|CG1175806|-53|-82|CG1175807|-28|-78|CG1175808|-18|-50|CG1175809|-19|-61|CG1175810|-19|-54|CG1175811|-18|-46
421|3|0|1190|4|CG1175866|-30|-80|CG1175867|-30|-80|CG1175868|-29|-80|CG1175869|-30|-80
421|3|1|1000|6|CG1175872|-36|-77|CG1175873|-35|-79|CG1175874|-34|-79|CG1175875|-34|-77|CG1175876|-34|-79|CG1175877|-35|-79
421|3|2|600|5|CG1325525|-125|-117|CG1325526|-119|-165|CG1325527|-116|-175|CG1325528|-58|-136|CG1325529|-81|-129
421|3|3|510|6|CG1176252|-28|-79|CG1176253|-14|-79|CG1176254|-18|-82|CG1176255|-26|-79|CG1176256|-11|-79|CG1176257|-17|-82
421|3|4|
421|3|5|1292|16|CG1175839|-63|-75|CG1175839|-63|-75|CG1175839|-63|-75|CG1175840|-46|-73|CG1175840|-46|-73|CG1175841|-10|-67|CG1175841|-10|-67|CG1175842|-14|-73|CG1175842|-14|-73|CG1175842|-14|-73|CG1175842|-14|-73|CG1175843|-17|-71|CG1175843|-17|-71|CG1175843|-17|-71|CG1175844|-21|-70|CG1175844|-21|-70
421|3|6|2295|23|CG1175858|-28|-79|CG1175858|-28|-79|CG1175859|-10|-83|CG1175859|-10|-83|CG1175860|-12|-71|CG1175860|-12|-71|CG1175861|-11|-70|CG1175862|-11|-70|CG1175861|-11|-70|CG1175862|-11|-70|CG1175861|-11|-70|CG1175862|-11|-70|CG1175861|-11|-70|CG1175862|-11|-70|CG1175861|-11|-70|CG1175862|-11|-70|CG1175861|-11|-70|CG1175862|-11|-70|CG1175861|-11|-70|CG1175862|-11|-70|CG1175860|-12|-71|CG1175859|-10|-83|CG1175858|-28|-79
421|3|7|1088|9|CG1176289|-20|-77|CG1176290|-50|-70|CG1176291|-47|-69|CG1176291|-47|-69|CG1176292|-35|-72|CG1176293|-24|-70|CG1176294|-24|-70|CG1176295|-28|-71|CG1176296|-20|-74
421|3|8|1000|2|CG1175853|-31|-69|CG1175854|-49|-82
421|3|9|1000|1|CG1175855|-24|-85
421|3|10|1088|6|CG1175847|-28|-78|CG1175848|-36|-74|CG1175849|-1|-36|CG1175850|-3|-39|CG1175851|-2|-49|CG1175852|-2|-29
421|4|0|1190|4|CG1175907|-30|-80|CG1175908|-29|-80|CG1175909|-29|-80|CG1175910|-29|-80
421|4|1|1000|6|CG1175913|-32|-79|CG1175914|-32|-81|CG1175915|-29|-80|CG1175916|-28|-79|CG1175917|-29|-81|CG1175918|-30|-80
421|4|2|600|5|CG1325581|-118|-123|CG1325582|-92|-162|CG1325583|-82|-152|CG1325584|-98|-119|CG1325585|-112|-122
421|4|3|510|6|CG1176318|-26|-78|CG1176319|-15|-78|CG1176320|-15|-81|CG1176321|-17|-78|CG1176322|-14|-78|CG1176323|-16|-81
421|4|4|
421|4|5|1292|16|CG1175880|-42|-76|CG1175880|-42|-76|CG1175880|-42|-76|CG1175881|-44|-75|CG1175881|-44|-75|CG1175882|-26|-64|CG1175882|-26|-64|CG1175883|-28|-69|CG1175883|-28|-69|CG1175883|-28|-69|CG1175883|-28|-69|CG1175884|-38|-68|CG1175884|-38|-68|CG1175884|-38|-68|CG1175885|-29|-72|CG1175885|-29|-72
421|4|6|2295|23|CG1175899|-21|-80|CG1175899|-21|-80|CG1175900|-21|-73|CG1175900|-21|-73|CG1175901|-19|-64|CG1175901|-19|-64|CG1175902|-19|-62|CG1175903|-19|-63|CG1175902|-19|-62|CG1175903|-19|-63|CG1175902|-19|-62|CG1175903|-19|-63|CG1175902|-19|-62|CG1175903|-19|-63|CG1175902|-19|-62|CG1175903|-19|-63|CG1175902|-19|-62|CG1175903|-19|-63|CG1175902|-19|-62|CG1175903|-19|-63|CG1175901|-19|-64|CG1175900|-21|-73|CG1175899|-21|-80
421|4|7|1088|9|CG1176355|-25|-77|CG1176356|-44|-78|CG1176357|-43|-78|CG1176357|-43|-78|CG1176358|-34|-75|CG1176359|-22|-58|CG1176360|-23|-60|CG1176361|-16|-59|CG1176362|-17|-70
421|4|8|1000|2|CG1175894|-19|-64|CG1175895|-41|-80
421|4|9|1000|1|CG1175896|-22|-77
421|4|10|1088|6|CG1175888|-25|-82|CG1175889|-24|-69|CG1175890|-16|-26|CG1175891|-17|-23|CG1175892|-16|-39|CG1175893|-16|-20
421|5|0|1190|4|CG1175948|-24|-81|CG1175949|-25|-81|CG1175950|-25|-81|CG1175951|-25|-81
421|5|1|1000|6|CG1175954|-27|-80|CG1175955|-27|-81|CG1175956|-32|-81|CG1175957|-34|-80|CG1175958|-33|-81|CG1175959|-30|-81
421|5|2|600|5|CG1325637|-87|-102|CG1325638|-101|-134|CG1325639|-81|-118|CG1325640|-146|-102|CG1325641|-132|-115
421|5|3|510|6|CG1176384|-21|-78|CG1176385|-20|-78|CG1176386|-19|-81|CG1176387|-20|-78|CG1176388|-20|-78|CG1176389|-19|-81
421|5|4|
421|5|5|1292|16|CG1175921|-20|-76|CG1175921|-20|-76|CG1175921|-20|-76|CG1175922|-40|-79|CG1175922|-40|-79|CG1175923|-35|-68|CG1175923|-35|-68|CG1175924|-33|-72|CG1175924|-33|-72|CG1175924|-33|-72|CG1175924|-33|-72|CG1175925|-40|-71|CG1175925|-40|-71|CG1175925|-40|-71|CG1175926|-35|-76|CG1175926|-35|-76
421|5|6|2295|23|CG1175940|-28|-81|CG1175940|-28|-81|CG1175941|-30|-71|CG1175941|-30|-71|CG1175942|-41|-63|CG1175942|-41|-63|CG1175943|-43|-62|CG1175944|-43|-62|CG1175943|-43|-62|CG1175944|-43|-62|CG1175943|-43|-62|CG1175944|-43|-62|CG1175943|-43|-62|CG1175944|-43|-62|CG1175943|-43|-62|CG1175944|-43|-62|CG1175943|-43|-62|CG1175944|-43|-62|CG1175943|-43|-62|CG1175944|-43|-62|CG1175942|-41|-63|CG1175941|-30|-71|CG1175940|-28|-81
421|5|7|1088|9|CG1176421|-27|-77|CG1176422|-35|-84|CG1176423|-44|-84|CG1176423|-44|-84|CG1176424|-18|-76|CG1176425|-11|-58|CG1176426|-11|-60|CG1176427|-10|-56|CG1176428|-26|-67
421|5|8|1000|2|CG1175935|-26|-63|CG1175936|-36|-84
421|5|9|1000|1|CG1175937|-25|-76
421|5|10|1088|6|CG1175929|-25|-82|CG1175930|-26|-68|CG1175931|-33|-15|CG1175932|-29|-16|CG1175933|-29|-25|CG1175934|-32|-15
421|6|0|1190|4|CG1175989|-28|-80|CG1175990|-29|-80|CG1175991|-29|-80|CG1175992|-29|-80
421|6|1|1000|6|CG1175995|-38|-79|CG1175996|-39|-81|CG1175997|-43|-81|CG1175998|-45|-79|CG1175999|-43|-81|CG1176000|-40|-80
421|6|2|600|5|CG1325693|-56|-115|CG1325694|-66|-158|CG1325695|-93|-143|CG1325696|-109|-126|CG1325697|-81|-115
421|6|3|510|6|CG1176450|-24|-79|CG1176451|-24|-79|CG1176452|-24|-82|CG1176453|-24|-79|CG1176454|-24|-79|CG1176455|-23|-82
421|6|4|
421|6|5|1292|16|CG1175962|-23|-77|CG1175962|-23|-77|CG1175962|-23|-77|CG1175963|-34|-84|CG1175963|-34|-84|CG1175964|-72|-77|CG1175964|-72|-77|CG1175965|-64|-82|CG1175965|-64|-82|CG1175965|-64|-82|CG1175965|-64|-82|CG1175966|-53|-81|CG1175966|-53|-81|CG1175966|-53|-81|CG1175967|-31|-81|CG1175967|-31|-81
421|6|6|2295|23|CG1175981|-29|-81|CG1175981|-29|-81|CG1175982|-37|-75|CG1175982|-37|-75|CG1175983|-48|-68|CG1175983|-48|-68|CG1175984|-49|-68|CG1175985|-50|-68|CG1175984|-49|-68|CG1175985|-50|-68|CG1175984|-49|-68|CG1175985|-50|-68|CG1175984|-49|-68|CG1175985|-50|-68|CG1175984|-49|-68|CG1175985|-50|-68|CG1175984|-49|-68|CG1175985|-50|-68|CG1175984|-49|-68|CG1175985|-50|-68|CG1175983|-48|-68|CG1175982|-37|-75|CG1175981|-29|-81
421|6|7|1088|9|CG1176487|-22|-77|CG1176488|-16|-82|CG1176489|-25|-82|CG1176489|-25|-82|CG1176490|-29|-75|CG1176491|-37|-59|CG1176492|-37|-59|CG1176493|-27|-53|CG1176494|-31|-69
421|6|8|1000|2|CG1175976|-31|-64|CG1175977|-28|-80
421|6|9|1000|1|CG1175978|-49|-76
421|6|10|1088|6|CG1175970|-22|-82|CG1175971|-28|-68|CG1175972|-75|-19|CG1175973|-74|-17|CG1175974|-76|-18|CG1175975|-75|-18
421|7|0|1190|4|CG1176030|-23|-79|CG1176031|-23|-79|CG1176032|-24|-79|CG1176033|-23|-79
421|7|1|1000|6|CG1176036|-30|-76|CG1176037|-32|-78|CG1176038|-32|-78|CG1176039|-32|-77|CG1176040|-32|-78|CG1176041|-31|-78
421|7|2|600|5|CG1325749|-65|-111|CG1325750|-73|-164|CG1325751|-68|-170|CG1325752|-60|-150|CG1325753|-60|-127
421|7|3|510|6|CG1176516|-24|-79|CG1176517|-22|-80|CG1176518|-26|-83|CG1176519|-24|-79|CG1176520|-22|-80|CG1176521|-25|-83
421|7|4|
421|7|5|1292|16|CG1176003|-23|-77|CG1176003|-23|-77|CG1176003|-23|-77|CG1176004|-30|-86|CG1176004|-30|-86|CG1176005|-66|-82|CG1176005|-66|-82|CG1176006|-60|-91|CG1176006|-60|-91|CG1176006|-60|-91|CG1176006|-60|-91|CG1176007|-52|-91|CG1176007|-52|-91|CG1176007|-52|-91|CG1176008|-30|-82|CG1176008|-30|-82
421|7|6|2295|23|CG1176022|-32|-79|CG1176022|-32|-79|CG1176023|-40|-77|CG1176023|-40|-77|CG1176024|-46|-73|CG1176024|-46|-73|CG1176025|-48|-73|CG1176026|-48|-73|CG1176025|-48|-73|CG1176026|-48|-73|CG1176025|-48|-73|CG1176026|-48|-73|CG1176025|-48|-73|CG1176026|-48|-73|CG1176025|-48|-73|CG1176026|-48|-73|CG1176025|-48|-73|CG1176026|-48|-73|CG1176025|-48|-73|CG1176026|-48|-73|CG1176024|-46|-73|CG1176023|-40|-77|CG1176022|-32|-79
421|7|7|1088|9|CG1176553|-35|-77|CG1176554|-8|-74|CG1176555|1|-72|CG1176555|1|-72|CG1176556|-34|-72|CG1176557|-60|-59|CG1176558|-61|-57|CG1176559|-41|-62|CG1176560|-27|-73
421|7|8|1000|2|CG1176017|-32|-70|CG1176018|-31|-67
421|7|9|1000|1|CG1176019|-45|-77
421|7|10|1088|6|CG1176011|-28|-77|CG1176012|-32|-67|CG1176013|-88|-25|CG1176014|-85|-38|CG1176015|-91|-34|CG1176016|-89|-26
