373|0|0|986|4|CG1156399|-24|-70|CG1156400|-24|-70|CG1156401|-24|-68|CG1156402|-24|-70
373|0|1|1000|6|CG1156405|-26|-69|CG1156406|-16|-70|CG1156407|-21|-72|CG1156408|-18|-70|CG1156409|-18|-70|CG1156410|-20|-72
373|0|2|600|5|CG1325357|-54|-113|CG1325358|-66|-144|CG1325359|-95|-176|CG1325360|-103|-137|CG1325361|-78|-106
373|0|3|493|6|CG1156708|-26|-72|CG1156709|-26|-73|CG1156710|-31|-74|CG1156711|-28|-73|CG1156712|-31|-73|CG1156713|-26|-72
373|0|4|
373|0|5|986|9|CG1156372|-27|-70|CG1156373|-40|-79|CG1156374|-32|-73|CG1156375|-41|-74|CG1156376|-41|-74|CG1156377|-47|-74|CG1156377|-47|-74|CG1156378|-28|-72|CG1156379|-27|-71
373|0|6|2295|19|CG1156399|-24|-70|CG1156400|-24|-70|CG1156401|-24|-68|CG1156402|-24|-70|CG1156393|-25|-73|CG1156394|-20|-71|CG1156395|-19|-71|CG1156395|-19|-71|CG1156395|-19|-71|CG1156395|-19|-71|CG1156395|-19|-71|CG1156395|-19|-71|CG1156395|-19|-71|CG1156395|-19|-71|CG1156395|-19|-71|CG1156395|-19|-71|CG1156395|-19|-71|CG1156394|-20|-71|CG1156393|-25|-73
373|0|7|1000|8|CG1156743|-23|-70|CG1156744|-23|-68|CG1156745|-22|-66|CG1156746|-23|-65|CG1156747|-37|-72|CG1156748|-44|-68|CG1156749|-27|-68|CG1156750|-25|-67
373|0|8|1000|2|CG1156388|-36|-68|CG1156389|-29|-55
373|0|9|1000|1|CG1156390|-24|-67
373|0|10|799|6|CG1156382|-27|-68|CG1156383|-32|-74|CG1156384|-37|-76|CG1156385|-36|-74|CG1156386|-47|-72|CG1156387|-62|-49
373|1|0|986|4|CG1156440|-17|-68|CG1156441|-17|-68|CG1156442|-17|-69|CG1156443|-17|-69
373|1|1|1000|6|CG1156446|-20|-69|CG1156447|-21|-70|CG1156448|-19|-71|CG1156449|-16|-69|CG1156450|-17|-70|CG1156451|-22|-72
373|1|2|600|5|CG1325413|-100|-113|CG1325414|-102|-107|CG1325415|-90|-159|CG1325416|-142|-98|CG1325417|-131|-103
373|1|3|493|6|CG1156770|-23|-74|CG1156771|-28|-74|CG1156772|-18|-75|CG1156773|-13|-74|CG1156774|-18|-74|CG1156775|-28|-74
373|1|4|
373|1|5|986|9|CG1156413|-17|-68|CG1156414|-21|-88|CG1156415|-17|-75|CG1156416|-16|-78|CG1156417|-16|-78|CG1156418|-17|-79|CG1156418|-17|-79|CG1156419|-16|-72|CG1156420|-17|-70
373|1|6|2295|19|CG1156440|-17|-68|CG1156441|-17|-68|CG1156442|-17|-69|CG1156443|-17|-69|CG1156434|-28|-73|CG1156435|-17|-67|CG1156436|-24|-62|CG1156436|-24|-62|CG1156436|-24|-62|CG1156436|-24|-62|CG1156436|-24|-62|CG1156436|-24|-62|CG1156436|-24|-62|CG1156436|-24|-62|CG1156436|-24|-62|CG1156436|-24|-62|CG1156436|-24|-62|CG1156435|-17|-67|CG1156434|-28|-73
373|1|7|1000|8|CG1156805|-20|-69|CG1156806|-20|-67|CG1156807|-20|-65|CG1156808|-20|-63|CG1156809|-24|-77|CG1156810|-30|-75|CG1156811|-29|-70|CG1156812|-21|-67
373|1|8|1000|2|CG1156429|-23|-70|CG1156430|-18|-59
373|1|9|1000|1|CG1156431|-18|-65
373|1|10|799|6|CG1156423|-17|-68|CG1156424|-16|-75|CG1156425|-16|-78|CG1156426|-18|-75|CG1156427|-23|-77|CG1156428|-32|-58
373|2|0|986|4|CG1156481|-13|-68|CG1156482|-13|-69|CG1156483|-17|-69|CG1156484|-16|-69
373|2|1|1000|6|CG1156487|-27|-69|CG1156488|-26|-70|CG1156489|-20|-72|CG1156490|-28|-70|CG1156491|-23|-70|CG1156492|-20|-72
373|2|2|600|5|CG1325469|-119|-113|CG1325470|-90|-142|CG1325471|-82|-174|CG1325472|-99|-116|CG1325473|-109|-103
373|2|3|493|6|CG1156832|-31|-73|CG1156833|-22|-73|CG1156834|-24|-74|CG1156835|-33|-73|CG1156836|-25|-73|CG1156837|-23|-73
373|2|4|
373|2|5|986|9|CG1156454|-13|-68|CG1156455|-10|-88|CG1156456|-8|-74|CG1156457|-8|-73|CG1156458|-8|-73|CG1156459|-8|-74|CG1156459|-8|-74|CG1156460|-8|-67|CG1156461|-11|-69
373|2|6|2295|19|CG1156481|-13|-68|CG1156482|-13|-69|CG1156483|-17|-69|CG1156484|-16|-69|CG1156475|-20|-74|CG1156476|-16|-63|CG1156477|-17|-53|CG1156477|-17|-53|CG1156477|-17|-53|CG1156477|-17|-53|CG1156477|-17|-53|CG1156477|-17|-53|CG1156477|-17|-53|CG1156477|-17|-53|CG1156477|-17|-53|CG1156477|-17|-53|CG1156477|-17|-53|CG1156476|-16|-63|CG1156475|-20|-74
373|2|7|1000|8|CG1156867|-16|-69|CG1156868|-15|-67|CG1156869|-17|-65|CG1156870|-19|-64|CG1156871|-17|-76|CG1156872|-22|-77|CG1156873|-21|-71|CG1156874|-17|-67
373|2|8|1000|2|CG1156470|-9|-65|CG1156471|-40|-62
373|2|9|1000|1|CG1156472|-24|-65
373|2|10|799|6|CG1156464|-22|-67|CG1156465|-12|-75|CG1156466|-12|-76|CG1156467|-13|-72|CG1156468|-6|-70|CG1156469|-12|-47
373|3|0|986|4|CG1156522|-25|-67|CG1156523|-26|-69|CG1156524|-33|-68|CG1156525|-37|-70
373|3|1|1000|6|CG1156528|-32|-72|CG1156529|-21|-72|CG1156530|-21|-74|CG1156531|-29|-71|CG1156532|-23|-72|CG1156533|-21|-74
373|3|2|600|5|CG1325525|-125|-117|CG1325526|-119|-165|CG1325527|-116|-175|CG1325528|-58|-136|CG1325529|-81|-129
373|3|3|493|6|CG1156894|-44|-69|CG1156895|-25|-69|CG1156896|-27|-70|CG1156897|-41|-69|CG1156898|-29|-69|CG1156899|-28|-69
373|3|4|
373|3|5|986|9|CG1156495|-25|-67|CG1156496|-3|-78|CG1156497|0|-68|CG1156498|0|-66|CG1156499|0|-66|CG1156500|0|-66|CG1156500|0|-66|CG1156501|-3|-63|CG1156502|-21|-68
373|3|6|2295|19|CG1156522|-25|-67|CG1156523|-26|-69|CG1156524|-33|-68|CG1156525|-37|-70|CG1156516|-15|-75|CG1156517|-13|-61|CG1156518|-25|-49|CG1156518|-25|-49|CG1156518|-25|-49|CG1156518|-25|-49|CG1156518|-25|-49|CG1156518|-25|-49|CG1156518|-25|-49|CG1156518|-25|-49|CG1156518|-25|-49|CG1156518|-25|-49|CG1156518|-25|-49|CG1156517|-13|-61|CG1156516|-15|-75
373|3|7|1000|8|CG1156929|-21|-70|CG1156930|-24|-69|CG1156931|-29|-67|CG1156932|-30|-67|CG1156933|-23|-68|CG1156934|-25|-69|CG1156935|-21|-68|CG1156936|-21|-68
373|3|8|1000|2|CG1156511|-7|-55|CG1156512|-50|-63
373|3|9|1000|1|CG1156513|-24|-66
373|3|10|799|6|CG1156505|-29|-70|CG1156506|-18|-72|CG1156507|-8|-68|CG1156508|-13|-71|CG1156509|2|-52|CG1156510|1|-28
373|4|0|986|4|CG1156563|-39|-67|CG1156564|-37|-70|CG1156565|-34|-67|CG1156566|-40|-70
373|4|1|1000|6|CG1156569|-29|-74|CG1156570|-21|-75|CG1156571|-30|-76|CG1156572|-33|-74|CG1156573|-34|-74|CG1156574|-26|-76
373|4|2|600|5|CG1325581|-118|-123|CG1325582|-92|-162|CG1325583|-82|-152|CG1325584|-98|-119|CG1325585|-112|-122
373|4|3|493|6|CG1156956|-35|-63|CG1156957|-26|-63|CG1156958|-24|-63|CG1156959|-30|-62|CG1156960|-24|-62|CG1156961|-24|-62
373|4|4|
373|4|5|986|9|CG1156536|-26|-67|CG1156537|-10|-69|CG1156538|-7|-60|CG1156539|-2|-59|CG1156540|-2|-59|CG1156541|-2|-56|CG1156541|-2|-56|CG1156542|-12|-60|CG1156543|-25|-68
373|4|6|2295|19|CG1156563|-39|-67|CG1156564|-37|-70|CG1156565|-34|-67|CG1156566|-40|-70|CG1156557|-31|-76|CG1156558|-39|-63|CG1156559|-55|-53|CG1156559|-55|-53|CG1156559|-55|-53|CG1156559|-55|-53|CG1156559|-55|-53|CG1156559|-55|-53|CG1156559|-55|-53|CG1156559|-55|-53|CG1156559|-55|-53|CG1156559|-55|-53|CG1156559|-55|-53|CG1156558|-39|-63|CG1156557|-31|-76
373|4|7|1000|8|CG1156991|-22|-70|CG1156992|-35|-70|CG1156993|-36|-69|CG1156994|-34|-70|CG1156995|-21|-57|CG1156996|-18|-56|CG1156997|-15|-62|CG1156998|-19|-68
373|4|8|1000|2|CG1156552|-20|-52|CG1156553|-43|-64
373|4|9|1000|1|CG1156554|-26|-65
373|4|10|799|6|CG1156546|-35|-72|CG1156547|-29|-68|CG1156548|-22|-57|CG1156549|-24|-69|CG1156550|-11|-35|CG1156551|-14|-20
373|5|0|986|4|CG1156604|-35|-67|CG1156605|-33|-69|CG1156606|-28|-66|CG1156607|-32|-70
373|5|1|1000|6|CG1156610|-29|-74|CG1156611|-29|-75|CG1156612|-29|-77|CG1156613|-29|-74|CG1156614|-29|-75|CG1156615|-32|-76
373|5|2|600|5|CG1325637|-87|-102|CG1325638|-101|-134|CG1325639|-81|-118|CG1325640|-146|-102|CG1325641|-132|-115
373|5|3|493|6|CG1157018|-13|-60|CG1157019|-19|-59|CG1157020|-28|-60|CG1157021|-18|-59|CG1157022|-28|-59|CG1157023|-19|-59
373|5|4|
373|5|5|986|9|CG1156577|-37|-67|CG1156578|-37|-66|CG1156579|-38|-56|CG1156580|-36|-56|CG1156581|-36|-56|CG1156582|-33|-52|CG1156582|-33|-52|CG1156583|-41|-61|CG1156584|-43|-69
373|5|6|2295|19|CG1156604|-35|-67|CG1156605|-33|-69|CG1156606|-28|-66|CG1156607|-32|-70|CG1156598|-35|-76|CG1156599|-46|-66|CG1156600|-61|-63|CG1156600|-61|-63|CG1156600|-61|-63|CG1156600|-61|-63|CG1156600|-61|-63|CG1156600|-61|-63|CG1156600|-61|-63|CG1156600|-61|-63|CG1156600|-61|-63|CG1156600|-61|-63|CG1156600|-61|-63|CG1156599|-46|-66|CG1156598|-35|-76
373|5|7|1000|8|CG1157053|-23|-70|CG1157054|-32|-70|CG1157055|-28|-71|CG1157056|-26|-72|CG1157057|-13|-51|CG1157058|-4|-46|CG1157059|-13|-58|CG1157060|-22|-67
373|5|8|1000|2|CG1156593|-31|-49|CG1156594|-37|-63
373|5|9|1000|1|CG1156595|-24|-65
373|5|10|799|6|CG1156587|-32|-73|CG1156588|-33|-65|CG1156589|-34|-54|CG1156590|-31|-69|CG1156591|-40|-28|CG1156592|-44|-12
373|6|0|986|4|CG1156645|-30|-69|CG1156646|-24|-71|CG1156647|-26|-67|CG1156648|-23|-71
373|6|1|1000|6|CG1156651|-29|-73|CG1156652|-30|-74|CG1156653|-27|-76|CG1156654|-28|-74|CG1156655|-27|-74|CG1156656|-30|-76
373|6|2|600|5|CG1325693|-56|-115|CG1325694|-66|-158|CG1325695|-93|-143|CG1325696|-109|-126|CG1325697|-81|-115
373|6|3|493|6|CG1157080|-27|-63|CG1157081|-32|-62|CG1157082|-27|-63|CG1157083|-28|-63|CG1157084|-27|-62|CG1157085|-33|-62
373|6|4|
373|6|5|986|9|CG1156618|-37|-69|CG1156619|-43|-68|CG1156620|-64|-59|CG1156621|-59|-60|CG1156622|-59|-60|CG1156623|-56|-57|CG1156623|-56|-57|CG1156624|-48|-64|CG1156625|-40|-71
373|6|6|2295|19|CG1156645|-30|-69|CG1156646|-24|-71|CG1156647|-26|-67|CG1156648|-23|-71|CG1156639|-33|-75|CG1156640|-40|-70|CG1156641|-48|-74|CG1156641|-48|-74|CG1156641|-48|-74|CG1156641|-48|-74|CG1156641|-48|-74|CG1156641|-48|-74|CG1156641|-48|-74|CG1156641|-48|-74|CG1156641|-48|-74|CG1156641|-48|-74|CG1156641|-48|-74|CG1156640|-40|-70|CG1156639|-33|-75
373|6|7|1000|8|CG1157115|-21|-71|CG1157116|-23|-71|CG1157117|-15|-71|CG1157118|-19|-72|CG1157119|-36|-52|CG1157120|-28|-45|CG1157121|-24|-59|CG1157122|-18|-69
373|6|8|1000|2|CG1156634|-40|-50|CG1156635|-21|-58
373|6|9|1000|1|CG1156636|-33|-67
373|6|10|799|6|CG1156628|-32|-73|CG1156629|-38|-67|CG1156630|-44|-57|CG1156631|-45|-70|CG1156632|-68|-37|CG1156633|-75|-22
373|7|0|986|4|CG1156686|-25|-70|CG1156687|-26|-70|CG1156688|-30|-67|CG1156689|-26|-71
373|7|1|1000|6|CG1156692|-29|-71|CG1156693|-23|-72|CG1156694|-21|-74|CG1156695|-30|-72|CG1156696|-20|-72|CG1156697|-23|-74
373|7|2|600|5|CG1325749|-65|-111|CG1325750|-73|-164|CG1325751|-68|-170|CG1325752|-60|-150|CG1325753|-60|-127
373|7|3|493|6|CG1157142|-36|-69|CG1157143|-32|-69|CG1157144|-34|-70|CG1157145|-37|-69|CG1157146|-33|-69|CG1157147|-32|-69
373|7|4|
373|7|5|986|9|CG1156659|-27|-70|CG1156660|-41|-71|CG1156661|-52|-66|CG1156662|-69|-68|CG1156663|-69|-68|CG1156664|-73|-67|CG1156664|-73|-67|CG1156665|-44|-68|CG1156666|-32|-71
373|7|6|2295|19|CG1156686|-25|-70|CG1156687|-26|-70|CG1156688|-30|-67|CG1156689|-26|-71|CG1156680|-25|-73|CG1156681|-34|-73|CG1156682|-33|-76|CG1156682|-33|-76|CG1156682|-33|-76|CG1156682|-33|-76|CG1156682|-33|-76|CG1156682|-33|-76|CG1156682|-33|-76|CG1156682|-33|-76|CG1156682|-33|-76|CG1156682|-33|-76|CG1156682|-33|-76|CG1156681|-34|-73|CG1156680|-25|-73
373|7|7|1000|8|CG1157177|-25|-70|CG1157178|-23|-70|CG1157179|-23|-69|CG1157180|-23|-68|CG1157181|-42|-63|CG1157182|-45|-56|CG1157183|-28|-64|CG1157184|-24|-69
373|7|8|1000|2|CG1156675|-42|-59|CG1156676|-31|-55
373|7|9|1000|1|CG1156677|-29|-68
373|7|10|799|6|CG1156669|-25|-71|CG1156670|-33|-72|CG1156671|-41|-68|CG1156672|-36|-72|CG1156673|-68|-56|CG1156674|-84|-33
