352|0|0|986|6|CG1147779|-16|-67|CG1147780|-16|-67|CG1147781|-17|-67|CG1147782|-17|-67|CG1147781|-17|-67|CG1147780|-16|-67
352|0|1|1000|6|CG1147787|-19|-67|CG1147788|-18|-68|CG1147789|-17|-67|CG1147790|-21|-67|CG1147791|-18|-68|CG1147792|-19|-67
352|0|2|600|5|CG1325357|-54|-113|CG1325358|-66|-144|CG1325359|-95|-176|CG1325360|-103|-137|CG1325361|-78|-106
352|0|3|510|6|CG1147748|-22|-69|CG1147749|-25|-67|CG1147750|-19|-66|CG1147751|-25|-69|CG1147752|-21|-67|CG1147753|-25|-66
352|0|4|
352|0|5|1190|10|CG1147740|-13|-62|CG1147741|-24|-65|CG1147742|-33|-67|CG1147743|-56|-67|CG1147744|-56|-67|CG1147745|-34|-69|CG1147745|-34|-69|CG1147746|-26|-67|CG1147747|-18|-65|CG1147740|-13|-62
352|0|6|2193|22|CG1147769|-16|-67|CG1147769|-16|-67|CG1147770|-21|-68|CG1147770|-21|-68|CG1147771|-18|-67|CG1147771|-18|-67|CG1147769|-16|-67|CG1147769|-16|-67|CG1147770|-21|-68|CG1147770|-21|-68|CG1147771|-18|-67|CG1147771|-18|-67|CG1147769|-16|-67|CG1147769|-16|-67|CG1147770|-21|-68|CG1147770|-21|-68|CG1147771|-18|-67|CG1147772|-27|-68|CG1147773|-31|-56|CG1147774|-31|-55|CG1147775|-29|-62|CG1147769|-16|-67
352|0|7|1000|8|CG1146799|-15|-67|CG1146800|-20|-66|CG1146801|-23|-65|CG1146802|-15|-64|CG1146803|-16|-63|CG1146804|-29|-65|CG1146805|-28|-67|CG1146800|-20|-66
352|0|8|1000|2|CG1147764|-23|-57|CG1147765|-16|-45
352|0|9|1000|1|CG1147766|-29|-59
352|0|10|986|8|CG1147756|-19|-66|CG1147757|-36|-56|CG1147758|-41|-55|CG1147759|-36|-54|CG1147760|-13|-39|CG1147761|-10|-31|CG1147762|-10|-19|CG1147763|-15|-10
352|1|0|986|6|CG1147834|-18|-68|CG1147835|-18|-68|CG1147836|-17|-68|CG1147837|-17|-68|CG1147836|-17|-68|CG1147835|-18|-68
352|1|1|1000|6|CG1147842|-15|-68|CG1147843|-16|-69|CG1147844|-17|-68|CG1147845|-17|-68|CG1147846|-19|-69|CG1147847|-18|-68
352|1|2|600|5|CG1325413|-100|-113|CG1325414|-102|-107|CG1325415|-90|-159|CG1325416|-142|-98|CG1325417|-131|-103
352|1|3|510|6|CG1147803|-12|-71|CG1147804|-16|-69|CG1147805|-17|-68|CG1147806|-12|-71|CG1147807|-17|-69|CG1147808|-15|-67
352|1|4|
352|1|5|1190|10|CG1147795|-21|-61|CG1147796|-30|-69|CG1147797|-16|-69|CG1147798|-19|-74|CG1147799|-20|-74|CG1147800|-22|-71|CG1147800|-22|-71|CG1147801|-17|-68|CG1147802|-23|-64|CG1147795|-21|-61
352|1|6|2193|22|CG1147824|-18|-68|CG1147824|-18|-68|CG1147825|-30|-69|CG1147825|-30|-69|CG1147826|-25|-68|CG1147826|-25|-68|CG1147824|-18|-68|CG1147824|-18|-68|CG1147825|-30|-69|CG1147825|-30|-69|CG1147826|-25|-68|CG1147826|-25|-68|CG1147824|-18|-68|CG1147824|-18|-68|CG1147825|-30|-69|CG1147825|-30|-69|CG1147826|-25|-68|CG1147827|-17|-69|CG1147828|-26|-59|CG1147829|-26|-59|CG1147830|-23|-65|CG1147824|-18|-68
352|1|7|1000|8|CG1146868|-18|-68|CG1146869|-15|-68|CG1146870|-12|-66|CG1146871|-12|-65|CG1146872|-11|-63|CG1146873|-13|-69|CG1146874|-21|-70|CG1146869|-15|-68
352|1|8|1000|2|CG1147819|-30|-62|CG1147820|-36|-40
352|1|9|1000|1|CG1147821|-14|-64
352|1|10|986|8|CG1147811|-13|-67|CG1147812|-21|-62|CG1147813|-23|-61|CG1147814|-27|-64|CG1147815|-41|-34|CG1147816|-40|-28|CG1147817|-38|-13|CG1147818|-42|-8
352|2|0|986|6|CG1147889|-15|-67|CG1147890|-14|-67|CG1147891|-12|-67|CG1147892|-11|-67|CG1147891|-12|-67|CG1147890|-14|-67
352|2|1|1000|6|CG1147897|-22|-67|CG1147898|-19|-68|CG1147899|-16|-68|CG1147900|-19|-67|CG1147901|-18|-68|CG1147902|-12|-68
352|2|2|600|5|CG1325469|-119|-113|CG1325470|-90|-142|CG1325471|-82|-174|CG1325472|-99|-116|CG1325473|-109|-103
352|2|3|510|6|CG1147858|-27|-70|CG1147859|-19|-68|CG1147860|-22|-66|CG1147861|-21|-70|CG1147862|-21|-67|CG1147863|-14|-66
352|2|4|
352|2|5|1190|10|CG1147850|-21|-60|CG1147851|-39|-71|CG1147852|-13|-69|CG1147853|-6|-69|CG1147854|-7|-69|CG1147855|-5|-68|CG1147855|-5|-68|CG1147856|-23|-65|CG1147857|-25|-63|CG1147850|-21|-60
352|2|6|2193|22|CG1147879|-15|-67|CG1147879|-15|-67|CG1147880|-23|-69|CG1147880|-23|-69|CG1147881|-20|-67|CG1147881|-20|-67|CG1147879|-15|-67|CG1147879|-15|-67|CG1147880|-23|-69|CG1147880|-23|-69|CG1147881|-20|-67|CG1147881|-20|-67|CG1147879|-15|-67|CG1147879|-15|-67|CG1147880|-23|-69|CG1147880|-23|-69|CG1147881|-20|-67|CG1147882|-11|-68|CG1147883|-15|-55|CG1147884|-15|-55|CG1147885|-11|-62|CG1147879|-15|-67
352|2|7|1000|8|CG1146937|-15|-67|CG1146938|-11|-67|CG1146939|-11|-65|CG1146940|-18|-63|CG1146941|-24|-63|CG1146942|-8|-66|CG1146943|-11|-67|CG1146938|-11|-67
352|2|8|1000|2|CG1147874|-26|-67|CG1147875|-48|-52
352|2|9|1000|1|CG1147876|-13|-64
352|2|10|986|8|CG1147866|-16|-66|CG1147867|-20|-63|CG1147868|-21|-62|CG1147869|-23|-69|CG1147870|-59|-49|CG1147871|-68|-25|CG1147872|-67|-19|CG1147873|-67|-13
352|3|0|986|6|CG1147944|-15|-67|CG1147945|-16|-67|CG1147946|-18|-67|CG1147947|-19|-66|CG1147946|-18|-67|CG1147945|-16|-67
352|3|1|1000|6|CG1147952|-25|-66|CG1147953|-20|-67|CG1147954|-15|-66|CG1147955|-25|-66|CG1147956|-20|-67|CG1147957|-20|-67
352|3|2|600|5|CG1325525|-125|-117|CG1325526|-119|-165|CG1325527|-116|-175|CG1325528|-58|-136|CG1325529|-81|-129
352|3|3|510|6|CG1147913|-30|-66|CG1147914|-19|-65|CG1147915|-17|-63|CG1147916|-30|-67|CG1147917|-19|-64|CG1147918|-14|-63
352|3|4|
352|3|5|1190|10|CG1147905|-37|-59|CG1147906|-29|-69|CG1147907|-29|-67|CG1147908|1|-55|CG1147909|1|-55|CG1147910|-4|-59|CG1147910|-4|-59|CG1147911|-31|-60|CG1147912|-38|-60|CG1147905|-37|-59
352|3|6|2193|22|CG1147934|-14|-67|CG1147934|-14|-67|CG1147935|-16|-68|CG1147935|-16|-68|CG1147936|-17|-68|CG1147936|-17|-68|CG1147934|-14|-67|CG1147934|-14|-67|CG1147935|-16|-68|CG1147935|-16|-68|CG1147936|-17|-68|CG1147936|-17|-68|CG1147934|-14|-67|CG1147934|-14|-67|CG1147935|-16|-68|CG1147935|-16|-68|CG1147936|-17|-68|CG1147937|-9|-64|CG1147938|-10|-45|CG1147939|-10|-44|CG1147940|-10|-54|CG1147934|-14|-67
352|3|7|1000|8|CG1147006|-13|-67|CG1147007|-8|-65|CG1147008|-8|-62|CG1147009|-21|-65|CG1147010|-29|-63|CG1147011|-6|-58|CG1147012|-9|-60|CG1147007|-8|-65
352|3|8|1000|2|CG1147929|-16|-68|CG1147930|-41|-66
352|3|9|1000|1|CG1147931|-12|-58
352|3|10|986|8|CG1147921|-15|-62|CG1147922|-20|-58|CG1147923|-21|-58|CG1147924|-21|-65|CG1147925|-56|-70|CG1147926|-81|-42|CG1147927|-90|-37|CG1147928|-90|-31
352|4|0|986|6|CG1147999|-21|-67|CG1148000|-21|-66|CG1148001|-22|-66|CG1148002|-22|-66|CG1148001|-22|-66|CG1148000|-21|-66
352|4|1|1000|6|CG1148007|-25|-65|CG1148008|-25|-67|CG1148009|-23|-66|CG1148010|-22|-65|CG1148011|-21|-67|CG1148012|-24|-66
352|4|2|600|5|CG1325581|-118|-123|CG1325582|-92|-162|CG1325583|-82|-152|CG1325584|-98|-119|CG1325585|-112|-122
352|4|3|510|6|CG1147968|-24|-64|CG1147969|-23|-62|CG1147970|-17|-61|CG1147971|-26|-64|CG1147972|-19|-61|CG1147973|-20|-60
352|4|4|
352|4|5|1190|10|CG1147960|-35|-60|CG1147961|-14|-69|CG1147962|-30|-63|CG1147963|3|-39|CG1147964|3|-38|CG1147965|-29|-51|CG1147965|-29|-51|CG1147966|-37|-58|CG1147967|-35|-59|CG1147960|-35|-60
352|4|6|2193|22|CG1147989|-20|-67|CG1147989|-20|-67|CG1147990|-24|-68|CG1147990|-24|-68|CG1147991|-24|-68|CG1147991|-24|-68|CG1147989|-20|-67|CG1147989|-20|-67|CG1147990|-24|-68|CG1147990|-24|-68|CG1147991|-24|-68|CG1147991|-24|-68|CG1147989|-20|-67|CG1147989|-20|-67|CG1147990|-24|-68|CG1147990|-24|-68|CG1147991|-24|-68|CG1147992|-19|-60|CG1147993|-11|-36|CG1147994|-11|-36|CG1147995|-12|-45|CG1147989|-20|-67
352|4|7|1000|8|CG1147075|-15|-67|CG1147076|-11|-63|CG1147077|-11|-59|CG1147078|-18|-68|CG1147079|-25|-67|CG1147080|-8|-51|CG1147081|-11|-54|CG1147076|-11|-63
352|4|8|1000|2|CG1147984|-17|-68|CG1147985|-20|-73
352|4|9|1000|1|CG1147986|-14|-57
352|4|10|986|8|CG1147976|-20|-60|CG1147977|-11|-50|CG1147978|-12|-50|CG1147979|-12|-64|CG1147980|-26|-85|CG1147981|-51|-60|CG1147982|-65|-49|CG1147983|-65|-46
352|5|0|986|6|CG1148054|-18|-67|CG1148055|-19|-67|CG1148056|-21|-66|CG1148057|-22|-66|CG1148056|-21|-66|CG1148055|-19|-67
352|5|1|1000|6|CG1148062|-17|-65|CG1148063|-19|-67|CG1148064|-19|-66|CG1148065|-18|-65|CG1148066|-17|-67|CG1148067|-17|-66
352|5|2|600|5|CG1325637|-87|-102|CG1325638|-101|-134|CG1325639|-81|-118|CG1325640|-146|-102|CG1325641|-132|-115
352|5|3|510|6|CG1148023|-20|-63|CG1148024|-22|-61|CG1148025|-22|-60|CG1148026|-16|-63|CG1148027|-20|-61|CG1148028|-23|-59
352|5|4|
352|5|5|1190|10|CG1148015|-17|-61|CG1148016|-22|-64|CG1148017|-17|-61|CG1148018|-10|-31|CG1148019|-10|-31|CG1148020|-46|-47|CG1148020|-46|-47|CG1148021|-24|-60|CG1148022|-15|-60|CG1148015|-17|-61
352|5|6|2193|22|CG1148044|-18|-67|CG1148044|-18|-67|CG1148045|-42|-68|CG1148045|-42|-68|CG1148046|-31|-69|CG1148046|-31|-69|CG1148044|-18|-67|CG1148044|-18|-67|CG1148045|-42|-68|CG1148045|-42|-68|CG1148046|-31|-69|CG1148046|-31|-69|CG1148044|-18|-67|CG1148044|-18|-67|CG1148045|-42|-68|CG1148045|-42|-68|CG1148046|-31|-69|CG1148047|-24|-59|CG1148048|-21|-33|CG1148049|-21|-33|CG1148050|-22|-42|CG1148044|-18|-67
352|5|7|1000|8|CG1147144|-18|-67|CG1147145|-15|-63|CG1147146|-12|-59|CG1147147|-12|-69|CG1147148|-13|-69|CG1147149|-13|-48|CG1147150|-22|-52|CG1147145|-15|-63
352|5|8|1000|2|CG1148039|-24|-64|CG1148040|-26|-71
352|5|9|1000|1|CG1148041|-15|-55
352|5|10|986|8|CG1148031|-24|-59|CG1148032|-19|-43|CG1148033|-18|-43|CG1148034|-12|-60|CG1148035|-10|-84|CG1148036|-14|-68|CG1148037|-18|-58|CG1148038|-22|-52
352|6|0|986|6|CG1148109|-33|-67|CG1148110|-33|-67|CG1148111|-33|-66|CG1148112|-33|-66|CG1148111|-33|-66|CG1148110|-33|-67
352|6|1|1000|6|CG1148117|-27|-66|CG1148118|-29|-67|CG1148119|-31|-67|CG1148120|-30|-66|CG1148121|-30|-67|CG1148122|-28|-67
352|6|2|600|5|CG1325693|-56|-115|CG1325694|-66|-158|CG1325695|-93|-143|CG1325696|-109|-126|CG1325697|-81|-115
352|6|3|510|6|CG1148078|-30|-64|CG1148079|-34|-62|CG1148080|-41|-61|CG1148081|-42|-65|CG1148082|-42|-62|CG1148083|-38|-61
352|6|4|
352|6|5|1190|10|CG1148070|-16|-62|CG1148071|-29|-58|CG1148072|-29|-61|CG1148073|-53|-37|CG1148074|-49|-35|CG1148075|-38|-59|CG1148075|-38|-59|CG1148076|-23|-63|CG1148077|-19|-62|CG1148070|-16|-62
352|6|6|2193|22|CG1148099|-34|-67|CG1148099|-34|-67|CG1148100|-44|-69|CG1148100|-44|-69|CG1148101|-40|-69|CG1148101|-40|-69|CG1148099|-34|-67|CG1148099|-34|-67|CG1148100|-44|-69|CG1148100|-44|-69|CG1148101|-40|-69|CG1148101|-40|-69|CG1148099|-34|-67|CG1148099|-34|-67|CG1148100|-44|-69|CG1148100|-44|-69|CG1148101|-40|-69|CG1148102|-21|-61|CG1148103|-31|-37|CG1148104|-31|-36|CG1148105|-29|-45|CG1148099|-34|-67
352|6|7|1000|8|CG1147213|-15|-67|CG1147214|-20|-64|CG1147215|-23|-60|CG1147216|-15|-68|CG1147217|-15|-67|CG1147218|-31|-51|CG1147219|-29|-55|CG1147214|-20|-64
352|6|8|1000|2|CG1148094|-41|-60|CG1148095|-43|-60
352|6|9|1000|1|CG1148096|-17|-56
352|6|10|986|8|CG1148086|-42|-61|CG1148087|-32|-42|CG1148088|-26|-42|CG1148089|-25|-55|CG1148090|-19|-70|CG1148091|-13|-55|CG1148092|-9|-48|CG1148093|-11|-42
352|7|0|986|6|CG1148164|-31|-66|CG1148165|-30|-66|CG1148166|-28|-66|CG1148167|-27|-66|CG1148166|-28|-66|CG1148165|-30|-66
352|7|1|1000|6|CG1148172|-25|-66|CG1148173|-28|-67|CG1148174|-32|-66|CG1148175|-33|-66|CG1148176|-32|-67|CG1148177|-27|-66
352|7|2|600|5|CG1325749|-65|-111|CG1325750|-73|-164|CG1325751|-68|-170|CG1325752|-60|-150|CG1325753|-60|-127
352|7|3|510|6|CG1148133|-28|-66|CG1148134|-30|-64|CG1148135|-38|-63|CG1148136|-46|-66|CG1148137|-41|-64|CG1148138|-34|-63
352|7|4|
352|7|5|1190|10|CG1148125|-18|-62|CG1148126|-23|-59|CG1148127|-42|-63|CG1148128|-76|-52|CG1148129|-74|-51|CG1148130|-38|-67|CG1148130|-38|-67|CG1148131|-27|-64|CG1148132|-22|-64|CG1148125|-18|-62
352|7|6|2193|22|CG1148154|-33|-67|CG1148154|-33|-67|CG1148155|-22|-68|CG1148155|-22|-68|CG1148156|-29|-67|CG1148156|-29|-67|CG1148154|-33|-67|CG1148154|-33|-67|CG1148155|-22|-68|CG1148155|-22|-68|CG1148156|-29|-67|CG1148156|-29|-67|CG1148154|-33|-67|CG1148154|-33|-67|CG1148155|-22|-68|CG1148155|-22|-68|CG1148156|-29|-67|CG1148157|-25|-64|CG1148158|-39|-46|CG1148159|-39|-45|CG1148160|-37|-54|CG1148154|-33|-67
352|7|7|1000|8|CG1147282|-15|-66|CG1147283|-19|-64|CG1147284|-30|-62|CG1147285|-17|-65|CG1147286|-15|-64|CG1147287|-35|-58|CG1147288|-33|-60|CG1147283|-19|-64
352|7|8|1000|2|CG1148149|-37|-57|CG1148150|-37|-49
352|7|9|1000|1|CG1148151|-30|-56
352|7|10|986|8|CG1148141|-39|-64|CG1148142|-46|-49|CG1148143|-45|-47|CG1148144|-28|-51|CG1148145|-20|-51|CG1148146|-8|-31|CG1148147|-6|-24|CG1148148|-6|-16
