402|0|0|4182|24|CG1168121|-18|-76|CG1168122|-20|-76|CG1168121|-18|-76|CG1168122|-20|-76|CG1168121|-18|-76|CG1168122|-20|-76|CG1168123|-18|-75|CG1168120|-20|-75|CG1168123|-18|-75|CG1168120|-20|-75|CG1168123|-18|-75|CG1168120|-20|-75|CG1168123|-18|-75|CG1168120|-20|-75|CG1168123|-18|-75|CG1168120|-20|-75|CG1168121|-18|-76|CG1168122|-20|-76|CG1168123|-18|-75|CG1168120|-20|-75|CG1168123|-18|-75|CG1168120|-20|-75|CG1168123|-18|-75|CG1168120|-20|-75
402|0|1|697|6|CG1168126|-30|-79|CG1168127|-26|-80|CG1168128|-23|-81|CG1168129|-24|-79|CG1168130|-23|-80|CG1168131|-26|-82
402|0|2|600|5|CG1325357|-54|-113|CG1325358|-66|-144|CG1325359|-95|-176|CG1325360|-103|-137|CG1325361|-78|-106
402|0|3|425|6|CG1168092|-31|-81|CG1168093|-31|-80|CG1168094|-32|-82|CG1168095|-33|-80|CG1168096|-32|-80|CG1168097|-31|-82
402|0|4|
402|0|5|1000|7|CG1168085|-30|-66|CG1168086|-34|-56|CG1168087|-82|-82|CG1168088|-79|-82|CG1168089|-67|-85|CG1168090|-51|-91|CG1168091|-34|-72
402|0|6|1190|16|CG1168111|-18|-72|CG1168111|-18|-72|CG1168112|-23|-67|CG1168112|-23|-67|CG1168112|-23|-67|CG1168113|-15|-75|CG1168113|-15|-75|CG1168113|-15|-75|CG1168113|-15|-75|CG1168114|-32|-66|CG1168114|-32|-66|CG1168114|-32|-66|CG1168115|-33|-65|CG1168115|-33|-65|CG1168116|-26|-66|CG1168116|-26|-66
402|0|7|697|7|CG1168884|-26|-69|CG1168885|-21|-70|CG1168886|-19|-75|CG1168886|-19|-75|CG1168887|-27|-69|CG1168888|-42|-68|CG1168889|-38|-68
402|0|8|1000|2|CG1168106|-39|-70|CG1168107|-21|-51
402|0|9|1000|1|CG1168108|-24|-72
402|0|10|1088|13|CG1168100|-15|-71|CG1168100|-15|-71|CG1168101|-21|-55|CG1168101|-21|-55|CG1168101|-21|-55|CG1168102|-26|-69|CG1168102|-26|-69|CG1168103|-45|-56|CG1168103|-45|-56|CG1168104|-47|-55|CG1168104|-47|-55|CG1168105|-52|-46|CG1168105|-52|-46
402|1|0|4182|24|CG1168171|-30|-74|CG1168172|-30|-74|CG1168171|-30|-74|CG1168172|-30|-74|CG1168171|-30|-74|CG1168172|-30|-74|CG1168173|-30|-74|CG1168170|-30|-74|CG1168173|-30|-74|CG1168170|-30|-74|CG1168173|-30|-74|CG1168170|-30|-74|CG1168173|-30|-74|CG1168170|-30|-74|CG1168173|-30|-74|CG1168170|-30|-74|CG1168171|-30|-74|CG1168172|-30|-74|CG1168173|-30|-74|CG1168170|-30|-74|CG1168173|-30|-74|CG1168170|-30|-74|CG1168173|-30|-74|CG1168170|-30|-74
402|1|1|697|6|CG1168176|-31|-79|CG1168177|-31|-79|CG1168178|-29|-81|CG1168179|-26|-79|CG1168180|-27|-80|CG1168181|-30|-81
402|1|2|600|5|CG1325413|-100|-113|CG1325414|-102|-107|CG1325415|-90|-159|CG1325416|-142|-98|CG1325417|-131|-103
402|1|3|425|6|CG1168142|-24|-84|CG1168143|-24|-82|CG1168144|-24|-83|CG1168145|-23|-82|CG1168146|-24|-82|CG1168147|-24|-84
402|1|4|
402|1|5|1000|7|CG1168135|-30|-72|CG1168136|-57|-66|CG1168137|-33|-86|CG1168138|-28|-88|CG1168139|-21|-90|CG1168140|-22|-95|CG1168141|-26|-74
402|1|6|1190|16|CG1168161|-30|-71|CG1168161|-30|-71|CG1168162|-30|-66|CG1168162|-30|-66|CG1168162|-30|-66|CG1168163|-28|-68|CG1168163|-28|-68|CG1168163|-28|-68|CG1168163|-28|-68|CG1168164|-38|-70|CG1168164|-38|-70|CG1168164|-38|-70|CG1168165|-36|-68|CG1168165|-36|-68|CG1168166|-38|-65|CG1168166|-38|-65
402|1|7|697|7|CG1168949|-16|-69|CG1168950|-11|-65|CG1168951|-13|-74|CG1168951|-13|-74|CG1168952|-15|-69|CG1168953|-26|-69|CG1168954|-27|-69
402|1|8|1000|2|CG1168156|-23|-78|CG1168157|-31|-50
402|1|9|1000|1|CG1168158|-24|-71
402|1|10|1088|13|CG1168150|-33|-68|CG1168150|-33|-68|CG1168151|-31|-50|CG1168151|-31|-50|CG1168151|-31|-50|CG1168152|-31|-70|CG1168152|-31|-70|CG1168153|-31|-63|CG1168153|-31|-63|CG1168154|-32|-63|CG1168154|-32|-63|CG1168155|-30|-56|CG1168155|-30|-56
402|2|0|4182|24|CG1168221|-30|-75|CG1168222|-30|-75|CG1168221|-30|-75|CG1168222|-30|-75|CG1168221|-30|-75|CG1168222|-30|-75|CG1168223|-30|-76|CG1168220|-30|-76|CG1168223|-30|-76|CG1168220|-30|-76|CG1168223|-30|-76|CG1168220|-30|-76|CG1168223|-30|-76|CG1168220|-30|-76|CG1168223|-30|-76|CG1168220|-30|-76|CG1168221|-30|-75|CG1168222|-30|-75|CG1168223|-30|-76|CG1168220|-30|-76|CG1168223|-30|-76|CG1168220|-30|-76|CG1168223|-30|-76|CG1168220|-30|-76
402|2|1|697|6|CG1168226|-32|-78|CG1168227|-32|-79|CG1168228|-33|-82|CG1168229|-34|-80|CG1168230|-34|-80|CG1168231|-32|-81
402|2|2|600|5|CG1325469|-119|-113|CG1325470|-90|-142|CG1325471|-82|-174|CG1325472|-99|-116|CG1325473|-109|-103
402|2|3|425|6|CG1168192|-29|-82|CG1168193|-29|-81|CG1168194|-29|-83|CG1168195|-29|-83|CG1168196|-29|-82|CG1168197|-29|-83
402|2|4|
402|2|5|1000|7|CG1168185|-45|-76|CG1168186|-67|-74|CG1168187|-5|-79|CG1168188|-5|-81|CG1168189|-5|-86|CG1168190|-8|-85|CG1168191|-23|-74
402|2|6|1190|16|CG1168211|-33|-71|CG1168211|-33|-71|CG1168212|-38|-68|CG1168212|-38|-68|CG1168212|-38|-68|CG1168213|-43|-66|CG1168213|-43|-66|CG1168213|-43|-66|CG1168213|-43|-66|CG1168214|-34|-65|CG1168214|-34|-65|CG1168214|-34|-65|CG1168215|-34|-64|CG1168215|-34|-64|CG1168216|-30|-62|CG1168216|-30|-62
402|2|7|697|7|CG1169014|-16|-68|CG1169015|-18|-65|CG1169016|-19|-73|CG1169016|-19|-73|CG1169017|-14|-69|CG1169018|-14|-68|CG1169019|-15|-68
402|2|8|1000|2|CG1168206|-38|-75|CG1168207|-38|-55
402|2|9|1000|1|CG1168208|-20|-72
402|2|10|1088|13|CG1168200|-44|-68|CG1168200|-44|-68|CG1168201|-39|-52|CG1168201|-39|-52|CG1168201|-39|-52|CG1168202|-35|-66|CG1168202|-35|-66|CG1168203|-31|-54|CG1168203|-31|-54|CG1168204|-30|-56|CG1168204|-30|-56|CG1168205|-31|-47|CG1168205|-31|-47
402|3|0|4182|24|CG1168271|-21|-80|CG1168272|-21|-80|CG1168271|-21|-80|CG1168272|-21|-80|CG1168271|-21|-80|CG1168272|-21|-80|CG1168273|-21|-80|CG1168270|-21|-80|CG1168273|-21|-80|CG1168270|-21|-80|CG1168273|-21|-80|CG1168270|-21|-80|CG1168273|-21|-80|CG1168270|-21|-80|CG1168273|-21|-80|CG1168270|-21|-80|CG1168271|-21|-80|CG1168272|-21|-80|CG1168273|-21|-80|CG1168270|-21|-80|CG1168273|-21|-80|CG1168270|-21|-80|CG1168273|-21|-80|CG1168270|-21|-80
402|3|1|697|6|CG1168276|-24|-77|CG1168277|-24|-79|CG1168278|-25|-82|CG1168279|-28|-79|CG1168280|-26|-80|CG1168281|-24|-81
402|3|2|600|5|CG1325525|-125|-117|CG1325526|-119|-165|CG1325527|-116|-175|CG1325528|-58|-136|CG1325529|-81|-129
402|3|3|425|6|CG1168242|-25|-77|CG1168243|-26|-77|CG1168244|-26|-80|CG1168245|-26|-79|CG1168246|-26|-78|CG1168247|-26|-79
402|3|4|
402|3|5|1000|7|CG1168235|-47|-80|CG1168236|-41|-77|CG1168237|4|-64|CG1168238|4|-63|CG1168239|2|-75|CG1168240|1|-81|CG1168241|-50|-76
402|3|6|1190|16|CG1168261|-24|-76|CG1168261|-24|-76|CG1168262|-33|-72|CG1168262|-33|-72|CG1168262|-33|-72|CG1168263|-50|-74|CG1168263|-50|-74|CG1168263|-50|-74|CG1168263|-50|-74|CG1168264|-32|-54|CG1168264|-32|-54|CG1168264|-32|-54|CG1168265|-30|-53|CG1168265|-30|-53|CG1168266|-19|-58|CG1168266|-19|-58
402|3|7|697|7|CG1169079|-19|-74|CG1169080|-26|-70|CG1169081|-24|-72|CG1169081|-24|-72|CG1169082|-19|-72|CG1169083|-19|-72|CG1169084|-19|-73
402|3|8|1000|2|CG1168256|-36|-62|CG1168257|-46|-64
402|3|9|1000|1|CG1168258|-21|-74
402|3|10|1088|13|CG1168250|-39|-71|CG1168250|-39|-71|CG1168251|-51|-62|CG1168251|-51|-62|CG1168251|-51|-62|CG1168252|-25|-61|CG1168252|-25|-61|CG1168253|-27|-35|CG1168253|-27|-35|CG1168254|-21|-46|CG1168254|-21|-46|CG1168255|-27|-34|CG1168255|-27|-34
402|4|0|4182|24|CG1168321|-18|-84|CG1168322|-18|-84|CG1168321|-18|-84|CG1168322|-18|-84|CG1168321|-18|-84|CG1168322|-18|-84|CG1168323|-18|-84|CG1168320|-18|-85|CG1168323|-18|-84|CG1168320|-18|-85|CG1168323|-18|-84|CG1168320|-18|-85|CG1168323|-18|-84|CG1168320|-18|-85|CG1168323|-18|-84|CG1168320|-18|-85|CG1168321|-18|-84|CG1168322|-18|-84|CG1168323|-18|-84|CG1168320|-18|-85|CG1168323|-18|-84|CG1168320|-18|-85|CG1168323|-18|-84|CG1168320|-18|-85
402|4|1|697|6|CG1168326|-27|-76|CG1168327|-23|-79|CG1168328|-20|-82|CG1168329|-23|-77|CG1168330|-20|-79|CG1168331|-19|-81
402|4|2|600|5|CG1325581|-118|-123|CG1325582|-92|-162|CG1325583|-82|-152|CG1325584|-98|-119|CG1325585|-112|-122
402|4|3|425|6|CG1168292|-20|-72|CG1168293|-19|-72|CG1168294|-20|-75|CG1168295|-19|-73|CG1168296|-19|-72|CG1168297|-24|-74
402|4|4|
402|4|5|1000|7|CG1168285|-28|-86|CG1168286|-5|-76|CG1168287|7|-50|CG1168288|7|-45|CG1168289|6|-64|CG1168290|-3|-76|CG1168291|-54|-81
402|4|6|1190|16|CG1168311|-23|-83|CG1168311|-23|-83|CG1168312|-24|-76|CG1168312|-24|-76|CG1168312|-24|-76|CG1168313|-35|-81|CG1168313|-35|-81|CG1168313|-35|-81|CG1168313|-35|-81|CG1168314|-23|-51|CG1168314|-23|-51|CG1168314|-23|-51|CG1168315|-21|-49|CG1168315|-21|-49|CG1168316|-20|-54|CG1168316|-20|-54
402|4|7|697|7|CG1169144|-21|-78|CG1169145|-28|-76|CG1169146|-25|-72|CG1169146|-25|-72|CG1169147|-21|-74|CG1169148|-21|-74|CG1169149|-21|-76
402|4|8|1000|2|CG1168306|-21|-60|CG1168307|-45|-79
402|4|9|1000|1|CG1168308|-28|-76
402|4|10|1088|13|CG1168300|-35|-81|CG1168300|-35|-81|CG1168301|-39|-71|CG1168301|-39|-71|CG1168301|-39|-71|CG1168302|-20|-56|CG1168302|-20|-56|CG1168303|-27|-30|CG1168303|-27|-30|CG1168304|-23|-42|CG1168304|-23|-42|CG1168305|-26|-31|CG1168305|-26|-31
402|5|0|4182|24|CG1168371|-16|-86|CG1168372|-16|-86|CG1168371|-16|-86|CG1168372|-16|-86|CG1168371|-16|-86|CG1168372|-16|-86|CG1168373|-16|-86|CG1168370|-16|-86|CG1168373|-16|-86|CG1168370|-16|-86|CG1168373|-16|-86|CG1168370|-16|-86|CG1168373|-16|-86|CG1168370|-16|-86|CG1168373|-16|-86|CG1168370|-16|-86|CG1168371|-16|-86|CG1168372|-16|-86|CG1168373|-16|-86|CG1168370|-16|-86|CG1168373|-16|-86|CG1168370|-16|-86|CG1168373|-16|-86|CG1168370|-16|-86
402|5|1|697|6|CG1168376|-23|-76|CG1168377|-24|-78|CG1168378|-19|-81|CG1168379|-17|-76|CG1168380|-17|-78|CG1168381|-22|-81
402|5|2|600|5|CG1325637|-87|-102|CG1325638|-101|-134|CG1325639|-81|-118|CG1325640|-146|-102|CG1325641|-132|-115
402|5|3|425|6|CG1168342|-16|-69|CG1168343|-17|-68|CG1168344|-17|-71|CG1168345|-17|-69|CG1168346|-17|-68|CG1168347|-17|-71
402|5|4|
402|5|5|1000|7|CG1168335|-18|-91|CG1168336|-14|-65|CG1168337|-18|-45|CG1168338|-16|-38|CG1168339|-13|-58|CG1168340|-23|-73|CG1168341|-40|-84
402|5|6|1190|16|CG1168361|-24|-86|CG1168361|-24|-86|CG1168362|-19|-76|CG1168362|-19|-76|CG1168362|-19|-76|CG1168363|-21|-85|CG1168363|-21|-85|CG1168363|-21|-85|CG1168363|-21|-85|CG1168364|-20|-49|CG1168364|-20|-49|CG1168364|-20|-49|CG1168365|-22|-44|CG1168365|-22|-44|CG1168366|-24|-55|CG1168366|-24|-55
402|5|7|697|7|CG1169209|-20|-78|CG1169210|-27|-80|CG1169211|-28|-74|CG1169211|-28|-74|CG1169212|-23|-74|CG1169213|-20|-74|CG1169214|-20|-76
402|5|8|1000|2|CG1168356|-20|-57|CG1168357|-29|-85
402|5|9|1000|1|CG1168358|-25|-76
402|5|10|1088|13|CG1168350|-25|-85|CG1168350|-25|-85|CG1168351|-25|-75|CG1168351|-25|-75|CG1168351|-25|-75|CG1168352|-23|-55|CG1168352|-23|-55|CG1168353|-32|-25|CG1168353|-32|-25|CG1168354|-33|-36|CG1168354|-33|-36|CG1168355|-35|-25|CG1168355|-35|-25
402|6|0|4182|24|CG1168421|-17|-84|CG1168422|-17|-84|CG1168421|-17|-84|CG1168422|-17|-84|CG1168421|-17|-84|CG1168422|-17|-84|CG1168423|-17|-83|CG1168420|-17|-83|CG1168423|-17|-83|CG1168420|-17|-83|CG1168423|-17|-83|CG1168420|-17|-83|CG1168423|-17|-83|CG1168420|-17|-83|CG1168423|-17|-83|CG1168420|-17|-83|CG1168421|-17|-84|CG1168422|-17|-84|CG1168423|-17|-83|CG1168420|-17|-83|CG1168423|-17|-83|CG1168420|-17|-83|CG1168423|-17|-83|CG1168420|-17|-83
402|6|1|697|6|CG1168426|-24|-76|CG1168427|-21|-78|CG1168428|-26|-80|CG1168429|-25|-75|CG1168430|-26|-77|CG1168431|-25|-81
402|6|2|600|5|CG1325693|-56|-115|CG1325694|-66|-158|CG1325695|-93|-143|CG1325696|-109|-126|CG1325697|-81|-115
402|6|3|425|6|CG1168392|-32|-70|CG1168393|-31|-69|CG1168394|-31|-71|CG1168395|-30|-69|CG1168396|-30|-68|CG1168397|-31|-71
402|6|4|
402|6|5|1000|7|CG1168385|-23|-86|CG1168386|-33|-60|CG1168387|-57|-53|CG1168388|-60|-47|CG1168389|-55|-63|CG1168390|-67|-73|CG1168391|-29|-91
402|6|6|1190|16|CG1168411|-16|-82|CG1168411|-16|-82|CG1168412|-21|-73|CG1168412|-21|-73|CG1168412|-21|-73|CG1168413|-11|-84|CG1168413|-11|-84|CG1168413|-11|-84|CG1168413|-11|-84|CG1168414|-35|-43|CG1168414|-35|-43|CG1168414|-35|-43|CG1168415|-35|-44|CG1168415|-35|-44|CG1168416|-31|-58|CG1168416|-31|-58
402|6|7|697|7|CG1169274|-22|-75|CG1169275|-22|-80|CG1169276|-23|-75|CG1169276|-23|-75|CG1169277|-36|-72|CG1169278|-22|-72|CG1169279|-22|-73
402|6|8|1000|2|CG1168406|-34|-51|CG1168407|-22|-79
402|6|9|1000|1|CG1168408|-27|-75
402|6|10|1088|13|CG1168400|-8|-80|CG1168400|-8|-80|CG1168401|-19|-72|CG1168401|-19|-72|CG1168401|-19|-72|CG1168402|-31|-58|CG1168402|-31|-58|CG1168403|-54|-26|CG1168403|-54|-26|CG1168404|-55|-35|CG1168404|-55|-35|CG1168405|-57|-26|CG1168405|-57|-26
402|7|0|4182|24|CG1168471|-15|-80|CG1168472|-15|-81|CG1168471|-15|-80|CG1168472|-15|-81|CG1168471|-15|-80|CG1168472|-15|-81|CG1168473|-15|-80|CG1168470|-15|-80|CG1168473|-15|-80|CG1168470|-15|-80|CG1168473|-15|-80|CG1168470|-15|-80|CG1168473|-15|-80|CG1168470|-15|-80|CG1168473|-15|-80|CG1168470|-15|-80|CG1168471|-15|-80|CG1168472|-15|-81|CG1168473|-15|-80|CG1168470|-15|-80|CG1168473|-15|-80|CG1168470|-15|-80|CG1168473|-15|-80|CG1168470|-15|-80
402|7|1|697|6|CG1168476|-26|-78|CG1168477|-25|-80|CG1168478|-25|-81|CG1168479|-31|-77|CG1168480|-27|-79|CG1168481|-25|-81
402|7|2|600|5|CG1325749|-65|-111|CG1325750|-73|-164|CG1325751|-68|-170|CG1325752|-60|-150|CG1325753|-60|-127
402|7|3|425|6|CG1168442|-39|-77|CG1168443|-39|-76|CG1168444|-39|-77|CG1168445|-39|-75|CG1168446|-39|-75|CG1168447|-39|-77
402|7|4|
402|7|5|1000|7|CG1168435|-25|-76|CG1168436|-35|-55|CG1168437|-96|-69|CG1168438|-97|-66|CG1168439|-85|-74|CG1168440|-79|-78|CG1168441|-26|-85
402|7|6|1190|16|CG1168461|-17|-77|CG1168461|-17|-77|CG1168462|-25|-71|CG1168462|-25|-71|CG1168462|-25|-71|CG1168463|-12|-81|CG1168463|-12|-81|CG1168463|-12|-81|CG1168463|-12|-81|CG1168464|-41|-55|CG1168464|-41|-55|CG1168464|-41|-55|CG1168465|-43|-55|CG1168465|-43|-55|CG1168466|-35|-63|CG1168466|-35|-63
402|7|7|697|7|CG1169339|-30|-72|CG1169340|-27|-75|CG1169341|-26|-74|CG1169341|-26|-74|CG1169342|-41|-70|CG1169343|-39|-69|CG1169344|-32|-70
402|7|8|1000|2|CG1168456|-48|-59|CG1168457|-27|-66
402|7|9|1000|1|CG1168458|-22|-75
402|7|10|1088|13|CG1168450|-4|-73|CG1168450|-4|-73|CG1168451|-7|-65|CG1168451|-7|-65|CG1168451|-7|-65|CG1168452|-35|-65|CG1168452|-35|-65|CG1168453|-63|-36|CG1168453|-63|-36|CG1168454|-63|-36|CG1168454|-63|-36|CG1168455|-69|-27|CG1168455|-69|-27
