341|0|0|986|6|CG1142811|-37|-67|CG1142812|-34|-67|CG1142813|-29|-67|CG1142814|-26|-67|CG1142813|-29|-67|CG1142812|-34|-67
341|0|1|1000|6|CG1142819|-34|-67|CG1142820|-39|-68|CG1142821|-45|-67|CG1142822|-47|-67|CG1142823|-46|-68|CG1142824|-39|-67
341|0|2|600|5|CG1325357|-54|-113|CG1325358|-66|-144|CG1325359|-95|-176|CG1325360|-103|-137|CG1325361|-78|-106
341|0|3|510|6|CG1142780|-30|-69|CG1142781|-37|-67|CG1142782|-45|-67|CG1142783|-49|-69|CG1142784|-40|-67|CG1142785|-34|-66
341|0|4|
341|0|5|799|10|CG1142772|-19|-61|CG1142773|-19|-66|CG1142774|-26|-71|CG1142775|-48|-70|CG1142776|-79|-61|CG1142777|-79|-61|CG1142777|-79|-61|CG1142778|-31|-73|CG1142779|-18|-67|CG1142772|-19|-61
341|0|6|2193|22|CG1142801|-39|-67|CG1142801|-39|-67|CG1142802|-21|-87|CG1142802|-21|-87|CG1142803|-21|-67|CG1142803|-21|-67|CG1142801|-39|-67|CG1142801|-39|-67|CG1142802|-21|-87|CG1142802|-21|-87|CG1142803|-21|-67|CG1142803|-21|-67|CG1142801|-39|-67|CG1142801|-39|-67|CG1142802|-21|-87|CG1142802|-21|-87|CG1142803|-21|-67|CG1142804|-64|-68|CG1142805|-51|-56|CG1142806|-50|-55|CG1142807|-62|-62|CG1142801|-39|-67
341|0|7|1000|8|CG1141391|-15|-67|CG1141392|-20|-66|CG1141393|-23|-65|CG1141394|-15|-64|CG1141395|-16|-63|CG1141396|-29|-65|CG1141397|-28|-67|CG1141392|-20|-66
341|0|8|1000|2|CG1142796|-34|-57|CG1142797|-32|-47
341|0|9|1000|1|CG1142798|-37|-78
341|0|10|986|8|CG1142788|-41|-70|CG1142789|-71|-56|CG1142790|-78|-55|CG1142791|-63|-66|CG1142792|-13|-39|CG1142793|-10|-32|CG1142794|-10|-19|CG1142795|-14|-12
341|1|0|986|6|CG1142866|-18|-68|CG1142867|-18|-68|CG1142868|-17|-68|CG1142869|-17|-68|CG1142868|-17|-68|CG1142867|-18|-68
341|1|1|1000|6|CG1142874|-15|-68|CG1142875|-16|-69|CG1142876|-17|-68|CG1142877|-18|-68|CG1142878|-19|-69|CG1142879|-18|-68
341|1|2|600|5|CG1325413|-100|-113|CG1325414|-102|-107|CG1325415|-90|-159|CG1325416|-142|-98|CG1325417|-131|-103
341|1|3|510|6|CG1142835|-12|-71|CG1142836|-16|-69|CG1142837|-17|-73|CG1142838|-12|-71|CG1142839|-17|-69|CG1142840|-15|-67
341|1|4|
341|1|5|799|10|CG1142827|-23|-60|CG1142828|-23|-66|CG1142829|-21|-71|CG1142830|-19|-73|CG1142831|-13|-71|CG1142832|-13|-71|CG1142832|-13|-71|CG1142833|-15|-74|CG1142834|-23|-66|CG1142827|-23|-60
341|1|6|2193|22|CG1142856|-18|-68|CG1142856|-18|-68|CG1142857|-30|-75|CG1142857|-30|-75|CG1142858|-25|-68|CG1142858|-25|-68|CG1142856|-18|-68|CG1142856|-18|-68|CG1142857|-30|-75|CG1142857|-30|-75|CG1142858|-25|-68|CG1142858|-25|-68|CG1142856|-18|-68|CG1142856|-18|-68|CG1142857|-30|-75|CG1142857|-30|-75|CG1142858|-25|-68|CG1142859|-46|-69|CG1142860|-64|-59|CG1142861|-64|-59|CG1142862|-59|-65|CG1142856|-18|-68
341|1|7|1000|8|CG1141460|-18|-68|CG1141461|-15|-68|CG1141462|-12|-66|CG1141463|-12|-65|CG1141464|-11|-63|CG1141465|-13|-69|CG1141466|-21|-70|CG1141461|-15|-68
341|1|8|1000|2|CG1142851|-30|-62|CG1142852|-36|-47
341|1|9|1000|1|CG1142853|-19|-88
341|1|10|986|8|CG1142843|-13|-75|CG1142844|-24|-63|CG1142845|-40|-68|CG1142846|-53|-89|CG1142847|-60|-40|CG1142848|-41|-30|CG1142849|-37|-13|CG1142850|-43|-9
341|2|0|986|6|CG1142921|-15|-67|CG1142922|-14|-67|CG1142923|-12|-67|CG1142924|-11|-67|CG1142923|-12|-67|CG1142922|-14|-67
341|2|1|1000|6|CG1142929|-22|-67|CG1142930|-19|-68|CG1142931|-16|-68|CG1142932|-19|-67|CG1142933|-18|-68|CG1142934|-12|-68
341|2|2|600|5|CG1325469|-119|-113|CG1325470|-90|-142|CG1325471|-82|-174|CG1325472|-99|-116|CG1325473|-109|-103
341|2|3|510|6|CG1142890|-27|-70|CG1142891|-19|-68|CG1142892|-22|-66|CG1142893|-21|-70|CG1142894|-21|-67|CG1142895|-14|-66
341|2|4|
341|2|5|799|10|CG1142882|-25|-54|CG1142883|-18|-60|CG1142884|-20|-66|CG1142885|-9|-69|CG1142886|-10|-63|CG1142887|-10|-63|CG1142887|-10|-63|CG1142888|-18|-69|CG1142889|-20|-61|CG1142882|-25|-54
341|2|6|2193|22|CG1142911|-15|-67|CG1142911|-15|-67|CG1142912|-23|-69|CG1142912|-23|-69|CG1142913|-20|-67|CG1142913|-20|-67|CG1142911|-15|-67|CG1142911|-15|-67|CG1142912|-23|-69|CG1142912|-23|-69|CG1142913|-20|-67|CG1142913|-20|-67|CG1142911|-15|-67|CG1142911|-15|-67|CG1142912|-23|-69|CG1142912|-23|-69|CG1142913|-20|-67|CG1142914|-11|-68|CG1142915|-41|-55|CG1142916|-41|-55|CG1142917|-24|-62|CG1142911|-15|-67
341|2|7|1000|8|CG1141529|-15|-67|CG1141530|-11|-67|CG1141531|-11|-65|CG1141532|-18|-63|CG1141533|-24|-63|CG1141534|-8|-66|CG1141535|-11|-67|CG1141530|-11|-67
341|2|8|1000|2|CG1142906|-26|-67|CG1142907|-48|-52
341|2|9|1000|1|CG1142908|-13|-87
341|2|10|986|8|CG1142898|-16|-66|CG1142899|-20|-63|CG1142900|-21|-72|CG1142901|-23|-102|CG1142902|-97|-62|CG1142903|-109|-27|CG1142904|-97|-16|CG1142905|-97|-11
341|3|0|986|6|CG1142976|-19|-67|CG1142977|-20|-67|CG1142978|-22|-67|CG1142979|-23|-66|CG1142978|-22|-67|CG1142977|-20|-67
341|3|1|1000|6|CG1142984|-26|-66|CG1142985|-23|-67|CG1142986|-19|-66|CG1142987|-25|-66|CG1142988|-20|-67|CG1142989|-24|-67
341|3|2|600|5|CG1325525|-125|-117|CG1325526|-119|-165|CG1325527|-116|-175|CG1325528|-58|-136|CG1325529|-81|-129
341|3|3|510|6|CG1142945|-30|-66|CG1142946|-19|-65|CG1142947|-17|-63|CG1142948|-30|-67|CG1142949|-19|-64|CG1142950|-17|-63
341|3|4|
341|3|5|799|10|CG1142937|-31|-50|CG1142938|-52|-54|CG1142939|-10|-57|CG1142940|-4|-58|CG1142941|-6|-51|CG1142942|-6|-51|CG1142942|-6|-51|CG1142943|-12|-59|CG1142944|-56|-55|CG1142937|-31|-50
341|3|6|2193|22|CG1142966|-18|-67|CG1142966|-18|-67|CG1142967|-19|-68|CG1142967|-19|-68|CG1142968|-20|-68|CG1142968|-20|-68|CG1142966|-18|-67|CG1142966|-18|-67|CG1142967|-19|-68|CG1142967|-19|-68|CG1142968|-20|-68|CG1142968|-20|-68|CG1142966|-18|-67|CG1142966|-18|-67|CG1142967|-19|-68|CG1142967|-19|-68|CG1142968|-20|-68|CG1142969|-9|-64|CG1142970|-10|-45|CG1142971|-10|-46|CG1142972|-10|-54|CG1142966|-18|-67
341|3|7|1000|8|CG1141598|-13|-67|CG1141599|-8|-65|CG1141600|-8|-62|CG1141601|-21|-65|CG1141602|-29|-63|CG1141603|-6|-58|CG1141604|-9|-60|CG1141599|-8|-65
341|3|8|1000|2|CG1142961|-16|-68|CG1142962|-41|-66
341|3|9|1000|1|CG1142963|-12|-76
341|3|10|986|8|CG1142953|-15|-62|CG1142954|-20|-58|CG1142955|-21|-58|CG1142956|-21|-99|CG1142957|-76|-95|CG1142958|-106|-57|CG1142959|-126|-34|CG1142960|-126|-32
341|4|0|986|6|CG1143031|-23|-67|CG1143032|-23|-66|CG1143033|-23|-66|CG1143034|-23|-66|CG1143033|-23|-66|CG1143032|-23|-66
341|4|1|1000|6|CG1143039|-27|-65|CG1143040|-28|-67|CG1143041|-26|-66|CG1143042|-24|-65|CG1143043|-24|-67|CG1143044|-26|-66
341|4|2|600|5|CG1325581|-118|-123|CG1325582|-92|-162|CG1325583|-82|-152|CG1325584|-98|-119|CG1325585|-112|-122
341|4|3|510|6|CG1143000|-26|-64|CG1143001|-24|-62|CG1143002|-15|-61|CG1143003|-26|-64|CG1143004|-19|-61|CG1143005|-23|-60
341|4|4|
341|4|5|799|10|CG1142992|-64|-49|CG1142993|-67|-51|CG1142994|-40|-51|CG1142995|-13|-49|CG1142996|-3|-39|CG1142997|-3|-39|CG1142997|-3|-39|CG1142998|-14|-52|CG1142999|-67|-51|CG1142992|-64|-49
341|4|6|2193|22|CG1143021|-23|-67|CG1143021|-23|-67|CG1143022|-24|-68|CG1143022|-24|-68|CG1143023|-25|-68|CG1143023|-25|-68|CG1143021|-23|-67|CG1143021|-23|-67|CG1143022|-24|-68|CG1143022|-24|-68|CG1143023|-25|-68|CG1143023|-25|-68|CG1143021|-23|-67|CG1143021|-23|-67|CG1143022|-24|-68|CG1143022|-24|-68|CG1143023|-25|-68|CG1143024|-23|-60|CG1143025|-12|-36|CG1143026|-11|-36|CG1143027|-15|-45|CG1143021|-23|-67
341|4|7|1000|8|CG1141667|-15|-67|CG1141668|-11|-63|CG1141669|-11|-59|CG1141670|-18|-68|CG1141671|-25|-67|CG1141672|-8|-51|CG1141673|-11|-54|CG1141668|-11|-63
341|4|8|1000|2|CG1143016|-19|-68|CG1143017|-20|-73
341|4|9|1000|1|CG1143018|-14|-61
341|4|10|986|8|CG1143008|-23|-60|CG1143009|-13|-50|CG1143010|-12|-51|CG1143011|-12|-81|CG1143012|-26|-112|CG1143013|-49|-87|CG1143014|-83|-54|CG1143015|-83|-54
341|5|0|986|6|CG1143086|-18|-67|CG1143087|-20|-67|CG1143088|-24|-66|CG1143089|-27|-66|CG1143088|-24|-66|CG1143087|-20|-67
341|5|1|1000|6|CG1143094|-18|-65|CG1143095|-19|-67|CG1143096|-19|-66|CG1143097|-18|-65|CG1143098|-17|-67|CG1143099|-17|-66
341|5|2|600|5|CG1325637|-87|-102|CG1325638|-101|-134|CG1325639|-81|-118|CG1325640|-146|-102|CG1325641|-132|-115
341|5|3|510|6|CG1143055|-21|-63|CG1143056|-22|-61|CG1143057|-20|-60|CG1143058|-17|-63|CG1143059|-22|-61|CG1143060|-25|-59
341|5|4|
341|5|5|799|10|CG1143047|-59|-52|CG1143048|-43|-52|CG1143049|-61|-51|CG1143050|-20|-45|CG1143051|-11|-34|CG1143052|-11|-34|CG1143052|-11|-34|CG1143053|-58|-51|CG1143054|-39|-53|CG1143047|-59|-52
341|5|6|2193|22|CG1143076|-19|-67|CG1143076|-19|-67|CG1143077|-64|-68|CG1143077|-64|-68|CG1143078|-39|-69|CG1143078|-39|-69|CG1143076|-19|-67|CG1143076|-19|-67|CG1143077|-64|-68|CG1143077|-64|-68|CG1143078|-39|-69|CG1143078|-39|-69|CG1143076|-19|-67|CG1143076|-19|-67|CG1143077|-64|-68|CG1143077|-64|-68|CG1143078|-39|-69|CG1143079|-27|-59|CG1143080|-25|-33|CG1143081|-24|-33|CG1143082|-26|-42|CG1143076|-19|-67
341|5|7|1000|8|CG1141736|-18|-67|CG1141737|-15|-63|CG1141738|-12|-59|CG1141739|-12|-69|CG1141740|-13|-69|CG1141741|-13|-48|CG1141742|-22|-52|CG1141737|-15|-63
341|5|8|1000|2|CG1143071|-27|-64|CG1143072|-29|-71
341|5|9|1000|1|CG1143073|-15|-55
341|5|10|986|8|CG1143063|-24|-59|CG1143064|-21|-43|CG1143065|-20|-44|CG1143066|-14|-60|CG1143067|-10|-106|CG1143068|-14|-90|CG1143069|-17|-71|CG1143070|-22|-71
341|6|0|986|6|CG1143141|-60|-67|CG1143142|-61|-67|CG1143143|-63|-66|CG1143144|-64|-66|CG1143143|-63|-66|CG1143142|-61|-67
341|6|1|1000|6|CG1143149|-55|-66|CG1143150|-55|-67|CG1143151|-54|-67|CG1143152|-53|-66|CG1143153|-53|-67|CG1143154|-54|-67
341|6|2|600|5|CG1325693|-56|-115|CG1325694|-66|-158|CG1325695|-93|-143|CG1325696|-109|-126|CG1325697|-81|-115
341|6|3|510|6|CG1143110|-58|-64|CG1143111|-64|-62|CG1143112|-72|-61|CG1143113|-72|-65|CG1143114|-72|-62|CG1143115|-68|-61
341|6|4|
341|6|5|799|10|CG1143102|-26|-57|CG1143103|-30|-58|CG1143104|-47|-58|CG1143105|-75|-51|CG1143106|-96|-38|CG1143107|-96|-38|CG1143107|-96|-38|CG1143108|-65|-57|CG1143109|-30|-59|CG1143102|-26|-57
341|6|6|2193|22|CG1143131|-62|-67|CG1143131|-62|-67|CG1143132|-80|-69|CG1143132|-80|-69|CG1143133|-74|-69|CG1143133|-74|-69|CG1143131|-62|-67|CG1143131|-62|-67|CG1143132|-80|-69|CG1143132|-80|-69|CG1143133|-74|-69|CG1143133|-74|-69|CG1143131|-62|-67|CG1143131|-62|-67|CG1143132|-80|-69|CG1143132|-80|-69|CG1143133|-74|-69|CG1143134|-21|-61|CG1143135|-31|-37|CG1143136|-31|-36|CG1143137|-29|-45|CG1143131|-62|-67
341|6|7|1000|8|CG1141805|-15|-67|CG1141806|-20|-64|CG1141807|-23|-60|CG1141808|-15|-68|CG1141809|-15|-67|CG1141810|-31|-51|CG1141811|-29|-55|CG1141806|-20|-64
341|6|8|1000|2|CG1143126|-72|-60|CG1143127|-73|-60
341|6|9|1000|1|CG1143128|-21|-56
341|6|10|986|8|CG1143118|-70|-61|CG1143119|-41|-42|CG1143120|-26|-42|CG1143121|-25|-55|CG1143122|-19|-79|CG1143123|-14|-66|CG1143124|-8|-56|CG1143125|-12|-56
341|7|0|986|6|CG1143196|-67|-66|CG1143197|-66|-66|CG1143198|-63|-66|CG1143199|-62|-66|CG1143198|-63|-66|CG1143197|-66|-66
341|7|1|1000|6|CG1143204|-62|-66|CG1143205|-65|-67|CG1143206|-70|-66|CG1143207|-71|-66|CG1143208|-70|-67|CG1143209|-65|-66
341|7|2|600|5|CG1325749|-65|-111|CG1325750|-73|-164|CG1325751|-68|-170|CG1325752|-60|-150|CG1325753|-60|-127
341|7|3|510|6|CG1143165|-61|-66|CG1143166|-70|-64|CG1143167|-81|-63|CG1143168|-84|-66|CG1143169|-78|-64|CG1143170|-70|-63
341|7|4|
341|7|5|799|10|CG1143157|-24|-60|CG1143158|-31|-63|CG1143159|-38|-65|CG1143160|-85|-60|CG1143161|-122|-49|CG1143162|-122|-49|CG1143162|-122|-49|CG1143163|-41|-66|CG1143164|-30|-64|CG1143157|-24|-60
341|7|6|2193|22|CG1143186|-70|-67|CG1143186|-70|-67|CG1143187|-51|-79|CG1143187|-51|-79|CG1143188|-64|-67|CG1143188|-64|-67|CG1143186|-70|-67|CG1143186|-70|-67|CG1143187|-51|-79|CG1143187|-51|-79|CG1143188|-64|-67|CG1143188|-64|-67|CG1143186|-70|-67|CG1143186|-70|-67|CG1143187|-51|-79|CG1143187|-51|-79|CG1143188|-64|-67|CG1143189|-44|-64|CG1143190|-39|-46|CG1143191|-39|-45|CG1143192|-37|-54|CG1143186|-70|-67
341|7|7|1000|8|CG1141874|-15|-66|CG1141875|-19|-64|CG1141876|-30|-62|CG1141877|-17|-65|CG1141878|-15|-64|CG1141879|-35|-58|CG1141880|-33|-60|CG1141875|-19|-64
341|7|8|1000|2|CG1143181|-73|-57|CG1143182|-71|-49
341|7|9|1000|1|CG1143183|-40|-63
341|7|10|986|8|CG1143173|-76|-64|CG1143174|-81|-49|CG1143175|-74|-47|CG1143176|-36|-51|CG1143177|-20|-53|CG1143178|-10|-35|CG1143179|-6|-24|CG1143180|-6|-21
