445|0|0|6086|40|CG1185746|-29|-57|CG1185747|-34|-56|CG1185748|-35|-56|CG1185747|-34|-56|CG1185746|-29|-57|CG1185749|-34|-56|CG1185750|-37|-55|CG1185750|-37|-55|CG1185750|-37|-55|CG1185750|-37|-55|CG1185749|-34|-56|CG1185746|-29|-57|CG1185747|-34|-56|CG1185748|-35|-56|CG1185747|-34|-56|CG1185746|-29|-57|CG1185747|-34|-56|CG1185748|-35|-56|CG1185747|-34|-56|CG1185746|-29|-57|CG1185749|-34|-56|CG1185750|-37|-55|CG1185750|-37|-55|CG1185750|-37|-55|CG1185749|-34|-56|CG1185746|-29|-57|CG1185749|-34|-56|CG1185750|-37|-55|CG1185750|-37|-55|CG1185750|-37|-55|CG1185750|-37|-55|CG1185749|-34|-56|CG1185746|-29|-57|CG1185747|-34|-56|CG1185748|-35|-56|CG1185747|-34|-56|CG1185746|-29|-57|CG1185747|-34|-56|CG1185748|-35|-56|CG1185747|-34|-56
445|0|1|1000|6|CG1185753|-32|-54|CG1185754|-33|-57|CG1185755|-31|-55|CG1185756|-32|-54|CG1185757|-33|-57|CG1185758|-33|-55
445|0|2|600|5|CG1325357|-54|-113|CG1325358|-66|-144|CG1325359|-95|-176|CG1325360|-103|-137|CG1325361|-78|-106
445|0|3|510|6|CG1186084|-24|-58|CG1186085|-27|-56|CG1186086|-22|-56|CG1186087|-23|-57|CG1186088|-23|-56|CG1186089|-29|-55
445|0|4|
445|0|5|1000|14|CG1185716|-23|-54|CG1185716|-23|-54|CG1185717|-25|-66|CG1185717|-25|-66|CG1185718|-17|-56|CG1185718|-17|-56|CG1185719|-15|-56|CG1185719|-15|-56|CG1185720|-17|-60|CG1185720|-17|-60|CG1185720|-17|-60|CG1185720|-17|-60|CG1185721|-26|-50|CG1185721|-26|-50
445|0|6|2091|24|CG1185735|-29|-54|CG1185735|-29|-54|CG1185736|-37|-56|CG1185736|-37|-56|CG1185737|-30|-42|CG1185737|-30|-42|CG1185738|-30|-39|CG1185738|-30|-39|CG1185739|-31|-38|CG1185739|-31|-38|CG1185739|-31|-38|CG1185739|-31|-38|CG1185739|-31|-38|CG1185739|-31|-38|CG1185740|-30|-38|CG1185741|-30|-45|CG1185742|-30|-31|CG1185742|-30|-31|CG1185742|-30|-31|CG1185742|-30|-31|CG1185741|-30|-45|CG1185741|-30|-45|CG1185740|-30|-38|CG1185740|-30|-38
445|0|7|1394|13|CG1186125|-23|-56|CG1186125|-23|-56|CG1186126|-22|-58|CG1186126|-22|-58|CG1186127|-24|-58|CG1186127|-24|-58|CG1186128|-26|-58|CG1186129|-39|-53|CG1186130|-29|-46|CG1186131|-25|-54|CG1186131|-25|-54|CG1186132|-26|-58|CG1186132|-26|-58
445|0|8|1000|2|CG1185730|-33|-53|CG1185731|-16|-35
445|0|9|1000|1|CG1185732|-25|-50
445|0|10|1190|6|CG1185724|-33|-57|CG1185725|-33|-54|CG1185726|-51|-60|CG1185727|-64|-42|CG1185728|-64|-39|CG1185729|-64|-38
445|1|0|6086|40|CG1185791|-26|-57|CG1185792|-28|-57|CG1185793|-32|-56|CG1185792|-28|-57|CG1185791|-26|-57|CG1185794|-27|-57|CG1185795|-28|-55|CG1185795|-28|-55|CG1185795|-28|-55|CG1185795|-28|-55|CG1185794|-27|-57|CG1185791|-26|-57|CG1185792|-28|-57|CG1185793|-32|-56|CG1185792|-28|-57|CG1185791|-26|-57|CG1185792|-28|-57|CG1185793|-32|-56|CG1185792|-28|-57|CG1185791|-26|-57|CG1185794|-27|-57|CG1185795|-28|-55|CG1185795|-28|-55|CG1185795|-28|-55|CG1185794|-27|-57|CG1185791|-26|-57|CG1185794|-27|-57|CG1185795|-28|-55|CG1185795|-28|-55|CG1185795|-28|-55|CG1185795|-28|-55|CG1185794|-27|-57|CG1185791|-26|-57|CG1185792|-28|-57|CG1185793|-32|-56|CG1185792|-28|-57|CG1185791|-26|-57|CG1185792|-28|-57|CG1185793|-32|-56|CG1185792|-28|-57
445|1|1|1000|6|CG1185798|-25|-54|CG1185799|-25|-57|CG1185800|-26|-56|CG1185801|-28|-54|CG1185802|-27|-57|CG1185803|-27|-56
445|1|2|600|5|CG1325413|-100|-113|CG1325414|-102|-107|CG1325415|-90|-159|CG1325416|-142|-98|CG1325417|-131|-103
445|1|3|510|6|CG1186152|-17|-58|CG1186153|-20|-57|CG1186154|-27|-57|CG1186155|-21|-58|CG1186156|-29|-58|CG1186157|-22|-57
445|1|4|
445|1|5|1000|14|CG1185761|-31|-54|CG1185761|-31|-54|CG1185762|-33|-55|CG1185762|-33|-55|CG1185763|-22|-55|CG1185763|-22|-55|CG1185764|-18|-52|CG1185764|-18|-52|CG1185765|-18|-57|CG1185765|-18|-57|CG1185765|-18|-57|CG1185765|-18|-57|CG1185766|-27|-50|CG1185766|-27|-50
445|1|6|2091|24|CG1185780|-25|-55|CG1185780|-25|-55|CG1185781|-36|-58|CG1185781|-36|-58|CG1185782|-33|-47|CG1185782|-33|-47|CG1185783|-39|-37|CG1185783|-39|-37|CG1185784|-39|-37|CG1185784|-39|-37|CG1185784|-39|-37|CG1185784|-39|-37|CG1185784|-39|-37|CG1185784|-39|-37|CG1185785|-39|-36|CG1185786|-39|-39|CG1185787|-39|-26|CG1185787|-39|-26|CG1185787|-39|-26|CG1185787|-39|-26|CG1185786|-39|-39|CG1185786|-39|-39|CG1185785|-39|-36|CG1185785|-39|-36
445|1|7|1394|13|CG1186193|-18|-56|CG1186193|-18|-56|CG1186194|-17|-58|CG1186194|-17|-58|CG1186195|-17|-58|CG1186195|-17|-58|CG1186196|-19|-60|CG1186197|-38|-56|CG1186198|-39|-50|CG1186199|-38|-55|CG1186199|-38|-55|CG1186200|-28|-58|CG1186200|-28|-58
445|1|8|1000|2|CG1185775|-26|-54|CG1185776|-39|-33
445|1|9|1000|1|CG1185777|-37|-51
445|1|10|1190|6|CG1185769|-28|-57|CG1185770|-31|-53|CG1185771|-46|-63|CG1185772|-48|-49|CG1185773|-46|-46|CG1185774|-50|-45
445|2|0|6086|40|CG1185836|-36|-57|CG1185837|-30|-56|CG1185838|-29|-56|CG1185837|-30|-56|CG1185836|-36|-57|CG1185839|-31|-56|CG1185840|-28|-55|CG1185840|-28|-55|CG1185840|-28|-55|CG1185840|-28|-55|CG1185839|-31|-56|CG1185836|-36|-57|CG1185837|-30|-56|CG1185838|-29|-56|CG1185837|-30|-56|CG1185836|-36|-57|CG1185837|-30|-56|CG1185838|-29|-56|CG1185837|-30|-56|CG1185836|-36|-57|CG1185839|-31|-56|CG1185840|-28|-55|CG1185840|-28|-55|CG1185840|-28|-55|CG1185839|-31|-56|CG1185836|-36|-57|CG1185839|-31|-56|CG1185840|-28|-55|CG1185840|-28|-55|CG1185840|-28|-55|CG1185840|-28|-55|CG1185839|-31|-56|CG1185836|-36|-57|CG1185837|-30|-56|CG1185838|-29|-56|CG1185837|-30|-56|CG1185836|-36|-57|CG1185837|-30|-56|CG1185838|-29|-56|CG1185837|-30|-56
445|2|1|1000|6|CG1185843|-33|-54|CG1185844|-30|-57|CG1185845|-28|-55|CG1185846|-29|-53|CG1185847|-28|-57|CG1185848|-32|-55
445|2|2|600|5|CG1325469|-119|-113|CG1325470|-90|-142|CG1325471|-82|-174|CG1325472|-99|-116|CG1325473|-109|-103
445|2|3|510|6|CG1186220|-23|-57|CG1186221|-16|-56|CG1186222|-29|-55|CG1186223|-30|-58|CG1186224|-29|-56|CG1186225|-19|-56
445|2|4|
445|2|5|1000|14|CG1185806|-39|-54|CG1185806|-39|-54|CG1185807|-30|-54|CG1185807|-30|-54|CG1185808|-19|-52|CG1185808|-19|-52|CG1185809|-20|-52|CG1185809|-20|-52|CG1185810|-24|-52|CG1185810|-24|-52|CG1185810|-24|-52|CG1185810|-24|-52|CG1185811|-26|-54|CG1185811|-26|-54
445|2|6|2091|24|CG1185825|-31|-54|CG1185825|-31|-54|CG1185826|-34|-60|CG1185826|-34|-60|CG1185827|-34|-49|CG1185827|-34|-49|CG1185828|-36|-39|CG1185828|-36|-39|CG1185829|-36|-38|CG1185829|-36|-38|CG1185829|-36|-38|CG1185829|-36|-38|CG1185829|-36|-38|CG1185829|-36|-38|CG1185830|-36|-38|CG1185831|-35|-35|CG1185832|-35|-31|CG1185832|-35|-31|CG1185832|-35|-31|CG1185832|-35|-31|CG1185831|-35|-35|CG1185831|-35|-35|CG1185830|-36|-38|CG1185830|-36|-38
445|2|7|1394|13|CG1186261|-14|-56|CG1186261|-14|-56|CG1186262|-16|-58|CG1186262|-16|-58|CG1186263|-15|-58|CG1186263|-15|-58|CG1186264|-13|-59|CG1186265|-19|-59|CG1186266|-33|-53|CG1186267|-35|-57|CG1186267|-35|-57|CG1186268|-19|-58|CG1186268|-19|-58
445|2|8|1000|2|CG1185820|-33|-54|CG1185821|-50|-32
445|2|9|1000|1|CG1185822|-36|-50
445|2|10|1190|6|CG1185814|-31|-57|CG1185815|-30|-54|CG1185816|-18|-60|CG1185817|-32|-51|CG1185818|-31|-39|CG1185819|-30|-38
445|3|0|6086|40|CG1185881|-35|-56|CG1185882|-36|-56|CG1185883|-34|-56|CG1185882|-36|-56|CG1185881|-35|-56|CG1185884|-35|-57|CG1185885|-33|-57|CG1185885|-33|-57|CG1185885|-33|-57|CG1185885|-33|-57|CG1185884|-35|-57|CG1185881|-35|-56|CG1185882|-36|-56|CG1185883|-34|-56|CG1185882|-36|-56|CG1185881|-35|-56|CG1185882|-36|-56|CG1185883|-34|-56|CG1185882|-36|-56|CG1185881|-35|-56|CG1185884|-35|-57|CG1185885|-33|-57|CG1185885|-33|-57|CG1185885|-33|-57|CG1185884|-35|-57|CG1185881|-35|-56|CG1185884|-35|-57|CG1185885|-33|-57|CG1185885|-33|-57|CG1185885|-33|-57|CG1185885|-33|-57|CG1185884|-35|-57|CG1185881|-35|-56|CG1185882|-36|-56|CG1185883|-34|-56|CG1185882|-36|-56|CG1185881|-35|-56|CG1185882|-36|-56|CG1185883|-34|-56|CG1185882|-36|-56
445|3|1|1000|6|CG1185888|-32|-54|CG1185889|-34|-57|CG1185890|-37|-55|CG1185891|-37|-53|CG1185892|-36|-58|CG1185893|-34|-56
445|3|2|600|5|CG1325525|-125|-117|CG1325526|-119|-165|CG1325527|-116|-175|CG1325528|-58|-136|CG1325529|-81|-129
445|3|3|510|6|CG1186288|-25|-54|CG1186289|-20|-52|CG1186290|-21|-52|CG1186291|-27|-55|CG1186292|-20|-52|CG1186293|-22|-52
445|3|4|
445|3|5|1000|14|CG1185851|-29|-56|CG1185851|-29|-56|CG1185852|-23|-54|CG1185852|-23|-54|CG1185853|-20|-52|CG1185853|-20|-52|CG1185854|-25|-54|CG1185854|-25|-54|CG1185855|-30|-56|CG1185855|-30|-56|CG1185855|-30|-56|CG1185855|-30|-56|CG1185856|-36|-58|CG1185856|-36|-58
445|3|6|2091|24|CG1185870|-38|-52|CG1185870|-38|-52|CG1185871|-31|-57|CG1185871|-31|-57|CG1185872|-39|-50|CG1185872|-39|-50|CG1185873|-38|-42|CG1185873|-38|-42|CG1185874|-37|-38|CG1185874|-37|-38|CG1185874|-37|-38|CG1185874|-37|-38|CG1185874|-37|-38|CG1185874|-37|-38|CG1185875|-38|-43|CG1185876|-38|-42|CG1185877|-48|-41|CG1185877|-48|-41|CG1185877|-48|-41|CG1185877|-48|-41|CG1185876|-38|-42|CG1185876|-38|-42|CG1185875|-38|-43|CG1185875|-38|-43
445|3|7|1394|13|CG1186329|-14|-56|CG1186329|-14|-56|CG1186330|-15|-55|CG1186330|-15|-55|CG1186331|-14|-56|CG1186331|-14|-56|CG1186332|-9|-54|CG1186333|-11|-59|CG1186334|-24|-56|CG1186335|-17|-59|CG1186335|-17|-59|CG1186336|-13|-56|CG1186336|-13|-56
445|3|8|1000|2|CG1185865|-30|-50|CG1185866|-53|-36
445|3|9|1000|1|CG1185867|-24|-52
445|3|10|1190|6|CG1185859|-35|-57|CG1185860|-38|-55|CG1185861|-21|-52|CG1185862|-20|-44|CG1185863|-18|-30|CG1185864|-19|-30
445|4|0|6086|40|CG1185926|-21|-56|CG1185927|-27|-56|CG1185928|-30|-56|CG1185927|-27|-56|CG1185926|-21|-56|CG1185929|-23|-57|CG1185930|-24|-57|CG1185930|-24|-57|CG1185930|-24|-57|CG1185930|-24|-57|CG1185929|-23|-57|CG1185926|-21|-56|CG1185927|-27|-56|CG1185928|-30|-56|CG1185927|-27|-56|CG1185926|-21|-56|CG1185927|-27|-56|CG1185928|-30|-56|CG1185927|-27|-56|CG1185926|-21|-56|CG1185929|-23|-57|CG1185930|-24|-57|CG1185930|-24|-57|CG1185930|-24|-57|CG1185929|-23|-57|CG1185926|-21|-56|CG1185929|-23|-57|CG1185930|-24|-57|CG1185930|-24|-57|CG1185930|-24|-57|CG1185930|-24|-57|CG1185929|-23|-57|CG1185926|-21|-56|CG1185927|-27|-56|CG1185928|-30|-56|CG1185927|-27|-56|CG1185926|-21|-56|CG1185927|-27|-56|CG1185928|-30|-56|CG1185927|-27|-56
445|4|1|1000|6|CG1185933|-25|-53|CG1185934|-22|-57|CG1185935|-27|-55|CG1185936|-29|-53|CG1185937|-26|-57|CG1185938|-21|-55
445|4|2|600|5|CG1325581|-118|-123|CG1325582|-92|-162|CG1325583|-82|-152|CG1325584|-98|-119|CG1325585|-112|-122
445|4|3|510|6|CG1186356|-30|-51|CG1186357|-27|-47|CG1186358|-19|-48|CG1186359|-23|-52|CG1186360|-16|-48|CG1186361|-26|-48
445|4|4|
445|4|5|1000|14|CG1185896|-27|-58|CG1185896|-27|-58|CG1185897|-41|-55|CG1185897|-41|-55|CG1185898|-21|-53|CG1185898|-21|-53|CG1185899|-24|-57|CG1185899|-24|-57|CG1185900|-29|-60|CG1185900|-29|-60|CG1185900|-29|-60|CG1185900|-29|-60|CG1185901|-33|-60|CG1185901|-33|-60
445|4|6|2091|24|CG1185915|-28|-50|CG1185915|-28|-50|CG1185916|-31|-58|CG1185916|-31|-58|CG1185917|-31|-44|CG1185917|-31|-44|CG1185918|-36|-46|CG1185918|-36|-46|CG1185919|-35|-38|CG1185919|-35|-38|CG1185919|-35|-38|CG1185919|-35|-38|CG1185919|-35|-38|CG1185919|-35|-38|CG1185920|-35|-48|CG1185921|-36|-50|CG1185922|-47|-50|CG1185922|-47|-50|CG1185922|-47|-50|CG1185922|-47|-50|CG1185921|-36|-50|CG1185921|-36|-50|CG1185920|-35|-48|CG1185920|-35|-48
445|4|7|1394|13|CG1186397|-14|-56|CG1186397|-14|-56|CG1186398|-14|-53|CG1186398|-14|-53|CG1186399|-13|-55|CG1186399|-13|-55|CG1186400|-8|-48|CG1186401|-11|-57|CG1186402|-28|-57|CG1186403|-30|-59|CG1186403|-30|-59|CG1186404|-20|-55|CG1186404|-20|-55
445|4|8|1000|2|CG1185910|-13|-45|CG1185911|-42|-50
445|4|9|1000|1|CG1185912|-22|-50
445|4|10|1190|6|CG1185904|-23|-57|CG1185905|-28|-57|CG1185906|-22|-44|CG1185907|-15|-35|CG1185908|-16|-23|CG1185909|-16|-20
445|5|0|6086|40|CG1185971|-26|-56|CG1185972|-28|-56|CG1185973|-28|-56|CG1185972|-28|-56|CG1185971|-26|-56|CG1185974|-27|-57|CG1185975|-27|-57|CG1185975|-27|-57|CG1185975|-27|-57|CG1185975|-27|-57|CG1185974|-27|-57|CG1185971|-26|-56|CG1185972|-28|-56|CG1185973|-28|-56|CG1185972|-28|-56|CG1185971|-26|-56|CG1185972|-28|-56|CG1185973|-28|-56|CG1185972|-28|-56|CG1185971|-26|-56|CG1185974|-27|-57|CG1185975|-27|-57|CG1185975|-27|-57|CG1185975|-27|-57|CG1185974|-27|-57|CG1185971|-26|-56|CG1185974|-27|-57|CG1185975|-27|-57|CG1185975|-27|-57|CG1185975|-27|-57|CG1185975|-27|-57|CG1185974|-27|-57|CG1185971|-26|-56|CG1185972|-28|-56|CG1185973|-28|-56|CG1185972|-28|-56|CG1185971|-26|-56|CG1185972|-28|-56|CG1185973|-28|-56|CG1185972|-28|-56
445|5|1|1000|6|CG1185978|-24|-53|CG1185979|-26|-57|CG1185980|-23|-55|CG1185981|-19|-53|CG1185982|-22|-57|CG1185983|-24|-55
445|5|2|600|5|CG1325637|-87|-102|CG1325638|-101|-134|CG1325639|-81|-118|CG1325640|-146|-102|CG1325641|-132|-115
445|5|3|510|6|CG1186424|-23|-50|CG1186425|-28|-46|CG1186426|-15|-47|CG1186427|-13|-50|CG1186428|-16|-45|CG1186429|-26|-46
445|5|4|
445|5|5|1000|14|CG1185941|-17|-59|CG1185941|-17|-59|CG1185942|-52|-57|CG1185942|-52|-57|CG1185943|-31|-56|CG1185943|-31|-56|CG1185944|-27|-59|CG1185944|-27|-59|CG1185945|-22|-60|CG1185945|-22|-60|CG1185945|-22|-60|CG1185945|-22|-60|CG1185946|-19|-65|CG1185946|-19|-65
445|5|6|2091|24|CG1185960|-25|-49|CG1185960|-25|-49|CG1185961|-35|-58|CG1185961|-35|-58|CG1185962|-31|-46|CG1185962|-31|-46|CG1185963|-21|-47|CG1185963|-21|-47|CG1185964|-19|-38|CG1185964|-19|-38|CG1185964|-19|-38|CG1185964|-19|-38|CG1185964|-19|-38|CG1185964|-19|-38|CG1185965|-21|-50|CG1185966|-23|-53|CG1185967|-24|-54|CG1185967|-24|-54|CG1185967|-24|-54|CG1185967|-24|-54|CG1185966|-23|-53|CG1185966|-23|-53|CG1185965|-21|-50|CG1185965|-21|-50
445|5|7|1394|13|CG1186465|-15|-56|CG1186465|-15|-56|CG1186466|-15|-52|CG1186466|-15|-52|CG1186467|-15|-55|CG1186467|-15|-55|CG1186468|-14|-45|CG1186469|-26|-54|CG1186470|-20|-54|CG1186471|-31|-58|CG1186471|-31|-58|CG1186472|-28|-55|CG1186472|-28|-55
445|5|8|1000|2|CG1185955|-24|-43|CG1185956|-26|-55
445|5|9|1000|1|CG1185957|-17|-43
445|5|10|1190|6|CG1185949|-29|-57|CG1185950|-27|-57|CG1185951|-29|-40|CG1185952|-30|-29|CG1185953|-31|-19|CG1185954|-31|-15
445|6|0|6086|40|CG1186016|-22|-56|CG1186017|-20|-56|CG1186018|-16|-56|CG1186017|-20|-56|CG1186016|-22|-56|CG1186019|-21|-57|CG1186020|-21|-57|CG1186020|-21|-57|CG1186020|-21|-57|CG1186020|-21|-57|CG1186019|-21|-57|CG1186016|-22|-56|CG1186017|-20|-56|CG1186018|-16|-56|CG1186017|-20|-56|CG1186016|-22|-56|CG1186017|-20|-56|CG1186018|-16|-56|CG1186017|-20|-56|CG1186016|-22|-56|CG1186019|-21|-57|CG1186020|-21|-57|CG1186020|-21|-57|CG1186020|-21|-57|CG1186019|-21|-57|CG1186016|-22|-56|CG1186019|-21|-57|CG1186020|-21|-57|CG1186020|-21|-57|CG1186020|-21|-57|CG1186020|-21|-57|CG1186019|-21|-57|CG1186016|-22|-56|CG1186017|-20|-56|CG1186018|-16|-56|CG1186017|-20|-56|CG1186016|-22|-56|CG1186017|-20|-56|CG1186018|-16|-56|CG1186017|-20|-56
445|6|1|1000|6|CG1186023|-25|-53|CG1186024|-20|-57|CG1186025|-23|-55|CG1186026|-23|-53|CG1186027|-23|-57|CG1186028|-19|-55
445|6|2|600|5|CG1325693|-56|-115|CG1325694|-66|-158|CG1325695|-93|-143|CG1325696|-109|-126|CG1325697|-81|-115
445|6|3|510|6|CG1186492|-23|-52|CG1186493|-23|-48|CG1186494|-22|-48|CG1186495|-19|-51|CG1186496|-22|-47|CG1186497|-21|-48
445|6|4|
445|6|5|1000|14|CG1185986|-28|-58|CG1185986|-28|-58|CG1185987|-34|-67|CG1185987|-34|-67|CG1185988|-35|-58|CG1185988|-35|-58|CG1185989|-33|-59|CG1185989|-33|-59|CG1185990|-25|-62|CG1185990|-25|-62|CG1185990|-25|-62|CG1185990|-25|-62|CG1185991|-24|-63|CG1185991|-24|-63
445|6|6|2091|24|CG1186005|-19|-50|CG1186005|-19|-50|CG1186006|-26|-58|CG1186006|-26|-58|CG1186007|-21|-44|CG1186007|-21|-44|CG1186008|-19|-46|CG1186008|-19|-46|CG1186009|-18|-38|CG1186009|-18|-38|CG1186009|-18|-38|CG1186009|-18|-38|CG1186009|-18|-38|CG1186009|-18|-38|CG1186010|-20|-48|CG1186011|-19|-50|CG1186012|-18|-50|CG1186012|-18|-50|CG1186012|-18|-50|CG1186012|-18|-50|CG1186011|-19|-50|CG1186011|-19|-50|CG1186010|-20|-48|CG1186010|-20|-48
445|6|7|1394|13|CG1186533|-24|-56|CG1186533|-24|-56|CG1186534|-23|-53|CG1186534|-23|-53|CG1186535|-24|-55|CG1186535|-24|-55|CG1186536|-26|-47|CG1186537|-30|-51|CG1186538|-22|-50|CG1186539|-26|-56|CG1186539|-26|-56|CG1186540|-25|-55|CG1186540|-25|-55
445|6|8|1000|2|CG1186000|-25|-44|CG1186001|-16|-50
445|6|9|1000|1|CG1186002|-23|-43
445|6|10|1190|6|CG1185994|-22|-57|CG1185995|-17|-57|CG1185996|-31|-44|CG1185997|-46|-23|CG1185998|-46|-23|CG1185999|-47|-18
445|7|0|6086|40|CG1186061|-32|-56|CG1186062|-29|-56|CG1186063|-26|-56|CG1186062|-29|-56|CG1186061|-32|-56|CG1186064|-32|-57|CG1186065|-32|-57|CG1186065|-32|-57|CG1186065|-32|-57|CG1186065|-32|-57|CG1186064|-32|-57|CG1186061|-32|-56|CG1186062|-29|-56|CG1186063|-26|-56|CG1186062|-29|-56|CG1186061|-32|-56|CG1186062|-29|-56|CG1186063|-26|-56|CG1186062|-29|-56|CG1186061|-32|-56|CG1186064|-32|-57|CG1186065|-32|-57|CG1186065|-32|-57|CG1186065|-32|-57|CG1186064|-32|-57|CG1186061|-32|-56|CG1186064|-32|-57|CG1186065|-32|-57|CG1186065|-32|-57|CG1186065|-32|-57|CG1186065|-32|-57|CG1186064|-32|-57|CG1186061|-32|-56|CG1186062|-29|-56|CG1186063|-26|-56|CG1186062|-29|-56|CG1186061|-32|-56|CG1186062|-29|-56|CG1186063|-26|-56|CG1186062|-29|-56
445|7|1|1000|6|CG1186068|-32|-53|CG1186069|-31|-57|CG1186070|-28|-55|CG1186071|-28|-54|CG1186072|-28|-57|CG1186073|-31|-55
445|7|2|600|5|CG1325749|-65|-111|CG1325750|-73|-164|CG1325751|-68|-170|CG1325752|-60|-150|CG1325753|-60|-127
445|7|3|510|6|CG1186560|-28|-55|CG1186561|-26|-52|CG1186562|-24|-52|CG1186563|-25|-54|CG1186564|-26|-51|CG1186565|-24|-52
445|7|4|
445|7|5|1000|14|CG1186031|-26|-56|CG1186031|-26|-56|CG1186032|-27|-73|CG1186032|-27|-73|CG1186033|-31|-58|CG1186033|-31|-58|CG1186034|-29|-59|CG1186034|-29|-59|CG1186035|-24|-63|CG1186035|-24|-63|CG1186035|-24|-63|CG1186035|-24|-63|CG1186036|-29|-53|CG1186036|-29|-53
445|7|6|2091|24|CG1186050|-27|-52|CG1186050|-27|-52|CG1186051|-23|-57|CG1186051|-23|-57|CG1186052|-16|-44|CG1186052|-16|-44|CG1186053|-11|-42|CG1186053|-11|-42|CG1186054|-13|-38|CG1186054|-13|-38|CG1186054|-13|-38|CG1186054|-13|-38|CG1186054|-13|-38|CG1186054|-13|-38|CG1186055|-12|-43|CG1186056|-12|-49|CG1186057|-12|-41|CG1186057|-12|-41|CG1186057|-12|-41|CG1186057|-12|-41|CG1186056|-12|-49|CG1186056|-12|-49|CG1186055|-12|-43|CG1186055|-12|-43
445|7|7|1394|13|CG1186601|-28|-56|CG1186601|-28|-56|CG1186602|-27|-55|CG1186602|-27|-55|CG1186603|-28|-56|CG1186603|-28|-56|CG1186604|-31|-52|CG1186605|-33|-51|CG1186606|-33|-47|CG1186607|-30|-55|CG1186607|-30|-55|CG1186608|-17|-56|CG1186608|-17|-56
445|7|8|1000|2|CG1186045|-32|-48|CG1186046|-12|-42
445|7|9|1000|1|CG1186047|-27|-47
445|7|10|1190|6|CG1186039|-32|-57|CG1186040|-26|-55|CG1186041|-37|-52|CG1186042|-58|-33|CG1186043|-58|-28|CG1186044|-59|-23
