451|0|0|6086|40|CG1188330|-29|-57|CG1188331|-34|-56|CG1188332|-35|-56|CG1188331|-34|-56|CG1188330|-29|-57|CG1188333|-34|-56|CG1188334|-37|-55|CG1188334|-37|-55|CG1188334|-37|-55|CG1188334|-37|-55|CG1188333|-34|-56|CG1188330|-29|-57|CG1188331|-34|-56|CG1188332|-35|-56|CG1188331|-34|-56|CG1188330|-29|-57|CG1188331|-34|-56|CG1188332|-35|-56|CG1188331|-34|-56|CG1188330|-29|-57|CG1188333|-34|-56|CG1188334|-37|-55|CG1188334|-37|-55|CG1188334|-37|-55|CG1188333|-34|-56|CG1188330|-29|-57|CG1188333|-34|-56|CG1188334|-37|-55|CG1188334|-37|-55|CG1188334|-37|-55|CG1188334|-37|-55|CG1188333|-34|-56|CG1188330|-29|-57|CG1188331|-34|-56|CG1188332|-35|-56|CG1188331|-34|-56|CG1188330|-29|-57|CG1188331|-34|-56|CG1188332|-35|-56|CG1188331|-34|-56
451|0|1|1000|6|CG1188337|-32|-54|CG1188338|-33|-57|CG1188339|-31|-55|CG1188340|-32|-54|CG1188341|-33|-57|CG1188342|-33|-55
451|0|2|600|5|CG1325357|-54|-113|CG1325358|-66|-144|CG1325359|-95|-176|CG1325360|-103|-137|CG1325361|-78|-106
451|0|3|510|6|CG1188668|-24|-58|CG1188669|-27|-56|CG1188670|-22|-56|CG1188671|-23|-57|CG1188672|-23|-56|CG1188673|-29|-55
451|0|4|
451|0|5|1000|14|CG1188300|-23|-54|CG1188300|-23|-54|CG1188301|-25|-66|CG1188301|-25|-66|CG1188302|-17|-56|CG1188302|-17|-56|CG1188303|-15|-56|CG1188303|-15|-56|CG1188304|-17|-60|CG1188304|-17|-60|CG1188304|-17|-60|CG1188304|-17|-60|CG1188305|-26|-50|CG1188305|-26|-50
451|0|6|2091|24|CG1188319|-29|-54|CG1188319|-29|-54|CG1188320|-37|-56|CG1188320|-37|-56|CG1188321|-30|-42|CG1188321|-30|-42|CG1188322|-30|-39|CG1188322|-30|-39|CG1188323|-31|-38|CG1188323|-31|-38|CG1188323|-31|-38|CG1188323|-31|-38|CG1188323|-31|-38|CG1188323|-31|-38|CG1188324|-30|-38|CG1188325|-30|-45|CG1188326|-30|-31|CG1188326|-30|-31|CG1188326|-30|-31|CG1188326|-30|-31|CG1188325|-30|-45|CG1188325|-30|-45|CG1188324|-30|-38|CG1188324|-30|-38
451|0|7|1394|13|CG1188709|-23|-56|CG1188709|-23|-56|CG1188710|-22|-58|CG1188710|-22|-58|CG1188711|-24|-58|CG1188711|-24|-58|CG1188712|-26|-58|CG1188713|-39|-53|CG1188714|-29|-46|CG1188715|-25|-54|CG1188715|-25|-54|CG1188716|-26|-58|CG1188716|-26|-58
451|0|8|1000|2|CG1188314|-33|-53|CG1188315|-16|-35
451|0|9|1000|1|CG1188316|-25|-50
451|0|10|1190|6|CG1188308|-33|-57|CG1188309|-33|-54|CG1188310|-51|-60|CG1188311|-64|-42|CG1188312|-64|-39|CG1188313|-64|-38
451|1|0|6086|40|CG1188375|-26|-57|CG1188376|-28|-57|CG1188377|-32|-56|CG1188376|-28|-57|CG1188375|-26|-57|CG1188378|-27|-57|CG1188379|-28|-55|CG1188379|-28|-55|CG1188379|-28|-55|CG1188379|-28|-55|CG1188378|-27|-57|CG1188375|-26|-57|CG1188376|-28|-57|CG1188377|-32|-56|CG1188376|-28|-57|CG1188375|-26|-57|CG1188376|-28|-57|CG1188377|-32|-56|CG1188376|-28|-57|CG1188375|-26|-57|CG1188378|-27|-57|CG1188379|-28|-55|CG1188379|-28|-55|CG1188379|-28|-55|CG1188378|-27|-57|CG1188375|-26|-57|CG1188378|-27|-57|CG1188379|-28|-55|CG1188379|-28|-55|CG1188379|-28|-55|CG1188379|-28|-55|CG1188378|-27|-57|CG1188375|-26|-57|CG1188376|-28|-57|CG1188377|-32|-56|CG1188376|-28|-57|CG1188375|-26|-57|CG1188376|-28|-57|CG1188377|-32|-56|CG1188376|-28|-57
451|1|1|1000|6|CG1188382|-25|-54|CG1188383|-25|-57|CG1188384|-26|-56|CG1188385|-28|-54|CG1188386|-27|-57|CG1188387|-27|-56
451|1|2|600|5|CG1325413|-100|-113|CG1325414|-102|-107|CG1325415|-90|-159|CG1325416|-142|-98|CG1325417|-131|-103
451|1|3|510|6|CG1188736|-17|-58|CG1188737|-20|-57|CG1188738|-27|-57|CG1188739|-21|-58|CG1188740|-29|-58|CG1188741|-22|-57
451|1|4|
451|1|5|1000|14|CG1188345|-31|-54|CG1188345|-31|-54|CG1188346|-33|-55|CG1188346|-33|-55|CG1188347|-22|-55|CG1188347|-22|-55|CG1188348|-18|-52|CG1188348|-18|-52|CG1188349|-18|-57|CG1188349|-18|-57|CG1188349|-18|-57|CG1188349|-18|-57|CG1188350|-27|-50|CG1188350|-27|-50
451|1|6|2091|24|CG1188364|-25|-55|CG1188364|-25|-55|CG1188365|-36|-58|CG1188365|-36|-58|CG1188366|-33|-47|CG1188366|-33|-47|CG1188367|-39|-37|CG1188367|-39|-37|CG1188368|-39|-37|CG1188368|-39|-37|CG1188368|-39|-37|CG1188368|-39|-37|CG1188368|-39|-37|CG1188368|-39|-37|CG1188369|-39|-36|CG1188370|-39|-39|CG1188371|-39|-26|CG1188371|-39|-26|CG1188371|-39|-26|CG1188371|-39|-26|CG1188370|-39|-39|CG1188370|-39|-39|CG1188369|-39|-36|CG1188369|-39|-36
451|1|7|1394|13|CG1188777|-18|-56|CG1188777|-18|-56|CG1188778|-17|-58|CG1188778|-17|-58|CG1188779|-17|-58|CG1188779|-17|-58|CG1188780|-19|-60|CG1188781|-38|-56|CG1188782|-39|-50|CG1188783|-38|-55|CG1188783|-38|-55|CG1188784|-28|-58|CG1188784|-28|-58
451|1|8|1000|2|CG1188359|-26|-54|CG1188360|-39|-33
451|1|9|1000|1|CG1188361|-37|-51
451|1|10|1190|6|CG1188353|-28|-57|CG1188354|-31|-53|CG1188355|-46|-63|CG1188356|-48|-49|CG1188357|-46|-46|CG1188358|-50|-45
451|2|0|6086|40|CG1188420|-36|-57|CG1188421|-30|-56|CG1188422|-29|-56|CG1188421|-30|-56|CG1188420|-36|-57|CG1188423|-31|-56|CG1188424|-28|-55|CG1188424|-28|-55|CG1188424|-28|-55|CG1188424|-28|-55|CG1188423|-31|-56|CG1188420|-36|-57|CG1188421|-30|-56|CG1188422|-29|-56|CG1188421|-30|-56|CG1188420|-36|-57|CG1188421|-30|-56|CG1188422|-29|-56|CG1188421|-30|-56|CG1188420|-36|-57|CG1188423|-31|-56|CG1188424|-28|-55|CG1188424|-28|-55|CG1188424|-28|-55|CG1188423|-31|-56|CG1188420|-36|-57|CG1188423|-31|-56|CG1188424|-28|-55|CG1188424|-28|-55|CG1188424|-28|-55|CG1188424|-28|-55|CG1188423|-31|-56|CG1188420|-36|-57|CG1188421|-30|-56|CG1188422|-29|-56|CG1188421|-30|-56|CG1188420|-36|-57|CG1188421|-30|-56|CG1188422|-29|-56|CG1188421|-30|-56
451|2|1|1000|6|CG1188427|-33|-54|CG1188428|-30|-57|CG1188429|-28|-55|CG1188430|-29|-53|CG1188431|-28|-57|CG1188432|-32|-55
451|2|2|600|5|CG1325469|-119|-113|CG1325470|-90|-142|CG1325471|-82|-174|CG1325472|-99|-116|CG1325473|-109|-103
451|2|3|510|6|CG1188804|-23|-57|CG1188805|-16|-56|CG1188806|-29|-55|CG1188807|-30|-58|CG1188808|-29|-56|CG1188809|-19|-56
451|2|4|
451|2|5|1000|14|CG1188390|-39|-54|CG1188390|-39|-54|CG1188391|-30|-54|CG1188391|-30|-54|CG1188392|-19|-52|CG1188392|-19|-52|CG1188393|-20|-52|CG1188393|-20|-52|CG1188394|-24|-52|CG1188394|-24|-52|CG1188394|-24|-52|CG1188394|-24|-52|CG1188395|-26|-54|CG1188395|-26|-54
451|2|6|2091|24|CG1188409|-31|-54|CG1188409|-31|-54|CG1188410|-34|-60|CG1188410|-34|-60|CG1188411|-34|-49|CG1188411|-34|-49|CG1188412|-36|-39|CG1188412|-36|-39|CG1188413|-36|-38|CG1188413|-36|-38|CG1188413|-36|-38|CG1188413|-36|-38|CG1188413|-36|-38|CG1188413|-36|-38|CG1188414|-36|-38|CG1188415|-35|-35|CG1188416|-35|-31|CG1188416|-35|-31|CG1188416|-35|-31|CG1188416|-35|-31|CG1188415|-35|-35|CG1188415|-35|-35|CG1188414|-36|-38|CG1188414|-36|-38
451|2|7|1394|13|CG1188845|-14|-56|CG1188845|-14|-56|CG1188846|-16|-58|CG1188846|-16|-58|CG1188847|-15|-58|CG1188847|-15|-58|CG1188848|-13|-59|CG1188849|-19|-59|CG1188850|-33|-53|CG1188851|-35|-57|CG1188851|-35|-57|CG1188852|-19|-58|CG1188852|-19|-58
451|2|8|1000|2|CG1188404|-33|-54|CG1188405|-50|-32
451|2|9|1000|1|CG1188406|-36|-50
451|2|10|1190|6|CG1188398|-31|-57|CG1188399|-30|-54|CG1188400|-18|-60|CG1188401|-32|-51|CG1188402|-31|-39|CG1188403|-30|-38
451|3|0|6086|40|CG1188465|-35|-56|CG1188466|-36|-56|CG1188467|-34|-56|CG1188466|-36|-56|CG1188465|-35|-56|CG1188468|-35|-57|CG1188469|-33|-57|CG1188469|-33|-57|CG1188469|-33|-57|CG1188469|-33|-57|CG1188468|-35|-57|CG1188465|-35|-56|CG1188466|-36|-56|CG1188467|-34|-56|CG1188466|-36|-56|CG1188465|-35|-56|CG1188466|-36|-56|CG1188467|-34|-56|CG1188466|-36|-56|CG1188465|-35|-56|CG1188468|-35|-57|CG1188469|-33|-57|CG1188469|-33|-57|CG1188469|-33|-57|CG1188468|-35|-57|CG1188465|-35|-56|CG1188468|-35|-57|CG1188469|-33|-57|CG1188469|-33|-57|CG1188469|-33|-57|CG1188469|-33|-57|CG1188468|-35|-57|CG1188465|-35|-56|CG1188466|-36|-56|CG1188467|-34|-56|CG1188466|-36|-56|CG1188465|-35|-56|CG1188466|-36|-56|CG1188467|-34|-56|CG1188466|-36|-56
451|3|1|1000|6|CG1188472|-32|-54|CG1188473|-34|-57|CG1188474|-37|-55|CG1188475|-37|-53|CG1188476|-36|-58|CG1188477|-34|-56
451|3|2|600|5|CG1325525|-125|-117|CG1325526|-119|-165|CG1325527|-116|-175|CG1325528|-58|-136|CG1325529|-81|-129
451|3|3|510|6|CG1188872|-25|-54|CG1188873|-20|-52|CG1188874|-21|-52|CG1188875|-27|-55|CG1188876|-20|-52|CG1188877|-22|-52
451|3|4|
451|3|5|1000|14|CG1188435|-29|-56|CG1188435|-29|-56|CG1188436|-23|-54|CG1188436|-23|-54|CG1188437|-20|-52|CG1188437|-20|-52|CG1188438|-25|-54|CG1188438|-25|-54|CG1188439|-30|-56|CG1188439|-30|-56|CG1188439|-30|-56|CG1188439|-30|-56|CG1188440|-36|-58|CG1188440|-36|-58
451|3|6|2091|24|CG1188454|-38|-52|CG1188454|-38|-52|CG1188455|-31|-57|CG1188455|-31|-57|CG1188456|-39|-50|CG1188456|-39|-50|CG1188457|-38|-42|CG1188457|-38|-42|CG1188458|-37|-38|CG1188458|-37|-38|CG1188458|-37|-38|CG1188458|-37|-38|CG1188458|-37|-38|CG1188458|-37|-38|CG1188459|-38|-43|CG1188460|-38|-42|CG1188461|-48|-41|CG1188461|-48|-41|CG1188461|-48|-41|CG1188461|-48|-41|CG1188460|-38|-42|CG1188460|-38|-42|CG1188459|-38|-43|CG1188459|-38|-43
451|3|7|1394|13|CG1188913|-14|-56|CG1188913|-14|-56|CG1188914|-15|-55|CG1188914|-15|-55|CG1188915|-14|-56|CG1188915|-14|-56|CG1188916|-9|-54|CG1188917|-11|-59|CG1188918|-24|-56|CG1188919|-17|-59|CG1188919|-17|-59|CG1188920|-13|-56|CG1188920|-13|-56
451|3|8|1000|2|CG1188449|-30|-50|CG1188450|-53|-36
451|3|9|1000|1|CG1188451|-24|-52
451|3|10|1190|6|CG1188443|-35|-57|CG1188444|-38|-55|CG1188445|-21|-52|CG1188446|-20|-44|CG1188447|-18|-30|CG1188448|-19|-30
451|4|0|6086|40|CG1188510|-21|-56|CG1188511|-27|-56|CG1188512|-30|-56|CG1188511|-27|-56|CG1188510|-21|-56|CG1188513|-23|-57|CG1188514|-24|-57|CG1188514|-24|-57|CG1188514|-24|-57|CG1188514|-24|-57|CG1188513|-23|-57|CG1188510|-21|-56|CG1188511|-27|-56|CG1188512|-30|-56|CG1188511|-27|-56|CG1188510|-21|-56|CG1188511|-27|-56|CG1188512|-30|-56|CG1188511|-27|-56|CG1188510|-21|-56|CG1188513|-23|-57|CG1188514|-24|-57|CG1188514|-24|-57|CG1188514|-24|-57|CG1188513|-23|-57|CG1188510|-21|-56|CG1188513|-23|-57|CG1188514|-24|-57|CG1188514|-24|-57|CG1188514|-24|-57|CG1188514|-24|-57|CG1188513|-23|-57|CG1188510|-21|-56|CG1188511|-27|-56|CG1188512|-30|-56|CG1188511|-27|-56|CG1188510|-21|-56|CG1188511|-27|-56|CG1188512|-30|-56|CG1188511|-27|-56
451|4|1|1000|6|CG1188517|-25|-53|CG1188518|-22|-57|CG1188519|-27|-55|CG1188520|-29|-53|CG1188521|-26|-57|CG1188522|-21|-55
451|4|2|600|5|CG1325581|-118|-123|CG1325582|-92|-162|CG1325583|-82|-152|CG1325584|-98|-119|CG1325585|-112|-122
451|4|3|510|6|CG1188940|-30|-51|CG1188941|-27|-47|CG1188942|-19|-48|CG1188943|-23|-52|CG1188944|-16|-48|CG1188945|-26|-48
451|4|4|
451|4|5|1000|14|CG1188480|-27|-58|CG1188480|-27|-58|CG1188481|-41|-55|CG1188481|-41|-55|CG1188482|-21|-53|CG1188482|-21|-53|CG1188483|-24|-57|CG1188483|-24|-57|CG1188484|-29|-60|CG1188484|-29|-60|CG1188484|-29|-60|CG1188484|-29|-60|CG1188485|-33|-60|CG1188485|-33|-60
451|4|6|2091|24|CG1188499|-28|-50|CG1188499|-28|-50|CG1188500|-31|-58|CG1188500|-31|-58|CG1188501|-31|-44|CG1188501|-31|-44|CG1188502|-36|-46|CG1188502|-36|-46|CG1188503|-35|-38|CG1188503|-35|-38|CG1188503|-35|-38|CG1188503|-35|-38|CG1188503|-35|-38|CG1188503|-35|-38|CG1188504|-35|-48|CG1188505|-36|-50|CG1188506|-47|-50|CG1188506|-47|-50|CG1188506|-47|-50|CG1188506|-47|-50|CG1188505|-36|-50|CG1188505|-36|-50|CG1188504|-35|-48|CG1188504|-35|-48
451|4|7|1394|13|CG1188981|-14|-56|CG1188981|-14|-56|CG1188982|-14|-53|CG1188982|-14|-53|CG1188983|-13|-55|CG1188983|-13|-55|CG1188984|-8|-48|CG1188985|-11|-57|CG1188986|-28|-57|CG1188987|-30|-59|CG1188987|-30|-59|CG1188988|-20|-55|CG1188988|-20|-55
451|4|8|1000|2|CG1188494|-13|-45|CG1188495|-42|-50
451|4|9|1000|1|CG1188496|-22|-50
451|4|10|1190|6|CG1188488|-23|-57|CG1188489|-28|-57|CG1188490|-22|-44|CG1188491|-15|-35|CG1188492|-16|-23|CG1188493|-16|-20
451|5|0|6086|40|CG1188555|-26|-56|CG1188556|-28|-56|CG1188557|-28|-56|CG1188556|-28|-56|CG1188555|-26|-56|CG1188558|-27|-57|CG1188559|-27|-57|CG1188559|-27|-57|CG1188559|-27|-57|CG1188559|-27|-57|CG1188558|-27|-57|CG1188555|-26|-56|CG1188556|-28|-56|CG1188557|-28|-56|CG1188556|-28|-56|CG1188555|-26|-56|CG1188556|-28|-56|CG1188557|-28|-56|CG1188556|-28|-56|CG1188555|-26|-56|CG1188558|-27|-57|CG1188559|-27|-57|CG1188559|-27|-57|CG1188559|-27|-57|CG1188558|-27|-57|CG1188555|-26|-56|CG1188558|-27|-57|CG1188559|-27|-57|CG1188559|-27|-57|CG1188559|-27|-57|CG1188559|-27|-57|CG1188558|-27|-57|CG1188555|-26|-56|CG1188556|-28|-56|CG1188557|-28|-56|CG1188556|-28|-56|CG1188555|-26|-56|CG1188556|-28|-56|CG1188557|-28|-56|CG1188556|-28|-56
451|5|1|1000|6|CG1188562|-24|-53|CG1188563|-26|-57|CG1188564|-23|-55|CG1188565|-19|-53|CG1188566|-22|-57|CG1188567|-24|-55
451|5|2|600|5|CG1325637|-87|-102|CG1325638|-101|-134|CG1325639|-81|-118|CG1325640|-146|-102|CG1325641|-132|-115
451|5|3|510|6|CG1189008|-23|-50|CG1189009|-28|-46|CG1189010|-15|-47|CG1189011|-13|-50|CG1189012|-16|-45|CG1189013|-26|-46
451|5|4|
451|5|5|1000|14|CG1188525|-17|-59|CG1188525|-17|-59|CG1188526|-52|-57|CG1188526|-52|-57|CG1188527|-31|-56|CG1188527|-31|-56|CG1188528|-27|-59|CG1188528|-27|-59|CG1188529|-22|-60|CG1188529|-22|-60|CG1188529|-22|-60|CG1188529|-22|-60|CG1188530|-19|-65|CG1188530|-19|-65
451|5|6|2091|24|CG1188544|-25|-49|CG1188544|-25|-49|CG1188545|-35|-58|CG1188545|-35|-58|CG1188546|-31|-46|CG1188546|-31|-46|CG1188547|-21|-47|CG1188547|-21|-47|CG1188548|-19|-38|CG1188548|-19|-38|CG1188548|-19|-38|CG1188548|-19|-38|CG1188548|-19|-38|CG1188548|-19|-38|CG1188549|-21|-50|CG1188550|-23|-53|CG1188551|-24|-54|CG1188551|-24|-54|CG1188551|-24|-54|CG1188551|-24|-54|CG1188550|-23|-53|CG1188550|-23|-53|CG1188549|-21|-50|CG1188549|-21|-50
451|5|7|1394|13|CG1189049|-15|-56|CG1189049|-15|-56|CG1189050|-15|-52|CG1189050|-15|-52|CG1189051|-15|-55|CG1189051|-15|-55|CG1189052|-14|-45|CG1189053|-26|-54|CG1189054|-20|-54|CG1189055|-31|-58|CG1189055|-31|-58|CG1189056|-28|-55|CG1189056|-28|-55
451|5|8|1000|2|CG1188539|-24|-43|CG1188540|-26|-55
451|5|9|1000|1|CG1188541|-17|-43
451|5|10|1190|6|CG1188533|-29|-57|CG1188534|-27|-57|CG1188535|-29|-40|CG1188536|-30|-29|CG1188537|-31|-19|CG1188538|-31|-15
451|6|0|6086|40|CG1188600|-22|-56|CG1188601|-20|-56|CG1188602|-16|-56|CG1188601|-20|-56|CG1188600|-22|-56|CG1188603|-21|-57|CG1188604|-21|-57|CG1188604|-21|-57|CG1188604|-21|-57|CG1188604|-21|-57|CG1188603|-21|-57|CG1188600|-22|-56|CG1188601|-20|-56|CG1188602|-16|-56|CG1188601|-20|-56|CG1188600|-22|-56|CG1188601|-20|-56|CG1188602|-16|-56|CG1188601|-20|-56|CG1188600|-22|-56|CG1188603|-21|-57|CG1188604|-21|-57|CG1188604|-21|-57|CG1188604|-21|-57|CG1188603|-21|-57|CG1188600|-22|-56|CG1188603|-21|-57|CG1188604|-21|-57|CG1188604|-21|-57|CG1188604|-21|-57|CG1188604|-21|-57|CG1188603|-21|-57|CG1188600|-22|-56|CG1188601|-20|-56|CG1188602|-16|-56|CG1188601|-20|-56|CG1188600|-22|-56|CG1188601|-20|-56|CG1188602|-16|-56|CG1188601|-20|-56
451|6|1|1000|6|CG1188607|-25|-53|CG1188608|-20|-57|CG1188609|-23|-55|CG1188610|-23|-53|CG1188611|-23|-57|CG1188612|-19|-55
451|6|2|600|5|CG1325693|-56|-115|CG1325694|-66|-158|CG1325695|-93|-143|CG1325696|-109|-126|CG1325697|-81|-115
451|6|3|510|6|CG1189076|-23|-52|CG1189077|-23|-48|CG1189078|-22|-48|CG1189079|-19|-51|CG1189080|-22|-47|CG1189081|-21|-48
451|6|4|
451|6|5|1000|14|CG1188570|-28|-58|CG1188570|-28|-58|CG1188571|-34|-67|CG1188571|-34|-67|CG1188572|-35|-58|CG1188572|-35|-58|CG1188573|-33|-59|CG1188573|-33|-59|CG1188574|-25|-62|CG1188574|-25|-62|CG1188574|-25|-62|CG1188574|-25|-62|CG1188575|-24|-63|CG1188575|-24|-63
451|6|6|2091|24|CG1188589|-19|-50|CG1188589|-19|-50|CG1188590|-26|-58|CG1188590|-26|-58|CG1188591|-21|-44|CG1188591|-21|-44|CG1188592|-19|-46|CG1188592|-19|-46|CG1188593|-18|-38|CG1188593|-18|-38|CG1188593|-18|-38|CG1188593|-18|-38|CG1188593|-18|-38|CG1188593|-18|-38|CG1188594|-20|-48|CG1188595|-19|-50|CG1188596|-18|-50|CG1188596|-18|-50|CG1188596|-18|-50|CG1188596|-18|-50|CG1188595|-19|-50|CG1188595|-19|-50|CG1188594|-20|-48|CG1188594|-20|-48
451|6|7|1394|13|CG1189117|-24|-56|CG1189117|-24|-56|CG1189118|-23|-53|CG1189118|-23|-53|CG1189119|-24|-55|CG1189119|-24|-55|CG1189120|-26|-47|CG1189121|-30|-51|CG1189122|-22|-50|CG1189123|-26|-56|CG1189123|-26|-56|CG1189124|-25|-55|CG1189124|-25|-55
451|6|8|1000|2|CG1188584|-25|-44|CG1188585|-16|-50
451|6|9|1000|1|CG1188586|-23|-43
451|6|10|1190|6|CG1188578|-22|-57|CG1188579|-17|-57|CG1188580|-31|-44|CG1188581|-46|-23|CG1188582|-46|-23|CG1188583|-47|-18
451|7|0|6086|40|CG1188645|-32|-56|CG1188646|-29|-56|CG1188647|-26|-56|CG1188646|-29|-56|CG1188645|-32|-56|CG1188648|-32|-57|CG1188649|-32|-57|CG1188649|-32|-57|CG1188649|-32|-57|CG1188649|-32|-57|CG1188648|-32|-57|CG1188645|-32|-56|CG1188646|-29|-56|CG1188647|-26|-56|CG1188646|-29|-56|CG1188645|-32|-56|CG1188646|-29|-56|CG1188647|-26|-56|CG1188646|-29|-56|CG1188645|-32|-56|CG1188648|-32|-57|CG1188649|-32|-57|CG1188649|-32|-57|CG1188649|-32|-57|CG1188648|-32|-57|CG1188645|-32|-56|CG1188648|-32|-57|CG1188649|-32|-57|CG1188649|-32|-57|CG1188649|-32|-57|CG1188649|-32|-57|CG1188648|-32|-57|CG1188645|-32|-56|CG1188646|-29|-56|CG1188647|-26|-56|CG1188646|-29|-56|CG1188645|-32|-56|CG1188646|-29|-56|CG1188647|-26|-56|CG1188646|-29|-56
451|7|1|1000|6|CG1188652|-32|-53|CG1188653|-31|-57|CG1188654|-28|-55|CG1188655|-28|-54|CG1188656|-28|-57|CG1188657|-31|-55
451|7|2|600|5|CG1325749|-65|-111|CG1325750|-73|-164|CG1325751|-68|-170|CG1325752|-60|-150|CG1325753|-60|-127
451|7|3|510|6|CG1189144|-28|-55|CG1189145|-26|-52|CG1189146|-24|-52|CG1189147|-25|-54|CG1189148|-26|-51|CG1189149|-24|-52
451|7|4|
451|7|5|1000|14|CG1188615|-26|-56|CG1188615|-26|-56|CG1188616|-27|-73|CG1188616|-27|-73|CG1188617|-31|-58|CG1188617|-31|-58|CG1188618|-29|-59|CG1188618|-29|-59|CG1188619|-24|-63|CG1188619|-24|-63|CG1188619|-24|-63|CG1188619|-24|-63|CG1188620|-29|-53|CG1188620|-29|-53
451|7|6|2091|24|CG1188634|-27|-52|CG1188634|-27|-52|CG1188635|-23|-57|CG1188635|-23|-57|CG1188636|-16|-44|CG1188636|-16|-44|CG1188637|-11|-42|CG1188637|-11|-42|CG1188638|-13|-38|CG1188638|-13|-38|CG1188638|-13|-38|CG1188638|-13|-38|CG1188638|-13|-38|CG1188638|-13|-38|CG1188639|-12|-43|CG1188640|-12|-49|CG1188641|-12|-41|CG1188641|-12|-41|CG1188641|-12|-41|CG1188641|-12|-41|CG1188640|-12|-49|CG1188640|-12|-49|CG1188639|-12|-43|CG1188639|-12|-43
451|7|7|1394|13|CG1189185|-28|-56|CG1189185|-28|-56|CG1189186|-27|-55|CG1189186|-27|-55|CG1189187|-28|-56|CG1189187|-28|-56|CG1189188|-31|-52|CG1189189|-33|-51|CG1189190|-33|-47|CG1189191|-30|-55|CG1189191|-30|-55|CG1189192|-17|-56|CG1189192|-17|-56
451|7|8|1000|2|CG1188629|-32|-48|CG1188630|-12|-42
451|7|9|1000|1|CG1188631|-27|-47
451|7|10|1190|6|CG1188623|-32|-57|CG1188624|-26|-55|CG1188625|-37|-52|CG1188626|-58|-33|CG1188627|-58|-28|CG1188628|-59|-23
