503|0|0|1394|4|CG1210331|-31|-99|CG1210332|-31|-99|CG1210333|-31|-99|CG1210334|-31|-99
503|0|1|1000|6|CG1210337|-53|-74|CG1210338|-53|-75|CG1210339|-60|-74|CG1210340|-66|-72|CG1210341|-59|-74|CG1210342|-52|-74
503|0|2|600|5|CG1325357|-54|-113|CG1325358|-66|-144|CG1325359|-95|-176|CG1325360|-103|-137|CG1325361|-78|-106
503|0|3|510|6|CG1210302|-65|-76|CG1210303|-62|-75|CG1210304|-50|-79|CG1210305|-39|-75|CG1210306|-51|-75|CG1210307|-62|-79
503|0|4|
503|0|5|1292|17|CG1210292|-35|-96|CG1210294|-22|-101|CG1210294|-22|-101|CG1210295|-20|-100|CG1210295|-20|-100|CG1210296|-18|-93|CG1210296|-18|-93|CG1210297|-41|-79|CG1210298|-94|-80|CG1210299|-96|-80|CG1210299|-96|-80|CG1210300|-93|-80|CG1210300|-93|-80|CG1210301|-42|-80|CG1210301|-42|-80|CG1210293|-40|-77|CG1210293|-40|-77
503|0|6|2091|21|CG1210321|-35|-76|CG1210321|-35|-76|CG1210322|-39|-76|CG1210322|-39|-76|CG1210323|-39|-76|CG1210323|-39|-76|CG1210324|-46|-77|CG1210325|-50|-77|CG1210325|-50|-77|CG1210325|-50|-77|CG1210325|-50|-77|CG1210325|-50|-77|CG1210325|-50|-77|CG1210325|-50|-77|CG1210325|-50|-77|CG1210325|-50|-77|CG1210326|-46|-78|CG1210327|-42|-79|CG1210327|-42|-79|CG1210327|-42|-79|CG1210327|-42|-79
503|0|7|1190|9|CG1208956|-36|-75|CG1208957|-40|-68|CG1208958|-36|-60|CG1208959|-23|-71|CG1208960|-38|-70|CG1208961|-46|-78|CG1208962|-52|-72|CG1208963|-45|-79|CG1208964|-38|-77
503|0|8|1000|2|CG1210316|-63|-68|CG1210317|-33|-75
503|0|9|1000|1|CG1210318|-31|-73
503|0|10|1000|6|CG1210310|-36|-117|CG1210311|-49|-119|CG1210312|-66|-85|CG1210313|-63|-65|CG1210314|-61|-69|CG1210315|-64|-65
503|1|0|1394|4|CG1210384|-35|-96|CG1210385|-35|-96|CG1210386|-35|-97|CG1210387|-35|-96
503|1|1|1000|6|CG1210390|-70|-65|CG1210391|-69|-67|CG1210392|-64|-66|CG1210393|-56|-67|CG1210394|-64|-67|CG1210395|-68|-66
503|1|2|600|5|CG1325413|-100|-113|CG1325414|-102|-107|CG1325415|-90|-159|CG1325416|-142|-98|CG1325417|-131|-103
503|1|3|510|6|CG1210355|-54|-67|CG1210356|-61|-68|CG1210357|-65|-71|CG1210358|-64|-67|CG1210359|-65|-68|CG1210360|-61|-71
503|1|4|
503|1|5|1292|17|CG1210345|-32|-93|CG1210347|-25|-97|CG1210347|-25|-97|CG1210348|-33|-94|CG1210348|-33|-94|CG1210349|-39|-88|CG1210349|-39|-88|CG1210350|-48|-84|CG1210351|-52|-97|CG1210352|-52|-99|CG1210352|-52|-99|CG1210353|-52|-97|CG1210353|-52|-97|CG1210354|-45|-86|CG1210354|-45|-86|CG1210346|-43|-82|CG1210346|-43|-82
503|1|6|2091|21|CG1210374|-33|-67|CG1210374|-33|-67|CG1210375|-28|-69|CG1210375|-28|-69|CG1210376|-26|-68|CG1210376|-26|-68|CG1210377|-27|-73|CG1210378|-28|-76|CG1210378|-28|-76|CG1210378|-28|-76|CG1210378|-28|-76|CG1210378|-28|-76|CG1210378|-28|-76|CG1210378|-28|-76|CG1210378|-28|-76|CG1210378|-28|-76|CG1210379|-31|-72|CG1210380|-34|-72|CG1210380|-34|-72|CG1210380|-34|-72|CG1210380|-34|-72
503|1|7|1190|9|CG1209024|-30|-69|CG1209025|-26|-66|CG1209026|-33|-65|CG1209027|-34|-72|CG1209028|-27|-75|CG1209029|-39|-79|CG1209030|-35|-73|CG1209031|-34|-73|CG1209032|-30|-73
503|1|8|1000|2|CG1210369|-34|-76|CG1210370|-37|-70
503|1|9|1000|1|CG1210371|-31|-70
503|1|10|1000|6|CG1210363|-41|-118|CG1210364|-51|-110|CG1210365|-49|-79|CG1210366|-42|-68|CG1210367|-44|-65|CG1210368|-41|-55
503|2|0|1394|4|CG1210437|-31|-88|CG1210438|-30|-88|CG1210439|-30|-88|CG1210440|-30|-88
503|2|1|1000|6|CG1210443|-47|-73|CG1210444|-46|-75|CG1210445|-32|-79|CG1210446|-24|-81|CG1210447|-34|-81|CG1210448|-46|-74
503|2|2|600|5|CG1325469|-119|-113|CG1325470|-90|-142|CG1325471|-82|-174|CG1325472|-99|-116|CG1325473|-109|-103
503|2|3|510|6|CG1210408|-34|-75|CG1210409|-31|-75|CG1210410|-43|-79|CG1210411|-52|-76|CG1210412|-42|-76|CG1210413|-28|-79
503|2|4|
503|2|5|1292|17|CG1210398|-23|-79|CG1210400|-35|-80|CG1210400|-35|-80|CG1210401|-36|-82|CG1210401|-36|-82|CG1210402|-41|-74|CG1210402|-41|-74|CG1210403|-59|-79|CG1210404|-44|-80|CG1210405|-29|-80|CG1210405|-29|-80|CG1210406|-33|-80|CG1210406|-33|-80|CG1210407|-35|-76|CG1210407|-35|-76|CG1210399|-31|-75|CG1210399|-31|-75
503|2|6|2091|21|CG1210427|-23|-77|CG1210427|-23|-77|CG1210428|-21|-77|CG1210428|-21|-77|CG1210429|-20|-76|CG1210429|-20|-76|CG1210430|-21|-75|CG1210431|-22|-75|CG1210431|-22|-75|CG1210431|-22|-75|CG1210431|-22|-75|CG1210431|-22|-75|CG1210431|-22|-75|CG1210431|-22|-75|CG1210431|-22|-75|CG1210431|-22|-75|CG1210432|-24|-72|CG1210433|-25|-72|CG1210433|-25|-72|CG1210433|-25|-72|CG1210433|-25|-72
503|2|7|1190|9|CG1209092|-23|-78|CG1209093|-34|-74|CG1209094|-34|-69|CG1209095|-44|-69|CG1209096|-49|-77|CG1209097|-20|-75|CG1209098|-16|-79|CG1209099|-17|-78|CG1209100|-18|-80
503|2|8|1000|2|CG1210422|-27|-78|CG1210423|-58|-61
503|2|9|1000|1|CG1210424|-32|-78
503|2|10|1000|6|CG1210416|-39|-112|CG1210417|-30|-87|CG1210418|-29|-52|CG1210419|-27|-64|CG1210420|-25|-60|CG1210421|-28|-48
503|3|0|1394|4|CG1210490|-28|-79|CG1210491|-28|-79|CG1210492|-28|-79|CG1210493|-28|-79
503|3|1|1000|6|CG1210496|-27|-79|CG1210497|-39|-82|CG1210498|-30|-82|CG1210499|-27|-80|CG1210500|-41|-84|CG1210501|-28|-81
503|3|2|600|5|CG1325525|-125|-117|CG1325526|-119|-165|CG1325527|-116|-175|CG1325528|-58|-136|CG1325529|-81|-129
503|3|3|510|6|CG1210461|-46|-74|CG1210462|-41|-71|CG1210463|-38|-82|CG1210464|-45|-81|CG1210465|-39|-79|CG1210466|-38|-77
503|3|4|
503|3|5|1292|17|CG1210451|-30|-81|CG1210453|-34|-78|CG1210453|-34|-78|CG1210454|-45|-74|CG1210454|-45|-74|CG1210455|-60|-74|CG1210455|-60|-74|CG1210456|-40|-78|CG1210457|-24|-78|CG1210458|-18|-73|CG1210458|-18|-73|CG1210459|-27|-78|CG1210459|-27|-78|CG1210460|-38|-79|CG1210460|-38|-79|CG1210452|-34|-78|CG1210452|-34|-78
503|3|6|2091|21|CG1210480|-30|-80|CG1210480|-30|-80|CG1210481|-33|-80|CG1210481|-33|-80|CG1210482|-33|-80|CG1210482|-33|-80|CG1210483|-33|-79|CG1210484|-40|-78|CG1210484|-40|-78|CG1210484|-40|-78|CG1210484|-40|-78|CG1210484|-40|-78|CG1210484|-40|-78|CG1210484|-40|-78|CG1210484|-40|-78|CG1210484|-40|-78|CG1210485|-39|-77|CG1210486|-33|-77|CG1210486|-33|-77|CG1210486|-33|-77|CG1210486|-33|-77
503|3|7|1190|9|CG1209160|-30|-80|CG1209161|-36|-77|CG1209162|-55|-73|CG1209163|-61|-69|CG1209164|-43|-75|CG1209165|-21|-72|CG1209166|-10|-72|CG1209167|-20|-74|CG1209168|-21|-77
503|3|8|1000|2|CG1210475|-32|-70|CG1210476|-50|-70
503|3|9|1000|1|CG1210477|-40|-79
503|3|10|1000|6|CG1210469|-36|-102|CG1210470|-35|-76|CG1210471|-27|-46|CG1210472|-24|-53|CG1210473|-25|-48|CG1210474|-27|-35
503|4|0|1394|4|CG1210543|-31|-78|CG1210544|-31|-78|CG1210545|-32|-78|CG1210546|-31|-78
503|4|1|1000|6|CG1210549|-28|-75|CG1210550|-28|-80|CG1210551|-29|-79|CG1210552|-29|-75|CG1210553|-30|-79|CG1210554|-29|-79
503|4|2|600|5|CG1325581|-118|-123|CG1325582|-92|-162|CG1325583|-82|-152|CG1325584|-98|-119|CG1325585|-112|-122
503|4|3|510|6|CG1210514|-34|-64|CG1210515|-30|-59|CG1210516|-29|-73|CG1210517|-32|-77|CG1210518|-28|-70|CG1210519|-32|-66
503|4|4|
503|4|5|1292|17|CG1210504|-39|-74|CG1210506|-45|-74|CG1210506|-45|-74|CG1210507|-55|-70|CG1210507|-55|-70|CG1210508|-62|-72|CG1210508|-62|-72|CG1210509|-39|-71|CG1210510|-4|-80|CG1210511|0|-64|CG1210511|0|-64|CG1210512|-25|-62|CG1210512|-25|-62|CG1210513|-32|-69|CG1210513|-32|-69|CG1210505|-34|-68|CG1210505|-34|-68
503|4|6|2091|21|CG1210533|-35|-74|CG1210533|-35|-74|CG1210534|-37|-76|CG1210534|-37|-76|CG1210535|-37|-77|CG1210535|-37|-77|CG1210536|-37|-77|CG1210537|-42|-76|CG1210537|-42|-76|CG1210537|-42|-76|CG1210537|-42|-76|CG1210537|-42|-76|CG1210537|-42|-76|CG1210537|-42|-76|CG1210537|-42|-76|CG1210537|-42|-76|CG1210538|-35|-74|CG1210539|-37|-73|CG1210539|-37|-73|CG1210539|-37|-73|CG1210539|-37|-73
503|4|7|1190|9|CG1209228|-40|-73|CG1209229|-51|-73|CG1209230|-57|-71|CG1209231|-52|-69|CG1209232|-49|-67|CG1209233|-26|-59|CG1209234|-6|-54|CG1209235|-21|-60|CG1209236|-37|-67
503|4|8|1000|2|CG1210528|-27|-66|CG1210529|-55|-80
503|4|9|1000|1|CG1210530|-40|-72
503|4|10|1000|6|CG1210522|-37|-94|CG1210523|-31|-70|CG1210524|-32|-44|CG1210525|-30|-42|CG1210526|-31|-48|CG1210527|-32|-29
503|5|0|1394|4|CG1210596|-34|-78|CG1210597|-34|-78|CG1210598|-34|-78|CG1210599|-34|-78
503|5|1|1000|6|CG1210602|-36|-65|CG1210603|-35|-71|CG1210604|-35|-69|CG1210605|-34|-65|CG1210606|-35|-69|CG1210607|-36|-69
503|5|2|600|5|CG1325637|-87|-102|CG1325638|-101|-134|CG1325639|-81|-118|CG1325640|-146|-102|CG1325641|-132|-115
503|5|3|510|6|CG1210567|-39|-64|CG1210568|-36|-58|CG1210569|-33|-62|CG1210570|-32|-64|CG1210571|-33|-62|CG1210572|-36|-62
503|5|4|
503|5|5|1292|17|CG1210557|-41|-65|CG1210559|-41|-72|CG1210559|-41|-72|CG1210560|-40|-82|CG1210560|-40|-82|CG1210561|-40|-81|CG1210561|-40|-81|CG1210562|-27|-78|CG1210563|-14|-72|CG1210564|-10|-58|CG1210564|-10|-58|CG1210565|-14|-53|CG1210565|-14|-53|CG1210566|-23|-75|CG1210566|-23|-75|CG1210558|-27|-72|CG1210558|-27|-72
503|5|6|2091|21|CG1210586|-37|-64|CG1210586|-37|-64|CG1210587|-50|-67|CG1210587|-50|-67|CG1210588|-61|-69|CG1210588|-61|-69|CG1210589|-58|-69|CG1210590|-52|-67|CG1210590|-52|-67|CG1210590|-52|-67|CG1210590|-52|-67|CG1210590|-52|-67|CG1210590|-52|-67|CG1210590|-52|-67|CG1210590|-52|-67|CG1210590|-52|-67|CG1210591|-60|-65|CG1210592|-70|-63|CG1210592|-70|-63|CG1210592|-70|-63|CG1210592|-70|-63
503|5|7|1190|9|CG1209296|-38|-64|CG1209297|-42|-69|CG1209298|-35|-77|CG1209299|-29|-84|CG1209300|-32|-76|CG1209301|-26|-64|CG1209302|-26|-47|CG1209303|-50|-54|CG1209304|-50|-59
503|5|8|1000|2|CG1210581|-34|-63|CG1210582|-43|-75
503|5|9|1000|1|CG1210583|-69|-65
503|5|10|1000|6|CG1210575|-39|-93|CG1210576|-58|-63|CG1210577|-65|-45|CG1210578|-54|-38|CG1210579|-61|-48|CG1210580|-81|-28
503|6|0|1394|4|CG1210649|-36|-87|CG1210650|-36|-86|CG1210651|-36|-86|CG1210652|-36|-86
503|6|1|1000|6|CG1210655|-39|-75|CG1210656|-37|-77|CG1210657|-35|-76|CG1210658|-32|-75|CG1210659|-35|-78|CG1210660|-37|-77
503|6|2|600|5|CG1325693|-56|-115|CG1325694|-66|-158|CG1325695|-93|-143|CG1325696|-109|-126|CG1325697|-81|-115
503|6|3|510|6|CG1210620|-38|-65|CG1210621|-42|-61|CG1210622|-37|-65|CG1210623|-33|-64|CG1210624|-39|-61|CG1210625|-39|-67
503|6|4|
503|6|5|1292|17|CG1210610|-68|-74|CG1210612|-52|-82|CG1210612|-52|-82|CG1210613|-38|-87|CG1210613|-38|-87|CG1210614|-41|-85|CG1210614|-41|-85|CG1210615|-58|-79|CG1210616|-107|-58|CG1210617|-111|-58|CG1210617|-111|-58|CG1210618|-107|-58|CG1210618|-107|-58|CG1210619|-63|-78|CG1210619|-63|-78|CG1210611|-63|-79|CG1210611|-63|-79
503|6|6|2091|21|CG1210639|-77|-71|CG1210639|-77|-71|CG1210640|-83|-74|CG1210640|-83|-74|CG1210641|-85|-75|CG1210641|-85|-75|CG1210642|-84|-70|CG1210643|-82|-64|CG1210643|-82|-64|CG1210643|-82|-64|CG1210643|-82|-64|CG1210643|-82|-64|CG1210643|-82|-64|CG1210643|-82|-64|CG1210643|-82|-64|CG1210643|-82|-64|CG1210644|-82|-63|CG1210645|-81|-65|CG1210645|-81|-65|CG1210645|-81|-65|CG1210645|-81|-65
503|6|7|1190|9|CG1209364|-29|-72|CG1209365|-22|-79|CG1209366|-27|-84|CG1209367|-29|-85|CG1209368|-43|-78|CG1209369|-65|-67|CG1209370|-68|-52|CG1209371|-61|-57|CG1209372|-41|-66
503|6|8|1000|2|CG1210634|-34|-64|CG1210635|-68|-74
503|6|9|1000|1|CG1210636|-72|-76
503|6|10|1000|6|CG1210628|-37|-100|CG1210629|-74|-89|CG1210630|-108|-47|CG1210631|-109|-42|CG1210632|-113|-48|CG1210633|-121|-29
503|7|0|1394|4|CG1210702|-29|-95|CG1210703|-30|-95|CG1210704|-30|-95|CG1210705|-30|-95
503|7|1|1000|6|CG1210708|-34|-79|CG1210709|-31|-81|CG1210710|-31|-80|CG1210711|-36|-78|CG1210712|-31|-81|CG1210713|-31|-80
503|7|2|600|5|CG1325749|-65|-111|CG1325750|-73|-164|CG1325751|-68|-170|CG1325752|-60|-150|CG1325753|-60|-127
503|7|3|510|6|CG1210673|-37|-75|CG1210674|-30|-72|CG1210675|-29|-76|CG1210676|-32|-74|CG1210677|-29|-72|CG1210678|-31|-78
503|7|4|
503|7|5|1292|17|CG1210663|-59|-81|CG1210665|-41|-92|CG1210665|-41|-92|CG1210666|-26|-95|CG1210666|-26|-95|CG1210667|-30|-87|CG1210667|-30|-87|CG1210668|-66|-74|CG1210669|-141|-71|CG1210670|-145|-61|CG1210670|-145|-61|CG1210671|-141|-71|CG1210671|-141|-71|CG1210672|-73|-75|CG1210672|-73|-75|CG1210664|-71|-80|CG1210664|-71|-80
503|7|6|2091|21|CG1210692|-73|-79|CG1210692|-73|-79|CG1210693|-66|-80|CG1210693|-66|-80|CG1210694|-60|-81|CG1210694|-60|-81|CG1210695|-61|-79|CG1210696|-64|-75|CG1210696|-64|-75|CG1210696|-64|-75|CG1210696|-64|-75|CG1210696|-64|-75|CG1210696|-64|-75|CG1210696|-64|-75|CG1210696|-64|-75|CG1210696|-64|-75|CG1210697|-56|-75|CG1210698|-47|-76|CG1210698|-47|-76|CG1210698|-47|-76|CG1210698|-47|-76
503|7|7|1190|9|CG1209432|-34|-79|CG1209433|-40|-79|CG1209434|-37|-77|CG1209435|-29|-73|CG1209436|-52|-69|CG1209437|-69|-64|CG1209438|-77|-59|CG1209439|-44|-72|CG1209440|-31|-77
503|7|8|1000|2|CG1210687|-63|-67|CG1210688|-54|-63
503|7|9|1000|1|CG1210689|-37|-79
503|7|10|1000|6|CG1210681|-32|-110|CG1210682|-49|-111|CG1210683|-86|-64|CG1210684|-97|-53|CG1210685|-96|-47|CG1210686|-90|-45
