495|0|0|1394|4|CG1206899|-48|-73|CG1206900|-48|-72|CG1206901|-48|-72|CG1206902|-48|-72
495|0|1|1000|6|CG1206905|-31|-74|CG1206906|-33|-75|CG1206907|-35|-73|CG1206908|-31|-72|CG1206909|-37|-74|CG1206910|-31|-74
495|0|2|600|5|CG1325357|-54|-113|CG1325358|-66|-144|CG1325359|-95|-176|CG1325360|-103|-137|CG1325361|-78|-106
495|0|3|510|6|CG1206870|-34|-76|CG1206871|-41|-79|CG1206872|-41|-79|CG1206873|-39|-75|CG1206874|-42|-75|CG1206875|-38|-79
495|0|4|
495|0|5|1292|15|CG1206860|-36|-78|CG1206862|-40|-70|CG1206862|-40|-70|CG1206863|-33|-62|CG1206863|-33|-62|CG1206864|-23|-71|CG1206864|-23|-71|CG1206865|-51|-63|CG1206866|-74|-84|CG1206867|-77|-81|CG1206867|-77|-81|CG1206868|-71|-81|CG1206868|-71|-81|CG1206869|-48|-67|CG1206869|-48|-67
495|0|6|2091|21|CG1206889|-35|-76|CG1206889|-35|-76|CG1206890|-39|-76|CG1206890|-39|-76|CG1206891|-39|-76|CG1206891|-39|-76|CG1206892|-46|-77|CG1206893|-50|-77|CG1206893|-50|-77|CG1206893|-50|-77|CG1206893|-50|-77|CG1206893|-50|-77|CG1206893|-50|-77|CG1206893|-50|-77|CG1206893|-50|-77|CG1206893|-50|-77|CG1206894|-46|-78|CG1206895|-42|-79|CG1206895|-42|-79|CG1206895|-42|-79|CG1206895|-42|-79
495|0|7|1190|9|CG1206364|-36|-75|CG1206365|-40|-68|CG1206366|-35|-60|CG1206367|-23|-71|CG1206368|-38|-70|CG1206369|-46|-78|CG1206370|-52|-72|CG1206371|-45|-79|CG1206372|-38|-77
495|0|8|1000|2|CG1206884|-50|-68|CG1206885|-33|-68
495|0|9|1000|1|CG1206886|-31|-73
495|0|10|1000|6|CG1206878|-36|-98|CG1206879|-49|-98|CG1206880|-66|-72|CG1206881|-63|-64|CG1206882|-61|-60|CG1206883|-64|-60
495|1|0|1394|4|CG1206952|-35|-63|CG1206953|-35|-63|CG1206954|-35|-63|CG1206955|-35|-63
495|1|1|1000|6|CG1206958|-34|-65|CG1206959|-34|-67|CG1206960|-34|-66|CG1206961|-34|-65|CG1206962|-33|-67|CG1206963|-36|-66
495|1|2|600|5|CG1325413|-100|-113|CG1325414|-102|-107|CG1325415|-90|-159|CG1325416|-142|-98|CG1325417|-131|-103
495|1|3|510|6|CG1206923|-31|-67|CG1206924|-33|-71|CG1206925|-38|-71|CG1206926|-38|-67|CG1206927|-39|-68|CG1206928|-33|-71
495|1|4|
495|1|5|1292|15|CG1206913|-33|-68|CG1206915|-26|-65|CG1206915|-26|-65|CG1206916|-32|-67|CG1206916|-32|-67|CG1206917|-34|-72|CG1206917|-34|-72|CG1206918|-47|-66|CG1206919|-38|-96|CG1206920|-38|-79|CG1206920|-38|-79|CG1206921|-34|-78|CG1206921|-34|-78|CG1206922|-44|-66|CG1206922|-44|-66
495|1|6|2091|21|CG1206942|-33|-67|CG1206942|-33|-67|CG1206943|-28|-69|CG1206943|-28|-69|CG1206944|-26|-68|CG1206944|-26|-68|CG1206945|-27|-73|CG1206946|-28|-76|CG1206946|-28|-76|CG1206946|-28|-76|CG1206946|-28|-76|CG1206946|-28|-76|CG1206946|-28|-76|CG1206946|-28|-76|CG1206946|-28|-76|CG1206946|-28|-76|CG1206947|-31|-72|CG1206948|-34|-72|CG1206948|-34|-72|CG1206948|-34|-72|CG1206948|-34|-72
495|1|7|1190|9|CG1206432|-30|-69|CG1206433|-26|-66|CG1206434|-33|-65|CG1206435|-34|-72|CG1206436|-27|-75|CG1206437|-39|-79|CG1206438|-35|-73|CG1206439|-34|-73|CG1206440|-30|-73
495|1|8|1000|2|CG1206937|-34|-70|CG1206938|-37|-60
495|1|9|1000|1|CG1206939|-31|-70
495|1|10|1000|6|CG1206931|-41|-101|CG1206932|-51|-99|CG1206933|-49|-69|CG1206934|-42|-68|CG1206935|-44|-57|CG1206936|-41|-50
495|2|0|1394|4|CG1207005|-31|-71|CG1207006|-30|-72|CG1207007|-30|-72|CG1207008|-30|-72
495|2|1|1000|6|CG1207011|-34|-73|CG1207012|-28|-76|CG1207013|-27|-76|CG1207014|-30|-75|CG1207015|-27|-76|CG1207016|-29|-74
495|2|2|600|5|CG1325469|-119|-113|CG1325470|-90|-142|CG1325471|-82|-174|CG1325472|-99|-116|CG1325473|-109|-103
495|2|3|510|6|CG1206976|-34|-75|CG1206977|-31|-75|CG1206978|-38|-79|CG1206979|-42|-76|CG1206980|-32|-76|CG1206981|-28|-79
495|2|4|
495|2|5|1292|15|CG1206966|-30|-75|CG1206968|-34|-73|CG1206968|-34|-73|CG1206969|-45|-68|CG1206969|-45|-68|CG1206970|-70|-69|CG1206970|-70|-69|CG1206971|-63|-67|CG1206972|-31|-81|CG1206973|-14|-74|CG1206973|-14|-74|CG1206974|-13|-79|CG1206974|-13|-79|CG1206975|-47|-67|CG1206975|-47|-67
495|2|6|2091|21|CG1206995|-23|-77|CG1206995|-23|-77|CG1206996|-21|-77|CG1206996|-21|-77|CG1206997|-20|-76|CG1206997|-20|-76|CG1206998|-21|-75|CG1206999|-22|-75|CG1206999|-22|-75|CG1206999|-22|-75|CG1206999|-22|-75|CG1206999|-22|-75|CG1206999|-22|-75|CG1206999|-22|-75|CG1206999|-22|-75|CG1206999|-22|-75|CG1207000|-24|-72|CG1207001|-25|-72|CG1207001|-25|-72|CG1207001|-25|-72|CG1207001|-25|-72
495|2|7|1190|9|CG1206500|-23|-78|CG1206501|-34|-74|CG1206502|-34|-69|CG1206503|-44|-69|CG1206504|-49|-77|CG1206505|-20|-75|CG1206506|-16|-79|CG1206507|-17|-78|CG1206508|-18|-80
495|2|8|1000|2|CG1206990|-27|-72|CG1206991|-58|-61
495|2|9|1000|1|CG1206992|-32|-78
495|2|10|1000|6|CG1206984|-39|-94|CG1206985|-30|-86|CG1206986|-29|-52|CG1206987|-27|-64|CG1206988|-25|-60|CG1206989|-28|-48
495|3|0|1394|4|CG1207058|-28|-79|CG1207059|-28|-79|CG1207060|-28|-79|CG1207061|-28|-79
495|3|1|1000|6|CG1207064|-34|-79|CG1207065|-35|-82|CG1207066|-40|-82|CG1207067|-41|-80|CG1207068|-37|-82|CG1207069|-34|-81
495|3|2|600|5|CG1325525|-125|-117|CG1325526|-119|-165|CG1325527|-116|-175|CG1325528|-58|-136|CG1325529|-81|-129
495|3|3|510|6|CG1207029|-52|-74|CG1207030|-41|-77|CG1207031|-45|-77|CG1207032|-48|-75|CG1207033|-42|-73|CG1207034|-48|-77
495|3|4|
495|3|5|1292|15|CG1207019|-66|-77|CG1207021|-83|-75|CG1207021|-83|-75|CG1207022|-102|-73|CG1207022|-102|-73|CG1207023|-110|-69|CG1207023|-110|-69|CG1207024|-81|-72|CG1207025|-28|-73|CG1207026|-10|-67|CG1207026|-10|-67|CG1207027|-8|-68|CG1207027|-8|-68|CG1207028|-75|-75|CG1207028|-75|-75
495|3|6|2091|21|CG1207048|-30|-80|CG1207048|-30|-80|CG1207049|-33|-80|CG1207049|-33|-80|CG1207050|-33|-80|CG1207050|-33|-80|CG1207051|-33|-79|CG1207052|-40|-78|CG1207052|-40|-78|CG1207052|-40|-78|CG1207052|-40|-78|CG1207052|-40|-78|CG1207052|-40|-78|CG1207052|-40|-78|CG1207052|-40|-78|CG1207052|-40|-78|CG1207053|-39|-77|CG1207054|-35|-77|CG1207054|-35|-77|CG1207054|-35|-77|CG1207054|-35|-77
495|3|7|1190|9|CG1206568|-30|-80|CG1206569|-36|-77|CG1206570|-55|-73|CG1206571|-61|-69|CG1206572|-43|-75|CG1206573|-21|-72|CG1206574|-10|-72|CG1206575|-20|-74|CG1206576|-21|-77
495|3|8|1000|2|CG1207043|-32|-70|CG1207044|-50|-70
495|3|9|1000|1|CG1207045|-41|-79
495|3|10|1000|6|CG1207037|-36|-82|CG1207038|-35|-76|CG1207039|-27|-46|CG1207040|-24|-53|CG1207041|-25|-48|CG1207042|-27|-35
495|4|0|1394|4|CG1207111|-35|-78|CG1207112|-35|-78|CG1207113|-35|-78|CG1207114|-35|-78
495|4|1|1000|6|CG1207117|-44|-75|CG1207118|-46|-80|CG1207119|-46|-79|CG1207120|-44|-75|CG1207121|-48|-79|CG1207122|-47|-79
495|4|2|600|5|CG1325581|-118|-123|CG1325582|-92|-162|CG1325583|-82|-152|CG1325584|-98|-119|CG1325585|-112|-122
495|4|3|510|6|CG1207082|-49|-83|CG1207083|-38|-89|CG1207084|-42|-86|CG1207085|-46|-76|CG1207086|-41|-84|CG1207087|-43|-90
495|4|4|
495|4|5|1292|15|CG1207072|-62|-76|CG1207074|-82|-73|CG1207074|-82|-73|CG1207075|-95|-71|CG1207075|-95|-71|CG1207076|-85|-69|CG1207076|-85|-69|CG1207077|-53|-80|CG1207078|-12|-59|CG1207079|-5|-52|CG1207079|-5|-52|CG1207080|-12|-55|CG1207080|-12|-55|CG1207081|-59|-98|CG1207081|-59|-98
495|4|6|2091|21|CG1207101|-36|-74|CG1207101|-36|-74|CG1207102|-37|-76|CG1207102|-37|-76|CG1207103|-37|-77|CG1207103|-37|-77|CG1207104|-37|-77|CG1207105|-42|-76|CG1207105|-42|-76|CG1207105|-42|-76|CG1207105|-42|-76|CG1207105|-42|-76|CG1207105|-42|-76|CG1207105|-42|-76|CG1207105|-42|-76|CG1207105|-42|-76|CG1207106|-35|-74|CG1207107|-37|-73|CG1207107|-37|-73|CG1207107|-37|-73|CG1207107|-37|-73
495|4|7|1190|9|CG1206636|-40|-73|CG1206637|-50|-73|CG1206638|-57|-71|CG1206639|-52|-69|CG1206640|-49|-67|CG1206641|-26|-59|CG1206642|-6|-54|CG1206643|-21|-60|CG1206644|-37|-67
495|4|8|1000|2|CG1207096|-28|-66|CG1207097|-55|-80
495|4|9|1000|1|CG1207098|-40|-72
495|4|10|1000|6|CG1207090|-37|-78|CG1207091|-31|-70|CG1207092|-32|-44|CG1207093|-30|-42|CG1207094|-31|-48|CG1207095|-32|-29
495|5|0|1394|4|CG1207164|-45|-69|CG1207165|-45|-69|CG1207166|-44|-69|CG1207167|-45|-69
495|5|1|1000|6|CG1207170|-36|-80|CG1207171|-35|-78|CG1207172|-35|-76|CG1207173|-38|-76|CG1207174|-35|-75|CG1207175|-36|-77
495|5|2|600|5|CG1325637|-87|-102|CG1325638|-101|-134|CG1325639|-81|-118|CG1325640|-146|-102|CG1325641|-132|-115
495|5|3|510|6|CG1207135|-38|-95|CG1207136|-36|-97|CG1207137|-33|-95|CG1207138|-32|-86|CG1207139|-33|-92|CG1207140|-36|-98
495|5|4|
495|5|5|1292|15|CG1207125|-37|-92|CG1207127|-40|-95|CG1207127|-40|-95|CG1207128|-40|-84|CG1207128|-40|-84|CG1207129|-32|-84|CG1207129|-32|-84|CG1207130|-25|-82|CG1207131|-29|-58|CG1207132|-28|-49|CG1207132|-28|-49|CG1207133|-34|-48|CG1207133|-34|-48|CG1207134|-31|-110|CG1207134|-31|-110
495|5|6|2091|21|CG1207154|-36|-64|CG1207154|-36|-64|CG1207155|-48|-67|CG1207155|-48|-67|CG1207156|-56|-69|CG1207156|-56|-69|CG1207157|-54|-69|CG1207158|-49|-67|CG1207158|-49|-67|CG1207158|-49|-67|CG1207158|-49|-67|CG1207158|-49|-67|CG1207158|-49|-67|CG1207158|-49|-67|CG1207158|-49|-67|CG1207158|-49|-67|CG1207159|-56|-65|CG1207160|-63|-63|CG1207160|-63|-63|CG1207160|-63|-63|CG1207160|-63|-63
495|5|7|1190|9|CG1206704|-38|-64|CG1206705|-42|-69|CG1206706|-35|-77|CG1206707|-29|-84|CG1206708|-32|-76|CG1206709|-26|-64|CG1206710|-26|-47|CG1206711|-50|-54|CG1206712|-50|-59
495|5|8|1000|2|CG1207149|-34|-63|CG1207150|-41|-75
495|5|9|1000|1|CG1207151|-60|-65
495|5|10|1000|6|CG1207143|-38|-71|CG1207144|-40|-58|CG1207145|-55|-45|CG1207146|-51|-38|CG1207147|-72|-48|CG1207148|-80|-28
495|6|0|1394|4|CG1207217|-35|-78|CG1207218|-35|-78|CG1207219|-34|-78|CG1207220|-35|-78
495|6|1|1000|6|CG1207223|-47|-85|CG1207224|-47|-84|CG1207225|-49|-80|CG1207226|-51|-78|CG1207227|-48|-81|CG1207228|-46|-83
495|6|2|600|5|CG1325693|-56|-115|CG1325694|-66|-158|CG1325695|-93|-143|CG1325696|-109|-126|CG1325697|-81|-115
495|6|3|510|6|CG1207188|-39|-96|CG1207189|-42|-97|CG1207190|-42|-94|CG1207191|-41|-85|CG1207192|-42|-92|CG1207193|-41|-97
495|6|4|
495|6|5|1292|15|CG1207178|-35|-93|CG1207180|-26|-97|CG1207180|-26|-97|CG1207181|-28|-86|CG1207181|-28|-86|CG1207182|-29|-85|CG1207182|-29|-85|CG1207183|-34|-78|CG1207184|-94|-60|CG1207185|-94|-51|CG1207185|-94|-51|CG1207186|-86|-55|CG1207186|-86|-55|CG1207187|-34|-105|CG1207187|-34|-105
495|6|6|2091|21|CG1207207|-66|-71|CG1207207|-66|-71|CG1207208|-70|-74|CG1207208|-70|-74|CG1207209|-71|-75|CG1207209|-71|-75|CG1207210|-70|-70|CG1207211|-69|-64|CG1207211|-69|-64|CG1207211|-69|-64|CG1207211|-69|-64|CG1207211|-69|-64|CG1207211|-69|-64|CG1207211|-69|-64|CG1207211|-69|-64|CG1207211|-69|-64|CG1207212|-68|-63|CG1207213|-66|-65|CG1207213|-66|-65|CG1207213|-66|-65|CG1207213|-66|-65
495|6|7|1190|9|CG1206772|-29|-72|CG1206773|-22|-79|CG1206774|-27|-84|CG1206775|-29|-85|CG1206776|-43|-78|CG1206777|-65|-67|CG1206778|-68|-52|CG1206779|-61|-57|CG1206780|-41|-66
495|6|8|1000|2|CG1207202|-34|-64|CG1207203|-57|-74
495|6|9|1000|1|CG1207204|-59|-76
495|6|10|1000|6|CG1207196|-40|-78|CG1207197|-59|-67|CG1207198|-94|-47|CG1207199|-95|-42|CG1207200|-100|-48|CG1207201|-106|-29
495|7|0|1394|4|CG1207270|-49|-80|CG1207271|-49|-79|CG1207272|-49|-79|CG1207273|-49|-79
495|7|1|1000|6|CG1207276|-42|-81|CG1207277|-46|-81|CG1207278|-46|-79|CG1207279|-44|-78|CG1207280|-47|-81|CG1207281|-46|-80
495|7|2|600|5|CG1325749|-65|-111|CG1325750|-73|-164|CG1325751|-68|-170|CG1325752|-60|-150|CG1325753|-60|-127
495|7|3|510|6|CG1207241|-35|-86|CG1207242|-31|-89|CG1207243|-35|-85|CG1207244|-37|-75|CG1207245|-35|-83|CG1207246|-31|-87
495|7|4|
495|7|5|1292|15|CG1207231|-34|-81|CG1207233|-40|-81|CG1207233|-40|-81|CG1207234|-35|-76|CG1207234|-35|-76|CG1207235|-29|-73|CG1207235|-29|-73|CG1207236|-54|-71|CG1207237|-117|-72|CG1207238|-119|-68|CG1207238|-119|-68|CG1207239|-109|-68|CG1207239|-109|-68|CG1207240|-54|-87|CG1207240|-54|-87
495|7|6|2091|21|CG1207260|-58|-79|CG1207260|-58|-79|CG1207261|-52|-80|CG1207261|-52|-80|CG1207262|-48|-81|CG1207262|-48|-81|CG1207263|-52|-79|CG1207264|-54|-75|CG1207264|-54|-75|CG1207264|-54|-75|CG1207264|-54|-75|CG1207264|-54|-75|CG1207264|-54|-75|CG1207264|-54|-75|CG1207264|-54|-75|CG1207264|-54|-75|CG1207265|-45|-75|CG1207266|-39|-76|CG1207266|-39|-76|CG1207266|-39|-76|CG1207266|-39|-76
495|7|7|1190|9|CG1206840|-34|-79|CG1206841|-40|-79|CG1206842|-37|-77|CG1206843|-29|-73|CG1206844|-52|-69|CG1206845|-69|-64|CG1206846|-77|-59|CG1206847|-44|-72|CG1206848|-31|-77
495|7|8|1000|2|CG1207255|-54|-67|CG1207256|-42|-63
495|7|9|1000|1|CG1207257|-37|-79
495|7|10|1000|6|CG1207249|-44|-88|CG1207250|-57|-85|CG1207251|-78|-52|CG1207252|-84|-53|CG1207253|-74|-47|CG1207254|-77|-45
