452|0|0|6086|40|CG1188704|-23|-57|CG1188705|-20|-56|CG1188706|-17|-56|CG1188705|-20|-56|CG1188704|-23|-57|CG1188707|-22|-56|CG1188708|-22|-55|CG1188708|-22|-55|CG1188708|-22|-55|CG1188708|-22|-55|CG1188707|-22|-56|CG1188704|-23|-57|CG1188705|-20|-56|CG1188706|-17|-56|CG1188705|-20|-56|CG1188704|-23|-57|CG1188705|-20|-56|CG1188706|-17|-56|CG1188705|-20|-56|CG1188704|-23|-57|CG1188707|-22|-56|CG1188708|-22|-55|CG1188708|-22|-55|CG1188708|-22|-55|CG1188707|-22|-56|CG1188704|-23|-57|CG1188707|-22|-56|CG1188708|-22|-55|CG1188708|-22|-55|CG1188708|-22|-55|CG1188708|-22|-55|CG1188707|-22|-56|CG1188704|-23|-57|CG1188705|-20|-56|CG1188706|-17|-56|CG1188705|-20|-56|CG1188704|-23|-57|CG1188705|-20|-56|CG1188706|-17|-56|CG1188705|-20|-56
452|0|1|1000|6|CG1188720|-24|-54|CG1188721|-23|-57|CG1188722|-18|-55|CG1188723|-25|-54|CG1188724|-20|-57|CG1188725|-24|-55
452|0|2|600|5|CG1325357|-54|-113|CG1325358|-66|-144|CG1325359|-95|-176|CG1325360|-103|-137|CG1325361|-78|-106
452|0|3|510|6|CG1188668|-24|-58|CG1188669|-27|-56|CG1188670|-22|-56|CG1188671|-23|-57|CG1188672|-23|-56|CG1188673|-29|-55
452|0|4|
452|0|5|1394|16|CG1188660|-19|-55|CG1188660|-19|-55|CG1188661|-25|-51|CG1188661|-25|-51|CG1188661|-25|-51|CG1188662|-75|-81|CG1188662|-75|-81|CG1188663|-28|-54|CG1188664|-13|-32|CG1188665|-3|-30|CG1188665|-3|-30|CG1188665|-3|-30|CG1188666|-15|-50|CG1188666|-15|-50|CG1188667|-23|-56|CG1188667|-23|-56
452|0|6|2091|24|CG1188692|-19|-54|CG1188692|-19|-54|CG1188693|-27|-56|CG1188693|-27|-56|CG1188694|-20|-38|CG1188694|-20|-38|CG1188695|-19|-39|CG1188695|-19|-39|CG1188696|-19|-38|CG1188696|-19|-38|CG1188696|-19|-38|CG1188696|-19|-38|CG1188696|-19|-38|CG1188696|-19|-38|CG1188697|-20|-38|CG1188698|-20|-45|CG1188699|-19|-31|CG1188699|-19|-31|CG1188699|-19|-31|CG1188699|-19|-31|CG1188698|-20|-45|CG1188698|-20|-45|CG1188697|-20|-38|CG1188697|-20|-38
452|0|7|1394|13|CG1188709|-23|-56|CG1188709|-23|-56|CG1188710|-22|-58|CG1188710|-22|-58|CG1188711|-24|-58|CG1188711|-24|-58|CG1188712|-26|-58|CG1188713|-39|-53|CG1188714|-29|-46|CG1188715|-25|-54|CG1188715|-25|-54|CG1188716|-26|-58|CG1188716|-26|-58
452|0|8|1000|2|CG1188683|-26|-53|CG1188684|-16|-35
452|0|9|1000|1|CG1188689|-24|-50
452|0|10|1190|6|CG1188677|-23|-57|CG1188678|-18|-54|CG1188679|-30|-60|CG1188680|-43|-42|CG1188681|-43|-39|CG1188682|-44|-38
452|1|0|6086|40|CG1188772|-26|-57|CG1188773|-28|-57|CG1188774|-28|-56|CG1188773|-28|-57|CG1188772|-26|-57|CG1188775|-27|-57|CG1188776|-28|-55|CG1188776|-28|-55|CG1188776|-28|-55|CG1188776|-28|-55|CG1188775|-27|-57|CG1188772|-26|-57|CG1188773|-28|-57|CG1188774|-28|-56|CG1188773|-28|-57|CG1188772|-26|-57|CG1188773|-28|-57|CG1188774|-28|-56|CG1188773|-28|-57|CG1188772|-26|-57|CG1188775|-27|-57|CG1188776|-28|-55|CG1188776|-28|-55|CG1188776|-28|-55|CG1188775|-27|-57|CG1188772|-26|-57|CG1188775|-27|-57|CG1188776|-28|-55|CG1188776|-28|-55|CG1188776|-28|-55|CG1188776|-28|-55|CG1188775|-27|-57|CG1188772|-26|-57|CG1188773|-28|-57|CG1188774|-28|-56|CG1188773|-28|-57|CG1188772|-26|-57|CG1188773|-28|-57|CG1188774|-28|-56|CG1188773|-28|-57
452|1|1|1000|6|CG1188788|-24|-54|CG1188789|-24|-57|CG1188790|-25|-56|CG1188791|-26|-54|CG1188792|-27|-57|CG1188793|-26|-56
452|1|2|600|5|CG1325413|-100|-113|CG1325414|-102|-107|CG1325415|-90|-159|CG1325416|-142|-98|CG1325417|-131|-103
452|1|3|510|6|CG1188736|-17|-58|CG1188737|-20|-57|CG1188738|-27|-57|CG1188739|-21|-58|CG1188740|-29|-58|CG1188741|-22|-57
452|1|4|
452|1|5|1394|16|CG1188728|-25|-56|CG1188728|-25|-56|CG1188729|-20|-54|CG1188729|-20|-54|CG1188729|-20|-54|CG1188730|-27|-95|CG1188730|-27|-95|CG1188731|-28|-56|CG1188732|-26|-30|CG1188733|-19|-28|CG1188733|-19|-28|CG1188733|-19|-28|CG1188734|-30|-49|CG1188734|-30|-49|CG1188735|-23|-57|CG1188735|-23|-57
452|1|6|2091|24|CG1188760|-25|-55|CG1188760|-25|-55|CG1188761|-36|-56|CG1188761|-36|-56|CG1188762|-32|-34|CG1188762|-32|-34|CG1188763|-22|-37|CG1188763|-22|-37|CG1188764|-20|-37|CG1188764|-20|-37|CG1188764|-20|-37|CG1188764|-20|-37|CG1188764|-20|-37|CG1188764|-20|-37|CG1188765|-22|-36|CG1188766|-23|-39|CG1188767|-27|-26|CG1188767|-27|-26|CG1188767|-27|-26|CG1188767|-27|-26|CG1188766|-23|-39|CG1188766|-23|-39|CG1188765|-22|-36|CG1188765|-22|-36
452|1|7|1394|13|CG1188777|-18|-56|CG1188777|-18|-56|CG1188778|-17|-58|CG1188778|-17|-58|CG1188779|-17|-58|CG1188779|-17|-58|CG1188780|-19|-60|CG1188781|-38|-56|CG1188782|-39|-50|CG1188783|-38|-55|CG1188783|-38|-55|CG1188784|-28|-58|CG1188784|-28|-58
452|1|8|1000|2|CG1188751|-22|-54|CG1188752|-18|-33
452|1|9|1000|1|CG1188757|-19|-51
452|1|10|1190|6|CG1188745|-29|-57|CG1188746|-28|-53|CG1188747|-30|-63|CG1188748|-28|-49|CG1188749|-28|-46|CG1188750|-29|-45
452|2|0|6086|40|CG1188840|-21|-57|CG1188841|-25|-56|CG1188842|-28|-56|CG1188841|-25|-56|CG1188840|-21|-57|CG1188843|-23|-56|CG1188844|-24|-55|CG1188844|-24|-55|CG1188844|-24|-55|CG1188844|-24|-55|CG1188843|-23|-56|CG1188840|-21|-57|CG1188841|-25|-56|CG1188842|-28|-56|CG1188841|-25|-56|CG1188840|-21|-57|CG1188841|-25|-56|CG1188842|-28|-56|CG1188841|-25|-56|CG1188840|-21|-57|CG1188843|-23|-56|CG1188844|-24|-55|CG1188844|-24|-55|CG1188844|-24|-55|CG1188843|-23|-56|CG1188840|-21|-57|CG1188843|-23|-56|CG1188844|-24|-55|CG1188844|-24|-55|CG1188844|-24|-55|CG1188844|-24|-55|CG1188843|-23|-56|CG1188840|-21|-57|CG1188841|-25|-56|CG1188842|-28|-56|CG1188841|-25|-56|CG1188840|-21|-57|CG1188841|-25|-56|CG1188842|-28|-56|CG1188841|-25|-56
452|2|1|1000|6|CG1188856|-20|-54|CG1188857|-17|-57|CG1188858|-23|-55|CG1188859|-26|-53|CG1188860|-24|-57|CG1188861|-17|-55
452|2|2|600|5|CG1325469|-119|-113|CG1325470|-90|-142|CG1325471|-82|-174|CG1325472|-99|-116|CG1325473|-109|-103
452|2|3|510|6|CG1188804|-23|-57|CG1188805|-16|-56|CG1188806|-29|-55|CG1188807|-30|-58|CG1188808|-29|-56|CG1188809|-19|-56
452|2|4|
452|2|5|1394|16|CG1188796|-27|-56|CG1188796|-27|-56|CG1188797|-27|-55|CG1188797|-27|-55|CG1188797|-27|-55|CG1188798|29|-89|CG1188798|29|-89|CG1188799|-25|-54|CG1188800|-43|-30|CG1188801|-43|-35|CG1188801|-43|-35|CG1188801|-43|-35|CG1188802|-35|-50|CG1188802|-35|-50|CG1188803|-27|-55|CG1188803|-27|-55
452|2|6|2091|24|CG1188828|-27|-54|CG1188828|-27|-54|CG1188829|-31|-56|CG1188829|-31|-56|CG1188830|-34|-38|CG1188830|-34|-38|CG1188831|-24|-39|CG1188831|-24|-39|CG1188832|-23|-38|CG1188832|-23|-38|CG1188832|-23|-38|CG1188832|-23|-38|CG1188832|-23|-38|CG1188832|-23|-38|CG1188833|-24|-38|CG1188834|-30|-45|CG1188835|-49|-31|CG1188835|-49|-31|CG1188835|-49|-31|CG1188835|-49|-31|CG1188834|-30|-45|CG1188834|-30|-45|CG1188833|-24|-38|CG1188833|-24|-38
452|2|7|1394|13|CG1188845|-14|-56|CG1188845|-14|-56|CG1188846|-16|-58|CG1188846|-16|-58|CG1188847|-15|-58|CG1188847|-15|-58|CG1188848|-13|-59|CG1188849|-19|-59|CG1188850|-33|-53|CG1188851|-35|-57|CG1188851|-35|-57|CG1188852|-19|-58|CG1188852|-19|-58
452|2|8|1000|2|CG1188819|-15|-54|CG1188820|-41|-37
452|2|9|1000|1|CG1188825|-22|-50
452|2|10|1190|6|CG1188813|-23|-57|CG1188814|-27|-54|CG1188815|-22|-60|CG1188816|-14|-42|CG1188817|-16|-39|CG1188818|-16|-38
452|3|0|6086|40|CG1188908|-14|-56|CG1188909|-14|-56|CG1188910|-19|-56|CG1188909|-14|-56|CG1188908|-14|-56|CG1188911|-14|-57|CG1188912|-16|-57|CG1188912|-16|-57|CG1188912|-16|-57|CG1188912|-16|-57|CG1188911|-14|-57|CG1188908|-14|-56|CG1188909|-14|-56|CG1188910|-19|-56|CG1188909|-14|-56|CG1188908|-14|-56|CG1188909|-14|-56|CG1188910|-19|-56|CG1188909|-14|-56|CG1188908|-14|-56|CG1188911|-14|-57|CG1188912|-16|-57|CG1188912|-16|-57|CG1188912|-16|-57|CG1188911|-14|-57|CG1188908|-14|-56|CG1188911|-14|-57|CG1188912|-16|-57|CG1188912|-16|-57|CG1188912|-16|-57|CG1188912|-16|-57|CG1188911|-14|-57|CG1188908|-14|-56|CG1188909|-14|-56|CG1188910|-19|-56|CG1188909|-14|-56|CG1188908|-14|-56|CG1188909|-14|-56|CG1188910|-19|-56|CG1188909|-14|-56
452|3|1|1000|6|CG1188924|-21|-54|CG1188925|-16|-57|CG1188926|-15|-55|CG1188927|-21|-53|CG1188928|-16|-58|CG1188929|-15|-56
452|3|2|600|5|CG1325525|-125|-117|CG1325526|-119|-165|CG1325527|-116|-175|CG1325528|-58|-136|CG1325529|-81|-129
452|3|3|510|6|CG1188872|-25|-54|CG1188873|-20|-52|CG1188874|-21|-52|CG1188875|-27|-55|CG1188876|-20|-52|CG1188877|-22|-52
452|3|4|
452|3|5|1394|16|CG1188864|-20|-54|CG1188864|-20|-54|CG1188865|-25|-53|CG1188865|-25|-53|CG1188865|-25|-53|CG1188866|48|-64|CG1188866|48|-64|CG1188867|-18|-57|CG1188868|-55|-35|CG1188869|-52|-43|CG1188869|-52|-43|CG1188869|-52|-43|CG1188870|-29|-52|CG1188870|-29|-52|CG1188871|-23|-51|CG1188871|-23|-51
452|3|6|2091|24|CG1188896|-20|-52|CG1188896|-20|-52|CG1188897|-23|-57|CG1188897|-23|-57|CG1188898|-39|-43|CG1188898|-39|-43|CG1188899|-27|-42|CG1188899|-27|-42|CG1188900|-29|-38|CG1188900|-29|-38|CG1188900|-29|-38|CG1188900|-29|-38|CG1188900|-29|-38|CG1188900|-29|-38|CG1188901|-28|-43|CG1188902|-35|-50|CG1188903|-48|-41|CG1188903|-48|-41|CG1188903|-48|-41|CG1188903|-48|-41|CG1188902|-35|-50|CG1188902|-35|-50|CG1188901|-28|-43|CG1188901|-28|-43
452|3|7|1394|13|CG1188913|-14|-56|CG1188913|-14|-56|CG1188914|-15|-55|CG1188914|-15|-55|CG1188915|-14|-56|CG1188915|-14|-56|CG1188916|-9|-54|CG1188917|-11|-59|CG1188918|-24|-56|CG1188919|-17|-59|CG1188919|-17|-59|CG1188920|-13|-56|CG1188920|-13|-56
452|3|8|1000|2|CG1188887|-17|-50|CG1188888|-53|-43
452|3|9|1000|1|CG1188893|-26|-46
452|3|10|1190|6|CG1188881|-14|-57|CG1188882|-18|-55|CG1188883|-8|-52|CG1188884|-10|-32|CG1188885|-12|-29|CG1188886|-12|-23
452|4|0|6086|40|CG1188976|-21|-56|CG1188977|-27|-56|CG1188978|-30|-56|CG1188977|-27|-56|CG1188976|-21|-56|CG1188979|-23|-57|CG1188980|-24|-57|CG1188980|-24|-57|CG1188980|-24|-57|CG1188980|-24|-57|CG1188979|-23|-57|CG1188976|-21|-56|CG1188977|-27|-56|CG1188978|-30|-56|CG1188977|-27|-56|CG1188976|-21|-56|CG1188977|-27|-56|CG1188978|-30|-56|CG1188977|-27|-56|CG1188976|-21|-56|CG1188979|-23|-57|CG1188980|-24|-57|CG1188980|-24|-57|CG1188980|-24|-57|CG1188979|-23|-57|CG1188976|-21|-56|CG1188979|-23|-57|CG1188980|-24|-57|CG1188980|-24|-57|CG1188980|-24|-57|CG1188980|-24|-57|CG1188979|-23|-57|CG1188976|-21|-56|CG1188977|-27|-56|CG1188978|-30|-56|CG1188977|-27|-56|CG1188976|-21|-56|CG1188977|-27|-56|CG1188978|-30|-56|CG1188977|-27|-56
452|4|1|1000|6|CG1188992|-25|-53|CG1188993|-22|-57|CG1188994|-15|-55|CG1188995|-19|-53|CG1188996|-17|-57|CG1188997|-21|-55
452|4|2|600|5|CG1325581|-118|-123|CG1325582|-92|-162|CG1325583|-82|-152|CG1325584|-98|-119|CG1325585|-112|-122
452|4|3|510|6|CG1188940|-30|-51|CG1188941|-27|-47|CG1188942|-19|-48|CG1188943|-23|-52|CG1188944|-16|-48|CG1188945|-26|-48
452|4|4|
452|4|5|1394|16|CG1188932|-19|-52|CG1188932|-19|-52|CG1188933|-15|-48|CG1188933|-15|-48|CG1188933|-15|-48|CG1188934|28|-35|CG1188934|28|-35|CG1188935|-12|-57|CG1188936|-41|-41|CG1188937|-39|-49|CG1188937|-39|-49|CG1188937|-39|-49|CG1188938|-35|-54|CG1188938|-35|-54|CG1188939|-28|-45|CG1188939|-28|-45
452|4|6|2091|24|CG1188964|-28|-50|CG1188964|-28|-50|CG1188965|-31|-58|CG1188965|-31|-58|CG1188966|-31|-44|CG1188966|-31|-44|CG1188967|-22|-46|CG1188967|-22|-46|CG1188968|-22|-38|CG1188968|-22|-38|CG1188968|-22|-38|CG1188968|-22|-38|CG1188968|-22|-38|CG1188968|-22|-38|CG1188969|-23|-48|CG1188970|-29|-50|CG1188971|-47|-50|CG1188971|-47|-50|CG1188971|-47|-50|CG1188971|-47|-50|CG1188970|-29|-50|CG1188970|-29|-50|CG1188969|-23|-48|CG1188969|-23|-48
452|4|7|1394|13|CG1188981|-14|-56|CG1188981|-14|-56|CG1188982|-14|-53|CG1188982|-14|-53|CG1188983|-13|-55|CG1188983|-13|-55|CG1188984|-8|-48|CG1188985|-11|-57|CG1188986|-28|-57|CG1188987|-30|-59|CG1188987|-30|-59|CG1188988|-20|-55|CG1188988|-20|-55
452|4|8|1000|2|CG1188955|-13|-45|CG1188956|-42|-50
452|4|9|1000|1|CG1188961|-22|-43
452|4|10|1190|6|CG1188949|-23|-57|CG1188950|-28|-57|CG1188951|-22|-44|CG1188952|-15|-24|CG1188953|-16|-23|CG1188954|-16|-17
452|5|0|6086|40|CG1189044|-26|-56|CG1189045|-28|-56|CG1189046|-28|-56|CG1189045|-28|-56|CG1189044|-26|-56|CG1189047|-27|-57|CG1189048|-27|-57|CG1189048|-27|-57|CG1189048|-27|-57|CG1189048|-27|-57|CG1189047|-27|-57|CG1189044|-26|-56|CG1189045|-28|-56|CG1189046|-28|-56|CG1189045|-28|-56|CG1189044|-26|-56|CG1189045|-28|-56|CG1189046|-28|-56|CG1189045|-28|-56|CG1189044|-26|-56|CG1189047|-27|-57|CG1189048|-27|-57|CG1189048|-27|-57|CG1189048|-27|-57|CG1189047|-27|-57|CG1189044|-26|-56|CG1189047|-27|-57|CG1189048|-27|-57|CG1189048|-27|-57|CG1189048|-27|-57|CG1189048|-27|-57|CG1189047|-27|-57|CG1189044|-26|-56|CG1189045|-28|-56|CG1189046|-28|-56|CG1189045|-28|-56|CG1189044|-26|-56|CG1189045|-28|-56|CG1189046|-28|-56|CG1189045|-28|-56
452|5|1|1000|6|CG1189060|-24|-53|CG1189061|-26|-57|CG1189062|-23|-55|CG1189063|-19|-53|CG1189064|-22|-57|CG1189065|-24|-55
452|5|2|600|5|CG1325637|-87|-102|CG1325638|-101|-134|CG1325639|-81|-118|CG1325640|-146|-102|CG1325641|-132|-115
452|5|3|510|6|CG1189008|-23|-50|CG1189009|-28|-46|CG1189010|-15|-47|CG1189011|-13|-50|CG1189012|-16|-45|CG1189013|-26|-46
452|5|4|
452|5|5|1394|16|CG1189000|-24|-50|CG1189000|-24|-50|CG1189001|-14|-44|CG1189001|-14|-44|CG1189001|-14|-44|CG1189002|-17|-16|CG1189002|-17|-16|CG1189003|-18|-56|CG1189004|-23|-46|CG1189005|-15|-53|CG1189005|-15|-53|CG1189005|-15|-53|CG1189006|-26|-55|CG1189006|-26|-55|CG1189007|-23|-44|CG1189007|-23|-44
452|5|6|2091|24|CG1189032|-25|-49|CG1189032|-25|-49|CG1189033|-35|-58|CG1189033|-35|-58|CG1189034|-31|-46|CG1189034|-31|-46|CG1189035|-21|-47|CG1189035|-21|-47|CG1189036|-19|-38|CG1189036|-19|-38|CG1189036|-19|-38|CG1189036|-19|-38|CG1189036|-19|-38|CG1189036|-19|-38|CG1189037|-21|-50|CG1189038|-23|-53|CG1189039|-24|-54|CG1189039|-24|-54|CG1189039|-24|-54|CG1189039|-24|-54|CG1189038|-23|-53|CG1189038|-23|-53|CG1189037|-21|-50|CG1189037|-21|-50
452|5|7|1394|13|CG1189049|-15|-56|CG1189049|-15|-56|CG1189050|-15|-52|CG1189050|-15|-52|CG1189051|-15|-55|CG1189051|-15|-55|CG1189052|-14|-45|CG1189053|-26|-54|CG1189054|-20|-54|CG1189055|-31|-58|CG1189055|-31|-58|CG1189056|-28|-55|CG1189056|-28|-55
452|5|8|1000|2|CG1189023|-24|-43|CG1189024|-26|-55
452|5|9|1000|1|CG1189029|-17|-42
452|5|10|1190|6|CG1189017|-29|-57|CG1189018|-27|-57|CG1189019|-30|-40|CG1189020|-30|-20|CG1189021|-31|-19|CG1189022|-31|-15
452|6|0|6086|40|CG1189112|-22|-56|CG1189113|-20|-56|CG1189114|-16|-56|CG1189113|-20|-56|CG1189112|-22|-56|CG1189115|-21|-57|CG1189116|-21|-57|CG1189116|-21|-57|CG1189116|-21|-57|CG1189116|-21|-57|CG1189115|-21|-57|CG1189112|-22|-56|CG1189113|-20|-56|CG1189114|-16|-56|CG1189113|-20|-56|CG1189112|-22|-56|CG1189113|-20|-56|CG1189114|-16|-56|CG1189113|-20|-56|CG1189112|-22|-56|CG1189115|-21|-57|CG1189116|-21|-57|CG1189116|-21|-57|CG1189116|-21|-57|CG1189115|-21|-57|CG1189112|-22|-56|CG1189115|-21|-57|CG1189116|-21|-57|CG1189116|-21|-57|CG1189116|-21|-57|CG1189116|-21|-57|CG1189115|-21|-57|CG1189112|-22|-56|CG1189113|-20|-56|CG1189114|-16|-56|CG1189113|-20|-56|CG1189112|-22|-56|CG1189113|-20|-56|CG1189114|-16|-56|CG1189113|-20|-56
452|6|1|1000|6|CG1189128|-25|-53|CG1189129|-20|-57|CG1189130|-23|-55|CG1189131|-23|-53|CG1189132|-23|-57|CG1189133|-19|-55
452|6|2|600|5|CG1325693|-56|-115|CG1325694|-66|-158|CG1325695|-93|-143|CG1325696|-109|-126|CG1325697|-81|-115
452|6|3|510|6|CG1189076|-23|-52|CG1189077|-23|-48|CG1189078|-22|-48|CG1189079|-19|-51|CG1189080|-22|-47|CG1189081|-21|-48
452|6|4|
452|6|5|1394|16|CG1189068|-24|-51|CG1189068|-24|-51|CG1189069|-20|-44|CG1189069|-20|-44|CG1189069|-20|-44|CG1189070|-66|-24|CG1189070|-66|-24|CG1189071|-31|-52|CG1189072|-8|-42|CG1189073|-3|-50|CG1189073|-3|-50|CG1189073|-3|-50|CG1189074|-15|-54|CG1189074|-15|-54|CG1189075|-25|-46|CG1189075|-25|-46
452|6|6|2091|24|CG1189100|-19|-50|CG1189100|-19|-50|CG1189101|-26|-58|CG1189101|-26|-58|CG1189102|-21|-44|CG1189102|-21|-44|CG1189103|-19|-46|CG1189103|-19|-46|CG1189104|-18|-38|CG1189104|-18|-38|CG1189104|-18|-38|CG1189104|-18|-38|CG1189104|-18|-38|CG1189104|-18|-38|CG1189105|-20|-48|CG1189106|-19|-50|CG1189107|-18|-50|CG1189107|-18|-50|CG1189107|-18|-50|CG1189107|-18|-50|CG1189106|-19|-50|CG1189106|-19|-50|CG1189105|-20|-48|CG1189105|-20|-48
452|6|7|1394|13|CG1189117|-24|-56|CG1189117|-24|-56|CG1189118|-23|-53|CG1189118|-23|-53|CG1189119|-24|-55|CG1189119|-24|-55|CG1189120|-26|-47|CG1189121|-30|-51|CG1189122|-22|-50|CG1189123|-26|-56|CG1189123|-26|-56|CG1189124|-25|-55|CG1189124|-25|-55
452|6|8|1000|2|CG1189091|-25|-44|CG1189092|-16|-50
452|6|9|1000|1|CG1189097|-23|-43
452|6|10|1190|6|CG1189085|-22|-57|CG1189086|-17|-57|CG1189087|-31|-44|CG1189088|-46|-23|CG1189089|-46|-23|CG1189090|-47|-18
452|7|0|6086|40|CG1189180|-16|-56|CG1189181|-14|-56|CG1189182|-14|-56|CG1189181|-14|-56|CG1189180|-16|-56|CG1189183|-14|-57|CG1189184|-14|-57|CG1189184|-14|-57|CG1189184|-14|-57|CG1189184|-14|-57|CG1189183|-14|-57|CG1189180|-16|-56|CG1189181|-14|-56|CG1189182|-14|-56|CG1189181|-14|-56|CG1189180|-16|-56|CG1189181|-14|-56|CG1189182|-14|-56|CG1189181|-14|-56|CG1189180|-16|-56|CG1189183|-14|-57|CG1189184|-14|-57|CG1189184|-14|-57|CG1189184|-14|-57|CG1189183|-14|-57|CG1189180|-16|-56|CG1189183|-14|-57|CG1189184|-14|-57|CG1189184|-14|-57|CG1189184|-14|-57|CG1189184|-14|-57|CG1189183|-14|-57|CG1189180|-16|-56|CG1189181|-14|-56|CG1189182|-14|-56|CG1189181|-14|-56|CG1189180|-16|-56|CG1189181|-14|-56|CG1189182|-14|-56|CG1189181|-14|-56
452|7|1|1000|6|CG1189196|-27|-53|CG1189197|-15|-57|CG1189198|-18|-55|CG1189199|-28|-54|CG1189200|-15|-57|CG1189201|-18|-55
452|7|2|600|5|CG1325749|-65|-111|CG1325750|-73|-164|CG1325751|-68|-170|CG1325752|-60|-150|CG1325753|-60|-127
452|7|3|510|6|CG1189144|-28|-55|CG1189145|-26|-52|CG1189146|-24|-52|CG1189147|-25|-54|CG1189148|-26|-51|CG1189149|-24|-52
452|7|4|
452|7|5|1394|16|CG1189136|-20|-53|CG1189136|-20|-53|CG1189137|-24|-46|CG1189137|-24|-46|CG1189137|-24|-46|CG1189138|-95|-52|CG1189138|-95|-52|CG1189139|-35|-49|CG1189140|-8|-35|CG1189141|2|-40|CG1189141|2|-40|CG1189141|2|-40|CG1189142|-14|-51|CG1189142|-14|-51|CG1189143|-27|-52|CG1189143|-27|-52
452|7|6|2091|24|CG1189168|-20|-52|CG1189168|-20|-52|CG1189169|-21|-57|CG1189169|-21|-57|CG1189170|-13|-44|CG1189170|-13|-44|CG1189171|-11|-42|CG1189171|-11|-42|CG1189172|-13|-38|CG1189172|-13|-38|CG1189172|-13|-38|CG1189172|-13|-38|CG1189172|-13|-38|CG1189172|-13|-38|CG1189173|-12|-43|CG1189174|-10|-49|CG1189175|-10|-41|CG1189175|-10|-41|CG1189175|-10|-41|CG1189175|-10|-41|CG1189174|-10|-49|CG1189174|-10|-49|CG1189173|-12|-43|CG1189173|-12|-43
452|7|7|1394|13|CG1189185|-28|-56|CG1189185|-28|-56|CG1189186|-27|-55|CG1189186|-27|-55|CG1189187|-28|-56|CG1189187|-28|-56|CG1189188|-31|-52|CG1189189|-33|-51|CG1189190|-33|-47|CG1189191|-30|-55|CG1189191|-30|-55|CG1189192|-17|-56|CG1189192|-17|-56
452|7|8|1000|2|CG1189159|-25|-48|CG1189160|-12|-37
452|7|9|1000|1|CG1189165|-22|-47
452|7|10|1190|6|CG1189153|-14|-57|CG1189154|-14|-55|CG1189155|-37|-52|CG1189156|-58|-33|CG1189157|-58|-28|CG1189158|-59|-23
