483|0|0|1394|4|CG1201715|-48|-73|CG1201716|-48|-72|CG1201717|-48|-72|CG1201718|-48|-72
483|0|1|1000|6|CG1201721|-31|-74|CG1201722|-33|-75|CG1201723|-35|-73|CG1201724|-31|-72|CG1201725|-37|-74|CG1201726|-31|-74
483|0|2|600|5|CG1325357|-54|-113|CG1325358|-66|-144|CG1325359|-95|-176|CG1325360|-103|-137|CG1325361|-78|-106
483|0|3|510|6|CG1201686|-34|-76|CG1201687|-41|-79|CG1201688|-41|-79|CG1201689|-39|-75|CG1201690|-42|-75|CG1201691|-38|-79
483|0|4|
483|0|5|1292|15|CG1201676|-36|-78|CG1201678|-40|-70|CG1201678|-40|-70|CG1201679|-33|-62|CG1201679|-33|-62|CG1201680|-23|-71|CG1201680|-23|-71|CG1201681|-51|-63|CG1201682|-74|-84|CG1201683|-77|-81|CG1201683|-77|-81|CG1201684|-71|-81|CG1201684|-71|-81|CG1201685|-48|-67|CG1201685|-48|-67
483|0|6|2091|21|CG1201705|-35|-76|CG1201705|-35|-76|CG1201706|-39|-76|CG1201706|-39|-76|CG1201707|-39|-76|CG1201707|-39|-76|CG1201708|-46|-77|CG1201709|-50|-77|CG1201709|-50|-77|CG1201709|-50|-77|CG1201709|-50|-77|CG1201709|-50|-77|CG1201709|-50|-77|CG1201709|-50|-77|CG1201709|-50|-77|CG1201709|-50|-77|CG1201710|-46|-78|CG1201711|-42|-79|CG1201711|-42|-79|CG1201711|-42|-79|CG1201711|-42|-79
483|0|7|1190|9|CG1201180|-36|-75|CG1201181|-40|-68|CG1201182|-36|-60|CG1201183|-23|-71|CG1201184|-38|-70|CG1201185|-46|-78|CG1201186|-52|-72|CG1201187|-45|-79|CG1201188|-38|-77
483|0|8|1000|2|CG1201700|-50|-68|CG1201701|-33|-68
483|0|9|1000|1|CG1201702|-31|-73
483|0|10|1000|6|CG1201694|-36|-98|CG1201695|-49|-98|CG1201696|-66|-72|CG1201697|-63|-64|CG1201698|-61|-60|CG1201699|-64|-60
483|1|0|1394|4|CG1201768|-35|-63|CG1201769|-35|-63|CG1201770|-35|-63|CG1201771|-35|-63
483|1|1|1000|6|CG1201774|-34|-65|CG1201775|-34|-67|CG1201776|-34|-66|CG1201777|-34|-65|CG1201778|-33|-67|CG1201779|-36|-66
483|1|2|600|5|CG1325413|-100|-113|CG1325414|-102|-107|CG1325415|-90|-159|CG1325416|-142|-98|CG1325417|-131|-103
483|1|3|510|6|CG1201739|-31|-67|CG1201740|-33|-71|CG1201741|-38|-71|CG1201742|-38|-67|CG1201743|-39|-68|CG1201744|-33|-71
483|1|4|
483|1|5|1292|15|CG1201729|-33|-68|CG1201731|-26|-65|CG1201731|-26|-65|CG1201732|-32|-67|CG1201732|-32|-67|CG1201733|-34|-72|CG1201733|-34|-72|CG1201734|-47|-66|CG1201735|-38|-96|CG1201736|-38|-79|CG1201736|-38|-79|CG1201737|-34|-78|CG1201737|-34|-78|CG1201738|-44|-66|CG1201738|-44|-66
483|1|6|2091|21|CG1201758|-33|-67|CG1201758|-33|-67|CG1201759|-28|-69|CG1201759|-28|-69|CG1201760|-26|-68|CG1201760|-26|-68|CG1201761|-27|-73|CG1201762|-28|-76|CG1201762|-28|-76|CG1201762|-28|-76|CG1201762|-28|-76|CG1201762|-28|-76|CG1201762|-28|-76|CG1201762|-28|-76|CG1201762|-28|-76|CG1201762|-28|-76|CG1201763|-31|-72|CG1201764|-34|-72|CG1201764|-34|-72|CG1201764|-34|-72|CG1201764|-34|-72
483|1|7|1190|9|CG1201248|-30|-69|CG1201249|-26|-66|CG1201250|-33|-65|CG1201251|-34|-72|CG1201252|-27|-75|CG1201253|-39|-79|CG1201254|-35|-73|CG1201255|-34|-73|CG1201256|-30|-73
483|1|8|1000|2|CG1201753|-34|-70|CG1201754|-37|-60
483|1|9|1000|1|CG1201755|-31|-70
483|1|10|1000|6|CG1201747|-41|-101|CG1201748|-51|-99|CG1201749|-49|-69|CG1201750|-42|-68|CG1201751|-44|-57|CG1201752|-41|-50
483|2|0|1394|4|CG1201821|-31|-71|CG1201822|-30|-72|CG1201823|-30|-72|CG1201824|-30|-72
483|2|1|1000|6|CG1201827|-34|-73|CG1201828|-28|-76|CG1201829|-27|-76|CG1201830|-30|-75|CG1201831|-27|-76|CG1201832|-29|-74
483|2|2|600|5|CG1325469|-119|-113|CG1325470|-90|-142|CG1325471|-82|-174|CG1325472|-99|-116|CG1325473|-109|-103
483|2|3|510|6|CG1201792|-34|-75|CG1201793|-31|-75|CG1201794|-38|-79|CG1201795|-42|-76|CG1201796|-32|-76|CG1201797|-28|-79
483|2|4|
483|2|5|1292|15|CG1201782|-30|-75|CG1201784|-34|-73|CG1201784|-34|-73|CG1201785|-45|-68|CG1201785|-45|-68|CG1201786|-70|-69|CG1201786|-70|-69|CG1201787|-63|-67|CG1201788|-31|-81|CG1201789|-14|-74|CG1201789|-14|-74|CG1201790|-13|-79|CG1201790|-13|-79|CG1201791|-47|-67|CG1201791|-47|-67
483|2|6|2091|21|CG1201811|-23|-77|CG1201811|-23|-77|CG1201812|-21|-77|CG1201812|-21|-77|CG1201813|-20|-76|CG1201813|-20|-76|CG1201814|-21|-75|CG1201815|-22|-75|CG1201815|-22|-75|CG1201815|-22|-75|CG1201815|-22|-75|CG1201815|-22|-75|CG1201815|-22|-75|CG1201815|-22|-75|CG1201815|-22|-75|CG1201815|-22|-75|CG1201816|-24|-72|CG1201817|-25|-72|CG1201817|-25|-72|CG1201817|-25|-72|CG1201817|-25|-72
483|2|7|1190|9|CG1201316|-23|-78|CG1201317|-34|-74|CG1201318|-34|-69|CG1201319|-44|-69|CG1201320|-49|-77|CG1201321|-20|-75|CG1201322|-16|-79|CG1201323|-17|-78|CG1201324|-18|-80
483|2|8|1000|2|CG1201806|-27|-72|CG1201807|-58|-61
483|2|9|1000|1|CG1201808|-32|-78
483|2|10|1000|6|CG1201800|-39|-94|CG1201801|-30|-86|CG1201802|-29|-52|CG1201803|-27|-64|CG1201804|-25|-60|CG1201805|-28|-48
483|3|0|1394|4|CG1201874|-28|-79|CG1201875|-28|-79|CG1201876|-28|-79|CG1201877|-28|-79
483|3|1|1000|6|CG1201880|-34|-79|CG1201881|-35|-82|CG1201882|-40|-82|CG1201883|-41|-80|CG1201884|-37|-82|CG1201885|-34|-81
483|3|2|600|5|CG1325525|-125|-117|CG1325526|-119|-165|CG1325527|-116|-175|CG1325528|-58|-136|CG1325529|-81|-129
483|3|3|510|6|CG1201845|-52|-74|CG1201846|-41|-77|CG1201847|-45|-77|CG1201848|-48|-75|CG1201849|-42|-73|CG1201850|-48|-77
483|3|4|
483|3|5|1292|15|CG1201835|-66|-77|CG1201837|-83|-75|CG1201837|-83|-75|CG1201838|-102|-73|CG1201838|-102|-73|CG1201839|-110|-69|CG1201839|-110|-69|CG1201840|-81|-72|CG1201841|-28|-73|CG1201842|-10|-67|CG1201842|-10|-67|CG1201843|-8|-68|CG1201843|-8|-68|CG1201844|-75|-75|CG1201844|-75|-75
483|3|6|2091|21|CG1201864|-30|-80|CG1201864|-30|-80|CG1201865|-33|-80|CG1201865|-33|-80|CG1201866|-33|-80|CG1201866|-33|-80|CG1201867|-33|-79|CG1201868|-40|-78|CG1201868|-40|-78|CG1201868|-40|-78|CG1201868|-40|-78|CG1201868|-40|-78|CG1201868|-40|-78|CG1201868|-40|-78|CG1201868|-40|-78|CG1201868|-40|-78|CG1201869|-39|-77|CG1201870|-35|-77|CG1201870|-35|-77|CG1201870|-35|-77|CG1201870|-35|-77
483|3|7|1190|9|CG1201384|-30|-80|CG1201385|-36|-77|CG1201386|-55|-73|CG1201387|-61|-69|CG1201388|-43|-75|CG1201389|-21|-72|CG1201390|-10|-72|CG1201391|-20|-74|CG1201392|-21|-77
483|3|8|1000|2|CG1201859|-32|-70|CG1201860|-50|-70
483|3|9|1000|1|CG1201861|-41|-79
483|3|10|1000|6|CG1201853|-36|-82|CG1201854|-35|-76|CG1201855|-27|-46|CG1201856|-24|-53|CG1201857|-25|-48|CG1201858|-27|-35
483|4|0|1394|4|CG1201927|-35|-78|CG1201928|-35|-78|CG1201929|-35|-78|CG1201930|-35|-78
483|4|1|1000|6|CG1201933|-44|-75|CG1201934|-46|-80|CG1201935|-46|-79|CG1201936|-44|-75|CG1201937|-48|-79|CG1201938|-47|-79
483|4|2|600|5|CG1325581|-118|-123|CG1325582|-92|-162|CG1325583|-82|-152|CG1325584|-98|-119|CG1325585|-112|-122
483|4|3|510|6|CG1201898|-49|-83|CG1201899|-38|-89|CG1201900|-42|-86|CG1201901|-46|-76|CG1201902|-41|-84|CG1201903|-43|-90
483|4|4|
483|4|5|1292|15|CG1201888|-62|-76|CG1201890|-82|-73|CG1201890|-82|-73|CG1201891|-95|-71|CG1201891|-95|-71|CG1201892|-85|-69|CG1201892|-85|-69|CG1201893|-53|-80|CG1201894|-12|-59|CG1201895|-5|-52|CG1201895|-5|-52|CG1201896|-12|-55|CG1201896|-12|-55|CG1201897|-59|-98|CG1201897|-59|-98
483|4|6|2091|21|CG1201917|-36|-74|CG1201917|-36|-74|CG1201918|-37|-76|CG1201918|-37|-76|CG1201919|-37|-77|CG1201919|-37|-77|CG1201920|-37|-77|CG1201921|-42|-76|CG1201921|-42|-76|CG1201921|-42|-76|CG1201921|-42|-76|CG1201921|-42|-76|CG1201921|-42|-76|CG1201921|-42|-76|CG1201921|-42|-76|CG1201921|-42|-76|CG1201922|-35|-74|CG1201923|-37|-73|CG1201923|-37|-73|CG1201923|-37|-73|CG1201923|-37|-73
483|4|7|1190|9|CG1201452|-40|-73|CG1201453|-51|-73|CG1201454|-57|-71|CG1201455|-52|-69|CG1201456|-49|-67|CG1201457|-26|-59|CG1201458|-6|-54|CG1201459|-21|-60|CG1201460|-37|-67
483|4|8|1000|2|CG1201912|-28|-66|CG1201913|-55|-80
483|4|9|1000|1|CG1201914|-40|-72
483|4|10|1000|6|CG1201906|-37|-78|CG1201907|-31|-70|CG1201908|-32|-44|CG1201909|-30|-42|CG1201910|-31|-48|CG1201911|-32|-29
483|5|0|1394|4|CG1201980|-45|-69|CG1201981|-45|-69|CG1201982|-44|-69|CG1201983|-45|-69
483|5|1|1000|6|CG1201986|-36|-80|CG1201987|-35|-78|CG1201988|-35|-76|CG1201989|-38|-76|CG1201990|-35|-75|CG1201991|-36|-77
483|5|2|600|5|CG1325637|-87|-102|CG1325638|-101|-134|CG1325639|-81|-118|CG1325640|-146|-102|CG1325641|-132|-115
483|5|3|510|6|CG1201951|-38|-95|CG1201952|-36|-97|CG1201953|-33|-95|CG1201954|-32|-86|CG1201955|-33|-92|CG1201956|-36|-98
483|5|4|
483|5|5|1292|15|CG1201941|-37|-92|CG1201943|-40|-95|CG1201943|-40|-95|CG1201944|-40|-84|CG1201944|-40|-84|CG1201945|-32|-84|CG1201945|-32|-84|CG1201946|-25|-82|CG1201947|-29|-58|CG1201948|-28|-49|CG1201948|-28|-49|CG1201949|-34|-48|CG1201949|-34|-48|CG1201950|-31|-110|CG1201950|-31|-110
483|5|6|2091|21|CG1201970|-36|-64|CG1201970|-36|-64|CG1201971|-48|-67|CG1201971|-48|-67|CG1201972|-56|-69|CG1201972|-56|-69|CG1201973|-54|-69|CG1201974|-49|-67|CG1201974|-49|-67|CG1201974|-49|-67|CG1201974|-49|-67|CG1201974|-49|-67|CG1201974|-49|-67|CG1201974|-49|-67|CG1201974|-49|-67|CG1201974|-49|-67|CG1201975|-56|-65|CG1201976|-63|-63|CG1201976|-63|-63|CG1201976|-63|-63|CG1201976|-63|-63
483|5|7|1190|9|CG1201520|-38|-64|CG1201521|-42|-69|CG1201522|-35|-77|CG1201523|-29|-84|CG1201524|-32|-76|CG1201525|-26|-64|CG1201526|-26|-47|CG1201527|-50|-54|CG1201528|-50|-59
483|5|8|1000|2|CG1201965|-34|-63|CG1201966|-41|-75
483|5|9|1000|1|CG1201967|-60|-65
483|5|10|1000|6|CG1201959|-38|-71|CG1201960|-40|-58|CG1201961|-55|-45|CG1201962|-51|-38|CG1201963|-72|-48|CG1201964|-80|-28
483|6|0|1394|4|CG1202033|-35|-78|CG1202034|-35|-78|CG1202035|-34|-78|CG1202036|-35|-78
483|6|1|1000|6|CG1202039|-47|-85|CG1202040|-47|-84|CG1202041|-49|-80|CG1202042|-51|-78|CG1202043|-48|-81|CG1202044|-46|-83
483|6|2|600|5|CG1325693|-56|-115|CG1325694|-66|-158|CG1325695|-93|-143|CG1325696|-109|-126|CG1325697|-81|-115
483|6|3|510|6|CG1202004|-39|-96|CG1202005|-42|-97|CG1202006|-42|-94|CG1202007|-41|-85|CG1202008|-42|-92|CG1202009|-41|-97
483|6|4|
483|6|5|1292|15|CG1201994|-35|-93|CG1201996|-26|-97|CG1201996|-26|-97|CG1201997|-28|-86|CG1201997|-28|-86|CG1201998|-29|-85|CG1201998|-29|-85|CG1201999|-34|-78|CG1202000|-94|-60|CG1202001|-94|-51|CG1202001|-94|-51|CG1202002|-86|-55|CG1202002|-86|-55|CG1202003|-34|-105|CG1202003|-34|-105
483|6|6|2091|21|CG1202023|-66|-71|CG1202023|-66|-71|CG1202024|-70|-74|CG1202024|-70|-74|CG1202025|-71|-75|CG1202025|-71|-75|CG1202026|-70|-70|CG1202027|-69|-64|CG1202027|-69|-64|CG1202027|-69|-64|CG1202027|-69|-64|CG1202027|-69|-64|CG1202027|-69|-64|CG1202027|-69|-64|CG1202027|-69|-64|CG1202027|-69|-64|CG1202028|-68|-63|CG1202029|-66|-65|CG1202029|-66|-65|CG1202029|-66|-65|CG1202029|-66|-65
483|6|7|1190|9|CG1201588|-29|-72|CG1201589|-22|-79|CG1201590|-27|-84|CG1201591|-29|-85|CG1201592|-43|-78|CG1201593|-65|-67|CG1201594|-68|-52|CG1201595|-61|-57|CG1201596|-41|-66
483|6|8|1000|2|CG1202018|-34|-64|CG1202019|-57|-74
483|6|9|1000|1|CG1202020|-59|-76
483|6|10|1000|6|CG1202012|-40|-78|CG1202013|-59|-67|CG1202014|-94|-47|CG1202015|-95|-42|CG1202016|-100|-48|CG1202017|-106|-29
483|7|0|1394|4|CG1202086|-49|-80|CG1202087|-49|-79|CG1202088|-49|-79|CG1202089|-49|-79
483|7|1|1000|6|CG1202092|-42|-81|CG1202093|-46|-81|CG1202094|-46|-79|CG1202095|-44|-78|CG1202096|-47|-81|CG1202097|-46|-80
483|7|2|600|5|CG1325749|-65|-111|CG1325750|-73|-164|CG1325751|-68|-170|CG1325752|-60|-150|CG1325753|-60|-127
483|7|3|510|6|CG1202057|-35|-86|CG1202058|-31|-89|CG1202059|-35|-85|CG1202060|-37|-75|CG1202061|-35|-83|CG1202062|-31|-87
483|7|4|
483|7|5|1292|15|CG1202047|-34|-81|CG1202049|-40|-81|CG1202049|-40|-81|CG1202050|-35|-76|CG1202050|-35|-76|CG1202051|-29|-73|CG1202051|-29|-73|CG1202052|-54|-71|CG1202053|-117|-72|CG1202054|-119|-68|CG1202054|-119|-68|CG1202055|-109|-68|CG1202055|-109|-68|CG1202056|-54|-87|CG1202056|-54|-87
483|7|6|2091|21|CG1202076|-58|-79|CG1202076|-58|-79|CG1202077|-52|-80|CG1202077|-52|-80|CG1202078|-48|-81|CG1202078|-48|-81|CG1202079|-52|-79|CG1202080|-54|-75|CG1202080|-54|-75|CG1202080|-54|-75|CG1202080|-54|-75|CG1202080|-54|-75|CG1202080|-54|-75|CG1202080|-54|-75|CG1202080|-54|-75|CG1202080|-54|-75|CG1202081|-45|-75|CG1202082|-39|-76|CG1202082|-39|-76|CG1202082|-39|-76|CG1202082|-39|-76
483|7|7|1190|9|CG1201656|-34|-79|CG1201657|-40|-79|CG1201658|-37|-77|CG1201659|-29|-73|CG1201660|-52|-69|CG1201661|-69|-64|CG1201662|-77|-59|CG1201663|-44|-72|CG1201664|-31|-77
483|7|8|1000|2|CG1202071|-54|-67|CG1202072|-42|-63
483|7|9|1000|1|CG1202073|-37|-79
483|7|10|1000|6|CG1202065|-44|-88|CG1202066|-57|-85|CG1202067|-78|-52|CG1202068|-84|-53|CG1202069|-74|-47|CG1202070|-77|-45
