436|0|0|6086|40|CG1181914|-32|-57|CG1181915|-20|-56|CG1181916|-17|-56|CG1181915|-20|-56|CG1181914|-32|-57|CG1181917|-26|-56|CG1181918|-22|-57|CG1181918|-22|-57|CG1181918|-22|-57|CG1181918|-22|-57|CG1181917|-26|-56|CG1181914|-32|-57|CG1181915|-20|-56|CG1181916|-17|-56|CG1181915|-20|-56|CG1181914|-32|-57|CG1181915|-20|-56|CG1181916|-17|-56|CG1181915|-20|-56|CG1181914|-32|-57|CG1181917|-26|-56|CG1181918|-22|-57|CG1181918|-22|-57|CG1181918|-22|-57|CG1181917|-26|-56|CG1181914|-32|-57|CG1181917|-26|-56|CG1181918|-22|-57|CG1181918|-22|-57|CG1181918|-22|-57|CG1181918|-22|-57|CG1181917|-26|-56|CG1181914|-32|-57|CG1181915|-20|-56|CG1181916|-17|-56|CG1181915|-20|-56|CG1181914|-32|-57|CG1181915|-20|-56|CG1181916|-17|-56|CG1181915|-20|-56
436|0|1|1000|6|CG1181921|-24|-57|CG1181922|-23|-64|CG1181923|-32|-60|CG1181924|-36|-58|CG1181925|-31|-64|CG1181926|-24|-60
436|0|2|600|5|CG1325357|-54|-113|CG1325358|-66|-144|CG1325359|-95|-176|CG1325360|-103|-137|CG1325361|-78|-106
436|0|3|510|6|CG1181884|-24|-58|CG1181885|-27|-56|CG1181886|-44|-56|CG1181887|-43|-57|CG1181888|-45|-56|CG1181889|-29|-55
436|0|4|
436|0|5|1000|8|CG1181876|-27|-56|CG1181877|-23|-51|CG1181878|-34|-89|CG1181879|-29|-82|CG1181880|-45|-114|CG1181881|-58|-65|CG1181882|-55|-66|CG1181883|-51|-58
436|0|6|2091|24|CG1181903|-25|-54|CG1181903|-25|-54|CG1181904|-27|-75|CG1181904|-27|-75|CG1181905|-20|-76|CG1181905|-20|-76|CG1181906|-19|-39|CG1181906|-19|-39|CG1181907|-19|-38|CG1181907|-19|-38|CG1181907|-19|-38|CG1181907|-19|-38|CG1181907|-19|-38|CG1181907|-19|-38|CG1181908|-20|-38|CG1181909|-20|-35|CG1181910|-19|-31|CG1181910|-19|-31|CG1181910|-19|-31|CG1181910|-19|-31|CG1181909|-20|-35|CG1181909|-20|-35|CG1181908|-20|-38|CG1181908|-20|-38
436|0|7|1394|13|CG1180957|-23|-56|CG1180957|-23|-56|CG1180958|-22|-58|CG1180958|-22|-58|CG1180959|-24|-58|CG1180959|-24|-58|CG1180960|-26|-58|CG1180961|-39|-53|CG1180962|-29|-46|CG1180963|-25|-54|CG1180963|-25|-54|CG1180964|-26|-58|CG1180964|-26|-58
436|0|8|1000|2|CG1181898|-26|-68|CG1181899|-16|-60
436|0|9|1000|1|CG1181900|-24|-62
436|0|10|1190|6|CG1181892|-35|-57|CG1181893|-18|-54|CG1181894|-30|-80|CG1181895|-43|-61|CG1181896|-43|-43|CG1181897|-44|-43
436|1|0|6086|40|CG1181967|-26|-59|CG1181968|-28|-57|CG1181969|-28|-56|CG1181968|-28|-57|CG1181967|-26|-59|CG1181970|-27|-57|CG1181971|-28|-58|CG1181971|-28|-58|CG1181971|-28|-58|CG1181971|-28|-58|CG1181970|-27|-57|CG1181967|-26|-59|CG1181968|-28|-57|CG1181969|-28|-56|CG1181968|-28|-57|CG1181967|-26|-59|CG1181968|-28|-57|CG1181969|-28|-56|CG1181968|-28|-57|CG1181967|-26|-59|CG1181970|-27|-57|CG1181971|-28|-58|CG1181971|-28|-58|CG1181971|-28|-58|CG1181970|-27|-57|CG1181967|-26|-59|CG1181970|-27|-57|CG1181971|-28|-58|CG1181971|-28|-58|CG1181971|-28|-58|CG1181971|-28|-58|CG1181970|-27|-57|CG1181967|-26|-59|CG1181968|-28|-57|CG1181969|-28|-56|CG1181968|-28|-57|CG1181967|-26|-59|CG1181968|-28|-57|CG1181969|-28|-56|CG1181968|-28|-57
436|1|1|1000|6|CG1181974|-24|-56|CG1181975|-24|-66|CG1181976|-25|-66|CG1181977|-26|-65|CG1181978|-27|-70|CG1181979|-26|-61
436|1|2|600|5|CG1325413|-100|-113|CG1325414|-102|-107|CG1325415|-90|-159|CG1325416|-142|-98|CG1325417|-131|-103
436|1|3|510|6|CG1181937|-17|-58|CG1181938|-20|-57|CG1181939|-36|-57|CG1181940|-43|-58|CG1181941|-39|-58|CG1181942|-22|-57
436|1|4|
436|1|5|1000|8|CG1181929|-28|-56|CG1181930|-26|-53|CG1181931|-27|-88|CG1181932|-21|-85|CG1181933|-22|-113|CG1181934|-22|-71|CG1181935|-20|-76|CG1181936|-25|-62
436|1|6|2091|24|CG1181956|-26|-55|CG1181956|-26|-55|CG1181957|-36|-71|CG1181957|-36|-71|CG1181958|-32|-70|CG1181958|-32|-70|CG1181959|-22|-37|CG1181959|-22|-37|CG1181960|-20|-37|CG1181960|-20|-37|CG1181960|-20|-37|CG1181960|-20|-37|CG1181960|-20|-37|CG1181960|-20|-37|CG1181961|-22|-36|CG1181962|-23|-39|CG1181963|-27|-26|CG1181963|-27|-26|CG1181963|-27|-26|CG1181963|-27|-26|CG1181962|-23|-39|CG1181962|-23|-39|CG1181961|-22|-36|CG1181961|-22|-36
436|1|7|1394|13|CG1181025|-18|-56|CG1181025|-18|-56|CG1181026|-17|-58|CG1181026|-17|-58|CG1181027|-17|-58|CG1181027|-17|-58|CG1181028|-19|-60|CG1181029|-38|-56|CG1181030|-39|-50|CG1181031|-38|-55|CG1181031|-38|-55|CG1181032|-28|-58|CG1181032|-28|-58
436|1|8|1000|2|CG1181951|-22|-66|CG1181952|-18|-54
436|1|9|1000|1|CG1181953|-19|-57
436|1|10|1190|6|CG1181945|-29|-57|CG1181946|-28|-53|CG1181947|-30|-68|CG1181948|-28|-52|CG1181949|-28|-46|CG1181950|-29|-45
436|2|0|6086|40|CG1182020|-21|-57|CG1182021|-25|-56|CG1182022|-28|-56|CG1182021|-25|-56|CG1182020|-21|-57|CG1182023|-23|-56|CG1182024|-24|-55|CG1182024|-24|-55|CG1182024|-24|-55|CG1182024|-24|-55|CG1182023|-23|-56|CG1182020|-21|-57|CG1182021|-25|-56|CG1182022|-28|-56|CG1182021|-25|-56|CG1182020|-21|-57|CG1182021|-25|-56|CG1182022|-28|-56|CG1182021|-25|-56|CG1182020|-21|-57|CG1182023|-23|-56|CG1182024|-24|-55|CG1182024|-24|-55|CG1182024|-24|-55|CG1182023|-23|-56|CG1182020|-21|-57|CG1182023|-23|-56|CG1182024|-24|-55|CG1182024|-24|-55|CG1182024|-24|-55|CG1182024|-24|-55|CG1182023|-23|-56|CG1182020|-21|-57|CG1182021|-25|-56|CG1182022|-28|-56|CG1182021|-25|-56|CG1182020|-21|-57|CG1182021|-25|-56|CG1182022|-28|-56|CG1182021|-25|-56
436|2|1|1000|6|CG1182027|-20|-54|CG1182028|-17|-57|CG1182029|-23|-60|CG1182030|-26|-60|CG1182031|-24|-63|CG1182032|-17|-55
436|2|2|600|5|CG1325469|-119|-113|CG1325470|-90|-142|CG1325471|-82|-174|CG1325472|-99|-116|CG1325473|-109|-103
436|2|3|510|6|CG1181990|-23|-57|CG1181991|-16|-56|CG1181992|-29|-57|CG1181993|-34|-58|CG1181994|-29|-56|CG1181995|-19|-56
436|2|4|
436|2|5|1000|8|CG1181982|-28|-56|CG1181983|-31|-51|CG1181984|-13|-82|CG1181985|-14|-82|CG1181986|-5|-101|CG1181987|-1|-65|CG1181988|-2|-65|CG1181989|-9|-60
436|2|6|2091|24|CG1182009|-28|-54|CG1182009|-28|-54|CG1182010|-31|-62|CG1182010|-31|-62|CG1182011|-34|-61|CG1182011|-34|-61|CG1182012|-24|-39|CG1182012|-24|-39|CG1182013|-23|-38|CG1182013|-23|-38|CG1182013|-23|-38|CG1182013|-23|-38|CG1182013|-23|-38|CG1182013|-23|-38|CG1182014|-24|-38|CG1182015|-30|-45|CG1182016|-49|-31|CG1182016|-49|-31|CG1182016|-49|-31|CG1182016|-49|-31|CG1182015|-30|-45|CG1182015|-30|-45|CG1182014|-24|-38|CG1182014|-24|-38
436|2|7|1394|13|CG1181093|-14|-56|CG1181093|-14|-56|CG1181094|-16|-58|CG1181094|-16|-58|CG1181095|-15|-58|CG1181095|-15|-58|CG1181096|-13|-59|CG1181097|-19|-59|CG1181098|-33|-53|CG1181099|-35|-57|CG1181099|-35|-57|CG1181100|-19|-58|CG1181100|-19|-58
436|2|8|1000|2|CG1182004|-15|-54|CG1182005|-41|-45
436|2|9|1000|1|CG1182006|-22|-50
436|2|10|1190|6|CG1181998|-23|-57|CG1181999|-27|-54|CG1182000|-22|-60|CG1182001|-14|-42|CG1182002|-16|-39|CG1182003|-16|-38
436|3|0|6086|40|CG1182073|-14|-56|CG1182074|-16|-56|CG1182075|-19|-56|CG1182074|-16|-56|CG1182073|-14|-56|CG1182076|-14|-57|CG1182077|-16|-57|CG1182077|-16|-57|CG1182077|-16|-57|CG1182077|-16|-57|CG1182076|-14|-57|CG1182073|-14|-56|CG1182074|-16|-56|CG1182075|-19|-56|CG1182074|-16|-56|CG1182073|-14|-56|CG1182074|-16|-56|CG1182075|-19|-56|CG1182074|-16|-56|CG1182073|-14|-56|CG1182076|-14|-57|CG1182077|-16|-57|CG1182077|-16|-57|CG1182077|-16|-57|CG1182076|-14|-57|CG1182073|-14|-56|CG1182076|-14|-57|CG1182077|-16|-57|CG1182077|-16|-57|CG1182077|-16|-57|CG1182077|-16|-57|CG1182076|-14|-57|CG1182073|-14|-56|CG1182074|-16|-56|CG1182075|-19|-56|CG1182074|-16|-56|CG1182073|-14|-56|CG1182074|-16|-56|CG1182075|-19|-56|CG1182074|-16|-56
436|3|1|1000|6|CG1182080|-21|-54|CG1182081|-16|-57|CG1182082|-15|-55|CG1182083|-21|-53|CG1182084|-16|-58|CG1182085|-15|-56
436|3|2|600|5|CG1325525|-125|-117|CG1325526|-119|-165|CG1325527|-116|-175|CG1325528|-58|-136|CG1325529|-81|-129
436|3|3|510|6|CG1182043|-26|-54|CG1182044|-20|-52|CG1182045|-21|-54|CG1182046|-27|-61|CG1182047|-20|-53|CG1182048|-22|-52
436|3|4|
436|3|5|1000|8|CG1182035|-20|-55|CG1182036|-24|-46|CG1182037|-15|-77|CG1182038|-38|-79|CG1182039|-2|-85|CG1182040|13|-54|CG1182041|3|-47|CG1182042|-2|-51
436|3|6|2091|24|CG1182062|-19|-52|CG1182062|-19|-52|CG1182063|-23|-57|CG1182063|-23|-57|CG1182064|-39|-54|CG1182064|-39|-54|CG1182065|-31|-42|CG1182065|-31|-42|CG1182066|-30|-38|CG1182066|-30|-38|CG1182066|-30|-38|CG1182066|-30|-38|CG1182066|-30|-38|CG1182066|-30|-38|CG1182067|-31|-43|CG1182068|-35|-50|CG1182069|-45|-41|CG1182069|-45|-41|CG1182069|-45|-41|CG1182069|-45|-41|CG1182068|-35|-50|CG1182068|-35|-50|CG1182067|-31|-43|CG1182067|-31|-43
436|3|7|1394|13|CG1181161|-14|-56|CG1181161|-14|-56|CG1181162|-15|-55|CG1181162|-15|-55|CG1181163|-14|-56|CG1181163|-14|-56|CG1181164|-9|-54|CG1181165|-11|-59|CG1181166|-24|-56|CG1181167|-17|-59|CG1181167|-17|-59|CG1181168|-13|-56|CG1181168|-13|-56
436|3|8|1000|2|CG1182057|-17|-50|CG1182058|-53|-43
436|3|9|1000|1|CG1182059|-26|-46
436|3|10|1190|6|CG1182051|-14|-57|CG1182052|-18|-55|CG1182053|-8|-52|CG1182054|-10|-32|CG1182055|-12|-29|CG1182056|-12|-23
436|4|0|6086|40|CG1182126|-21|-56|CG1182127|-26|-56|CG1182128|-27|-56|CG1182127|-26|-56|CG1182126|-21|-56|CG1182129|-23|-57|CG1182130|-24|-57|CG1182130|-24|-57|CG1182130|-24|-57|CG1182130|-24|-57|CG1182129|-23|-57|CG1182126|-21|-56|CG1182127|-26|-56|CG1182128|-27|-56|CG1182127|-26|-56|CG1182126|-21|-56|CG1182127|-26|-56|CG1182128|-27|-56|CG1182127|-26|-56|CG1182126|-21|-56|CG1182129|-23|-57|CG1182130|-24|-57|CG1182130|-24|-57|CG1182130|-24|-57|CG1182129|-23|-57|CG1182126|-21|-56|CG1182129|-23|-57|CG1182130|-24|-57|CG1182130|-24|-57|CG1182130|-24|-57|CG1182130|-24|-57|CG1182129|-23|-57|CG1182126|-21|-56|CG1182127|-26|-56|CG1182128|-27|-56|CG1182127|-26|-56|CG1182126|-21|-56|CG1182127|-26|-56|CG1182128|-27|-56|CG1182127|-26|-56
436|4|1|1000|6|CG1182133|-23|-53|CG1182134|-21|-57|CG1182135|-16|-55|CG1182136|-19|-53|CG1182137|-17|-57|CG1182138|-21|-55
436|4|2|600|5|CG1325581|-118|-123|CG1325582|-92|-162|CG1325583|-82|-152|CG1325584|-98|-119|CG1325585|-112|-122
436|4|3|510|6|CG1182096|-34|-51|CG1182097|-28|-47|CG1182098|-19|-48|CG1182099|-23|-57|CG1182100|-16|-48|CG1182101|-27|-48
436|4|4|
436|4|5|1000|8|CG1182088|-28|-54|CG1182089|-31|-46|CG1182090|-18|-83|CG1182091|-40|-74|CG1182092|-4|-73|CG1182093|4|-47|CG1182094|-1|-33|CG1182095|-8|-42
436|4|6|2091|24|CG1182115|-26|-50|CG1182115|-26|-50|CG1182116|-29|-58|CG1182116|-29|-58|CG1182117|-41|-54|CG1182117|-41|-54|CG1182118|-45|-46|CG1182118|-45|-46|CG1182119|-45|-38|CG1182119|-45|-38|CG1182119|-45|-38|CG1182119|-45|-38|CG1182119|-45|-38|CG1182119|-45|-38|CG1182120|-45|-48|CG1182121|-46|-50|CG1182122|-46|-50|CG1182122|-46|-50|CG1182122|-46|-50|CG1182122|-46|-50|CG1182121|-46|-50|CG1182121|-46|-50|CG1182120|-45|-48|CG1182120|-45|-48
436|4|7|1394|13|CG1181229|-14|-56|CG1181229|-14|-56|CG1181230|-14|-53|CG1181230|-14|-53|CG1181231|-13|-55|CG1181231|-13|-55|CG1181232|-8|-48|CG1181233|-11|-57|CG1181234|-28|-57|CG1181235|-30|-59|CG1181235|-30|-59|CG1181236|-20|-55|CG1181236|-20|-55
436|4|8|1000|2|CG1182110|-18|-45|CG1182111|-42|-50
436|4|9|1000|1|CG1182112|-32|-43
436|4|10|1190|6|CG1182104|-24|-57|CG1182105|-28|-57|CG1182106|-39|-44|CG1182107|-15|-24|CG1182108|-16|-23|CG1182109|-16|-17
436|5|0|6086|40|CG1182179|-26|-56|CG1182180|-36|-56|CG1182181|-41|-56|CG1182180|-36|-56|CG1182179|-26|-56|CG1182182|-32|-57|CG1182183|-39|-57|CG1182183|-39|-57|CG1182183|-39|-57|CG1182183|-39|-57|CG1182182|-32|-57|CG1182179|-26|-56|CG1182180|-36|-56|CG1182181|-41|-56|CG1182180|-36|-56|CG1182179|-26|-56|CG1182180|-36|-56|CG1182181|-41|-56|CG1182180|-36|-56|CG1182179|-26|-56|CG1182182|-32|-57|CG1182183|-39|-57|CG1182183|-39|-57|CG1182183|-39|-57|CG1182182|-32|-57|CG1182179|-26|-56|CG1182182|-32|-57|CG1182183|-39|-57|CG1182183|-39|-57|CG1182183|-39|-57|CG1182183|-39|-57|CG1182182|-32|-57|CG1182179|-26|-56|CG1182180|-36|-56|CG1182181|-41|-56|CG1182180|-36|-56|CG1182179|-26|-56|CG1182180|-36|-56|CG1182181|-41|-56|CG1182180|-36|-56
436|5|1|1000|6|CG1182186|-29|-53|CG1182187|-27|-57|CG1182188|-24|-55|CG1182189|-22|-53|CG1182190|-23|-57|CG1182191|-26|-55
436|5|2|600|5|CG1325637|-87|-102|CG1325638|-101|-134|CG1325639|-81|-118|CG1325640|-146|-102|CG1325641|-132|-115
436|5|3|510|6|CG1182149|-51|-50|CG1182150|-39|-46|CG1182151|-19|-47|CG1182152|-13|-50|CG1182153|-18|-45|CG1182154|-37|-46
436|5|4|
436|5|5|1000|8|CG1182141|-31|-53|CG1182142|-42|-42|CG1182143|-27|-87|CG1182144|-23|-78|CG1182145|-24|-74|CG1182146|-25|-42|CG1182147|-21|-29|CG1182148|-16|-38
436|5|6|2091|24|CG1182168|-35|-49|CG1182168|-35|-49|CG1182169|-44|-58|CG1182169|-44|-58|CG1182170|-45|-60|CG1182170|-45|-60|CG1182171|-56|-47|CG1182171|-56|-47|CG1182172|-56|-38|CG1182172|-56|-38|CG1182172|-56|-38|CG1182172|-56|-38|CG1182172|-56|-38|CG1182172|-56|-38|CG1182173|-56|-50|CG1182174|-57|-53|CG1182175|-57|-54|CG1182175|-57|-54|CG1182175|-57|-54|CG1182175|-57|-54|CG1182174|-57|-53|CG1182174|-57|-53|CG1182173|-56|-50|CG1182173|-56|-50
436|5|7|1394|13|CG1181297|-15|-56|CG1181297|-15|-56|CG1181298|-15|-52|CG1181298|-15|-52|CG1181299|-15|-55|CG1181299|-15|-55|CG1181300|-14|-45|CG1181301|-26|-54|CG1181302|-20|-54|CG1181303|-31|-58|CG1181303|-31|-58|CG1181304|-28|-55|CG1181304|-28|-55
436|5|8|1000|2|CG1182163|-25|-43|CG1182164|-42|-55
436|5|9|1000|1|CG1182165|-36|-48
436|5|10|1190|6|CG1182157|-27|-57|CG1182158|-51|-57|CG1182159|-64|-40|CG1182160|-52|-20|CG1182161|-56|-19|CG1182162|-55|-15
436|6|0|6086|40|CG1182232|-48|-56|CG1182233|-49|-56|CG1182234|-51|-56|CG1182233|-49|-56|CG1182232|-48|-56|CG1182235|-50|-57|CG1182236|-52|-57|CG1182236|-52|-57|CG1182236|-52|-57|CG1182236|-52|-57|CG1182235|-50|-57|CG1182232|-48|-56|CG1182233|-49|-56|CG1182234|-51|-56|CG1182233|-49|-56|CG1182232|-48|-56|CG1182233|-49|-56|CG1182234|-51|-56|CG1182233|-49|-56|CG1182232|-48|-56|CG1182235|-50|-57|CG1182236|-52|-57|CG1182236|-52|-57|CG1182236|-52|-57|CG1182235|-50|-57|CG1182232|-48|-56|CG1182235|-50|-57|CG1182236|-52|-57|CG1182236|-52|-57|CG1182236|-52|-57|CG1182236|-52|-57|CG1182235|-50|-57|CG1182232|-48|-56|CG1182233|-49|-56|CG1182234|-51|-56|CG1182233|-49|-56|CG1182232|-48|-56|CG1182233|-49|-56|CG1182234|-51|-56|CG1182233|-49|-56
436|6|1|1000|6|CG1182239|-44|-53|CG1182240|-47|-57|CG1182241|-45|-55|CG1182242|-44|-53|CG1182243|-45|-57|CG1182244|-45|-55
436|6|2|600|5|CG1325693|-56|-115|CG1325694|-66|-158|CG1325695|-93|-143|CG1325696|-109|-126|CG1325697|-81|-115
436|6|3|510|6|CG1182202|-47|-52|CG1182203|-47|-48|CG1182204|-23|-48|CG1182205|-20|-51|CG1182206|-22|-47|CG1182207|-47|-48
436|6|4|
436|6|5|1000|8|CG1182194|-41|-54|CG1182195|-45|-44|CG1182196|-33|-88|CG1182197|-29|-80|CG1182198|-63|-87|CG1182199|-72|-46|CG1182200|-63|-33|CG1182201|-40|-41
436|6|6|2091|24|CG1182221|-44|-50|CG1182221|-44|-50|CG1182222|-51|-58|CG1182222|-51|-58|CG1182223|-27|-73|CG1182223|-27|-73|CG1182224|-47|-46|CG1182224|-47|-46|CG1182225|-48|-38|CG1182225|-48|-38|CG1182225|-48|-38|CG1182225|-48|-38|CG1182225|-48|-38|CG1182225|-48|-38|CG1182226|-48|-48|CG1182227|-48|-50|CG1182228|-47|-50|CG1182228|-47|-50|CG1182228|-47|-50|CG1182228|-47|-50|CG1182227|-48|-50|CG1182227|-48|-50|CG1182226|-48|-48|CG1182226|-48|-48
436|6|7|1394|13|CG1181365|-24|-56|CG1181365|-24|-56|CG1181366|-23|-53|CG1181366|-23|-53|CG1181367|-24|-55|CG1181367|-24|-55|CG1181368|-26|-47|CG1181369|-30|-51|CG1181370|-22|-50|CG1181371|-26|-56|CG1181371|-26|-56|CG1181372|-25|-55|CG1181372|-25|-55
436|6|8|1000|2|CG1182216|-51|-44|CG1182217|-39|-52
436|6|9|1000|1|CG1182218|-37|-60
436|6|10|1190|6|CG1182210|-41|-57|CG1182211|-58|-57|CG1182212|-65|-55|CG1182213|-76|-29|CG1182214|-76|-23|CG1182215|-75|-18
436|7|0|6086|40|CG1182285|-49|-56|CG1182286|-47|-56|CG1182287|-42|-56|CG1182286|-47|-56|CG1182285|-49|-56|CG1182288|-50|-57|CG1182289|-48|-57|CG1182289|-48|-57|CG1182289|-48|-57|CG1182289|-48|-57|CG1182288|-50|-57|CG1182285|-49|-56|CG1182286|-47|-56|CG1182287|-42|-56|CG1182286|-47|-56|CG1182285|-49|-56|CG1182286|-47|-56|CG1182287|-42|-56|CG1182286|-47|-56|CG1182285|-49|-56|CG1182288|-50|-57|CG1182289|-48|-57|CG1182289|-48|-57|CG1182289|-48|-57|CG1182288|-50|-57|CG1182285|-49|-56|CG1182288|-50|-57|CG1182289|-48|-57|CG1182289|-48|-57|CG1182289|-48|-57|CG1182289|-48|-57|CG1182288|-50|-57|CG1182285|-49|-56|CG1182286|-47|-56|CG1182287|-42|-56|CG1182286|-47|-56|CG1182285|-49|-56|CG1182286|-47|-56|CG1182287|-42|-56|CG1182286|-47|-56
436|7|1|1000|6|CG1182292|-40|-53|CG1182293|-42|-57|CG1182294|-48|-55|CG1182295|-51|-54|CG1182296|-49|-57|CG1182297|-43|-55
436|7|2|600|5|CG1325749|-65|-111|CG1325750|-73|-164|CG1325751|-68|-170|CG1325752|-60|-150|CG1325753|-60|-127
436|7|3|510|6|CG1182255|-34|-55|CG1182256|-45|-52|CG1182257|-37|-52|CG1182258|-25|-54|CG1182259|-38|-51|CG1182260|-45|-52
436|7|4|
436|7|5|1000|8|CG1182247|-43|-55|CG1182248|-31|-46|CG1182249|-28|-86|CG1182250|-31|-79|CG1182251|-70|-104|CG1182252|-91|-52|CG1182253|-82|-47|CG1182254|-59|-49
436|7|6|2091|24|CG1182274|-45|-52|CG1182274|-45|-52|CG1182275|-43|-70|CG1182275|-43|-70|CG1182276|-13|-76|CG1182276|-13|-76|CG1182277|-26|-42|CG1182277|-26|-42|CG1182278|-26|-38|CG1182278|-26|-38|CG1182278|-26|-38|CG1182278|-26|-38|CG1182278|-26|-38|CG1182278|-26|-38|CG1182279|-26|-43|CG1182280|-26|-42|CG1182281|-25|-41|CG1182281|-25|-41|CG1182281|-25|-41|CG1182281|-25|-41|CG1182280|-26|-42|CG1182280|-26|-42|CG1182279|-26|-43|CG1182279|-26|-43
436|7|7|1394|13|CG1181433|-28|-56|CG1181433|-28|-56|CG1181434|-27|-55|CG1181434|-27|-55|CG1181435|-28|-56|CG1181435|-28|-56|CG1181436|-31|-52|CG1181437|-33|-51|CG1181438|-33|-47|CG1181439|-30|-55|CG1181439|-30|-55|CG1181440|-17|-56|CG1181440|-17|-56
436|7|8|1000|2|CG1182269|-46|-57|CG1182270|-17|-59
436|7|9|1000|1|CG1182271|-27|-63
436|7|10|1190|6|CG1182263|-48|-57|CG1182264|-41|-55|CG1182265|-38|-75|CG1182266|-68|-51|CG1182267|-69|-32|CG1182268|-70|-34
