446|0|0|6086|40|CG1186120|-23|-57|CG1186121|-20|-56|CG1186122|-17|-56|CG1186121|-20|-56|CG1186120|-23|-57|CG1186123|-22|-56|CG1186124|-22|-55|CG1186124|-22|-55|CG1186124|-22|-55|CG1186124|-22|-55|CG1186123|-22|-56|CG1186120|-23|-57|CG1186121|-20|-56|CG1186122|-17|-56|CG1186121|-20|-56|CG1186120|-23|-57|CG1186121|-20|-56|CG1186122|-17|-56|CG1186121|-20|-56|CG1186120|-23|-57|CG1186123|-22|-56|CG1186124|-22|-55|CG1186124|-22|-55|CG1186124|-22|-55|CG1186123|-22|-56|CG1186120|-23|-57|CG1186123|-22|-56|CG1186124|-22|-55|CG1186124|-22|-55|CG1186124|-22|-55|CG1186124|-22|-55|CG1186123|-22|-56|CG1186120|-23|-57|CG1186121|-20|-56|CG1186122|-17|-56|CG1186121|-20|-56|CG1186120|-23|-57|CG1186121|-20|-56|CG1186122|-17|-56|CG1186121|-20|-56
446|0|1|1000|6|CG1186136|-24|-54|CG1186137|-23|-57|CG1186138|-18|-55|CG1186139|-25|-54|CG1186140|-20|-57|CG1186141|-24|-55
446|0|2|600|5|CG1325357|-54|-113|CG1325358|-66|-144|CG1325359|-95|-176|CG1325360|-103|-137|CG1325361|-78|-106
446|0|3|510|6|CG1186084|-24|-58|CG1186085|-27|-56|CG1186086|-22|-56|CG1186087|-23|-57|CG1186088|-23|-56|CG1186089|-29|-55
446|0|4|
446|0|5|1394|16|CG1186076|-19|-55|CG1186076|-19|-55|CG1186077|-25|-51|CG1186077|-25|-51|CG1186077|-25|-51|CG1186078|-75|-81|CG1186078|-75|-81|CG1186079|-28|-54|CG1186080|-13|-32|CG1186081|-3|-30|CG1186081|-3|-30|CG1186081|-3|-30|CG1186082|-15|-50|CG1186082|-15|-50|CG1186083|-23|-56|CG1186083|-23|-56
446|0|6|2091|24|CG1186108|-19|-54|CG1186108|-19|-54|CG1186109|-27|-56|CG1186109|-27|-56|CG1186110|-20|-38|CG1186110|-20|-38|CG1186111|-19|-39|CG1186111|-19|-39|CG1186112|-19|-38|CG1186112|-19|-38|CG1186112|-19|-38|CG1186112|-19|-38|CG1186112|-19|-38|CG1186112|-19|-38|CG1186113|-20|-38|CG1186114|-20|-45|CG1186115|-19|-31|CG1186115|-19|-31|CG1186115|-19|-31|CG1186115|-19|-31|CG1186114|-20|-45|CG1186114|-20|-45|CG1186113|-20|-38|CG1186113|-20|-38
446|0|7|1394|13|CG1186125|-23|-56|CG1186125|-23|-56|CG1186126|-22|-58|CG1186126|-22|-58|CG1186127|-24|-58|CG1186127|-24|-58|CG1186128|-26|-58|CG1186129|-39|-53|CG1186130|-29|-46|CG1186131|-25|-54|CG1186131|-25|-54|CG1186132|-26|-58|CG1186132|-26|-58
446|0|8|1000|2|CG1186099|-26|-53|CG1186100|-16|-35
446|0|9|1000|1|CG1186105|-24|-50
446|0|10|1190|6|CG1186093|-23|-57|CG1186094|-18|-54|CG1186095|-30|-60|CG1186096|-43|-42|CG1186097|-43|-39|CG1186098|-44|-38
446|1|0|6086|40|CG1186188|-26|-57|CG1186189|-28|-57|CG1186190|-28|-56|CG1186189|-28|-57|CG1186188|-26|-57|CG1186191|-27|-57|CG1186192|-28|-55|CG1186192|-28|-55|CG1186192|-28|-55|CG1186192|-28|-55|CG1186191|-27|-57|CG1186188|-26|-57|CG1186189|-28|-57|CG1186190|-28|-56|CG1186189|-28|-57|CG1186188|-26|-57|CG1186189|-28|-57|CG1186190|-28|-56|CG1186189|-28|-57|CG1186188|-26|-57|CG1186191|-27|-57|CG1186192|-28|-55|CG1186192|-28|-55|CG1186192|-28|-55|CG1186191|-27|-57|CG1186188|-26|-57|CG1186191|-27|-57|CG1186192|-28|-55|CG1186192|-28|-55|CG1186192|-28|-55|CG1186192|-28|-55|CG1186191|-27|-57|CG1186188|-26|-57|CG1186189|-28|-57|CG1186190|-28|-56|CG1186189|-28|-57|CG1186188|-26|-57|CG1186189|-28|-57|CG1186190|-28|-56|CG1186189|-28|-57
446|1|1|1000|6|CG1186204|-24|-54|CG1186205|-24|-57|CG1186206|-25|-56|CG1186207|-26|-54|CG1186208|-27|-57|CG1186209|-26|-56
446|1|2|600|5|CG1325413|-100|-113|CG1325414|-102|-107|CG1325415|-90|-159|CG1325416|-142|-98|CG1325417|-131|-103
446|1|3|510|6|CG1186152|-17|-58|CG1186153|-20|-57|CG1186154|-27|-57|CG1186155|-21|-58|CG1186156|-29|-58|CG1186157|-22|-57
446|1|4|
446|1|5|1394|16|CG1186144|-25|-56|CG1186144|-25|-56|CG1186145|-20|-54|CG1186145|-20|-54|CG1186145|-20|-54|CG1186146|-27|-95|CG1186146|-27|-95|CG1186147|-28|-56|CG1186148|-26|-30|CG1186149|-19|-28|CG1186149|-19|-28|CG1186149|-19|-28|CG1186150|-30|-49|CG1186150|-30|-49|CG1186151|-23|-57|CG1186151|-23|-57
446|1|6|2091|24|CG1186176|-25|-55|CG1186176|-25|-55|CG1186177|-36|-56|CG1186177|-36|-56|CG1186178|-32|-34|CG1186178|-32|-34|CG1186179|-22|-37|CG1186179|-22|-37|CG1186180|-20|-37|CG1186180|-20|-37|CG1186180|-20|-37|CG1186180|-20|-37|CG1186180|-20|-37|CG1186180|-20|-37|CG1186181|-22|-36|CG1186182|-23|-39|CG1186183|-27|-26|CG1186183|-27|-26|CG1186183|-27|-26|CG1186183|-27|-26|CG1186182|-23|-39|CG1186182|-23|-39|CG1186181|-22|-36|CG1186181|-22|-36
446|1|7|1394|13|CG1186193|-18|-56|CG1186193|-18|-56|CG1186194|-17|-58|CG1186194|-17|-58|CG1186195|-17|-58|CG1186195|-17|-58|CG1186196|-19|-60|CG1186197|-38|-56|CG1186198|-39|-50|CG1186199|-38|-55|CG1186199|-38|-55|CG1186200|-28|-58|CG1186200|-28|-58
446|1|8|1000|2|CG1186167|-22|-54|CG1186168|-18|-33
446|1|9|1000|1|CG1186173|-19|-51
446|1|10|1190|6|CG1186161|-29|-57|CG1186162|-28|-53|CG1186163|-30|-63|CG1186164|-28|-49|CG1186165|-28|-46|CG1186166|-29|-45
446|2|0|6086|40|CG1186256|-21|-57|CG1186257|-25|-56|CG1186258|-28|-56|CG1186257|-25|-56|CG1186256|-21|-57|CG1186259|-23|-56|CG1186260|-24|-55|CG1186260|-24|-55|CG1186260|-24|-55|CG1186260|-24|-55|CG1186259|-23|-56|CG1186256|-21|-57|CG1186257|-25|-56|CG1186258|-28|-56|CG1186257|-25|-56|CG1186256|-21|-57|CG1186257|-25|-56|CG1186258|-28|-56|CG1186257|-25|-56|CG1186256|-21|-57|CG1186259|-23|-56|CG1186260|-24|-55|CG1186260|-24|-55|CG1186260|-24|-55|CG1186259|-23|-56|CG1186256|-21|-57|CG1186259|-23|-56|CG1186260|-24|-55|CG1186260|-24|-55|CG1186260|-24|-55|CG1186260|-24|-55|CG1186259|-23|-56|CG1186256|-21|-57|CG1186257|-25|-56|CG1186258|-28|-56|CG1186257|-25|-56|CG1186256|-21|-57|CG1186257|-25|-56|CG1186258|-28|-56|CG1186257|-25|-56
446|2|1|1000|6|CG1186272|-20|-54|CG1186273|-17|-57|CG1186274|-23|-55|CG1186275|-26|-53|CG1186276|-24|-57|CG1186277|-17|-55
446|2|2|600|5|CG1325469|-119|-113|CG1325470|-90|-142|CG1325471|-82|-174|CG1325472|-99|-116|CG1325473|-109|-103
446|2|3|510|6|CG1186220|-23|-57|CG1186221|-16|-56|CG1186222|-29|-55|CG1186223|-30|-58|CG1186224|-29|-56|CG1186225|-19|-56
446|2|4|
446|2|5|1394|16|CG1186212|-27|-56|CG1186212|-27|-56|CG1186213|-27|-55|CG1186213|-27|-55|CG1186213|-27|-55|CG1186214|29|-89|CG1186214|29|-89|CG1186215|-25|-54|CG1186216|-43|-30|CG1186217|-43|-35|CG1186217|-43|-35|CG1186217|-43|-35|CG1186218|-35|-50|CG1186218|-35|-50|CG1186219|-27|-55|CG1186219|-27|-55
446|2|6|2091|24|CG1186244|-27|-54|CG1186244|-27|-54|CG1186245|-31|-56|CG1186245|-31|-56|CG1186246|-34|-38|CG1186246|-34|-38|CG1186247|-24|-39|CG1186247|-24|-39|CG1186248|-23|-38|CG1186248|-23|-38|CG1186248|-23|-38|CG1186248|-23|-38|CG1186248|-23|-38|CG1186248|-23|-38|CG1186249|-24|-38|CG1186250|-30|-45|CG1186251|-49|-31|CG1186251|-49|-31|CG1186251|-49|-31|CG1186251|-49|-31|CG1186250|-30|-45|CG1186250|-30|-45|CG1186249|-24|-38|CG1186249|-24|-38
446|2|7|1394|13|CG1186261|-14|-56|CG1186261|-14|-56|CG1186262|-16|-58|CG1186262|-16|-58|CG1186263|-15|-58|CG1186263|-15|-58|CG1186264|-13|-59|CG1186265|-19|-59|CG1186266|-33|-53|CG1186267|-35|-57|CG1186267|-35|-57|CG1186268|-19|-58|CG1186268|-19|-58
446|2|8|1000|2|CG1186235|-15|-54|CG1186236|-41|-37
446|2|9|1000|1|CG1186241|-22|-50
446|2|10|1190|6|CG1186229|-23|-57|CG1186230|-27|-54|CG1186231|-22|-60|CG1186232|-14|-42|CG1186233|-16|-39|CG1186234|-16|-38
446|3|0|6086|40|CG1186324|-14|-56|CG1186325|-14|-56|CG1186326|-19|-56|CG1186325|-14|-56|CG1186324|-14|-56|CG1186327|-14|-57|CG1186328|-16|-57|CG1186328|-16|-57|CG1186328|-16|-57|CG1186328|-16|-57|CG1186327|-14|-57|CG1186324|-14|-56|CG1186325|-14|-56|CG1186326|-19|-56|CG1186325|-14|-56|CG1186324|-14|-56|CG1186325|-14|-56|CG1186326|-19|-56|CG1186325|-14|-56|CG1186324|-14|-56|CG1186327|-14|-57|CG1186328|-16|-57|CG1186328|-16|-57|CG1186328|-16|-57|CG1186327|-14|-57|CG1186324|-14|-56|CG1186327|-14|-57|CG1186328|-16|-57|CG1186328|-16|-57|CG1186328|-16|-57|CG1186328|-16|-57|CG1186327|-14|-57|CG1186324|-14|-56|CG1186325|-14|-56|CG1186326|-19|-56|CG1186325|-14|-56|CG1186324|-14|-56|CG1186325|-14|-56|CG1186326|-19|-56|CG1186325|-14|-56
446|3|1|1000|6|CG1186340|-21|-54|CG1186341|-16|-57|CG1186342|-15|-55|CG1186343|-21|-53|CG1186344|-16|-58|CG1186345|-15|-56
446|3|2|600|5|CG1325525|-125|-117|CG1325526|-119|-165|CG1325527|-116|-175|CG1325528|-58|-136|CG1325529|-81|-129
446|3|3|510|6|CG1186288|-25|-54|CG1186289|-20|-52|CG1186290|-21|-52|CG1186291|-27|-55|CG1186292|-20|-52|CG1186293|-22|-52
446|3|4|
446|3|5|1394|16|CG1186280|-20|-54|CG1186280|-20|-54|CG1186281|-25|-53|CG1186281|-25|-53|CG1186281|-25|-53|CG1186282|48|-64|CG1186282|48|-64|CG1186283|-18|-57|CG1186284|-55|-35|CG1186285|-52|-43|CG1186285|-52|-43|CG1186285|-52|-43|CG1186286|-29|-52|CG1186286|-29|-52|CG1186287|-23|-51|CG1186287|-23|-51
446|3|6|2091|24|CG1186312|-20|-52|CG1186312|-20|-52|CG1186313|-23|-57|CG1186313|-23|-57|CG1186314|-39|-43|CG1186314|-39|-43|CG1186315|-27|-42|CG1186315|-27|-42|CG1186316|-29|-38|CG1186316|-29|-38|CG1186316|-29|-38|CG1186316|-29|-38|CG1186316|-29|-38|CG1186316|-29|-38|CG1186317|-28|-43|CG1186318|-35|-50|CG1186319|-48|-41|CG1186319|-48|-41|CG1186319|-48|-41|CG1186319|-48|-41|CG1186318|-35|-50|CG1186318|-35|-50|CG1186317|-28|-43|CG1186317|-28|-43
446|3|7|1394|13|CG1186329|-14|-56|CG1186329|-14|-56|CG1186330|-15|-55|CG1186330|-15|-55|CG1186331|-14|-56|CG1186331|-14|-56|CG1186332|-9|-54|CG1186333|-11|-59|CG1186334|-24|-56|CG1186335|-17|-59|CG1186335|-17|-59|CG1186336|-13|-56|CG1186336|-13|-56
446|3|8|1000|2|CG1186303|-17|-50|CG1186304|-53|-43
446|3|9|1000|1|CG1186309|-26|-46
446|3|10|1190|6|CG1186297|-14|-57|CG1186298|-18|-55|CG1186299|-8|-52|CG1186300|-10|-32|CG1186301|-12|-29|CG1186302|-12|-23
446|4|0|6086|40|CG1186392|-21|-56|CG1186393|-27|-56|CG1186394|-30|-56|CG1186393|-27|-56|CG1186392|-21|-56|CG1186395|-23|-57|CG1186396|-24|-57|CG1186396|-24|-57|CG1186396|-24|-57|CG1186396|-24|-57|CG1186395|-23|-57|CG1186392|-21|-56|CG1186393|-27|-56|CG1186394|-30|-56|CG1186393|-27|-56|CG1186392|-21|-56|CG1186393|-27|-56|CG1186394|-30|-56|CG1186393|-27|-56|CG1186392|-21|-56|CG1186395|-23|-57|CG1186396|-24|-57|CG1186396|-24|-57|CG1186396|-24|-57|CG1186395|-23|-57|CG1186392|-21|-56|CG1186395|-23|-57|CG1186396|-24|-57|CG1186396|-24|-57|CG1186396|-24|-57|CG1186396|-24|-57|CG1186395|-23|-57|CG1186392|-21|-56|CG1186393|-27|-56|CG1186394|-30|-56|CG1186393|-27|-56|CG1186392|-21|-56|CG1186393|-27|-56|CG1186394|-30|-56|CG1186393|-27|-56
446|4|1|1000|6|CG1186408|-25|-53|CG1186409|-22|-57|CG1186410|-15|-55|CG1186411|-19|-53|CG1186412|-17|-57|CG1186413|-21|-55
446|4|2|600|5|CG1325581|-118|-123|CG1325582|-92|-162|CG1325583|-82|-152|CG1325584|-98|-119|CG1325585|-112|-122
446|4|3|510|6|CG1186356|-30|-51|CG1186357|-27|-47|CG1186358|-19|-48|CG1186359|-23|-52|CG1186360|-16|-48|CG1186361|-26|-48
446|4|4|
446|4|5|1394|16|CG1186348|-19|-52|CG1186348|-19|-52|CG1186349|-15|-48|CG1186349|-15|-48|CG1186349|-15|-48|CG1186350|28|-35|CG1186350|28|-35|CG1186351|-12|-57|CG1186352|-41|-41|CG1186353|-39|-49|CG1186353|-39|-49|CG1186353|-39|-49|CG1186354|-35|-54|CG1186354|-35|-54|CG1186355|-28|-45|CG1186355|-28|-45
446|4|6|2091|24|CG1186380|-28|-50|CG1186380|-28|-50|CG1186381|-31|-58|CG1186381|-31|-58|CG1186382|-31|-44|CG1186382|-31|-44|CG1186383|-22|-46|CG1186383|-22|-46|CG1186384|-22|-38|CG1186384|-22|-38|CG1186384|-22|-38|CG1186384|-22|-38|CG1186384|-22|-38|CG1186384|-22|-38|CG1186385|-23|-48|CG1186386|-29|-50|CG1186387|-47|-50|CG1186387|-47|-50|CG1186387|-47|-50|CG1186387|-47|-50|CG1186386|-29|-50|CG1186386|-29|-50|CG1186385|-23|-48|CG1186385|-23|-48
446|4|7|1394|13|CG1186397|-14|-56|CG1186397|-14|-56|CG1186398|-14|-53|CG1186398|-14|-53|CG1186399|-13|-55|CG1186399|-13|-55|CG1186400|-8|-48|CG1186401|-11|-57|CG1186402|-28|-57|CG1186403|-30|-59|CG1186403|-30|-59|CG1186404|-20|-55|CG1186404|-20|-55
446|4|8|1000|2|CG1186371|-13|-45|CG1186372|-42|-50
446|4|9|1000|1|CG1186377|-22|-43
446|4|10|1190|6|CG1186365|-23|-57|CG1186366|-28|-57|CG1186367|-22|-44|CG1186368|-15|-24|CG1186369|-16|-23|CG1186370|-16|-17
446|5|0|6086|40|CG1186460|-26|-56|CG1186461|-28|-56|CG1186462|-28|-56|CG1186461|-28|-56|CG1186460|-26|-56|CG1186463|-27|-57|CG1186464|-27|-57|CG1186464|-27|-57|CG1186464|-27|-57|CG1186464|-27|-57|CG1186463|-27|-57|CG1186460|-26|-56|CG1186461|-28|-56|CG1186462|-28|-56|CG1186461|-28|-56|CG1186460|-26|-56|CG1186461|-28|-56|CG1186462|-28|-56|CG1186461|-28|-56|CG1186460|-26|-56|CG1186463|-27|-57|CG1186464|-27|-57|CG1186464|-27|-57|CG1186464|-27|-57|CG1186463|-27|-57|CG1186460|-26|-56|CG1186463|-27|-57|CG1186464|-27|-57|CG1186464|-27|-57|CG1186464|-27|-57|CG1186464|-27|-57|CG1186463|-27|-57|CG1186460|-26|-56|CG1186461|-28|-56|CG1186462|-28|-56|CG1186461|-28|-56|CG1186460|-26|-56|CG1186461|-28|-56|CG1186462|-28|-56|CG1186461|-28|-56
446|5|1|1000|6|CG1186476|-24|-53|CG1186477|-26|-57|CG1186478|-23|-55|CG1186479|-19|-53|CG1186480|-22|-57|CG1186481|-24|-55
446|5|2|600|5|CG1325637|-87|-102|CG1325638|-101|-134|CG1325639|-81|-118|CG1325640|-146|-102|CG1325641|-132|-115
446|5|3|510|6|CG1186424|-23|-50|CG1186425|-28|-46|CG1186426|-15|-47|CG1186427|-13|-50|CG1186428|-16|-45|CG1186429|-26|-46
446|5|4|
446|5|5|1394|16|CG1186416|-24|-50|CG1186416|-24|-50|CG1186417|-14|-44|CG1186417|-14|-44|CG1186417|-14|-44|CG1186418|-17|-16|CG1186418|-17|-16|CG1186419|-18|-56|CG1186420|-23|-46|CG1186421|-15|-53|CG1186421|-15|-53|CG1186421|-15|-53|CG1186422|-26|-55|CG1186422|-26|-55|CG1186423|-23|-44|CG1186423|-23|-44
446|5|6|2091|24|CG1186448|-25|-49|CG1186448|-25|-49|CG1186449|-35|-58|CG1186449|-35|-58|CG1186450|-31|-46|CG1186450|-31|-46|CG1186451|-21|-47|CG1186451|-21|-47|CG1186452|-19|-38|CG1186452|-19|-38|CG1186452|-19|-38|CG1186452|-19|-38|CG1186452|-19|-38|CG1186452|-19|-38|CG1186453|-21|-50|CG1186454|-23|-53|CG1186455|-24|-54|CG1186455|-24|-54|CG1186455|-24|-54|CG1186455|-24|-54|CG1186454|-23|-53|CG1186454|-23|-53|CG1186453|-21|-50|CG1186453|-21|-50
446|5|7|1394|13|CG1186465|-15|-56|CG1186465|-15|-56|CG1186466|-15|-52|CG1186466|-15|-52|CG1186467|-15|-55|CG1186467|-15|-55|CG1186468|-14|-45|CG1186469|-26|-54|CG1186470|-20|-54|CG1186471|-31|-58|CG1186471|-31|-58|CG1186472|-28|-55|CG1186472|-28|-55
446|5|8|1000|2|CG1186439|-24|-43|CG1186440|-26|-55
446|5|9|1000|1|CG1186445|-17|-42
446|5|10|1190|6|CG1186433|-29|-57|CG1186434|-27|-57|CG1186435|-30|-40|CG1186436|-30|-20|CG1186437|-31|-19|CG1186438|-31|-15
446|6|0|6086|40|CG1186528|-22|-56|CG1186529|-20|-56|CG1186530|-16|-56|CG1186529|-20|-56|CG1186528|-22|-56|CG1186531|-21|-57|CG1186532|-21|-57|CG1186532|-21|-57|CG1186532|-21|-57|CG1186532|-21|-57|CG1186531|-21|-57|CG1186528|-22|-56|CG1186529|-20|-56|CG1186530|-16|-56|CG1186529|-20|-56|CG1186528|-22|-56|CG1186529|-20|-56|CG1186530|-16|-56|CG1186529|-20|-56|CG1186528|-22|-56|CG1186531|-21|-57|CG1186532|-21|-57|CG1186532|-21|-57|CG1186532|-21|-57|CG1186531|-21|-57|CG1186528|-22|-56|CG1186531|-21|-57|CG1186532|-21|-57|CG1186532|-21|-57|CG1186532|-21|-57|CG1186532|-21|-57|CG1186531|-21|-57|CG1186528|-22|-56|CG1186529|-20|-56|CG1186530|-16|-56|CG1186529|-20|-56|CG1186528|-22|-56|CG1186529|-20|-56|CG1186530|-16|-56|CG1186529|-20|-56
446|6|1|1000|6|CG1186544|-25|-53|CG1186545|-20|-57|CG1186546|-23|-55|CG1186547|-23|-53|CG1186548|-23|-57|CG1186549|-19|-55
446|6|2|600|5|CG1325693|-56|-115|CG1325694|-66|-158|CG1325695|-93|-143|CG1325696|-109|-126|CG1325697|-81|-115
446|6|3|510|6|CG1186492|-23|-52|CG1186493|-23|-48|CG1186494|-22|-48|CG1186495|-19|-51|CG1186496|-22|-47|CG1186497|-21|-48
446|6|4|
446|6|5|1394|16|CG1186484|-24|-51|CG1186484|-24|-51|CG1186485|-20|-44|CG1186485|-20|-44|CG1186485|-20|-44|CG1186486|-66|-24|CG1186486|-66|-24|CG1186487|-31|-52|CG1186488|-8|-42|CG1186489|-3|-50|CG1186489|-3|-50|CG1186489|-3|-50|CG1186490|-15|-54|CG1186490|-15|-54|CG1186491|-25|-46|CG1186491|-25|-46
446|6|6|2091|24|CG1186516|-19|-50|CG1186516|-19|-50|CG1186517|-26|-58|CG1186517|-26|-58|CG1186518|-21|-44|CG1186518|-21|-44|CG1186519|-19|-46|CG1186519|-19|-46|CG1186520|-18|-38|CG1186520|-18|-38|CG1186520|-18|-38|CG1186520|-18|-38|CG1186520|-18|-38|CG1186520|-18|-38|CG1186521|-20|-48|CG1186522|-19|-50|CG1186523|-18|-50|CG1186523|-18|-50|CG1186523|-18|-50|CG1186523|-18|-50|CG1186522|-19|-50|CG1186522|-19|-50|CG1186521|-20|-48|CG1186521|-20|-48
446|6|7|1394|13|CG1186533|-24|-56|CG1186533|-24|-56|CG1186534|-23|-53|CG1186534|-23|-53|CG1186535|-24|-55|CG1186535|-24|-55|CG1186536|-26|-47|CG1186537|-30|-51|CG1186538|-22|-50|CG1186539|-26|-56|CG1186539|-26|-56|CG1186540|-25|-55|CG1186540|-25|-55
446|6|8|1000|2|CG1186507|-25|-44|CG1186508|-16|-50
446|6|9|1000|1|CG1186513|-23|-43
446|6|10|1190|6|CG1186501|-22|-57|CG1186502|-17|-57|CG1186503|-31|-44|CG1186504|-46|-23|CG1186505|-46|-23|CG1186506|-47|-18
446|7|0|6086|40|CG1186596|-16|-56|CG1186597|-14|-56|CG1186598|-14|-56|CG1186597|-14|-56|CG1186596|-16|-56|CG1186599|-14|-57|CG1186600|-14|-57|CG1186600|-14|-57|CG1186600|-14|-57|CG1186600|-14|-57|CG1186599|-14|-57|CG1186596|-16|-56|CG1186597|-14|-56|CG1186598|-14|-56|CG1186597|-14|-56|CG1186596|-16|-56|CG1186597|-14|-56|CG1186598|-14|-56|CG1186597|-14|-56|CG1186596|-16|-56|CG1186599|-14|-57|CG1186600|-14|-57|CG1186600|-14|-57|CG1186600|-14|-57|CG1186599|-14|-57|CG1186596|-16|-56|CG1186599|-14|-57|CG1186600|-14|-57|CG1186600|-14|-57|CG1186600|-14|-57|CG1186600|-14|-57|CG1186599|-14|-57|CG1186596|-16|-56|CG1186597|-14|-56|CG1186598|-14|-56|CG1186597|-14|-56|CG1186596|-16|-56|CG1186597|-14|-56|CG1186598|-14|-56|CG1186597|-14|-56
446|7|1|1000|6|CG1186612|-27|-53|CG1186613|-15|-57|CG1186614|-18|-55|CG1186615|-28|-54|CG1186616|-15|-57|CG1186617|-18|-55
446|7|2|600|5|CG1325749|-65|-111|CG1325750|-73|-164|CG1325751|-68|-170|CG1325752|-60|-150|CG1325753|-60|-127
446|7|3|510|6|CG1186560|-28|-55|CG1186561|-26|-52|CG1186562|-24|-52|CG1186563|-25|-54|CG1186564|-26|-51|CG1186565|-24|-52
446|7|4|
446|7|5|1394|16|CG1186552|-20|-53|CG1186552|-20|-53|CG1186553|-24|-46|CG1186553|-24|-46|CG1186553|-24|-46|CG1186554|-95|-52|CG1186554|-95|-52|CG1186555|-35|-49|CG1186556|-8|-35|CG1186557|2|-40|CG1186557|2|-40|CG1186557|2|-40|CG1186558|-14|-51|CG1186558|-14|-51|CG1186559|-27|-52|CG1186559|-27|-52
446|7|6|2091|24|CG1186584|-20|-52|CG1186584|-20|-52|CG1186585|-21|-57|CG1186585|-21|-57|CG1186586|-13|-44|CG1186586|-13|-44|CG1186587|-11|-42|CG1186587|-11|-42|CG1186588|-13|-38|CG1186588|-13|-38|CG1186588|-13|-38|CG1186588|-13|-38|CG1186588|-13|-38|CG1186588|-13|-38|CG1186589|-12|-43|CG1186590|-10|-49|CG1186591|-10|-41|CG1186591|-10|-41|CG1186591|-10|-41|CG1186591|-10|-41|CG1186590|-10|-49|CG1186590|-10|-49|CG1186589|-12|-43|CG1186589|-12|-43
446|7|7|1394|13|CG1186601|-28|-56|CG1186601|-28|-56|CG1186602|-27|-55|CG1186602|-27|-55|CG1186603|-28|-56|CG1186603|-28|-56|CG1186604|-31|-52|CG1186605|-33|-51|CG1186606|-33|-47|CG1186607|-30|-55|CG1186607|-30|-55|CG1186608|-17|-56|CG1186608|-17|-56
446|7|8|1000|2|CG1186575|-25|-48|CG1186576|-12|-37
446|7|9|1000|1|CG1186581|-22|-47
446|7|10|1190|6|CG1186569|-14|-57|CG1186570|-14|-55|CG1186571|-37|-52|CG1186572|-58|-33|CG1186573|-58|-28|CG1186574|-59|-23
