496|0|0|1394|4|CG1207322|-31|-73|CG1207323|-31|-72|CG1207324|-31|-72|CG1207325|-31|-72
496|0|1|1000|6|CG1207328|-38|-83|CG1207329|-33|-81|CG1207330|-35|-77|CG1207331|-31|-72|CG1207332|-37|-76|CG1207333|-36|-81
496|0|2|600|5|CG1325357|-54|-113|CG1325358|-66|-144|CG1325359|-95|-176|CG1325360|-103|-137|CG1325361|-78|-106
496|0|3|510|6|CG1207293|-34|-76|CG1207294|-41|-75|CG1207295|-41|-79|CG1207296|-39|-81|CG1207297|-42|-75|CG1207298|-38|-79
496|0|4|
496|0|5|1292|15|CG1207284|-36|-75|CG1207285|-40|-67|CG1207285|-40|-67|CG1207286|-36|-60|CG1207286|-36|-60|CG1207287|-23|-71|CG1207287|-23|-71|CG1207288|-33|-68|CG1207289|-73|-81|CG1207290|-77|-82|CG1207290|-77|-82|CG1207291|-50|-83|CG1207291|-50|-83|CG1207292|-38|-79|CG1207292|-38|-79
496|0|6|2091|21|CG1207312|-35|-76|CG1207312|-35|-76|CG1207313|-39|-76|CG1207313|-39|-76|CG1207314|-39|-76|CG1207314|-39|-76|CG1207315|-46|-77|CG1207316|-50|-77|CG1207316|-50|-77|CG1207316|-50|-77|CG1207316|-50|-77|CG1207316|-50|-77|CG1207316|-50|-77|CG1207316|-50|-77|CG1207316|-50|-77|CG1207316|-50|-77|CG1207317|-46|-78|CG1207318|-42|-79|CG1207318|-42|-79|CG1207318|-42|-79|CG1207318|-42|-79
496|0|7|1190|9|CG1206364|-36|-75|CG1206365|-40|-68|CG1206366|-35|-60|CG1206367|-23|-71|CG1206368|-38|-70|CG1206369|-46|-78|CG1206370|-52|-72|CG1206371|-45|-79|CG1206372|-38|-77
496|0|8|1000|2|CG1207307|-39|-68|CG1207308|-33|-57
496|0|9|1000|1|CG1207309|-31|-73
496|0|10|1000|6|CG1207301|-36|-82|CG1207302|-49|-81|CG1207303|-66|-62|CG1207304|-63|-63|CG1207305|-61|-60|CG1207306|-64|-52
496|1|0|1394|4|CG1207374|-35|-63|CG1207375|-35|-63|CG1207376|-35|-63|CG1207377|-35|-63
496|1|1|1000|6|CG1207380|-34|-87|CG1207381|-34|-83|CG1207382|-34|-73|CG1207383|-34|-65|CG1207384|-33|-73|CG1207385|-36|-82
496|1|2|600|5|CG1325413|-100|-113|CG1325414|-102|-107|CG1325415|-90|-159|CG1325416|-142|-98|CG1325417|-131|-103
496|1|3|510|6|CG1207345|-31|-67|CG1207346|-33|-68|CG1207347|-38|-77|CG1207348|-38|-81|CG1207349|-39|-72|CG1207350|-33|-71
496|1|4|
496|1|5|1292|15|CG1207336|-30|-69|CG1207337|-28|-68|CG1207337|-28|-68|CG1207338|-37|-66|CG1207338|-37|-66|CG1207339|-39|-72|CG1207339|-39|-72|CG1207340|-21|-76|CG1207341|-38|-94|CG1207342|-38|-96|CG1207342|-38|-96|CG1207343|-37|-84|CG1207343|-37|-84|CG1207344|-32|-70|CG1207344|-32|-70
496|1|6|2091|21|CG1207364|-33|-67|CG1207364|-33|-67|CG1207365|-28|-69|CG1207365|-28|-69|CG1207366|-26|-68|CG1207366|-26|-68|CG1207367|-27|-73|CG1207368|-28|-76|CG1207368|-28|-76|CG1207368|-28|-76|CG1207368|-28|-76|CG1207368|-28|-76|CG1207368|-28|-76|CG1207368|-28|-76|CG1207368|-28|-76|CG1207368|-28|-76|CG1207369|-31|-72|CG1207370|-34|-72|CG1207370|-34|-72|CG1207370|-34|-72|CG1207370|-34|-72
496|1|7|1190|9|CG1206432|-30|-69|CG1206433|-26|-66|CG1206434|-33|-65|CG1206435|-34|-72|CG1206436|-27|-75|CG1206437|-39|-79|CG1206438|-35|-73|CG1206439|-34|-73|CG1206440|-30|-73
496|1|8|1000|2|CG1207359|-34|-64|CG1207360|-37|-53
496|1|9|1000|1|CG1207361|-31|-70
496|1|10|1000|6|CG1207353|-41|-83|CG1207354|-51|-80|CG1207355|-49|-58|CG1207356|-42|-68|CG1207357|-44|-57|CG1207358|-41|-50
496|2|0|1394|4|CG1207426|-31|-71|CG1207427|-30|-72|CG1207428|-30|-72|CG1207429|-30|-72
496|2|1|1000|6|CG1207432|-34|-85|CG1207433|-28|-78|CG1207434|-27|-76|CG1207435|-30|-75|CG1207436|-27|-76|CG1207437|-29|-75
496|2|2|600|5|CG1325469|-119|-113|CG1325470|-90|-142|CG1325471|-82|-174|CG1325472|-99|-116|CG1325473|-109|-103
496|2|3|510|6|CG1207397|-34|-75|CG1207398|-31|-75|CG1207399|-38|-79|CG1207400|-42|-76|CG1207401|-32|-76|CG1207402|-28|-79
496|2|4|
496|2|5|1292|15|CG1207388|-23|-78|CG1207389|-37|-75|CG1207389|-37|-75|CG1207390|-38|-70|CG1207390|-38|-70|CG1207391|-40|-69|CG1207391|-40|-69|CG1207392|-47|-80|CG1207393|-31|-81|CG1207394|-16|-82|CG1207394|-16|-82|CG1207395|-18|-75|CG1207395|-18|-75|CG1207396|-30|-78|CG1207396|-30|-78
496|2|6|2091|21|CG1207416|-23|-77|CG1207416|-23|-77|CG1207417|-21|-77|CG1207417|-21|-77|CG1207418|-20|-76|CG1207418|-20|-76|CG1207419|-21|-75|CG1207420|-22|-75|CG1207420|-22|-75|CG1207420|-22|-75|CG1207420|-22|-75|CG1207420|-22|-75|CG1207420|-22|-75|CG1207420|-22|-75|CG1207420|-22|-75|CG1207420|-22|-75|CG1207421|-24|-72|CG1207422|-25|-72|CG1207422|-25|-72|CG1207422|-25|-72|CG1207422|-25|-72
496|2|7|1190|9|CG1206500|-23|-78|CG1206501|-34|-74|CG1206502|-34|-69|CG1206503|-44|-69|CG1206504|-49|-77|CG1206505|-20|-75|CG1206506|-16|-79|CG1206507|-17|-78|CG1206508|-18|-80
496|2|8|1000|2|CG1207411|-27|-72|CG1207412|-58|-61
496|2|9|1000|1|CG1207413|-32|-78
496|2|10|1000|6|CG1207405|-39|-74|CG1207406|-30|-74|CG1207407|-29|-52|CG1207408|-27|-64|CG1207409|-25|-60|CG1207410|-28|-48
496|3|0|1394|4|CG1207478|-28|-79|CG1207479|-28|-79|CG1207480|-28|-79|CG1207481|-28|-79
496|3|1|1000|6|CG1207484|-31|-79|CG1207485|-26|-82|CG1207486|-27|-82|CG1207487|-37|-80|CG1207488|-30|-82|CG1207489|-33|-81
496|3|2|600|5|CG1325525|-125|-117|CG1325526|-119|-165|CG1325527|-116|-175|CG1325528|-58|-136|CG1325529|-81|-129
496|3|3|510|6|CG1207449|-46|-74|CG1207450|-41|-71|CG1207451|-38|-77|CG1207452|-45|-75|CG1207453|-39|-73|CG1207454|-38|-77
496|3|4|
496|3|5|1292|15|CG1207440|-33|-80|CG1207441|-44|-77|CG1207441|-44|-77|CG1207442|-54|-75|CG1207442|-54|-75|CG1207443|-57|-74|CG1207443|-57|-74|CG1207444|-49|-77|CG1207445|-28|-73|CG1207446|-10|-69|CG1207446|-10|-69|CG1207447|-18|-71|CG1207447|-18|-71|CG1207448|-36|-76|CG1207448|-36|-76
496|3|6|2091|21|CG1207468|-30|-80|CG1207468|-30|-80|CG1207469|-33|-80|CG1207469|-33|-80|CG1207470|-33|-80|CG1207470|-33|-80|CG1207471|-33|-79|CG1207472|-40|-78|CG1207472|-40|-78|CG1207472|-40|-78|CG1207472|-40|-78|CG1207472|-40|-78|CG1207472|-40|-78|CG1207472|-40|-78|CG1207472|-40|-78|CG1207472|-40|-78|CG1207473|-39|-77|CG1207474|-35|-77|CG1207474|-35|-77|CG1207474|-35|-77|CG1207474|-35|-77
496|3|7|1190|9|CG1206568|-30|-80|CG1206569|-36|-77|CG1206570|-55|-73|CG1206571|-61|-69|CG1206572|-43|-75|CG1206573|-21|-72|CG1206574|-10|-72|CG1206575|-20|-74|CG1206576|-21|-77
496|3|8|1000|2|CG1207463|-32|-70|CG1207464|-50|-70
496|3|9|1000|1|CG1207465|-41|-79
496|3|10|1000|6|CG1207457|-36|-75|CG1207458|-35|-76|CG1207459|-27|-46|CG1207460|-24|-53|CG1207461|-25|-48|CG1207462|-27|-35
496|4|0|1394|4|CG1207530|-31|-78|CG1207531|-31|-78|CG1207532|-32|-78|CG1207533|-31|-78
496|4|1|1000|6|CG1207536|-28|-75|CG1207537|-28|-80|CG1207538|-31|-79|CG1207539|-37|-75|CG1207540|-30|-79|CG1207541|-29|-79
496|4|2|600|5|CG1325581|-118|-123|CG1325582|-92|-162|CG1325583|-82|-152|CG1325584|-98|-119|CG1325585|-112|-122
496|4|3|510|6|CG1207501|-44|-64|CG1207502|-35|-59|CG1207503|-29|-65|CG1207504|-32|-65|CG1207505|-28|-61|CG1207506|-33|-66
496|4|4|
496|4|5|1292|15|CG1207492|-43|-73|CG1207493|-48|-74|CG1207493|-48|-74|CG1207494|-54|-75|CG1207494|-54|-75|CG1207495|-58|-74|CG1207495|-58|-74|CG1207496|-43|-68|CG1207497|-12|-59|CG1207498|-6|-52|CG1207498|-6|-52|CG1207499|-15|-61|CG1207499|-15|-61|CG1207500|-27|-66|CG1207500|-27|-66
496|4|6|2091|21|CG1207520|-36|-74|CG1207520|-36|-74|CG1207521|-37|-76|CG1207521|-37|-76|CG1207522|-37|-77|CG1207522|-37|-77|CG1207523|-37|-77|CG1207524|-42|-76|CG1207524|-42|-76|CG1207524|-42|-76|CG1207524|-42|-76|CG1207524|-42|-76|CG1207524|-42|-76|CG1207524|-42|-76|CG1207524|-42|-76|CG1207524|-42|-76|CG1207525|-35|-74|CG1207526|-37|-73|CG1207526|-37|-73|CG1207526|-37|-73|CG1207526|-37|-73
496|4|7|1190|9|CG1206636|-40|-73|CG1206637|-50|-73|CG1206638|-57|-71|CG1206639|-52|-69|CG1206640|-49|-67|CG1206641|-26|-59|CG1206642|-6|-54|CG1206643|-21|-60|CG1206644|-37|-67
496|4|8|1000|2|CG1207515|-29|-66|CG1207516|-55|-80
496|4|9|1000|1|CG1207517|-40|-72
496|4|10|1000|6|CG1207509|-37|-78|CG1207510|-31|-70|CG1207511|-32|-44|CG1207512|-30|-42|CG1207513|-31|-48|CG1207514|-32|-29
496|5|0|1394|4|CG1207582|-37|-69|CG1207583|-37|-69|CG1207584|-38|-69|CG1207585|-37|-69
496|5|1|1000|6|CG1207588|-36|-65|CG1207589|-35|-70|CG1207590|-35|-68|CG1207591|-34|-65|CG1207592|-36|-69|CG1207593|-36|-69
496|5|2|600|5|CG1325637|-87|-102|CG1325638|-101|-134|CG1325639|-81|-118|CG1325640|-146|-102|CG1325641|-132|-115
496|5|3|510|6|CG1207553|-41|-64|CG1207554|-39|-58|CG1207555|-33|-62|CG1207556|-32|-64|CG1207557|-33|-62|CG1207558|-39|-62
496|5|4|
496|5|5|1292|15|CG1207544|-38|-64|CG1207545|-41|-68|CG1207545|-41|-68|CG1207546|-47|-72|CG1207546|-47|-72|CG1207547|-50|-75|CG1207547|-50|-75|CG1207548|-36|-69|CG1207549|-29|-58|CG1207550|-27|-49|CG1207550|-27|-49|CG1207551|-36|-60|CG1207551|-36|-60|CG1207552|-40|-69|CG1207552|-40|-69
496|5|6|2091|21|CG1207572|-37|-64|CG1207572|-37|-64|CG1207573|-44|-67|CG1207573|-44|-67|CG1207574|-49|-69|CG1207574|-49|-69|CG1207575|-47|-69|CG1207576|-44|-67|CG1207576|-44|-67|CG1207576|-44|-67|CG1207576|-44|-67|CG1207576|-44|-67|CG1207576|-44|-67|CG1207576|-44|-67|CG1207576|-44|-67|CG1207576|-44|-67|CG1207577|-49|-65|CG1207578|-53|-63|CG1207578|-53|-63|CG1207578|-53|-63|CG1207578|-53|-63
496|5|7|1190|9|CG1206704|-38|-64|CG1206705|-42|-69|CG1206706|-35|-77|CG1206707|-29|-84|CG1206708|-32|-76|CG1206709|-26|-64|CG1206710|-26|-47|CG1206711|-50|-54|CG1206712|-50|-59
496|5|8|1000|2|CG1207567|-34|-63|CG1207568|-41|-75
496|5|9|1000|1|CG1207569|-48|-65
496|5|10|1000|6|CG1207561|-38|-70|CG1207562|-40|-58|CG1207563|-53|-45|CG1207564|-50|-38|CG1207565|-67|-48|CG1207566|-74|-28
496|6|0|1394|4|CG1207634|-50|-78|CG1207635|-50|-78|CG1207636|-49|-78|CG1207637|-50|-78
496|6|1|1000|6|CG1207640|-39|-75|CG1207641|-37|-77|CG1207642|-42|-77|CG1207643|-43|-75|CG1207644|-45|-78|CG1207645|-40|-77
496|6|2|600|5|CG1325693|-56|-115|CG1325694|-66|-158|CG1325695|-93|-143|CG1325696|-109|-126|CG1325697|-81|-115
496|6|3|510|6|CG1207605|-50|-65|CG1207606|-54|-61|CG1207607|-54|-65|CG1207608|-49|-64|CG1207609|-54|-61|CG1207610|-55|-67
496|6|4|
496|6|5|1292|15|CG1207596|-44|-72|CG1207597|-41|-77|CG1207597|-41|-77|CG1207598|-35|-80|CG1207598|-35|-80|CG1207599|-30|-80|CG1207599|-30|-80|CG1207600|-48|-78|CG1207601|-86|-60|CG1207602|-91|-52|CG1207602|-91|-52|CG1207603|-73|-64|CG1207603|-73|-64|CG1207604|-63|-70|CG1207604|-63|-70
496|6|6|2091|21|CG1207624|-52|-71|CG1207624|-52|-71|CG1207625|-54|-74|CG1207625|-54|-74|CG1207626|-54|-75|CG1207626|-54|-75|CG1207627|-53|-70|CG1207628|-51|-64|CG1207628|-51|-64|CG1207628|-51|-64|CG1207628|-51|-64|CG1207628|-51|-64|CG1207628|-51|-64|CG1207628|-51|-64|CG1207628|-51|-64|CG1207628|-51|-64|CG1207629|-50|-63|CG1207630|-47|-65|CG1207630|-47|-65|CG1207630|-47|-65|CG1207630|-47|-65
496|6|7|1190|9|CG1206772|-29|-72|CG1206773|-22|-79|CG1206774|-27|-84|CG1206775|-29|-85|CG1206776|-43|-78|CG1206777|-65|-67|CG1206778|-68|-52|CG1206779|-61|-57|CG1206780|-41|-66
496|6|8|1000|2|CG1207619|-34|-64|CG1207620|-44|-74
496|6|9|1000|1|CG1207621|-42|-76
496|6|10|1000|6|CG1207613|-39|-78|CG1207614|-57|-67|CG1207615|-80|-47|CG1207616|-81|-42|CG1207617|-82|-48|CG1207618|-89|-29
496|7|0|1394|4|CG1207686|-49|-80|CG1207687|-48|-79|CG1207688|-48|-79|CG1207689|-48|-79
496|7|1|1000|6|CG1207692|-42|-79|CG1207693|-41|-81|CG1207694|-40|-79|CG1207695|-39|-78|CG1207696|-45|-81|CG1207697|-49|-80
496|7|2|600|5|CG1325749|-65|-111|CG1325750|-73|-164|CG1325751|-68|-170|CG1325752|-60|-150|CG1325753|-60|-127
496|7|3|510|6|CG1207657|-37|-75|CG1207658|-45|-72|CG1207659|-56|-76|CG1207660|-55|-74|CG1207661|-56|-72|CG1207662|-47|-78
496|7|4|
496|7|5|1292|15|CG1207648|-34|-79|CG1207649|-40|-78|CG1207649|-40|-78|CG1207650|-36|-74|CG1207650|-36|-74|CG1207651|-29|-70|CG1207651|-29|-70|CG1207652|-52|-77|CG1207653|-111|-72|CG1207654|-117|-66|CG1207654|-117|-66|CG1207655|-85|-77|CG1207655|-85|-77|CG1207656|-60|-79|CG1207656|-60|-79
496|7|6|2091|21|CG1207676|-40|-79|CG1207676|-40|-79|CG1207677|-40|-80|CG1207677|-40|-80|CG1207678|-48|-81|CG1207678|-48|-81|CG1207679|-52|-79|CG1207680|-54|-75|CG1207680|-54|-75|CG1207680|-54|-75|CG1207680|-54|-75|CG1207680|-54|-75|CG1207680|-54|-75|CG1207680|-54|-75|CG1207680|-54|-75|CG1207680|-54|-75|CG1207681|-45|-75|CG1207682|-39|-76|CG1207682|-39|-76|CG1207682|-39|-76|CG1207682|-39|-76
496|7|7|1190|9|CG1206840|-34|-79|CG1206841|-40|-79|CG1206842|-37|-77|CG1206843|-29|-73|CG1206844|-52|-69|CG1206845|-69|-64|CG1206846|-77|-59|CG1206847|-44|-72|CG1206848|-31|-77
496|7|8|1000|2|CG1207671|-41|-67|CG1207672|-29|-63
496|7|9|1000|1|CG1207673|-37|-79
496|7|10|1000|6|CG1207665|-42|-77|CG1207666|-52|-75|CG1207667|-63|-50|CG1207668|-66|-53|CG1207669|-60|-47|CG1207670|-63|-43
