469|0|0|1292|4|CG1195840|-49|-77|CG1195841|-49|-77|CG1195842|-49|-77|CG1195841|-49|-77
469|0|1|1000|6|CG1195845|-41|-77|CG1195846|-42|-78|CG1195847|-40|-78|CG1195848|-38|-77|CG1195849|-36|-78|CG1195850|-36|-78
469|0|2|600|5|CG1325357|-54|-113|CG1325358|-66|-144|CG1325359|-95|-176|CG1325360|-103|-137|CG1325361|-78|-106
469|0|3|600|12|CG1196146|-17|-80|CG1196147|-23|-83|CG1196147|-23|-83|CG1196148|-17|-83|CG1196148|-17|-83|CG1196149|-25|-82|CG1196150|-27|-80|CG1196151|-25|-84|CG1196151|-25|-84|CG1196152|-24|-84|CG1196152|-24|-84|CG1196153|-27|-82
469|0|4|
469|0|5|986|13|CG1195812|-34|-77|CG1195812|-34|-77|CG1195813|-43|-109|CG1195813|-43|-109|CG1195814|-51|-76|CG1195814|-51|-76|CG1195815|-54|-75|CG1195815|-54|-75|CG1195815|-54|-75|CG1195815|-54|-75|CG1195815|-54|-75|CG1195816|-52|-75|CG1195817|-41|-78
469|0|6|2689|26|CG1195831|-47|-80|CG1195832|-47|-80|CG1195833|-47|-80|CG1195831|-47|-80|CG1195832|-47|-80|CG1195833|-47|-80|CG1195831|-47|-80|CG1195832|-47|-80|CG1195833|-47|-80|CG1195831|-47|-80|CG1195832|-47|-80|CG1195833|-47|-80|CG1195831|-47|-80|CG1195832|-47|-80|CG1195833|-47|-80|CG1195831|-47|-80|CG1195832|-47|-80|CG1195833|-47|-80|CG1195831|-47|-80|CG1195834|-41|-79|CG1195834|-41|-79|CG1195835|-51|-78|CG1195835|-51|-78|CG1195835|-51|-78|CG1195836|-52|-78|CG1195836|-52|-78
469|0|7|697|12|CG1196185|-27|-79|CG1196185|-27|-79|CG1196186|-19|-81|CG1196186|-19|-81|CG1196186|-19|-81|CG1196187|-25|-79|CG1196188|-28|-78|CG1196189|-25|-78|CG1196189|-25|-78|CG1196189|-25|-78|CG1196190|-24|-78|CG1196190|-24|-78
469|0|8|1000|2|CG1195826|-30|-69|CG1195827|-38|-57
469|0|9|1000|1|CG1195828|-40|-78
469|0|10|986|6|CG1195820|-41|-64|CG1195821|-62|-67|CG1195822|-64|-67|CG1195823|-66|-65|CG1195824|-70|-63|CG1195825|-81|-54
469|1|0|1292|4|CG1195881|-41|-76|CG1195882|-41|-76|CG1195883|-41|-76|CG1195882|-41|-76
469|1|1|1000|6|CG1195886|-23|-76|CG1195887|-24|-77|CG1195888|-24|-80|CG1195889|-24|-82|CG1195890|-24|-82|CG1195891|-25|-79
469|1|2|600|5|CG1325413|-100|-113|CG1325414|-102|-107|CG1325415|-90|-159|CG1325416|-142|-98|CG1325417|-131|-103
469|1|3|600|12|CG1196208|-23|-80|CG1196209|-20|-84|CG1196209|-20|-84|CG1196210|-22|-84|CG1196210|-22|-84|CG1196211|-25|-82|CG1196212|-19|-81|CG1196213|-17|-84|CG1196213|-17|-84|CG1196214|-19|-84|CG1196214|-19|-84|CG1196215|-22|-82
469|1|4|
469|1|5|986|13|CG1195853|-54|-78|CG1195853|-54|-78|CG1195854|-47|-102|CG1195854|-47|-102|CG1195855|-48|-78|CG1195855|-48|-78|CG1195856|-55|-77|CG1195856|-55|-77|CG1195856|-55|-77|CG1195856|-55|-77|CG1195856|-55|-77|CG1195857|-58|-74|CG1195858|-58|-76
469|1|6|2689|26|CG1195872|-45|-79|CG1195873|-45|-79|CG1195874|-45|-79|CG1195872|-45|-79|CG1195873|-45|-79|CG1195874|-45|-79|CG1195872|-45|-79|CG1195873|-45|-79|CG1195874|-45|-79|CG1195872|-45|-79|CG1195873|-45|-79|CG1195874|-45|-79|CG1195872|-45|-79|CG1195873|-45|-79|CG1195874|-45|-79|CG1195872|-45|-79|CG1195873|-45|-79|CG1195874|-45|-79|CG1195872|-45|-79|CG1195875|-44|-78|CG1195875|-44|-78|CG1195876|-39|-77|CG1195876|-39|-77|CG1195876|-39|-77|CG1195877|-39|-77|CG1195877|-39|-77
469|1|7|697|12|CG1196247|-21|-77|CG1196247|-21|-77|CG1196248|-23|-79|CG1196248|-23|-79|CG1196248|-23|-79|CG1196249|-17|-78|CG1196250|-16|-77|CG1196251|-16|-79|CG1196251|-16|-79|CG1196251|-16|-79|CG1196252|-16|-76|CG1196252|-16|-76
469|1|8|1000|2|CG1195867|-26|-74|CG1195868|-36|-54
469|1|9|1000|1|CG1195869|-54|-78
469|1|10|986|6|CG1195861|-30|-71|CG1195862|-30|-73|CG1195863|-29|-75|CG1195864|-29|-77|CG1195865|-35|-75|CG1195866|-31|-63
469|2|0|1292|4|CG1195922|-23|-76|CG1195923|-23|-76|CG1195924|-24|-76|CG1195923|-23|-76
469|2|1|1000|6|CG1195927|-47|-77|CG1195928|-47|-78|CG1195929|-48|-78|CG1195930|-48|-77|CG1195931|-50|-78|CG1195932|-51|-78
469|2|2|600|5|CG1325469|-119|-113|CG1325470|-90|-142|CG1325471|-82|-174|CG1325472|-99|-116|CG1325473|-109|-103
469|2|3|600|12|CG1196270|-29|-80|CG1196271|-27|-84|CG1196271|-27|-84|CG1196272|-28|-84|CG1196272|-28|-84|CG1196273|-31|-82|CG1196274|-29|-80|CG1196275|-35|-83|CG1196275|-35|-83|CG1196276|-31|-83|CG1196276|-31|-83|CG1196277|-32|-82
469|2|4|
469|2|5|986|13|CG1195894|-43|-79|CG1195894|-43|-79|CG1195895|-26|-90|CG1195895|-26|-90|CG1195896|-19|-78|CG1195896|-19|-78|CG1195897|-27|-79|CG1195897|-27|-79|CG1195897|-27|-79|CG1195897|-27|-79|CG1195897|-27|-79|CG1195898|-33|-76|CG1195899|-41|-77
469|2|6|2689|26|CG1195913|-25|-78|CG1195914|-25|-78|CG1195915|-25|-78|CG1195913|-25|-78|CG1195914|-25|-78|CG1195915|-25|-78|CG1195913|-25|-78|CG1195914|-25|-78|CG1195915|-25|-78|CG1195913|-25|-78|CG1195914|-25|-78|CG1195915|-25|-78|CG1195913|-25|-78|CG1195914|-25|-78|CG1195915|-25|-78|CG1195913|-25|-78|CG1195914|-25|-78|CG1195915|-25|-78|CG1195913|-25|-78|CG1195916|-26|-78|CG1195916|-26|-78|CG1195917|-24|-77|CG1195917|-24|-77|CG1195917|-24|-77|CG1195918|-21|-76|CG1195918|-21|-76
469|2|7|697|12|CG1196309|-17|-76|CG1196309|-17|-76|CG1196310|-18|-77|CG1196310|-18|-77|CG1196310|-18|-77|CG1196311|-19|-77|CG1196312|-20|-76|CG1196313|-20|-76|CG1196313|-20|-76|CG1196313|-20|-76|CG1196314|-20|-76|CG1196314|-20|-76
469|2|8|1000|2|CG1195908|-43|-75|CG1195909|-35|-59
469|2|9|1000|1|CG1195910|-38|-78
469|2|10|986|6|CG1195902|-29|-68|CG1195903|-12|-71|CG1195904|-10|-73|CG1195905|-6|-72|CG1195906|-5|-68|CG1195907|-4|-51
469|3|0|1292|4|CG1195963|-36|-77|CG1195964|-36|-77|CG1195965|-36|-77|CG1195964|-36|-77
469|3|1|1000|6|CG1195968|-53|-78|CG1195969|-52|-78|CG1195970|-50|-79|CG1195971|-48|-78|CG1195972|-48|-78|CG1195973|-51|-78
469|3|2|600|5|CG1325525|-125|-117|CG1325526|-119|-165|CG1325527|-116|-175|CG1325528|-58|-136|CG1325529|-81|-129
469|3|3|600|12|CG1196332|-38|-79|CG1196333|-39|-83|CG1196333|-39|-83|CG1196334|-39|-83|CG1196334|-39|-83|CG1196335|-42|-81|CG1196336|-38|-79|CG1196337|-39|-81|CG1196337|-39|-81|CG1196338|-39|-82|CG1196338|-39|-82|CG1196339|-41|-81
469|3|4|
469|3|5|986|13|CG1195935|-25|-79|CG1195935|-25|-79|CG1195936|-16|-80|CG1195936|-16|-80|CG1195937|-17|-79|CG1195937|-17|-79|CG1195938|-18|-80|CG1195938|-18|-80|CG1195938|-18|-80|CG1195938|-18|-80|CG1195938|-18|-80|CG1195939|-31|-78|CG1195940|-21|-78
469|3|6|2689|26|CG1195954|-27|-77|CG1195955|-27|-77|CG1195956|-27|-77|CG1195954|-27|-77|CG1195955|-27|-77|CG1195956|-27|-77|CG1195954|-27|-77|CG1195955|-27|-77|CG1195956|-27|-77|CG1195954|-27|-77|CG1195955|-27|-77|CG1195956|-27|-77|CG1195954|-27|-77|CG1195955|-27|-77|CG1195956|-27|-77|CG1195954|-27|-77|CG1195955|-27|-77|CG1195956|-27|-77|CG1195954|-27|-77|CG1195957|-23|-77|CG1195957|-23|-77|CG1195958|-33|-77|CG1195958|-33|-77|CG1195958|-33|-77|CG1195959|-35|-77|CG1195959|-35|-77
469|3|7|697|12|CG1196371|-21|-76|CG1196371|-21|-76|CG1196372|-21|-75|CG1196372|-21|-75|CG1196372|-21|-75|CG1196373|-18|-76|CG1196374|-18|-76|CG1196375|-19|-76|CG1196375|-19|-76|CG1196375|-19|-76|CG1196376|-20|-76|CG1196376|-20|-76
469|3|8|1000|2|CG1195949|-68|-72|CG1195950|-51|-64
469|3|9|1000|1|CG1195951|-54|-84
469|3|10|986|6|CG1195943|-39|-63|CG1195944|-10|-62|CG1195945|-1|-60|CG1195946|-3|-53|CG1195947|0|-46|CG1195948|0|-27
469|4|0|1292|4|CG1196004|-55|-79|CG1196005|-55|-79|CG1196006|-55|-79|CG1196005|-55|-79
469|4|1|1000|6|CG1196009|-30|-79|CG1196010|-29|-79|CG1196011|-26|-80|CG1196012|-21|-79|CG1196013|-21|-79|CG1196014|-23|-79
469|4|2|600|5|CG1325581|-118|-123|CG1325582|-92|-162|CG1325583|-82|-152|CG1325584|-98|-119|CG1325585|-112|-122
469|4|3|600|12|CG1196394|-27|-78|CG1196395|-33|-81|CG1196395|-33|-81|CG1196396|-29|-82|CG1196396|-29|-82|CG1196397|-30|-81|CG1196398|-28|-78|CG1196399|-25|-80|CG1196399|-25|-80|CG1196400|-26|-81|CG1196400|-26|-81|CG1196401|-29|-81
469|4|4|
469|4|5|986|13|CG1195976|-21|-78|CG1195976|-21|-78|CG1195977|-30|-79|CG1195977|-30|-79|CG1195978|-37|-79|CG1195978|-37|-79|CG1195979|-31|-79|CG1195979|-31|-79|CG1195979|-31|-79|CG1195979|-31|-79|CG1195979|-31|-79|CG1195980|-40|-79|CG1195981|-33|-79
469|4|6|2689|26|CG1195995|-52|-77|CG1195996|-52|-77|CG1195997|-52|-77|CG1195995|-52|-77|CG1195996|-52|-77|CG1195997|-52|-77|CG1195995|-52|-77|CG1195996|-52|-77|CG1195997|-52|-77|CG1195995|-52|-77|CG1195996|-52|-77|CG1195997|-52|-77|CG1195995|-52|-77|CG1195996|-52|-77|CG1195997|-52|-77|CG1195995|-52|-77|CG1195996|-52|-77|CG1195997|-52|-77|CG1195995|-52|-77|CG1195998|-48|-77|CG1195998|-48|-77|CG1195999|-52|-77|CG1195999|-52|-77|CG1195999|-52|-77|CG1196000|-52|-78|CG1196000|-52|-78
469|4|7|697|12|CG1196433|-18|-76|CG1196433|-18|-76|CG1196434|-18|-75|CG1196434|-18|-75|CG1196434|-18|-75|CG1196435|-20|-77|CG1196436|-25|-77|CG1196437|-22|-77|CG1196437|-22|-77|CG1196437|-22|-77|CG1196438|-19|-78|CG1196438|-19|-78
469|4|8|1000|2|CG1195990|-55|-67|CG1195991|-63|-73
469|4|9|1000|1|CG1195992|-61|-77
469|4|10|986|6|CG1195984|-27|-57|CG1195985|-4|-51|CG1195986|-7|-42|CG1195987|-7|-28|CG1195988|-1|-22|CG1195989|-8|-12
469|5|0|1292|4|CG1196045|-42|-80|CG1196046|-42|-79|CG1196047|-42|-79|CG1196046|-42|-79
469|5|1|1000|6|CG1196050|-19|-79|CG1196051|-19|-79|CG1196052|-18|-80|CG1196053|-18|-79|CG1196054|-19|-79|CG1196055|-19|-80
469|5|2|600|5|CG1325637|-87|-102|CG1325638|-101|-134|CG1325639|-81|-118|CG1325640|-146|-102|CG1325641|-132|-115
469|5|3|600|12|CG1196456|-19|-77|CG1196457|-18|-80|CG1196457|-18|-80|CG1196458|-19|-81|CG1196458|-19|-81|CG1196459|-22|-80|CG1196460|-23|-77|CG1196461|-20|-80|CG1196461|-20|-80|CG1196462|-22|-81|CG1196462|-22|-81|CG1196463|-25|-80
469|5|4|
469|5|5|986|13|CG1196017|-45|-78|CG1196017|-45|-78|CG1196018|-40|-84|CG1196018|-40|-84|CG1196019|-36|-78|CG1196019|-36|-78|CG1196020|-48|-79|CG1196020|-48|-79|CG1196020|-48|-79|CG1196020|-48|-79|CG1196020|-48|-79|CG1196021|-45|-80|CG1196022|-36|-79
469|5|6|2689|26|CG1196036|-48|-77|CG1196037|-48|-77|CG1196038|-48|-77|CG1196036|-48|-77|CG1196037|-48|-77|CG1196038|-48|-77|CG1196036|-48|-77|CG1196037|-48|-77|CG1196038|-48|-77|CG1196036|-48|-77|CG1196037|-48|-77|CG1196038|-48|-77|CG1196036|-48|-77|CG1196037|-48|-77|CG1196038|-48|-77|CG1196036|-48|-77|CG1196037|-48|-77|CG1196038|-48|-77|CG1196036|-48|-77|CG1196039|-55|-77|CG1196039|-55|-77|CG1196040|-41|-77|CG1196040|-41|-77|CG1196040|-41|-77|CG1196041|-39|-78|CG1196041|-39|-78
469|5|7|697|12|CG1196495|-19|-78|CG1196495|-19|-78|CG1196496|-20|-77|CG1196496|-20|-77|CG1196496|-20|-77|CG1196497|-22|-77|CG1196498|-22|-78|CG1196499|-20|-78|CG1196499|-20|-78|CG1196499|-20|-78|CG1196500|-21|-79|CG1196500|-21|-79
469|5|8|1000|2|CG1196031|-23|-76|CG1196032|-39|-78
469|5|9|1000|1|CG1196033|-35|-78
469|5|10|986|6|CG1196025|-15|-52|CG1196026|-24|-44|CG1196027|-35|-30|CG1196028|-34|-23|CG1196029|-35|-16|CG1196030|-41|-7
469|6|0|1292|4|CG1196086|-20|-80|CG1196087|-20|-80|CG1196088|-20|-80|CG1196087|-20|-80
469|6|1|1000|6|CG1196091|-31|-79|CG1196092|-32|-79|CG1196093|-33|-79|CG1196094|-36|-79|CG1196095|-35|-79|CG1196096|-35|-80
469|6|2|600|5|CG1325693|-56|-115|CG1325694|-66|-158|CG1325695|-93|-143|CG1325696|-109|-126|CG1325697|-81|-115
469|6|3|600|12|CG1196518|-28|-78|CG1196519|-25|-80|CG1196519|-25|-80|CG1196520|-25|-81|CG1196520|-25|-81|CG1196521|-27|-80|CG1196522|-17|-78|CG1196523|-24|-81|CG1196523|-24|-81|CG1196524|-18|-82|CG1196524|-18|-82|CG1196525|-25|-81
469|6|4|
469|6|5|986|13|CG1196058|-42|-77|CG1196058|-42|-77|CG1196059|-39|-97|CG1196059|-39|-97|CG1196060|-47|-81|CG1196060|-47|-81|CG1196061|-45|-78|CG1196061|-45|-78|CG1196061|-45|-78|CG1196061|-45|-78|CG1196061|-45|-78|CG1196062|-41|-81|CG1196063|-35|-78
469|6|6|2689|26|CG1196077|-22|-78|CG1196078|-21|-78|CG1196079|-21|-78|CG1196077|-22|-78|CG1196078|-21|-78|CG1196079|-21|-78|CG1196077|-22|-78|CG1196078|-21|-78|CG1196079|-21|-78|CG1196077|-22|-78|CG1196078|-21|-78|CG1196079|-21|-78|CG1196077|-22|-78|CG1196078|-21|-78|CG1196079|-21|-78|CG1196077|-22|-78|CG1196078|-21|-78|CG1196079|-21|-78|CG1196077|-22|-78|CG1196080|-31|-78|CG1196080|-31|-78|CG1196081|-46|-78|CG1196081|-46|-78|CG1196081|-46|-78|CG1196082|-35|-79|CG1196082|-35|-79
469|6|7|697|12|CG1196557|-21|-80|CG1196557|-21|-80|CG1196558|-22|-79|CG1196558|-22|-79|CG1196558|-22|-79|CG1196559|-22|-78|CG1196560|-24|-79|CG1196561|-41|-79|CG1196561|-41|-79|CG1196561|-41|-79|CG1196562|-33|-79|CG1196562|-33|-79
469|6|8|1000|2|CG1196072|-22|-71|CG1196073|-25|-75
469|6|9|1000|1|CG1196074|-31|-78
469|6|10|986|6|CG1196066|-37|-53|CG1196067|-84|-46|CG1196068|-93|-36|CG1196069|-95|-36|CG1196070|-96|-26|CG1196071|-97|-12
469|7|0|1292|4|CG1196127|-29|-78|CG1196128|-28|-78|CG1196129|-28|-78|CG1196128|-28|-78
469|7|1|1000|6|CG1196132|-51|-78|CG1196133|-52|-78|CG1196134|-51|-78|CG1196135|-51|-78|CG1196136|-50|-78|CG1196137|-50|-79
469|7|2|600|5|CG1325749|-65|-111|CG1325750|-73|-164|CG1325751|-68|-170|CG1325752|-60|-150|CG1325753|-60|-127
469|7|3|600|12|CG1196580|-28|-79|CG1196581|-29|-81|CG1196581|-29|-81|CG1196582|-27|-82|CG1196582|-27|-82|CG1196583|-21|-81|CG1196584|-28|-79|CG1196585|-28|-83|CG1196585|-28|-83|CG1196586|-27|-83|CG1196586|-27|-83|CG1196587|-21|-81
469|7|4|
469|7|5|986|13|CG1196099|-27|-77|CG1196099|-27|-77|CG1196100|-40|-106|CG1196100|-40|-106|CG1196101|-57|-81|CG1196101|-57|-81|CG1196102|-49|-76|CG1196102|-49|-76|CG1196102|-49|-76|CG1196102|-49|-76|CG1196102|-49|-76|CG1196103|-44|-78|CG1196104|-35|-79
469|7|6|2689|26|CG1196118|-25|-79|CG1196119|-25|-79|CG1196120|-25|-79|CG1196118|-25|-79|CG1196119|-25|-79|CG1196120|-25|-79|CG1196118|-25|-79|CG1196119|-25|-79|CG1196120|-25|-79|CG1196118|-25|-79|CG1196119|-25|-79|CG1196120|-25|-79|CG1196118|-25|-79|CG1196119|-25|-79|CG1196120|-25|-79|CG1196118|-25|-79|CG1196119|-25|-79|CG1196120|-25|-79|CG1196118|-25|-79|CG1196121|-32|-78|CG1196121|-32|-78|CG1196122|-43|-78|CG1196122|-43|-78|CG1196122|-43|-78|CG1196123|-38|-78|CG1196123|-38|-78
469|7|7|697|12|CG1196619|-22|-80|CG1196619|-22|-80|CG1196620|-22|-81|CG1196620|-22|-81|CG1196620|-22|-81|CG1196621|-29|-79|CG1196622|-30|-79|CG1196623|-42|-78|CG1196623|-42|-78|CG1196623|-42|-78|CG1196624|-38|-79|CG1196624|-38|-79
469|7|8|1000|2|CG1196113|-35|-63|CG1196114|-34|-67
469|7|9|1000|1|CG1196115|-40|-78
469|7|10|986|6|CG1196107|-49|-58|CG1196108|-89|-55|CG1196109|-92|-56|CG1196110|-95|-51|CG1196111|-96|-41|CG1196112|-97|-30
