442|0|0|6086|40|CG1184498|-32|-57|CG1184499|-20|-56|CG1184500|-17|-56|CG1184499|-20|-56|CG1184498|-32|-57|CG1184501|-26|-56|CG1184502|-22|-57|CG1184502|-22|-57|CG1184502|-22|-57|CG1184502|-22|-57|CG1184501|-26|-56|CG1184498|-32|-57|CG1184499|-20|-56|CG1184500|-17|-56|CG1184499|-20|-56|CG1184498|-32|-57|CG1184499|-20|-56|CG1184500|-17|-56|CG1184499|-20|-56|CG1184498|-32|-57|CG1184501|-26|-56|CG1184502|-22|-57|CG1184502|-22|-57|CG1184502|-22|-57|CG1184501|-26|-56|CG1184498|-32|-57|CG1184501|-26|-56|CG1184502|-22|-57|CG1184502|-22|-57|CG1184502|-22|-57|CG1184502|-22|-57|CG1184501|-26|-56|CG1184498|-32|-57|CG1184499|-20|-56|CG1184500|-17|-56|CG1184499|-20|-56|CG1184498|-32|-57|CG1184499|-20|-56|CG1184500|-17|-56|CG1184499|-20|-56
442|0|1|1000|6|CG1184505|-24|-57|CG1184506|-23|-64|CG1184507|-32|-60|CG1184508|-36|-58|CG1184509|-31|-64|CG1184510|-24|-60
442|0|2|600|5|CG1325357|-54|-113|CG1325358|-66|-144|CG1325359|-95|-176|CG1325360|-103|-137|CG1325361|-78|-106
442|0|3|510|6|CG1184468|-24|-58|CG1184469|-27|-56|CG1184470|-44|-56|CG1184471|-43|-57|CG1184472|-45|-56|CG1184473|-29|-55
442|0|4|
442|0|5|1000|8|CG1184460|-27|-56|CG1184461|-23|-51|CG1184462|-34|-89|CG1184463|-29|-82|CG1184464|-45|-114|CG1184465|-58|-65|CG1184466|-55|-66|CG1184467|-51|-58
442|0|6|2091|24|CG1184487|-25|-54|CG1184487|-25|-54|CG1184488|-27|-75|CG1184488|-27|-75|CG1184489|-20|-76|CG1184489|-20|-76|CG1184490|-19|-39|CG1184490|-19|-39|CG1184491|-19|-38|CG1184491|-19|-38|CG1184491|-19|-38|CG1184491|-19|-38|CG1184491|-19|-38|CG1184491|-19|-38|CG1184492|-20|-38|CG1184493|-20|-35|CG1184494|-19|-31|CG1184494|-19|-31|CG1184494|-19|-31|CG1184494|-19|-31|CG1184493|-20|-35|CG1184493|-20|-35|CG1184492|-20|-38|CG1184492|-20|-38
442|0|7|1394|13|CG1183541|-23|-56|CG1183541|-23|-56|CG1183542|-22|-58|CG1183542|-22|-58|CG1183543|-24|-58|CG1183543|-24|-58|CG1183544|-26|-58|CG1183545|-39|-53|CG1183546|-29|-46|CG1183547|-25|-54|CG1183547|-25|-54|CG1183548|-26|-58|CG1183548|-26|-58
442|0|8|1000|2|CG1184482|-26|-68|CG1184483|-16|-60
442|0|9|1000|1|CG1184484|-24|-62
442|0|10|1190|6|CG1184476|-35|-57|CG1184477|-18|-54|CG1184478|-30|-80|CG1184479|-43|-61|CG1184480|-43|-43|CG1184481|-44|-43
442|1|0|6086|40|CG1184551|-26|-59|CG1184552|-28|-57|CG1184553|-28|-56|CG1184552|-28|-57|CG1184551|-26|-59|CG1184554|-27|-57|CG1184555|-28|-58|CG1184555|-28|-58|CG1184555|-28|-58|CG1184555|-28|-58|CG1184554|-27|-57|CG1184551|-26|-59|CG1184552|-28|-57|CG1184553|-28|-56|CG1184552|-28|-57|CG1184551|-26|-59|CG1184552|-28|-57|CG1184553|-28|-56|CG1184552|-28|-57|CG1184551|-26|-59|CG1184554|-27|-57|CG1184555|-28|-58|CG1184555|-28|-58|CG1184555|-28|-58|CG1184554|-27|-57|CG1184551|-26|-59|CG1184554|-27|-57|CG1184555|-28|-58|CG1184555|-28|-58|CG1184555|-28|-58|CG1184555|-28|-58|CG1184554|-27|-57|CG1184551|-26|-59|CG1184552|-28|-57|CG1184553|-28|-56|CG1184552|-28|-57|CG1184551|-26|-59|CG1184552|-28|-57|CG1184553|-28|-56|CG1184552|-28|-57
442|1|1|1000|6|CG1184558|-24|-56|CG1184559|-24|-66|CG1184560|-25|-66|CG1184561|-26|-65|CG1184562|-27|-70|CG1184563|-26|-61
442|1|2|600|5|CG1325413|-100|-113|CG1325414|-102|-107|CG1325415|-90|-159|CG1325416|-142|-98|CG1325417|-131|-103
442|1|3|510|6|CG1184521|-17|-58|CG1184522|-20|-57|CG1184523|-36|-57|CG1184524|-43|-58|CG1184525|-39|-58|CG1184526|-22|-57
442|1|4|
442|1|5|1000|8|CG1184513|-28|-56|CG1184514|-26|-53|CG1184515|-27|-88|CG1184516|-21|-85|CG1184517|-22|-113|CG1184518|-22|-71|CG1184519|-20|-76|CG1184520|-25|-62
442|1|6|2091|24|CG1184540|-26|-55|CG1184540|-26|-55|CG1184541|-36|-71|CG1184541|-36|-71|CG1184542|-32|-70|CG1184542|-32|-70|CG1184543|-22|-37|CG1184543|-22|-37|CG1184544|-20|-37|CG1184544|-20|-37|CG1184544|-20|-37|CG1184544|-20|-37|CG1184544|-20|-37|CG1184544|-20|-37|CG1184545|-22|-36|CG1184546|-23|-39|CG1184547|-27|-26|CG1184547|-27|-26|CG1184547|-27|-26|CG1184547|-27|-26|CG1184546|-23|-39|CG1184546|-23|-39|CG1184545|-22|-36|CG1184545|-22|-36
442|1|7|1394|13|CG1183609|-18|-56|CG1183609|-18|-56|CG1183610|-17|-58|CG1183610|-17|-58|CG1183611|-17|-58|CG1183611|-17|-58|CG1183612|-19|-60|CG1183613|-38|-56|CG1183614|-39|-50|CG1183615|-38|-55|CG1183615|-38|-55|CG1183616|-28|-58|CG1183616|-28|-58
442|1|8|1000|2|CG1184535|-22|-66|CG1184536|-18|-54
442|1|9|1000|1|CG1184537|-19|-57
442|1|10|1190|6|CG1184529|-29|-57|CG1184530|-28|-53|CG1184531|-30|-68|CG1184532|-28|-52|CG1184533|-28|-46|CG1184534|-29|-45
442|2|0|6086|40|CG1184604|-21|-57|CG1184605|-25|-56|CG1184606|-28|-56|CG1184605|-25|-56|CG1184604|-21|-57|CG1184607|-23|-56|CG1184608|-24|-55|CG1184608|-24|-55|CG1184608|-24|-55|CG1184608|-24|-55|CG1184607|-23|-56|CG1184604|-21|-57|CG1184605|-25|-56|CG1184606|-28|-56|CG1184605|-25|-56|CG1184604|-21|-57|CG1184605|-25|-56|CG1184606|-28|-56|CG1184605|-25|-56|CG1184604|-21|-57|CG1184607|-23|-56|CG1184608|-24|-55|CG1184608|-24|-55|CG1184608|-24|-55|CG1184607|-23|-56|CG1184604|-21|-57|CG1184607|-23|-56|CG1184608|-24|-55|CG1184608|-24|-55|CG1184608|-24|-55|CG1184608|-24|-55|CG1184607|-23|-56|CG1184604|-21|-57|CG1184605|-25|-56|CG1184606|-28|-56|CG1184605|-25|-56|CG1184604|-21|-57|CG1184605|-25|-56|CG1184606|-28|-56|CG1184605|-25|-56
442|2|1|1000|6|CG1184611|-20|-54|CG1184612|-17|-57|CG1184613|-23|-60|CG1184614|-26|-60|CG1184615|-24|-63|CG1184616|-17|-55
442|2|2|600|5|CG1325469|-119|-113|CG1325470|-90|-142|CG1325471|-82|-174|CG1325472|-99|-116|CG1325473|-109|-103
442|2|3|510|6|CG1184574|-23|-57|CG1184575|-16|-56|CG1184576|-29|-57|CG1184577|-34|-58|CG1184578|-29|-56|CG1184579|-19|-56
442|2|4|
442|2|5|1000|8|CG1184566|-28|-56|CG1184567|-31|-51|CG1184568|-13|-82|CG1184569|-14|-82|CG1184570|-5|-101|CG1184571|-1|-65|CG1184572|-2|-65|CG1184573|-9|-60
442|2|6|2091|24|CG1184593|-28|-54|CG1184593|-28|-54|CG1184594|-31|-62|CG1184594|-31|-62|CG1184595|-34|-61|CG1184595|-34|-61|CG1184596|-24|-39|CG1184596|-24|-39|CG1184597|-23|-38|CG1184597|-23|-38|CG1184597|-23|-38|CG1184597|-23|-38|CG1184597|-23|-38|CG1184597|-23|-38|CG1184598|-24|-38|CG1184599|-30|-45|CG1184600|-49|-31|CG1184600|-49|-31|CG1184600|-49|-31|CG1184600|-49|-31|CG1184599|-30|-45|CG1184599|-30|-45|CG1184598|-24|-38|CG1184598|-24|-38
442|2|7|1394|13|CG1183677|-14|-56|CG1183677|-14|-56|CG1183678|-16|-58|CG1183678|-16|-58|CG1183679|-15|-58|CG1183679|-15|-58|CG1183680|-13|-59|CG1183681|-19|-59|CG1183682|-33|-53|CG1183683|-35|-57|CG1183683|-35|-57|CG1183684|-19|-58|CG1183684|-19|-58
442|2|8|1000|2|CG1184588|-15|-54|CG1184589|-41|-45
442|2|9|1000|1|CG1184590|-22|-50
442|2|10|1190|6|CG1184582|-23|-57|CG1184583|-27|-54|CG1184584|-22|-60|CG1184585|-14|-42|CG1184586|-16|-39|CG1184587|-16|-38
442|3|0|6086|40|CG1184657|-14|-56|CG1184658|-16|-56|CG1184659|-19|-56|CG1184658|-16|-56|CG1184657|-14|-56|CG1184660|-14|-57|CG1184661|-16|-57|CG1184661|-16|-57|CG1184661|-16|-57|CG1184661|-16|-57|CG1184660|-14|-57|CG1184657|-14|-56|CG1184658|-16|-56|CG1184659|-19|-56|CG1184658|-16|-56|CG1184657|-14|-56|CG1184658|-16|-56|CG1184659|-19|-56|CG1184658|-16|-56|CG1184657|-14|-56|CG1184660|-14|-57|CG1184661|-16|-57|CG1184661|-16|-57|CG1184661|-16|-57|CG1184660|-14|-57|CG1184657|-14|-56|CG1184660|-14|-57|CG1184661|-16|-57|CG1184661|-16|-57|CG1184661|-16|-57|CG1184661|-16|-57|CG1184660|-14|-57|CG1184657|-14|-56|CG1184658|-16|-56|CG1184659|-19|-56|CG1184658|-16|-56|CG1184657|-14|-56|CG1184658|-16|-56|CG1184659|-19|-56|CG1184658|-16|-56
442|3|1|1000|6|CG1184664|-21|-54|CG1184665|-16|-57|CG1184666|-15|-55|CG1184667|-21|-53|CG1184668|-16|-58|CG1184669|-15|-56
442|3|2|600|5|CG1325525|-125|-117|CG1325526|-119|-165|CG1325527|-116|-175|CG1325528|-58|-136|CG1325529|-81|-129
442|3|3|510|6|CG1184627|-26|-54|CG1184628|-20|-52|CG1184629|-21|-54|CG1184630|-27|-61|CG1184631|-20|-53|CG1184632|-22|-52
442|3|4|
442|3|5|1000|8|CG1184619|-20|-55|CG1184620|-24|-46|CG1184621|-15|-77|CG1184622|-38|-79|CG1184623|-2|-85|CG1184624|13|-54|CG1184625|3|-47|CG1184626|-2|-51
442|3|6|2091|24|CG1184646|-19|-52|CG1184646|-19|-52|CG1184647|-23|-57|CG1184647|-23|-57|CG1184648|-39|-54|CG1184648|-39|-54|CG1184649|-31|-42|CG1184649|-31|-42|CG1184650|-30|-38|CG1184650|-30|-38|CG1184650|-30|-38|CG1184650|-30|-38|CG1184650|-30|-38|CG1184650|-30|-38|CG1184651|-31|-43|CG1184652|-35|-50|CG1184653|-45|-41|CG1184653|-45|-41|CG1184653|-45|-41|CG1184653|-45|-41|CG1184652|-35|-50|CG1184652|-35|-50|CG1184651|-31|-43|CG1184651|-31|-43
442|3|7|1394|13|CG1183745|-14|-56|CG1183745|-14|-56|CG1183746|-15|-55|CG1183746|-15|-55|CG1183747|-14|-56|CG1183747|-14|-56|CG1183748|-9|-54|CG1183749|-11|-59|CG1183750|-24|-56|CG1183751|-17|-59|CG1183751|-17|-59|CG1183752|-13|-56|CG1183752|-13|-56
442|3|8|1000|2|CG1184641|-17|-50|CG1184642|-53|-43
442|3|9|1000|1|CG1184643|-26|-46
442|3|10|1190|6|CG1184635|-14|-57|CG1184636|-18|-55|CG1184637|-8|-52|CG1184638|-10|-32|CG1184639|-12|-29|CG1184640|-12|-23
442|4|0|6086|40|CG1184710|-21|-56|CG1184711|-26|-56|CG1184712|-27|-56|CG1184711|-26|-56|CG1184710|-21|-56|CG1184713|-23|-57|CG1184714|-24|-57|CG1184714|-24|-57|CG1184714|-24|-57|CG1184714|-24|-57|CG1184713|-23|-57|CG1184710|-21|-56|CG1184711|-26|-56|CG1184712|-27|-56|CG1184711|-26|-56|CG1184710|-21|-56|CG1184711|-26|-56|CG1184712|-27|-56|CG1184711|-26|-56|CG1184710|-21|-56|CG1184713|-23|-57|CG1184714|-24|-57|CG1184714|-24|-57|CG1184714|-24|-57|CG1184713|-23|-57|CG1184710|-21|-56|CG1184713|-23|-57|CG1184714|-24|-57|CG1184714|-24|-57|CG1184714|-24|-57|CG1184714|-24|-57|CG1184713|-23|-57|CG1184710|-21|-56|CG1184711|-26|-56|CG1184712|-27|-56|CG1184711|-26|-56|CG1184710|-21|-56|CG1184711|-26|-56|CG1184712|-27|-56|CG1184711|-26|-56
442|4|1|1000|6|CG1184717|-23|-53|CG1184718|-21|-57|CG1184719|-16|-55|CG1184720|-19|-53|CG1184721|-17|-57|CG1184722|-21|-55
442|4|2|600|5|CG1325581|-118|-123|CG1325582|-92|-162|CG1325583|-82|-152|CG1325584|-98|-119|CG1325585|-112|-122
442|4|3|510|6|CG1184680|-34|-51|CG1184681|-28|-47|CG1184682|-19|-48|CG1184683|-23|-57|CG1184684|-16|-48|CG1184685|-27|-48
442|4|4|
442|4|5|1000|8|CG1184672|-28|-54|CG1184673|-31|-46|CG1184674|-18|-83|CG1184675|-40|-74|CG1184676|-4|-73|CG1184677|4|-47|CG1184678|-1|-33|CG1184679|-8|-42
442|4|6|2091|24|CG1184699|-26|-50|CG1184699|-26|-50|CG1184700|-29|-58|CG1184700|-29|-58|CG1184701|-41|-54|CG1184701|-41|-54|CG1184702|-45|-46|CG1184702|-45|-46|CG1184703|-45|-38|CG1184703|-45|-38|CG1184703|-45|-38|CG1184703|-45|-38|CG1184703|-45|-38|CG1184703|-45|-38|CG1184704|-45|-48|CG1184705|-46|-50|CG1184706|-46|-50|CG1184706|-46|-50|CG1184706|-46|-50|CG1184706|-46|-50|CG1184705|-46|-50|CG1184705|-46|-50|CG1184704|-45|-48|CG1184704|-45|-48
442|4|7|1394|13|CG1183813|-14|-56|CG1183813|-14|-56|CG1183814|-14|-53|CG1183814|-14|-53|CG1183815|-13|-55|CG1183815|-13|-55|CG1183816|-8|-48|CG1183817|-11|-57|CG1183818|-28|-57|CG1183819|-30|-59|CG1183819|-30|-59|CG1183820|-20|-55|CG1183820|-20|-55
442|4|8|1000|2|CG1184694|-18|-45|CG1184695|-42|-50
442|4|9|1000|1|CG1184696|-32|-43
442|4|10|1190|6|CG1184688|-24|-57|CG1184689|-28|-57|CG1184690|-39|-44|CG1184691|-15|-24|CG1184692|-16|-23|CG1184693|-16|-17
442|5|0|6086|40|CG1184763|-26|-56|CG1184764|-36|-56|CG1184765|-41|-56|CG1184764|-36|-56|CG1184763|-26|-56|CG1184766|-32|-57|CG1184767|-39|-57|CG1184767|-39|-57|CG1184767|-39|-57|CG1184767|-39|-57|CG1184766|-32|-57|CG1184763|-26|-56|CG1184764|-36|-56|CG1184765|-41|-56|CG1184764|-36|-56|CG1184763|-26|-56|CG1184764|-36|-56|CG1184765|-41|-56|CG1184764|-36|-56|CG1184763|-26|-56|CG1184766|-32|-57|CG1184767|-39|-57|CG1184767|-39|-57|CG1184767|-39|-57|CG1184766|-32|-57|CG1184763|-26|-56|CG1184766|-32|-57|CG1184767|-39|-57|CG1184767|-39|-57|CG1184767|-39|-57|CG1184767|-39|-57|CG1184766|-32|-57|CG1184763|-26|-56|CG1184764|-36|-56|CG1184765|-41|-56|CG1184764|-36|-56|CG1184763|-26|-56|CG1184764|-36|-56|CG1184765|-41|-56|CG1184764|-36|-56
442|5|1|1000|6|CG1184770|-29|-53|CG1184771|-27|-57|CG1184772|-24|-55|CG1184773|-22|-53|CG1184774|-23|-57|CG1184775|-26|-55
442|5|2|600|5|CG1325637|-87|-102|CG1325638|-101|-134|CG1325639|-81|-118|CG1325640|-146|-102|CG1325641|-132|-115
442|5|3|510|6|CG1184733|-51|-50|CG1184734|-39|-46|CG1184735|-19|-47|CG1184736|-13|-50|CG1184737|-18|-45|CG1184738|-37|-46
442|5|4|
442|5|5|1000|8|CG1184725|-31|-53|CG1184726|-42|-42|CG1184727|-27|-87|CG1184728|-23|-78|CG1184729|-24|-74|CG1184730|-25|-42|CG1184731|-21|-29|CG1184732|-16|-38
442|5|6|2091|24|CG1184752|-35|-49|CG1184752|-35|-49|CG1184753|-44|-58|CG1184753|-44|-58|CG1184754|-45|-60|CG1184754|-45|-60|CG1184755|-56|-47|CG1184755|-56|-47|CG1184756|-56|-38|CG1184756|-56|-38|CG1184756|-56|-38|CG1184756|-56|-38|CG1184756|-56|-38|CG1184756|-56|-38|CG1184757|-56|-50|CG1184758|-57|-53|CG1184759|-57|-54|CG1184759|-57|-54|CG1184759|-57|-54|CG1184759|-57|-54|CG1184758|-57|-53|CG1184758|-57|-53|CG1184757|-56|-50|CG1184757|-56|-50
442|5|7|1394|13|CG1183881|-15|-56|CG1183881|-15|-56|CG1183882|-15|-52|CG1183882|-15|-52|CG1183883|-15|-55|CG1183883|-15|-55|CG1183884|-14|-45|CG1183885|-26|-54|CG1183886|-20|-54|CG1183887|-31|-58|CG1183887|-31|-58|CG1183888|-28|-55|CG1183888|-28|-55
442|5|8|1000|2|CG1184747|-25|-43|CG1184748|-42|-55
442|5|9|1000|1|CG1184749|-36|-48
442|5|10|1190|6|CG1184741|-27|-57|CG1184742|-51|-57|CG1184743|-64|-40|CG1184744|-52|-20|CG1184745|-56|-19|CG1184746|-55|-15
442|6|0|6086|40|CG1184816|-48|-56|CG1184817|-49|-56|CG1184818|-51|-56|CG1184817|-49|-56|CG1184816|-48|-56|CG1184819|-50|-57|CG1184820|-52|-57|CG1184820|-52|-57|CG1184820|-52|-57|CG1184820|-52|-57|CG1184819|-50|-57|CG1184816|-48|-56|CG1184817|-49|-56|CG1184818|-51|-56|CG1184817|-49|-56|CG1184816|-48|-56|CG1184817|-49|-56|CG1184818|-51|-56|CG1184817|-49|-56|CG1184816|-48|-56|CG1184819|-50|-57|CG1184820|-52|-57|CG1184820|-52|-57|CG1184820|-52|-57|CG1184819|-50|-57|CG1184816|-48|-56|CG1184819|-50|-57|CG1184820|-52|-57|CG1184820|-52|-57|CG1184820|-52|-57|CG1184820|-52|-57|CG1184819|-50|-57|CG1184816|-48|-56|CG1184817|-49|-56|CG1184818|-51|-56|CG1184817|-49|-56|CG1184816|-48|-56|CG1184817|-49|-56|CG1184818|-51|-56|CG1184817|-49|-56
442|6|1|1000|6|CG1184823|-44|-53|CG1184824|-47|-57|CG1184825|-45|-55|CG1184826|-44|-53|CG1184827|-45|-57|CG1184828|-45|-55
442|6|2|600|5|CG1325693|-56|-115|CG1325694|-66|-158|CG1325695|-93|-143|CG1325696|-109|-126|CG1325697|-81|-115
442|6|3|510|6|CG1184786|-47|-52|CG1184787|-47|-48|CG1184788|-23|-48|CG1184789|-20|-51|CG1184790|-22|-47|CG1184791|-47|-48
442|6|4|
442|6|5|1000|8|CG1184778|-41|-54|CG1184779|-45|-44|CG1184780|-33|-88|CG1184781|-29|-80|CG1184782|-63|-87|CG1184783|-72|-46|CG1184784|-63|-33|CG1184785|-40|-41
442|6|6|2091|24|CG1184805|-44|-50|CG1184805|-44|-50|CG1184806|-51|-58|CG1184806|-51|-58|CG1184807|-27|-73|CG1184807|-27|-73|CG1184808|-47|-46|CG1184808|-47|-46|CG1184809|-48|-38|CG1184809|-48|-38|CG1184809|-48|-38|CG1184809|-48|-38|CG1184809|-48|-38|CG1184809|-48|-38|CG1184810|-48|-48|CG1184811|-48|-50|CG1184812|-47|-50|CG1184812|-47|-50|CG1184812|-47|-50|CG1184812|-47|-50|CG1184811|-48|-50|CG1184811|-48|-50|CG1184810|-48|-48|CG1184810|-48|-48
442|6|7|1394|13|CG1183949|-24|-56|CG1183949|-24|-56|CG1183950|-23|-53|CG1183950|-23|-53|CG1183951|-24|-55|CG1183951|-24|-55|CG1183952|-26|-47|CG1183953|-30|-51|CG1183954|-22|-50|CG1183955|-26|-56|CG1183955|-26|-56|CG1183956|-25|-55|CG1183956|-25|-55
442|6|8|1000|2|CG1184800|-51|-44|CG1184801|-39|-52
442|6|9|1000|1|CG1184802|-37|-60
442|6|10|1190|6|CG1184794|-41|-57|CG1184795|-58|-57|CG1184796|-65|-55|CG1184797|-76|-29|CG1184798|-76|-23|CG1184799|-75|-18
442|7|0|6086|40|CG1184869|-49|-56|CG1184870|-47|-56|CG1184871|-42|-56|CG1184870|-47|-56|CG1184869|-49|-56|CG1184872|-50|-57|CG1184873|-48|-57|CG1184873|-48|-57|CG1184873|-48|-57|CG1184873|-48|-57|CG1184872|-50|-57|CG1184869|-49|-56|CG1184870|-47|-56|CG1184871|-42|-56|CG1184870|-47|-56|CG1184869|-49|-56|CG1184870|-47|-56|CG1184871|-42|-56|CG1184870|-47|-56|CG1184869|-49|-56|CG1184872|-50|-57|CG1184873|-48|-57|CG1184873|-48|-57|CG1184873|-48|-57|CG1184872|-50|-57|CG1184869|-49|-56|CG1184872|-50|-57|CG1184873|-48|-57|CG1184873|-48|-57|CG1184873|-48|-57|CG1184873|-48|-57|CG1184872|-50|-57|CG1184869|-49|-56|CG1184870|-47|-56|CG1184871|-42|-56|CG1184870|-47|-56|CG1184869|-49|-56|CG1184870|-47|-56|CG1184871|-42|-56|CG1184870|-47|-56
442|7|1|1000|6|CG1184876|-40|-53|CG1184877|-42|-57|CG1184878|-48|-55|CG1184879|-51|-54|CG1184880|-49|-57|CG1184881|-43|-55
442|7|2|600|5|CG1325749|-65|-111|CG1325750|-73|-164|CG1325751|-68|-170|CG1325752|-60|-150|CG1325753|-60|-127
442|7|3|510|6|CG1184839|-34|-55|CG1184840|-45|-52|CG1184841|-37|-52|CG1184842|-25|-54|CG1184843|-38|-51|CG1184844|-45|-52
442|7|4|
442|7|5|1000|8|CG1184831|-43|-55|CG1184832|-31|-46|CG1184833|-28|-86|CG1184834|-31|-79|CG1184835|-70|-104|CG1184836|-91|-52|CG1184837|-82|-47|CG1184838|-59|-49
442|7|6|2091|24|CG1184858|-45|-52|CG1184858|-45|-52|CG1184859|-43|-70|CG1184859|-43|-70|CG1184860|-13|-76|CG1184860|-13|-76|CG1184861|-26|-42|CG1184861|-26|-42|CG1184862|-26|-38|CG1184862|-26|-38|CG1184862|-26|-38|CG1184862|-26|-38|CG1184862|-26|-38|CG1184862|-26|-38|CG1184863|-26|-43|CG1184864|-26|-42|CG1184865|-25|-41|CG1184865|-25|-41|CG1184865|-25|-41|CG1184865|-25|-41|CG1184864|-26|-42|CG1184864|-26|-42|CG1184863|-26|-43|CG1184863|-26|-43
442|7|7|1394|13|CG1184017|-28|-56|CG1184017|-28|-56|CG1184018|-27|-55|CG1184018|-27|-55|CG1184019|-28|-56|CG1184019|-28|-56|CG1184020|-31|-52|CG1184021|-33|-51|CG1184022|-33|-47|CG1184023|-30|-55|CG1184023|-30|-55|CG1184024|-17|-56|CG1184024|-17|-56
442|7|8|1000|2|CG1184853|-46|-57|CG1184854|-17|-59
442|7|9|1000|1|CG1184855|-27|-63
442|7|10|1190|6|CG1184847|-48|-57|CG1184848|-41|-55|CG1184849|-38|-75|CG1184850|-68|-51|CG1184851|-69|-32|CG1184852|-70|-34
