478|0|0|1292|4|CG1199554|-60|-77|CG1199555|-59|-77|CG1199556|-59|-77|CG1199555|-59|-77
478|0|1|1000|6|CG1199559|-38|-77|CG1199560|-39|-78|CG1199561|-35|-78|CG1199562|-32|-77|CG1199563|-33|-78|CG1199564|-36|-78
478|0|2|600|5|CG1325357|-54|-113|CG1325358|-66|-144|CG1325359|-95|-176|CG1325360|-103|-137|CG1325361|-78|-106
478|0|3|600|12|CG1199524|-40|-80|CG1199525|-47|-83|CG1199525|-47|-83|CG1199526|-45|-83|CG1199526|-45|-83|CG1199527|-32|-85|CG1199528|-27|-80|CG1199529|-25|-84|CG1199529|-25|-84|CG1199530|-24|-84|CG1199530|-24|-84|CG1199531|-27|-82
478|0|4|
478|0|5|1000|18|CG1199516|-27|-70|CG1199516|-27|-70|CG1199517|-27|-65|CG1199517|-27|-65|CG1199517|-27|-65|CG1199517|-27|-65|CG1199518|-30|-70|CG1199518|-30|-70|CG1199519|-57|-83|CG1199519|-57|-83|CG1199520|-27|-122|CG1199520|-27|-122|CG1199521|-26|-126|CG1199521|-26|-126|CG1199522|-22|-114|CG1199522|-22|-114|CG1199523|-29|-107|CG1199523|-29|-107
478|0|6|2689|26|CG1199545|-22|-95|CG1199546|-22|-95|CG1199547|-22|-95|CG1199545|-22|-95|CG1199546|-22|-95|CG1199547|-22|-95|CG1199545|-22|-95|CG1199546|-22|-95|CG1199547|-22|-95|CG1199545|-22|-95|CG1199546|-22|-95|CG1199547|-22|-95|CG1199545|-22|-95|CG1199546|-22|-95|CG1199547|-22|-95|CG1199545|-22|-95|CG1199546|-22|-95|CG1199547|-22|-95|CG1199545|-22|-95|CG1199548|-41|-79|CG1199548|-41|-79|CG1199549|-43|-114|CG1199549|-43|-114|CG1199549|-43|-114|CG1199550|-61|-80|CG1199550|-61|-80
478|0|7|697|12|CG1198657|-27|-79|CG1198657|-27|-79|CG1198658|-19|-81|CG1198658|-19|-81|CG1198658|-19|-81|CG1198659|-25|-79|CG1198660|-28|-78|CG1198661|-25|-78|CG1198661|-25|-78|CG1198661|-25|-78|CG1198662|-24|-78|CG1198662|-24|-78
478|0|8|1000|2|CG1199540|-52|-69|CG1199541|-26|-57
478|0|9|1000|1|CG1199542|-46|-78
478|0|10|986|6|CG1199534|-33|-88|CG1199535|-59|-89|CG1199536|-59|-96|CG1199537|-66|-101|CG1199538|-70|-86|CG1199539|-70|-54
478|1|0|1292|4|CG1199605|-33|-76|CG1199606|-33|-76|CG1199607|-32|-76|CG1199606|-33|-76
478|1|1|1000|6|CG1199610|-18|-76|CG1199611|-19|-77|CG1199612|-19|-77|CG1199613|-19|-76|CG1199614|-19|-77|CG1199615|-18|-77
478|1|2|600|5|CG1325413|-100|-113|CG1325414|-102|-107|CG1325415|-90|-159|CG1325416|-142|-98|CG1325417|-131|-103
478|1|3|600|12|CG1199575|-23|-81|CG1199576|-24|-88|CG1199576|-24|-88|CG1199577|-26|-87|CG1199577|-26|-87|CG1199578|-25|-88|CG1199579|-19|-81|CG1199580|-18|-84|CG1199580|-18|-84|CG1199581|-19|-84|CG1199581|-19|-84|CG1199582|-22|-82
478|1|4|
478|1|5|1000|18|CG1199567|-27|-70|CG1199567|-27|-70|CG1199568|-32|-65|CG1199568|-32|-65|CG1199568|-32|-65|CG1199568|-32|-65|CG1199569|-35|-71|CG1199569|-35|-71|CG1199570|-24|-92|CG1199570|-24|-92|CG1199571|-24|-117|CG1199571|-24|-117|CG1199572|-23|-123|CG1199572|-23|-123|CG1199573|-24|-111|CG1199573|-24|-111|CG1199574|-26|-109|CG1199574|-26|-109
478|1|6|2689|26|CG1199596|-20|-101|CG1199597|-20|-101|CG1199598|-20|-101|CG1199596|-20|-101|CG1199597|-20|-101|CG1199598|-20|-101|CG1199596|-20|-101|CG1199597|-20|-101|CG1199598|-20|-101|CG1199596|-20|-101|CG1199597|-20|-101|CG1199598|-20|-101|CG1199596|-20|-101|CG1199597|-20|-101|CG1199598|-20|-101|CG1199596|-20|-101|CG1199597|-20|-101|CG1199598|-20|-101|CG1199596|-20|-101|CG1199599|-45|-78|CG1199599|-45|-78|CG1199600|-18|-118|CG1199600|-18|-118|CG1199600|-18|-118|CG1199601|-22|-94|CG1199601|-22|-94
478|1|7|697|12|CG1198719|-21|-77|CG1198719|-21|-77|CG1198720|-23|-79|CG1198720|-23|-79|CG1198720|-23|-79|CG1198721|-17|-78|CG1198722|-16|-77|CG1198723|-16|-79|CG1198723|-16|-79|CG1198723|-16|-79|CG1198724|-16|-76|CG1198724|-16|-76
478|1|8|1000|2|CG1199591|-48|-74|CG1199592|-48|-59
478|1|9|1000|1|CG1199593|-38|-78
478|1|10|986|6|CG1199585|-30|-83|CG1199586|-27|-88|CG1199587|-27|-105|CG1199588|-29|-106|CG1199589|-25|-87|CG1199590|-30|-62
478|2|0|1292|4|CG1199656|-21|-76|CG1199657|-21|-76|CG1199658|-21|-76|CG1199657|-21|-76
478|2|1|1000|6|CG1199661|-20|-77|CG1199662|-16|-78|CG1199663|-17|-78|CG1199664|-19|-77|CG1199665|-19|-78|CG1199666|-16|-78
478|2|2|600|5|CG1325469|-119|-113|CG1325470|-90|-142|CG1325471|-82|-174|CG1325472|-99|-116|CG1325473|-109|-103
478|2|3|600|12|CG1199626|-29|-80|CG1199627|-27|-89|CG1199627|-27|-89|CG1199628|-28|-90|CG1199628|-28|-90|CG1199629|-31|-82|CG1199630|-29|-80|CG1199631|-35|-83|CG1199631|-35|-83|CG1199632|-31|-83|CG1199632|-31|-83|CG1199633|-32|-82
478|2|4|
478|2|5|1000|18|CG1199618|-28|-78|CG1199618|-28|-78|CG1199619|-28|-65|CG1199619|-28|-65|CG1199619|-28|-65|CG1199619|-28|-65|CG1199620|-33|-72|CG1199620|-33|-72|CG1199621|-14|-86|CG1199621|-14|-86|CG1199622|-20|-94|CG1199622|-20|-94|CG1199623|-20|-106|CG1199623|-20|-106|CG1199624|-18|-95|CG1199624|-18|-95|CG1199625|-23|-97|CG1199625|-23|-97
478|2|6|2689|26|CG1199647|-18|-104|CG1199648|-18|-104|CG1199649|-18|-104|CG1199647|-18|-104|CG1199648|-18|-104|CG1199649|-18|-104|CG1199647|-18|-104|CG1199648|-18|-104|CG1199649|-18|-104|CG1199647|-18|-104|CG1199648|-18|-104|CG1199649|-18|-104|CG1199647|-18|-104|CG1199648|-18|-104|CG1199649|-18|-104|CG1199647|-18|-104|CG1199648|-18|-104|CG1199649|-18|-104|CG1199647|-18|-104|CG1199650|-45|-78|CG1199650|-45|-78|CG1199651|-24|-103|CG1199651|-24|-103|CG1199651|-24|-103|CG1199652|-19|-92|CG1199652|-19|-92
478|2|7|697|12|CG1198781|-17|-76|CG1198781|-17|-76|CG1198782|-18|-77|CG1198782|-18|-77|CG1198782|-18|-77|CG1198783|-19|-77|CG1198784|-20|-76|CG1198785|-20|-76|CG1198785|-20|-76|CG1198785|-20|-76|CG1198786|-20|-76|CG1198786|-20|-76
478|2|8|1000|2|CG1199642|-27|-75|CG1199643|-50|-56
478|2|9|1000|1|CG1199644|-20|-78
478|2|10|986|6|CG1199636|-25|-76|CG1199637|-12|-82|CG1199638|-10|-99|CG1199639|-3|-91|CG1199640|-3|-68|CG1199641|-3|-50
478|3|0|1292|4|CG1199707|-22|-77|CG1199708|-22|-77|CG1199709|-22|-77|CG1199708|-22|-77
478|3|1|1000|6|CG1199712|-20|-78|CG1199713|-19|-78|CG1199714|-16|-79|CG1199715|-19|-78|CG1199716|-19|-78|CG1199717|-16|-78
478|3|2|600|5|CG1325525|-125|-117|CG1325526|-119|-165|CG1325527|-116|-175|CG1325528|-58|-136|CG1325529|-81|-129
478|3|3|600|12|CG1199677|-38|-79|CG1199678|-39|-83|CG1199678|-39|-83|CG1199679|-39|-83|CG1199679|-39|-83|CG1199680|-42|-81|CG1199681|-38|-79|CG1199682|-39|-81|CG1199682|-39|-81|CG1199683|-39|-82|CG1199683|-39|-82|CG1199684|-41|-81
478|3|4|
478|3|5|1000|18|CG1199669|-27|-85|CG1199669|-27|-85|CG1199670|-34|-71|CG1199670|-34|-71|CG1199670|-34|-71|CG1199670|-34|-71|CG1199671|-32|-71|CG1199671|-32|-71|CG1199672|-17|-84|CG1199672|-17|-84|CG1199673|-28|-85|CG1199673|-28|-85|CG1199674|-27|-84|CG1199674|-27|-84|CG1199675|-23|-81|CG1199675|-23|-81|CG1199676|-23|-80|CG1199676|-23|-80
478|3|6|2689|26|CG1199698|-22|-103|CG1199699|-22|-103|CG1199700|-22|-103|CG1199698|-22|-103|CG1199699|-22|-103|CG1199700|-22|-103|CG1199698|-22|-103|CG1199699|-22|-103|CG1199700|-22|-103|CG1199698|-22|-103|CG1199699|-22|-103|CG1199700|-22|-103|CG1199698|-22|-103|CG1199699|-22|-103|CG1199700|-22|-103|CG1199698|-22|-103|CG1199699|-22|-103|CG1199700|-22|-103|CG1199698|-22|-103|CG1199701|-22|-78|CG1199701|-22|-78|CG1199702|-31|-77|CG1199702|-31|-77|CG1199702|-31|-77|CG1199703|-23|-77|CG1199703|-23|-77
478|3|7|697|12|CG1198843|-21|-76|CG1198843|-21|-76|CG1198844|-21|-75|CG1198844|-21|-75|CG1198844|-21|-75|CG1198845|-18|-76|CG1198846|-18|-76|CG1198847|-19|-76|CG1198847|-19|-76|CG1198847|-19|-76|CG1198848|-20|-76|CG1198848|-20|-76
478|3|8|1000|2|CG1199693|-22|-72|CG1199694|-41|-65
478|3|9|1000|1|CG1199695|-28|-78
478|3|10|986|6|CG1199687|-25|-71|CG1199688|-10|-75|CG1199689|-1|-83|CG1199690|-3|-64|CG1199691|0|-43|CG1199692|-1|-28
478|4|0|1292|4|CG1199758|-19|-79|CG1199759|-19|-79|CG1199760|-18|-79|CG1199759|-19|-79
478|4|1|1000|6|CG1199763|-19|-79|CG1199764|-18|-79|CG1199765|-20|-80|CG1199766|-24|-79|CG1199767|-23|-79|CG1199768|-20|-79
478|4|2|600|5|CG1325581|-118|-123|CG1325582|-92|-162|CG1325583|-82|-152|CG1325584|-98|-119|CG1325585|-112|-122
478|4|3|600|12|CG1199728|-35|-78|CG1199729|-34|-81|CG1199729|-34|-81|CG1199730|-29|-82|CG1199730|-29|-82|CG1199731|-36|-81|CG1199732|-37|-78|CG1199733|-36|-80|CG1199733|-36|-80|CG1199734|-37|-81|CG1199734|-37|-81|CG1199735|-38|-81
478|4|4|
478|4|5|1000|18|CG1199720|-23|-87|CG1199720|-23|-87|CG1199721|-25|-81|CG1199721|-25|-81|CG1199721|-25|-81|CG1199721|-25|-81|CG1199722|-22|-69|CG1199722|-22|-69|CG1199723|-21|-80|CG1199723|-21|-80|CG1199724|-23|-81|CG1199724|-23|-81|CG1199725|-21|-80|CG1199725|-21|-80|CG1199726|-19|-78|CG1199726|-19|-78|CG1199727|-20|-79|CG1199727|-20|-79
478|4|6|2689|26|CG1199749|-30|-98|CG1199750|-17|-98|CG1199751|-27|-98|CG1199749|-30|-98|CG1199750|-17|-98|CG1199751|-27|-98|CG1199749|-30|-98|CG1199750|-17|-98|CG1199751|-27|-98|CG1199749|-30|-98|CG1199750|-17|-98|CG1199751|-27|-98|CG1199749|-30|-98|CG1199750|-17|-98|CG1199751|-27|-98|CG1199749|-30|-98|CG1199750|-17|-98|CG1199751|-27|-98|CG1199749|-30|-98|CG1199752|-27|-79|CG1199752|-27|-79|CG1199753|-35|-77|CG1199753|-35|-77|CG1199753|-35|-77|CG1199754|-27|-78|CG1199754|-27|-78
478|4|7|697|12|CG1198905|-18|-76|CG1198905|-18|-76|CG1198906|-18|-75|CG1198906|-18|-75|CG1198906|-18|-75|CG1198907|-20|-77|CG1198908|-25|-77|CG1198909|-22|-77|CG1198909|-22|-77|CG1198909|-22|-77|CG1198910|-19|-78|CG1198910|-19|-78
478|4|8|1000|2|CG1199744|-16|-67|CG1199745|-35|-73
478|4|9|1000|1|CG1199746|-24|-77
478|4|10|986|6|CG1199738|-19|-70|CG1199739|-4|-72|CG1199740|-7|-63|CG1199741|-7|-40|CG1199742|-1|-18|CG1199743|-8|-16
478|5|0|1292|4|CG1199809|-23|-80|CG1199810|-23|-79|CG1199811|-24|-79|CG1199810|-23|-79
478|5|1|1000|6|CG1199814|-19|-79|CG1199815|-19|-79|CG1199816|-18|-80|CG1199817|-20|-79|CG1199818|-19|-79|CG1199819|-19|-80
478|5|2|600|5|CG1325637|-87|-102|CG1325638|-101|-134|CG1325639|-81|-118|CG1325640|-146|-102|CG1325641|-132|-115
478|5|3|600|12|CG1199779|-40|-77|CG1199780|-38|-80|CG1199780|-38|-80|CG1199781|-41|-81|CG1199781|-41|-81|CG1199782|-40|-80|CG1199783|-55|-77|CG1199784|-62|-80|CG1199784|-62|-80|CG1199785|-65|-81|CG1199785|-65|-81|CG1199786|-41|-80
478|5|4|
478|5|5|1000|18|CG1199771|-17|-81|CG1199771|-17|-81|CG1199772|-17|-84|CG1199772|-17|-84|CG1199772|-17|-84|CG1199772|-17|-84|CG1199773|-19|-68|CG1199773|-19|-68|CG1199774|-45|-76|CG1199774|-45|-76|CG1199775|-55|-76|CG1199775|-55|-76|CG1199776|-42|-76|CG1199776|-42|-76|CG1199777|-36|-76|CG1199777|-36|-76|CG1199778|-24|-77|CG1199778|-24|-77
478|5|6|2689|26|CG1199800|-31|-92|CG1199801|-23|-92|CG1199802|-29|-92|CG1199800|-31|-92|CG1199801|-23|-92|CG1199802|-29|-92|CG1199800|-31|-92|CG1199801|-23|-92|CG1199802|-29|-92|CG1199800|-31|-92|CG1199801|-23|-92|CG1199802|-29|-92|CG1199800|-31|-92|CG1199801|-23|-92|CG1199802|-29|-92|CG1199800|-31|-92|CG1199801|-23|-92|CG1199802|-29|-92|CG1199800|-31|-92|CG1199803|-28|-77|CG1199803|-28|-77|CG1199804|-25|-77|CG1199804|-25|-77|CG1199804|-25|-77|CG1199805|-21|-79|CG1199805|-21|-79
478|5|7|697|12|CG1198967|-19|-78|CG1198967|-19|-78|CG1198968|-20|-77|CG1198968|-20|-77|CG1198968|-20|-77|CG1198969|-22|-77|CG1198970|-22|-78|CG1198971|-20|-78|CG1198971|-20|-78|CG1198971|-20|-78|CG1198972|-21|-79|CG1198972|-21|-79
478|5|8|1000|2|CG1199795|-26|-62|CG1199796|-20|-78
478|5|9|1000|1|CG1199797|-40|-78
478|5|10|986|6|CG1199789|-23|-75|CG1199790|-29|-73|CG1199791|-37|-53|CG1199792|-24|-34|CG1199793|-39|-15|CG1199794|-44|-8
478|6|0|1292|4|CG1199860|-20|-80|CG1199861|-20|-80|CG1199862|-20|-80|CG1199861|-20|-80
478|6|1|1000|6|CG1199865|-54|-79|CG1199866|-55|-79|CG1199867|-55|-79|CG1199868|-53|-79|CG1199869|-53|-79|CG1199870|-54|-80
478|6|2|600|5|CG1325693|-56|-115|CG1325694|-66|-158|CG1325695|-93|-143|CG1325696|-109|-126|CG1325697|-81|-115
478|6|3|600|12|CG1199830|-42|-78|CG1199831|-36|-80|CG1199831|-36|-80|CG1199832|-39|-81|CG1199832|-39|-81|CG1199833|-50|-81|CG1199834|-63|-78|CG1199835|-55|-81|CG1199835|-55|-81|CG1199836|-59|-82|CG1199836|-59|-82|CG1199837|-65|-81
478|6|4|
478|6|5|1000|18|CG1199822|-20|-72|CG1199822|-20|-72|CG1199823|-20|-79|CG1199823|-20|-79|CG1199823|-20|-79|CG1199823|-20|-79|CG1199824|-40|-67|CG1199824|-40|-67|CG1199825|-57|-76|CG1199825|-57|-76|CG1199826|-91|-77|CG1199826|-91|-77|CG1199827|-74|-87|CG1199827|-74|-87|CG1199828|-59|-85|CG1199828|-59|-85|CG1199829|-56|-78|CG1199829|-56|-78
478|6|6|2689|26|CG1199851|-22|-89|CG1199852|-21|-89|CG1199853|-21|-89|CG1199851|-22|-89|CG1199852|-21|-89|CG1199853|-21|-89|CG1199851|-22|-89|CG1199852|-21|-89|CG1199853|-21|-89|CG1199851|-22|-89|CG1199852|-21|-89|CG1199853|-21|-89|CG1199851|-22|-89|CG1199852|-21|-89|CG1199853|-21|-89|CG1199851|-22|-89|CG1199852|-21|-89|CG1199853|-21|-89|CG1199851|-22|-89|CG1199854|-31|-78|CG1199854|-31|-78|CG1199855|-75|-78|CG1199855|-75|-78|CG1199855|-75|-78|CG1199856|-39|-79|CG1199856|-39|-79
478|6|7|697|12|CG1199029|-21|-80|CG1199029|-21|-80|CG1199030|-22|-79|CG1199030|-22|-79|CG1199030|-22|-79|CG1199031|-22|-78|CG1199032|-24|-79|CG1199033|-41|-79|CG1199033|-41|-79|CG1199033|-41|-79|CG1199034|-33|-80|CG1199034|-33|-80
478|6|8|1000|2|CG1199846|-29|-61|CG1199847|-28|-75
478|6|9|1000|1|CG1199848|-59|-78
478|6|10|986|6|CG1199840|-45|-82|CG1199841|-62|-79|CG1199842|-55|-59|CG1199843|-73|-52|CG1199844|-90|-28|CG1199845|-86|-12
478|7|0|1292|4|CG1199911|-55|-78|CG1199912|-55|-78|CG1199913|-55|-78|CG1199912|-55|-78
478|7|1|1000|6|CG1199916|-63|-78|CG1199917|-64|-78|CG1199918|-62|-78|CG1199919|-58|-78|CG1199920|-58|-78|CG1199921|-61|-79
478|7|2|600|5|CG1325749|-65|-111|CG1325750|-73|-164|CG1325751|-68|-170|CG1325752|-60|-150|CG1325753|-60|-127
478|7|3|600|12|CG1199881|-57|-79|CG1199882|-46|-81|CG1199882|-46|-81|CG1199883|-40|-82|CG1199883|-40|-82|CG1199884|-56|-81|CG1199885|-36|-79|CG1199886|-28|-83|CG1199886|-28|-83|CG1199887|-27|-83|CG1199887|-27|-83|CG1199888|-52|-81
478|7|4|
478|7|5|1000|18|CG1199873|-22|-70|CG1199873|-22|-70|CG1199874|-22|-69|CG1199874|-22|-69|CG1199874|-22|-69|CG1199874|-22|-69|CG1199875|-48|-69|CG1199875|-48|-69|CG1199876|-79|-80|CG1199876|-79|-80|CG1199877|-74|-106|CG1199877|-74|-106|CG1199878|-64|-112|CG1199878|-64|-112|CG1199879|-49|-104|CG1199879|-49|-104|CG1199880|-58|-93|CG1199880|-58|-93
478|7|6|2689|26|CG1199902|-23|-90|CG1199903|-23|-90|CG1199904|-23|-90|CG1199902|-23|-90|CG1199903|-23|-90|CG1199904|-23|-90|CG1199902|-23|-90|CG1199903|-23|-90|CG1199904|-23|-90|CG1199902|-23|-90|CG1199903|-23|-90|CG1199904|-23|-90|CG1199902|-23|-90|CG1199903|-23|-90|CG1199904|-23|-90|CG1199902|-23|-90|CG1199903|-23|-90|CG1199904|-23|-90|CG1199902|-23|-90|CG1199905|-50|-79|CG1199905|-50|-79|CG1199906|-80|-93|CG1199906|-80|-93|CG1199906|-80|-93|CG1199907|-70|-78|CG1199907|-70|-78
478|7|7|697|12|CG1199091|-22|-80|CG1199091|-22|-80|CG1199092|-22|-81|CG1199092|-22|-81|CG1199092|-22|-81|CG1199093|-29|-79|CG1199094|-30|-79|CG1199095|-42|-78|CG1199095|-42|-78|CG1199095|-42|-78|CG1199096|-38|-79|CG1199096|-38|-79
478|7|8|1000|2|CG1199897|-28|-63|CG1199898|-34|-67
478|7|9|1000|1|CG1199899|-45|-78
478|7|10|986|6|CG1199891|-45|-87|CG1199892|-61|-86|CG1199893|-79|-78|CG1199894|-82|-80|CG1199895|-92|-63|CG1199896|-93|-28
