448|0|0|6086|40|CG1187082|-32|-57|CG1187083|-20|-56|CG1187084|-17|-56|CG1187083|-20|-56|CG1187082|-32|-57|CG1187085|-26|-56|CG1187086|-22|-57|CG1187086|-22|-57|CG1187086|-22|-57|CG1187086|-22|-57|CG1187085|-26|-56|CG1187082|-32|-57|CG1187083|-20|-56|CG1187084|-17|-56|CG1187083|-20|-56|CG1187082|-32|-57|CG1187083|-20|-56|CG1187084|-17|-56|CG1187083|-20|-56|CG1187082|-32|-57|CG1187085|-26|-56|CG1187086|-22|-57|CG1187086|-22|-57|CG1187086|-22|-57|CG1187085|-26|-56|CG1187082|-32|-57|CG1187085|-26|-56|CG1187086|-22|-57|CG1187086|-22|-57|CG1187086|-22|-57|CG1187086|-22|-57|CG1187085|-26|-56|CG1187082|-32|-57|CG1187083|-20|-56|CG1187084|-17|-56|CG1187083|-20|-56|CG1187082|-32|-57|CG1187083|-20|-56|CG1187084|-17|-56|CG1187083|-20|-56
448|0|1|1000|6|CG1187089|-24|-57|CG1187090|-23|-64|CG1187091|-32|-60|CG1187092|-36|-58|CG1187093|-31|-64|CG1187094|-24|-60
448|0|2|600|5|CG1325357|-54|-113|CG1325358|-66|-144|CG1325359|-95|-176|CG1325360|-103|-137|CG1325361|-78|-106
448|0|3|510|6|CG1187052|-24|-58|CG1187053|-27|-56|CG1187054|-44|-56|CG1187055|-43|-57|CG1187056|-45|-56|CG1187057|-29|-55
448|0|4|
448|0|5|1000|8|CG1187044|-27|-56|CG1187045|-23|-51|CG1187046|-34|-89|CG1187047|-29|-82|CG1187048|-45|-114|CG1187049|-58|-65|CG1187050|-55|-66|CG1187051|-51|-58
448|0|6|2091|24|CG1187071|-25|-54|CG1187071|-25|-54|CG1187072|-27|-75|CG1187072|-27|-75|CG1187073|-20|-76|CG1187073|-20|-76|CG1187074|-19|-39|CG1187074|-19|-39|CG1187075|-19|-38|CG1187075|-19|-38|CG1187075|-19|-38|CG1187075|-19|-38|CG1187075|-19|-38|CG1187075|-19|-38|CG1187076|-20|-38|CG1187077|-20|-35|CG1187078|-19|-31|CG1187078|-19|-31|CG1187078|-19|-31|CG1187078|-19|-31|CG1187077|-20|-35|CG1187077|-20|-35|CG1187076|-20|-38|CG1187076|-20|-38
448|0|7|1394|13|CG1186125|-23|-56|CG1186125|-23|-56|CG1186126|-22|-58|CG1186126|-22|-58|CG1186127|-24|-58|CG1186127|-24|-58|CG1186128|-26|-58|CG1186129|-39|-53|CG1186130|-29|-46|CG1186131|-25|-54|CG1186131|-25|-54|CG1186132|-26|-58|CG1186132|-26|-58
448|0|8|1000|2|CG1187066|-26|-68|CG1187067|-16|-60
448|0|9|1000|1|CG1187068|-24|-62
448|0|10|1190|6|CG1187060|-35|-57|CG1187061|-18|-54|CG1187062|-30|-80|CG1187063|-43|-61|CG1187064|-43|-43|CG1187065|-44|-43
448|1|0|6086|40|CG1187135|-26|-59|CG1187136|-28|-57|CG1187137|-28|-56|CG1187136|-28|-57|CG1187135|-26|-59|CG1187138|-27|-57|CG1187139|-28|-58|CG1187139|-28|-58|CG1187139|-28|-58|CG1187139|-28|-58|CG1187138|-27|-57|CG1187135|-26|-59|CG1187136|-28|-57|CG1187137|-28|-56|CG1187136|-28|-57|CG1187135|-26|-59|CG1187136|-28|-57|CG1187137|-28|-56|CG1187136|-28|-57|CG1187135|-26|-59|CG1187138|-27|-57|CG1187139|-28|-58|CG1187139|-28|-58|CG1187139|-28|-58|CG1187138|-27|-57|CG1187135|-26|-59|CG1187138|-27|-57|CG1187139|-28|-58|CG1187139|-28|-58|CG1187139|-28|-58|CG1187139|-28|-58|CG1187138|-27|-57|CG1187135|-26|-59|CG1187136|-28|-57|CG1187137|-28|-56|CG1187136|-28|-57|CG1187135|-26|-59|CG1187136|-28|-57|CG1187137|-28|-56|CG1187136|-28|-57
448|1|1|1000|6|CG1187142|-24|-56|CG1187143|-24|-66|CG1187144|-25|-66|CG1187145|-26|-65|CG1187146|-27|-70|CG1187147|-26|-61
448|1|2|600|5|CG1325413|-100|-113|CG1325414|-102|-107|CG1325415|-90|-159|CG1325416|-142|-98|CG1325417|-131|-103
448|1|3|510|6|CG1187105|-17|-58|CG1187106|-20|-57|CG1187107|-36|-57|CG1187108|-43|-58|CG1187109|-39|-58|CG1187110|-22|-57
448|1|4|
448|1|5|1000|8|CG1187097|-28|-56|CG1187098|-26|-53|CG1187099|-27|-88|CG1187100|-21|-85|CG1187101|-22|-113|CG1187102|-22|-71|CG1187103|-20|-76|CG1187104|-25|-62
448|1|6|2091|24|CG1187124|-26|-55|CG1187124|-26|-55|CG1187125|-36|-71|CG1187125|-36|-71|CG1187126|-32|-70|CG1187126|-32|-70|CG1187127|-22|-37|CG1187127|-22|-37|CG1187128|-20|-37|CG1187128|-20|-37|CG1187128|-20|-37|CG1187128|-20|-37|CG1187128|-20|-37|CG1187128|-20|-37|CG1187129|-22|-36|CG1187130|-23|-39|CG1187131|-27|-26|CG1187131|-27|-26|CG1187131|-27|-26|CG1187131|-27|-26|CG1187130|-23|-39|CG1187130|-23|-39|CG1187129|-22|-36|CG1187129|-22|-36
448|1|7|1394|13|CG1186193|-18|-56|CG1186193|-18|-56|CG1186194|-17|-58|CG1186194|-17|-58|CG1186195|-17|-58|CG1186195|-17|-58|CG1186196|-19|-60|CG1186197|-38|-56|CG1186198|-39|-50|CG1186199|-38|-55|CG1186199|-38|-55|CG1186200|-28|-58|CG1186200|-28|-58
448|1|8|1000|2|CG1187119|-22|-66|CG1187120|-18|-54
448|1|9|1000|1|CG1187121|-19|-57
448|1|10|1190|6|CG1187113|-29|-57|CG1187114|-28|-53|CG1187115|-30|-68|CG1187116|-28|-52|CG1187117|-28|-46|CG1187118|-29|-45
448|2|0|6086|40|CG1187188|-21|-57|CG1187189|-25|-56|CG1187190|-28|-56|CG1187189|-25|-56|CG1187188|-21|-57|CG1187191|-23|-56|CG1187192|-24|-55|CG1187192|-24|-55|CG1187192|-24|-55|CG1187192|-24|-55|CG1187191|-23|-56|CG1187188|-21|-57|CG1187189|-25|-56|CG1187190|-28|-56|CG1187189|-25|-56|CG1187188|-21|-57|CG1187189|-25|-56|CG1187190|-28|-56|CG1187189|-25|-56|CG1187188|-21|-57|CG1187191|-23|-56|CG1187192|-24|-55|CG1187192|-24|-55|CG1187192|-24|-55|CG1187191|-23|-56|CG1187188|-21|-57|CG1187191|-23|-56|CG1187192|-24|-55|CG1187192|-24|-55|CG1187192|-24|-55|CG1187192|-24|-55|CG1187191|-23|-56|CG1187188|-21|-57|CG1187189|-25|-56|CG1187190|-28|-56|CG1187189|-25|-56|CG1187188|-21|-57|CG1187189|-25|-56|CG1187190|-28|-56|CG1187189|-25|-56
448|2|1|1000|6|CG1187195|-20|-54|CG1187196|-17|-57|CG1187197|-23|-60|CG1187198|-26|-60|CG1187199|-24|-63|CG1187200|-17|-55
448|2|2|600|5|CG1325469|-119|-113|CG1325470|-90|-142|CG1325471|-82|-174|CG1325472|-99|-116|CG1325473|-109|-103
448|2|3|510|6|CG1187158|-23|-57|CG1187159|-16|-56|CG1187160|-29|-57|CG1187161|-34|-58|CG1187162|-29|-56|CG1187163|-19|-56
448|2|4|
448|2|5|1000|8|CG1187150|-28|-56|CG1187151|-31|-51|CG1187152|-13|-82|CG1187153|-14|-82|CG1187154|-5|-101|CG1187155|-1|-65|CG1187156|-2|-65|CG1187157|-9|-60
448|2|6|2091|24|CG1187177|-28|-54|CG1187177|-28|-54|CG1187178|-31|-62|CG1187178|-31|-62|CG1187179|-34|-61|CG1187179|-34|-61|CG1187180|-24|-39|CG1187180|-24|-39|CG1187181|-23|-38|CG1187181|-23|-38|CG1187181|-23|-38|CG1187181|-23|-38|CG1187181|-23|-38|CG1187181|-23|-38|CG1187182|-24|-38|CG1187183|-30|-45|CG1187184|-49|-31|CG1187184|-49|-31|CG1187184|-49|-31|CG1187184|-49|-31|CG1187183|-30|-45|CG1187183|-30|-45|CG1187182|-24|-38|CG1187182|-24|-38
448|2|7|1394|13|CG1186261|-14|-56|CG1186261|-14|-56|CG1186262|-16|-58|CG1186262|-16|-58|CG1186263|-15|-58|CG1186263|-15|-58|CG1186264|-13|-59|CG1186265|-19|-59|CG1186266|-33|-53|CG1186267|-35|-57|CG1186267|-35|-57|CG1186268|-19|-58|CG1186268|-19|-58
448|2|8|1000|2|CG1187172|-15|-54|CG1187173|-41|-45
448|2|9|1000|1|CG1187174|-22|-50
448|2|10|1190|6|CG1187166|-23|-57|CG1187167|-27|-54|CG1187168|-22|-60|CG1187169|-14|-42|CG1187170|-16|-39|CG1187171|-16|-38
448|3|0|6086|40|CG1187241|-14|-56|CG1187242|-16|-56|CG1187243|-19|-56|CG1187242|-16|-56|CG1187241|-14|-56|CG1187244|-14|-57|CG1187245|-16|-57|CG1187245|-16|-57|CG1187245|-16|-57|CG1187245|-16|-57|CG1187244|-14|-57|CG1187241|-14|-56|CG1187242|-16|-56|CG1187243|-19|-56|CG1187242|-16|-56|CG1187241|-14|-56|CG1187242|-16|-56|CG1187243|-19|-56|CG1187242|-16|-56|CG1187241|-14|-56|CG1187244|-14|-57|CG1187245|-16|-57|CG1187245|-16|-57|CG1187245|-16|-57|CG1187244|-14|-57|CG1187241|-14|-56|CG1187244|-14|-57|CG1187245|-16|-57|CG1187245|-16|-57|CG1187245|-16|-57|CG1187245|-16|-57|CG1187244|-14|-57|CG1187241|-14|-56|CG1187242|-16|-56|CG1187243|-19|-56|CG1187242|-16|-56|CG1187241|-14|-56|CG1187242|-16|-56|CG1187243|-19|-56|CG1187242|-16|-56
448|3|1|1000|6|CG1187248|-21|-54|CG1187249|-16|-57|CG1187250|-15|-55|CG1187251|-21|-53|CG1187252|-16|-58|CG1187253|-15|-56
448|3|2|600|5|CG1325525|-125|-117|CG1325526|-119|-165|CG1325527|-116|-175|CG1325528|-58|-136|CG1325529|-81|-129
448|3|3|510|6|CG1187211|-26|-54|CG1187212|-20|-52|CG1187213|-21|-54|CG1187214|-27|-61|CG1187215|-20|-53|CG1187216|-22|-52
448|3|4|
448|3|5|1000|8|CG1187203|-20|-55|CG1187204|-24|-46|CG1187205|-15|-77|CG1187206|-38|-79|CG1187207|-2|-85|CG1187208|13|-54|CG1187209|3|-47|CG1187210|-2|-51
448|3|6|2091|24|CG1187230|-19|-52|CG1187230|-19|-52|CG1187231|-23|-57|CG1187231|-23|-57|CG1187232|-39|-54|CG1187232|-39|-54|CG1187233|-31|-42|CG1187233|-31|-42|CG1187234|-30|-38|CG1187234|-30|-38|CG1187234|-30|-38|CG1187234|-30|-38|CG1187234|-30|-38|CG1187234|-30|-38|CG1187235|-31|-43|CG1187236|-35|-50|CG1187237|-45|-41|CG1187237|-45|-41|CG1187237|-45|-41|CG1187237|-45|-41|CG1187236|-35|-50|CG1187236|-35|-50|CG1187235|-31|-43|CG1187235|-31|-43
448|3|7|1394|13|CG1186329|-14|-56|CG1186329|-14|-56|CG1186330|-15|-55|CG1186330|-15|-55|CG1186331|-14|-56|CG1186331|-14|-56|CG1186332|-9|-54|CG1186333|-11|-59|CG1186334|-24|-56|CG1186335|-17|-59|CG1186335|-17|-59|CG1186336|-13|-56|CG1186336|-13|-56
448|3|8|1000|2|CG1187225|-17|-50|CG1187226|-53|-43
448|3|9|1000|1|CG1187227|-26|-46
448|3|10|1190|6|CG1187219|-14|-57|CG1187220|-18|-55|CG1187221|-8|-52|CG1187222|-10|-32|CG1187223|-12|-29|CG1187224|-12|-23
448|4|0|6086|40|CG1187294|-21|-56|CG1187295|-26|-56|CG1187296|-27|-56|CG1187295|-26|-56|CG1187294|-21|-56|CG1187297|-23|-57|CG1187298|-24|-57|CG1187298|-24|-57|CG1187298|-24|-57|CG1187298|-24|-57|CG1187297|-23|-57|CG1187294|-21|-56|CG1187295|-26|-56|CG1187296|-27|-56|CG1187295|-26|-56|CG1187294|-21|-56|CG1187295|-26|-56|CG1187296|-27|-56|CG1187295|-26|-56|CG1187294|-21|-56|CG1187297|-23|-57|CG1187298|-24|-57|CG1187298|-24|-57|CG1187298|-24|-57|CG1187297|-23|-57|CG1187294|-21|-56|CG1187297|-23|-57|CG1187298|-24|-57|CG1187298|-24|-57|CG1187298|-24|-57|CG1187298|-24|-57|CG1187297|-23|-57|CG1187294|-21|-56|CG1187295|-26|-56|CG1187296|-27|-56|CG1187295|-26|-56|CG1187294|-21|-56|CG1187295|-26|-56|CG1187296|-27|-56|CG1187295|-26|-56
448|4|1|1000|6|CG1187301|-23|-53|CG1187302|-21|-57|CG1187303|-16|-55|CG1187304|-19|-53|CG1187305|-17|-57|CG1187306|-21|-55
448|4|2|600|5|CG1325581|-118|-123|CG1325582|-92|-162|CG1325583|-82|-152|CG1325584|-98|-119|CG1325585|-112|-122
448|4|3|510|6|CG1187264|-34|-51|CG1187265|-28|-47|CG1187266|-19|-48|CG1187267|-23|-57|CG1187268|-16|-48|CG1187269|-27|-48
448|4|4|
448|4|5|1000|8|CG1187256|-28|-54|CG1187257|-31|-46|CG1187258|-18|-83|CG1187259|-40|-74|CG1187260|-4|-73|CG1187261|4|-47|CG1187262|-1|-33|CG1187263|-8|-42
448|4|6|2091|24|CG1187283|-26|-50|CG1187283|-26|-50|CG1187284|-29|-58|CG1187284|-29|-58|CG1187285|-41|-54|CG1187285|-41|-54|CG1187286|-45|-46|CG1187286|-45|-46|CG1187287|-45|-38|CG1187287|-45|-38|CG1187287|-45|-38|CG1187287|-45|-38|CG1187287|-45|-38|CG1187287|-45|-38|CG1187288|-45|-48|CG1187289|-46|-50|CG1187290|-46|-50|CG1187290|-46|-50|CG1187290|-46|-50|CG1187290|-46|-50|CG1187289|-46|-50|CG1187289|-46|-50|CG1187288|-45|-48|CG1187288|-45|-48
448|4|7|1394|13|CG1186397|-14|-56|CG1186397|-14|-56|CG1186398|-14|-53|CG1186398|-14|-53|CG1186399|-13|-55|CG1186399|-13|-55|CG1186400|-8|-48|CG1186401|-11|-57|CG1186402|-28|-57|CG1186403|-30|-59|CG1186403|-30|-59|CG1186404|-20|-55|CG1186404|-20|-55
448|4|8|1000|2|CG1187278|-18|-45|CG1187279|-42|-50
448|4|9|1000|1|CG1187280|-32|-43
448|4|10|1190|6|CG1187272|-24|-57|CG1187273|-28|-57|CG1187274|-39|-44|CG1187275|-15|-24|CG1187276|-16|-23|CG1187277|-16|-17
448|5|0|6086|40|CG1187347|-26|-56|CG1187348|-36|-56|CG1187349|-41|-56|CG1187348|-36|-56|CG1187347|-26|-56|CG1187350|-32|-57|CG1187351|-39|-57|CG1187351|-39|-57|CG1187351|-39|-57|CG1187351|-39|-57|CG1187350|-32|-57|CG1187347|-26|-56|CG1187348|-36|-56|CG1187349|-41|-56|CG1187348|-36|-56|CG1187347|-26|-56|CG1187348|-36|-56|CG1187349|-41|-56|CG1187348|-36|-56|CG1187347|-26|-56|CG1187350|-32|-57|CG1187351|-39|-57|CG1187351|-39|-57|CG1187351|-39|-57|CG1187350|-32|-57|CG1187347|-26|-56|CG1187350|-32|-57|CG1187351|-39|-57|CG1187351|-39|-57|CG1187351|-39|-57|CG1187351|-39|-57|CG1187350|-32|-57|CG1187347|-26|-56|CG1187348|-36|-56|CG1187349|-41|-56|CG1187348|-36|-56|CG1187347|-26|-56|CG1187348|-36|-56|CG1187349|-41|-56|CG1187348|-36|-56
448|5|1|1000|6|CG1187354|-29|-53|CG1187355|-27|-57|CG1187356|-24|-55|CG1187357|-22|-53|CG1187358|-23|-57|CG1187359|-26|-55
448|5|2|600|5|CG1325637|-87|-102|CG1325638|-101|-134|CG1325639|-81|-118|CG1325640|-146|-102|CG1325641|-132|-115
448|5|3|510|6|CG1187317|-51|-50|CG1187318|-39|-46|CG1187319|-19|-47|CG1187320|-13|-50|CG1187321|-18|-45|CG1187322|-37|-46
448|5|4|
448|5|5|1000|8|CG1187309|-31|-53|CG1187310|-42|-42|CG1187311|-27|-87|CG1187312|-23|-78|CG1187313|-24|-74|CG1187314|-25|-42|CG1187315|-21|-29|CG1187316|-16|-38
448|5|6|2091|24|CG1187336|-35|-49|CG1187336|-35|-49|CG1187337|-44|-58|CG1187337|-44|-58|CG1187338|-45|-60|CG1187338|-45|-60|CG1187339|-56|-47|CG1187339|-56|-47|CG1187340|-56|-38|CG1187340|-56|-38|CG1187340|-56|-38|CG1187340|-56|-38|CG1187340|-56|-38|CG1187340|-56|-38|CG1187341|-56|-50|CG1187342|-57|-53|CG1187343|-57|-54|CG1187343|-57|-54|CG1187343|-57|-54|CG1187343|-57|-54|CG1187342|-57|-53|CG1187342|-57|-53|CG1187341|-56|-50|CG1187341|-56|-50
448|5|7|1394|13|CG1186465|-15|-56|CG1186465|-15|-56|CG1186466|-15|-52|CG1186466|-15|-52|CG1186467|-15|-55|CG1186467|-15|-55|CG1186468|-14|-45|CG1186469|-26|-54|CG1186470|-20|-54|CG1186471|-31|-58|CG1186471|-31|-58|CG1186472|-28|-55|CG1186472|-28|-55
448|5|8|1000|2|CG1187331|-25|-43|CG1187332|-42|-55
448|5|9|1000|1|CG1187333|-36|-48
448|5|10|1190|6|CG1187325|-27|-57|CG1187326|-51|-57|CG1187327|-64|-40|CG1187328|-52|-20|CG1187329|-56|-19|CG1187330|-55|-15
448|6|0|6086|40|CG1187400|-48|-56|CG1187401|-49|-56|CG1187402|-51|-56|CG1187401|-49|-56|CG1187400|-48|-56|CG1187403|-50|-57|CG1187404|-52|-57|CG1187404|-52|-57|CG1187404|-52|-57|CG1187404|-52|-57|CG1187403|-50|-57|CG1187400|-48|-56|CG1187401|-49|-56|CG1187402|-51|-56|CG1187401|-49|-56|CG1187400|-48|-56|CG1187401|-49|-56|CG1187402|-51|-56|CG1187401|-49|-56|CG1187400|-48|-56|CG1187403|-50|-57|CG1187404|-52|-57|CG1187404|-52|-57|CG1187404|-52|-57|CG1187403|-50|-57|CG1187400|-48|-56|CG1187403|-50|-57|CG1187404|-52|-57|CG1187404|-52|-57|CG1187404|-52|-57|CG1187404|-52|-57|CG1187403|-50|-57|CG1187400|-48|-56|CG1187401|-49|-56|CG1187402|-51|-56|CG1187401|-49|-56|CG1187400|-48|-56|CG1187401|-49|-56|CG1187402|-51|-56|CG1187401|-49|-56
448|6|1|1000|6|CG1187407|-44|-53|CG1187408|-47|-57|CG1187409|-45|-55|CG1187410|-44|-53|CG1187411|-45|-57|CG1187412|-45|-55
448|6|2|600|5|CG1325693|-56|-115|CG1325694|-66|-158|CG1325695|-93|-143|CG1325696|-109|-126|CG1325697|-81|-115
448|6|3|510|6|CG1187370|-47|-52|CG1187371|-47|-48|CG1187372|-23|-48|CG1187373|-20|-51|CG1187374|-22|-47|CG1187375|-47|-48
448|6|4|
448|6|5|1000|8|CG1187362|-41|-54|CG1187363|-45|-44|CG1187364|-33|-88|CG1187365|-29|-80|CG1187366|-63|-87|CG1187367|-72|-46|CG1187368|-63|-33|CG1187369|-40|-41
448|6|6|2091|24|CG1187389|-44|-50|CG1187389|-44|-50|CG1187390|-51|-58|CG1187390|-51|-58|CG1187391|-27|-73|CG1187391|-27|-73|CG1187392|-47|-46|CG1187392|-47|-46|CG1187393|-48|-38|CG1187393|-48|-38|CG1187393|-48|-38|CG1187393|-48|-38|CG1187393|-48|-38|CG1187393|-48|-38|CG1187394|-48|-48|CG1187395|-48|-50|CG1187396|-47|-50|CG1187396|-47|-50|CG1187396|-47|-50|CG1187396|-47|-50|CG1187395|-48|-50|CG1187395|-48|-50|CG1187394|-48|-48|CG1187394|-48|-48
448|6|7|1394|13|CG1186533|-24|-56|CG1186533|-24|-56|CG1186534|-23|-53|CG1186534|-23|-53|CG1186535|-24|-55|CG1186535|-24|-55|CG1186536|-26|-47|CG1186537|-30|-51|CG1186538|-22|-50|CG1186539|-26|-56|CG1186539|-26|-56|CG1186540|-25|-55|CG1186540|-25|-55
448|6|8|1000|2|CG1187384|-51|-44|CG1187385|-39|-52
448|6|9|1000|1|CG1187386|-37|-60
448|6|10|1190|6|CG1187378|-41|-57|CG1187379|-58|-57|CG1187380|-65|-55|CG1187381|-76|-29|CG1187382|-76|-23|CG1187383|-75|-18
448|7|0|6086|40|CG1187453|-49|-56|CG1187454|-47|-56|CG1187455|-42|-56|CG1187454|-47|-56|CG1187453|-49|-56|CG1187456|-50|-57|CG1187457|-48|-57|CG1187457|-48|-57|CG1187457|-48|-57|CG1187457|-48|-57|CG1187456|-50|-57|CG1187453|-49|-56|CG1187454|-47|-56|CG1187455|-42|-56|CG1187454|-47|-56|CG1187453|-49|-56|CG1187454|-47|-56|CG1187455|-42|-56|CG1187454|-47|-56|CG1187453|-49|-56|CG1187456|-50|-57|CG1187457|-48|-57|CG1187457|-48|-57|CG1187457|-48|-57|CG1187456|-50|-57|CG1187453|-49|-56|CG1187456|-50|-57|CG1187457|-48|-57|CG1187457|-48|-57|CG1187457|-48|-57|CG1187457|-48|-57|CG1187456|-50|-57|CG1187453|-49|-56|CG1187454|-47|-56|CG1187455|-42|-56|CG1187454|-47|-56|CG1187453|-49|-56|CG1187454|-47|-56|CG1187455|-42|-56|CG1187454|-47|-56
448|7|1|1000|6|CG1187460|-40|-53|CG1187461|-42|-57|CG1187462|-48|-55|CG1187463|-51|-54|CG1187464|-49|-57|CG1187465|-43|-55
448|7|2|600|5|CG1325749|-65|-111|CG1325750|-73|-164|CG1325751|-68|-170|CG1325752|-60|-150|CG1325753|-60|-127
448|7|3|510|6|CG1187423|-34|-55|CG1187424|-45|-52|CG1187425|-37|-52|CG1187426|-25|-54|CG1187427|-38|-51|CG1187428|-45|-52
448|7|4|
448|7|5|1000|8|CG1187415|-43|-55|CG1187416|-31|-46|CG1187417|-28|-86|CG1187418|-31|-79|CG1187419|-70|-104|CG1187420|-91|-52|CG1187421|-82|-47|CG1187422|-59|-49
448|7|6|2091|24|CG1187442|-45|-52|CG1187442|-45|-52|CG1187443|-43|-70|CG1187443|-43|-70|CG1187444|-13|-76|CG1187444|-13|-76|CG1187445|-26|-42|CG1187445|-26|-42|CG1187446|-26|-38|CG1187446|-26|-38|CG1187446|-26|-38|CG1187446|-26|-38|CG1187446|-26|-38|CG1187446|-26|-38|CG1187447|-26|-43|CG1187448|-26|-42|CG1187449|-25|-41|CG1187449|-25|-41|CG1187449|-25|-41|CG1187449|-25|-41|CG1187448|-26|-42|CG1187448|-26|-42|CG1187447|-26|-43|CG1187447|-26|-43
448|7|7|1394|13|CG1186601|-28|-56|CG1186601|-28|-56|CG1186602|-27|-55|CG1186602|-27|-55|CG1186603|-28|-56|CG1186603|-28|-56|CG1186604|-31|-52|CG1186605|-33|-51|CG1186606|-33|-47|CG1186607|-30|-55|CG1186607|-30|-55|CG1186608|-17|-56|CG1186608|-17|-56
448|7|8|1000|2|CG1187437|-46|-57|CG1187438|-17|-59
448|7|9|1000|1|CG1187439|-27|-63
448|7|10|1190|6|CG1187431|-48|-57|CG1187432|-41|-55|CG1187433|-38|-75|CG1187434|-68|-51|CG1187435|-69|-32|CG1187436|-70|-34
