489|0|0|1394|4|CG1204307|-48|-73|CG1204308|-48|-72|CG1204309|-48|-72|CG1204310|-48|-72
489|0|1|1000|6|CG1204313|-31|-74|CG1204314|-33|-75|CG1204315|-35|-73|CG1204316|-31|-72|CG1204317|-37|-74|CG1204318|-31|-74
489|0|2|600|5|CG1325357|-54|-113|CG1325358|-66|-144|CG1325359|-95|-176|CG1325360|-103|-137|CG1325361|-78|-106
489|0|3|510|6|CG1204278|-34|-76|CG1204279|-41|-79|CG1204280|-41|-79|CG1204281|-39|-75|CG1204282|-42|-75|CG1204283|-38|-79
489|0|4|
489|0|5|1292|15|CG1204268|-36|-78|CG1204270|-40|-70|CG1204270|-40|-70|CG1204271|-33|-62|CG1204271|-33|-62|CG1204272|-23|-71|CG1204272|-23|-71|CG1204273|-51|-63|CG1204274|-74|-84|CG1204275|-77|-81|CG1204275|-77|-81|CG1204276|-71|-81|CG1204276|-71|-81|CG1204277|-48|-67|CG1204277|-48|-67
489|0|6|2091|21|CG1204297|-35|-76|CG1204297|-35|-76|CG1204298|-39|-76|CG1204298|-39|-76|CG1204299|-39|-76|CG1204299|-39|-76|CG1204300|-46|-77|CG1204301|-50|-77|CG1204301|-50|-77|CG1204301|-50|-77|CG1204301|-50|-77|CG1204301|-50|-77|CG1204301|-50|-77|CG1204301|-50|-77|CG1204301|-50|-77|CG1204301|-50|-77|CG1204302|-46|-78|CG1204303|-42|-79|CG1204303|-42|-79|CG1204303|-42|-79|CG1204303|-42|-79
489|0|7|1190|9|CG1203772|-36|-75|CG1203773|-40|-68|CG1203774|-36|-60|CG1203775|-23|-71|CG1203776|-38|-70|CG1203777|-46|-78|CG1203778|-52|-72|CG1203779|-45|-79|CG1203780|-38|-77
489|0|8|1000|2|CG1204292|-50|-68|CG1204293|-33|-68
489|0|9|1000|1|CG1204294|-31|-73
489|0|10|1000|6|CG1204286|-36|-98|CG1204287|-49|-98|CG1204288|-66|-72|CG1204289|-63|-64|CG1204290|-61|-60|CG1204291|-64|-60
489|1|0|1394|4|CG1204360|-35|-63|CG1204361|-35|-63|CG1204362|-35|-63|CG1204363|-35|-63
489|1|1|1000|6|CG1204366|-34|-65|CG1204367|-34|-67|CG1204368|-34|-66|CG1204369|-34|-65|CG1204370|-33|-67|CG1204371|-36|-66
489|1|2|600|5|CG1325413|-100|-113|CG1325414|-102|-107|CG1325415|-90|-159|CG1325416|-142|-98|CG1325417|-131|-103
489|1|3|510|6|CG1204331|-31|-67|CG1204332|-33|-71|CG1204333|-38|-71|CG1204334|-38|-67|CG1204335|-39|-68|CG1204336|-33|-71
489|1|4|
489|1|5|1292|15|CG1204321|-33|-68|CG1204323|-26|-65|CG1204323|-26|-65|CG1204324|-32|-67|CG1204324|-32|-67|CG1204325|-34|-72|CG1204325|-34|-72|CG1204326|-47|-66|CG1204327|-38|-96|CG1204328|-38|-79|CG1204328|-38|-79|CG1204329|-34|-78|CG1204329|-34|-78|CG1204330|-44|-66|CG1204330|-44|-66
489|1|6|2091|21|CG1204350|-33|-67|CG1204350|-33|-67|CG1204351|-28|-69|CG1204351|-28|-69|CG1204352|-26|-68|CG1204352|-26|-68|CG1204353|-27|-73|CG1204354|-28|-76|CG1204354|-28|-76|CG1204354|-28|-76|CG1204354|-28|-76|CG1204354|-28|-76|CG1204354|-28|-76|CG1204354|-28|-76|CG1204354|-28|-76|CG1204354|-28|-76|CG1204355|-31|-72|CG1204356|-34|-72|CG1204356|-34|-72|CG1204356|-34|-72|CG1204356|-34|-72
489|1|7|1190|9|CG1203840|-30|-69|CG1203841|-26|-66|CG1203842|-33|-65|CG1203843|-34|-72|CG1203844|-27|-75|CG1203845|-39|-79|CG1203846|-35|-73|CG1203847|-34|-73|CG1203848|-30|-73
489|1|8|1000|2|CG1204345|-34|-70|CG1204346|-37|-60
489|1|9|1000|1|CG1204347|-31|-70
489|1|10|1000|6|CG1204339|-41|-101|CG1204340|-51|-99|CG1204341|-49|-69|CG1204342|-42|-68|CG1204343|-44|-57|CG1204344|-41|-50
489|2|0|1394|4|CG1204413|-31|-71|CG1204414|-30|-72|CG1204415|-30|-72|CG1204416|-30|-72
489|2|1|1000|6|CG1204419|-34|-73|CG1204420|-28|-76|CG1204421|-27|-76|CG1204422|-30|-75|CG1204423|-27|-76|CG1204424|-29|-74
489|2|2|600|5|CG1325469|-119|-113|CG1325470|-90|-142|CG1325471|-82|-174|CG1325472|-99|-116|CG1325473|-109|-103
489|2|3|510|6|CG1204384|-34|-75|CG1204385|-31|-75|CG1204386|-38|-79|CG1204387|-42|-76|CG1204388|-32|-76|CG1204389|-28|-79
489|2|4|
489|2|5|1292|15|CG1204374|-30|-75|CG1204376|-34|-73|CG1204376|-34|-73|CG1204377|-45|-68|CG1204377|-45|-68|CG1204378|-70|-69|CG1204378|-70|-69|CG1204379|-63|-67|CG1204380|-31|-81|CG1204381|-14|-74|CG1204381|-14|-74|CG1204382|-13|-79|CG1204382|-13|-79|CG1204383|-47|-67|CG1204383|-47|-67
489|2|6|2091|21|CG1204403|-23|-77|CG1204403|-23|-77|CG1204404|-21|-77|CG1204404|-21|-77|CG1204405|-20|-76|CG1204405|-20|-76|CG1204406|-21|-75|CG1204407|-22|-75|CG1204407|-22|-75|CG1204407|-22|-75|CG1204407|-22|-75|CG1204407|-22|-75|CG1204407|-22|-75|CG1204407|-22|-75|CG1204407|-22|-75|CG1204407|-22|-75|CG1204408|-24|-72|CG1204409|-25|-72|CG1204409|-25|-72|CG1204409|-25|-72|CG1204409|-25|-72
489|2|7|1190|9|CG1203908|-23|-78|CG1203909|-34|-74|CG1203910|-34|-69|CG1203911|-44|-69|CG1203912|-49|-77|CG1203913|-20|-75|CG1203914|-16|-79|CG1203915|-17|-78|CG1203916|-18|-80
489|2|8|1000|2|CG1204398|-27|-72|CG1204399|-58|-61
489|2|9|1000|1|CG1204400|-32|-78
489|2|10|1000|6|CG1204392|-39|-94|CG1204393|-30|-86|CG1204394|-29|-52|CG1204395|-27|-64|CG1204396|-25|-60|CG1204397|-28|-48
489|3|0|1394|4|CG1204466|-28|-79|CG1204467|-28|-79|CG1204468|-28|-79|CG1204469|-28|-79
489|3|1|1000|6|CG1204472|-34|-79|CG1204473|-35|-82|CG1204474|-40|-82|CG1204475|-41|-80|CG1204476|-37|-82|CG1204477|-34|-81
489|3|2|600|5|CG1325525|-125|-117|CG1325526|-119|-165|CG1325527|-116|-175|CG1325528|-58|-136|CG1325529|-81|-129
489|3|3|510|6|CG1204437|-52|-74|CG1204438|-41|-77|CG1204439|-45|-77|CG1204440|-48|-75|CG1204441|-42|-73|CG1204442|-48|-77
489|3|4|
489|3|5|1292|15|CG1204427|-66|-77|CG1204429|-83|-75|CG1204429|-83|-75|CG1204430|-102|-73|CG1204430|-102|-73|CG1204431|-110|-69|CG1204431|-110|-69|CG1204432|-81|-72|CG1204433|-28|-73|CG1204434|-10|-67|CG1204434|-10|-67|CG1204435|-8|-68|CG1204435|-8|-68|CG1204436|-75|-75|CG1204436|-75|-75
489|3|6|2091|21|CG1204456|-30|-80|CG1204456|-30|-80|CG1204457|-33|-80|CG1204457|-33|-80|CG1204458|-33|-80|CG1204458|-33|-80|CG1204459|-33|-79|CG1204460|-40|-78|CG1204460|-40|-78|CG1204460|-40|-78|CG1204460|-40|-78|CG1204460|-40|-78|CG1204460|-40|-78|CG1204460|-40|-78|CG1204460|-40|-78|CG1204460|-40|-78|CG1204461|-39|-77|CG1204462|-35|-77|CG1204462|-35|-77|CG1204462|-35|-77|CG1204462|-35|-77
489|3|7|1190|9|CG1203976|-30|-80|CG1203977|-36|-77|CG1203978|-55|-73|CG1203979|-61|-69|CG1203980|-43|-75|CG1203981|-21|-72|CG1203982|-10|-72|CG1203983|-20|-74|CG1203984|-21|-77
489|3|8|1000|2|CG1204451|-32|-70|CG1204452|-50|-70
489|3|9|1000|1|CG1204453|-41|-79
489|3|10|1000|6|CG1204445|-36|-82|CG1204446|-35|-76|CG1204447|-27|-46|CG1204448|-24|-53|CG1204449|-25|-48|CG1204450|-27|-35
489|4|0|1394|4|CG1204519|-35|-78|CG1204520|-35|-78|CG1204521|-35|-78|CG1204522|-35|-78
489|4|1|1000|6|CG1204525|-44|-75|CG1204526|-46|-80|CG1204527|-46|-79|CG1204528|-44|-75|CG1204529|-48|-79|CG1204530|-47|-79
489|4|2|600|5|CG1325581|-118|-123|CG1325582|-92|-162|CG1325583|-82|-152|CG1325584|-98|-119|CG1325585|-112|-122
489|4|3|510|6|CG1204490|-49|-83|CG1204491|-38|-89|CG1204492|-42|-86|CG1204493|-46|-76|CG1204494|-41|-84|CG1204495|-43|-90
489|4|4|
489|4|5|1292|15|CG1204480|-62|-76|CG1204482|-82|-73|CG1204482|-82|-73|CG1204483|-95|-71|CG1204483|-95|-71|CG1204484|-85|-69|CG1204484|-85|-69|CG1204485|-53|-80|CG1204486|-12|-59|CG1204487|-5|-52|CG1204487|-5|-52|CG1204488|-12|-55|CG1204488|-12|-55|CG1204489|-59|-98|CG1204489|-59|-98
489|4|6|2091|21|CG1204509|-36|-74|CG1204509|-36|-74|CG1204510|-37|-76|CG1204510|-37|-76|CG1204511|-37|-77|CG1204511|-37|-77|CG1204512|-37|-77|CG1204513|-42|-76|CG1204513|-42|-76|CG1204513|-42|-76|CG1204513|-42|-76|CG1204513|-42|-76|CG1204513|-42|-76|CG1204513|-42|-76|CG1204513|-42|-76|CG1204513|-42|-76|CG1204514|-35|-74|CG1204515|-37|-73|CG1204515|-37|-73|CG1204515|-37|-73|CG1204515|-37|-73
489|4|7|1190|9|CG1204044|-40|-73|CG1204045|-51|-73|CG1204046|-57|-71|CG1204047|-52|-69|CG1204048|-49|-67|CG1204049|-26|-59|CG1204050|-6|-54|CG1204051|-21|-60|CG1204052|-37|-67
489|4|8|1000|2|CG1204504|-28|-66|CG1204505|-55|-80
489|4|9|1000|1|CG1204506|-40|-72
489|4|10|1000|6|CG1204498|-37|-78|CG1204499|-31|-70|CG1204500|-32|-44|CG1204501|-30|-42|CG1204502|-31|-48|CG1204503|-32|-29
489|5|0|1394|4|CG1204572|-45|-69|CG1204573|-45|-69|CG1204574|-44|-69|CG1204575|-45|-69
489|5|1|1000|6|CG1204578|-36|-80|CG1204579|-35|-78|CG1204580|-35|-76|CG1204581|-38|-76|CG1204582|-35|-75|CG1204583|-36|-77
489|5|2|600|5|CG1325637|-87|-102|CG1325638|-101|-134|CG1325639|-81|-118|CG1325640|-146|-102|CG1325641|-132|-115
489|5|3|510|6|CG1204543|-38|-95|CG1204544|-36|-97|CG1204545|-33|-95|CG1204546|-32|-86|CG1204547|-33|-92|CG1204548|-36|-98
489|5|4|
489|5|5|1292|15|CG1204533|-37|-92|CG1204535|-40|-95|CG1204535|-40|-95|CG1204536|-40|-84|CG1204536|-40|-84|CG1204537|-32|-84|CG1204537|-32|-84|CG1204538|-25|-82|CG1204539|-29|-58|CG1204540|-28|-49|CG1204540|-28|-49|CG1204541|-34|-48|CG1204541|-34|-48|CG1204542|-31|-110|CG1204542|-31|-110
489|5|6|2091|21|CG1204562|-36|-64|CG1204562|-36|-64|CG1204563|-48|-67|CG1204563|-48|-67|CG1204564|-56|-69|CG1204564|-56|-69|CG1204565|-54|-69|CG1204566|-49|-67|CG1204566|-49|-67|CG1204566|-49|-67|CG1204566|-49|-67|CG1204566|-49|-67|CG1204566|-49|-67|CG1204566|-49|-67|CG1204566|-49|-67|CG1204566|-49|-67|CG1204567|-56|-65|CG1204568|-63|-63|CG1204568|-63|-63|CG1204568|-63|-63|CG1204568|-63|-63
489|5|7|1190|9|CG1204112|-38|-64|CG1204113|-42|-69|CG1204114|-35|-77|CG1204115|-29|-84|CG1204116|-32|-76|CG1204117|-26|-64|CG1204118|-26|-47|CG1204119|-50|-54|CG1204120|-50|-59
489|5|8|1000|2|CG1204557|-34|-63|CG1204558|-41|-75
489|5|9|1000|1|CG1204559|-60|-65
489|5|10|1000|6|CG1204551|-38|-71|CG1204552|-40|-58|CG1204553|-55|-45|CG1204554|-51|-38|CG1204555|-72|-48|CG1204556|-80|-28
489|6|0|1394|4|CG1204625|-35|-78|CG1204626|-35|-78|CG1204627|-34|-78|CG1204628|-35|-78
489|6|1|1000|6|CG1204631|-47|-85|CG1204632|-47|-84|CG1204633|-49|-80|CG1204634|-51|-78|CG1204635|-48|-81|CG1204636|-46|-83
489|6|2|600|5|CG1325693|-56|-115|CG1325694|-66|-158|CG1325695|-93|-143|CG1325696|-109|-126|CG1325697|-81|-115
489|6|3|510|6|CG1204596|-39|-96|CG1204597|-42|-97|CG1204598|-42|-94|CG1204599|-41|-85|CG1204600|-42|-92|CG1204601|-41|-97
489|6|4|
489|6|5|1292|15|CG1204586|-35|-93|CG1204588|-26|-97|CG1204588|-26|-97|CG1204589|-28|-86|CG1204589|-28|-86|CG1204590|-29|-85|CG1204590|-29|-85|CG1204591|-34|-78|CG1204592|-94|-60|CG1204593|-94|-51|CG1204593|-94|-51|CG1204594|-86|-55|CG1204594|-86|-55|CG1204595|-34|-105|CG1204595|-34|-105
489|6|6|2091|21|CG1204615|-66|-71|CG1204615|-66|-71|CG1204616|-70|-74|CG1204616|-70|-74|CG1204617|-71|-75|CG1204617|-71|-75|CG1204618|-70|-70|CG1204619|-69|-64|CG1204619|-69|-64|CG1204619|-69|-64|CG1204619|-69|-64|CG1204619|-69|-64|CG1204619|-69|-64|CG1204619|-69|-64|CG1204619|-69|-64|CG1204619|-69|-64|CG1204620|-68|-63|CG1204621|-66|-65|CG1204621|-66|-65|CG1204621|-66|-65|CG1204621|-66|-65
489|6|7|1190|9|CG1204180|-29|-72|CG1204181|-22|-79|CG1204182|-27|-84|CG1204183|-29|-85|CG1204184|-43|-78|CG1204185|-65|-67|CG1204186|-68|-52|CG1204187|-61|-57|CG1204188|-41|-66
489|6|8|1000|2|CG1204610|-34|-64|CG1204611|-57|-74
489|6|9|1000|1|CG1204612|-59|-76
489|6|10|1000|6|CG1204604|-40|-78|CG1204605|-59|-67|CG1204606|-94|-47|CG1204607|-95|-42|CG1204608|-100|-48|CG1204609|-106|-29
489|7|0|1394|4|CG1204678|-49|-80|CG1204679|-49|-79|CG1204680|-49|-79|CG1204681|-49|-79
489|7|1|1000|6|CG1204684|-42|-81|CG1204685|-46|-81|CG1204686|-46|-79|CG1204687|-44|-78|CG1204688|-47|-81|CG1204689|-46|-80
489|7|2|600|5|CG1325749|-65|-111|CG1325750|-73|-164|CG1325751|-68|-170|CG1325752|-60|-150|CG1325753|-60|-127
489|7|3|510|6|CG1204649|-35|-86|CG1204650|-31|-89|CG1204651|-35|-85|CG1204652|-37|-75|CG1204653|-35|-83|CG1204654|-31|-87
489|7|4|
489|7|5|1292|15|CG1204639|-34|-81|CG1204641|-40|-81|CG1204641|-40|-81|CG1204642|-35|-76|CG1204642|-35|-76|CG1204643|-29|-73|CG1204643|-29|-73|CG1204644|-54|-71|CG1204645|-117|-72|CG1204646|-119|-68|CG1204646|-119|-68|CG1204647|-109|-68|CG1204647|-109|-68|CG1204648|-54|-87|CG1204648|-54|-87
489|7|6|2091|21|CG1204668|-58|-79|CG1204668|-58|-79|CG1204669|-52|-80|CG1204669|-52|-80|CG1204670|-48|-81|CG1204670|-48|-81|CG1204671|-52|-79|CG1204672|-54|-75|CG1204672|-54|-75|CG1204672|-54|-75|CG1204672|-54|-75|CG1204672|-54|-75|CG1204672|-54|-75|CG1204672|-54|-75|CG1204672|-54|-75|CG1204672|-54|-75|CG1204673|-45|-75|CG1204674|-39|-76|CG1204674|-39|-76|CG1204674|-39|-76|CG1204674|-39|-76
489|7|7|1190|9|CG1204248|-34|-79|CG1204249|-40|-79|CG1204250|-37|-77|CG1204251|-29|-73|CG1204252|-52|-69|CG1204253|-69|-64|CG1204254|-77|-59|CG1204255|-44|-72|CG1204256|-31|-77
489|7|8|1000|2|CG1204663|-54|-67|CG1204664|-42|-63
489|7|9|1000|1|CG1204665|-37|-79
489|7|10|1000|6|CG1204657|-44|-88|CG1204658|-57|-85|CG1204659|-78|-52|CG1204660|-84|-53|CG1204661|-74|-47|CG1204662|-77|-45
