465|0|0|1292|4|CG1194202|-69|-77|CG1194203|-69|-77|CG1194204|-69|-77|CG1194203|-69|-77
465|0|1|1000|6|CG1194207|-44|-77|CG1194208|-45|-78|CG1194209|-40|-78|CG1194210|-38|-77|CG1194211|-38|-78|CG1194212|-41|-78
465|0|2|600|5|CG1325357|-54|-113|CG1325358|-66|-144|CG1325359|-95|-176|CG1325360|-103|-137|CG1325361|-78|-106
465|0|3|600|12|CG1194172|-49|-80|CG1194173|-55|-83|CG1194173|-55|-83|CG1194174|-53|-83|CG1194174|-53|-83|CG1194175|-40|-89|CG1194176|-27|-80|CG1194177|-25|-84|CG1194177|-25|-84|CG1194178|-24|-84|CG1194178|-24|-84|CG1194179|-27|-82
465|0|4|
465|0|5|1000|18|CG1194164|-28|-70|CG1194164|-28|-70|CG1194165|-25|-65|CG1194165|-25|-65|CG1194165|-25|-65|CG1194165|-25|-65|CG1194166|-31|-70|CG1194166|-31|-70|CG1194167|-67|-84|CG1194167|-67|-84|CG1194168|-27|-126|CG1194168|-27|-126|CG1194169|-26|-127|CG1194169|-26|-127|CG1194170|-22|-124|CG1194170|-22|-124|CG1194171|-29|-117|CG1194171|-29|-117
465|0|6|2689|26|CG1194193|-24|-104|CG1194194|-24|-104|CG1194195|-24|-104|CG1194193|-24|-104|CG1194194|-24|-104|CG1194195|-24|-104|CG1194193|-24|-104|CG1194194|-24|-104|CG1194195|-24|-104|CG1194193|-24|-104|CG1194194|-24|-104|CG1194195|-24|-104|CG1194193|-24|-104|CG1194194|-24|-104|CG1194195|-24|-104|CG1194193|-24|-104|CG1194194|-24|-104|CG1194195|-24|-104|CG1194193|-24|-104|CG1194196|-42|-79|CG1194196|-42|-79|CG1194197|-44|-123|CG1194197|-44|-123|CG1194197|-44|-123|CG1194198|-68|-85|CG1194198|-68|-85
465|0|7|697|12|CG1193713|-27|-79|CG1193713|-27|-79|CG1193714|-19|-81|CG1193714|-19|-81|CG1193714|-19|-81|CG1193715|-25|-79|CG1193716|-28|-78|CG1193717|-25|-78|CG1193717|-25|-78|CG1193717|-25|-78|CG1193718|-24|-78|CG1193718|-24|-78
465|0|8|1000|2|CG1194188|-60|-69|CG1194189|-26|-57
465|0|9|1000|1|CG1194190|-59|-78
465|0|10|986|6|CG1194182|-33|-93|CG1194183|-59|-92|CG1194184|-59|-101|CG1194185|-66|-109|CG1194186|-70|-91|CG1194187|-70|-54
465|1|0|1292|4|CG1194253|-38|-76|CG1194254|-38|-76|CG1194255|-38|-76|CG1194254|-38|-76
465|1|1|1000|6|CG1194258|-18|-76|CG1194259|-19|-77|CG1194260|-19|-77|CG1194261|-19|-76|CG1194262|-19|-77|CG1194263|-18|-77
465|1|2|600|5|CG1325413|-100|-113|CG1325414|-102|-107|CG1325415|-90|-159|CG1325416|-142|-98|CG1325417|-131|-103
465|1|3|600|12|CG1194223|-23|-81|CG1194224|-30|-93|CG1194224|-30|-93|CG1194225|-33|-92|CG1194225|-33|-92|CG1194226|-25|-95|CG1194227|-19|-81|CG1194228|-18|-84|CG1194228|-18|-84|CG1194229|-19|-84|CG1194229|-19|-84|CG1194230|-22|-82
465|1|4|
465|1|5|1000|18|CG1194215|-27|-74|CG1194215|-27|-74|CG1194216|-32|-65|CG1194216|-32|-65|CG1194216|-32|-65|CG1194216|-32|-65|CG1194217|-39|-71|CG1194217|-39|-71|CG1194218|-24|-93|CG1194218|-24|-93|CG1194219|-24|-122|CG1194219|-24|-122|CG1194220|-23|-122|CG1194220|-23|-122|CG1194221|-24|-120|CG1194221|-24|-120|CG1194222|-26|-119|CG1194222|-26|-119
465|1|6|2689|26|CG1194244|-21|-109|CG1194245|-21|-109|CG1194246|-21|-109|CG1194244|-21|-109|CG1194245|-21|-109|CG1194246|-21|-109|CG1194244|-21|-109|CG1194245|-21|-109|CG1194246|-21|-109|CG1194244|-21|-109|CG1194245|-21|-109|CG1194246|-21|-109|CG1194244|-21|-109|CG1194245|-21|-109|CG1194246|-21|-109|CG1194244|-21|-109|CG1194245|-21|-109|CG1194246|-21|-109|CG1194244|-21|-109|CG1194247|-49|-78|CG1194247|-49|-78|CG1194248|-18|-127|CG1194248|-18|-127|CG1194248|-18|-127|CG1194249|-24|-102|CG1194249|-24|-102
465|1|7|697|12|CG1193775|-21|-77|CG1193775|-21|-77|CG1193776|-23|-79|CG1193776|-23|-79|CG1193776|-23|-79|CG1193777|-17|-78|CG1193778|-16|-77|CG1193779|-16|-79|CG1193779|-16|-79|CG1193779|-16|-79|CG1193780|-16|-76|CG1193780|-16|-76
465|1|8|1000|2|CG1194239|-58|-74|CG1194240|-54|-57
465|1|9|1000|1|CG1194241|-62|-78
465|1|10|986|6|CG1194233|-30|-88|CG1194234|-27|-90|CG1194235|-27|-112|CG1194236|-29|-114|CG1194237|-25|-92|CG1194238|-30|-62
465|2|0|1292|4|CG1194304|-21|-76|CG1194305|-21|-76|CG1194306|-21|-76|CG1194305|-21|-76
465|2|1|1000|6|CG1194309|-20|-77|CG1194310|-16|-78|CG1194311|-17|-78|CG1194312|-19|-77|CG1194313|-19|-78|CG1194314|-16|-78
465|2|2|600|5|CG1325469|-119|-113|CG1325470|-90|-142|CG1325471|-82|-174|CG1325472|-99|-116|CG1325473|-109|-103
465|2|3|600|12|CG1194274|-29|-80|CG1194275|-27|-97|CG1194275|-27|-97|CG1194276|-28|-97|CG1194276|-28|-97|CG1194277|-31|-85|CG1194278|-29|-80|CG1194279|-35|-83|CG1194279|-35|-83|CG1194280|-31|-83|CG1194280|-31|-83|CG1194281|-32|-82
465|2|4|
465|2|5|1000|18|CG1194266|-30|-84|CG1194266|-30|-84|CG1194267|-27|-65|CG1194267|-27|-65|CG1194267|-27|-65|CG1194267|-27|-65|CG1194268|-42|-72|CG1194268|-42|-72|CG1194269|-14|-87|CG1194269|-14|-87|CG1194270|-20|-96|CG1194270|-20|-96|CG1194271|-20|-99|CG1194271|-20|-99|CG1194272|-18|-104|CG1194272|-18|-104|CG1194273|-23|-106|CG1194273|-23|-106
465|2|6|2689|26|CG1194295|-18|-113|CG1194296|-18|-113|CG1194297|-18|-113|CG1194295|-18|-113|CG1194296|-18|-113|CG1194297|-18|-113|CG1194295|-18|-113|CG1194296|-18|-113|CG1194297|-18|-113|CG1194295|-18|-113|CG1194296|-18|-113|CG1194297|-18|-113|CG1194295|-18|-113|CG1194296|-18|-113|CG1194297|-18|-113|CG1194295|-18|-113|CG1194296|-18|-113|CG1194297|-18|-113|CG1194295|-18|-113|CG1194298|-54|-78|CG1194298|-54|-78|CG1194299|-24|-110|CG1194299|-24|-110|CG1194299|-24|-110|CG1194300|-19|-100|CG1194300|-19|-100
465|2|7|697|12|CG1193837|-17|-76|CG1193837|-17|-76|CG1193838|-18|-77|CG1193838|-18|-77|CG1193838|-18|-77|CG1193839|-19|-77|CG1193840|-20|-76|CG1193841|-20|-76|CG1193841|-20|-76|CG1193841|-20|-76|CG1193842|-20|-76|CG1193842|-20|-76
465|2|8|1000|2|CG1194290|-27|-75|CG1194291|-59|-56
465|2|9|1000|1|CG1194292|-31|-82
465|2|10|986|6|CG1194284|-25|-81|CG1194285|-12|-86|CG1194286|-10|-109|CG1194287|-3|-99|CG1194288|-3|-68|CG1194289|-3|-50
465|3|0|1292|4|CG1194355|-22|-77|CG1194356|-22|-77|CG1194357|-22|-77|CG1194356|-22|-77
465|3|1|1000|6|CG1194360|-20|-78|CG1194361|-19|-78|CG1194362|-16|-79|CG1194363|-19|-78|CG1194364|-19|-78|CG1194365|-16|-78
465|3|2|600|5|CG1325525|-125|-117|CG1325526|-119|-165|CG1325527|-116|-175|CG1325528|-58|-136|CG1325529|-81|-129
465|3|3|600|12|CG1194325|-38|-79|CG1194326|-39|-86|CG1194326|-39|-86|CG1194327|-39|-89|CG1194327|-39|-89|CG1194328|-42|-81|CG1194329|-38|-79|CG1194330|-39|-81|CG1194330|-39|-81|CG1194331|-39|-82|CG1194331|-39|-82|CG1194332|-41|-81
465|3|4|
465|3|5|1000|18|CG1194317|-27|-93|CG1194317|-27|-93|CG1194318|-38|-75|CG1194318|-38|-75|CG1194318|-38|-75|CG1194318|-38|-75|CG1194319|-32|-71|CG1194319|-32|-71|CG1194320|-17|-84|CG1194320|-17|-84|CG1194321|-28|-85|CG1194321|-28|-85|CG1194322|-27|-84|CG1194322|-27|-84|CG1194323|-23|-83|CG1194323|-23|-83|CG1194324|-23|-84|CG1194324|-23|-84
465|3|6|2689|26|CG1194346|-22|-112|CG1194347|-22|-112|CG1194348|-22|-112|CG1194346|-22|-112|CG1194347|-22|-112|CG1194348|-22|-112|CG1194346|-22|-112|CG1194347|-22|-112|CG1194348|-22|-112|CG1194346|-22|-112|CG1194347|-22|-112|CG1194348|-22|-112|CG1194346|-22|-112|CG1194347|-22|-112|CG1194348|-22|-112|CG1194346|-22|-112|CG1194347|-22|-112|CG1194348|-22|-112|CG1194346|-22|-112|CG1194349|-30|-79|CG1194349|-30|-79|CG1194350|-31|-80|CG1194350|-31|-80|CG1194350|-31|-80|CG1194351|-23|-81|CG1194351|-23|-81
465|3|7|697|12|CG1193899|-21|-76|CG1193899|-21|-76|CG1193900|-21|-75|CG1193900|-21|-75|CG1193900|-21|-75|CG1193901|-18|-76|CG1193902|-18|-76|CG1193903|-19|-76|CG1193903|-19|-76|CG1193903|-19|-76|CG1193904|-20|-76|CG1193904|-20|-76
465|3|8|1000|2|CG1194341|-22|-72|CG1194342|-41|-65
465|3|9|1000|1|CG1194343|-28|-84
465|3|10|986|6|CG1194335|-25|-78|CG1194336|-10|-83|CG1194337|-1|-93|CG1194338|-3|-70|CG1194339|0|-43|CG1194340|-1|-27
465|4|0|1292|4|CG1194406|-19|-79|CG1194407|-19|-79|CG1194408|-18|-79|CG1194407|-19|-79
465|4|1|1000|6|CG1194411|-19|-79|CG1194412|-18|-79|CG1194413|-17|-80|CG1194414|-21|-79|CG1194415|-20|-79|CG1194416|-17|-79
465|4|2|600|5|CG1325581|-118|-123|CG1325582|-92|-162|CG1325583|-82|-152|CG1325584|-98|-119|CG1325585|-112|-122
465|4|3|600|12|CG1194376|-30|-78|CG1194377|-34|-81|CG1194377|-34|-81|CG1194378|-29|-82|CG1194378|-29|-82|CG1194379|-31|-81|CG1194380|-38|-78|CG1194381|-38|-80|CG1194381|-38|-80|CG1194382|-39|-81|CG1194382|-39|-81|CG1194383|-37|-81
465|4|4|
465|4|5|1000|18|CG1194368|-23|-96|CG1194368|-23|-96|CG1194369|-28|-87|CG1194369|-28|-87|CG1194369|-28|-87|CG1194369|-28|-87|CG1194370|-22|-69|CG1194370|-22|-69|CG1194371|-21|-80|CG1194371|-21|-80|CG1194372|-23|-81|CG1194372|-23|-81|CG1194373|-21|-80|CG1194373|-21|-80|CG1194374|-19|-78|CG1194374|-19|-78|CG1194375|-20|-79|CG1194375|-20|-79
465|4|6|2689|26|CG1194397|-30|-107|CG1194398|-17|-107|CG1194399|-27|-107|CG1194397|-30|-107|CG1194398|-17|-107|CG1194399|-27|-107|CG1194397|-30|-107|CG1194398|-17|-107|CG1194399|-27|-107|CG1194397|-30|-107|CG1194398|-17|-107|CG1194399|-27|-107|CG1194397|-30|-107|CG1194398|-17|-107|CG1194399|-27|-107|CG1194397|-30|-107|CG1194398|-17|-107|CG1194399|-27|-107|CG1194397|-30|-107|CG1194400|-27|-83|CG1194400|-27|-83|CG1194401|-35|-77|CG1194401|-35|-77|CG1194401|-35|-77|CG1194402|-27|-78|CG1194402|-27|-78
465|4|7|697|12|CG1193961|-18|-76|CG1193961|-18|-76|CG1193962|-18|-75|CG1193962|-18|-75|CG1193962|-18|-75|CG1193963|-20|-77|CG1193964|-25|-77|CG1193965|-22|-77|CG1193965|-22|-77|CG1193965|-22|-77|CG1193966|-19|-78|CG1193966|-19|-78
465|4|8|1000|2|CG1194392|-16|-67|CG1194393|-35|-73
465|4|9|1000|1|CG1194394|-24|-77
465|4|10|986|6|CG1194386|-19|-80|CG1194387|-4|-81|CG1194388|-7|-72|CG1194389|-7|-42|CG1194390|-1|-19|CG1194391|-8|-13
465|5|0|1292|4|CG1194457|-20|-80|CG1194458|-20|-79|CG1194459|-21|-79|CG1194458|-20|-79
465|5|1|1000|6|CG1194462|-19|-79|CG1194463|-19|-79|CG1194464|-20|-80|CG1194465|-21|-79|CG1194466|-21|-79|CG1194467|-19|-80
465|5|2|600|5|CG1325637|-87|-102|CG1325638|-101|-134|CG1325639|-81|-118|CG1325640|-146|-102|CG1325641|-132|-115
465|5|3|600|12|CG1194427|-39|-77|CG1194428|-35|-80|CG1194428|-35|-80|CG1194429|-37|-81|CG1194429|-37|-81|CG1194430|-40|-80|CG1194431|-59|-77|CG1194432|-68|-80|CG1194432|-68|-80|CG1194433|-71|-81|CG1194433|-71|-81|CG1194434|-40|-80
465|5|4|
465|5|5|1000|18|CG1194419|-17|-91|CG1194419|-17|-91|CG1194420|-17|-93|CG1194420|-17|-93|CG1194420|-17|-93|CG1194420|-17|-93|CG1194421|-19|-68|CG1194421|-19|-68|CG1194422|-43|-76|CG1194422|-43|-76|CG1194423|-57|-76|CG1194423|-57|-76|CG1194424|-53|-76|CG1194424|-53|-76|CG1194425|-36|-76|CG1194425|-36|-76|CG1194426|-22|-77|CG1194426|-22|-77
465|5|6|2689|26|CG1194448|-31|-101|CG1194449|-23|-101|CG1194450|-29|-101|CG1194448|-31|-101|CG1194449|-23|-101|CG1194450|-29|-101|CG1194448|-31|-101|CG1194449|-23|-101|CG1194450|-29|-101|CG1194448|-31|-101|CG1194449|-23|-101|CG1194450|-29|-101|CG1194448|-31|-101|CG1194449|-23|-101|CG1194450|-29|-101|CG1194448|-31|-101|CG1194449|-23|-101|CG1194450|-29|-101|CG1194448|-31|-101|CG1194451|-28|-77|CG1194451|-28|-77|CG1194452|-24|-77|CG1194452|-24|-77|CG1194452|-24|-77|CG1194453|-21|-79|CG1194453|-21|-79
465|5|7|697|12|CG1194023|-19|-78|CG1194023|-19|-78|CG1194024|-20|-77|CG1194024|-20|-77|CG1194024|-20|-77|CG1194025|-22|-77|CG1194026|-22|-78|CG1194027|-20|-78|CG1194027|-20|-78|CG1194027|-20|-78|CG1194028|-21|-79|CG1194028|-21|-79
465|5|8|1000|2|CG1194443|-23|-62|CG1194444|-20|-78
465|5|9|1000|1|CG1194445|-19|-78
465|5|10|986|6|CG1194437|-23|-85|CG1194438|-30|-83|CG1194439|-37|-59|CG1194440|-27|-35|CG1194441|-42|-16|CG1194442|-50|-7
465|6|0|1292|4|CG1194508|-22|-80|CG1194509|-22|-80|CG1194510|-22|-80|CG1194509|-22|-80
465|6|1|1000|6|CG1194513|-61|-79|CG1194514|-61|-79|CG1194515|-62|-79|CG1194516|-60|-79|CG1194517|-60|-79|CG1194518|-61|-80
465|6|2|600|5|CG1325693|-56|-115|CG1325694|-66|-158|CG1325695|-93|-143|CG1325696|-109|-126|CG1325697|-81|-115
465|6|3|600|12|CG1194478|-43|-78|CG1194479|-37|-80|CG1194479|-37|-80|CG1194480|-39|-81|CG1194480|-39|-81|CG1194481|-52|-81|CG1194482|-72|-78|CG1194483|-65|-81|CG1194483|-65|-81|CG1194484|-68|-82|CG1194484|-68|-82|CG1194485|-72|-81
465|6|4|
465|6|5|1000|18|CG1194470|-20|-82|CG1194470|-20|-82|CG1194471|-20|-89|CG1194471|-20|-89|CG1194471|-20|-89|CG1194471|-20|-89|CG1194472|-35|-67|CG1194472|-35|-67|CG1194473|-56|-76|CG1194473|-56|-76|CG1194474|-100|-76|CG1194474|-100|-76|CG1194475|-91|-79|CG1194475|-91|-79|CG1194476|-61|-93|CG1194476|-61|-93|CG1194477|-58|-78|CG1194477|-58|-78
465|6|6|2689|26|CG1194499|-22|-98|CG1194500|-21|-98|CG1194501|-21|-98|CG1194499|-22|-98|CG1194500|-21|-98|CG1194501|-21|-98|CG1194499|-22|-98|CG1194500|-21|-98|CG1194501|-21|-98|CG1194499|-22|-98|CG1194500|-21|-98|CG1194501|-21|-98|CG1194499|-22|-98|CG1194500|-21|-98|CG1194501|-21|-98|CG1194499|-22|-98|CG1194500|-21|-98|CG1194501|-21|-98|CG1194499|-22|-98|CG1194502|-25|-78|CG1194502|-25|-78|CG1194503|-81|-78|CG1194503|-81|-78|CG1194503|-81|-78|CG1194504|-38|-79|CG1194504|-38|-79
465|6|7|697|12|CG1194085|-21|-80|CG1194085|-21|-80|CG1194086|-22|-79|CG1194086|-22|-79|CG1194086|-22|-79|CG1194087|-22|-78|CG1194088|-24|-79|CG1194089|-41|-79|CG1194089|-41|-79|CG1194089|-41|-79|CG1194090|-33|-80|CG1194090|-33|-80
465|6|8|1000|2|CG1194494|-27|-61|CG1194495|-25|-75
465|6|9|1000|1|CG1194496|-42|-78
465|6|10|986|6|CG1194488|-45|-91|CG1194489|-61|-87|CG1194490|-56|-63|CG1194491|-75|-54|CG1194492|-100|-27|CG1194493|-95|-12
465|7|0|1292|4|CG1194559|-62|-78|CG1194560|-61|-78|CG1194561|-61|-78|CG1194560|-61|-78
465|7|1|1000|6|CG1194564|-73|-78|CG1194565|-74|-78|CG1194566|-71|-78|CG1194567|-68|-78|CG1194568|-68|-78|CG1194569|-71|-79
465|7|2|600|5|CG1325749|-65|-111|CG1325750|-73|-164|CG1325751|-68|-170|CG1325752|-60|-150|CG1325753|-60|-127
465|7|3|600|12|CG1194529|-65|-79|CG1194530|-49|-81|CG1194530|-49|-81|CG1194531|-42|-82|CG1194531|-42|-82|CG1194532|-64|-81|CG1194533|-44|-79|CG1194534|-28|-83|CG1194534|-28|-83|CG1194535|-29|-83|CG1194535|-29|-83|CG1194536|-62|-81
465|7|4|
465|7|5|1000|18|CG1194521|-22|-72|CG1194521|-22|-72|CG1194522|-22|-77|CG1194522|-22|-77|CG1194522|-22|-77|CG1194522|-22|-77|CG1194523|-45|-69|CG1194523|-45|-69|CG1194524|-86|-80|CG1194524|-86|-80|CG1194525|-82|-108|CG1194525|-82|-108|CG1194526|-74|-110|CG1194526|-74|-110|CG1194527|-49|-113|CG1194527|-49|-113|CG1194528|-60|-101|CG1194528|-60|-101
465|7|6|2689|26|CG1194550|-23|-99|CG1194551|-23|-99|CG1194552|-23|-99|CG1194550|-23|-99|CG1194551|-23|-99|CG1194552|-23|-99|CG1194550|-23|-99|CG1194551|-23|-99|CG1194552|-23|-99|CG1194550|-23|-99|CG1194551|-23|-99|CG1194552|-23|-99|CG1194550|-23|-99|CG1194551|-23|-99|CG1194552|-23|-99|CG1194550|-23|-99|CG1194551|-23|-99|CG1194552|-23|-99|CG1194550|-23|-99|CG1194553|-46|-79|CG1194553|-46|-79|CG1194554|-86|-99|CG1194554|-86|-99|CG1194554|-86|-99|CG1194555|-76|-78|CG1194555|-76|-78
465|7|7|697|12|CG1194147|-22|-80|CG1194147|-22|-80|CG1194148|-22|-81|CG1194148|-22|-81|CG1194148|-22|-81|CG1194149|-29|-79|CG1194150|-30|-79|CG1194151|-42|-78|CG1194151|-42|-78|CG1194151|-42|-78|CG1194152|-38|-79|CG1194152|-38|-79
465|7|8|1000|2|CG1194545|-27|-63|CG1194546|-34|-67
465|7|9|1000|1|CG1194547|-42|-78
465|7|10|986|6|CG1194539|-45|-95|CG1194540|-61|-91|CG1194541|-79|-81|CG1194542|-83|-85|CG1194543|-94|-66|CG1194544|-93|-28
