444|0|0|6086|40|CG1185330|-23|-57|CG1185331|-20|-56|CG1185332|-17|-56|CG1185331|-20|-56|CG1185330|-23|-57|CG1185333|-22|-56|CG1185334|-22|-55|CG1185334|-22|-55|CG1185334|-22|-55|CG1185334|-22|-55|CG1185333|-22|-56|CG1185330|-23|-57|CG1185331|-20|-56|CG1185332|-17|-56|CG1185331|-20|-56|CG1185330|-23|-57|CG1185331|-20|-56|CG1185332|-17|-56|CG1185331|-20|-56|CG1185330|-23|-57|CG1185333|-22|-56|CG1185334|-22|-55|CG1185334|-22|-55|CG1185334|-22|-55|CG1185333|-22|-56|CG1185330|-23|-57|CG1185333|-22|-56|CG1185334|-22|-55|CG1185334|-22|-55|CG1185334|-22|-55|CG1185334|-22|-55|CG1185333|-22|-56|CG1185330|-23|-57|CG1185331|-20|-56|CG1185332|-17|-56|CG1185331|-20|-56|CG1185330|-23|-57|CG1185331|-20|-56|CG1185332|-17|-56|CG1185331|-20|-56
444|0|1|1000|6|CG1185337|-24|-54|CG1185338|-23|-57|CG1185339|-20|-55|CG1185340|-25|-54|CG1185341|-20|-57|CG1185342|-24|-55
444|0|2|600|5|CG1325357|-54|-113|CG1325358|-66|-144|CG1325359|-95|-176|CG1325360|-103|-137|CG1325361|-78|-106
444|0|3|510|6|CG1185300|-24|-58|CG1185301|-27|-56|CG1185302|-38|-56|CG1185303|-42|-57|CG1185304|-38|-56|CG1185305|-29|-55
444|0|4|
444|0|5|1000|8|CG1185292|-18|-56|CG1185293|-23|-51|CG1185294|-34|-86|CG1185295|-29|-82|CG1185296|-45|-98|CG1185297|-48|-67|CG1185298|-50|-60|CG1185299|-41|-58
444|0|6|2091|24|CG1185319|-19|-54|CG1185319|-19|-54|CG1185320|-27|-71|CG1185320|-27|-71|CG1185321|-20|-58|CG1185321|-20|-58|CG1185322|-19|-39|CG1185322|-19|-39|CG1185323|-19|-38|CG1185323|-19|-38|CG1185323|-19|-38|CG1185323|-19|-38|CG1185323|-19|-38|CG1185323|-19|-38|CG1185324|-20|-38|CG1185325|-20|-35|CG1185326|-19|-31|CG1185326|-19|-31|CG1185326|-19|-31|CG1185326|-19|-31|CG1185325|-20|-35|CG1185325|-20|-35|CG1185324|-20|-38|CG1185324|-20|-38
444|0|7|1394|13|CG1186125|-23|-56|CG1186125|-23|-56|CG1186126|-22|-58|CG1186126|-22|-58|CG1186127|-24|-58|CG1186127|-24|-58|CG1186128|-26|-58|CG1186129|-39|-53|CG1186130|-29|-46|CG1186131|-25|-54|CG1186131|-25|-54|CG1186132|-26|-58|CG1186132|-26|-58
444|0|8|1000|2|CG1185314|-26|-55|CG1185315|-16|-45
444|0|9|1000|1|CG1185316|-24|-62
444|0|10|1190|6|CG1185308|-23|-57|CG1185309|-18|-54|CG1185310|-30|-69|CG1185311|-43|-59|CG1185312|-43|-41|CG1185313|-44|-40
444|1|0|6086|40|CG1185383|-26|-57|CG1185384|-28|-57|CG1185385|-28|-56|CG1185384|-28|-57|CG1185383|-26|-57|CG1185386|-27|-57|CG1185387|-28|-55|CG1185387|-28|-55|CG1185387|-28|-55|CG1185387|-28|-55|CG1185386|-27|-57|CG1185383|-26|-57|CG1185384|-28|-57|CG1185385|-28|-56|CG1185384|-28|-57|CG1185383|-26|-57|CG1185384|-28|-57|CG1185385|-28|-56|CG1185384|-28|-57|CG1185383|-26|-57|CG1185386|-27|-57|CG1185387|-28|-55|CG1185387|-28|-55|CG1185387|-28|-55|CG1185386|-27|-57|CG1185383|-26|-57|CG1185386|-27|-57|CG1185387|-28|-55|CG1185387|-28|-55|CG1185387|-28|-55|CG1185387|-28|-55|CG1185386|-27|-57|CG1185383|-26|-57|CG1185384|-28|-57|CG1185385|-28|-56|CG1185384|-28|-57|CG1185383|-26|-57|CG1185384|-28|-57|CG1185385|-28|-56|CG1185384|-28|-57
444|1|1|1000|6|CG1185390|-24|-54|CG1185391|-24|-57|CG1185392|-25|-56|CG1185393|-26|-54|CG1185394|-27|-57|CG1185395|-26|-56
444|1|2|600|5|CG1325413|-100|-113|CG1325414|-102|-107|CG1325415|-90|-159|CG1325416|-142|-98|CG1325417|-131|-103
444|1|3|510|6|CG1185353|-17|-58|CG1185354|-20|-57|CG1185355|-27|-57|CG1185356|-37|-58|CG1185357|-29|-58|CG1185358|-22|-57
444|1|4|
444|1|5|1000|8|CG1185345|-28|-56|CG1185346|-26|-53|CG1185347|-27|-85|CG1185348|-21|-85|CG1185349|-22|-103|CG1185350|-22|-73|CG1185351|-20|-65|CG1185352|-25|-62
444|1|6|2091|24|CG1185372|-26|-55|CG1185372|-26|-55|CG1185373|-36|-59|CG1185373|-36|-59|CG1185374|-32|-51|CG1185374|-32|-51|CG1185375|-22|-37|CG1185375|-22|-37|CG1185376|-20|-37|CG1185376|-20|-37|CG1185376|-20|-37|CG1185376|-20|-37|CG1185376|-20|-37|CG1185376|-20|-37|CG1185377|-22|-36|CG1185378|-23|-39|CG1185379|-27|-26|CG1185379|-27|-26|CG1185379|-27|-26|CG1185379|-27|-26|CG1185378|-23|-39|CG1185378|-23|-39|CG1185377|-22|-36|CG1185377|-22|-36
444|1|7|1394|13|CG1186193|-18|-56|CG1186193|-18|-56|CG1186194|-17|-58|CG1186194|-17|-58|CG1186195|-17|-58|CG1186195|-17|-58|CG1186196|-19|-60|CG1186197|-38|-56|CG1186198|-39|-50|CG1186199|-38|-55|CG1186199|-38|-55|CG1186200|-28|-58|CG1186200|-28|-58
444|1|8|1000|2|CG1185367|-22|-54|CG1185368|-18|-37
444|1|9|1000|1|CG1185369|-19|-63
444|1|10|1190|6|CG1185361|-29|-57|CG1185362|-28|-53|CG1185363|-30|-63|CG1185364|-28|-49|CG1185365|-28|-46|CG1185366|-29|-45
444|2|0|6086|40|CG1185436|-21|-57|CG1185437|-25|-56|CG1185438|-28|-56|CG1185437|-25|-56|CG1185436|-21|-57|CG1185439|-23|-56|CG1185440|-24|-55|CG1185440|-24|-55|CG1185440|-24|-55|CG1185440|-24|-55|CG1185439|-23|-56|CG1185436|-21|-57|CG1185437|-25|-56|CG1185438|-28|-56|CG1185437|-25|-56|CG1185436|-21|-57|CG1185437|-25|-56|CG1185438|-28|-56|CG1185437|-25|-56|CG1185436|-21|-57|CG1185439|-23|-56|CG1185440|-24|-55|CG1185440|-24|-55|CG1185440|-24|-55|CG1185439|-23|-56|CG1185436|-21|-57|CG1185439|-23|-56|CG1185440|-24|-55|CG1185440|-24|-55|CG1185440|-24|-55|CG1185440|-24|-55|CG1185439|-23|-56|CG1185436|-21|-57|CG1185437|-25|-56|CG1185438|-28|-56|CG1185437|-25|-56|CG1185436|-21|-57|CG1185437|-25|-56|CG1185438|-28|-56|CG1185437|-25|-56
444|2|1|1000|6|CG1185443|-20|-54|CG1185444|-17|-57|CG1185445|-23|-55|CG1185446|-26|-53|CG1185447|-24|-57|CG1185448|-17|-55
444|2|2|600|5|CG1325469|-119|-113|CG1325470|-90|-142|CG1325471|-82|-174|CG1325472|-99|-116|CG1325473|-109|-103
444|2|3|510|6|CG1185406|-23|-57|CG1185407|-16|-56|CG1185408|-29|-55|CG1185409|-30|-58|CG1185410|-29|-56|CG1185411|-19|-56
444|2|4|
444|2|5|1000|8|CG1185398|-28|-56|CG1185399|-31|-51|CG1185400|-13|-78|CG1185401|-12|-82|CG1185402|-5|-91|CG1185403|-1|-67|CG1185404|-2|-60|CG1185405|-9|-60
444|2|6|2091|24|CG1185425|-28|-54|CG1185425|-28|-54|CG1185426|-31|-56|CG1185426|-31|-56|CG1185427|-34|-45|CG1185427|-34|-45|CG1185428|-24|-39|CG1185428|-24|-39|CG1185429|-23|-38|CG1185429|-23|-38|CG1185429|-23|-38|CG1185429|-23|-38|CG1185429|-23|-38|CG1185429|-23|-38|CG1185430|-24|-38|CG1185431|-30|-45|CG1185432|-49|-31|CG1185432|-49|-31|CG1185432|-49|-31|CG1185432|-49|-31|CG1185431|-30|-45|CG1185431|-30|-45|CG1185430|-24|-38|CG1185430|-24|-38
444|2|7|1394|13|CG1186261|-14|-56|CG1186261|-14|-56|CG1186262|-16|-58|CG1186262|-16|-58|CG1186263|-15|-58|CG1186263|-15|-58|CG1186264|-13|-59|CG1186265|-19|-59|CG1186266|-33|-53|CG1186267|-35|-57|CG1186267|-35|-57|CG1186268|-19|-58|CG1186268|-19|-58
444|2|8|1000|2|CG1185420|-15|-54|CG1185421|-41|-37
444|2|9|1000|1|CG1185422|-22|-54
444|2|10|1190|6|CG1185414|-23|-57|CG1185415|-27|-54|CG1185416|-22|-60|CG1185417|-14|-42|CG1185418|-16|-39|CG1185419|-16|-38
444|3|0|6086|40|CG1185489|-14|-56|CG1185490|-16|-56|CG1185491|-19|-56|CG1185490|-16|-56|CG1185489|-14|-56|CG1185492|-14|-57|CG1185493|-16|-57|CG1185493|-16|-57|CG1185493|-16|-57|CG1185493|-16|-57|CG1185492|-14|-57|CG1185489|-14|-56|CG1185490|-16|-56|CG1185491|-19|-56|CG1185490|-16|-56|CG1185489|-14|-56|CG1185490|-16|-56|CG1185491|-19|-56|CG1185490|-16|-56|CG1185489|-14|-56|CG1185492|-14|-57|CG1185493|-16|-57|CG1185493|-16|-57|CG1185493|-16|-57|CG1185492|-14|-57|CG1185489|-14|-56|CG1185492|-14|-57|CG1185493|-16|-57|CG1185493|-16|-57|CG1185493|-16|-57|CG1185493|-16|-57|CG1185492|-14|-57|CG1185489|-14|-56|CG1185490|-16|-56|CG1185491|-19|-56|CG1185490|-16|-56|CG1185489|-14|-56|CG1185490|-16|-56|CG1185491|-19|-56|CG1185490|-16|-56
444|3|1|1000|6|CG1185496|-21|-54|CG1185497|-16|-57|CG1185498|-15|-55|CG1185499|-21|-53|CG1185500|-16|-58|CG1185501|-15|-56
444|3|2|600|5|CG1325525|-125|-117|CG1325526|-119|-165|CG1325527|-116|-175|CG1325528|-58|-136|CG1325529|-81|-129
444|3|3|510|6|CG1185459|-27|-54|CG1185460|-20|-52|CG1185461|-21|-52|CG1185462|-27|-55|CG1185463|-20|-52|CG1185464|-22|-52
444|3|4|
444|3|5|1000|8|CG1185451|-19|-55|CG1185452|-25|-46|CG1185453|-12|-67|CG1185454|-33|-79|CG1185455|-2|-73|CG1185456|13|-57|CG1185457|3|-47|CG1185458|-2|-51
444|3|6|2091|24|CG1185478|-19|-52|CG1185478|-19|-52|CG1185479|-23|-57|CG1185479|-23|-57|CG1185480|-39|-43|CG1185480|-39|-43|CG1185481|-32|-42|CG1185481|-32|-42|CG1185482|-31|-38|CG1185482|-31|-38|CG1185482|-31|-38|CG1185482|-31|-38|CG1185482|-31|-38|CG1185482|-31|-38|CG1185483|-32|-43|CG1185484|-35|-50|CG1185485|-45|-41|CG1185485|-45|-41|CG1185485|-45|-41|CG1185485|-45|-41|CG1185484|-35|-50|CG1185484|-35|-50|CG1185483|-32|-43|CG1185483|-32|-43
444|3|7|1394|13|CG1186329|-14|-56|CG1186329|-14|-56|CG1186330|-15|-55|CG1186330|-15|-55|CG1186331|-14|-56|CG1186331|-14|-56|CG1186332|-9|-54|CG1186333|-11|-59|CG1186334|-24|-56|CG1186335|-17|-59|CG1186335|-17|-59|CG1186336|-13|-56|CG1186336|-13|-56
444|3|8|1000|2|CG1185473|-17|-50|CG1185474|-53|-43
444|3|9|1000|1|CG1185475|-26|-46
444|3|10|1190|6|CG1185467|-14|-57|CG1185468|-18|-55|CG1185469|-8|-52|CG1185470|-10|-32|CG1185471|-12|-29|CG1185472|-12|-23
444|4|0|6086|40|CG1185542|-21|-56|CG1185543|-26|-56|CG1185544|-27|-56|CG1185543|-26|-56|CG1185542|-21|-56|CG1185545|-23|-57|CG1185546|-24|-57|CG1185546|-24|-57|CG1185546|-24|-57|CG1185546|-24|-57|CG1185545|-23|-57|CG1185542|-21|-56|CG1185543|-26|-56|CG1185544|-27|-56|CG1185543|-26|-56|CG1185542|-21|-56|CG1185543|-26|-56|CG1185544|-27|-56|CG1185543|-26|-56|CG1185542|-21|-56|CG1185545|-23|-57|CG1185546|-24|-57|CG1185546|-24|-57|CG1185546|-24|-57|CG1185545|-23|-57|CG1185542|-21|-56|CG1185545|-23|-57|CG1185546|-24|-57|CG1185546|-24|-57|CG1185546|-24|-57|CG1185546|-24|-57|CG1185545|-23|-57|CG1185542|-21|-56|CG1185543|-26|-56|CG1185544|-27|-56|CG1185543|-26|-56|CG1185542|-21|-56|CG1185543|-26|-56|CG1185544|-27|-56|CG1185543|-26|-56
444|4|1|1000|6|CG1185549|-23|-53|CG1185550|-21|-57|CG1185551|-16|-55|CG1185552|-19|-53|CG1185553|-17|-57|CG1185554|-21|-55
444|4|2|600|5|CG1325581|-118|-123|CG1325582|-92|-162|CG1325583|-82|-152|CG1325584|-98|-119|CG1325585|-112|-122
444|4|3|510|6|CG1185512|-40|-51|CG1185513|-28|-47|CG1185514|-19|-48|CG1185515|-23|-52|CG1185516|-16|-48|CG1185517|-27|-48
444|4|4|
444|4|5|1000|8|CG1185504|-29|-54|CG1185505|-35|-46|CG1185506|-19|-63|CG1185507|-36|-74|CG1185508|-4|-62|CG1185509|4|-50|CG1185510|-1|-33|CG1185511|-8|-42
444|4|6|2091|24|CG1185531|-26|-50|CG1185531|-26|-50|CG1185532|-30|-58|CG1185532|-30|-58|CG1185533|-45|-45|CG1185533|-45|-45|CG1185534|-49|-46|CG1185534|-49|-46|CG1185535|-49|-38|CG1185535|-49|-38|CG1185535|-49|-38|CG1185535|-49|-38|CG1185535|-49|-38|CG1185535|-49|-38|CG1185536|-49|-48|CG1185537|-49|-50|CG1185538|-48|-50|CG1185538|-48|-50|CG1185538|-48|-50|CG1185538|-48|-50|CG1185537|-49|-50|CG1185537|-49|-50|CG1185536|-49|-48|CG1185536|-49|-48
444|4|7|1394|13|CG1186397|-14|-56|CG1186397|-14|-56|CG1186398|-14|-53|CG1186398|-14|-53|CG1186399|-13|-55|CG1186399|-13|-55|CG1186400|-8|-48|CG1186401|-11|-57|CG1186402|-28|-57|CG1186403|-30|-59|CG1186403|-30|-59|CG1186404|-20|-55|CG1186404|-20|-55
444|4|8|1000|2|CG1185526|-18|-45|CG1185527|-42|-50
444|4|9|1000|1|CG1185528|-22|-43
444|4|10|1190|6|CG1185520|-24|-57|CG1185521|-32|-57|CG1185522|-40|-44|CG1185523|-15|-24|CG1185524|-16|-23|CG1185525|-16|-17
444|5|0|6086|40|CG1185595|-27|-56|CG1185596|-36|-56|CG1185597|-39|-56|CG1185596|-36|-56|CG1185595|-27|-56|CG1185598|-33|-57|CG1185599|-39|-57|CG1185599|-39|-57|CG1185599|-39|-57|CG1185599|-39|-57|CG1185598|-33|-57|CG1185595|-27|-56|CG1185596|-36|-56|CG1185597|-39|-56|CG1185596|-36|-56|CG1185595|-27|-56|CG1185596|-36|-56|CG1185597|-39|-56|CG1185596|-36|-56|CG1185595|-27|-56|CG1185598|-33|-57|CG1185599|-39|-57|CG1185599|-39|-57|CG1185599|-39|-57|CG1185598|-33|-57|CG1185595|-27|-56|CG1185598|-33|-57|CG1185599|-39|-57|CG1185599|-39|-57|CG1185599|-39|-57|CG1185599|-39|-57|CG1185598|-33|-57|CG1185595|-27|-56|CG1185596|-36|-56|CG1185597|-39|-56|CG1185596|-36|-56|CG1185595|-27|-56|CG1185596|-36|-56|CG1185597|-39|-56|CG1185596|-36|-56
444|5|1|1000|6|CG1185602|-29|-53|CG1185603|-27|-57|CG1185604|-24|-55|CG1185605|-22|-53|CG1185606|-23|-57|CG1185607|-26|-55
444|5|2|600|5|CG1325637|-87|-102|CG1325638|-101|-134|CG1325639|-81|-118|CG1325640|-146|-102|CG1325641|-132|-115
444|5|3|510|6|CG1185565|-50|-50|CG1185566|-41|-46|CG1185567|-19|-47|CG1185568|-13|-50|CG1185569|-18|-45|CG1185570|-39|-46
444|5|4|
444|5|5|1000|8|CG1185557|-34|-53|CG1185558|-39|-41|CG1185559|-27|-70|CG1185560|-21|-82|CG1185561|-24|-57|CG1185562|-25|-45|CG1185563|-21|-29|CG1185564|-16|-38
444|5|6|2091|24|CG1185584|-37|-49|CG1185584|-37|-49|CG1185585|-47|-58|CG1185585|-47|-58|CG1185586|-47|-54|CG1185586|-47|-54|CG1185587|-54|-47|CG1185587|-54|-47|CG1185588|-54|-38|CG1185588|-54|-38|CG1185588|-54|-38|CG1185588|-54|-38|CG1185588|-54|-38|CG1185588|-54|-38|CG1185589|-54|-50|CG1185590|-54|-53|CG1185591|-53|-54|CG1185591|-53|-54|CG1185591|-53|-54|CG1185591|-53|-54|CG1185590|-54|-53|CG1185590|-54|-53|CG1185589|-54|-50|CG1185589|-54|-50
444|5|7|1394|13|CG1186465|-15|-56|CG1186465|-15|-56|CG1186466|-15|-52|CG1186466|-15|-52|CG1186467|-15|-55|CG1186467|-15|-55|CG1186468|-14|-45|CG1186469|-26|-54|CG1186470|-20|-54|CG1186471|-31|-58|CG1186471|-31|-58|CG1186472|-28|-55|CG1186472|-28|-55
444|5|8|1000|2|CG1185579|-28|-43|CG1185580|-34|-55
444|5|9|1000|1|CG1185581|-38|-42
444|5|10|1190|6|CG1185573|-28|-57|CG1185574|-49|-57|CG1185575|-60|-40|CG1185576|-51|-20|CG1185577|-53|-19|CG1185578|-55|-15
444|6|0|6086|40|CG1185648|-44|-56|CG1185649|-40|-56|CG1185650|-39|-56|CG1185649|-40|-56|CG1185648|-44|-56|CG1185651|-45|-57|CG1185652|-46|-57|CG1185652|-46|-57|CG1185652|-46|-57|CG1185652|-46|-57|CG1185651|-45|-57|CG1185648|-44|-56|CG1185649|-40|-56|CG1185650|-39|-56|CG1185649|-40|-56|CG1185648|-44|-56|CG1185649|-40|-56|CG1185650|-39|-56|CG1185649|-40|-56|CG1185648|-44|-56|CG1185651|-45|-57|CG1185652|-46|-57|CG1185652|-46|-57|CG1185652|-46|-57|CG1185651|-45|-57|CG1185648|-44|-56|CG1185651|-45|-57|CG1185652|-46|-57|CG1185652|-46|-57|CG1185652|-46|-57|CG1185652|-46|-57|CG1185651|-45|-57|CG1185648|-44|-56|CG1185649|-40|-56|CG1185650|-39|-56|CG1185649|-40|-56|CG1185648|-44|-56|CG1185649|-40|-56|CG1185650|-39|-56|CG1185649|-40|-56
444|6|1|1000|6|CG1185655|-38|-53|CG1185656|-43|-57|CG1185657|-43|-55|CG1185658|-41|-53|CG1185659|-43|-57|CG1185660|-40|-55
444|6|2|600|5|CG1325693|-56|-115|CG1325694|-66|-158|CG1325695|-93|-143|CG1325696|-109|-126|CG1325697|-81|-115
444|6|3|510|6|CG1185618|-34|-52|CG1185619|-42|-48|CG1185620|-23|-48|CG1185621|-20|-51|CG1185622|-22|-47|CG1185623|-43|-48
444|6|4|
444|6|5|1000|8|CG1185610|-38|-54|CG1185611|-33|-44|CG1185612|-33|-75|CG1185613|-29|-85|CG1185614|-63|-71|CG1185615|-61|-49|CG1185616|-56|-33|CG1185617|-38|-41
444|6|6|2091|24|CG1185637|-40|-50|CG1185637|-40|-50|CG1185638|-48|-58|CG1185638|-48|-58|CG1185639|-24|-68|CG1185639|-24|-68|CG1185640|-31|-46|CG1185640|-31|-46|CG1185641|-31|-38|CG1185641|-31|-38|CG1185641|-31|-38|CG1185641|-31|-38|CG1185641|-31|-38|CG1185641|-31|-38|CG1185642|-31|-48|CG1185643|-31|-50|CG1185644|-30|-50|CG1185644|-30|-50|CG1185644|-30|-50|CG1185644|-30|-50|CG1185643|-31|-50|CG1185643|-31|-50|CG1185642|-31|-48|CG1185642|-31|-48
444|6|7|1394|13|CG1186533|-24|-56|CG1186533|-24|-56|CG1186534|-23|-53|CG1186534|-23|-53|CG1186535|-24|-55|CG1186535|-24|-55|CG1186536|-26|-47|CG1186537|-30|-51|CG1186538|-22|-50|CG1186539|-26|-56|CG1186539|-26|-56|CG1186540|-25|-55|CG1186540|-25|-55
444|6|8|1000|2|CG1185632|-47|-44|CG1185633|-35|-50
444|6|9|1000|1|CG1185634|-38|-43
444|6|10|1190|6|CG1185626|-38|-57|CG1185627|-41|-57|CG1185628|-48|-50|CG1185629|-62|-33|CG1185630|-61|-23|CG1185631|-65|-18
444|7|0|6086|40|CG1185701|-35|-56|CG1185702|-29|-56|CG1185703|-24|-56|CG1185702|-29|-56|CG1185701|-35|-56|CG1185704|-32|-57|CG1185705|-30|-57|CG1185705|-30|-57|CG1185705|-30|-57|CG1185705|-30|-57|CG1185704|-32|-57|CG1185701|-35|-56|CG1185702|-29|-56|CG1185703|-24|-56|CG1185702|-29|-56|CG1185701|-35|-56|CG1185702|-29|-56|CG1185703|-24|-56|CG1185702|-29|-56|CG1185701|-35|-56|CG1185704|-32|-57|CG1185705|-30|-57|CG1185705|-30|-57|CG1185705|-30|-57|CG1185704|-32|-57|CG1185701|-35|-56|CG1185704|-32|-57|CG1185705|-30|-57|CG1185705|-30|-57|CG1185705|-30|-57|CG1185705|-30|-57|CG1185704|-32|-57|CG1185701|-35|-56|CG1185702|-29|-56|CG1185703|-24|-56|CG1185702|-29|-56|CG1185701|-35|-56|CG1185702|-29|-56|CG1185703|-24|-56|CG1185702|-29|-56
444|7|1|1000|6|CG1185708|-27|-53|CG1185709|-34|-57|CG1185710|-42|-55|CG1185711|-45|-54|CG1185712|-43|-57|CG1185713|-33|-55
444|7|2|600|5|CG1325749|-65|-111|CG1325750|-73|-164|CG1325751|-68|-170|CG1325752|-60|-150|CG1325753|-60|-127
444|7|3|510|6|CG1185671|-28|-55|CG1185672|-28|-52|CG1185673|-36|-52|CG1185674|-25|-54|CG1185675|-37|-51|CG1185676|-28|-52
444|7|4|
444|7|5|1000|8|CG1185663|-26|-55|CG1185664|-27|-46|CG1185665|-30|-79|CG1185666|-31|-80|CG1185667|-72|-87|CG1185668|-72|-55|CG1185669|-74|-47|CG1185670|-52|-49
444|7|6|2091|24|CG1185690|-28|-52|CG1185690|-28|-52|CG1185691|-26|-69|CG1185691|-26|-69|CG1185692|-13|-69|CG1185692|-13|-69|CG1185693|-12|-42|CG1185693|-12|-42|CG1185694|-13|-38|CG1185694|-13|-38|CG1185694|-13|-38|CG1185694|-13|-38|CG1185694|-13|-38|CG1185694|-13|-38|CG1185695|-12|-43|CG1185696|-12|-42|CG1185697|-12|-41|CG1185697|-12|-41|CG1185697|-12|-41|CG1185697|-12|-41|CG1185696|-12|-42|CG1185696|-12|-42|CG1185695|-12|-43|CG1185695|-12|-43
444|7|7|1394|13|CG1186601|-28|-56|CG1186601|-28|-56|CG1186602|-27|-55|CG1186602|-27|-55|CG1186603|-28|-56|CG1186603|-28|-56|CG1186604|-31|-52|CG1186605|-33|-51|CG1186606|-33|-47|CG1186607|-30|-55|CG1186607|-30|-55|CG1186608|-17|-56|CG1186608|-17|-56
444|7|8|1000|2|CG1185685|-40|-49|CG1185686|-17|-49
444|7|9|1000|1|CG1185687|-38|-53
444|7|10|1190|6|CG1185679|-32|-57|CG1185680|-26|-55|CG1185681|-37|-65|CG1185682|-58|-52|CG1185683|-58|-30|CG1185684|-59|-33
