453|0|0|6086|40|CG1189242|-23|-57|CG1189243|-20|-56|CG1189244|-17|-56|CG1189243|-20|-56|CG1189242|-23|-57|CG1189245|-22|-56|CG1189246|-22|-55|CG1189246|-22|-55|CG1189246|-22|-55|CG1189246|-22|-55|CG1189245|-22|-56|CG1189242|-23|-57|CG1189243|-20|-56|CG1189244|-17|-56|CG1189243|-20|-56|CG1189242|-23|-57|CG1189243|-20|-56|CG1189244|-17|-56|CG1189243|-20|-56|CG1189242|-23|-57|CG1189245|-22|-56|CG1189246|-22|-55|CG1189246|-22|-55|CG1189246|-22|-55|CG1189245|-22|-56|CG1189242|-23|-57|CG1189245|-22|-56|CG1189246|-22|-55|CG1189246|-22|-55|CG1189246|-22|-55|CG1189246|-22|-55|CG1189245|-22|-56|CG1189242|-23|-57|CG1189243|-20|-56|CG1189244|-17|-56|CG1189243|-20|-56|CG1189242|-23|-57|CG1189243|-20|-56|CG1189244|-17|-56|CG1189243|-20|-56
453|0|1|1000|6|CG1189249|-24|-54|CG1189250|-23|-57|CG1189251|-25|-55|CG1189252|-29|-54|CG1189253|-25|-57|CG1189254|-24|-55
453|0|2|600|5|CG1325357|-54|-113|CG1325358|-66|-144|CG1325359|-95|-176|CG1325360|-103|-137|CG1325361|-78|-106
453|0|3|510|6|CG1189212|-24|-58|CG1189213|-27|-56|CG1189214|-40|-56|CG1189215|-36|-57|CG1189216|-41|-56|CG1189217|-29|-55
453|0|4|
453|0|5|1000|16|CG1189204|-18|-56|CG1189204|-18|-56|CG1189205|-23|-51|CG1189205|-23|-51|CG1189206|-34|-83|CG1189206|-34|-83|CG1189207|-29|-82|CG1189207|-29|-82|CG1189208|-45|-106|CG1189208|-45|-106|CG1189209|-52|-59|CG1189209|-52|-59|CG1189210|-52|-60|CG1189210|-52|-60|CG1189211|-44|-58|CG1189211|-44|-58
453|0|6|2091|24|CG1189231|-19|-54|CG1189231|-19|-54|CG1189232|-27|-69|CG1189232|-27|-69|CG1189233|-20|-67|CG1189233|-20|-67|CG1189234|-19|-39|CG1189234|-19|-39|CG1189235|-19|-38|CG1189235|-19|-38|CG1189235|-19|-38|CG1189235|-19|-38|CG1189235|-19|-38|CG1189235|-19|-38|CG1189236|-20|-38|CG1189237|-20|-35|CG1189238|-19|-31|CG1189238|-19|-31|CG1189238|-19|-31|CG1189238|-19|-31|CG1189237|-20|-35|CG1189237|-20|-35|CG1189236|-20|-38|CG1189236|-20|-38
453|0|7|1394|13|CG1188709|-23|-56|CG1188709|-23|-56|CG1188710|-22|-58|CG1188710|-22|-58|CG1188711|-24|-58|CG1188711|-24|-58|CG1188712|-26|-58|CG1188713|-39|-53|CG1188714|-29|-46|CG1188715|-25|-54|CG1188715|-25|-54|CG1188716|-26|-58|CG1188716|-26|-58
453|0|8|1000|2|CG1189226|-26|-57|CG1189227|-16|-45
453|0|9|1000|1|CG1189228|-24|-63
453|0|10|1190|6|CG1189220|-23|-57|CG1189221|-18|-54|CG1189222|-30|-67|CG1189223|-43|-54|CG1189224|-43|-39|CG1189225|-44|-40
453|1|0|6086|40|CG1189295|-26|-57|CG1189296|-28|-57|CG1189297|-28|-56|CG1189296|-28|-57|CG1189295|-26|-57|CG1189298|-27|-57|CG1189299|-28|-55|CG1189299|-28|-55|CG1189299|-28|-55|CG1189299|-28|-55|CG1189298|-27|-57|CG1189295|-26|-57|CG1189296|-28|-57|CG1189297|-28|-56|CG1189296|-28|-57|CG1189295|-26|-57|CG1189296|-28|-57|CG1189297|-28|-56|CG1189296|-28|-57|CG1189295|-26|-57|CG1189298|-27|-57|CG1189299|-28|-55|CG1189299|-28|-55|CG1189299|-28|-55|CG1189298|-27|-57|CG1189295|-26|-57|CG1189298|-27|-57|CG1189299|-28|-55|CG1189299|-28|-55|CG1189299|-28|-55|CG1189299|-28|-55|CG1189298|-27|-57|CG1189295|-26|-57|CG1189296|-28|-57|CG1189297|-28|-56|CG1189296|-28|-57|CG1189295|-26|-57|CG1189296|-28|-57|CG1189297|-28|-56|CG1189296|-28|-57
453|1|1|1000|6|CG1189302|-24|-54|CG1189303|-24|-57|CG1189304|-25|-56|CG1189305|-26|-54|CG1189306|-27|-57|CG1189307|-26|-56
453|1|2|600|5|CG1325413|-100|-113|CG1325414|-102|-107|CG1325415|-90|-159|CG1325416|-142|-98|CG1325417|-131|-103
453|1|3|510|6|CG1189265|-17|-58|CG1189266|-20|-57|CG1189267|-27|-57|CG1189268|-39|-58|CG1189269|-29|-58|CG1189270|-22|-57
453|1|4|
453|1|5|1000|16|CG1189257|-28|-56|CG1189257|-28|-56|CG1189258|-26|-53|CG1189258|-26|-53|CG1189259|-27|-81|CG1189259|-27|-81|CG1189260|-21|-85|CG1189260|-21|-85|CG1189261|-22|-108|CG1189261|-22|-108|CG1189262|-22|-66|CG1189262|-22|-66|CG1189263|-20|-65|CG1189263|-20|-65|CG1189264|-25|-62|CG1189264|-25|-62
453|1|6|2091|24|CG1189284|-26|-55|CG1189284|-26|-55|CG1189285|-36|-65|CG1189285|-36|-65|CG1189286|-32|-55|CG1189286|-32|-55|CG1189287|-22|-37|CG1189287|-22|-37|CG1189288|-20|-37|CG1189288|-20|-37|CG1189288|-20|-37|CG1189288|-20|-37|CG1189288|-20|-37|CG1189288|-20|-37|CG1189289|-22|-36|CG1189290|-23|-39|CG1189291|-27|-26|CG1189291|-27|-26|CG1189291|-27|-26|CG1189291|-27|-26|CG1189290|-23|-39|CG1189290|-23|-39|CG1189289|-22|-36|CG1189289|-22|-36
453|1|7|1394|13|CG1188777|-18|-56|CG1188777|-18|-56|CG1188778|-17|-58|CG1188778|-17|-58|CG1188779|-17|-58|CG1188779|-17|-58|CG1188780|-19|-60|CG1188781|-38|-56|CG1188782|-39|-50|CG1188783|-38|-55|CG1188783|-38|-55|CG1188784|-28|-58|CG1188784|-28|-58
453|1|8|1000|2|CG1189279|-22|-58|CG1189280|-18|-37
453|1|9|1000|1|CG1189281|-19|-55
453|1|10|1190|6|CG1189273|-29|-57|CG1189274|-28|-53|CG1189275|-30|-63|CG1189276|-28|-49|CG1189277|-28|-46|CG1189278|-29|-45
453|2|0|6086|40|CG1189348|-21|-57|CG1189349|-25|-56|CG1189350|-28|-56|CG1189349|-25|-56|CG1189348|-21|-57|CG1189351|-23|-56|CG1189352|-24|-55|CG1189352|-24|-55|CG1189352|-24|-55|CG1189352|-24|-55|CG1189351|-23|-56|CG1189348|-21|-57|CG1189349|-25|-56|CG1189350|-28|-56|CG1189349|-25|-56|CG1189348|-21|-57|CG1189349|-25|-56|CG1189350|-28|-56|CG1189349|-25|-56|CG1189348|-21|-57|CG1189351|-23|-56|CG1189352|-24|-55|CG1189352|-24|-55|CG1189352|-24|-55|CG1189351|-23|-56|CG1189348|-21|-57|CG1189351|-23|-56|CG1189352|-24|-55|CG1189352|-24|-55|CG1189352|-24|-55|CG1189352|-24|-55|CG1189351|-23|-56|CG1189348|-21|-57|CG1189349|-25|-56|CG1189350|-28|-56|CG1189349|-25|-56|CG1189348|-21|-57|CG1189349|-25|-56|CG1189350|-28|-56|CG1189349|-25|-56
453|2|1|1000|6|CG1189355|-20|-54|CG1189356|-17|-57|CG1189357|-23|-55|CG1189358|-26|-53|CG1189359|-24|-57|CG1189360|-17|-55
453|2|2|600|5|CG1325469|-119|-113|CG1325470|-90|-142|CG1325471|-82|-174|CG1325472|-99|-116|CG1325473|-109|-103
453|2|3|510|6|CG1189318|-23|-57|CG1189319|-16|-56|CG1189320|-29|-55|CG1189321|-30|-58|CG1189322|-29|-56|CG1189323|-19|-56
453|2|4|
453|2|5|1000|16|CG1189310|-28|-56|CG1189310|-28|-56|CG1189311|-31|-51|CG1189311|-31|-51|CG1189312|-13|-75|CG1189312|-13|-75|CG1189313|-12|-82|CG1189313|-12|-82|CG1189314|-5|-96|CG1189314|-5|-96|CG1189315|-1|-59|CG1189315|-1|-59|CG1189316|-2|-60|CG1189316|-2|-60|CG1189317|-9|-60|CG1189317|-9|-60
453|2|6|2091|24|CG1189337|-28|-54|CG1189337|-28|-54|CG1189338|-31|-56|CG1189338|-31|-56|CG1189339|-34|-40|CG1189339|-34|-40|CG1189340|-24|-39|CG1189340|-24|-39|CG1189341|-23|-38|CG1189341|-23|-38|CG1189341|-23|-38|CG1189341|-23|-38|CG1189341|-23|-38|CG1189341|-23|-38|CG1189342|-24|-38|CG1189343|-30|-45|CG1189344|-49|-31|CG1189344|-49|-31|CG1189344|-49|-31|CG1189344|-49|-31|CG1189343|-30|-45|CG1189343|-30|-45|CG1189342|-24|-38|CG1189342|-24|-38
453|2|7|1394|13|CG1188845|-14|-56|CG1188845|-14|-56|CG1188846|-16|-58|CG1188846|-16|-58|CG1188847|-15|-58|CG1188847|-15|-58|CG1188848|-13|-59|CG1188849|-19|-59|CG1188850|-33|-53|CG1188851|-35|-57|CG1188851|-35|-57|CG1188852|-19|-58|CG1188852|-19|-58
453|2|8|1000|2|CG1189332|-15|-54|CG1189333|-41|-37
453|2|9|1000|1|CG1189334|-22|-50
453|2|10|1190|6|CG1189326|-23|-57|CG1189327|-27|-54|CG1189328|-22|-60|CG1189329|-14|-42|CG1189330|-16|-39|CG1189331|-16|-38
453|3|0|6086|40|CG1189401|-14|-56|CG1189402|-16|-56|CG1189403|-19|-56|CG1189402|-16|-56|CG1189401|-14|-56|CG1189404|-14|-57|CG1189405|-16|-57|CG1189405|-16|-57|CG1189405|-16|-57|CG1189405|-16|-57|CG1189404|-14|-57|CG1189401|-14|-56|CG1189402|-16|-56|CG1189403|-19|-56|CG1189402|-16|-56|CG1189401|-14|-56|CG1189402|-16|-56|CG1189403|-19|-56|CG1189402|-16|-56|CG1189401|-14|-56|CG1189404|-14|-57|CG1189405|-16|-57|CG1189405|-16|-57|CG1189405|-16|-57|CG1189404|-14|-57|CG1189401|-14|-56|CG1189404|-14|-57|CG1189405|-16|-57|CG1189405|-16|-57|CG1189405|-16|-57|CG1189405|-16|-57|CG1189404|-14|-57|CG1189401|-14|-56|CG1189402|-16|-56|CG1189403|-19|-56|CG1189402|-16|-56|CG1189401|-14|-56|CG1189402|-16|-56|CG1189403|-19|-56|CG1189402|-16|-56
453|3|1|1000|6|CG1189408|-21|-54|CG1189409|-16|-57|CG1189410|-15|-55|CG1189411|-21|-53|CG1189412|-16|-58|CG1189413|-15|-56
453|3|2|600|5|CG1325525|-125|-117|CG1325526|-119|-165|CG1325527|-116|-175|CG1325528|-58|-136|CG1325529|-81|-129
453|3|3|510|6|CG1189371|-26|-54|CG1189372|-20|-52|CG1189373|-21|-52|CG1189374|-27|-55|CG1189375|-20|-52|CG1189376|-22|-52
453|3|4|
453|3|5|1000|16|CG1189363|-20|-55|CG1189363|-20|-55|CG1189364|-25|-46|CG1189364|-25|-46|CG1189365|-12|-72|CG1189365|-12|-72|CG1189366|-31|-79|CG1189366|-31|-79|CG1189367|-2|-75|CG1189367|-2|-75|CG1189368|13|-49|CG1189368|13|-49|CG1189369|3|-47|CG1189369|3|-47|CG1189370|-2|-51|CG1189370|-2|-51
453|3|6|2091|24|CG1189390|-19|-52|CG1189390|-19|-52|CG1189391|-23|-57|CG1189391|-23|-57|CG1189392|-39|-43|CG1189392|-39|-43|CG1189393|-31|-42|CG1189393|-31|-42|CG1189394|-30|-38|CG1189394|-30|-38|CG1189394|-30|-38|CG1189394|-30|-38|CG1189394|-30|-38|CG1189394|-30|-38|CG1189395|-31|-43|CG1189396|-35|-50|CG1189397|-45|-41|CG1189397|-45|-41|CG1189397|-45|-41|CG1189397|-45|-41|CG1189396|-35|-50|CG1189396|-35|-50|CG1189395|-31|-43|CG1189395|-31|-43
453|3|7|1394|13|CG1188913|-14|-56|CG1188913|-14|-56|CG1188914|-15|-55|CG1188914|-15|-55|CG1188915|-14|-56|CG1188915|-14|-56|CG1188916|-9|-54|CG1188917|-11|-59|CG1188918|-24|-56|CG1188919|-17|-59|CG1188919|-17|-59|CG1188920|-13|-56|CG1188920|-13|-56
453|3|8|1000|2|CG1189385|-17|-50|CG1189386|-53|-43
453|3|9|1000|1|CG1189387|-26|-46
453|3|10|1190|6|CG1189379|-14|-57|CG1189380|-18|-55|CG1189381|-8|-52|CG1189382|-10|-32|CG1189383|-12|-29|CG1189384|-12|-23
453|4|0|6086|40|CG1189454|-21|-56|CG1189455|-26|-56|CG1189456|-27|-56|CG1189455|-26|-56|CG1189454|-21|-56|CG1189457|-23|-57|CG1189458|-24|-57|CG1189458|-24|-57|CG1189458|-24|-57|CG1189458|-24|-57|CG1189457|-23|-57|CG1189454|-21|-56|CG1189455|-26|-56|CG1189456|-27|-56|CG1189455|-26|-56|CG1189454|-21|-56|CG1189455|-26|-56|CG1189456|-27|-56|CG1189455|-26|-56|CG1189454|-21|-56|CG1189457|-23|-57|CG1189458|-24|-57|CG1189458|-24|-57|CG1189458|-24|-57|CG1189457|-23|-57|CG1189454|-21|-56|CG1189457|-23|-57|CG1189458|-24|-57|CG1189458|-24|-57|CG1189458|-24|-57|CG1189458|-24|-57|CG1189457|-23|-57|CG1189454|-21|-56|CG1189455|-26|-56|CG1189456|-27|-56|CG1189455|-26|-56|CG1189454|-21|-56|CG1189455|-26|-56|CG1189456|-27|-56|CG1189455|-26|-56
453|4|1|1000|6|CG1189461|-23|-53|CG1189462|-21|-57|CG1189463|-16|-55|CG1189464|-19|-53|CG1189465|-17|-57|CG1189466|-21|-55
453|4|2|600|5|CG1325581|-118|-123|CG1325582|-92|-162|CG1325583|-82|-152|CG1325584|-98|-119|CG1325585|-112|-122
453|4|3|510|6|CG1189424|-30|-51|CG1189425|-28|-47|CG1189426|-19|-48|CG1189427|-23|-52|CG1189428|-16|-48|CG1189429|-27|-48
453|4|4|
453|4|5|1000|16|CG1189416|-28|-54|CG1189416|-28|-54|CG1189417|-31|-46|CG1189417|-31|-46|CG1189418|-11|-71|CG1189418|-11|-71|CG1189419|-34|-74|CG1189419|-34|-74|CG1189420|-4|-62|CG1189420|-4|-62|CG1189421|4|-41|CG1189421|4|-41|CG1189422|-1|-33|CG1189422|-1|-33|CG1189423|-8|-42|CG1189423|-8|-42
453|4|6|2091|24|CG1189443|-26|-50|CG1189443|-26|-50|CG1189444|-29|-58|CG1189444|-29|-58|CG1189445|-33|-44|CG1189445|-33|-44|CG1189446|-39|-46|CG1189446|-39|-46|CG1189447|-39|-38|CG1189447|-39|-38|CG1189447|-39|-38|CG1189447|-39|-38|CG1189447|-39|-38|CG1189447|-39|-38|CG1189448|-40|-48|CG1189449|-40|-50|CG1189450|-40|-50|CG1189450|-40|-50|CG1189450|-40|-50|CG1189450|-40|-50|CG1189449|-40|-50|CG1189449|-40|-50|CG1189448|-40|-48|CG1189448|-40|-48
453|4|7|1394|13|CG1188981|-14|-56|CG1188981|-14|-56|CG1188982|-14|-53|CG1188982|-14|-53|CG1188983|-13|-55|CG1188983|-13|-55|CG1188984|-8|-48|CG1188985|-11|-57|CG1188986|-28|-57|CG1188987|-30|-59|CG1188987|-30|-59|CG1188988|-20|-55|CG1188988|-20|-55
453|4|8|1000|2|CG1189438|-15|-45|CG1189439|-42|-50
453|4|9|1000|1|CG1189440|-22|-43
453|4|10|1190|6|CG1189432|-24|-57|CG1189433|-26|-57|CG1189434|-32|-44|CG1189435|-15|-24|CG1189436|-16|-23|CG1189437|-16|-17
453|5|0|6086|40|CG1189507|-26|-56|CG1189508|-31|-56|CG1189509|-36|-56|CG1189508|-31|-56|CG1189507|-26|-56|CG1189510|-28|-57|CG1189511|-34|-57|CG1189511|-34|-57|CG1189511|-34|-57|CG1189511|-34|-57|CG1189510|-28|-57|CG1189507|-26|-56|CG1189508|-31|-56|CG1189509|-36|-56|CG1189508|-31|-56|CG1189507|-26|-56|CG1189508|-31|-56|CG1189509|-36|-56|CG1189508|-31|-56|CG1189507|-26|-56|CG1189510|-28|-57|CG1189511|-34|-57|CG1189511|-34|-57|CG1189511|-34|-57|CG1189510|-28|-57|CG1189507|-26|-56|CG1189510|-28|-57|CG1189511|-34|-57|CG1189511|-34|-57|CG1189511|-34|-57|CG1189511|-34|-57|CG1189510|-28|-57|CG1189507|-26|-56|CG1189508|-31|-56|CG1189509|-36|-56|CG1189508|-31|-56|CG1189507|-26|-56|CG1189508|-31|-56|CG1189509|-36|-56|CG1189508|-31|-56
453|5|1|1000|6|CG1189514|-26|-53|CG1189515|-24|-57|CG1189516|-24|-55|CG1189517|-22|-53|CG1189518|-23|-57|CG1189519|-23|-55
453|5|2|600|5|CG1325637|-87|-102|CG1325638|-101|-134|CG1325639|-81|-118|CG1325640|-146|-102|CG1325641|-132|-115
453|5|3|510|6|CG1189477|-44|-50|CG1189478|-34|-46|CG1189479|-19|-47|CG1189480|-13|-50|CG1189481|-18|-45|CG1189482|-31|-46
453|5|4|
453|5|5|1000|16|CG1189469|-27|-53|CG1189469|-27|-53|CG1189470|-37|-42|CG1189470|-37|-42|CG1189471|-27|-74|CG1189471|-27|-74|CG1189472|-20|-73|CG1189472|-20|-73|CG1189473|-24|-57|CG1189473|-24|-57|CG1189474|-25|-37|CG1189474|-25|-37|CG1189475|-21|-29|CG1189475|-21|-29|CG1189476|-16|-38|CG1189476|-16|-38
453|5|6|2091|24|CG1189496|-29|-49|CG1189496|-29|-49|CG1189497|-38|-58|CG1189497|-38|-58|CG1189498|-44|-47|CG1189498|-44|-47|CG1189499|-49|-47|CG1189499|-49|-47|CG1189500|-49|-38|CG1189500|-49|-38|CG1189500|-49|-38|CG1189500|-49|-38|CG1189500|-49|-38|CG1189500|-49|-38|CG1189501|-50|-50|CG1189502|-50|-53|CG1189503|-50|-54|CG1189503|-50|-54|CG1189503|-50|-54|CG1189503|-50|-54|CG1189502|-50|-53|CG1189502|-50|-53|CG1189501|-50|-50|CG1189501|-50|-50
453|5|7|1394|13|CG1189049|-15|-56|CG1189049|-15|-56|CG1189050|-15|-52|CG1189050|-15|-52|CG1189051|-15|-55|CG1189051|-15|-55|CG1189052|-14|-45|CG1189053|-26|-54|CG1189054|-20|-54|CG1189055|-31|-58|CG1189055|-31|-58|CG1189056|-28|-55|CG1189056|-28|-55
453|5|8|1000|2|CG1189491|-24|-43|CG1189492|-32|-55
453|5|9|1000|1|CG1189493|-36|-42
453|5|10|1190|6|CG1189485|-27|-57|CG1189486|-45|-57|CG1189487|-58|-40|CG1189488|-46|-20|CG1189489|-48|-19|CG1189490|-48|-15
453|6|0|6086|40|CG1189560|-42|-56|CG1189561|-44|-56|CG1189562|-44|-56|CG1189561|-44|-56|CG1189560|-42|-56|CG1189563|-45|-57|CG1189564|-48|-57|CG1189564|-48|-57|CG1189564|-48|-57|CG1189564|-48|-57|CG1189563|-45|-57|CG1189560|-42|-56|CG1189561|-44|-56|CG1189562|-44|-56|CG1189561|-44|-56|CG1189560|-42|-56|CG1189561|-44|-56|CG1189562|-44|-56|CG1189561|-44|-56|CG1189560|-42|-56|CG1189563|-45|-57|CG1189564|-48|-57|CG1189564|-48|-57|CG1189564|-48|-57|CG1189563|-45|-57|CG1189560|-42|-56|CG1189563|-45|-57|CG1189564|-48|-57|CG1189564|-48|-57|CG1189564|-48|-57|CG1189564|-48|-57|CG1189563|-45|-57|CG1189560|-42|-56|CG1189561|-44|-56|CG1189562|-44|-56|CG1189561|-44|-56|CG1189560|-42|-56|CG1189561|-44|-56|CG1189562|-44|-56|CG1189561|-44|-56
453|6|1|1000|6|CG1189567|-40|-53|CG1189568|-41|-57|CG1189569|-39|-55|CG1189570|-38|-53|CG1189571|-39|-57|CG1189572|-40|-55
453|6|2|600|5|CG1325693|-56|-115|CG1325694|-66|-158|CG1325695|-93|-143|CG1325696|-109|-126|CG1325697|-81|-115
453|6|3|510|6|CG1189530|-40|-52|CG1189531|-42|-48|CG1189532|-23|-48|CG1189533|-20|-51|CG1189534|-22|-47|CG1189535|-40|-48
453|6|4|
453|6|5|1000|16|CG1189522|-36|-54|CG1189522|-36|-54|CG1189523|-34|-44|CG1189523|-34|-44|CG1189524|-33|-79|CG1189524|-33|-79|CG1189525|-29|-75|CG1189525|-29|-75|CG1189526|-57|-69|CG1189526|-57|-69|CG1189527|-62|-40|CG1189527|-62|-40|CG1189528|-59|-33|CG1189528|-59|-33|CG1189529|-35|-41|CG1189529|-35|-41
453|6|6|2091|24|CG1189549|-39|-50|CG1189549|-39|-50|CG1189550|-44|-58|CG1189550|-44|-58|CG1189551|-34|-61|CG1189551|-34|-61|CG1189552|-38|-46|CG1189552|-38|-46|CG1189553|-39|-38|CG1189553|-39|-38|CG1189553|-39|-38|CG1189553|-39|-38|CG1189553|-39|-38|CG1189553|-39|-38|CG1189554|-39|-48|CG1189555|-39|-50|CG1189556|-38|-50|CG1189556|-38|-50|CG1189556|-38|-50|CG1189556|-38|-50|CG1189555|-39|-50|CG1189555|-39|-50|CG1189554|-39|-48|CG1189554|-39|-48
453|6|7|1394|13|CG1189117|-24|-56|CG1189117|-24|-56|CG1189118|-23|-53|CG1189118|-23|-53|CG1189119|-24|-55|CG1189119|-24|-55|CG1189120|-26|-47|CG1189121|-30|-51|CG1189122|-22|-50|CG1189123|-26|-56|CG1189123|-26|-56|CG1189124|-25|-55|CG1189124|-25|-55
453|6|8|1000|2|CG1189544|-38|-44|CG1189545|-30|-50
453|6|9|1000|1|CG1189546|-34|-56
453|6|10|1190|6|CG1189538|-36|-57|CG1189539|-48|-57|CG1189540|-55|-52|CG1189541|-69|-24|CG1189542|-68|-23|CG1189543|-69|-18
453|7|0|6086|40|CG1189613|-42|-56|CG1189614|-35|-56|CG1189615|-30|-56|CG1189614|-35|-56|CG1189613|-42|-56|CG1189616|-40|-57|CG1189617|-38|-57|CG1189617|-38|-57|CG1189617|-38|-57|CG1189617|-38|-57|CG1189616|-40|-57|CG1189613|-42|-56|CG1189614|-35|-56|CG1189615|-30|-56|CG1189614|-35|-56|CG1189613|-42|-56|CG1189614|-35|-56|CG1189615|-30|-56|CG1189614|-35|-56|CG1189613|-42|-56|CG1189616|-40|-57|CG1189617|-38|-57|CG1189617|-38|-57|CG1189617|-38|-57|CG1189616|-40|-57|CG1189613|-42|-56|CG1189616|-40|-57|CG1189617|-38|-57|CG1189617|-38|-57|CG1189617|-38|-57|CG1189617|-38|-57|CG1189616|-40|-57|CG1189613|-42|-56|CG1189614|-35|-56|CG1189615|-30|-56|CG1189614|-35|-56|CG1189613|-42|-56|CG1189614|-35|-56|CG1189615|-30|-56|CG1189614|-35|-56
453|7|1|1000|6|CG1189620|-33|-53|CG1189621|-38|-57|CG1189622|-44|-55|CG1189623|-46|-54|CG1189624|-44|-57|CG1189625|-37|-55
453|7|2|600|5|CG1325749|-65|-111|CG1325750|-73|-164|CG1325751|-68|-170|CG1325752|-60|-150|CG1325753|-60|-127
453|7|3|510|6|CG1189583|-28|-55|CG1189584|-33|-52|CG1189585|-32|-52|CG1189586|-25|-54|CG1189587|-32|-51|CG1189588|-34|-52
453|7|4|
453|7|5|1000|16|CG1189575|-32|-55|CG1189575|-32|-55|CG1189576|-27|-46|CG1189576|-27|-46|CG1189577|-28|-82|CG1189577|-28|-82|CG1189578|-31|-79|CG1189578|-31|-79|CG1189579|-63|-90|CG1189579|-63|-90|CG1189580|-79|-47|CG1189580|-79|-47|CG1189581|-77|-47|CG1189581|-77|-47|CG1189582|-55|-49|CG1189582|-55|-49
453|7|6|2091|24|CG1189602|-33|-52|CG1189602|-33|-52|CG1189603|-33|-64|CG1189603|-33|-64|CG1189604|-13|-69|CG1189604|-13|-69|CG1189605|-11|-42|CG1189605|-11|-42|CG1189606|-13|-38|CG1189606|-13|-38|CG1189606|-13|-38|CG1189606|-13|-38|CG1189606|-13|-38|CG1189606|-13|-38|CG1189607|-12|-43|CG1189608|-10|-42|CG1189609|-10|-41|CG1189609|-10|-41|CG1189609|-10|-41|CG1189609|-10|-41|CG1189608|-10|-42|CG1189608|-10|-42|CG1189607|-12|-43|CG1189607|-12|-43
453|7|7|1394|13|CG1189185|-28|-56|CG1189185|-28|-56|CG1189186|-27|-55|CG1189186|-27|-55|CG1189187|-28|-56|CG1189187|-28|-56|CG1189188|-31|-52|CG1189189|-33|-51|CG1189190|-33|-47|CG1189191|-30|-55|CG1189191|-30|-55|CG1189192|-17|-56|CG1189192|-17|-56
453|7|8|1000|2|CG1189597|-40|-48|CG1189598|-13|-44
453|7|9|1000|1|CG1189599|-23|-64
453|7|10|1190|6|CG1189591|-38|-57|CG1189592|-25|-55|CG1189593|-37|-68|CG1189594|-58|-45|CG1189595|-58|-28|CG1189596|-59|-29
