523|0|0|1190|4|CG1219246|-27|-64|CG1219247|-25|-64|CG1219248|-24|-64|CG1219249|-25|-64
523|0|1|986|6|CG1219252|-30|-58|CG1219253|-33|-60|CG1219254|-32|-60|CG1219255|-36|-59|CG1219256|-33|-62|CG1219257|-29|-60
523|0|2|600|5|CG1325357|-54|-113|CG1325358|-66|-144|CG1325359|-95|-176|CG1325360|-103|-137|CG1325361|-78|-106
523|0|3|510|6|CG1219604|-22|-64|CG1219605|-18|-65|CG1219606|-19|-66|CG1219607|-18|-64|CG1219608|-19|-65|CG1219609|-18|-67
523|0|4|
523|0|5|2000|14|CG1219212|-20|-68|CG1219213|-30|-66|CG1219214|-57|-67|CG1219217|-43|-70|CG1219215|-39|-70|CG1219216|-34|-69|CG1219215|-39|-70|CG1219217|-43|-70|CG1219215|-39|-70|CG1219216|-34|-69|CG1219215|-39|-70|CG1219217|-43|-70|CG1219218|-39|-82|CG1219219|-33|-73
523|0|6|1190|10|CG1219233|-23|-63|CG1219235|-22|-61|CG1219236|-29|-56|CG1219236|-29|-56|CG1219237|-28|-74|CG1219238|-34|-76|CG1219239|-28|-84|CG1219240|-34|-77|CG1219241|-45|-70|CG1219242|-41|-66
523|0|7|1000|9|CG1219646|-16|-62|CG1219648|-16|-59|CG1219649|-16|-55|CG1219650|-33|-72|CG1219651|-37|-66|CG1219652|-40|-73|CG1219653|-40|-72|CG1219654|-35|-73|CG1219655|-36|-73
523|0|8|1000|2|CG1219228|-23|-62|CG1219229|-28|-64
523|0|9|1000|1|CG1219230|-26|-55
523|0|10|986|6|CG1219222|-25|-63|CG1219223|-29|-64|CG1219224|-43|-57|CG1219225|-50|-58|CG1219226|-51|-53|CG1219227|-58|-44
523|1|0|1190|4|CG1219294|-39|-64|CG1219295|-39|-64|CG1219296|-39|-64|CG1219297|-39|-64
523|1|1|986|6|CG1219300|-47|-58|CG1219301|-49|-60|CG1219302|-48|-59|CG1219303|-44|-58|CG1219304|-44|-60|CG1219305|-41|-59
523|1|2|600|5|CG1325413|-100|-113|CG1325414|-102|-107|CG1325415|-90|-159|CG1325416|-142|-98|CG1325417|-131|-103
523|1|3|510|6|CG1219675|-19|-64|CG1219676|-20|-65|CG1219677|-20|-67|CG1219678|-20|-64|CG1219679|-19|-65|CG1219680|-19|-67
523|1|4|
523|1|5|2000|14|CG1219260|-33|-67|CG1219261|-45|-69|CG1219262|-27|-70|CG1219265|-17|-72|CG1219263|-21|-71|CG1219264|-20|-71|CG1219263|-21|-71|CG1219265|-17|-72|CG1219263|-21|-71|CG1219264|-20|-71|CG1219263|-21|-71|CG1219265|-17|-72|CG1219266|-27|-73|CG1219267|-29|-70
523|1|6|1190|10|CG1219281|-21|-65|CG1219283|-20|-63|CG1219284|-20|-57|CG1219284|-20|-57|CG1219285|-29|-67|CG1219286|-36|-79|CG1219287|-20|-82|CG1219288|-45|-77|CG1219289|-32|-72|CG1219290|-45|-66
523|1|7|1000|9|CG1219717|-20|-61|CG1219719|-22|-57|CG1219720|-23|-54|CG1219721|-25|-75|CG1219722|-23|-71|CG1219723|-24|-78|CG1219724|-22|-76|CG1219725|-19|-77|CG1219726|-19|-77
523|1|8|1000|2|CG1219276|-33|-62|CG1219277|-43|-54
523|1|9|1000|1|CG1219278|-42|-56
523|1|10|986|6|CG1219270|-18|-63|CG1219271|-27|-62|CG1219272|-22|-57|CG1219273|-28|-62|CG1219274|-28|-58|CG1219275|-28|-51
523|2|0|1190|4|CG1219342|-30|-64|CG1219343|-31|-64|CG1219344|-32|-64|CG1219345|-31|-64
523|2|1|986|6|CG1219348|-39|-59|CG1219349|-39|-62|CG1219350|-40|-60|CG1219351|-30|-63|CG1219352|-33|-63|CG1219353|-33|-63
523|2|2|600|5|CG1325469|-119|-113|CG1325470|-90|-142|CG1325471|-82|-174|CG1325472|-99|-116|CG1325473|-109|-103
523|2|3|510|6|CG1219746|-25|-64|CG1219747|-25|-65|CG1219748|-24|-67|CG1219749|-26|-64|CG1219750|-23|-65|CG1219751|-24|-66
523|2|4|
523|2|5|2000|14|CG1219308|-44|-67|CG1219309|-35|-68|CG1219310|-27|-69|CG1219313|-11|-69|CG1219311|-10|-68|CG1219312|-7|-69|CG1219311|-10|-68|CG1219313|-11|-69|CG1219311|-10|-68|CG1219312|-7|-69|CG1219311|-10|-68|CG1219313|-11|-69|CG1219314|-28|-72|CG1219315|-24|-62
523|2|6|1190|10|CG1219329|-24|-61|CG1219331|-23|-59|CG1219332|-22|-57|CG1219332|-22|-57|CG1219333|-36|-69|CG1219334|-22|-80|CG1219335|-23|-83|CG1219336|-31|-77|CG1219337|-33|-71|CG1219338|-28|-65
523|2|7|1000|9|CG1219788|-24|-61|CG1219790|-28|-59|CG1219791|-30|-57|CG1219792|-19|-75|CG1219793|-16|-69|CG1219794|-7|-76|CG1219795|-3|-73|CG1219796|1|-73|CG1219797|3|-73
523|2|8|1000|2|CG1219324|-40|-63|CG1219325|-39|-57
523|2|9|1000|1|CG1219326|-39|-55
523|2|10|986|6|CG1219318|-30|-62|CG1219319|-23|-61|CG1219320|-17|-51|CG1219321|-7|-55|CG1219322|-11|-51|CG1219323|-7|-44
523|3|0|1190|4|CG1219390|-17|-70|CG1219391|-17|-70|CG1219392|-17|-71|CG1219393|-17|-70
523|3|1|986|6|CG1219396|-23|-64|CG1219397|-24|-65|CG1219398|-24|-64|CG1219399|-23|-70|CG1219400|-24|-72|CG1219401|-24|-72
523|3|2|600|5|CG1325525|-125|-117|CG1325526|-119|-165|CG1325527|-116|-175|CG1325528|-58|-136|CG1325529|-81|-129
523|3|3|510|6|CG1219817|-27|-65|CG1219818|-25|-66|CG1219819|-26|-67|CG1219820|-27|-65|CG1219821|-25|-65|CG1219822|-26|-67
523|3|4|
523|3|5|2000|14|CG1219356|-31|-66|CG1219357|-7|-66|CG1219358|-13|-66|CG1219361|-1|-63|CG1219359|-4|-64|CG1219360|-9|-62|CG1219359|-4|-64|CG1219361|-1|-63|CG1219359|-4|-64|CG1219360|-9|-62|CG1219359|-4|-64|CG1219361|-1|-63|CG1219362|-26|-66|CG1219363|-20|-63
523|3|6|1190|10|CG1219377|-41|-62|CG1219379|-33|-59|CG1219380|-29|-56|CG1219380|-29|-56|CG1219381|-24|-70|CG1219382|-16|-78|CG1219383|-43|-83|CG1219384|-32|-78|CG1219385|-27|-70|CG1219386|-16|-63
523|3|7|1000|9|CG1219859|-23|-65|CG1219861|-28|-64|CG1219862|-32|-62|CG1219863|-20|-73|CG1219864|-13|-64|CG1219865|-2|-68|CG1219866|2|-65|CG1219867|7|-63|CG1219868|9|-63
523|3|8|1000|2|CG1219372|-32|-64|CG1219373|-44|-65
523|3|9|1000|1|CG1219374|-18|-56
523|3|10|986|6|CG1219366|-39|-61|CG1219367|-27|-57|CG1219368|-23|-46|CG1219369|-11|-44|CG1219370|-10|-37|CG1219371|-10|-25
523|4|0|1190|4|CG1219438|-30|-66|CG1219439|-28|-67|CG1219440|-26|-68|CG1219441|-28|-67
523|4|1|986|6|CG1219444|-26|-66|CG1219445|-24|-68|CG1219446|-25|-67|CG1219447|-30|-66|CG1219448|-30|-66|CG1219449|-31|-67
523|4|2|600|5|CG1325581|-118|-123|CG1325582|-92|-162|CG1325583|-82|-152|CG1325584|-98|-119|CG1325585|-112|-122
523|4|3|510|6|CG1219888|-25|-65|CG1219889|-23|-66|CG1219890|-23|-67|CG1219891|-24|-65|CG1219892|-23|-66|CG1219893|-24|-67
523|4|4|
523|4|5|2000|14|CG1219404|-18|-65|CG1219405|-11|-62|CG1219406|-17|-62|CG1219409|-18|-57|CG1219407|-22|-56|CG1219408|-21|-56|CG1219407|-22|-56|CG1219409|-18|-57|CG1219407|-22|-56|CG1219408|-21|-56|CG1219407|-22|-56|CG1219409|-18|-57|CG1219410|-25|-65|CG1219411|-26|-62
523|4|6|1190|10|CG1219425|-35|-62|CG1219427|-35|-59|CG1219428|-39|-56|CG1219428|-39|-56|CG1219429|-15|-69|CG1219430|-32|-78|CG1219431|-37|-80|CG1219432|-37|-76|CG1219433|-23|-67|CG1219434|-32|-60
523|4|7|1000|9|CG1219930|-25|-68|CG1219932|-28|-68|CG1219933|-30|-68|CG1219934|-21|-69|CG1219935|-10|-55|CG1219936|-8|-60|CG1219937|-6|-55|CG1219938|1|-52|CG1219939|1|-51
523|4|8|1000|2|CG1219420|-19|-63|CG1219421|-41|-68
523|4|9|1000|1|CG1219422|-27|-56
523|4|10|986|6|CG1219414|-26|-62|CG1219415|-16|-53|CG1219416|-35|-41|CG1219417|-30|-33|CG1219418|-23|-23|CG1219419|-19|-12
523|5|0|1190|4|CG1219486|-43|-65|CG1219487|-42|-66|CG1219488|-42|-65|CG1219489|-42|-66
523|5|1|986|6|CG1219492|-36|-67|CG1219493|-33|-68|CG1219494|-33|-67|CG1219495|-37|-67|CG1219496|-38|-68|CG1219497|-39|-67
523|5|2|600|5|CG1325637|-87|-102|CG1325638|-101|-134|CG1325639|-81|-118|CG1325640|-146|-102|CG1325641|-132|-115
523|5|3|510|6|CG1219959|-20|-66|CG1219960|-19|-66|CG1219961|-19|-67|CG1219962|-19|-66|CG1219963|-20|-66|CG1219964|-20|-67
523|5|4|
523|5|5|2000|14|CG1219452|-30|-63|CG1219453|-18|-59|CG1219454|-26|-58|CG1219457|-30|-57|CG1219455|-29|-58|CG1219456|-21|-61|CG1219455|-29|-58|CG1219457|-30|-57|CG1219455|-29|-58|CG1219456|-21|-61|CG1219455|-29|-58|CG1219457|-30|-57|CG1219458|-21|-71|CG1219459|-26|-62
523|5|6|1190|10|CG1219473|-18|-61|CG1219475|-18|-58|CG1219476|-28|-55|CG1219476|-28|-55|CG1219477|-22|-66|CG1219478|-37|-78|CG1219479|-32|-88|CG1219480|-34|-78|CG1219481|-20|-66|CG1219482|-37|-60
523|5|7|1000|9|CG1220001|-19|-69|CG1220003|-22|-69|CG1220004|-19|-69|CG1220005|-16|-66|CG1220006|-15|-48|CG1220007|-19|-53|CG1220008|-19|-50|CG1220009|-20|-48|CG1220010|-20|-47
523|5|8|1000|2|CG1219468|-32|-59|CG1219469|-32|-72
523|5|9|1000|1|CG1219470|-32|-44
523|5|10|986|6|CG1219462|-23|-62|CG1219463|-27|-52|CG1219464|-33|-39|CG1219465|-43|-30|CG1219466|-50|-24|CG1219467|-50|-13
523|6|0|1190|4|CG1219534|-34|-65|CG1219535|-35|-65|CG1219536|-36|-66|CG1219537|-35|-65
523|6|1|986|6|CG1219540|-26|-66|CG1219541|-25|-66|CG1219542|-25|-66|CG1219543|-23|-66|CG1219544|-25|-68|CG1219545|-25|-67
523|6|2|600|5|CG1325693|-56|-115|CG1325694|-66|-158|CG1325695|-93|-143|CG1325696|-109|-126|CG1325697|-81|-115
523|6|3|510|6|CG1220030|-16|-65|CG1220031|-19|-66|CG1220032|-18|-67|CG1220033|-22|-65|CG1220034|-15|-66|CG1220035|-16|-68
523|6|4|
523|6|5|2000|14|CG1219500|-34|-65|CG1219501|-22|-65|CG1219502|-27|-65|CG1219505|-39|-66|CG1219503|-47|-66|CG1219504|-51|-66|CG1219503|-47|-66|CG1219505|-39|-66|CG1219503|-47|-66|CG1219504|-51|-66|CG1219503|-47|-66|CG1219505|-39|-66|CG1219506|-25|-78|CG1219507|-35|-61
523|6|6|1190|10|CG1219521|-28|-61|CG1219523|-27|-58|CG1219524|-24|-55|CG1219524|-24|-55|CG1219525|-25|-66|CG1219526|-34|-80|CG1219527|-35|-85|CG1219528|-28|-78|CG1219529|-29|-66|CG1219530|-29|-61
523|6|7|1000|9|CG1220072|-20|-68|CG1220074|-17|-68|CG1220075|-8|-67|CG1220076|-34|-67|CG1220077|-34|-50|CG1220078|-40|-56|CG1220079|-38|-53|CG1220080|-36|-52|CG1220081|-38|-51
523|6|8|1000|2|CG1219516|-33|-60|CG1219517|-22|-69
523|6|9|1000|1|CG1219518|-28|-43
523|6|10|986|6|CG1219510|-42|-63|CG1219511|-43|-54|CG1219512|-37|-43|CG1219513|-38|-37|CG1219514|-48|-35|CG1219515|-59|-25
523|7|0|1190|4|CG1219582|-15|-64|CG1219583|-14|-65|CG1219584|-14|-65|CG1219585|-14|-65
523|7|1|986|6|CG1219588|-23|-64|CG1219589|-17|-64|CG1219590|-19|-63|CG1219591|-23|-63|CG1219592|-16|-65|CG1219593|-19|-64
523|7|2|600|5|CG1325749|-65|-111|CG1325750|-73|-164|CG1325751|-68|-170|CG1325752|-60|-150|CG1325753|-60|-127
523|7|3|510|6|CG1220101|-22|-65|CG1220102|-17|-65|CG1220103|-20|-67|CG1220104|-22|-65|CG1220105|-17|-66|CG1220106|-20|-67
523|7|4|
523|7|5|2000|14|CG1219548|-28|-66|CG1219549|-27|-66|CG1219550|-60|-68|CG1219553|-57|-72|CG1219551|-56|-69|CG1219552|-51|-66|CG1219551|-56|-69|CG1219553|-57|-72|CG1219551|-56|-69|CG1219552|-51|-66|CG1219551|-56|-69|CG1219553|-57|-72|CG1219554|-37|-82|CG1219555|-34|-68
523|7|6|1190|10|CG1219569|-31|-61|CG1219571|-32|-58|CG1219572|-37|-56|CG1219572|-37|-56|CG1219573|-27|-73|CG1219574|-34|-83|CG1219575|-32|-83|CG1219576|-22|-79|CG1219577|-52|-69|CG1219578|-32|-64
523|7|7|1000|9|CG1220143|-15|-65|CG1220145|-13|-63|CG1220146|-13|-60|CG1220147|-35|-69|CG1220148|-43|-58|CG1220149|-45|-64|CG1220150|-43|-63|CG1220151|-46|-63|CG1220152|-48|-63
523|7|8|1000|2|CG1219564|-22|-62|CG1219565|-19|-69
523|7|9|1000|1|CG1219566|-29|-51
523|7|10|986|6|CG1219558|-42|-64|CG1219559|-39|-60|CG1219560|-50|-49|CG1219561|-49|-48|CG1219562|-63|-42|CG1219563|-66|-40
