550|0|0|1088|4|CG1230560|-25|-71|CG1230561|-27|-71|CG1230562|-28|-71|CG1230563|-27|-71
550|0|1|799|6|CG1230566|-21|-69|CG1230567|-19|-71|CG1230568|-23|-71|CG1230569|-29|-69|CG1230570|-28|-70|CG1230571|-23|-70
550|0|2|600|5|CG1325357|-54|-113|CG1325358|-66|-144|CG1325359|-95|-176|CG1325360|-103|-137|CG1325361|-78|-106
550|0|3|493|6|CG1230532|-24|-71|CG1230533|-20|-73|CG1230534|-16|-73|CG1230535|-21|-71|CG1230536|-23|-73|CG1230537|-27|-73
550|0|4|
550|0|5|986|9|CG1230524|-23|-83|CG1230524|-23|-83|CG1230525|-19|-75|CG1230526|-49|-62|CG1230527|-62|-62|CG1230528|-62|-66|CG1230529|-73|-68|CG1230530|-64|-66|CG1230531|-29|-78
550|0|6|2295|25|CG1230551|-29|-88|CG1230552|-37|-68|CG1230553|-41|-77|CG1230554|-18|-104|CG1230555|-25|-102|CG1230556|-29|-101|CG1230555|-25|-102|CG1230556|-29|-101|CG1230555|-25|-102|CG1230556|-29|-101|CG1230555|-25|-102|CG1230556|-29|-101|CG1230555|-25|-102|CG1230556|-29|-101|CG1230555|-25|-102|CG1230556|-29|-101|CG1230555|-25|-102|CG1230556|-29|-101|CG1230555|-25|-102|CG1230556|-29|-101|CG1230555|-25|-102|CG1230556|-29|-101|CG1230555|-25|-102|CG1230554|-18|-104|CG1230553|-41|-77
550|0|7|799|6|CG1229666|-16|-67|CG1229667|-20|-61|CG1229668|-23|-64|CG1229669|-21|-75|CG1229670|-26|-79|CG1229671|-32|-72
550|0|8|1000|2|CG1230546|-50|-71|CG1230547|-9|-87
550|0|9|1000|1|CG1230548|-41|-60
550|0|10|799|6|CG1230540|-48|-70|CG1230541|-59|-69|CG1230542|-75|-81|CG1230543|-96|-67|CG1230544|-105|-62|CG1230545|-115|-57
550|1|0|1088|4|CG1230610|-14|-70|CG1230611|-14|-70|CG1230612|-15|-70|CG1230613|-14|-70
550|1|1|799|6|CG1230616|-13|-69|CG1230617|-16|-70|CG1230618|-18|-70|CG1230619|-18|-69|CG1230620|-21|-70|CG1230621|-16|-70
550|1|2|600|5|CG1325413|-100|-113|CG1325414|-102|-107|CG1325415|-90|-159|CG1325416|-142|-98|CG1325417|-131|-103
550|1|3|493|6|CG1230582|-21|-71|CG1230583|-21|-73|CG1230584|-22|-73|CG1230585|-22|-71|CG1230586|-25|-73|CG1230587|-20|-73
550|1|4|
550|1|5|986|9|CG1230574|-27|-68|CG1230574|-27|-68|CG1230575|-29|-70|CG1230576|-17|-63|CG1230577|-23|-64|CG1230578|-17|-79|CG1230579|-17|-80|CG1230580|-17|-79|CG1230581|-28|-70
550|1|6|2295|25|CG1230601|-49|-86|CG1230602|-48|-67|CG1230603|-25|-86|CG1230604|-23|-101|CG1230605|-19|-104|CG1230606|-19|-103|CG1230605|-19|-104|CG1230606|-19|-103|CG1230605|-19|-104|CG1230606|-19|-103|CG1230605|-19|-104|CG1230606|-19|-103|CG1230605|-19|-104|CG1230606|-19|-103|CG1230605|-19|-104|CG1230606|-19|-103|CG1230605|-19|-104|CG1230606|-19|-103|CG1230605|-19|-104|CG1230606|-19|-103|CG1230605|-19|-104|CG1230606|-19|-103|CG1230605|-19|-104|CG1230604|-23|-101|CG1230603|-25|-86
550|1|7|799|6|CG1229729|-16|-66|CG1229730|-19|-61|CG1229731|-21|-64|CG1229732|-27|-77|CG1229733|-25|-82|CG1229734|-28|-75
550|1|8|1000|2|CG1230596|-26|-80|CG1230597|-35|-87
550|1|9|1000|1|CG1230598|-31|-67
550|1|10|799|6|CG1230590|-25|-70|CG1230591|-29|-72|CG1230592|-29|-96|CG1230593|-40|-86|CG1230594|-56|-68|CG1230595|-57|-65
550|2|0|1088|4|CG1230660|-27|-71|CG1230661|-26|-71|CG1230662|-25|-71|CG1230663|-26|-71
550|2|1|799|6|CG1230666|-31|-69|CG1230667|-28|-70|CG1230668|-25|-70|CG1230669|-23|-69|CG1230670|-25|-71|CG1230671|-28|-71
550|2|2|600|5|CG1325469|-119|-113|CG1325470|-90|-142|CG1325471|-82|-174|CG1325472|-99|-116|CG1325473|-109|-103
550|2|3|493|6|CG1230632|-31|-71|CG1230633|-29|-73|CG1230634|-29|-73|CG1230635|-28|-71|CG1230636|-28|-73|CG1230637|-28|-73
550|2|4|
550|2|5|986|9|CG1230624|-22|-68|CG1230624|-22|-68|CG1230625|-30|-66|CG1230626|-32|-62|CG1230627|-30|-62|CG1230628|-21|-68|CG1230629|-20|-71|CG1230630|-21|-68|CG1230631|-21|-65
550|2|6|2295|25|CG1230651|-45|-74|CG1230652|-37|-78|CG1230653|-22|-88|CG1230654|-28|-95|CG1230655|-30|-100|CG1230656|-31|-98|CG1230655|-30|-100|CG1230656|-31|-98|CG1230655|-30|-100|CG1230656|-31|-98|CG1230655|-30|-100|CG1230656|-31|-98|CG1230655|-30|-100|CG1230656|-31|-98|CG1230655|-30|-100|CG1230656|-31|-98|CG1230655|-30|-100|CG1230656|-31|-98|CG1230655|-30|-100|CG1230656|-31|-98|CG1230655|-30|-100|CG1230656|-31|-98|CG1230655|-30|-100|CG1230654|-28|-95|CG1230653|-22|-88
550|2|7|799|6|CG1229792|-23|-66|CG1229793|-24|-62|CG1229794|-22|-62|CG1229795|-20|-78|CG1229796|-21|-80|CG1229797|-20|-74
550|2|8|1000|2|CG1230646|-22|-79|CG1230647|-45|-98
550|2|9|1000|1|CG1230648|-26|-72
550|2|10|799|6|CG1230640|-25|-70|CG1230641|-26|-69|CG1230642|-8|-92|CG1230643|-1|-84|CG1230644|1|-69|CG1230645|-3|-62
550|3|0|1088|4|CG1230710|-41|-70|CG1230711|-41|-71|CG1230712|-41|-70|CG1230713|-41|-71
550|3|1|799|6|CG1230716|-40|-69|CG1230717|-41|-69|CG1230718|-41|-69|CG1230719|-39|-69|CG1230720|-41|-70|CG1230721|-41|-70
550|3|2|600|5|CG1325525|-125|-117|CG1325526|-119|-165|CG1325527|-116|-175|CG1325528|-58|-136|CG1325529|-81|-129
550|3|3|493|6|CG1230682|-43|-70|CG1230683|-44|-71|CG1230684|-43|-72|CG1230685|-41|-72|CG1230686|-44|-72|CG1230687|-44|-72
550|3|4|
550|3|5|986|9|CG1230674|-22|-68|CG1230674|-22|-68|CG1230675|-22|-66|CG1230676|-31|-59|CG1230677|-30|-58|CG1230678|-20|-62|CG1230679|-19|-62|CG1230680|-20|-62|CG1230681|-21|-61
550|3|6|2295|25|CG1230701|-30|-68|CG1230702|-30|-81|CG1230703|-22|-82|CG1230704|-29|-87|CG1230705|-34|-93|CG1230706|-35|-90|CG1230705|-34|-93|CG1230706|-35|-90|CG1230705|-34|-93|CG1230706|-35|-90|CG1230705|-34|-93|CG1230706|-35|-90|CG1230705|-34|-93|CG1230706|-35|-90|CG1230705|-34|-93|CG1230706|-35|-90|CG1230705|-34|-93|CG1230706|-35|-90|CG1230705|-34|-93|CG1230706|-35|-90|CG1230705|-34|-93|CG1230706|-35|-90|CG1230705|-34|-93|CG1230704|-29|-87|CG1230703|-22|-82
550|3|7|799|6|CG1229855|-26|-68|CG1229856|-39|-63|CG1229857|-34|-61|CG1229858|-17|-75|CG1229859|-14|-77|CG1229860|-18|-71
550|3|8|1000|2|CG1230696|-21|-68|CG1230697|-55|-109
550|3|9|1000|1|CG1230698|-33|-67
550|3|10|799|6|CG1230690|-30|-68|CG1230691|-31|-66|CG1230692|-1|-71|CG1230693|11|-58|CG1230694|11|-43|CG1230695|11|-35
550|4|0|1088|4|CG1230760|-32|-72|CG1230761|-33|-72|CG1230762|-34|-72|CG1230763|-33|-72
550|4|1|799|6|CG1230766|-27|-71|CG1230767|-31|-71|CG1230768|-34|-71|CG1230769|-33|-71|CG1230770|-33|-72|CG1230771|-31|-72
550|4|2|600|5|CG1325581|-118|-123|CG1325582|-92|-162|CG1325583|-82|-152|CG1325584|-98|-119|CG1325585|-112|-122
550|4|3|493|6|CG1230732|-31|-72|CG1230733|-35|-73|CG1230734|-34|-75|CG1230735|-33|-75|CG1230736|-35|-75|CG1230737|-35|-73
550|4|4|
550|4|5|986|9|CG1230724|-33|-70|CG1230724|-33|-70|CG1230725|-16|-66|CG1230726|-14|-58|CG1230727|-14|-56|CG1230728|-17|-61|CG1230729|-12|-57|CG1230730|-11|-58|CG1230731|-12|-58
550|4|6|2295|25|CG1230751|-26|-70|CG1230752|-24|-77|CG1230753|-34|-71|CG1230754|-26|-82|CG1230755|-29|-87|CG1230756|-30|-80|CG1230755|-29|-87|CG1230756|-30|-80|CG1230755|-29|-87|CG1230756|-30|-80|CG1230755|-29|-87|CG1230756|-30|-80|CG1230755|-29|-87|CG1230756|-30|-80|CG1230755|-29|-87|CG1230756|-30|-80|CG1230755|-29|-87|CG1230756|-30|-80|CG1230755|-29|-87|CG1230756|-30|-80|CG1230755|-29|-87|CG1230756|-30|-80|CG1230755|-29|-87|CG1230754|-26|-82|CG1230753|-34|-71
550|4|7|799|6|CG1229918|-24|-71|CG1229919|-34|-66|CG1229920|-32|-64|CG1229921|-20|-72|CG1229922|-12|-75|CG1229923|-17|-70
550|4|8|1000|2|CG1230746|-33|-66|CG1230747|-46|-114
550|4|9|1000|1|CG1230748|-43|-63
550|4|10|799|6|CG1230740|-41|-67|CG1230741|-35|-62|CG1230742|-6|-47|CG1230743|3|-19|CG1230744|4|-14|CG1230745|5|-8
550|5|0|1088|4|CG1230810|-32|-73|CG1230811|-32|-73|CG1230812|-30|-73|CG1230813|-32|-73
550|5|1|799|6|CG1230816|-36|-71|CG1230817|-36|-72|CG1230818|-36|-72|CG1230819|-26|-71|CG1230820|-27|-72|CG1230821|-35|-72
550|5|2|600|5|CG1325637|-87|-102|CG1325638|-101|-134|CG1325639|-81|-118|CG1325640|-146|-102|CG1325641|-132|-115
550|5|3|493|6|CG1230782|-40|-71|CG1230783|-42|-72|CG1230784|-44|-73|CG1230785|-41|-74|CG1230786|-36|-74|CG1230787|-34|-73
550|5|4|
550|5|5|986|9|CG1230774|-57|-70|CG1230774|-57|-70|CG1230775|-45|-66|CG1230776|-18|-57|CG1230777|-19|-55|CG1230778|-20|-62|CG1230779|-22|-55|CG1230780|-14|-56|CG1230781|-53|-56
550|5|6|2295|25|CG1230801|-25|-70|CG1230802|-44|-69|CG1230803|-35|-66|CG1230804|-30|-84|CG1230805|-21|-85|CG1230806|-22|-77|CG1230805|-21|-85|CG1230806|-22|-77|CG1230805|-21|-85|CG1230806|-22|-77|CG1230805|-21|-85|CG1230806|-22|-77|CG1230805|-21|-85|CG1230806|-22|-77|CG1230805|-21|-85|CG1230806|-22|-77|CG1230805|-21|-85|CG1230806|-22|-77|CG1230805|-21|-85|CG1230806|-22|-77|CG1230805|-21|-85|CG1230806|-22|-77|CG1230805|-21|-85|CG1230804|-30|-84|CG1230803|-35|-66
550|5|7|799|6|CG1229981|-18|-73|CG1229982|-16|-67|CG1229983|-24|-64|CG1229984|-22|-70|CG1229985|-19|-73|CG1229986|-14|-68
550|5|8|1000|2|CG1230796|-38|-64|CG1230797|-27|-112
550|5|9|1000|1|CG1230798|-48|-66
550|5|10|799|6|CG1230790|-34|-68|CG1230791|-50|-69|CG1230792|-45|-45|CG1230793|-49|-16|CG1230794|-49|-5|CG1230795|-49|0
550|6|0|1088|4|CG1230860|-56|-72|CG1230861|-55|-72|CG1230862|-53|-72|CG1230863|-55|-72
550|6|1|799|6|CG1230866|-60|-71|CG1230867|-59|-72|CG1230868|-58|-72|CG1230869|-57|-71|CG1230870|-57|-71|CG1230871|-59|-71
550|6|2|600|5|CG1325693|-56|-115|CG1325694|-66|-158|CG1325695|-93|-143|CG1325696|-109|-126|CG1325697|-81|-115
550|6|3|493|6|CG1230832|-58|-72|CG1230833|-59|-73|CG1230834|-60|-74|CG1230835|-60|-74|CG1230836|-56|-74|CG1230837|-56|-73
550|6|4|
550|6|5|986|9|CG1230824|-50|-73|CG1230824|-50|-73|CG1230825|-62|-65|CG1230826|-49|-58|CG1230827|-43|-56|CG1230828|-67|-60|CG1230829|-79|-56|CG1230830|-71|-57|CG1230831|-72|-57
550|6|6|2295|25|CG1230851|-46|-70|CG1230852|-53|-68|CG1230853|-23|-67|CG1230854|-37|-94|CG1230855|-29|-89|CG1230856|-28|-83|CG1230855|-29|-89|CG1230856|-28|-83|CG1230855|-29|-89|CG1230856|-28|-83|CG1230855|-29|-89|CG1230856|-28|-83|CG1230855|-29|-89|CG1230856|-28|-83|CG1230855|-29|-89|CG1230856|-28|-83|CG1230855|-29|-89|CG1230856|-28|-83|CG1230855|-29|-89|CG1230856|-28|-83|CG1230855|-29|-89|CG1230856|-28|-83|CG1230855|-29|-89|CG1230854|-37|-94|CG1230853|-23|-67
550|6|7|799|6|CG1230044|-12|-72|CG1230045|-13|-65|CG1230046|-19|-66|CG1230047|-36|-68|CG1230048|-25|-72|CG1230049|-26|-68
550|6|8|1000|2|CG1230846|-37|-65|CG1230847|-27|-105
550|6|9|1000|1|CG1230848|-27|-65
550|6|10|799|6|CG1230840|-59|-67|CG1230841|-45|-69|CG1230842|-63|-50|CG1230843|-89|-29|CG1230844|-95|-15|CG1230845|-95|-7
550|7|0|1088|4|CG1230910|-53|-70|CG1230911|-53|-71|CG1230912|-53|-70|CG1230913|-53|-71
550|7|1|799|6|CG1230916|-52|-69|CG1230917|-49|-70|CG1230918|-52|-70|CG1230919|-57|-69|CG1230920|-55|-69|CG1230921|-52|-69
550|7|2|600|5|CG1325749|-65|-111|CG1325750|-73|-164|CG1325751|-68|-170|CG1325752|-60|-150|CG1325753|-60|-127
550|7|3|493|6|CG1230882|-46|-70|CG1230883|-45|-71|CG1230884|-44|-72|CG1230885|-49|-71|CG1230886|-48|-71|CG1230887|-48|-71
550|7|4|
550|7|5|986|9|CG1230874|-23|-85|CG1230874|-23|-85|CG1230875|-48|-64|CG1230876|-64|-59|CG1230877|-70|-58|CG1230878|-90|-61|CG1230879|-102|-61|CG1230880|-90|-61|CG1230881|-54|-67
550|7|6|2295|25|CG1230901|-40|-79|CG1230902|-32|-67|CG1230903|-43|-66|CG1230904|-26|-102|CG1230905|-33|-98|CG1230906|-35|-93|CG1230905|-33|-98|CG1230906|-35|-93|CG1230905|-33|-98|CG1230906|-35|-93|CG1230905|-33|-98|CG1230906|-35|-93|CG1230905|-33|-98|CG1230906|-35|-93|CG1230905|-33|-98|CG1230906|-35|-93|CG1230905|-33|-98|CG1230906|-35|-93|CG1230905|-33|-98|CG1230906|-35|-93|CG1230905|-33|-98|CG1230906|-35|-93|CG1230905|-33|-98|CG1230904|-26|-102|CG1230903|-43|-66
550|7|7|799|6|CG1230107|-16|-69|CG1230108|-22|-62|CG1230109|-24|-64|CG1230110|-37|-71|CG1230111|-29|-72|CG1230112|-31|-68
550|7|8|1000|2|CG1230896|-56|-67|CG1230897|-12|-95
550|7|9|1000|1|CG1230898|-33|-63
550|7|10|799|6|CG1230890|-67|-68|CG1230891|-65|-66|CG1230892|-86|-57|CG1230893|-106|-53|CG1230894|-108|-39|CG1230895|-121|-34
