510|0|0|1190|4|CG1213444|-27|-64|CG1213445|-27|-64|CG1213446|-26|-64|CG1213447|-27|-64
510|0|1|986|6|CG1213450|-40|-58|CG1213451|-41|-60|CG1213452|-42|-60|CG1213453|-42|-59|CG1213454|-44|-62|CG1213455|-44|-60
510|0|2|600|5|CG1325357|-54|-113|CG1325358|-66|-144|CG1325359|-95|-176|CG1325360|-103|-137|CG1325361|-78|-106
510|0|3|510|6|CG1213412|-22|-63|CG1213413|-21|-63|CG1213414|-21|-65|CG1213415|-21|-63|CG1213416|-21|-63|CG1213417|-21|-65
510|0|4|
510|0|5|799|8|CG1213404|-24|-60|CG1213405|-70|-59|CG1213406|-70|-63|CG1213407|-69|-62|CG1213407|-69|-62|CG1213408|-64|-58|CG1213409|-63|-55|CG1213410|-63|-54
510|0|6|1190|10|CG1213431|-35|-60|CG1213433|-29|-58|CG1213434|-25|-56|CG1213434|-25|-56|CG1213435|-44|-69|CG1213436|-27|-96|CG1213437|-27|-84|CG1213438|-23|-77|CG1213439|-48|-70|CG1213440|-28|-66
510|0|7|1000|9|CG1214270|-16|-62|CG1214272|-16|-59|CG1214273|-16|-55|CG1214274|-33|-72|CG1214275|-37|-66|CG1214276|-40|-73|CG1214277|-40|-72|CG1214278|-35|-73|CG1214279|-36|-73
510|0|8|1000|2|CG1213426|-36|-62|CG1213427|-36|-55
510|0|9|1000|1|CG1213428|-43|-55
510|0|10|986|6|CG1213420|-37|-63|CG1213421|-52|-64|CG1213422|-56|-57|CG1213423|-66|-58|CG1213424|-74|-53|CG1213425|-74|-44
510|1|0|1190|4|CG1213498|-42|-64|CG1213499|-42|-64|CG1213500|-42|-64|CG1213501|-42|-64
510|1|1|986|6|CG1213504|-42|-58|CG1213505|-42|-60|CG1213506|-42|-59|CG1213507|-42|-58|CG1213508|-42|-60|CG1213509|-42|-59
510|1|2|600|5|CG1325413|-100|-113|CG1325414|-102|-107|CG1325415|-90|-159|CG1325416|-142|-98|CG1325417|-131|-103
510|1|3|510|6|CG1213466|-24|-66|CG1213467|-24|-66|CG1213468|-24|-68|CG1213469|-23|-65|CG1213470|-24|-66|CG1213471|-24|-68
510|1|4|
510|1|5|799|8|CG1213458|-28|-65|CG1213459|-38|-68|CG1213460|-58|-84|CG1213461|-60|-83|CG1213461|-60|-83|CG1213462|-53|-62|CG1213463|-53|-61|CG1213464|-53|-60
510|1|6|1190|10|CG1213485|-48|-61|CG1213487|-47|-59|CG1213488|-43|-57|CG1213488|-43|-57|CG1213489|-34|-72|CG1213490|-25|-85|CG1213491|-20|-82|CG1213492|-50|-75|CG1213493|-33|-72|CG1213494|-21|-66
510|1|7|1000|9|CG1214341|-20|-61|CG1214343|-22|-57|CG1214344|-23|-54|CG1214345|-25|-75|CG1214346|-23|-71|CG1214347|-24|-78|CG1214348|-22|-76|CG1214349|-19|-77|CG1214350|-19|-77
510|1|8|1000|2|CG1213480|-43|-62|CG1213481|-34|-62
510|1|9|1000|1|CG1213482|-37|-63
510|1|10|986|6|CG1213474|-18|-63|CG1213475|-19|-62|CG1213476|-35|-57|CG1213477|-47|-62|CG1213478|-51|-58|CG1213479|-44|-51
510|2|0|1190|4|CG1213552|-40|-64|CG1213553|-40|-64|CG1213554|-40|-64|CG1213555|-40|-64
510|2|1|986|6|CG1213558|-28|-59|CG1213559|-27|-62|CG1213560|-28|-60|CG1213561|-27|-58|CG1213562|-25|-60|CG1213563|-25|-60
510|2|2|600|5|CG1325469|-119|-113|CG1325470|-90|-142|CG1325471|-82|-174|CG1325472|-99|-116|CG1325473|-109|-103
510|2|3|510|6|CG1213520|-23|-66|CG1213521|-23|-67|CG1213522|-23|-68|CG1213523|-26|-66|CG1213524|-22|-66|CG1213525|-23|-68
510|2|4|
510|2|5|799|8|CG1213512|-24|-66|CG1213513|-21|-70|CG1213514|-25|-93|CG1213515|-31|-94|CG1213515|-31|-94|CG1213516|-22|-62|CG1213517|-22|-61|CG1213518|-22|-60
510|2|6|1190|10|CG1213539|-41|-61|CG1213541|-44|-59|CG1213542|-43|-57|CG1213542|-43|-57|CG1213543|-16|-70|CG1213544|-22|-80|CG1213545|-41|-79|CG1213546|-51|-83|CG1213547|-25|-71|CG1213548|-19|-65
510|2|7|1000|9|CG1214412|-24|-61|CG1214414|-28|-59|CG1214415|-30|-57|CG1214416|-19|-75|CG1214417|-16|-69|CG1214418|-7|-76|CG1214419|-3|-73|CG1214420|1|-73|CG1214421|3|-73
510|2|8|1000|2|CG1213534|-34|-63|CG1213535|-39|-67
510|2|9|1000|1|CG1213536|-19|-65
510|2|10|986|6|CG1213528|-19|-62|CG1213529|-10|-61|CG1213530|-5|-51|CG1213531|-7|-59|CG1213532|-11|-51|CG1213533|-7|-49
510|3|0|1190|4|CG1213606|-17|-65|CG1213607|-17|-65|CG1213608|-17|-64|CG1213609|-17|-65
510|3|1|986|6|CG1213612|-23|-63|CG1213613|-24|-65|CG1213614|-24|-64|CG1213615|-23|-64|CG1213616|-24|-64|CG1213617|-24|-62
510|3|2|600|5|CG1325525|-125|-117|CG1325526|-119|-165|CG1325527|-116|-175|CG1325528|-58|-136|CG1325529|-81|-129
510|3|3|510|6|CG1213574|-48|-65|CG1213575|-49|-66|CG1213576|-50|-67|CG1213577|-50|-65|CG1213578|-49|-66|CG1213579|-49|-67
510|3|4|
510|3|5|799|8|CG1213566|-48|-65|CG1213567|-23|-60|CG1213568|-24|-90|CG1213569|-23|-93|CG1213569|-23|-93|CG1213570|-11|-57|CG1213571|-11|-58|CG1213572|-11|-58
510|3|6|1190|10|CG1213593|-16|-62|CG1213595|-24|-59|CG1213596|-31|-56|CG1213596|-31|-56|CG1213597|-14|-64|CG1213598|-17|-78|CG1213599|-61|-81|CG1213600|-32|-95|CG1213601|-19|-70|CG1213602|-23|-63
510|3|7|1000|9|CG1214483|-23|-65|CG1214485|-28|-64|CG1214486|-32|-62|CG1214487|-20|-73|CG1214488|-13|-64|CG1214489|-2|-68|CG1214490|2|-65|CG1214491|7|-63|CG1214492|9|-63
510|3|8|1000|2|CG1213588|-20|-64|CG1213589|-44|-67
510|3|9|1000|1|CG1213590|-18|-58
510|3|10|986|6|CG1213582|-15|-61|CG1213583|-11|-57|CG1213584|-8|-46|CG1213585|-5|-50|CG1213586|-10|-37|CG1213587|-10|-29
510|4|0|1190|4|CG1213660|-24|-66|CG1213661|-24|-65|CG1213662|-24|-65|CG1213663|-24|-65
510|4|1|986|6|CG1213666|-23|-66|CG1213667|-23|-68|CG1213668|-25|-67|CG1213669|-27|-66|CG1213670|-28|-66|CG1213671|-25|-66
510|4|2|600|5|CG1325581|-118|-123|CG1325582|-92|-162|CG1325583|-82|-152|CG1325584|-98|-119|CG1325585|-112|-122
510|4|3|510|6|CG1213628|-53|-62|CG1213629|-53|-63|CG1213630|-53|-65|CG1213631|-53|-62|CG1213632|-53|-63|CG1213633|-54|-64
510|4|4|
510|4|5|799|8|CG1213620|-53|-62|CG1213621|-20|-59|CG1213622|-20|-73|CG1213623|-17|-80|CG1213623|-17|-80|CG1213624|-16|-52|CG1213625|-15|-53|CG1213626|-15|-53
510|4|6|1190|10|CG1213647|-16|-62|CG1213649|-15|-59|CG1213650|-15|-56|CG1213650|-15|-56|CG1213651|-18|-60|CG1213652|-40|-74|CG1213653|-47|-97|CG1213654|-26|-98|CG1213655|-23|-67|CG1213656|-29|-60
510|4|7|1000|9|CG1214554|-25|-68|CG1214556|-28|-68|CG1214557|-30|-68|CG1214558|-21|-69|CG1214559|-10|-55|CG1214560|-8|-60|CG1214561|-6|-55|CG1214562|1|-52|CG1214563|1|-51
510|4|8|1000|2|CG1213642|-19|-63|CG1213643|-41|-70
510|4|9|1000|1|CG1213644|-19|-49
510|4|10|986|6|CG1213636|-19|-62|CG1213637|-14|-53|CG1213638|-13|-41|CG1213639|-14|-33|CG1213640|-16|-23|CG1213641|-19|-11
510|5|0|1190|4|CG1213714|-24|-65|CG1213715|-24|-66|CG1213716|-25|-65|CG1213717|-24|-66
510|5|1|986|6|CG1213720|-24|-67|CG1213721|-23|-68|CG1213722|-23|-67|CG1213723|-23|-67|CG1213724|-24|-68|CG1213725|-25|-67
510|5|2|600|5|CG1325637|-87|-102|CG1325638|-101|-134|CG1325639|-81|-118|CG1325640|-146|-102|CG1325641|-132|-115
510|5|3|510|6|CG1213682|-32|-59|CG1213683|-31|-60|CG1213684|-30|-62|CG1213685|-29|-59|CG1213686|-30|-60|CG1213687|-32|-62
510|5|4|
510|5|5|799|8|CG1213674|-32|-58|CG1213675|-20|-59|CG1213676|-19|-59|CG1213677|-20|-59|CG1213677|-20|-59|CG1213678|-22|-49|CG1213679|-20|-51|CG1213680|-20|-50
510|5|6|1190|10|CG1213701|-18|-61|CG1213703|-18|-58|CG1213704|-19|-55|CG1213704|-19|-55|CG1213705|-27|-57|CG1213706|-62|-72|CG1213707|-31|-106|CG1213708|-30|-92|CG1213709|-30|-66|CG1213710|-41|-60
510|5|7|1000|9|CG1214625|-19|-69|CG1214627|-22|-69|CG1214628|-19|-69|CG1214629|-16|-66|CG1214630|-15|-48|CG1214631|-19|-53|CG1214632|-19|-50|CG1214633|-20|-48|CG1214634|-20|-47
510|5|8|1000|2|CG1213696|-24|-59|CG1213697|-32|-72
510|5|9|1000|1|CG1213698|-24|-48
510|5|10|986|6|CG1213690|-23|-62|CG1213691|-27|-52|CG1213692|-33|-39|CG1213693|-26|-30|CG1213694|-29|-18|CG1213695|-33|-12
510|6|0|1190|4|CG1213768|-16|-65|CG1213769|-16|-65|CG1213770|-17|-66|CG1213771|-16|-65
510|6|1|986|6|CG1213774|-26|-66|CG1213775|-24|-66|CG1213776|-24|-66|CG1213777|-23|-66|CG1213778|-24|-68|CG1213779|-25|-67
510|6|2|600|5|CG1325693|-56|-115|CG1325694|-66|-158|CG1325695|-93|-143|CG1325696|-109|-126|CG1325697|-81|-115
510|6|3|510|6|CG1213736|-19|-59|CG1213737|-18|-60|CG1213738|-18|-61|CG1213739|-22|-59|CG1213740|-18|-60|CG1213741|-18|-61
510|6|4|
510|6|5|799|8|CG1213728|-21|-58|CG1213729|-44|-57|CG1213730|-27|-57|CG1213731|-26|-57|CG1213731|-26|-57|CG1213732|-33|-49|CG1213733|-28|-48|CG1213734|-27|-47
510|6|6|1190|10|CG1213755|-23|-61|CG1213757|-21|-58|CG1213758|-22|-55|CG1213758|-22|-55|CG1213759|-26|-62|CG1213760|-53|-83|CG1213761|-26|-104|CG1213762|-28|-80|CG1213763|-29|-66|CG1213764|-51|-61
510|6|7|1000|9|CG1214696|-20|-68|CG1214698|-17|-68|CG1214699|-8|-67|CG1214700|-34|-67|CG1214701|-34|-50|CG1214702|-40|-56|CG1214703|-38|-53|CG1214704|-36|-52|CG1214705|-38|-51
510|6|8|1000|2|CG1213750|-30|-60|CG1213751|-21|-69
510|6|9|1000|1|CG1213752|-28|-49
510|6|10|986|6|CG1213744|-49|-63|CG1213745|-46|-54|CG1213746|-42|-43|CG1213747|-39|-37|CG1213748|-48|-26|CG1213749|-59|-17
510|7|0|1190|4|CG1213822|-15|-64|CG1213823|-14|-65|CG1213824|-14|-65|CG1213825|-14|-65
510|7|1|986|6|CG1213828|-24|-64|CG1213829|-26|-64|CG1213830|-28|-62|CG1213831|-25|-63|CG1213832|-28|-65|CG1213833|-27|-64
510|7|2|600|5|CG1325749|-65|-111|CG1325750|-73|-164|CG1325751|-68|-170|CG1325752|-60|-150|CG1325753|-60|-127
510|7|3|510|6|CG1213790|-22|-61|CG1213791|-20|-61|CG1213792|-21|-63|CG1213793|-22|-61|CG1213794|-21|-61|CG1213795|-20|-63
510|7|4|
510|7|5|799|8|CG1213782|-23|-58|CG1213783|-71|-60|CG1213784|-54|-58|CG1213785|-48|-58|CG1213785|-48|-58|CG1213786|-43|-52|CG1213787|-43|-51|CG1213788|-43|-50
510|7|6|1190|10|CG1213809|-20|-61|CG1213811|-22|-58|CG1213812|-29|-56|CG1213812|-29|-56|CG1213813|-32|-66|CG1213814|-32|-96|CG1213815|-27|-92|CG1213816|-24|-79|CG1213817|-50|-69|CG1213818|-42|-64
510|7|7|1000|9|CG1214767|-15|-65|CG1214769|-13|-63|CG1214770|-13|-60|CG1214771|-35|-69|CG1214772|-43|-58|CG1214773|-45|-64|CG1214774|-43|-63|CG1214775|-46|-63|CG1214776|-48|-63
510|7|8|1000|2|CG1213804|-21|-62|CG1213805|-23|-60
510|7|9|1000|1|CG1213806|-32|-54
510|7|10|986|6|CG1213798|-55|-64|CG1213799|-64|-60|CG1213800|-50|-49|CG1213801|-53|-48|CG1213802|-71|-42|CG1213803|-77|-26
