515|0|0|1190|4|CG1215693|-41|-64|CG1215694|-41|-64|CG1215695|-41|-64|CG1215696|-41|-64
515|0|1|986|6|CG1215699|-56|-58|CG1215700|-60|-60|CG1215701|-57|-60|CG1215702|-63|-59|CG1215703|-64|-62|CG1215704|-64|-60
515|0|2|600|5|CG1325357|-54|-113|CG1325358|-66|-144|CG1325359|-95|-176|CG1325360|-103|-137|CG1325361|-78|-106
515|0|3|510|6|CG1215661|-22|-63|CG1215662|-21|-63|CG1215663|-21|-65|CG1215664|-21|-63|CG1215665|-21|-63|CG1215666|-20|-65
515|0|4|
515|0|5|1292|16|CG1215652|-26|-85|CG1215653|-55|-110|CG1215654|-84|-76|CG1215655|-84|-79|CG1215656|-84|-77|CG1215657|-84|-77|CG1215658|-85|-78|CG1215659|-85|-76|CG1215659|-85|-76|CG1215658|-85|-78|CG1215658|-85|-78|CG1215657|-84|-77|CG1215657|-84|-77|CG1215658|-85|-78|CG1215657|-84|-77|CG1215659|-85|-76
515|0|6|1190|10|CG1215680|-24|-60|CG1215682|-20|-58|CG1215683|-27|-56|CG1215683|-27|-56|CG1215684|-71|-69|CG1215685|-27|-110|CG1215686|-27|-84|CG1215687|-24|-77|CG1215688|-74|-70|CG1215689|-34|-66
515|0|7|1000|9|CG1214270|-16|-62|CG1214272|-16|-59|CG1214273|-16|-55|CG1214274|-33|-72|CG1214275|-37|-66|CG1214276|-40|-73|CG1214277|-40|-72|CG1214278|-35|-73|CG1214279|-36|-73
515|0|8|1000|2|CG1215675|-37|-62|CG1215676|-61|-54
515|0|9|1000|1|CG1215677|-63|-55
515|0|10|986|6|CG1215669|-53|-63|CG1215670|-79|-64|CG1215671|-89|-57|CG1215672|-93|-58|CG1215673|-103|-53|CG1215674|-101|-44
515|1|0|1190|4|CG1215748|-73|-64|CG1215749|-73|-64|CG1215750|-73|-64|CG1215751|-73|-64
515|1|1|986|6|CG1215754|-75|-58|CG1215755|-75|-60|CG1215756|-73|-59|CG1215757|-76|-58|CG1215758|-76|-60|CG1215759|-75|-59
515|1|2|600|5|CG1325413|-100|-113|CG1325414|-102|-107|CG1325415|-90|-159|CG1325416|-142|-98|CG1325417|-131|-103
515|1|3|510|6|CG1215716|-24|-66|CG1215717|-24|-66|CG1215718|-24|-68|CG1215719|-23|-65|CG1215720|-24|-66|CG1215721|-24|-68
515|1|4|
515|1|5|1292|16|CG1215707|-27|-70|CG1215708|-26|-115|CG1215709|-21|-92|CG1215710|-23|-92|CG1215711|-20|-92|CG1215712|-22|-93|CG1215713|-20|-93|CG1215714|-15|-92|CG1215714|-15|-92|CG1215713|-20|-93|CG1215713|-20|-93|CG1215712|-22|-93|CG1215712|-22|-93|CG1215713|-20|-93|CG1215712|-22|-93|CG1215714|-15|-92
515|1|6|1190|10|CG1215735|-62|-61|CG1215737|-49|-59|CG1215738|-30|-57|CG1215738|-30|-57|CG1215739|-62|-72|CG1215740|-25|-96|CG1215741|-20|-82|CG1215742|-49|-75|CG1215743|-60|-73|CG1215744|-21|-66
515|1|7|1000|9|CG1214341|-20|-61|CG1214343|-22|-57|CG1214344|-23|-54|CG1214345|-25|-75|CG1214346|-23|-71|CG1214347|-24|-78|CG1214348|-22|-76|CG1214349|-19|-77|CG1214350|-19|-77
515|1|8|1000|2|CG1215730|-69|-62|CG1215731|-64|-48
515|1|9|1000|1|CG1215732|-66|-61
515|1|10|986|6|CG1215724|-18|-63|CG1215725|-27|-62|CG1215726|-55|-57|CG1215727|-73|-62|CG1215728|-62|-73|CG1215729|-44|-61
515|2|0|1190|4|CG1215803|-61|-64|CG1215804|-61|-64|CG1215805|-61|-64|CG1215806|-61|-64
515|2|1|986|6|CG1215809|-52|-59|CG1215810|-49|-62|CG1215811|-49|-60|CG1215812|-47|-58|CG1215813|-46|-60|CG1215814|-45|-60
515|2|2|600|5|CG1325469|-119|-113|CG1325470|-90|-142|CG1325471|-82|-174|CG1325472|-99|-116|CG1325473|-109|-103
515|2|3|510|6|CG1215771|-24|-66|CG1215772|-25|-67|CG1215773|-27|-68|CG1215774|-26|-66|CG1215775|-25|-66|CG1215776|-26|-68
515|2|4|
515|2|5|1292|16|CG1215762|-15|-70|CG1215763|-9|-93|CG1215764|-1|-78|CG1215765|3|-84|CG1215766|9|-82|CG1215767|10|-79|CG1215768|9|-79|CG1215769|11|-78|CG1215769|11|-78|CG1215768|9|-79|CG1215768|9|-79|CG1215767|10|-79|CG1215767|10|-79|CG1215768|9|-79|CG1215767|10|-79|CG1215769|11|-78
515|2|6|1190|10|CG1215790|-67|-61|CG1215792|-70|-59|CG1215793|-66|-57|CG1215793|-66|-57|CG1215794|-20|-70|CG1215795|-22|-80|CG1215796|-58|-79|CG1215797|-81|-74|CG1215798|-25|-88|CG1215799|-19|-65
515|2|7|1000|9|CG1214412|-24|-61|CG1214414|-28|-59|CG1214415|-30|-57|CG1214416|-19|-75|CG1214417|-16|-69|CG1214418|-7|-76|CG1214419|-3|-73|CG1214420|1|-73|CG1214421|3|-73
515|2|8|1000|2|CG1215785|-61|-63|CG1215786|-39|-58
515|2|9|1000|1|CG1215787|-33|-79
515|2|10|986|6|CG1215779|-19|-62|CG1215780|-10|-61|CG1215781|-5|-66|CG1215782|-18|-78|CG1215783|-11|-82|CG1215784|-7|-61
515|3|0|1190|4|CG1215858|-20|-65|CG1215859|-20|-65|CG1215860|-20|-64|CG1215861|-20|-65
515|3|1|986|6|CG1215864|-23|-63|CG1215865|-24|-65|CG1215866|-24|-64|CG1215867|-23|-64|CG1215868|-24|-64|CG1215869|-24|-67
515|3|2|600|5|CG1325525|-125|-117|CG1325526|-119|-165|CG1325527|-116|-175|CG1325528|-58|-136|CG1325529|-81|-129
515|3|3|510|6|CG1215826|-73|-65|CG1215827|-74|-66|CG1215828|-76|-67|CG1215829|-74|-65|CG1215830|-74|-66|CG1215831|-75|-67
515|3|4|
515|3|5|1292|16|CG1215817|-19|-66|CG1215818|0|-70|CG1215819|8|-66|CG1215820|16|-68|CG1215821|25|-64|CG1215822|26|-60|CG1215823|26|-58|CG1215824|20|-59|CG1215824|20|-59|CG1215823|26|-58|CG1215823|26|-58|CG1215822|26|-60|CG1215822|26|-60|CG1215823|26|-58|CG1215822|26|-60|CG1215824|20|-59
515|3|6|1190|10|CG1215845|-37|-62|CG1215847|-51|-59|CG1215848|-64|-56|CG1215848|-64|-56|CG1215849|-14|-64|CG1215850|-16|-78|CG1215851|-87|-86|CG1215852|-66|-93|CG1215853|-19|-83|CG1215854|-22|-63
515|3|7|1000|9|CG1214483|-23|-65|CG1214485|-28|-64|CG1214486|-32|-62|CG1214487|-20|-73|CG1214488|-13|-64|CG1214489|-2|-68|CG1214490|2|-65|CG1214491|7|-63|CG1214492|9|-63
515|3|8|1000|2|CG1215840|-21|-64|CG1215841|-44|-67
515|3|9|1000|1|CG1215842|-18|-81
515|3|10|986|6|CG1215834|-15|-61|CG1215835|-11|-57|CG1215836|-8|-52|CG1215837|-5|-71|CG1215838|-10|-65|CG1215839|-10|-34
515|4|0|1190|4|CG1215913|-21|-66|CG1215914|-21|-65|CG1215915|-20|-65|CG1215916|-21|-65
515|4|1|986|6|CG1215919|-23|-66|CG1215920|-23|-68|CG1215921|-25|-67|CG1215922|-27|-66|CG1215923|-28|-66|CG1215924|-25|-66
515|4|2|600|5|CG1325581|-118|-123|CG1325582|-92|-162|CG1325583|-82|-152|CG1325584|-98|-119|CG1325585|-112|-122
515|4|3|510|6|CG1215881|-76|-62|CG1215882|-76|-63|CG1215883|-77|-65|CG1215884|-76|-62|CG1215885|-76|-63|CG1215886|-77|-64
515|4|4|
515|4|5|1292|16|CG1215872|-68|-61|CG1215873|-5|-61|CG1215874|0|-48|CG1215875|5|-46|CG1215876|12|-46|CG1215877|20|-36|CG1215878|19|-34|CG1215879|3|-44|CG1215879|3|-44|CG1215878|19|-34|CG1215878|19|-34|CG1215877|20|-36|CG1215877|20|-36|CG1215878|19|-34|CG1215877|20|-36|CG1215879|3|-44
515|4|6|1190|10|CG1215900|-16|-62|CG1215902|-15|-59|CG1215903|-29|-56|CG1215903|-29|-56|CG1215904|-17|-60|CG1215905|-25|-74|CG1215906|-65|-113|CG1215907|-26|-108|CG1215908|-23|-67|CG1215909|-30|-60
515|4|7|1000|9|CG1214554|-25|-68|CG1214556|-28|-68|CG1214557|-30|-68|CG1214558|-21|-69|CG1214559|-10|-55|CG1214560|-8|-60|CG1214561|-6|-55|CG1214562|1|-52|CG1214563|1|-51
515|4|8|1000|2|CG1215895|-19|-63|CG1215896|-41|-70
515|4|9|1000|1|CG1215897|-20|-66
515|4|10|986|6|CG1215889|-17|-62|CG1215890|-14|-53|CG1215891|-13|-41|CG1215892|-14|-43|CG1215893|-16|-28|CG1215894|-19|-11
515|5|0|1190|4|CG1215968|-22|-65|CG1215969|-22|-66|CG1215970|-22|-65|CG1215971|-22|-66
515|5|1|986|6|CG1215974|-22|-67|CG1215975|-22|-68|CG1215976|-21|-67|CG1215977|-22|-67|CG1215978|-23|-68|CG1215979|-23|-67
515|5|2|600|5|CG1325637|-87|-102|CG1325638|-101|-134|CG1325639|-81|-118|CG1325640|-146|-102|CG1325641|-132|-115
515|5|3|510|6|CG1215936|-37|-59|CG1215937|-37|-60|CG1215938|-37|-62|CG1215939|-37|-59|CG1215940|-37|-60|CG1215941|-38|-62
515|5|4|
515|5|5|1292|16|CG1215927|-77|-71|CG1215928|-36|-55|CG1215929|-17|-38|CG1215930|-17|-34|CG1215931|-17|-35|CG1215932|-17|-25|CG1215933|-18|-24|CG1215934|-29|-37|CG1215934|-29|-37|CG1215933|-18|-24|CG1215933|-18|-24|CG1215932|-17|-25|CG1215932|-17|-25|CG1215933|-18|-24|CG1215932|-17|-25|CG1215934|-29|-37
515|5|6|1190|10|CG1215955|-18|-61|CG1215957|-18|-58|CG1215958|-19|-55|CG1215958|-19|-55|CG1215959|-27|-57|CG1215960|-79|-72|CG1215961|-31|-126|CG1215962|-30|-104|CG1215963|-29|-66|CG1215964|-34|-60
515|5|7|1000|9|CG1214625|-19|-69|CG1214627|-22|-69|CG1214628|-19|-69|CG1214629|-16|-66|CG1214630|-15|-48|CG1214631|-19|-53|CG1214632|-19|-50|CG1214633|-20|-48|CG1214634|-20|-47
515|5|8|1000|2|CG1215950|-23|-59|CG1215951|-30|-72
515|5|9|1000|1|CG1215952|-24|-40
515|5|10|986|6|CG1215944|-23|-62|CG1215945|-27|-52|CG1215946|-33|-39|CG1215947|-26|-30|CG1215948|-29|-18|CG1215949|-33|-12
515|6|0|1190|4|CG1216023|-16|-65|CG1216024|-16|-65|CG1216025|-16|-66|CG1216026|-16|-65
515|6|1|986|6|CG1216029|-26|-66|CG1216030|-25|-66|CG1216031|-26|-66|CG1216032|-23|-66|CG1216033|-24|-68|CG1216034|-24|-67
515|6|2|600|5|CG1325693|-56|-115|CG1325694|-66|-158|CG1325695|-93|-143|CG1325696|-109|-126|CG1325697|-81|-115
515|6|3|510|6|CG1215991|-16|-59|CG1215992|-18|-60|CG1215993|-17|-61|CG1215994|-22|-59|CG1215995|-16|-60|CG1215996|-16|-61
515|6|4|
515|6|5|1292|16|CG1215982|-45|-93|CG1215983|-111|-57|CG1215984|-94|-43|CG1215985|-94|-39|CG1215986|-94|-41|CG1215987|-94|-34|CG1215988|-94|-33|CG1215989|-93|-45|CG1215989|-93|-45|CG1215988|-94|-33|CG1215988|-94|-33|CG1215987|-94|-34|CG1215987|-94|-34|CG1215988|-94|-33|CG1215987|-94|-34|CG1215989|-93|-45
515|6|6|1190|10|CG1216010|-27|-61|CG1216012|-23|-58|CG1216013|-18|-55|CG1216013|-18|-55|CG1216014|-26|-62|CG1216015|-88|-78|CG1216016|-26|-120|CG1216017|-28|-83|CG1216018|-28|-66|CG1216019|-74|-61
515|6|7|1000|9|CG1214696|-20|-68|CG1214698|-17|-68|CG1214699|-8|-67|CG1214700|-34|-67|CG1214701|-34|-50|CG1214702|-40|-56|CG1214703|-38|-53|CG1214704|-36|-52|CG1214705|-38|-51
515|6|8|1000|2|CG1216005|-28|-60|CG1216006|-20|-69
515|6|9|1000|1|CG1216007|-29|-43
515|6|10|986|6|CG1215999|-70|-63|CG1216000|-50|-54|CG1216001|-37|-43|CG1216002|-37|-37|CG1216003|-48|-26|CG1216004|-59|-17
515|7|0|1190|4|CG1216078|-15|-64|CG1216079|-14|-65|CG1216080|-14|-65|CG1216081|-14|-65
515|7|1|986|6|CG1216084|-23|-64|CG1216085|-16|-64|CG1216086|-18|-62|CG1216087|-23|-63|CG1216088|-20|-65|CG1216089|-20|-64
515|7|2|600|5|CG1325749|-65|-111|CG1325750|-73|-164|CG1325751|-68|-170|CG1325752|-60|-150|CG1325753|-60|-127
515|7|3|510|6|CG1216046|-22|-61|CG1216047|-20|-61|CG1216048|-21|-63|CG1216049|-22|-61|CG1216050|-20|-61|CG1216051|-20|-63
515|7|4|
515|7|5|1292|16|CG1216037|-37|-98|CG1216038|-113|-79|CG1216039|-125|-58|CG1216040|-125|-60|CG1216041|-125|-56|CG1216042|-125|-58|CG1216043|-125|-57|CG1216044|-125|-60|CG1216044|-125|-60|CG1216043|-125|-57|CG1216043|-125|-57|CG1216042|-125|-58|CG1216042|-125|-58|CG1216043|-125|-57|CG1216042|-125|-58|CG1216044|-125|-60
515|7|6|1190|10|CG1216065|-27|-61|CG1216067|-29|-58|CG1216068|-29|-56|CG1216068|-29|-56|CG1216069|-39|-66|CG1216070|-50|-103|CG1216071|-27|-96|CG1216072|-22|-79|CG1216073|-46|-69|CG1216074|-72|-64
515|7|7|1000|9|CG1214767|-15|-65|CG1214769|-13|-63|CG1214770|-13|-60|CG1214771|-35|-69|CG1214772|-43|-58|CG1214773|-45|-64|CG1214774|-43|-63|CG1214775|-46|-63|CG1214776|-48|-63
515|7|8|1000|2|CG1216060|-21|-62|CG1216061|-21|-60
515|7|9|1000|1|CG1216062|-29|-51
515|7|10|986|6|CG1216054|-85|-64|CG1216055|-91|-60|CG1216056|-74|-49|CG1216057|-58|-48|CG1216058|-88|-42|CG1216059|-108|-26
