542|0|0|1088|4|CG1227198|-16|-71|CG1227199|-15|-71|CG1227200|-15|-71|CG1227201|-15|-71
542|0|1|799|6|CG1227211|-20|-69|CG1227212|-19|-71|CG1227213|-14|-71|CG1227214|-20|-69|CG1227215|-20|-70|CG1227216|-22|-70
542|0|2|600|5|CG1325357|-54|-113|CG1325358|-66|-144|CG1325359|-95|-176|CG1325360|-103|-137|CG1325361|-78|-106
542|0|3|493|6|CG1227164|-24|-71|CG1227165|-20|-73|CG1227166|-16|-73|CG1227167|-21|-71|CG1227168|-23|-73|CG1227169|-27|-73
542|0|4|
542|0|5|799|9|CG1227156|-12|-65|CG1227156|-12|-65|CG1227157|-12|-62|CG1227158|-12|-60|CG1227159|-26|-70|CG1227160|-41|-70|CG1227161|-41|-70|CG1227162|-41|-70|CG1227163|-27|-68
542|0|6|2295|25|CG1227188|-19|-65|CG1227189|-27|-68|CG1227190|-24|-67|CG1227191|-19|-67|CG1227192|-21|-68|CG1227193|-21|-68|CG1227192|-21|-68|CG1227193|-21|-68|CG1227192|-21|-68|CG1227193|-21|-68|CG1227192|-21|-68|CG1227193|-21|-68|CG1227192|-21|-68|CG1227193|-21|-68|CG1227192|-21|-68|CG1227193|-21|-68|CG1227192|-21|-68|CG1227193|-21|-68|CG1227192|-21|-68|CG1227193|-21|-68|CG1227192|-21|-68|CG1227193|-21|-68|CG1227192|-21|-68|CG1227191|-19|-67|CG1227190|-24|-67
542|0|7|799|6|CG1227202|-16|-67|CG1227203|-20|-61|CG1227204|-23|-64|CG1227205|-21|-75|CG1227206|-26|-79|CG1227207|-32|-72
542|0|8|1000|2|CG1227179|-26|-68|CG1227180|-9|-63
542|0|9|1000|1|CG1227185|-12|-60
542|0|10|799|6|CG1227173|-28|-70|CG1227174|-34|-69|CG1227175|-40|-68|CG1227176|-63|-68|CG1227177|-67|-62|CG1227178|-71|-57
542|1|0|1088|4|CG1227261|-13|-70|CG1227262|-14|-70|CG1227263|-15|-70|CG1227264|-14|-70
542|1|1|799|6|CG1227274|-13|-69|CG1227275|-16|-70|CG1227276|-18|-70|CG1227277|-18|-69|CG1227278|-21|-70|CG1227279|-16|-70
542|1|2|600|5|CG1325413|-100|-113|CG1325414|-102|-107|CG1325415|-90|-159|CG1325416|-142|-98|CG1325417|-131|-103
542|1|3|493|6|CG1227227|-21|-71|CG1227228|-21|-73|CG1227229|-22|-73|CG1227230|-22|-71|CG1227231|-25|-73|CG1227232|-20|-73
542|1|4|
542|1|5|799|9|CG1227219|-17|-63|CG1227219|-17|-63|CG1227220|-18|-60|CG1227221|-21|-57|CG1227222|-20|-72|CG1227223|-15|-72|CG1227224|-17|-72|CG1227225|-20|-73|CG1227226|-17|-68
542|1|6|2295|25|CG1227251|-16|-68|CG1227252|-18|-67|CG1227253|-22|-67|CG1227254|-23|-68|CG1227255|-19|-68|CG1227256|-19|-68|CG1227255|-19|-68|CG1227256|-19|-68|CG1227255|-19|-68|CG1227256|-19|-68|CG1227255|-19|-68|CG1227256|-19|-68|CG1227255|-19|-68|CG1227256|-19|-68|CG1227255|-19|-68|CG1227256|-19|-68|CG1227255|-19|-68|CG1227256|-19|-68|CG1227255|-19|-68|CG1227256|-19|-68|CG1227255|-19|-68|CG1227256|-19|-68|CG1227255|-19|-68|CG1227254|-23|-68|CG1227253|-22|-67
542|1|7|799|6|CG1227265|-16|-66|CG1227266|-19|-61|CG1227267|-21|-64|CG1227268|-27|-77|CG1227269|-25|-82|CG1227270|-28|-75
542|1|8|1000|2|CG1227242|-26|-67|CG1227243|-35|-57
542|1|9|1000|1|CG1227248|-18|-57
542|1|10|799|6|CG1227236|-25|-70|CG1227237|-29|-68|CG1227238|-29|-73|CG1227239|-24|-69|CG1227240|-29|-68|CG1227241|-26|-65
542|2|0|1088|4|CG1227324|-23|-71|CG1227325|-22|-71|CG1227326|-22|-71|CG1227327|-22|-71
542|2|1|799|6|CG1227337|-21|-69|CG1227338|-21|-70|CG1227339|-21|-70|CG1227340|-23|-69|CG1227341|-23|-71|CG1227342|-22|-71
542|2|2|600|5|CG1325469|-119|-113|CG1325470|-90|-142|CG1325471|-82|-174|CG1325472|-99|-116|CG1325473|-109|-103
542|2|3|493|6|CG1227290|-29|-71|CG1227291|-24|-73|CG1227292|-26|-73|CG1227293|-28|-71|CG1227294|-28|-73|CG1227295|-26|-73
542|2|4|
542|2|5|799|9|CG1227282|-24|-63|CG1227282|-24|-63|CG1227283|-25|-60|CG1227284|-27|-57|CG1227285|-17|-68|CG1227286|-10|-68|CG1227287|-8|-68|CG1227288|-8|-68|CG1227289|-13|-66
542|2|6|2295|25|CG1227314|-26|-69|CG1227315|-27|-68|CG1227316|-22|-67|CG1227317|-28|-67|CG1227318|-30|-68|CG1227319|-31|-68|CG1227318|-30|-68|CG1227319|-31|-68|CG1227318|-30|-68|CG1227319|-31|-68|CG1227318|-30|-68|CG1227319|-31|-68|CG1227318|-30|-68|CG1227319|-31|-68|CG1227318|-30|-68|CG1227319|-31|-68|CG1227318|-30|-68|CG1227319|-31|-68|CG1227318|-30|-68|CG1227319|-31|-68|CG1227318|-30|-68|CG1227319|-31|-68|CG1227318|-30|-68|CG1227317|-28|-67|CG1227316|-22|-67
542|2|7|799|6|CG1227328|-23|-66|CG1227329|-24|-62|CG1227330|-22|-62|CG1227331|-20|-78|CG1227332|-21|-80|CG1227333|-20|-74
542|2|8|1000|2|CG1227305|-22|-67|CG1227306|-45|-53
542|2|9|1000|1|CG1227311|-26|-56
542|2|10|799|6|CG1227299|-25|-70|CG1227300|-26|-69|CG1227301|-8|-69|CG1227302|-1|-61|CG1227303|1|-56|CG1227304|-3|-54
542|3|0|1088|4|CG1227387|-24|-70|CG1227388|-24|-71|CG1227389|-24|-70|CG1227390|-24|-71
542|3|1|799|6|CG1227400|-24|-69|CG1227401|-23|-69|CG1227402|-23|-69|CG1227403|-25|-69|CG1227404|-24|-70|CG1227405|-23|-70
542|3|2|600|5|CG1325525|-125|-117|CG1325526|-119|-165|CG1325527|-116|-175|CG1325528|-58|-136|CG1325529|-81|-129
542|3|3|493|6|CG1227353|-32|-70|CG1227354|-29|-71|CG1227355|-31|-72|CG1227356|-32|-72|CG1227357|-31|-72|CG1227358|-31|-72
542|3|4|
542|3|5|799|9|CG1227345|-29|-65|CG1227345|-29|-65|CG1227346|-31|-63|CG1227347|-32|-61|CG1227348|-17|-61|CG1227349|-9|-59|CG1227350|-6|-59|CG1227351|-6|-59|CG1227352|-15|-63
542|3|6|2295|25|CG1227377|-30|-68|CG1227378|-30|-67|CG1227379|-22|-67|CG1227380|-29|-67|CG1227381|-34|-69|CG1227382|-35|-69|CG1227381|-34|-69|CG1227382|-35|-69|CG1227381|-34|-69|CG1227382|-35|-69|CG1227381|-34|-69|CG1227382|-35|-69|CG1227381|-34|-69|CG1227382|-35|-69|CG1227381|-34|-69|CG1227382|-35|-69|CG1227381|-34|-69|CG1227382|-35|-69|CG1227381|-34|-69|CG1227382|-35|-69|CG1227381|-34|-69|CG1227382|-35|-69|CG1227381|-34|-69|CG1227380|-29|-67|CG1227379|-22|-67
542|3|7|799|6|CG1227391|-26|-68|CG1227392|-39|-63|CG1227393|-34|-61|CG1227394|-17|-75|CG1227395|-14|-77|CG1227396|-18|-71
542|3|8|1000|2|CG1227368|-21|-67|CG1227369|-55|-63
542|3|9|1000|1|CG1227374|-33|-60
542|3|10|799|6|CG1227362|-30|-68|CG1227363|-31|-66|CG1227364|-1|-59|CG1227365|11|-38|CG1227366|11|-32|CG1227367|11|-25
542|4|0|1088|4|CG1227450|-22|-72|CG1227451|-22|-72|CG1227452|-22|-72|CG1227453|-22|-72
542|4|1|799|6|CG1227463|-21|-71|CG1227464|-21|-71|CG1227465|-21|-71|CG1227466|-21|-71|CG1227467|-20|-72|CG1227468|-20|-72
542|4|2|600|5|CG1325581|-118|-123|CG1325582|-92|-162|CG1325583|-82|-152|CG1325584|-98|-119|CG1325585|-112|-122
542|4|3|493|6|CG1227416|-28|-72|CG1227417|-27|-73|CG1227418|-28|-75|CG1227419|-28|-75|CG1227420|-28|-75|CG1227421|-28|-73
542|4|4|
542|4|5|799|9|CG1227408|-27|-70|CG1227408|-27|-70|CG1227409|-29|-69|CG1227410|-29|-67|CG1227411|-20|-60|CG1227412|-13|-58|CG1227413|-11|-54|CG1227414|-11|-53|CG1227415|-17|-63
542|4|6|2295|25|CG1227440|-25|-70|CG1227441|-24|-68|CG1227442|-20|-67|CG1227443|-26|-71|CG1227444|-29|-75|CG1227445|-30|-75|CG1227444|-29|-75|CG1227445|-30|-75|CG1227444|-29|-75|CG1227445|-30|-75|CG1227444|-29|-75|CG1227445|-30|-75|CG1227444|-29|-75|CG1227445|-30|-75|CG1227444|-29|-75|CG1227445|-30|-75|CG1227444|-29|-75|CG1227445|-30|-75|CG1227444|-29|-75|CG1227445|-30|-75|CG1227444|-29|-75|CG1227445|-30|-75|CG1227444|-29|-75|CG1227443|-26|-71|CG1227442|-20|-67
542|4|7|799|6|CG1227454|-24|-71|CG1227455|-34|-66|CG1227456|-32|-64|CG1227457|-20|-72|CG1227458|-12|-75|CG1227459|-17|-70
542|4|8|1000|2|CG1227431|-19|-66|CG1227432|-46|-75
542|4|9|1000|1|CG1227437|-30|-63
542|4|10|799|6|CG1227425|-29|-67|CG1227426|-31|-62|CG1227427|-6|-47|CG1227428|3|-16|CG1227429|4|-14|CG1227430|5|-8
542|5|0|1088|4|CG1227513|-15|-73|CG1227514|-14|-73|CG1227515|-14|-73|CG1227516|-14|-73
542|5|1|799|6|CG1227526|-18|-71|CG1227527|-21|-72|CG1227528|-17|-72|CG1227529|-14|-71|CG1227530|-16|-72|CG1227531|-18|-72
542|5|2|600|5|CG1325637|-87|-102|CG1325638|-101|-134|CG1325639|-81|-118|CG1325640|-146|-102|CG1325641|-132|-115
542|5|3|493|6|CG1227479|-23|-71|CG1227480|-27|-72|CG1227481|-20|-73|CG1227482|-20|-74|CG1227483|-22|-74|CG1227484|-23|-73
542|5|4|
542|5|5|799|9|CG1227471|-17|-73|CG1227471|-17|-73|CG1227472|-17|-72|CG1227473|-17|-70|CG1227474|-27|-61|CG1227475|-25|-57|CG1227476|-25|-52|CG1227477|-25|-51|CG1227478|-22|-63
542|5|6|2295|25|CG1227503|-16|-70|CG1227504|-19|-69|CG1227505|-23|-66|CG1227506|-23|-71|CG1227507|-21|-75|CG1227508|-22|-75|CG1227507|-21|-75|CG1227508|-22|-75|CG1227507|-21|-75|CG1227508|-22|-75|CG1227507|-21|-75|CG1227508|-22|-75|CG1227507|-21|-75|CG1227508|-22|-75|CG1227507|-21|-75|CG1227508|-22|-75|CG1227507|-21|-75|CG1227508|-22|-75|CG1227507|-21|-75|CG1227508|-22|-75|CG1227507|-21|-75|CG1227508|-22|-75|CG1227507|-21|-75|CG1227506|-23|-71|CG1227505|-23|-66
542|5|7|799|6|CG1227517|-18|-73|CG1227518|-16|-67|CG1227519|-24|-64|CG1227520|-22|-70|CG1227521|-19|-73|CG1227522|-14|-68
542|5|8|1000|2|CG1227494|-23|-64|CG1227495|-22|-79
542|5|9|1000|1|CG1227500|-24|-66
542|5|10|799|6|CG1227488|-23|-68|CG1227489|-23|-69|CG1227490|-20|-45|CG1227491|-35|-15|CG1227492|-34|-5|CG1227493|-30|0
542|6|0|1088|4|CG1227576|-15|-72|CG1227577|-15|-72|CG1227578|-15|-72|CG1227579|-15|-72
542|6|1|799|6|CG1227589|-20|-71|CG1227590|-20|-72|CG1227591|-22|-72|CG1227592|-21|-71|CG1227593|-19|-71|CG1227594|-14|-71
542|6|2|600|5|CG1325693|-56|-115|CG1325694|-66|-158|CG1325695|-93|-143|CG1325696|-109|-126|CG1325697|-81|-115
542|6|3|493|6|CG1227542|-22|-72|CG1227543|-23|-73|CG1227544|-27|-74|CG1227545|-24|-74|CG1227546|-20|-74|CG1227547|-16|-73
542|6|4|
542|6|5|799|9|CG1227534|-11|-72|CG1227534|-11|-72|CG1227535|-11|-71|CG1227536|-12|-69|CG1227537|-31|-63|CG1227538|-47|-60|CG1227539|-47|-56|CG1227540|-48|-55|CG1227541|-35|-64
542|6|6|2295|25|CG1227566|-20|-70|CG1227567|-28|-68|CG1227568|-24|-67|CG1227569|-20|-71|CG1227570|-22|-74|CG1227571|-21|-74|CG1227570|-22|-74|CG1227571|-21|-74|CG1227570|-22|-74|CG1227571|-21|-74|CG1227570|-22|-74|CG1227571|-21|-74|CG1227570|-22|-74|CG1227571|-21|-74|CG1227570|-22|-74|CG1227571|-21|-74|CG1227570|-22|-74|CG1227571|-21|-74|CG1227570|-22|-74|CG1227571|-21|-74|CG1227570|-22|-74|CG1227571|-21|-74|CG1227570|-22|-74|CG1227569|-20|-71|CG1227568|-24|-67
542|6|7|799|6|CG1227580|-12|-72|CG1227581|-13|-65|CG1227582|-19|-66|CG1227583|-36|-68|CG1227584|-25|-72|CG1227585|-26|-68
542|6|8|1000|2|CG1227557|-30|-65|CG1227558|-13|-75
542|6|9|1000|1|CG1227563|-17|-65
542|6|10|799|6|CG1227551|-35|-67|CG1227552|-37|-69|CG1227553|-45|-50|CG1227554|-70|-28|CG1227555|-78|-15|CG1227556|-76|-7
542|7|0|1088|4|CG1227639|-16|-70|CG1227640|-16|-71|CG1227641|-16|-70|CG1227642|-16|-71
542|7|1|799|6|CG1227652|-22|-69|CG1227653|-17|-70|CG1227654|-20|-70|CG1227655|-22|-69|CG1227656|-17|-69|CG1227657|-20|-69
542|7|2|600|5|CG1325749|-65|-111|CG1325750|-73|-164|CG1325751|-68|-170|CG1325752|-60|-150|CG1325753|-60|-127
542|7|3|493|6|CG1227605|-25|-70|CG1227606|-16|-71|CG1227607|-22|-72|CG1227608|-25|-71|CG1227609|-15|-71|CG1227610|-23|-71
542|7|4|
542|7|5|799|9|CG1227597|-13|-68|CG1227597|-13|-68|CG1227598|-13|-66|CG1227599|-13|-64|CG1227600|-32|-65|CG1227601|-50|-63|CG1227602|-50|-62|CG1227603|-51|-62|CG1227604|-35|-65
542|7|6|2295|25|CG1227629|-19|-68|CG1227630|-26|-67|CG1227631|-22|-66|CG1227632|-24|-67|CG1227633|-26|-68|CG1227634|-25|-68|CG1227633|-26|-68|CG1227634|-25|-68|CG1227633|-26|-68|CG1227634|-25|-68|CG1227633|-26|-68|CG1227634|-25|-68|CG1227633|-26|-68|CG1227634|-25|-68|CG1227633|-26|-68|CG1227634|-25|-68|CG1227633|-26|-68|CG1227634|-25|-68|CG1227633|-26|-68|CG1227634|-25|-68|CG1227633|-26|-68|CG1227634|-25|-68|CG1227633|-26|-68|CG1227632|-24|-67|CG1227631|-22|-66
542|7|7|799|6|CG1227643|-16|-69|CG1227644|-22|-62|CG1227645|-24|-64|CG1227646|-37|-71|CG1227647|-29|-72|CG1227648|-31|-68
542|7|8|1000|2|CG1227620|-23|-67|CG1227621|-9|-68
542|7|9|1000|1|CG1227626|-13|-63
542|7|10|799|6|CG1227614|-28|-68|CG1227615|-41|-66|CG1227616|-55|-57|CG1227617|-92|-53|CG1227618|-98|-39|CG1227619|-97|-34
