517|0|0|1190|4|CG1216558|-27|-64|CG1216559|-25|-64|CG1216560|-24|-64|CG1216561|-25|-64
517|0|1|986|6|CG1216564|-30|-58|CG1216565|-33|-60|CG1216566|-32|-60|CG1216567|-36|-59|CG1216568|-33|-62|CG1216569|-29|-60
517|0|2|600|5|CG1325357|-54|-113|CG1325358|-66|-144|CG1325359|-95|-176|CG1325360|-103|-137|CG1325361|-78|-106
517|0|3|510|6|CG1216916|-22|-64|CG1216917|-18|-65|CG1216918|-19|-66|CG1216919|-18|-64|CG1216920|-19|-65|CG1216921|-18|-67
517|0|4|
517|0|5|2000|14|CG1216524|-20|-68|CG1216525|-30|-66|CG1216526|-57|-67|CG1216529|-43|-70|CG1216527|-39|-70|CG1216528|-34|-69|CG1216527|-39|-70|CG1216529|-43|-70|CG1216527|-39|-70|CG1216528|-34|-69|CG1216527|-39|-70|CG1216529|-43|-70|CG1216530|-39|-82|CG1216531|-33|-73
517|0|6|1190|10|CG1216545|-23|-63|CG1216547|-22|-61|CG1216548|-29|-56|CG1216548|-29|-56|CG1216549|-28|-74|CG1216550|-34|-76|CG1216551|-28|-84|CG1216552|-34|-77|CG1216553|-45|-70|CG1216554|-41|-66
517|0|7|1000|9|CG1216958|-16|-62|CG1216960|-16|-59|CG1216961|-16|-55|CG1216962|-33|-72|CG1216963|-37|-66|CG1216964|-40|-73|CG1216965|-40|-72|CG1216966|-35|-73|CG1216967|-36|-73
517|0|8|1000|2|CG1216540|-23|-62|CG1216541|-28|-64
517|0|9|1000|1|CG1216542|-26|-55
517|0|10|986|6|CG1216534|-25|-63|CG1216535|-29|-64|CG1216536|-43|-57|CG1216537|-50|-58|CG1216538|-51|-53|CG1216539|-58|-44
517|1|0|1190|4|CG1216606|-39|-64|CG1216607|-39|-64|CG1216608|-39|-64|CG1216609|-39|-64
517|1|1|986|6|CG1216612|-47|-58|CG1216613|-49|-60|CG1216614|-48|-59|CG1216615|-44|-58|CG1216616|-44|-60|CG1216617|-41|-59
517|1|2|600|5|CG1325413|-100|-113|CG1325414|-102|-107|CG1325415|-90|-159|CG1325416|-142|-98|CG1325417|-131|-103
517|1|3|510|6|CG1216987|-19|-64|CG1216988|-20|-65|CG1216989|-20|-67|CG1216990|-20|-64|CG1216991|-19|-65|CG1216992|-19|-67
517|1|4|
517|1|5|2000|14|CG1216572|-33|-67|CG1216573|-45|-69|CG1216574|-27|-70|CG1216577|-17|-72|CG1216575|-21|-71|CG1216576|-20|-71|CG1216575|-21|-71|CG1216577|-17|-72|CG1216575|-21|-71|CG1216576|-20|-71|CG1216575|-21|-71|CG1216577|-17|-72|CG1216578|-27|-73|CG1216579|-29|-70
517|1|6|1190|10|CG1216593|-21|-65|CG1216595|-20|-63|CG1216596|-20|-57|CG1216596|-20|-57|CG1216597|-29|-67|CG1216598|-36|-79|CG1216599|-20|-82|CG1216600|-45|-77|CG1216601|-32|-72|CG1216602|-45|-66
517|1|7|1000|9|CG1217029|-20|-61|CG1217031|-22|-57|CG1217032|-23|-54|CG1217033|-25|-75|CG1217034|-23|-71|CG1217035|-24|-78|CG1217036|-22|-76|CG1217037|-19|-77|CG1217038|-19|-77
517|1|8|1000|2|CG1216588|-33|-62|CG1216589|-43|-54
517|1|9|1000|1|CG1216590|-42|-56
517|1|10|986|6|CG1216582|-18|-63|CG1216583|-27|-62|CG1216584|-22|-57|CG1216585|-28|-62|CG1216586|-28|-58|CG1216587|-28|-51
517|2|0|1190|4|CG1216654|-30|-64|CG1216655|-31|-64|CG1216656|-32|-64|CG1216657|-31|-64
517|2|1|986|6|CG1216660|-39|-59|CG1216661|-39|-62|CG1216662|-40|-60|CG1216663|-30|-63|CG1216664|-33|-63|CG1216665|-33|-63
517|2|2|600|5|CG1325469|-119|-113|CG1325470|-90|-142|CG1325471|-82|-174|CG1325472|-99|-116|CG1325473|-109|-103
517|2|3|510|6|CG1217058|-25|-64|CG1217059|-25|-65|CG1217060|-24|-67|CG1217061|-26|-64|CG1217062|-23|-65|CG1217063|-24|-66
517|2|4|
517|2|5|2000|14|CG1216620|-44|-67|CG1216621|-35|-68|CG1216622|-27|-69|CG1216625|-11|-69|CG1216623|-10|-68|CG1216624|-7|-69|CG1216623|-10|-68|CG1216625|-11|-69|CG1216623|-10|-68|CG1216624|-7|-69|CG1216623|-10|-68|CG1216625|-11|-69|CG1216626|-28|-72|CG1216627|-24|-62
517|2|6|1190|10|CG1216641|-24|-61|CG1216643|-23|-59|CG1216644|-22|-57|CG1216644|-22|-57|CG1216645|-36|-69|CG1216646|-22|-80|CG1216647|-23|-83|CG1216648|-31|-77|CG1216649|-33|-71|CG1216650|-28|-65
517|2|7|1000|9|CG1217100|-24|-61|CG1217102|-28|-59|CG1217103|-30|-57|CG1217104|-19|-75|CG1217105|-16|-69|CG1217106|-7|-76|CG1217107|-3|-73|CG1217108|1|-73|CG1217109|3|-73
517|2|8|1000|2|CG1216636|-40|-63|CG1216637|-39|-57
517|2|9|1000|1|CG1216638|-39|-55
517|2|10|986|6|CG1216630|-30|-62|CG1216631|-23|-61|CG1216632|-17|-51|CG1216633|-7|-55|CG1216634|-11|-51|CG1216635|-7|-44
517|3|0|1190|4|CG1216702|-17|-70|CG1216703|-17|-70|CG1216704|-17|-71|CG1216705|-17|-70
517|3|1|986|6|CG1216708|-23|-64|CG1216709|-24|-65|CG1216710|-24|-64|CG1216711|-23|-70|CG1216712|-24|-72|CG1216713|-24|-72
517|3|2|600|5|CG1325525|-125|-117|CG1325526|-119|-165|CG1325527|-116|-175|CG1325528|-58|-136|CG1325529|-81|-129
517|3|3|510|6|CG1217129|-27|-65|CG1217130|-25|-66|CG1217131|-26|-67|CG1217132|-27|-65|CG1217133|-25|-65|CG1217134|-26|-67
517|3|4|
517|3|5|2000|14|CG1216668|-31|-66|CG1216669|-7|-66|CG1216670|-13|-66|CG1216673|-1|-63|CG1216671|-4|-64|CG1216672|-9|-62|CG1216671|-4|-64|CG1216673|-1|-63|CG1216671|-4|-64|CG1216672|-9|-62|CG1216671|-4|-64|CG1216673|-1|-63|CG1216674|-26|-66|CG1216675|-20|-63
517|3|6|1190|10|CG1216689|-41|-62|CG1216691|-33|-59|CG1216692|-29|-56|CG1216692|-29|-56|CG1216693|-24|-70|CG1216694|-16|-78|CG1216695|-43|-83|CG1216696|-32|-78|CG1216697|-27|-70|CG1216698|-16|-63
517|3|7|1000|9|CG1217171|-23|-65|CG1217173|-28|-64|CG1217174|-32|-62|CG1217175|-20|-73|CG1217176|-13|-64|CG1217177|-2|-68|CG1217178|2|-65|CG1217179|7|-63|CG1217180|9|-63
517|3|8|1000|2|CG1216684|-32|-64|CG1216685|-44|-65
517|3|9|1000|1|CG1216686|-18|-56
517|3|10|986|6|CG1216678|-39|-61|CG1216679|-27|-57|CG1216680|-23|-46|CG1216681|-11|-44|CG1216682|-10|-37|CG1216683|-10|-25
517|4|0|1190|4|CG1216750|-30|-66|CG1216751|-28|-67|CG1216752|-26|-68|CG1216753|-28|-67
517|4|1|986|6|CG1216756|-26|-66|CG1216757|-24|-68|CG1216758|-25|-67|CG1216759|-30|-66|CG1216760|-30|-66|CG1216761|-31|-67
517|4|2|600|5|CG1325581|-118|-123|CG1325582|-92|-162|CG1325583|-82|-152|CG1325584|-98|-119|CG1325585|-112|-122
517|4|3|510|6|CG1217200|-25|-65|CG1217201|-23|-66|CG1217202|-23|-67|CG1217203|-24|-65|CG1217204|-23|-66|CG1217205|-24|-67
517|4|4|
517|4|5|2000|14|CG1216716|-18|-65|CG1216717|-11|-62|CG1216718|-17|-62|CG1216721|-18|-57|CG1216719|-22|-56|CG1216720|-21|-56|CG1216719|-22|-56|CG1216721|-18|-57|CG1216719|-22|-56|CG1216720|-21|-56|CG1216719|-22|-56|CG1216721|-18|-57|CG1216722|-25|-65|CG1216723|-26|-62
517|4|6|1190|10|CG1216737|-35|-62|CG1216739|-35|-59|CG1216740|-39|-56|CG1216740|-39|-56|CG1216741|-15|-69|CG1216742|-32|-78|CG1216743|-37|-80|CG1216744|-37|-76|CG1216745|-23|-67|CG1216746|-32|-60
517|4|7|1000|9|CG1217242|-25|-68|CG1217244|-28|-68|CG1217245|-30|-68|CG1217246|-21|-69|CG1217247|-10|-55|CG1217248|-8|-60|CG1217249|-6|-55|CG1217250|1|-52|CG1217251|1|-51
517|4|8|1000|2|CG1216732|-19|-63|CG1216733|-41|-68
517|4|9|1000|1|CG1216734|-27|-56
517|4|10|986|6|CG1216726|-26|-62|CG1216727|-16|-53|CG1216728|-35|-41|CG1216729|-30|-33|CG1216730|-23|-23|CG1216731|-19|-12
517|5|0|1190|4|CG1216798|-43|-65|CG1216799|-42|-66|CG1216800|-42|-65|CG1216801|-42|-66
517|5|1|986|6|CG1216804|-36|-67|CG1216805|-33|-68|CG1216806|-33|-67|CG1216807|-37|-67|CG1216808|-38|-68|CG1216809|-39|-67
517|5|2|600|5|CG1325637|-87|-102|CG1325638|-101|-134|CG1325639|-81|-118|CG1325640|-146|-102|CG1325641|-132|-115
517|5|3|510|6|CG1217271|-20|-66|CG1217272|-19|-66|CG1217273|-19|-67|CG1217274|-19|-66|CG1217275|-20|-66|CG1217276|-20|-67
517|5|4|
517|5|5|2000|14|CG1216764|-30|-63|CG1216765|-18|-59|CG1216766|-26|-58|CG1216769|-30|-57|CG1216767|-29|-58|CG1216768|-21|-61|CG1216767|-29|-58|CG1216769|-30|-57|CG1216767|-29|-58|CG1216768|-21|-61|CG1216767|-29|-58|CG1216769|-30|-57|CG1216770|-21|-71|CG1216771|-26|-62
517|5|6|1190|10|CG1216785|-18|-61|CG1216787|-18|-58|CG1216788|-28|-55|CG1216788|-28|-55|CG1216789|-22|-66|CG1216790|-37|-78|CG1216791|-32|-88|CG1216792|-34|-78|CG1216793|-20|-66|CG1216794|-37|-60
517|5|7|1000|9|CG1217313|-19|-69|CG1217315|-22|-69|CG1217316|-19|-69|CG1217317|-16|-66|CG1217318|-15|-48|CG1217319|-19|-53|CG1217320|-20|-50|CG1217321|-20|-48|CG1217322|-20|-47
517|5|8|1000|2|CG1216780|-32|-59|CG1216781|-32|-72
517|5|9|1000|1|CG1216782|-32|-44
517|5|10|986|6|CG1216774|-23|-62|CG1216775|-27|-52|CG1216776|-33|-39|CG1216777|-43|-30|CG1216778|-50|-24|CG1216779|-50|-13
517|6|0|1190|4|CG1216846|-34|-65|CG1216847|-35|-65|CG1216848|-36|-66|CG1216849|-35|-65
517|6|1|986|6|CG1216852|-26|-66|CG1216853|-25|-66|CG1216854|-25|-66|CG1216855|-23|-66|CG1216856|-25|-68|CG1216857|-25|-67
517|6|2|600|5|CG1325693|-56|-115|CG1325694|-66|-158|CG1325695|-93|-143|CG1325696|-109|-126|CG1325697|-81|-115
517|6|3|510|6|CG1217342|-16|-65|CG1217343|-19|-66|CG1217344|-18|-67|CG1217345|-22|-65|CG1217346|-15|-66|CG1217347|-16|-68
517|6|4|
517|6|5|2000|14|CG1216812|-34|-65|CG1216813|-22|-65|CG1216814|-27|-65|CG1216817|-39|-66|CG1216815|-47|-66|CG1216816|-51|-66|CG1216815|-47|-66|CG1216817|-39|-66|CG1216815|-47|-66|CG1216816|-51|-66|CG1216815|-47|-66|CG1216817|-39|-66|CG1216818|-25|-78|CG1216819|-35|-61
517|6|6|1190|10|CG1216833|-28|-61|CG1216835|-27|-58|CG1216836|-24|-55|CG1216836|-24|-55|CG1216837|-25|-66|CG1216838|-34|-80|CG1216839|-35|-85|CG1216840|-28|-78|CG1216841|-29|-66|CG1216842|-29|-61
517|6|7|1000|9|CG1217384|-20|-68|CG1217386|-17|-68|CG1217387|-8|-67|CG1217388|-34|-67|CG1217389|-34|-50|CG1217390|-40|-56|CG1217391|-38|-53|CG1217392|-36|-52|CG1217393|-38|-51
517|6|8|1000|2|CG1216828|-33|-60|CG1216829|-22|-69
517|6|9|1000|1|CG1216830|-28|-43
517|6|10|986|6|CG1216822|-42|-63|CG1216823|-43|-54|CG1216824|-37|-43|CG1216825|-38|-37|CG1216826|-48|-35|CG1216827|-59|-25
517|7|0|1190|4|CG1216894|-15|-64|CG1216895|-14|-65|CG1216896|-14|-65|CG1216897|-14|-65
517|7|1|986|6|CG1216900|-23|-64|CG1216901|-17|-64|CG1216902|-19|-63|CG1216903|-23|-63|CG1216904|-16|-65|CG1216905|-19|-64
517|7|2|600|5|CG1325749|-65|-111|CG1325750|-73|-164|CG1325751|-68|-170|CG1325752|-60|-150|CG1325753|-60|-127
517|7|3|510|6|CG1217413|-22|-65|CG1217414|-17|-65|CG1217415|-20|-67|CG1217416|-22|-65|CG1217417|-17|-66|CG1217418|-20|-67
517|7|4|
517|7|5|2000|14|CG1216860|-28|-66|CG1216861|-27|-66|CG1216862|-60|-68|CG1216865|-57|-72|CG1216863|-56|-69|CG1216864|-51|-66|CG1216863|-56|-69|CG1216865|-57|-72|CG1216863|-56|-69|CG1216864|-51|-66|CG1216863|-56|-69|CG1216865|-57|-72|CG1216866|-37|-82|CG1216867|-34|-68
517|7|6|1190|10|CG1216881|-31|-61|CG1216883|-32|-58|CG1216884|-37|-56|CG1216884|-37|-56|CG1216885|-27|-73|CG1216886|-34|-83|CG1216887|-32|-83|CG1216888|-22|-79|CG1216889|-52|-69|CG1216890|-32|-64
517|7|7|1000|9|CG1217455|-15|-65|CG1217457|-13|-63|CG1217458|-13|-60|CG1217459|-35|-69|CG1217460|-43|-58|CG1217461|-45|-64|CG1217462|-43|-63|CG1217463|-46|-63|CG1217464|-48|-63
517|7|8|1000|2|CG1216876|-22|-62|CG1216877|-19|-69
517|7|9|1000|1|CG1216878|-29|-51
517|7|10|986|6|CG1216870|-42|-64|CG1216871|-39|-60|CG1216872|-50|-49|CG1216873|-49|-48|CG1216874|-63|-42|CG1216875|-66|-40
