549|0|0|1088|4|CG1230160|-25|-71|CG1230161|-27|-71|CG1230162|-29|-71|CG1230163|-27|-71
549|0|1|799|6|CG1230166|-20|-69|CG1230167|-19|-71|CG1230168|-24|-71|CG1230169|-29|-69|CG1230170|-29|-70|CG1230171|-23|-70
549|0|2|600|5|CG1325357|-54|-113|CG1325358|-66|-144|CG1325359|-95|-176|CG1325360|-103|-137|CG1325361|-78|-106
549|0|3|493|6|CG1230132|-24|-71|CG1230133|-20|-73|CG1230134|-16|-73|CG1230135|-21|-71|CG1230136|-23|-73|CG1230137|-27|-73
549|0|4|
549|0|5|986|9|CG1230124|-34|-86|CG1230124|-34|-86|CG1230125|-52|-64|CG1230126|-63|-61|CG1230127|-34|-116|CG1230128|-31|-93|CG1230129|-65|-90|CG1230130|-56|-69|CG1230131|-69|-58
549|0|6|2295|25|CG1230151|-21|-70|CG1230152|-34|-68|CG1230153|-44|-76|CG1230154|-18|-104|CG1230155|-22|-110|CG1230156|-26|-110|CG1230155|-22|-110|CG1230156|-26|-110|CG1230155|-22|-110|CG1230156|-26|-110|CG1230155|-22|-110|CG1230156|-26|-110|CG1230155|-22|-110|CG1230156|-26|-110|CG1230155|-22|-110|CG1230156|-26|-110|CG1230155|-22|-110|CG1230156|-26|-110|CG1230155|-22|-110|CG1230156|-26|-110|CG1230155|-22|-110|CG1230156|-26|-110|CG1230155|-22|-110|CG1230154|-18|-104|CG1230153|-44|-76
549|0|7|799|6|CG1229666|-16|-67|CG1229667|-20|-61|CG1229668|-23|-64|CG1229669|-21|-75|CG1229670|-26|-79|CG1229671|-32|-72
549|0|8|1000|2|CG1230146|-54|-71|CG1230147|-9|-76
549|0|9|1000|1|CG1230148|-50|-60
549|0|10|799|6|CG1230140|-52|-70|CG1230141|-67|-69|CG1230142|-77|-80|CG1230143|-102|-68|CG1230144|-108|-62|CG1230145|-108|-57
549|1|0|1088|4|CG1230210|-14|-70|CG1230211|-14|-70|CG1230212|-15|-70|CG1230213|-14|-70
549|1|1|799|6|CG1230216|-13|-69|CG1230217|-16|-70|CG1230218|-18|-70|CG1230219|-18|-69|CG1230220|-21|-70|CG1230221|-16|-70
549|1|2|600|5|CG1325413|-100|-113|CG1325414|-102|-107|CG1325415|-90|-159|CG1325416|-142|-98|CG1325417|-131|-103
549|1|3|493|6|CG1230182|-21|-71|CG1230183|-21|-73|CG1230184|-22|-73|CG1230185|-22|-71|CG1230186|-25|-73|CG1230187|-20|-73
549|1|4|
549|1|5|986|9|CG1230174|-16|-90|CG1230174|-16|-90|CG1230175|-20|-72|CG1230176|-27|-64|CG1230177|-21|-106|CG1230178|-21|-96|CG1230179|-32|-90|CG1230180|-37|-73|CG1230181|-48|-61
549|1|6|2295|25|CG1230201|-52|-71|CG1230202|-48|-67|CG1230203|-22|-88|CG1230204|-23|-99|CG1230205|-19|-112|CG1230206|-19|-112|CG1230205|-19|-112|CG1230206|-19|-112|CG1230205|-19|-112|CG1230206|-19|-112|CG1230205|-19|-112|CG1230206|-19|-112|CG1230205|-19|-112|CG1230206|-19|-112|CG1230205|-19|-112|CG1230206|-19|-112|CG1230205|-19|-112|CG1230206|-19|-112|CG1230205|-19|-112|CG1230206|-19|-112|CG1230205|-19|-112|CG1230206|-19|-112|CG1230205|-19|-112|CG1230204|-23|-99|CG1230203|-22|-88
549|1|7|799|6|CG1229729|-16|-66|CG1229730|-19|-61|CG1229731|-21|-64|CG1229732|-27|-77|CG1229733|-25|-82|CG1229734|-28|-75
549|1|8|1000|2|CG1230196|-26|-86|CG1230197|-35|-77
549|1|9|1000|1|CG1230198|-37|-71
549|1|10|799|6|CG1230190|-25|-70|CG1230191|-30|-72|CG1230192|-30|-99|CG1230193|-44|-84|CG1230194|-53|-68|CG1230195|-51|-65
549|2|0|1088|4|CG1230260|-23|-71|CG1230261|-22|-71|CG1230262|-22|-71|CG1230263|-22|-71
549|2|1|799|6|CG1230266|-21|-69|CG1230267|-21|-70|CG1230268|-21|-70|CG1230269|-23|-69|CG1230270|-23|-71|CG1230271|-22|-71
549|2|2|600|5|CG1325469|-119|-113|CG1325470|-90|-142|CG1325471|-82|-174|CG1325472|-99|-116|CG1325473|-109|-103
549|2|3|493|6|CG1230232|-29|-71|CG1230233|-24|-73|CG1230234|-26|-73|CG1230235|-28|-71|CG1230236|-28|-73|CG1230237|-26|-73
549|2|4|
549|2|5|986|9|CG1230224|-26|-81|CG1230224|-26|-81|CG1230225|-25|-67|CG1230226|-22|-65|CG1230227|-18|-88|CG1230228|-31|-95|CG1230229|-19|-86|CG1230230|-33|-75|CG1230231|-32|-64
549|2|6|2295|25|CG1230251|-52|-68|CG1230252|-34|-80|CG1230253|-22|-89|CG1230254|-28|-88|CG1230255|-30|-107|CG1230256|-31|-107|CG1230255|-30|-107|CG1230256|-31|-107|CG1230255|-30|-107|CG1230256|-31|-107|CG1230255|-30|-107|CG1230256|-31|-107|CG1230255|-30|-107|CG1230256|-31|-107|CG1230255|-30|-107|CG1230256|-31|-107|CG1230255|-30|-107|CG1230256|-31|-107|CG1230255|-30|-107|CG1230256|-31|-107|CG1230255|-30|-107|CG1230256|-31|-107|CG1230255|-30|-107|CG1230254|-28|-88|CG1230253|-22|-89
549|2|7|799|6|CG1229792|-23|-66|CG1229793|-24|-62|CG1229794|-22|-62|CG1229795|-20|-78|CG1229796|-21|-80|CG1229797|-20|-74
549|2|8|1000|2|CG1230246|-22|-88|CG1230247|-47|-90
549|2|9|1000|1|CG1230248|-26|-79
549|2|10|799|6|CG1230240|-25|-70|CG1230241|-26|-73|CG1230242|-8|-99|CG1230243|-1|-85|CG1230244|1|-61|CG1230245|-3|-57
549|3|0|1088|4|CG1230310|-24|-70|CG1230311|-24|-71|CG1230312|-24|-70|CG1230313|-24|-71
549|3|1|799|6|CG1230316|-26|-69|CG1230317|-27|-69|CG1230318|-25|-69|CG1230319|-25|-69|CG1230320|-25|-70|CG1230321|-23|-70
549|3|2|600|5|CG1325525|-125|-117|CG1325526|-119|-165|CG1325527|-116|-175|CG1325528|-58|-136|CG1325529|-81|-129
549|3|3|493|6|CG1230282|-32|-70|CG1230283|-32|-71|CG1230284|-31|-72|CG1230285|-32|-72|CG1230286|-31|-72|CG1230287|-31|-72
549|3|4|
549|3|5|986|9|CG1230274|-29|-70|CG1230274|-29|-70|CG1230275|-25|-67|CG1230276|-22|-63|CG1230277|-9|-84|CG1230278|-39|-89|CG1230279|-10|-80|CG1230280|-35|-75|CG1230281|-27|-64
549|3|6|2295|25|CG1230301|-30|-68|CG1230302|-30|-86|CG1230303|-22|-79|CG1230304|-29|-77|CG1230305|-34|-97|CG1230306|-35|-98|CG1230305|-34|-97|CG1230306|-35|-98|CG1230305|-34|-97|CG1230306|-35|-98|CG1230305|-34|-97|CG1230306|-35|-98|CG1230305|-34|-97|CG1230306|-35|-98|CG1230305|-34|-97|CG1230306|-35|-98|CG1230305|-34|-97|CG1230306|-35|-98|CG1230305|-34|-97|CG1230306|-35|-98|CG1230305|-34|-97|CG1230306|-35|-98|CG1230305|-34|-97|CG1230304|-29|-77|CG1230303|-22|-79
549|3|7|799|6|CG1229855|-26|-68|CG1229856|-39|-63|CG1229857|-34|-61|CG1229858|-17|-75|CG1229859|-14|-77|CG1229860|-18|-71
549|3|8|1000|2|CG1230296|-21|-76|CG1230297|-55|-106
549|3|9|1000|1|CG1230298|-33|-73
549|3|10|799|6|CG1230290|-30|-68|CG1230291|-31|-66|CG1230292|-1|-78|CG1230293|11|-59|CG1230294|11|-36|CG1230295|11|-31
549|4|0|1088|4|CG1230360|-22|-72|CG1230361|-22|-72|CG1230362|-22|-72|CG1230363|-22|-72
549|4|1|799|6|CG1230366|-28|-71|CG1230367|-29|-71|CG1230368|-28|-71|CG1230369|-30|-71|CG1230370|-28|-72|CG1230371|-24|-72
549|4|2|600|5|CG1325581|-118|-123|CG1325582|-92|-162|CG1325583|-82|-152|CG1325584|-98|-119|CG1325585|-112|-122
549|4|3|493|6|CG1230332|-35|-72|CG1230333|-40|-73|CG1230334|-39|-75|CG1230335|-37|-75|CG1230336|-38|-75|CG1230337|-35|-73
549|4|4|
549|4|5|986|9|CG1230324|-25|-74|CG1230324|-25|-74|CG1230325|-20|-70|CG1230326|-13|-62|CG1230327|-11|-78|CG1230328|-25|-98|CG1230329|-10|-77|CG1230330|-21|-77|CG1230331|-20|-64
549|4|6|2295|25|CG1230351|-26|-70|CG1230352|-24|-80|CG1230353|-28|-67|CG1230354|-26|-73|CG1230355|-29|-88|CG1230356|-30|-89|CG1230355|-29|-88|CG1230356|-30|-89|CG1230355|-29|-88|CG1230356|-30|-89|CG1230355|-29|-88|CG1230356|-30|-89|CG1230355|-29|-88|CG1230356|-30|-89|CG1230355|-29|-88|CG1230356|-30|-89|CG1230355|-29|-88|CG1230356|-30|-89|CG1230355|-29|-88|CG1230356|-30|-89|CG1230355|-29|-88|CG1230356|-30|-89|CG1230355|-29|-88|CG1230354|-26|-73|CG1230353|-28|-67
549|4|7|799|6|CG1229918|-24|-71|CG1229919|-34|-66|CG1229920|-32|-64|CG1229921|-20|-72|CG1229922|-12|-75|CG1229923|-17|-70
549|4|8|1000|2|CG1230346|-19|-66|CG1230347|-46|-117
549|4|9|1000|1|CG1230348|-30|-63
549|4|10|799|6|CG1230340|-29|-67|CG1230341|-31|-62|CG1230342|-6|-47|CG1230343|3|-16|CG1230344|4|-14|CG1230345|5|-8
549|5|0|1088|4|CG1230410|-27|-73|CG1230411|-25|-73|CG1230412|-23|-73|CG1230413|-25|-73
549|5|1|799|6|CG1230416|-35|-71|CG1230417|-33|-72|CG1230418|-28|-72|CG1230419|-23|-71|CG1230420|-23|-72|CG1230421|-29|-72
549|5|2|600|5|CG1325637|-87|-102|CG1325638|-101|-134|CG1325639|-81|-118|CG1325640|-146|-102|CG1325641|-132|-115
549|5|3|493|6|CG1230382|-40|-71|CG1230383|-43|-72|CG1230384|-45|-73|CG1230385|-39|-74|CG1230386|-33|-74|CG1230387|-32|-73
549|5|4|
549|5|5|986|9|CG1230374|-16|-76|CG1230374|-16|-76|CG1230375|-17|-69|CG1230376|-15|-59|CG1230377|-57|-75|CG1230378|-22|-102|CG1230379|-23|-77|CG1230380|-17|-76|CG1230381|-18|-63
549|5|6|2295|25|CG1230401|-16|-70|CG1230402|-24|-69|CG1230403|-34|-66|CG1230404|-26|-78|CG1230405|-21|-85|CG1230406|-22|-86|CG1230405|-21|-85|CG1230406|-22|-86|CG1230405|-21|-85|CG1230406|-22|-86|CG1230405|-21|-85|CG1230406|-22|-86|CG1230405|-21|-85|CG1230406|-22|-86|CG1230405|-21|-85|CG1230406|-22|-86|CG1230405|-21|-85|CG1230406|-22|-86|CG1230405|-21|-85|CG1230406|-22|-86|CG1230405|-21|-85|CG1230406|-22|-86|CG1230405|-21|-85|CG1230404|-26|-78|CG1230403|-34|-66
549|5|7|799|6|CG1229981|-18|-73|CG1229982|-16|-67|CG1229983|-24|-64|CG1229984|-22|-70|CG1229985|-19|-73|CG1229986|-14|-68
549|5|8|1000|2|CG1230396|-26|-64|CG1230397|-22|-115
549|5|9|1000|1|CG1230398|-29|-66
549|5|10|799|6|CG1230390|-42|-68|CG1230391|-44|-69|CG1230392|-33|-45|CG1230393|-35|-15|CG1230394|-34|-5|CG1230395|-30|0
549|6|0|1088|4|CG1230460|-64|-72|CG1230461|-63|-72|CG1230462|-61|-72|CG1230463|-63|-72
549|6|1|799|6|CG1230466|-66|-71|CG1230467|-65|-72|CG1230468|-62|-72|CG1230469|-62|-71|CG1230470|-61|-71|CG1230471|-64|-71
549|6|2|600|5|CG1325693|-56|-115|CG1325694|-66|-158|CG1325695|-93|-143|CG1325696|-109|-126|CG1325697|-81|-115
549|6|3|493|6|CG1230432|-67|-72|CG1230433|-68|-73|CG1230434|-69|-74|CG1230435|-69|-74|CG1230436|-64|-74|CG1230437|-64|-73
549|6|4|
549|6|5|986|9|CG1230424|-47|-74|CG1230424|-47|-74|CG1230425|-41|-67|CG1230426|-29|-58|CG1230427|-74|-85|CG1230428|-41|-97|CG1230429|-37|-80|CG1230430|-18|-73|CG1230431|-17|-61
549|6|6|2295|25|CG1230451|-22|-70|CG1230452|-34|-68|CG1230453|-25|-67|CG1230454|-35|-90|CG1230455|-27|-91|CG1230456|-26|-92|CG1230455|-27|-91|CG1230456|-26|-92|CG1230455|-27|-91|CG1230456|-26|-92|CG1230455|-27|-91|CG1230456|-26|-92|CG1230455|-27|-91|CG1230456|-26|-92|CG1230455|-27|-91|CG1230456|-26|-92|CG1230455|-27|-91|CG1230456|-26|-92|CG1230455|-27|-91|CG1230456|-26|-92|CG1230455|-27|-91|CG1230456|-26|-92|CG1230455|-27|-91|CG1230454|-35|-90|CG1230453|-25|-67
549|6|7|799|6|CG1230044|-12|-72|CG1230045|-13|-65|CG1230046|-19|-66|CG1230047|-36|-68|CG1230048|-25|-72|CG1230049|-26|-68
549|6|8|1000|2|CG1230446|-33|-65|CG1230447|-21|-104
549|6|9|1000|1|CG1230448|-27|-65
549|6|10|799|6|CG1230440|-52|-67|CG1230441|-45|-69|CG1230442|-59|-50|CG1230443|-84|-28|CG1230444|-95|-15|CG1230445|-90|-7
549|7|0|1088|4|CG1230510|-61|-70|CG1230511|-61|-71|CG1230512|-62|-70|CG1230513|-61|-71
549|7|1|799|6|CG1230516|-56|-69|CG1230517|-56|-70|CG1230518|-59|-70|CG1230519|-63|-69|CG1230520|-62|-69|CG1230521|-59|-69
549|7|2|600|5|CG1325749|-65|-111|CG1325750|-73|-164|CG1325751|-68|-170|CG1325752|-60|-150|CG1325753|-60|-127
549|7|3|493|6|CG1230482|-54|-70|CG1230483|-53|-71|CG1230484|-52|-72|CG1230485|-57|-71|CG1230486|-56|-71|CG1230487|-57|-71
549|7|4|
549|7|5|986|9|CG1230474|-56|-69|CG1230474|-56|-69|CG1230475|-66|-64|CG1230476|-67|-58|CG1230477|-48|-108|CG1230478|-45|-86|CG1230479|-63|-86|CG1230480|-43|-69|CG1230481|-50|-57
549|7|6|2295|25|CG1230501|-27|-68|CG1230502|-30|-67|CG1230503|-42|-66|CG1230504|-25|-100|CG1230505|-32|-101|CG1230506|-31|-102|CG1230505|-32|-101|CG1230506|-31|-102|CG1230505|-32|-101|CG1230506|-31|-102|CG1230505|-32|-101|CG1230506|-31|-102|CG1230505|-32|-101|CG1230506|-31|-102|CG1230505|-32|-101|CG1230506|-31|-102|CG1230505|-32|-101|CG1230506|-31|-102|CG1230505|-32|-101|CG1230506|-31|-102|CG1230505|-32|-101|CG1230506|-31|-102|CG1230505|-32|-101|CG1230504|-25|-100|CG1230503|-42|-66
549|7|7|799|6|CG1230107|-16|-69|CG1230108|-22|-62|CG1230109|-24|-64|CG1230110|-37|-71|CG1230111|-29|-72|CG1230112|-31|-68
549|7|8|1000|2|CG1230496|-52|-67|CG1230497|-13|-87
549|7|9|1000|1|CG1230498|-33|-63
549|7|10|799|6|CG1230490|-73|-68|CG1230491|-69|-66|CG1230492|-84|-57|CG1230493|-108|-53|CG1230494|-107|-39|CG1230495|-110|-34
