533|0|0|1088|4|CG1223568|-25|-71|CG1223569|-27|-71|CG1223570|-28|-71|CG1223571|-27|-71
533|0|1|799|6|CG1223574|-21|-69|CG1223575|-22|-71|CG1223576|-28|-71|CG1223577|-33|-69|CG1223578|-31|-70|CG1223579|-26|-70
533|0|2|600|5|CG1325357|-54|-113|CG1325358|-66|-144|CG1325359|-95|-176|CG1325360|-103|-137|CG1325361|-78|-106
533|0|3|493|6|CG1223540|-24|-71|CG1223541|-20|-73|CG1223542|-16|-73|CG1223543|-21|-71|CG1223544|-23|-73|CG1223545|-27|-73
533|0|4|
533|0|5|986|9|CG1223532|-42|-75|CG1223532|-42|-75|CG1223533|-15|-60|CG1223534|-8|-59|CG1223535|-14|-71|CG1223536|-25|-62|CG1223537|-48|-65|CG1223538|-48|-65|CG1223539|-44|-68
533|0|6|2295|25|CG1223559|-23|-84|CG1223560|-31|-68|CG1223561|-43|-72|CG1223562|-18|-99|CG1223563|-27|-105|CG1223564|-29|-105|CG1223563|-27|-105|CG1223564|-29|-105|CG1223563|-27|-105|CG1223564|-29|-105|CG1223563|-27|-105|CG1223564|-29|-105|CG1223563|-27|-105|CG1223564|-29|-105|CG1223563|-27|-105|CG1223564|-29|-105|CG1223563|-27|-105|CG1223564|-29|-105|CG1223563|-27|-105|CG1223564|-29|-105|CG1223563|-27|-105|CG1223564|-29|-105|CG1223563|-27|-105|CG1223562|-18|-99|CG1223561|-43|-72
533|0|7|799|6|CG1222274|-16|-67|CG1222275|-20|-61|CG1222276|-23|-64|CG1222277|-21|-75|CG1222278|-26|-79|CG1222279|-32|-72
533|0|8|1000|2|CG1223554|-48|-72|CG1223555|-9|-79
533|0|9|1000|1|CG1223556|-50|-60
533|0|10|799|6|CG1223548|-54|-70|CG1223549|-65|-69|CG1223550|-77|-77|CG1223551|-98|-68|CG1223552|-102|-62|CG1223553|-102|-57
533|1|0|1088|4|CG1223618|-14|-70|CG1223619|-14|-70|CG1223620|-15|-70|CG1223621|-14|-70
533|1|1|799|6|CG1223624|-13|-69|CG1223625|-16|-70|CG1223626|-18|-70|CG1223627|-18|-69|CG1223628|-21|-70|CG1223629|-16|-70
533|1|2|600|5|CG1325413|-100|-113|CG1325414|-102|-107|CG1325415|-90|-159|CG1325416|-142|-98|CG1325417|-131|-103
533|1|3|493|6|CG1223590|-21|-71|CG1223591|-21|-73|CG1223592|-22|-73|CG1223593|-22|-71|CG1223594|-25|-73|CG1223595|-20|-73
533|1|4|
533|1|5|986|9|CG1223582|-20|-81|CG1223582|-20|-81|CG1223583|-32|-59|CG1223584|-17|-56|CG1223585|-22|-62|CG1223586|-32|-66|CG1223587|-18|-68|CG1223588|-18|-68|CG1223589|-17|-73
533|1|6|2295|25|CG1223609|-47|-83|CG1223610|-46|-67|CG1223611|-30|-83|CG1223612|-23|-93|CG1223613|-19|-107|CG1223614|-19|-106|CG1223613|-19|-107|CG1223614|-19|-106|CG1223613|-19|-107|CG1223614|-19|-106|CG1223613|-19|-107|CG1223614|-19|-106|CG1223613|-19|-107|CG1223614|-19|-106|CG1223613|-19|-107|CG1223614|-19|-106|CG1223613|-19|-107|CG1223614|-19|-106|CG1223613|-19|-107|CG1223614|-19|-106|CG1223613|-19|-107|CG1223614|-19|-106|CG1223613|-19|-107|CG1223612|-23|-93|CG1223611|-30|-83
533|1|7|799|6|CG1222337|-16|-66|CG1222338|-19|-61|CG1222339|-21|-64|CG1222340|-27|-77|CG1222341|-25|-82|CG1222342|-28|-75
533|1|8|1000|2|CG1223604|-26|-86|CG1223605|-35|-77
533|1|9|1000|1|CG1223606|-42|-68
533|1|10|799|6|CG1223598|-25|-71|CG1223599|-37|-69|CG1223600|-37|-95|CG1223601|-47|-82|CG1223602|-53|-68|CG1223603|-52|-65
533|2|0|1088|4|CG1223668|-23|-71|CG1223669|-22|-71|CG1223670|-22|-71|CG1223671|-22|-71
533|2|1|799|6|CG1223674|-25|-69|CG1223675|-23|-70|CG1223676|-21|-70|CG1223677|-23|-69|CG1223678|-23|-71|CG1223679|-23|-71
533|2|2|600|5|CG1325469|-119|-113|CG1325470|-90|-142|CG1325471|-82|-174|CG1325472|-99|-116|CG1325473|-109|-103
533|2|3|493|6|CG1223640|-29|-71|CG1223641|-24|-73|CG1223642|-26|-73|CG1223643|-28|-71|CG1223644|-28|-73|CG1223645|-26|-73
533|2|4|
533|2|5|986|9|CG1223632|-26|-69|CG1223632|-26|-69|CG1223633|-32|-61|CG1223634|-36|-57|CG1223635|-50|-67|CG1223636|-63|-75|CG1223637|-24|-64|CG1223638|-24|-64|CG1223639|-22|-67
533|2|6|2295|25|CG1223659|-48|-73|CG1223660|-39|-76|CG1223661|-22|-86|CG1223662|-28|-83|CG1223663|-30|-102|CG1223664|-31|-103|CG1223663|-30|-102|CG1223664|-31|-103|CG1223663|-30|-102|CG1223664|-31|-103|CG1223663|-30|-102|CG1223664|-31|-103|CG1223663|-30|-102|CG1223664|-31|-103|CG1223663|-30|-102|CG1223664|-31|-103|CG1223663|-30|-102|CG1223664|-31|-103|CG1223663|-30|-102|CG1223664|-31|-103|CG1223663|-30|-102|CG1223664|-31|-103|CG1223663|-30|-102|CG1223662|-28|-83|CG1223661|-22|-86
533|2|7|799|6|CG1222400|-23|-66|CG1222401|-24|-62|CG1222402|-22|-62|CG1222403|-20|-78|CG1222404|-21|-80|CG1222405|-20|-74
533|2|8|1000|2|CG1223654|-22|-90|CG1223655|-53|-86
533|2|9|1000|1|CG1223656|-26|-74
533|2|10|799|6|CG1223648|-25|-70|CG1223649|-26|-70|CG1223650|-8|-93|CG1223651|-1|-80|CG1223652|1|-57|CG1223653|-3|-55
533|3|0|1088|4|CG1223718|-35|-70|CG1223719|-35|-71|CG1223720|-35|-70|CG1223721|-35|-71
533|3|1|799|6|CG1223724|-34|-69|CG1223725|-36|-69|CG1223726|-35|-69|CG1223727|-33|-69|CG1223728|-34|-70|CG1223729|-35|-70
533|3|2|600|5|CG1325525|-125|-117|CG1325526|-119|-165|CG1325527|-116|-175|CG1325528|-58|-136|CG1325529|-81|-129
533|3|3|493|6|CG1223690|-37|-70|CG1223691|-39|-71|CG1223692|-38|-72|CG1223693|-35|-72|CG1223694|-38|-72|CG1223695|-38|-72
533|3|4|
533|3|5|986|9|CG1223682|-22|-68|CG1223682|-22|-68|CG1223683|-33|-65|CG1223684|-74|-62|CG1223685|-60|-86|CG1223686|-56|-93|CG1223687|-20|-59|CG1223688|-20|-57|CG1223689|-21|-62
533|3|6|2295|25|CG1223709|-30|-68|CG1223710|-30|-81|CG1223711|-22|-80|CG1223712|-29|-76|CG1223713|-34|-96|CG1223714|-36|-96|CG1223713|-34|-96|CG1223714|-36|-96|CG1223713|-34|-96|CG1223714|-36|-96|CG1223713|-34|-96|CG1223714|-36|-96|CG1223713|-34|-96|CG1223714|-36|-96|CG1223713|-34|-96|CG1223714|-36|-96|CG1223713|-34|-96|CG1223714|-36|-96|CG1223713|-34|-96|CG1223714|-36|-96|CG1223713|-34|-96|CG1223714|-36|-96|CG1223713|-34|-96|CG1223712|-29|-76|CG1223711|-22|-80
533|3|7|799|6|CG1222463|-26|-68|CG1222464|-39|-63|CG1222465|-34|-61|CG1222466|-17|-75|CG1222467|-14|-77|CG1222468|-18|-71
533|3|8|1000|2|CG1223704|-21|-82|CG1223705|-55|-100
533|3|9|1000|1|CG1223706|-33|-68
533|3|10|799|6|CG1223698|-30|-68|CG1223699|-31|-66|CG1223700|-1|-74|CG1223701|11|-55|CG1223702|11|-33|CG1223703|11|-33
533|4|0|1088|4|CG1223768|-29|-72|CG1223769|-30|-72|CG1223770|-31|-72|CG1223771|-30|-72
533|4|1|799|6|CG1223774|-26|-71|CG1223775|-30|-71|CG1223776|-31|-71|CG1223777|-30|-71|CG1223778|-31|-72|CG1223779|-29|-72
533|4|2|600|5|CG1325581|-118|-123|CG1325582|-92|-162|CG1325583|-82|-152|CG1325584|-98|-119|CG1325585|-112|-122
533|4|3|493|6|CG1223740|-30|-72|CG1223741|-33|-73|CG1223742|-33|-75|CG1223743|-32|-75|CG1223744|-33|-75|CG1223745|-33|-73
533|4|4|
533|4|5|986|9|CG1223732|-17|-69|CG1223732|-17|-69|CG1223733|-42|-70|CG1223734|-71|-77|CG1223735|-38|-103|CG1223736|-19|-103|CG1223737|-15|-55|CG1223738|-8|-51|CG1223739|-11|-59
533|4|6|2295|25|CG1223759|-26|-70|CG1223760|-24|-76|CG1223761|-30|-67|CG1223762|-26|-77|CG1223763|-29|-92|CG1223764|-30|-93|CG1223763|-29|-92|CG1223764|-30|-93|CG1223763|-29|-92|CG1223764|-30|-93|CG1223763|-29|-92|CG1223764|-30|-93|CG1223763|-29|-92|CG1223764|-30|-93|CG1223763|-29|-92|CG1223764|-30|-93|CG1223763|-29|-92|CG1223764|-30|-93|CG1223763|-29|-92|CG1223764|-30|-93|CG1223763|-29|-92|CG1223764|-30|-93|CG1223763|-29|-92|CG1223762|-26|-77|CG1223761|-30|-67
533|4|7|799|6|CG1222526|-24|-71|CG1222527|-34|-66|CG1222528|-32|-64|CG1222529|-20|-72|CG1222530|-12|-75|CG1222531|-17|-70
533|4|8|1000|2|CG1223754|-28|-66|CG1223755|-46|-112
533|4|9|1000|1|CG1223756|-38|-63
533|4|10|799|6|CG1223748|-36|-67|CG1223749|-31|-62|CG1223750|-6|-47|CG1223751|3|-16|CG1223752|4|-14|CG1223753|5|-8
533|5|0|1088|4|CG1223818|-27|-73|CG1223819|-25|-73|CG1223820|-23|-73|CG1223821|-25|-73
533|5|1|799|6|CG1223824|-33|-71|CG1223825|-32|-72|CG1223826|-27|-72|CG1223827|-25|-71|CG1223828|-23|-72|CG1223829|-27|-72
533|5|2|600|5|CG1325637|-87|-102|CG1325638|-101|-134|CG1325639|-81|-118|CG1325640|-146|-102|CG1325641|-132|-115
533|5|3|493|6|CG1223790|-38|-71|CG1223791|-40|-72|CG1223792|-42|-73|CG1223793|-37|-74|CG1223794|-33|-74|CG1223795|-31|-72
533|5|4|
533|5|5|986|9|CG1223782|-15|-68|CG1223782|-15|-68|CG1223783|-63|-72|CG1223784|-37|-94|CG1223785|-22|-110|CG1223786|-18|-101|CG1223787|-21|-53|CG1223788|-19|-49|CG1223789|-18|-57
533|5|6|2295|25|CG1223809|-21|-70|CG1223810|-39|-69|CG1223811|-33|-66|CG1223812|-26|-84|CG1223813|-21|-91|CG1223814|-22|-92|CG1223813|-21|-91|CG1223814|-22|-92|CG1223813|-21|-91|CG1223814|-22|-92|CG1223813|-21|-91|CG1223814|-22|-92|CG1223813|-21|-91|CG1223814|-22|-92|CG1223813|-21|-91|CG1223814|-22|-92|CG1223813|-21|-91|CG1223814|-22|-92|CG1223813|-21|-91|CG1223814|-22|-92|CG1223813|-21|-91|CG1223814|-22|-92|CG1223813|-21|-91|CG1223812|-26|-84|CG1223811|-33|-66
533|5|7|799|6|CG1222589|-18|-73|CG1222590|-16|-67|CG1222591|-24|-64|CG1222592|-22|-70|CG1222593|-19|-73|CG1222594|-14|-68
533|5|8|1000|2|CG1223804|-35|-64|CG1223805|-25|-112
533|5|9|1000|1|CG1223806|-44|-66
533|5|10|799|6|CG1223798|-33|-68|CG1223799|-46|-69|CG1223800|-42|-45|CG1223801|-43|-15|CG1223802|-42|-5|CG1223803|-43|-1
533|6|0|1088|4|CG1223868|-62|-72|CG1223869|-61|-72|CG1223870|-60|-72|CG1223871|-61|-72
533|6|1|799|6|CG1223874|-63|-71|CG1223875|-62|-72|CG1223876|-60|-72|CG1223877|-59|-71|CG1223878|-59|-71|CG1223879|-61|-71
533|6|2|600|5|CG1325693|-56|-115|CG1325694|-66|-158|CG1325695|-93|-143|CG1325696|-109|-126|CG1325697|-81|-115
533|6|3|493|6|CG1223840|-64|-72|CG1223841|-65|-73|CG1223842|-66|-74|CG1223843|-66|-74|CG1223844|-61|-74|CG1223845|-61|-73
533|6|4|
533|6|5|986|9|CG1223832|-60|-67|CG1223832|-60|-67|CG1223833|-49|-69|CG1223834|-10|-93|CG1223835|-16|-103|CG1223836|-26|-86|CG1223837|-74|-56|CG1223838|-74|-52|CG1223839|-70|-58
533|6|6|2295|25|CG1223859|-40|-70|CG1223860|-49|-68|CG1223861|-23|-67|CG1223862|-37|-93|CG1223863|-28|-95|CG1223864|-26|-95|CG1223863|-28|-95|CG1223864|-26|-95|CG1223863|-28|-95|CG1223864|-26|-95|CG1223863|-28|-95|CG1223864|-26|-95|CG1223863|-28|-95|CG1223864|-26|-95|CG1223863|-28|-95|CG1223864|-26|-95|CG1223863|-28|-95|CG1223864|-26|-95|CG1223863|-28|-95|CG1223864|-26|-95|CG1223863|-28|-95|CG1223864|-26|-95|CG1223863|-28|-95|CG1223862|-37|-93|CG1223861|-23|-67
533|6|7|799|6|CG1222652|-12|-72|CG1222653|-13|-65|CG1222654|-19|-66|CG1222655|-36|-68|CG1222656|-25|-72|CG1222657|-26|-68
533|6|8|1000|2|CG1223854|-35|-65|CG1223855|-24|-100
533|6|9|1000|1|CG1223856|-27|-65
533|6|10|799|6|CG1223848|-49|-67|CG1223849|-40|-69|CG1223850|-60|-50|CG1223851|-88|-28|CG1223852|-93|-15|CG1223853|-93|-7
533|7|0|1088|4|CG1223918|-59|-70|CG1223919|-60|-71|CG1223920|-60|-70|CG1223921|-60|-71
533|7|1|799|6|CG1223924|-57|-69|CG1223925|-58|-70|CG1223926|-61|-70|CG1223927|-63|-69|CG1223928|-62|-69|CG1223929|-59|-69
533|7|2|600|5|CG1325749|-65|-111|CG1325750|-73|-164|CG1325751|-68|-170|CG1325752|-60|-150|CG1325753|-60|-127
533|7|3|493|6|CG1223890|-53|-70|CG1223891|-54|-71|CG1223892|-54|-71|CG1223893|-57|-71|CG1223894|-55|-71|CG1223895|-55|-71
533|7|4|
533|7|5|986|9|CG1223882|-70|-66|CG1223882|-70|-66|CG1223883|-13|-64|CG1223884|-7|-74|CG1223885|-8|-88|CG1223886|-21|-68|CG1223887|-83|-59|CG1223888|-83|-58|CG1223889|-78|-61
533|7|6|2295|25|CG1223909|-37|-75|CG1223910|-32|-67|CG1223911|-39|-66|CG1223912|-30|-99|CG1223913|-33|-100|CG1223914|-33|-100|CG1223913|-33|-100|CG1223914|-33|-100|CG1223913|-33|-100|CG1223914|-33|-100|CG1223913|-33|-100|CG1223914|-33|-100|CG1223913|-33|-100|CG1223914|-33|-100|CG1223913|-33|-100|CG1223914|-33|-100|CG1223913|-33|-100|CG1223914|-33|-100|CG1223913|-33|-100|CG1223914|-33|-100|CG1223913|-33|-100|CG1223914|-33|-100|CG1223913|-33|-100|CG1223912|-30|-99|CG1223911|-39|-66
533|7|7|799|6|CG1222715|-16|-69|CG1222716|-22|-62|CG1222717|-24|-64|CG1222718|-37|-71|CG1222719|-29|-72|CG1222720|-31|-68
533|7|8|1000|2|CG1223904|-48|-67|CG1223905|-11|-84
533|7|9|1000|1|CG1223906|-31|-63
533|7|10|799|6|CG1223898|-68|-68|CG1223899|-65|-66|CG1223900|-81|-57|CG1223901|-111|-53|CG1223902|-112|-39|CG1223903|-113|-34
