511|0|0|1190|4|CG1213870|-27|-64|CG1213871|-25|-64|CG1213872|-24|-64|CG1213873|-25|-64
511|0|1|986|6|CG1213876|-30|-58|CG1213877|-33|-60|CG1213878|-32|-60|CG1213879|-36|-59|CG1213880|-33|-62|CG1213881|-29|-60
511|0|2|600|5|CG1325357|-54|-113|CG1325358|-66|-144|CG1325359|-95|-176|CG1325360|-103|-137|CG1325361|-78|-106
511|0|3|510|6|CG1214228|-22|-64|CG1214229|-18|-65|CG1214230|-19|-66|CG1214231|-18|-64|CG1214232|-19|-65|CG1214233|-18|-67
511|0|4|
511|0|5|2000|14|CG1213836|-20|-68|CG1213837|-30|-66|CG1213838|-57|-67|CG1213841|-43|-70|CG1213839|-39|-70|CG1213840|-34|-69|CG1213839|-39|-70|CG1213841|-43|-70|CG1213839|-39|-70|CG1213840|-34|-69|CG1213839|-39|-70|CG1213841|-43|-70|CG1213842|-39|-82|CG1213843|-33|-73
511|0|6|1190|10|CG1213857|-23|-63|CG1213859|-22|-61|CG1213860|-29|-56|CG1213860|-29|-56|CG1213861|-28|-74|CG1213862|-34|-76|CG1213863|-28|-84|CG1213864|-34|-77|CG1213865|-45|-70|CG1213866|-41|-66
511|0|7|1000|9|CG1214270|-16|-62|CG1214272|-16|-59|CG1214273|-16|-55|CG1214274|-33|-72|CG1214275|-37|-66|CG1214276|-40|-73|CG1214277|-40|-72|CG1214278|-35|-73|CG1214279|-36|-73
511|0|8|1000|2|CG1213852|-23|-62|CG1213853|-28|-64
511|0|9|1000|1|CG1213854|-26|-55
511|0|10|986|6|CG1213846|-25|-63|CG1213847|-29|-64|CG1213848|-43|-57|CG1213849|-50|-58|CG1213850|-51|-53|CG1213851|-58|-44
511|1|0|1190|4|CG1213918|-39|-64|CG1213919|-39|-64|CG1213920|-39|-64|CG1213921|-39|-64
511|1|1|986|6|CG1213924|-47|-58|CG1213925|-49|-60|CG1213926|-48|-59|CG1213927|-44|-58|CG1213928|-44|-60|CG1213929|-41|-59
511|1|2|600|5|CG1325413|-100|-113|CG1325414|-102|-107|CG1325415|-90|-159|CG1325416|-142|-98|CG1325417|-131|-103
511|1|3|510|6|CG1214299|-19|-64|CG1214300|-20|-65|CG1214301|-20|-67|CG1214302|-20|-64|CG1214303|-19|-65|CG1214304|-19|-67
511|1|4|
511|1|5|2000|14|CG1213884|-33|-67|CG1213885|-45|-69|CG1213886|-27|-70|CG1213889|-17|-72|CG1213887|-21|-71|CG1213888|-20|-71|CG1213887|-21|-71|CG1213889|-17|-72|CG1213887|-21|-71|CG1213888|-20|-71|CG1213887|-21|-71|CG1213889|-17|-72|CG1213890|-27|-73|CG1213891|-29|-70
511|1|6|1190|10|CG1213905|-21|-65|CG1213907|-20|-63|CG1213908|-20|-57|CG1213908|-20|-57|CG1213909|-29|-67|CG1213910|-36|-79|CG1213911|-20|-82|CG1213912|-45|-77|CG1213913|-32|-72|CG1213914|-45|-66
511|1|7|1000|9|CG1214341|-20|-61|CG1214343|-22|-57|CG1214344|-23|-54|CG1214345|-25|-75|CG1214346|-23|-71|CG1214347|-24|-78|CG1214348|-22|-76|CG1214349|-19|-77|CG1214350|-19|-77
511|1|8|1000|2|CG1213900|-33|-62|CG1213901|-43|-54
511|1|9|1000|1|CG1213902|-42|-56
511|1|10|986|6|CG1213894|-18|-63|CG1213895|-27|-62|CG1213896|-22|-57|CG1213897|-28|-62|CG1213898|-28|-58|CG1213899|-28|-51
511|2|0|1190|4|CG1213966|-30|-64|CG1213967|-31|-64|CG1213968|-32|-64|CG1213969|-31|-64
511|2|1|986|6|CG1213972|-39|-59|CG1213973|-39|-62|CG1213974|-40|-60|CG1213975|-30|-63|CG1213976|-33|-63|CG1213977|-33|-63
511|2|2|600|5|CG1325469|-119|-113|CG1325470|-90|-142|CG1325471|-82|-174|CG1325472|-99|-116|CG1325473|-109|-103
511|2|3|510|6|CG1214370|-25|-64|CG1214371|-25|-65|CG1214372|-24|-67|CG1214373|-26|-64|CG1214374|-23|-65|CG1214375|-24|-66
511|2|4|
511|2|5|2000|14|CG1213932|-44|-67|CG1213933|-35|-68|CG1213934|-27|-69|CG1213937|-11|-69|CG1213935|-10|-68|CG1213936|-7|-69|CG1213935|-10|-68|CG1213937|-11|-69|CG1213935|-10|-68|CG1213936|-7|-69|CG1213935|-10|-68|CG1213937|-11|-69|CG1213938|-28|-72|CG1213939|-24|-62
511|2|6|1190|10|CG1213953|-24|-61|CG1213955|-23|-59|CG1213956|-22|-57|CG1213956|-22|-57|CG1213957|-36|-69|CG1213958|-22|-80|CG1213959|-23|-83|CG1213960|-31|-77|CG1213961|-33|-71|CG1213962|-28|-65
511|2|7|1000|9|CG1214412|-24|-61|CG1214414|-28|-59|CG1214415|-30|-57|CG1214416|-19|-75|CG1214417|-16|-69|CG1214418|-7|-76|CG1214419|-3|-73|CG1214420|1|-73|CG1214421|3|-73
511|2|8|1000|2|CG1213948|-40|-63|CG1213949|-39|-57
511|2|9|1000|1|CG1213950|-39|-55
511|2|10|986|6|CG1213942|-30|-62|CG1213943|-23|-61|CG1213944|-17|-51|CG1213945|-7|-55|CG1213946|-11|-51|CG1213947|-7|-44
511|3|0|1190|4|CG1214014|-17|-70|CG1214015|-17|-70|CG1214016|-17|-71|CG1214017|-17|-70
511|3|1|986|6|CG1214020|-23|-64|CG1214021|-24|-65|CG1214022|-24|-64|CG1214023|-23|-70|CG1214024|-24|-72|CG1214025|-24|-72
511|3|2|600|5|CG1325525|-125|-117|CG1325526|-119|-165|CG1325527|-116|-175|CG1325528|-58|-136|CG1325529|-81|-129
511|3|3|510|6|CG1214441|-27|-65|CG1214442|-25|-66|CG1214443|-26|-67|CG1214444|-27|-65|CG1214445|-25|-65|CG1214446|-26|-67
511|3|4|
511|3|5|2000|14|CG1213980|-31|-66|CG1213981|-7|-66|CG1213982|-13|-66|CG1213985|-1|-63|CG1213983|-4|-64|CG1213984|-9|-62|CG1213983|-4|-64|CG1213985|-1|-63|CG1213983|-4|-64|CG1213984|-9|-62|CG1213983|-4|-64|CG1213985|-1|-63|CG1213986|-26|-66|CG1213987|-20|-63
511|3|6|1190|10|CG1214001|-41|-62|CG1214003|-33|-59|CG1214004|-29|-56|CG1214004|-29|-56|CG1214005|-24|-70|CG1214006|-16|-78|CG1214007|-43|-83|CG1214008|-32|-78|CG1214009|-27|-70|CG1214010|-16|-63
511|3|7|1000|9|CG1214483|-23|-65|CG1214485|-28|-64|CG1214486|-32|-62|CG1214487|-20|-73|CG1214488|-13|-64|CG1214489|-2|-68|CG1214490|2|-65|CG1214491|7|-63|CG1214492|9|-63
511|3|8|1000|2|CG1213996|-32|-64|CG1213997|-44|-65
511|3|9|1000|1|CG1213998|-18|-56
511|3|10|986|6|CG1213990|-39|-61|CG1213991|-27|-57|CG1213992|-23|-46|CG1213993|-11|-44|CG1213994|-10|-37|CG1213995|-10|-25
511|4|0|1190|4|CG1214062|-30|-66|CG1214063|-28|-67|CG1214064|-26|-68|CG1214065|-28|-67
511|4|1|986|6|CG1214068|-26|-66|CG1214069|-24|-68|CG1214070|-25|-67|CG1214071|-30|-66|CG1214072|-30|-66|CG1214073|-31|-67
511|4|2|600|5|CG1325581|-118|-123|CG1325582|-92|-162|CG1325583|-82|-152|CG1325584|-98|-119|CG1325585|-112|-122
511|4|3|510|6|CG1214512|-25|-65|CG1214513|-23|-66|CG1214514|-23|-67|CG1214515|-24|-65|CG1214516|-23|-66|CG1214517|-24|-67
511|4|4|
511|4|5|2000|14|CG1214028|-18|-65|CG1214029|-11|-62|CG1214030|-17|-62|CG1214033|-18|-57|CG1214031|-22|-56|CG1214032|-21|-56|CG1214031|-22|-56|CG1214033|-18|-57|CG1214031|-22|-56|CG1214032|-21|-56|CG1214031|-22|-56|CG1214033|-18|-57|CG1214034|-25|-65|CG1214035|-26|-62
511|4|6|1190|10|CG1214049|-35|-62|CG1214051|-35|-59|CG1214052|-39|-56|CG1214052|-39|-56|CG1214053|-15|-69|CG1214054|-32|-78|CG1214055|-37|-80|CG1214056|-37|-76|CG1214057|-23|-67|CG1214058|-32|-60
511|4|7|1000|9|CG1214554|-25|-68|CG1214556|-28|-68|CG1214557|-30|-68|CG1214558|-21|-69|CG1214559|-10|-55|CG1214560|-8|-60|CG1214561|-6|-55|CG1214562|1|-52|CG1214563|1|-51
511|4|8|1000|2|CG1214044|-19|-63|CG1214045|-41|-68
511|4|9|1000|1|CG1214046|-27|-56
511|4|10|986|6|CG1214038|-26|-62|CG1214039|-16|-53|CG1214040|-35|-41|CG1214041|-30|-33|CG1214042|-23|-23|CG1214043|-19|-12
511|5|0|1190|4|CG1214110|-43|-65|CG1214111|-42|-66|CG1214112|-42|-65|CG1214113|-42|-66
511|5|1|986|6|CG1214116|-36|-67|CG1214117|-33|-68|CG1214118|-33|-67|CG1214119|-37|-67|CG1214120|-38|-68|CG1214121|-39|-67
511|5|2|600|5|CG1325637|-87|-102|CG1325638|-101|-134|CG1325639|-81|-118|CG1325640|-146|-102|CG1325641|-132|-115
511|5|3|510|6|CG1214583|-20|-66|CG1214584|-19|-66|CG1214585|-19|-67|CG1214586|-19|-66|CG1214587|-20|-66|CG1214588|-20|-67
511|5|4|
511|5|5|2000|14|CG1214076|-30|-63|CG1214077|-18|-59|CG1214078|-26|-58|CG1214081|-30|-57|CG1214079|-29|-58|CG1214080|-21|-61|CG1214079|-29|-58|CG1214081|-30|-57|CG1214079|-29|-58|CG1214080|-21|-61|CG1214079|-29|-58|CG1214081|-30|-57|CG1214082|-21|-71|CG1214083|-26|-62
511|5|6|1190|10|CG1214097|-18|-61|CG1214099|-18|-58|CG1214100|-28|-55|CG1214100|-28|-55|CG1214101|-22|-66|CG1214102|-37|-78|CG1214103|-32|-88|CG1214104|-34|-78|CG1214105|-20|-66|CG1214106|-37|-60
511|5|7|1000|9|CG1214625|-19|-69|CG1214627|-22|-69|CG1214628|-19|-69|CG1214629|-16|-66|CG1214630|-15|-48|CG1214631|-19|-53|CG1214632|-19|-50|CG1214633|-20|-48|CG1214634|-20|-47
511|5|8|1000|2|CG1214092|-32|-59|CG1214093|-32|-72
511|5|9|1000|1|CG1214094|-32|-44
511|5|10|986|6|CG1214086|-23|-62|CG1214087|-27|-52|CG1214088|-33|-39|CG1214089|-43|-30|CG1214090|-50|-24|CG1214091|-50|-13
511|6|0|1190|4|CG1214158|-34|-65|CG1214159|-35|-65|CG1214160|-36|-66|CG1214161|-35|-65
511|6|1|986|6|CG1214164|-26|-66|CG1214165|-25|-66|CG1214166|-25|-66|CG1214167|-23|-66|CG1214168|-25|-68|CG1214169|-25|-67
511|6|2|600|5|CG1325693|-56|-115|CG1325694|-66|-158|CG1325695|-93|-143|CG1325696|-109|-126|CG1325697|-81|-115
511|6|3|510|6|CG1214654|-16|-65|CG1214655|-19|-66|CG1214656|-18|-67|CG1214657|-22|-65|CG1214658|-15|-66|CG1214659|-16|-68
511|6|4|
511|6|5|2000|14|CG1214124|-34|-65|CG1214125|-22|-65|CG1214126|-27|-65|CG1214129|-39|-66|CG1214127|-47|-66|CG1214128|-51|-66|CG1214127|-47|-66|CG1214129|-39|-66|CG1214127|-47|-66|CG1214128|-51|-66|CG1214127|-47|-66|CG1214129|-39|-66|CG1214130|-25|-78|CG1214131|-35|-61
511|6|6|1190|10|CG1214145|-28|-61|CG1214147|-27|-58|CG1214148|-24|-55|CG1214148|-24|-55|CG1214149|-25|-66|CG1214150|-34|-80|CG1214151|-35|-85|CG1214152|-28|-78|CG1214153|-29|-66|CG1214154|-29|-61
511|6|7|1000|9|CG1214696|-20|-68|CG1214698|-17|-68|CG1214699|-8|-67|CG1214700|-34|-67|CG1214701|-34|-50|CG1214702|-40|-56|CG1214703|-38|-53|CG1214704|-36|-52|CG1214705|-38|-51
511|6|8|1000|2|CG1214140|-33|-60|CG1214141|-22|-69
511|6|9|1000|1|CG1214142|-28|-43
511|6|10|986|6|CG1214134|-42|-63|CG1214135|-43|-54|CG1214136|-37|-43|CG1214137|-38|-37|CG1214138|-48|-35|CG1214139|-59|-25
511|7|0|1190|4|CG1214206|-15|-64|CG1214207|-14|-65|CG1214208|-14|-65|CG1214209|-14|-65
511|7|1|986|6|CG1214212|-23|-64|CG1214213|-17|-64|CG1214214|-19|-63|CG1214215|-23|-63|CG1214216|-16|-65|CG1214217|-19|-64
511|7|2|600|5|CG1325749|-65|-111|CG1325750|-73|-164|CG1325751|-68|-170|CG1325752|-60|-150|CG1325753|-60|-127
511|7|3|510|6|CG1214725|-22|-65|CG1214726|-17|-65|CG1214727|-20|-67|CG1214728|-22|-65|CG1214729|-17|-66|CG1214730|-20|-67
511|7|4|
511|7|5|2000|14|CG1214172|-28|-66|CG1214173|-27|-66|CG1214174|-60|-68|CG1214177|-57|-72|CG1214175|-56|-69|CG1214176|-51|-66|CG1214175|-56|-69|CG1214177|-57|-72|CG1214175|-56|-69|CG1214176|-51|-66|CG1214175|-56|-69|CG1214177|-57|-72|CG1214178|-37|-82|CG1214179|-34|-68
511|7|6|1190|10|CG1214193|-31|-61|CG1214195|-32|-58|CG1214196|-37|-56|CG1214196|-37|-56|CG1214197|-27|-73|CG1214198|-34|-83|CG1214199|-32|-83|CG1214200|-22|-79|CG1214201|-52|-69|CG1214202|-32|-64
511|7|7|1000|9|CG1214767|-15|-65|CG1214769|-13|-63|CG1214770|-13|-60|CG1214771|-35|-69|CG1214772|-43|-58|CG1214773|-45|-64|CG1214774|-43|-63|CG1214775|-46|-63|CG1214776|-48|-63
511|7|8|1000|2|CG1214188|-22|-62|CG1214189|-19|-69
511|7|9|1000|1|CG1214190|-29|-51
511|7|10|986|6|CG1214182|-42|-64|CG1214183|-39|-60|CG1214184|-50|-49|CG1214185|-49|-48|CG1214186|-63|-42|CG1214187|-66|-40
