524|0|0|1190|4|CG1219642|-15|-64|CG1219643|-15|-64|CG1219644|-15|-64|CG1219645|-15|-64
524|0|1|986|6|CG1219659|-22|-63|CG1219660|-20|-63|CG1219661|-21|-63|CG1219662|-21|-63|CG1219663|-21|-65|CG1219664|-20|-64
524|0|2|600|5|CG1325357|-54|-113|CG1325358|-66|-144|CG1325359|-95|-176|CG1325360|-103|-137|CG1325361|-78|-106
524|0|3|510|6|CG1219604|-22|-64|CG1219605|-18|-65|CG1219606|-19|-66|CG1219607|-18|-64|CG1219608|-19|-65|CG1219609|-18|-67
524|0|4|
524|0|5|799|13|CG1219596|-16|-62|CG1219597|-16|-61|CG1219598|-16|-61|CG1219598|-16|-61|CG1219598|-16|-61|CG1219599|-40|-70|CG1219599|-40|-70|CG1219600|-41|-70|CG1219600|-41|-70|CG1219600|-41|-70|CG1219601|-43|-70|CG1219602|-38|-71|CG1219603|-21|-66
524|0|6|1190|10|CG1219628|-19|-60|CG1219630|-22|-58|CG1219631|-19|-56|CG1219631|-19|-56|CG1219632|-28|-65|CG1219633|-27|-76|CG1219634|-27|-84|CG1219635|-18|-77|CG1219636|-26|-70|CG1219637|-28|-66
524|0|7|1000|9|CG1219646|-16|-62|CG1219648|-16|-59|CG1219649|-16|-55|CG1219650|-33|-72|CG1219651|-37|-66|CG1219652|-40|-73|CG1219653|-40|-72|CG1219654|-35|-73|CG1219655|-36|-73
524|0|8|1000|2|CG1219619|-23|-62|CG1219620|-13|-56
524|0|9|1000|1|CG1219625|-21|-55
524|0|10|986|6|CG1219613|-24|-63|CG1219614|-27|-64|CG1219615|-24|-57|CG1219616|-34|-58|CG1219617|-46|-53|CG1219618|-46|-44
524|1|0|1190|4|CG1219713|-21|-64|CG1219714|-20|-64|CG1219715|-18|-64|CG1219716|-20|-64
524|1|1|986|6|CG1219730|-21|-63|CG1219731|-21|-64|CG1219732|-22|-63|CG1219733|-20|-63|CG1219734|-18|-64|CG1219735|-20|-63
524|1|2|600|5|CG1325413|-100|-113|CG1325414|-102|-107|CG1325415|-90|-159|CG1325416|-142|-98|CG1325417|-131|-103
524|1|3|510|6|CG1219675|-19|-64|CG1219676|-20|-65|CG1219677|-20|-67|CG1219678|-20|-64|CG1219679|-19|-65|CG1219680|-19|-67
524|1|4|
524|1|5|799|13|CG1219667|-20|-61|CG1219668|-21|-60|CG1219669|-20|-59|CG1219669|-20|-59|CG1219669|-20|-59|CG1219670|-19|-74|CG1219670|-19|-74|CG1219671|-19|-74|CG1219671|-19|-74|CG1219671|-19|-74|CG1219672|-19|-74|CG1219673|-19|-75|CG1219674|-20|-68
524|1|6|1190|10|CG1219699|-21|-61|CG1219701|-20|-59|CG1219702|-19|-57|CG1219702|-19|-57|CG1219703|-23|-67|CG1219704|-25|-79|CG1219705|-20|-82|CG1219706|-22|-77|CG1219707|-33|-72|CG1219708|-21|-66
524|1|7|1000|9|CG1219717|-20|-61|CG1219719|-22|-57|CG1219720|-23|-54|CG1219721|-25|-75|CG1219722|-23|-71|CG1219723|-24|-78|CG1219724|-22|-76|CG1219725|-19|-77|CG1219726|-19|-77
524|1|8|1000|2|CG1219690|-18|-62|CG1219691|-24|-48
524|1|9|1000|1|CG1219696|-19|-57
524|1|10|986|6|CG1219684|-18|-63|CG1219685|-19|-62|CG1219686|-14|-57|CG1219687|-16|-62|CG1219688|-17|-58|CG1219689|-13|-51
524|2|0|1190|4|CG1219784|-20|-64|CG1219785|-20|-64|CG1219786|-20|-64|CG1219787|-20|-64
524|2|1|986|6|CG1219801|-22|-63|CG1219802|-23|-65|CG1219803|-21|-64|CG1219804|-20|-63|CG1219805|-21|-63|CG1219806|-20|-63
524|2|2|600|5|CG1325469|-119|-113|CG1325470|-90|-142|CG1325471|-82|-174|CG1325472|-99|-116|CG1325473|-109|-103
524|2|3|510|6|CG1219746|-25|-64|CG1219747|-25|-65|CG1219748|-24|-67|CG1219749|-26|-64|CG1219750|-23|-65|CG1219751|-24|-66
524|2|4|
524|2|5|799|13|CG1219738|-24|-61|CG1219739|-22|-61|CG1219740|-22|-61|CG1219740|-22|-61|CG1219740|-22|-61|CG1219741|-14|-70|CG1219741|-14|-70|CG1219742|-8|-70|CG1219742|-8|-70|CG1219742|-8|-70|CG1219743|-2|-70|CG1219744|-7|-71|CG1219745|-16|-67
524|2|6|1190|10|CG1219770|-21|-61|CG1219772|-21|-59|CG1219773|-20|-57|CG1219773|-20|-57|CG1219774|-20|-69|CG1219775|-22|-80|CG1219776|-17|-83|CG1219777|-21|-77|CG1219778|-25|-71|CG1219779|-19|-65
524|2|7|1000|9|CG1219788|-24|-61|CG1219790|-28|-59|CG1219791|-30|-57|CG1219792|-19|-75|CG1219793|-16|-69|CG1219794|-7|-76|CG1219795|-3|-73|CG1219796|1|-73|CG1219797|3|-73
524|2|8|1000|2|CG1219761|-24|-63|CG1219762|-39|-58
524|2|9|1000|1|CG1219767|-19|-55
524|2|10|986|6|CG1219755|-19|-62|CG1219756|-10|-61|CG1219757|-5|-51|CG1219758|-7|-55|CG1219759|-11|-51|CG1219760|-7|-44
524|3|0|1190|4|CG1219855|-17|-65|CG1219856|-17|-65|CG1219857|-17|-64|CG1219858|-17|-65
524|3|1|986|6|CG1219872|-21|-64|CG1219873|-17|-66|CG1219874|-18|-66|CG1219875|-20|-65|CG1219876|-17|-66|CG1219877|-17|-64
524|3|2|600|5|CG1325525|-125|-117|CG1325526|-119|-165|CG1325527|-116|-175|CG1325528|-58|-136|CG1325529|-81|-129
524|3|3|510|6|CG1219817|-27|-65|CG1219818|-25|-66|CG1219819|-26|-67|CG1219820|-27|-65|CG1219821|-25|-65|CG1219822|-26|-67
524|3|4|
524|3|5|799|13|CG1219809|-23|-65|CG1219810|-22|-65|CG1219811|-27|-64|CG1219811|-27|-64|CG1219811|-27|-64|CG1219812|-10|-62|CG1219812|-10|-62|CG1219813|-2|-62|CG1219813|-2|-62|CG1219813|-2|-62|CG1219814|3|-60|CG1219815|4|-63|CG1219816|-8|-65
524|3|6|1190|10|CG1219841|-14|-62|CG1219843|-14|-59|CG1219844|-14|-56|CG1219844|-14|-56|CG1219845|-20|-70|CG1219846|-16|-78|CG1219847|-21|-83|CG1219848|-31|-75|CG1219849|-19|-70|CG1219850|-16|-63
524|3|7|1000|9|CG1219859|-23|-65|CG1219861|-28|-64|CG1219862|-32|-62|CG1219863|-20|-73|CG1219864|-13|-64|CG1219865|-2|-68|CG1219866|2|-65|CG1219867|7|-63|CG1219868|9|-63
524|3|8|1000|2|CG1219832|-20|-64|CG1219833|-44|-67
524|3|9|1000|1|CG1219838|-18|-54
524|3|10|986|6|CG1219826|-15|-61|CG1219827|-11|-57|CG1219828|-8|-46|CG1219829|-5|-44|CG1219830|-10|-37|CG1219831|-10|-25
524|4|0|1190|4|CG1219926|-21|-66|CG1219927|-21|-65|CG1219928|-20|-65|CG1219929|-21|-65
524|4|1|986|6|CG1219943|-19|-65|CG1219944|-21|-67|CG1219945|-20|-67|CG1219946|-22|-65|CG1219947|-23|-66|CG1219948|-21|-65
524|4|2|600|5|CG1325581|-118|-123|CG1325582|-92|-162|CG1325583|-82|-152|CG1325584|-98|-119|CG1325585|-112|-122
524|4|3|510|6|CG1219888|-25|-65|CG1219889|-23|-66|CG1219890|-23|-67|CG1219891|-24|-65|CG1219892|-23|-66|CG1219893|-24|-67
524|4|4|
524|4|5|799|13|CG1219880|-25|-68|CG1219881|-25|-68|CG1219882|-27|-68|CG1219882|-27|-68|CG1219882|-27|-68|CG1219883|-6|-52|CG1219883|-6|-52|CG1219884|-5|-52|CG1219884|-5|-52|CG1219884|-5|-52|CG1219885|-5|-49|CG1219886|-7|-54|CG1219887|-16|-63
524|4|6|1190|10|CG1219912|-16|-62|CG1219914|-15|-59|CG1219915|-15|-56|CG1219915|-15|-56|CG1219916|-14|-69|CG1219917|-14|-78|CG1219918|-21|-80|CG1219919|-26|-76|CG1219920|-23|-67|CG1219921|-19|-60
524|4|7|1000|9|CG1219930|-25|-68|CG1219932|-28|-68|CG1219933|-30|-68|CG1219934|-21|-69|CG1219935|-10|-55|CG1219936|-8|-60|CG1219937|-6|-55|CG1219938|1|-52|CG1219939|1|-51
524|4|8|1000|2|CG1219903|-19|-63|CG1219904|-41|-70
524|4|9|1000|1|CG1219909|-19|-49
524|4|10|986|6|CG1219897|-17|-62|CG1219898|-14|-53|CG1219899|-13|-41|CG1219900|-14|-33|CG1219901|-16|-23|CG1219902|-19|-11
524|5|0|1190|4|CG1219997|-18|-65|CG1219998|-19|-66|CG1219999|-21|-65|CG1220000|-19|-66
524|5|1|986|6|CG1220014|-20|-65|CG1220015|-18|-67|CG1220016|-16|-66|CG1220017|-17|-65|CG1220018|-21|-67|CG1220019|-22|-66
524|5|2|600|5|CG1325637|-87|-102|CG1325638|-101|-134|CG1325639|-81|-118|CG1325640|-146|-102|CG1325641|-132|-115
524|5|3|510|6|CG1219959|-20|-66|CG1219960|-19|-66|CG1219961|-19|-67|CG1219962|-19|-66|CG1219963|-20|-66|CG1219964|-20|-67
524|5|4|
524|5|5|799|13|CG1219951|-19|-69|CG1219952|-17|-69|CG1219953|-17|-69|CG1219953|-17|-69|CG1219953|-17|-69|CG1219954|-20|-48|CG1219954|-20|-48|CG1219955|-20|-48|CG1219955|-20|-48|CG1219955|-20|-48|CG1219956|-20|-44|CG1219957|-20|-50|CG1219958|-19|-62
524|5|6|1190|10|CG1219983|-18|-61|CG1219985|-18|-58|CG1219986|-19|-55|CG1219986|-19|-55|CG1219987|-17|-66|CG1219988|-15|-78|CG1219989|-31|-77|CG1219990|-30|-78|CG1219991|-20|-66|CG1219992|-27|-60
524|5|7|1000|9|CG1220001|-19|-69|CG1220003|-22|-69|CG1220004|-19|-69|CG1220005|-16|-66|CG1220006|-15|-48|CG1220007|-19|-53|CG1220008|-19|-50|CG1220009|-20|-48|CG1220010|-20|-47
524|5|8|1000|2|CG1219974|-23|-59|CG1219975|-26|-72
524|5|9|1000|1|CG1219980|-19|-48
524|5|10|986|6|CG1219968|-23|-62|CG1219969|-27|-52|CG1219970|-33|-39|CG1219971|-26|-30|CG1219972|-29|-18|CG1219973|-33|-12
524|6|0|1190|4|CG1220068|-16|-65|CG1220069|-16|-65|CG1220070|-16|-66|CG1220071|-16|-65
524|6|1|986|6|CG1220085|-15|-65|CG1220086|-17|-66|CG1220087|-18|-65|CG1220088|-23|-65|CG1220089|-16|-67|CG1220090|-13|-67
524|6|2|600|5|CG1325693|-56|-115|CG1325694|-66|-158|CG1325695|-93|-143|CG1325696|-109|-126|CG1325697|-81|-115
524|6|3|510|6|CG1220030|-16|-65|CG1220031|-19|-66|CG1220032|-18|-67|CG1220033|-22|-65|CG1220034|-15|-66|CG1220035|-16|-68
524|6|4|
524|6|5|799|13|CG1220022|-12|-68|CG1220023|-11|-69|CG1220024|-8|-70|CG1220024|-8|-70|CG1220024|-8|-70|CG1220025|-42|-52|CG1220025|-42|-52|CG1220026|-43|-52|CG1220026|-43|-52|CG1220026|-43|-52|CG1220027|-45|-49|CG1220028|-39|-54|CG1220029|-25|-63
524|6|6|1190|10|CG1220054|-18|-61|CG1220056|-20|-58|CG1220057|-18|-55|CG1220057|-18|-55|CG1220058|-24|-63|CG1220059|-27|-75|CG1220060|-26|-79|CG1220061|-28|-78|CG1220062|-23|-66|CG1220063|-24|-61
524|6|7|1000|9|CG1220072|-20|-68|CG1220074|-17|-68|CG1220075|-8|-67|CG1220076|-34|-67|CG1220077|-34|-50|CG1220078|-40|-56|CG1220079|-38|-53|CG1220080|-36|-52|CG1220081|-38|-51
524|6|8|1000|2|CG1220045|-23|-60|CG1220046|-18|-69
524|6|9|1000|1|CG1220051|-22|-49
524|6|10|986|6|CG1220039|-26|-63|CG1220040|-33|-54|CG1220041|-37|-43|CG1220042|-37|-37|CG1220043|-48|-26|CG1220044|-59|-17
524|7|0|1190|4|CG1220139|-15|-64|CG1220140|-14|-65|CG1220141|-14|-65|CG1220142|-14|-65
524|7|1|986|6|CG1220156|-23|-65|CG1220157|-14|-66|CG1220158|-18|-64|CG1220159|-23|-64|CG1220160|-15|-66|CG1220161|-19|-66
524|7|2|600|5|CG1325749|-65|-111|CG1325750|-73|-164|CG1325751|-68|-170|CG1325752|-60|-150|CG1325753|-60|-127
524|7|3|510|6|CG1220101|-22|-65|CG1220102|-17|-65|CG1220103|-20|-67|CG1220104|-22|-65|CG1220105|-17|-66|CG1220106|-20|-67
524|7|4|
524|7|5|799|13|CG1220093|-14|-65|CG1220094|-13|-65|CG1220095|-13|-65|CG1220095|-13|-65|CG1220095|-13|-65|CG1220096|-46|-62|CG1220096|-46|-62|CG1220097|-47|-62|CG1220097|-47|-62|CG1220097|-47|-62|CG1220098|-50|-60|CG1220099|-43|-63|CG1220100|-29|-65
524|7|6|1190|10|CG1220125|-18|-61|CG1220127|-21|-58|CG1220128|-19|-56|CG1220128|-19|-56|CG1220129|-24|-63|CG1220130|-32|-73|CG1220131|-27|-83|CG1220132|-22|-79|CG1220133|-26|-69|CG1220134|-28|-64
524|7|7|1000|9|CG1220143|-15|-65|CG1220145|-13|-63|CG1220146|-13|-60|CG1220147|-35|-69|CG1220148|-43|-58|CG1220149|-45|-64|CG1220150|-43|-63|CG1220151|-46|-63|CG1220152|-48|-63
524|7|8|1000|2|CG1220116|-20|-62|CG1220117|-19|-62
524|7|9|1000|1|CG1220122|-26|-54
524|7|10|986|6|CG1220110|-22|-64|CG1220111|-35|-60|CG1220112|-36|-49|CG1220113|-49|-48|CG1220114|-63|-42|CG1220115|-66|-26
