518|0|0|1190|4|CG1216954|-15|-64|CG1216955|-15|-64|CG1216956|-15|-64|CG1216957|-15|-64
518|0|1|986|6|CG1216971|-22|-63|CG1216972|-20|-63|CG1216973|-21|-63|CG1216974|-21|-63|CG1216975|-21|-65|CG1216976|-20|-64
518|0|2|600|5|CG1325357|-54|-113|CG1325358|-66|-144|CG1325359|-95|-176|CG1325360|-103|-137|CG1325361|-78|-106
518|0|3|510|6|CG1216916|-22|-64|CG1216917|-18|-65|CG1216918|-19|-66|CG1216919|-18|-64|CG1216920|-19|-65|CG1216921|-18|-67
518|0|4|
518|0|5|799|13|CG1216908|-16|-62|CG1216909|-16|-61|CG1216910|-16|-61|CG1216910|-16|-61|CG1216910|-16|-61|CG1216911|-40|-70|CG1216911|-40|-70|CG1216912|-41|-70|CG1216912|-41|-70|CG1216912|-41|-70|CG1216913|-43|-70|CG1216914|-38|-71|CG1216915|-21|-66
518|0|6|1190|10|CG1216940|-19|-60|CG1216942|-22|-58|CG1216943|-19|-56|CG1216943|-19|-56|CG1216944|-28|-65|CG1216945|-27|-76|CG1216946|-27|-84|CG1216947|-18|-77|CG1216948|-26|-70|CG1216949|-28|-66
518|0|7|1000|9|CG1216958|-16|-62|CG1216960|-16|-59|CG1216961|-16|-55|CG1216962|-33|-72|CG1216963|-37|-66|CG1216964|-40|-73|CG1216965|-40|-72|CG1216966|-35|-73|CG1216967|-36|-73
518|0|8|1000|2|CG1216931|-23|-62|CG1216932|-13|-56
518|0|9|1000|1|CG1216937|-21|-55
518|0|10|986|6|CG1216925|-24|-63|CG1216926|-27|-64|CG1216927|-24|-57|CG1216928|-34|-58|CG1216929|-46|-53|CG1216930|-46|-44
518|1|0|1190|4|CG1217025|-21|-64|CG1217026|-20|-64|CG1217027|-18|-64|CG1217028|-20|-64
518|1|1|986|6|CG1217042|-21|-63|CG1217043|-21|-64|CG1217044|-22|-63|CG1217045|-20|-63|CG1217046|-18|-64|CG1217047|-20|-63
518|1|2|600|5|CG1325413|-100|-113|CG1325414|-102|-107|CG1325415|-90|-159|CG1325416|-142|-98|CG1325417|-131|-103
518|1|3|510|6|CG1216987|-19|-64|CG1216988|-20|-65|CG1216989|-20|-67|CG1216990|-20|-64|CG1216991|-19|-65|CG1216992|-19|-67
518|1|4|
518|1|5|799|13|CG1216979|-20|-61|CG1216980|-21|-60|CG1216981|-20|-59|CG1216981|-20|-59|CG1216981|-20|-59|CG1216982|-19|-74|CG1216982|-19|-74|CG1216983|-19|-74|CG1216983|-19|-74|CG1216983|-19|-74|CG1216984|-19|-74|CG1216985|-19|-75|CG1216986|-20|-68
518|1|6|1190|10|CG1217011|-21|-61|CG1217013|-20|-59|CG1217014|-19|-57|CG1217014|-19|-57|CG1217015|-23|-67|CG1217016|-26|-79|CG1217017|-20|-82|CG1217018|-22|-77|CG1217019|-33|-72|CG1217020|-21|-66
518|1|7|1000|9|CG1217029|-20|-61|CG1217031|-22|-57|CG1217032|-23|-54|CG1217033|-25|-75|CG1217034|-23|-71|CG1217035|-24|-78|CG1217036|-22|-76|CG1217037|-19|-77|CG1217038|-19|-77
518|1|8|1000|2|CG1217002|-18|-62|CG1217003|-24|-48
518|1|9|1000|1|CG1217008|-19|-57
518|1|10|986|6|CG1216996|-18|-63|CG1216997|-19|-62|CG1216998|-14|-57|CG1216999|-16|-62|CG1217000|-17|-58|CG1217001|-13|-51
518|2|0|1190|4|CG1217096|-20|-64|CG1217097|-20|-64|CG1217098|-20|-64|CG1217099|-20|-64
518|2|1|986|6|CG1217113|-22|-63|CG1217114|-23|-65|CG1217115|-21|-64|CG1217116|-20|-63|CG1217117|-21|-63|CG1217118|-20|-63
518|2|2|600|5|CG1325469|-119|-113|CG1325470|-90|-142|CG1325471|-82|-174|CG1325472|-99|-116|CG1325473|-109|-103
518|2|3|510|6|CG1217058|-25|-64|CG1217059|-25|-65|CG1217060|-24|-67|CG1217061|-26|-64|CG1217062|-23|-65|CG1217063|-24|-66
518|2|4|
518|2|5|799|13|CG1217050|-24|-61|CG1217051|-22|-61|CG1217052|-22|-61|CG1217052|-22|-61|CG1217052|-22|-61|CG1217053|-14|-70|CG1217053|-14|-70|CG1217054|-8|-70|CG1217054|-8|-70|CG1217054|-8|-70|CG1217055|-2|-70|CG1217056|-7|-71|CG1217057|-16|-67
518|2|6|1190|10|CG1217082|-21|-61|CG1217084|-21|-59|CG1217085|-20|-57|CG1217085|-20|-57|CG1217086|-20|-69|CG1217087|-22|-80|CG1217088|-17|-83|CG1217089|-21|-77|CG1217090|-25|-71|CG1217091|-19|-65
518|2|7|1000|9|CG1217100|-24|-61|CG1217102|-28|-59|CG1217103|-30|-57|CG1217104|-19|-75|CG1217105|-16|-69|CG1217106|-7|-76|CG1217107|-3|-73|CG1217108|1|-73|CG1217109|3|-73
518|2|8|1000|2|CG1217073|-24|-63|CG1217074|-39|-58
518|2|9|1000|1|CG1217079|-19|-55
518|2|10|986|6|CG1217067|-19|-62|CG1217068|-10|-61|CG1217069|-5|-51|CG1217070|-7|-55|CG1217071|-11|-51|CG1217072|-7|-44
518|3|0|1190|4|CG1217167|-17|-65|CG1217168|-17|-65|CG1217169|-17|-64|CG1217170|-17|-65
518|3|1|986|6|CG1217184|-21|-64|CG1217185|-17|-66|CG1217186|-18|-66|CG1217187|-20|-65|CG1217188|-17|-66|CG1217189|-17|-64
518|3|2|600|5|CG1325525|-125|-117|CG1325526|-119|-165|CG1325527|-116|-175|CG1325528|-58|-136|CG1325529|-81|-129
518|3|3|510|6|CG1217129|-27|-65|CG1217130|-25|-66|CG1217131|-26|-67|CG1217132|-27|-65|CG1217133|-25|-65|CG1217134|-26|-67
518|3|4|
518|3|5|799|13|CG1217121|-23|-65|CG1217122|-22|-65|CG1217123|-27|-64|CG1217123|-27|-64|CG1217123|-27|-64|CG1217124|-10|-62|CG1217124|-10|-62|CG1217125|-2|-62|CG1217125|-2|-62|CG1217125|-2|-62|CG1217126|3|-60|CG1217127|4|-63|CG1217128|-8|-65
518|3|6|1190|10|CG1217153|-14|-62|CG1217155|-14|-59|CG1217156|-14|-56|CG1217156|-14|-56|CG1217157|-20|-70|CG1217158|-16|-78|CG1217159|-21|-83|CG1217160|-31|-75|CG1217161|-19|-70|CG1217162|-16|-63
518|3|7|1000|9|CG1217171|-23|-65|CG1217173|-28|-64|CG1217174|-32|-62|CG1217175|-20|-73|CG1217176|-13|-64|CG1217177|-2|-68|CG1217178|2|-65|CG1217179|7|-63|CG1217180|9|-63
518|3|8|1000|2|CG1217144|-20|-64|CG1217145|-44|-67
518|3|9|1000|1|CG1217150|-18|-54
518|3|10|986|6|CG1217138|-15|-61|CG1217139|-11|-57|CG1217140|-8|-46|CG1217141|-5|-44|CG1217142|-10|-37|CG1217143|-10|-25
518|4|0|1190|4|CG1217238|-21|-66|CG1217239|-21|-65|CG1217240|-21|-65|CG1217241|-21|-65
518|4|1|986|6|CG1217255|-19|-65|CG1217256|-21|-67|CG1217257|-20|-67|CG1217258|-22|-65|CG1217259|-23|-66|CG1217260|-21|-65
518|4|2|600|5|CG1325581|-118|-123|CG1325582|-92|-162|CG1325583|-82|-152|CG1325584|-98|-119|CG1325585|-112|-122
518|4|3|510|6|CG1217200|-25|-65|CG1217201|-23|-66|CG1217202|-23|-67|CG1217203|-24|-65|CG1217204|-23|-66|CG1217205|-24|-67
518|4|4|
518|4|5|799|13|CG1217192|-25|-68|CG1217193|-26|-68|CG1217194|-27|-68|CG1217194|-27|-68|CG1217194|-27|-68|CG1217195|-6|-52|CG1217195|-6|-52|CG1217196|-5|-52|CG1217196|-5|-52|CG1217196|-5|-52|CG1217197|-5|-49|CG1217198|-7|-54|CG1217199|-16|-63
518|4|6|1190|10|CG1217224|-16|-62|CG1217226|-16|-59|CG1217227|-15|-56|CG1217227|-15|-56|CG1217228|-14|-69|CG1217229|-14|-78|CG1217230|-21|-80|CG1217231|-26|-76|CG1217232|-23|-67|CG1217233|-19|-60
518|4|7|1000|9|CG1217242|-25|-68|CG1217244|-28|-68|CG1217245|-30|-68|CG1217246|-21|-69|CG1217247|-10|-55|CG1217248|-8|-60|CG1217249|-6|-55|CG1217250|1|-52|CG1217251|1|-51
518|4|8|1000|2|CG1217215|-19|-63|CG1217216|-41|-70
518|4|9|1000|1|CG1217221|-19|-49
518|4|10|986|6|CG1217209|-17|-62|CG1217210|-14|-53|CG1217211|-13|-41|CG1217212|-14|-33|CG1217213|-16|-23|CG1217214|-19|-11
518|5|0|1190|4|CG1217309|-18|-65|CG1217310|-19|-66|CG1217311|-21|-65|CG1217312|-19|-66
518|5|1|986|6|CG1217326|-20|-65|CG1217327|-18|-67|CG1217328|-16|-66|CG1217329|-17|-65|CG1217330|-21|-67|CG1217331|-22|-66
518|5|2|600|5|CG1325637|-87|-102|CG1325638|-101|-134|CG1325639|-81|-118|CG1325640|-146|-102|CG1325641|-132|-115
518|5|3|510|6|CG1217271|-20|-66|CG1217272|-19|-66|CG1217273|-19|-67|CG1217274|-19|-66|CG1217275|-20|-66|CG1217276|-20|-67
518|5|4|
518|5|5|799|13|CG1217263|-19|-69|CG1217264|-17|-69|CG1217265|-17|-69|CG1217265|-17|-69|CG1217265|-17|-69|CG1217266|-20|-48|CG1217266|-20|-48|CG1217267|-20|-48|CG1217267|-20|-48|CG1217267|-20|-48|CG1217268|-20|-44|CG1217269|-20|-50|CG1217270|-19|-62
518|5|6|1190|10|CG1217295|-18|-61|CG1217297|-18|-58|CG1217298|-19|-55|CG1217298|-19|-55|CG1217299|-17|-66|CG1217300|-15|-78|CG1217301|-31|-77|CG1217302|-30|-78|CG1217303|-20|-66|CG1217304|-27|-60
518|5|7|1000|9|CG1217313|-19|-69|CG1217315|-22|-69|CG1217316|-19|-69|CG1217317|-16|-66|CG1217318|-15|-48|CG1217319|-19|-53|CG1217320|-20|-50|CG1217321|-20|-48|CG1217322|-20|-47
518|5|8|1000|2|CG1217286|-23|-59|CG1217287|-26|-72
518|5|9|1000|1|CG1217292|-19|-48
518|5|10|986|6|CG1217280|-23|-62|CG1217281|-27|-52|CG1217282|-33|-39|CG1217283|-26|-30|CG1217284|-29|-18|CG1217285|-33|-12
518|6|0|1190|4|CG1217380|-16|-65|CG1217381|-16|-65|CG1217382|-16|-66|CG1217383|-16|-65
518|6|1|986|6|CG1217397|-15|-65|CG1217398|-17|-66|CG1217399|-18|-65|CG1217400|-23|-65|CG1217401|-16|-67|CG1217402|-13|-67
518|6|2|600|5|CG1325693|-56|-115|CG1325694|-66|-158|CG1325695|-93|-143|CG1325696|-109|-126|CG1325697|-81|-115
518|6|3|510|6|CG1217342|-16|-65|CG1217343|-19|-66|CG1217344|-18|-67|CG1217345|-22|-65|CG1217346|-15|-66|CG1217347|-16|-68
518|6|4|
518|6|5|799|13|CG1217334|-12|-68|CG1217335|-11|-69|CG1217336|-8|-70|CG1217336|-8|-70|CG1217336|-8|-70|CG1217337|-42|-52|CG1217337|-42|-52|CG1217338|-43|-52|CG1217338|-43|-52|CG1217338|-43|-52|CG1217339|-45|-49|CG1217340|-39|-54|CG1217341|-25|-63
518|6|6|1190|10|CG1217366|-18|-61|CG1217368|-20|-58|CG1217369|-18|-55|CG1217369|-18|-55|CG1217370|-24|-63|CG1217371|-27|-75|CG1217372|-26|-79|CG1217373|-28|-78|CG1217374|-23|-66|CG1217375|-24|-61
518|6|7|1000|9|CG1217384|-20|-68|CG1217386|-17|-68|CG1217387|-8|-67|CG1217388|-34|-67|CG1217389|-34|-50|CG1217390|-40|-56|CG1217391|-38|-53|CG1217392|-36|-52|CG1217393|-38|-51
518|6|8|1000|2|CG1217357|-23|-60|CG1217358|-18|-69
518|6|9|1000|1|CG1217363|-22|-49
518|6|10|986|6|CG1217351|-26|-63|CG1217352|-33|-54|CG1217353|-37|-43|CG1217354|-37|-37|CG1217355|-48|-26|CG1217356|-59|-17
518|7|0|1190|4|CG1217451|-15|-64|CG1217452|-14|-65|CG1217453|-14|-65|CG1217454|-14|-65
518|7|1|986|6|CG1217468|-23|-65|CG1217469|-14|-66|CG1217470|-18|-64|CG1217471|-23|-64|CG1217472|-15|-66|CG1217473|-19|-66
518|7|2|600|5|CG1325749|-65|-111|CG1325750|-73|-164|CG1325751|-68|-170|CG1325752|-60|-150|CG1325753|-60|-127
518|7|3|510|6|CG1217413|-22|-65|CG1217414|-17|-65|CG1217415|-20|-67|CG1217416|-22|-65|CG1217417|-17|-66|CG1217418|-20|-67
518|7|4|
518|7|5|799|13|CG1217405|-14|-65|CG1217406|-13|-65|CG1217407|-13|-65|CG1217407|-13|-65|CG1217407|-13|-65|CG1217408|-46|-62|CG1217408|-46|-62|CG1217409|-47|-62|CG1217409|-47|-62|CG1217409|-47|-62|CG1217410|-50|-60|CG1217411|-43|-63|CG1217412|-29|-65
518|7|6|1190|10|CG1217437|-18|-61|CG1217439|-21|-58|CG1217440|-19|-56|CG1217440|-19|-56|CG1217441|-24|-63|CG1217442|-32|-73|CG1217443|-27|-83|CG1217444|-22|-79|CG1217445|-26|-69|CG1217446|-28|-64
518|7|7|1000|9|CG1217455|-15|-65|CG1217457|-13|-63|CG1217458|-13|-60|CG1217459|-35|-69|CG1217460|-43|-58|CG1217461|-45|-64|CG1217462|-43|-63|CG1217463|-46|-63|CG1217464|-48|-63
518|7|8|1000|2|CG1217428|-20|-62|CG1217429|-19|-62
518|7|9|1000|1|CG1217434|-26|-54
518|7|10|986|6|CG1217422|-22|-64|CG1217423|-35|-60|CG1217424|-36|-49|CG1217425|-49|-48|CG1217426|-63|-42|CG1217427|-66|-27
