534|0|0|1088|4|CG1223969|-17|-71|CG1223970|-16|-71|CG1223971|-16|-71|CG1223972|-16|-71
534|0|1|799|6|CG1223975|-20|-69|CG1223976|-19|-71|CG1223977|-14|-71|CG1223978|-20|-69|CG1223979|-20|-70|CG1223980|-22|-70
534|0|2|600|5|CG1325357|-54|-113|CG1325358|-66|-144|CG1325359|-95|-176|CG1325360|-103|-137|CG1325361|-78|-106
534|0|3|493|6|CG1223941|-24|-71|CG1223942|-20|-73|CG1223943|-16|-73|CG1223944|-21|-71|CG1223945|-23|-73|CG1223946|-27|-73
534|0|4|
534|0|5|799|10|CG1223932|-18|-70|CG1223932|-18|-70|CG1223933|-10|-60|CG1223934|-8|-59|CG1223935|-14|-71|CG1223936|-25|-73|CG1223937|-42|-65|CG1223938|-45|-64|CG1223939|-45|-64|CG1223940|-34|-66
534|0|6|2295|25|CG1223960|-31|-80|CG1223961|-28|-70|CG1223962|-27|-67|CG1223963|-24|-81|CG1223964|-32|-87|CG1223965|-31|-88|CG1223964|-32|-87|CG1223965|-31|-88|CG1223964|-32|-87|CG1223965|-31|-88|CG1223964|-32|-87|CG1223965|-31|-88|CG1223964|-32|-87|CG1223965|-31|-88|CG1223964|-32|-87|CG1223965|-31|-88|CG1223964|-32|-87|CG1223965|-31|-88|CG1223964|-32|-87|CG1223965|-31|-88|CG1223964|-32|-87|CG1223965|-31|-88|CG1223964|-32|-87|CG1223963|-24|-81|CG1223962|-27|-67
534|0|7|799|6|CG1224738|-16|-67|CG1224739|-20|-61|CG1224740|-23|-64|CG1224741|-21|-75|CG1224742|-26|-79|CG1224743|-32|-72
534|0|8|1000|2|CG1223955|-35|-68|CG1223956|-9|-75
534|0|9|1000|1|CG1223957|-29|-66
534|0|10|799|6|CG1223949|-32|-70|CG1223950|-45|-69|CG1223951|-59|-80|CG1223952|-84|-68|CG1223953|-89|-62|CG1223954|-89|-57
534|1|0|1088|4|CG1224020|-14|-70|CG1224021|-14|-70|CG1224022|-15|-70|CG1224023|-14|-70
534|1|1|799|6|CG1224026|-13|-69|CG1224027|-16|-70|CG1224028|-18|-70|CG1224029|-18|-69|CG1224030|-21|-70|CG1224031|-16|-70
534|1|2|600|5|CG1325413|-100|-113|CG1325414|-102|-107|CG1325415|-90|-159|CG1325416|-142|-98|CG1325417|-131|-103
534|1|3|493|6|CG1223992|-21|-71|CG1223993|-21|-73|CG1223994|-22|-73|CG1223995|-22|-71|CG1223996|-25|-73|CG1223997|-20|-73
534|1|4|
534|1|5|799|10|CG1223983|-18|-65|CG1223983|-18|-65|CG1223984|-18|-59|CG1223985|-17|-56|CG1223986|-22|-62|CG1223987|-29|-75|CG1223988|-17|-68|CG1223989|-18|-67|CG1223990|-17|-67|CG1223991|-17|-69
534|1|6|2295|25|CG1224011|-36|-80|CG1224012|-27|-75|CG1224013|-22|-69|CG1224014|-23|-78|CG1224015|-19|-90|CG1224016|-19|-90|CG1224015|-19|-90|CG1224016|-19|-90|CG1224015|-19|-90|CG1224016|-19|-90|CG1224015|-19|-90|CG1224016|-19|-90|CG1224015|-19|-90|CG1224016|-19|-90|CG1224015|-19|-90|CG1224016|-19|-90|CG1224015|-19|-90|CG1224016|-19|-90|CG1224015|-19|-90|CG1224016|-19|-90|CG1224015|-19|-90|CG1224016|-19|-90|CG1224015|-19|-90|CG1224014|-23|-78|CG1224013|-22|-69
534|1|7|799|6|CG1224801|-16|-66|CG1224802|-19|-61|CG1224803|-21|-64|CG1224804|-27|-76|CG1224805|-25|-82|CG1224806|-28|-75
534|1|8|1000|2|CG1224006|-26|-69|CG1224007|-35|-76
534|1|9|1000|1|CG1224008|-18|-64
534|1|10|799|6|CG1224000|-25|-70|CG1224001|-29|-68|CG1224002|-29|-85|CG1224003|-25|-80|CG1224004|-32|-68|CG1224005|-32|-65
534|2|0|1088|4|CG1224071|-23|-71|CG1224072|-22|-71|CG1224073|-22|-71|CG1224074|-22|-71
534|2|1|799|6|CG1224077|-21|-69|CG1224078|-21|-70|CG1224079|-21|-70|CG1224080|-23|-69|CG1224081|-23|-71|CG1224082|-22|-71
534|2|2|600|5|CG1325469|-119|-113|CG1325470|-90|-142|CG1325471|-82|-174|CG1325472|-99|-116|CG1325473|-109|-103
534|2|3|493|6|CG1224043|-29|-71|CG1224044|-24|-73|CG1224045|-26|-73|CG1224046|-28|-71|CG1224047|-28|-73|CG1224048|-26|-73
534|2|4|
534|2|5|799|10|CG1224034|-22|-66|CG1224034|-22|-66|CG1224035|-28|-61|CG1224036|-26|-57|CG1224037|-36|-63|CG1224038|-39|-78|CG1224039|-24|-64|CG1224040|-24|-63|CG1224041|-24|-63|CG1224042|-23|-67
534|2|6|2295|25|CG1224062|-32|-79|CG1224063|-27|-73|CG1224064|-22|-67|CG1224065|-28|-70|CG1224066|-30|-86|CG1224067|-31|-86|CG1224066|-30|-86|CG1224067|-31|-86|CG1224066|-30|-86|CG1224067|-31|-86|CG1224066|-30|-86|CG1224067|-31|-86|CG1224066|-30|-86|CG1224067|-31|-86|CG1224066|-30|-86|CG1224067|-31|-86|CG1224066|-30|-86|CG1224067|-31|-86|CG1224066|-30|-86|CG1224067|-31|-86|CG1224066|-30|-86|CG1224067|-31|-86|CG1224066|-30|-86|CG1224065|-28|-70|CG1224064|-22|-67
534|2|7|799|6|CG1224864|-23|-66|CG1224865|-24|-62|CG1224866|-22|-62|CG1224867|-20|-78|CG1224868|-21|-80|CG1224869|-20|-74
534|2|8|1000|2|CG1224057|-22|-68|CG1224058|-45|-78
534|2|9|1000|1|CG1224059|-26|-62
534|2|10|799|6|CG1224051|-25|-70|CG1224052|-26|-69|CG1224053|-8|-79|CG1224054|-1|-70|CG1224055|1|-56|CG1224056|-3|-54
534|3|0|1088|4|CG1224122|-30|-70|CG1224123|-30|-71|CG1224124|-31|-70|CG1224125|-30|-71
534|3|1|799|6|CG1224128|-30|-69|CG1224129|-31|-69|CG1224130|-31|-69|CG1224131|-29|-69|CG1224132|-30|-70|CG1224133|-31|-70
534|3|2|600|5|CG1325525|-125|-117|CG1325526|-119|-165|CG1325527|-116|-175|CG1325528|-58|-136|CG1325529|-81|-129
534|3|3|493|6|CG1224094|-33|-70|CG1224095|-34|-71|CG1224096|-34|-72|CG1224097|-32|-72|CG1224098|-34|-72|CG1224099|-34|-72
534|3|4|
534|3|5|799|10|CG1224085|-22|-66|CG1224085|-22|-66|CG1224086|-33|-65|CG1224087|-55|-62|CG1224088|-41|-71|CG1224089|-34|-82|CG1224090|-20|-59|CG1224091|-20|-55|CG1224092|-20|-55|CG1224093|-21|-62
534|3|6|2295|25|CG1224113|-30|-79|CG1224114|-30|-69|CG1224115|-22|-67|CG1224116|-29|-67|CG1224117|-34|-76|CG1224118|-35|-77|CG1224117|-34|-76|CG1224118|-35|-77|CG1224117|-34|-76|CG1224118|-35|-77|CG1224117|-34|-76|CG1224118|-35|-77|CG1224117|-34|-76|CG1224118|-35|-77|CG1224117|-34|-76|CG1224118|-35|-77|CG1224117|-34|-76|CG1224118|-35|-77|CG1224117|-34|-76|CG1224118|-35|-77|CG1224117|-34|-76|CG1224118|-35|-77|CG1224117|-34|-76|CG1224116|-29|-67|CG1224115|-22|-67
534|3|7|799|6|CG1224927|-26|-68|CG1224928|-39|-63|CG1224929|-34|-61|CG1224930|-17|-75|CG1224931|-14|-77|CG1224932|-18|-71
534|3|8|1000|2|CG1224108|-21|-67|CG1224109|-55|-86
534|3|9|1000|1|CG1224110|-33|-60
534|3|10|799|6|CG1224102|-30|-68|CG1224103|-31|-66|CG1224104|-1|-59|CG1224105|11|-42|CG1224106|11|-32|CG1224107|11|-25
534|4|0|1088|4|CG1224173|-26|-72|CG1224174|-27|-72|CG1224175|-28|-72|CG1224176|-27|-72
534|4|1|799|6|CG1224179|-24|-71|CG1224180|-29|-71|CG1224181|-30|-71|CG1224182|-27|-71|CG1224183|-28|-72|CG1224184|-27|-72
534|4|2|600|5|CG1325581|-118|-123|CG1325582|-92|-162|CG1325583|-82|-152|CG1325584|-98|-119|CG1325585|-112|-122
534|4|3|493|6|CG1224145|-27|-72|CG1224146|-31|-73|CG1224147|-30|-75|CG1224148|-29|-75|CG1224149|-30|-75|CG1224150|-32|-73
534|4|4|
534|4|5|799|10|CG1224136|-23|-68|CG1224136|-23|-68|CG1224137|-52|-70|CG1224138|-59|-69|CG1224139|-33|-85|CG1224140|-16|-90|CG1224141|-15|-55|CG1224142|-14|-50|CG1224143|-8|-49|CG1224144|-11|-58
534|4|6|2295|25|CG1224164|-25|-71|CG1224165|-24|-68|CG1224166|-26|-67|CG1224167|-26|-71|CG1224168|-29|-75|CG1224169|-30|-75|CG1224168|-29|-75|CG1224169|-30|-75|CG1224168|-29|-75|CG1224169|-30|-75|CG1224168|-29|-75|CG1224169|-30|-75|CG1224168|-29|-75|CG1224169|-30|-75|CG1224168|-29|-75|CG1224169|-30|-75|CG1224168|-29|-75|CG1224169|-30|-75|CG1224168|-29|-75|CG1224169|-30|-75|CG1224168|-29|-75|CG1224169|-30|-75|CG1224168|-29|-75|CG1224167|-26|-71|CG1224166|-26|-67
534|4|7|799|6|CG1224990|-24|-71|CG1224991|-34|-66|CG1224992|-32|-64|CG1224993|-20|-72|CG1224994|-12|-75|CG1224995|-17|-70
534|4|8|1000|2|CG1224159|-24|-66|CG1224160|-46|-94
534|4|9|1000|1|CG1224161|-34|-63
534|4|10|799|6|CG1224153|-32|-67|CG1224154|-31|-62|CG1224155|-6|-47|CG1224156|3|-16|CG1224157|4|-14|CG1224158|5|-8
534|5|0|1088|4|CG1224224|-24|-73|CG1224225|-22|-73|CG1224226|-21|-73|CG1224227|-22|-73
534|5|1|799|6|CG1224230|-29|-71|CG1224231|-28|-72|CG1224232|-27|-72|CG1224233|-25|-71|CG1224234|-23|-72|CG1224235|-25|-72
534|5|2|600|5|CG1325637|-87|-102|CG1325638|-101|-134|CG1325639|-81|-118|CG1325640|-146|-102|CG1325641|-132|-115
534|5|3|493|6|CG1224196|-32|-71|CG1224197|-36|-72|CG1224198|-37|-73|CG1224199|-33|-74|CG1224200|-29|-74|CG1224201|-28|-73
534|5|4|
534|5|5|799|10|CG1224187|-45|-68|CG1224187|-45|-68|CG1224188|-46|-72|CG1224189|-41|-73|CG1224190|-25|-92|CG1224191|-18|-88|CG1224192|-21|-53|CG1224193|-25|-49|CG1224194|-19|-47|CG1224195|-18|-56
534|5|6|2295|25|CG1224215|-17|-70|CG1224216|-35|-69|CG1224217|-30|-66|CG1224218|-23|-71|CG1224219|-21|-75|CG1224220|-22|-75|CG1224219|-21|-75|CG1224220|-22|-75|CG1224219|-21|-75|CG1224220|-22|-75|CG1224219|-21|-75|CG1224220|-22|-75|CG1224219|-21|-75|CG1224220|-22|-75|CG1224219|-21|-75|CG1224220|-22|-75|CG1224219|-21|-75|CG1224220|-22|-75|CG1224219|-21|-75|CG1224220|-22|-75|CG1224219|-21|-75|CG1224220|-22|-75|CG1224219|-21|-75|CG1224218|-23|-71|CG1224217|-30|-66
534|5|7|799|6|CG1225053|-18|-73|CG1225054|-16|-67|CG1225055|-24|-64|CG1225056|-22|-70|CG1225057|-19|-73|CG1225058|-14|-68
534|5|8|1000|2|CG1224210|-32|-64|CG1224211|-22|-95
534|5|9|1000|1|CG1224212|-40|-66
534|5|10|799|6|CG1224204|-35|-68|CG1224205|-43|-69|CG1224206|-38|-45|CG1224207|-39|-15|CG1224208|-37|-5|CG1224209|-38|0
534|6|0|1088|4|CG1224275|-44|-72|CG1224276|-43|-72|CG1224277|-42|-72|CG1224278|-43|-72
534|6|1|799|6|CG1224281|-44|-71|CG1224282|-44|-72|CG1224283|-44|-72|CG1224284|-43|-71|CG1224285|-42|-71|CG1224286|-43|-71
534|6|2|600|5|CG1325693|-56|-115|CG1325694|-66|-158|CG1325695|-93|-143|CG1325696|-109|-126|CG1325697|-81|-115
534|6|3|493|6|CG1224247|-45|-72|CG1224248|-47|-73|CG1224249|-47|-74|CG1224250|-48|-74|CG1224251|-44|-74|CG1224252|-44|-73
534|6|4|
534|6|5|799|10|CG1224238|-42|-67|CG1224238|-42|-67|CG1224239|-29|-71|CG1224240|-12|-76|CG1224241|-13|-89|CG1224242|-22|-78|CG1224243|-52|-56|CG1224244|-50|-52|CG1224245|-49|-51|CG1224246|-54|-57
534|6|6|2295|25|CG1224266|-35|-70|CG1224267|-45|-68|CG1224268|-40|-67|CG1224269|-35|-71|CG1224270|-36|-74|CG1224271|-36|-74|CG1224270|-36|-74|CG1224271|-36|-74|CG1224270|-36|-74|CG1224271|-36|-74|CG1224270|-36|-74|CG1224271|-36|-74|CG1224270|-36|-74|CG1224271|-36|-74|CG1224270|-36|-74|CG1224271|-36|-74|CG1224270|-36|-74|CG1224271|-36|-74|CG1224270|-36|-74|CG1224271|-36|-74|CG1224270|-36|-74|CG1224271|-36|-74|CG1224270|-36|-74|CG1224269|-35|-71|CG1224268|-40|-67
534|6|7|799|6|CG1225116|-12|-72|CG1225117|-13|-65|CG1225118|-19|-66|CG1225119|-36|-68|CG1225120|-25|-72|CG1225121|-26|-68
534|6|8|1000|2|CG1224261|-35|-65|CG1224262|-20|-88
534|6|9|1000|1|CG1224263|-25|-65
534|6|10|799|6|CG1224255|-48|-67|CG1224256|-56|-69|CG1224257|-70|-50|CG1224258|-90|-28|CG1224259|-90|-15|CG1224260|-90|-7
534|7|0|1088|4|CG1224326|-39|-70|CG1224327|-39|-71|CG1224328|-39|-70|CG1224329|-39|-71
534|7|1|799|6|CG1224332|-36|-69|CG1224333|-35|-70|CG1224334|-38|-70|CG1224335|-41|-69|CG1224336|-40|-69|CG1224337|-38|-69
534|7|2|600|5|CG1325749|-65|-111|CG1325750|-73|-164|CG1325751|-68|-170|CG1325752|-60|-150|CG1325753|-60|-127
534|7|3|493|6|CG1224298|-33|-70|CG1224299|-32|-71|CG1224300|-32|-71|CG1224301|-36|-71|CG1224302|-35|-71|CG1224303|-35|-71
534|7|4|
534|7|5|799|10|CG1224289|-33|-72|CG1224289|-33|-72|CG1224290|-6|-69|CG1224291|-4|-64|CG1224292|-6|-80|CG1224293|-20|-73|CG1224294|-65|-59|CG1224295|-65|-57|CG1224296|-65|-57|CG1224297|-59|-61
534|7|6|2295|25|CG1224317|-34|-72|CG1224318|-35|-67|CG1224319|-33|-66|CG1224320|-40|-77|CG1224321|-47|-79|CG1224322|-46|-80|CG1224321|-47|-79|CG1224322|-46|-80|CG1224321|-47|-79|CG1224322|-46|-80|CG1224321|-47|-79|CG1224322|-46|-80|CG1224321|-47|-79|CG1224322|-46|-80|CG1224321|-47|-79|CG1224322|-46|-80|CG1224321|-47|-79|CG1224322|-46|-80|CG1224321|-47|-79|CG1224322|-46|-80|CG1224321|-47|-79|CG1224322|-46|-80|CG1224321|-47|-79|CG1224320|-40|-77|CG1224319|-33|-66
534|7|7|799|6|CG1225179|-16|-69|CG1225180|-22|-62|CG1225181|-24|-64|CG1225182|-37|-71|CG1225183|-29|-72|CG1225184|-31|-68
534|7|8|1000|2|CG1224312|-43|-67|CG1224313|-9|-77
534|7|9|1000|1|CG1224314|-25|-63
534|7|10|799|6|CG1224306|-51|-68|CG1224307|-56|-66|CG1224308|-74|-58|CG1224309|-109|-53|CG1224310|-116|-39|CG1224311|-116|-34
