506|0|0|1190|4|CG1211578|-15|-64|CG1211579|-15|-64|CG1211580|-15|-64|CG1211581|-15|-64
506|0|1|986|6|CG1211595|-22|-63|CG1211596|-20|-63|CG1211597|-21|-63|CG1211598|-21|-63|CG1211599|-21|-65|CG1211600|-20|-64
506|0|2|600|5|CG1325357|-54|-113|CG1325358|-66|-144|CG1325359|-95|-176|CG1325360|-103|-137|CG1325361|-78|-106
506|0|3|510|6|CG1211540|-22|-64|CG1211541|-18|-65|CG1211542|-19|-66|CG1211543|-18|-64|CG1211544|-19|-65|CG1211545|-18|-67
506|0|4|
506|0|5|799|13|CG1211532|-16|-62|CG1211533|-16|-61|CG1211534|-16|-61|CG1211534|-16|-61|CG1211534|-16|-61|CG1211535|-40|-70|CG1211535|-40|-70|CG1211536|-41|-70|CG1211536|-41|-70|CG1211536|-41|-70|CG1211537|-43|-70|CG1211538|-38|-71|CG1211539|-21|-66
506|0|6|1190|10|CG1211564|-19|-60|CG1211566|-22|-58|CG1211567|-19|-56|CG1211567|-19|-56|CG1211568|-28|-65|CG1211569|-27|-76|CG1211570|-27|-84|CG1211571|-18|-77|CG1211572|-26|-70|CG1211573|-28|-66
506|0|7|1000|9|CG1211582|-16|-62|CG1211584|-16|-59|CG1211585|-16|-55|CG1211586|-33|-72|CG1211587|-37|-66|CG1211588|-40|-73|CG1211589|-40|-72|CG1211590|-35|-73|CG1211591|-36|-73
506|0|8|1000|2|CG1211555|-23|-62|CG1211556|-13|-56
506|0|9|1000|1|CG1211561|-21|-55
506|0|10|986|6|CG1211549|-24|-63|CG1211550|-27|-64|CG1211551|-24|-57|CG1211552|-34|-58|CG1211553|-46|-53|CG1211554|-46|-44
506|1|0|1190|4|CG1211649|-21|-64|CG1211650|-20|-64|CG1211651|-18|-64|CG1211652|-20|-64
506|1|1|986|6|CG1211666|-21|-63|CG1211667|-21|-64|CG1211668|-22|-63|CG1211669|-20|-63|CG1211670|-18|-64|CG1211671|-20|-63
506|1|2|600|5|CG1325413|-100|-113|CG1325414|-102|-107|CG1325415|-90|-159|CG1325416|-142|-98|CG1325417|-131|-103
506|1|3|510|6|CG1211611|-19|-64|CG1211612|-20|-65|CG1211613|-20|-67|CG1211614|-20|-64|CG1211615|-19|-65|CG1211616|-19|-67
506|1|4|
506|1|5|799|13|CG1211603|-20|-61|CG1211604|-21|-60|CG1211605|-20|-59|CG1211605|-20|-59|CG1211605|-20|-59|CG1211606|-19|-74|CG1211606|-19|-74|CG1211607|-19|-74|CG1211607|-19|-74|CG1211607|-19|-74|CG1211608|-19|-74|CG1211609|-19|-75|CG1211610|-20|-68
506|1|6|1190|10|CG1211635|-21|-61|CG1211637|-20|-59|CG1211638|-18|-57|CG1211638|-18|-57|CG1211639|-23|-67|CG1211640|-25|-79|CG1211641|-20|-82|CG1211642|-22|-77|CG1211643|-33|-72|CG1211644|-21|-66
506|1|7|1000|9|CG1211653|-20|-61|CG1211655|-22|-57|CG1211656|-23|-54|CG1211657|-25|-75|CG1211658|-23|-71|CG1211659|-24|-78|CG1211660|-22|-76|CG1211661|-19|-77|CG1211662|-19|-77
506|1|8|1000|2|CG1211626|-18|-62|CG1211627|-24|-48
506|1|9|1000|1|CG1211632|-19|-57
506|1|10|986|6|CG1211620|-18|-63|CG1211621|-19|-62|CG1211622|-14|-57|CG1211623|-16|-62|CG1211624|-17|-58|CG1211625|-13|-51
506|2|0|1190|4|CG1211720|-20|-64|CG1211721|-20|-64|CG1211722|-20|-64|CG1211723|-20|-64
506|2|1|986|6|CG1211737|-22|-63|CG1211738|-23|-65|CG1211739|-21|-64|CG1211740|-20|-63|CG1211741|-21|-63|CG1211742|-20|-63
506|2|2|600|5|CG1325469|-119|-113|CG1325470|-90|-142|CG1325471|-82|-174|CG1325472|-99|-116|CG1325473|-109|-103
506|2|3|510|6|CG1211682|-25|-64|CG1211683|-25|-65|CG1211684|-24|-67|CG1211685|-26|-64|CG1211686|-23|-65|CG1211687|-24|-66
506|2|4|
506|2|5|799|13|CG1211674|-24|-61|CG1211675|-22|-61|CG1211676|-22|-61|CG1211676|-22|-61|CG1211676|-22|-61|CG1211677|-14|-70|CG1211677|-14|-70|CG1211678|-8|-70|CG1211678|-8|-70|CG1211678|-8|-70|CG1211679|-2|-70|CG1211680|-7|-71|CG1211681|-16|-67
506|2|6|1190|10|CG1211706|-21|-61|CG1211708|-21|-59|CG1211709|-20|-57|CG1211709|-20|-57|CG1211710|-20|-69|CG1211711|-22|-80|CG1211712|-16|-83|CG1211713|-21|-77|CG1211714|-25|-71|CG1211715|-19|-65
506|2|7|1000|9|CG1211724|-24|-61|CG1211726|-28|-59|CG1211727|-30|-57|CG1211728|-19|-75|CG1211729|-16|-69|CG1211730|-7|-76|CG1211731|-3|-73|CG1211732|1|-73|CG1211733|3|-73
506|2|8|1000|2|CG1211697|-24|-63|CG1211698|-39|-58
506|2|9|1000|1|CG1211703|-19|-55
506|2|10|986|6|CG1211691|-19|-62|CG1211692|-10|-61|CG1211693|-5|-51|CG1211694|-7|-55|CG1211695|-11|-51|CG1211696|-7|-44
506|3|0|1190|4|CG1211791|-17|-65|CG1211792|-17|-65|CG1211793|-17|-64|CG1211794|-17|-65
506|3|1|986|6|CG1211808|-21|-64|CG1211809|-17|-66|CG1211810|-18|-66|CG1211811|-20|-65|CG1211812|-17|-66|CG1211813|-17|-64
506|3|2|600|5|CG1325525|-125|-117|CG1325526|-119|-165|CG1325527|-116|-175|CG1325528|-58|-136|CG1325529|-81|-129
506|3|3|510|6|CG1211753|-27|-65|CG1211754|-25|-66|CG1211755|-26|-67|CG1211756|-27|-65|CG1211757|-25|-65|CG1211758|-26|-67
506|3|4|
506|3|5|799|13|CG1211745|-23|-65|CG1211746|-22|-65|CG1211747|-27|-64|CG1211747|-27|-64|CG1211747|-27|-64|CG1211748|-10|-62|CG1211748|-10|-62|CG1211749|-2|-62|CG1211749|-2|-62|CG1211749|-2|-62|CG1211750|3|-60|CG1211751|4|-63|CG1211752|-8|-65
506|3|6|1190|10|CG1211777|-14|-62|CG1211779|-14|-59|CG1211780|-14|-56|CG1211780|-14|-56|CG1211781|-20|-70|CG1211782|-16|-78|CG1211783|-21|-83|CG1211784|-31|-75|CG1211785|-19|-70|CG1211786|-16|-63
506|3|7|1000|9|CG1211795|-23|-65|CG1211797|-28|-64|CG1211798|-32|-62|CG1211799|-20|-73|CG1211800|-13|-64|CG1211801|-2|-68|CG1211802|2|-65|CG1211803|7|-63|CG1211804|9|-63
506|3|8|1000|2|CG1211768|-20|-64|CG1211769|-44|-67
506|3|9|1000|1|CG1211774|-18|-54
506|3|10|986|6|CG1211762|-15|-61|CG1211763|-11|-57|CG1211764|-8|-46|CG1211765|-5|-44|CG1211766|-10|-37|CG1211767|-10|-25
506|4|0|1190|4|CG1211862|-21|-66|CG1211863|-21|-65|CG1211864|-20|-65|CG1211865|-21|-65
506|4|1|986|6|CG1211879|-19|-65|CG1211880|-21|-67|CG1211881|-20|-67|CG1211882|-22|-65|CG1211883|-23|-66|CG1211884|-21|-65
506|4|2|600|5|CG1325581|-118|-123|CG1325582|-92|-162|CG1325583|-82|-152|CG1325584|-98|-119|CG1325585|-112|-122
506|4|3|510|6|CG1211824|-25|-65|CG1211825|-23|-66|CG1211826|-23|-67|CG1211827|-24|-65|CG1211828|-23|-66|CG1211829|-24|-67
506|4|4|
506|4|5|799|13|CG1211816|-25|-68|CG1211817|-25|-68|CG1211818|-27|-68|CG1211818|-27|-68|CG1211818|-27|-68|CG1211819|-6|-52|CG1211819|-6|-52|CG1211820|-5|-52|CG1211820|-5|-52|CG1211820|-5|-52|CG1211821|-5|-49|CG1211822|-7|-54|CG1211823|-16|-63
506|4|6|1190|10|CG1211848|-16|-62|CG1211850|-15|-59|CG1211851|-15|-56|CG1211851|-15|-56|CG1211852|-14|-69|CG1211853|-14|-78|CG1211854|-21|-80|CG1211855|-26|-76|CG1211856|-23|-67|CG1211857|-19|-60
506|4|7|1000|9|CG1211866|-25|-68|CG1211868|-28|-68|CG1211869|-30|-68|CG1211870|-21|-69|CG1211871|-10|-55|CG1211872|-8|-60|CG1211873|-6|-55|CG1211874|1|-52|CG1211875|1|-51
506|4|8|1000|2|CG1211839|-19|-63|CG1211840|-41|-70
506|4|9|1000|1|CG1211845|-19|-49
506|4|10|986|6|CG1211833|-17|-62|CG1211834|-14|-53|CG1211835|-13|-41|CG1211836|-14|-33|CG1211837|-16|-23|CG1211838|-19|-11
506|5|0|1190|4|CG1211933|-18|-65|CG1211934|-19|-66|CG1211935|-21|-65|CG1211936|-19|-66
506|5|1|986|6|CG1211950|-20|-65|CG1211951|-18|-67|CG1211952|-16|-66|CG1211953|-17|-65|CG1211954|-21|-67|CG1211955|-22|-66
506|5|2|600|5|CG1325637|-87|-102|CG1325638|-101|-134|CG1325639|-81|-118|CG1325640|-146|-102|CG1325641|-132|-115
506|5|3|510|6|CG1211895|-20|-66|CG1211896|-19|-66|CG1211897|-19|-67|CG1211898|-19|-66|CG1211899|-20|-66|CG1211900|-20|-67
506|5|4|
506|5|5|799|13|CG1211887|-19|-69|CG1211888|-17|-69|CG1211889|-17|-69|CG1211889|-17|-69|CG1211889|-17|-69|CG1211890|-20|-48|CG1211890|-20|-48|CG1211891|-20|-48|CG1211891|-20|-48|CG1211891|-20|-48|CG1211892|-20|-44|CG1211893|-20|-50|CG1211894|-19|-62
506|5|6|1190|10|CG1211919|-18|-61|CG1211921|-18|-58|CG1211922|-19|-55|CG1211922|-19|-55|CG1211923|-17|-66|CG1211924|-15|-78|CG1211925|-31|-77|CG1211926|-30|-78|CG1211927|-20|-66|CG1211928|-27|-60
506|5|7|1000|9|CG1211937|-19|-69|CG1211939|-22|-69|CG1211940|-19|-69|CG1211941|-16|-66|CG1211942|-15|-48|CG1211943|-19|-53|CG1211944|-19|-50|CG1211945|-20|-48|CG1211946|-20|-47
506|5|8|1000|2|CG1211910|-23|-59|CG1211911|-26|-72
506|5|9|1000|1|CG1211916|-19|-48
506|5|10|986|6|CG1211904|-23|-62|CG1211905|-27|-52|CG1211906|-33|-39|CG1211907|-26|-30|CG1211908|-29|-18|CG1211909|-33|-12
506|6|0|1190|4|CG1212004|-16|-65|CG1212005|-16|-65|CG1212006|-16|-66|CG1212007|-16|-65
506|6|1|986|6|CG1212021|-15|-65|CG1212022|-17|-66|CG1212023|-18|-65|CG1212024|-23|-65|CG1212025|-16|-67|CG1212026|-13|-67
506|6|2|600|5|CG1325693|-56|-115|CG1325694|-66|-158|CG1325695|-93|-143|CG1325696|-109|-126|CG1325697|-81|-115
506|6|3|510|6|CG1211966|-16|-65|CG1211967|-19|-66|CG1211968|-18|-67|CG1211969|-22|-65|CG1211970|-15|-66|CG1211971|-16|-68
506|6|4|
506|6|5|799|13|CG1211958|-12|-68|CG1211959|-11|-69|CG1211960|-8|-70|CG1211960|-8|-70|CG1211960|-8|-70|CG1211961|-42|-52|CG1211961|-42|-52|CG1211962|-43|-52|CG1211962|-43|-52|CG1211962|-43|-52|CG1211963|-45|-49|CG1211964|-39|-54|CG1211965|-25|-63
506|6|6|1190|10|CG1211990|-18|-61|CG1211992|-20|-58|CG1211993|-18|-55|CG1211993|-18|-55|CG1211994|-24|-63|CG1211995|-27|-75|CG1211996|-26|-79|CG1211997|-28|-78|CG1211998|-23|-66|CG1211999|-24|-61
506|6|7|1000|9|CG1212008|-20|-68|CG1212010|-17|-68|CG1212011|-8|-67|CG1212012|-34|-67|CG1212013|-34|-50|CG1212014|-40|-56|CG1212015|-38|-53|CG1212016|-36|-52|CG1212017|-38|-51
506|6|8|1000|2|CG1211981|-23|-60|CG1211982|-18|-69
506|6|9|1000|1|CG1211987|-22|-49
506|6|10|986|6|CG1211975|-26|-63|CG1211976|-33|-54|CG1211977|-37|-43|CG1211978|-37|-37|CG1211979|-48|-26|CG1211980|-59|-17
506|7|0|1190|4|CG1212075|-15|-64|CG1212076|-14|-65|CG1212077|-14|-65|CG1212078|-14|-65
506|7|1|986|6|CG1212092|-23|-65|CG1212093|-14|-66|CG1212094|-18|-64|CG1212095|-23|-64|CG1212096|-15|-66|CG1212097|-19|-66
506|7|2|600|5|CG1325749|-65|-111|CG1325750|-73|-164|CG1325751|-68|-170|CG1325752|-60|-150|CG1325753|-60|-127
506|7|3|510|6|CG1212037|-22|-65|CG1212038|-17|-65|CG1212039|-20|-67|CG1212040|-22|-65|CG1212041|-17|-66|CG1212042|-20|-67
506|7|4|
506|7|5|799|13|CG1212029|-14|-65|CG1212030|-13|-65|CG1212031|-13|-65|CG1212031|-13|-65|CG1212031|-13|-65|CG1212032|-46|-62|CG1212032|-46|-62|CG1212033|-47|-62|CG1212033|-47|-62|CG1212033|-47|-62|CG1212034|-50|-60|CG1212035|-43|-63|CG1212036|-29|-65
506|7|6|1190|10|CG1212061|-18|-61|CG1212063|-21|-58|CG1212064|-19|-56|CG1212064|-19|-56|CG1212065|-24|-63|CG1212066|-32|-73|CG1212067|-27|-83|CG1212068|-22|-79|CG1212069|-26|-69|CG1212070|-28|-64
506|7|7|1000|9|CG1212079|-15|-65|CG1212081|-13|-63|CG1212082|-13|-60|CG1212083|-35|-69|CG1212084|-43|-58|CG1212085|-45|-64|CG1212086|-43|-63|CG1212087|-46|-63|CG1212088|-48|-63
506|7|8|1000|2|CG1212052|-20|-62|CG1212053|-19|-62
506|7|9|1000|1|CG1212058|-26|-54
506|7|10|986|6|CG1212046|-22|-64|CG1212047|-35|-60|CG1212048|-36|-49|CG1212049|-49|-48|CG1212050|-63|-42|CG1212051|-66|-26
