548|0|0|1088|4|CG1229662|-16|-71|CG1229663|-15|-71|CG1229664|-15|-71|CG1229665|-15|-71
548|0|1|799|6|CG1229675|-20|-69|CG1229676|-19|-71|CG1229677|-14|-71|CG1229678|-20|-69|CG1229679|-20|-70|CG1229680|-22|-70
548|0|2|600|5|CG1325357|-54|-113|CG1325358|-66|-144|CG1325359|-95|-176|CG1325360|-103|-137|CG1325361|-78|-106
548|0|3|493|6|CG1229628|-24|-71|CG1229629|-20|-73|CG1229630|-16|-73|CG1229631|-21|-71|CG1229632|-23|-73|CG1229633|-27|-73
548|0|4|
548|0|5|799|9|CG1229620|-12|-65|CG1229620|-12|-65|CG1229621|-12|-62|CG1229622|-12|-60|CG1229623|-26|-70|CG1229624|-41|-70|CG1229625|-41|-70|CG1229626|-41|-70|CG1229627|-27|-68
548|0|6|2295|25|CG1229652|-19|-65|CG1229653|-27|-68|CG1229654|-24|-67|CG1229655|-19|-67|CG1229656|-21|-68|CG1229657|-21|-68|CG1229656|-21|-68|CG1229657|-21|-68|CG1229656|-21|-68|CG1229657|-21|-68|CG1229656|-21|-68|CG1229657|-21|-68|CG1229656|-21|-68|CG1229657|-21|-68|CG1229656|-21|-68|CG1229657|-21|-68|CG1229656|-21|-68|CG1229657|-21|-68|CG1229656|-21|-68|CG1229657|-21|-68|CG1229656|-21|-68|CG1229657|-21|-68|CG1229656|-21|-68|CG1229655|-19|-67|CG1229654|-24|-67
548|0|7|799|6|CG1229666|-16|-67|CG1229667|-20|-61|CG1229668|-23|-64|CG1229669|-21|-75|CG1229670|-26|-79|CG1229671|-32|-72
548|0|8|1000|2|CG1229643|-26|-68|CG1229644|-9|-63
548|0|9|1000|1|CG1229649|-12|-60
548|0|10|799|6|CG1229637|-28|-70|CG1229638|-34|-69|CG1229639|-40|-68|CG1229640|-63|-68|CG1229641|-67|-62|CG1229642|-71|-57
548|1|0|1088|4|CG1229725|-13|-70|CG1229726|-14|-70|CG1229727|-15|-70|CG1229728|-14|-70
548|1|1|799|6|CG1229738|-13|-69|CG1229739|-16|-70|CG1229740|-18|-70|CG1229741|-18|-69|CG1229742|-21|-70|CG1229743|-16|-70
548|1|2|600|5|CG1325413|-100|-113|CG1325414|-102|-107|CG1325415|-90|-159|CG1325416|-142|-98|CG1325417|-131|-103
548|1|3|493|6|CG1229691|-21|-71|CG1229692|-21|-73|CG1229693|-22|-73|CG1229694|-22|-71|CG1229695|-25|-73|CG1229696|-20|-73
548|1|4|
548|1|5|799|9|CG1229683|-17|-63|CG1229683|-17|-63|CG1229684|-18|-60|CG1229685|-21|-57|CG1229686|-20|-72|CG1229687|-15|-72|CG1229688|-17|-72|CG1229689|-20|-73|CG1229690|-17|-68
548|1|6|2295|25|CG1229715|-16|-68|CG1229716|-18|-67|CG1229717|-22|-67|CG1229718|-23|-68|CG1229719|-19|-68|CG1229720|-19|-68|CG1229719|-19|-68|CG1229720|-19|-68|CG1229719|-19|-68|CG1229720|-19|-68|CG1229719|-19|-68|CG1229720|-19|-68|CG1229719|-19|-68|CG1229720|-19|-68|CG1229719|-19|-68|CG1229720|-19|-68|CG1229719|-19|-68|CG1229720|-19|-68|CG1229719|-19|-68|CG1229720|-19|-68|CG1229719|-19|-68|CG1229720|-19|-68|CG1229719|-19|-68|CG1229718|-23|-68|CG1229717|-22|-67
548|1|7|799|6|CG1229729|-16|-66|CG1229730|-19|-61|CG1229731|-21|-64|CG1229732|-27|-77|CG1229733|-25|-82|CG1229734|-28|-75
548|1|8|1000|2|CG1229706|-26|-67|CG1229707|-35|-57
548|1|9|1000|1|CG1229712|-18|-57
548|1|10|799|6|CG1229700|-25|-70|CG1229701|-29|-68|CG1229702|-29|-73|CG1229703|-24|-69|CG1229704|-29|-68|CG1229705|-26|-65
548|2|0|1088|4|CG1229788|-23|-71|CG1229789|-22|-71|CG1229790|-22|-71|CG1229791|-22|-71
548|2|1|799|6|CG1229801|-21|-69|CG1229802|-21|-70|CG1229803|-21|-70|CG1229804|-23|-69|CG1229805|-23|-71|CG1229806|-22|-71
548|2|2|600|5|CG1325469|-119|-113|CG1325470|-90|-142|CG1325471|-82|-174|CG1325472|-99|-116|CG1325473|-109|-103
548|2|3|493|6|CG1229754|-29|-71|CG1229755|-24|-73|CG1229756|-26|-73|CG1229757|-28|-71|CG1229758|-28|-73|CG1229759|-26|-73
548|2|4|
548|2|5|799|9|CG1229746|-24|-63|CG1229746|-24|-63|CG1229747|-25|-60|CG1229748|-27|-57|CG1229749|-17|-68|CG1229750|-10|-68|CG1229751|-8|-68|CG1229752|-8|-68|CG1229753|-13|-66
548|2|6|2295|25|CG1229778|-26|-69|CG1229779|-27|-68|CG1229780|-22|-67|CG1229781|-28|-67|CG1229782|-30|-68|CG1229783|-31|-68|CG1229782|-30|-68|CG1229783|-31|-68|CG1229782|-30|-68|CG1229783|-31|-68|CG1229782|-30|-68|CG1229783|-31|-68|CG1229782|-30|-68|CG1229783|-31|-68|CG1229782|-30|-68|CG1229783|-31|-68|CG1229782|-30|-68|CG1229783|-31|-68|CG1229782|-30|-68|CG1229783|-31|-68|CG1229782|-30|-68|CG1229783|-31|-68|CG1229782|-30|-68|CG1229781|-28|-67|CG1229780|-22|-67
548|2|7|799|6|CG1229792|-23|-66|CG1229793|-24|-62|CG1229794|-22|-62|CG1229795|-20|-78|CG1229796|-21|-80|CG1229797|-20|-74
548|2|8|1000|2|CG1229769|-22|-67|CG1229770|-45|-53
548|2|9|1000|1|CG1229775|-26|-56
548|2|10|799|6|CG1229763|-25|-70|CG1229764|-26|-69|CG1229765|-8|-69|CG1229766|-1|-61|CG1229767|1|-56|CG1229768|-3|-54
548|3|0|1088|4|CG1229851|-24|-70|CG1229852|-24|-71|CG1229853|-24|-70|CG1229854|-24|-71
548|3|1|799|6|CG1229864|-24|-69|CG1229865|-23|-69|CG1229866|-23|-69|CG1229867|-25|-69|CG1229868|-24|-70|CG1229869|-23|-70
548|3|2|600|5|CG1325525|-125|-117|CG1325526|-119|-165|CG1325527|-116|-175|CG1325528|-58|-136|CG1325529|-81|-129
548|3|3|493|6|CG1229817|-32|-70|CG1229818|-29|-71|CG1229819|-31|-72|CG1229820|-32|-72|CG1229821|-31|-72|CG1229822|-31|-72
548|3|4|
548|3|5|799|9|CG1229809|-29|-65|CG1229809|-29|-65|CG1229810|-31|-63|CG1229811|-32|-61|CG1229812|-17|-61|CG1229813|-9|-59|CG1229814|-6|-59|CG1229815|-6|-59|CG1229816|-15|-63
548|3|6|2295|25|CG1229841|-30|-68|CG1229842|-30|-67|CG1229843|-22|-67|CG1229844|-29|-67|CG1229845|-34|-69|CG1229846|-35|-69|CG1229845|-34|-69|CG1229846|-35|-69|CG1229845|-34|-69|CG1229846|-35|-69|CG1229845|-34|-69|CG1229846|-35|-69|CG1229845|-34|-69|CG1229846|-35|-69|CG1229845|-34|-69|CG1229846|-35|-69|CG1229845|-34|-69|CG1229846|-35|-69|CG1229845|-34|-69|CG1229846|-35|-69|CG1229845|-34|-69|CG1229846|-35|-69|CG1229845|-34|-69|CG1229844|-29|-67|CG1229843|-22|-67
548|3|7|799|6|CG1229855|-26|-68|CG1229856|-39|-63|CG1229857|-34|-61|CG1229858|-17|-75|CG1229859|-14|-77|CG1229860|-18|-71
548|3|8|1000|2|CG1229832|-21|-67|CG1229833|-55|-63
548|3|9|1000|1|CG1229838|-33|-60
548|3|10|799|6|CG1229826|-30|-68|CG1229827|-31|-66|CG1229828|-1|-59|CG1229829|11|-38|CG1229830|11|-32|CG1229831|11|-25
548|4|0|1088|4|CG1229914|-22|-72|CG1229915|-22|-72|CG1229916|-22|-72|CG1229917|-22|-72
548|4|1|799|6|CG1229927|-21|-71|CG1229928|-21|-71|CG1229929|-21|-71|CG1229930|-21|-71|CG1229931|-21|-72|CG1229932|-20|-72
548|4|2|600|5|CG1325581|-118|-123|CG1325582|-92|-162|CG1325583|-82|-152|CG1325584|-98|-119|CG1325585|-112|-122
548|4|3|493|6|CG1229880|-28|-72|CG1229881|-27|-73|CG1229882|-28|-75|CG1229883|-28|-75|CG1229884|-28|-75|CG1229885|-28|-73
548|4|4|
548|4|5|799|9|CG1229872|-27|-70|CG1229872|-27|-70|CG1229873|-29|-69|CG1229874|-29|-67|CG1229875|-20|-60|CG1229876|-14|-58|CG1229877|-11|-54|CG1229878|-11|-53|CG1229879|-17|-63
548|4|6|2295|25|CG1229904|-26|-70|CG1229905|-24|-68|CG1229906|-20|-67|CG1229907|-26|-71|CG1229908|-29|-75|CG1229909|-30|-75|CG1229908|-29|-75|CG1229909|-30|-75|CG1229908|-29|-75|CG1229909|-30|-75|CG1229908|-29|-75|CG1229909|-30|-75|CG1229908|-29|-75|CG1229909|-30|-75|CG1229908|-29|-75|CG1229909|-30|-75|CG1229908|-29|-75|CG1229909|-30|-75|CG1229908|-29|-75|CG1229909|-30|-75|CG1229908|-29|-75|CG1229909|-30|-75|CG1229908|-29|-75|CG1229907|-26|-71|CG1229906|-20|-67
548|4|7|799|6|CG1229918|-24|-71|CG1229919|-34|-66|CG1229920|-32|-64|CG1229921|-20|-72|CG1229922|-12|-75|CG1229923|-17|-70
548|4|8|1000|2|CG1229895|-19|-66|CG1229896|-46|-75
548|4|9|1000|1|CG1229901|-30|-63
548|4|10|799|6|CG1229889|-29|-67|CG1229890|-31|-62|CG1229891|-6|-47|CG1229892|3|-16|CG1229893|4|-14|CG1229894|5|-8
548|5|0|1088|4|CG1229977|-15|-73|CG1229978|-14|-73|CG1229979|-14|-73|CG1229980|-14|-73
548|5|1|799|6|CG1229990|-18|-71|CG1229991|-21|-72|CG1229992|-17|-72|CG1229993|-14|-71|CG1229994|-16|-72|CG1229995|-18|-72
548|5|2|600|5|CG1325637|-87|-102|CG1325638|-101|-134|CG1325639|-81|-118|CG1325640|-146|-102|CG1325641|-132|-115
548|5|3|493|6|CG1229943|-23|-71|CG1229944|-27|-72|CG1229945|-20|-73|CG1229946|-20|-74|CG1229947|-22|-74|CG1229948|-23|-73
548|5|4|
548|5|5|799|9|CG1229935|-17|-73|CG1229935|-17|-73|CG1229936|-17|-72|CG1229937|-17|-70|CG1229938|-27|-61|CG1229939|-25|-57|CG1229940|-25|-52|CG1229941|-25|-51|CG1229942|-22|-63
548|5|6|2295|25|CG1229967|-16|-70|CG1229968|-19|-69|CG1229969|-23|-66|CG1229970|-23|-71|CG1229971|-21|-75|CG1229972|-22|-75|CG1229971|-21|-75|CG1229972|-22|-75|CG1229971|-21|-75|CG1229972|-22|-75|CG1229971|-21|-75|CG1229972|-22|-75|CG1229971|-21|-75|CG1229972|-22|-75|CG1229971|-21|-75|CG1229972|-22|-75|CG1229971|-21|-75|CG1229972|-22|-75|CG1229971|-21|-75|CG1229972|-22|-75|CG1229971|-21|-75|CG1229972|-22|-75|CG1229971|-21|-75|CG1229970|-23|-71|CG1229969|-23|-66
548|5|7|799|6|CG1229981|-18|-73|CG1229982|-16|-67|CG1229983|-24|-64|CG1229984|-22|-70|CG1229985|-19|-73|CG1229986|-14|-68
548|5|8|1000|2|CG1229958|-23|-64|CG1229959|-22|-79
548|5|9|1000|1|CG1229964|-24|-66
548|5|10|799|6|CG1229952|-23|-68|CG1229953|-23|-69|CG1229954|-20|-45|CG1229955|-35|-15|CG1229956|-34|-5|CG1229957|-30|0
548|6|0|1088|4|CG1230040|-15|-72|CG1230041|-15|-72|CG1230042|-15|-72|CG1230043|-15|-72
548|6|1|799|6|CG1230053|-20|-71|CG1230054|-20|-72|CG1230055|-22|-72|CG1230056|-21|-71|CG1230057|-19|-71|CG1230058|-14|-71
548|6|2|600|5|CG1325693|-56|-115|CG1325694|-66|-158|CG1325695|-93|-143|CG1325696|-109|-126|CG1325697|-81|-115
548|6|3|493|6|CG1230006|-22|-72|CG1230007|-23|-73|CG1230008|-27|-74|CG1230009|-24|-74|CG1230010|-20|-74|CG1230011|-16|-73
548|6|4|
548|6|5|799|9|CG1229998|-11|-72|CG1229998|-11|-72|CG1229999|-11|-71|CG1230000|-12|-69|CG1230001|-31|-63|CG1230002|-47|-60|CG1230003|-47|-56|CG1230004|-48|-55|CG1230005|-35|-64
548|6|6|2295|25|CG1230030|-20|-70|CG1230031|-28|-68|CG1230032|-24|-67|CG1230033|-20|-71|CG1230034|-22|-74|CG1230035|-21|-74|CG1230034|-22|-74|CG1230035|-21|-74|CG1230034|-22|-74|CG1230035|-21|-74|CG1230034|-22|-74|CG1230035|-21|-74|CG1230034|-22|-74|CG1230035|-21|-74|CG1230034|-22|-74|CG1230035|-21|-74|CG1230034|-22|-74|CG1230035|-21|-74|CG1230034|-22|-74|CG1230035|-21|-74|CG1230034|-22|-74|CG1230035|-21|-74|CG1230034|-22|-74|CG1230033|-20|-71|CG1230032|-24|-67
548|6|7|799|6|CG1230044|-12|-72|CG1230045|-13|-65|CG1230046|-19|-66|CG1230047|-36|-68|CG1230048|-25|-72|CG1230049|-26|-68
548|6|8|1000|2|CG1230021|-30|-65|CG1230022|-13|-75
548|6|9|1000|1|CG1230027|-17|-65
548|6|10|799|6|CG1230015|-35|-67|CG1230016|-37|-69|CG1230017|-45|-50|CG1230018|-70|-28|CG1230019|-78|-15|CG1230020|-76|-7
548|7|0|1088|4|CG1230103|-16|-70|CG1230104|-16|-71|CG1230105|-16|-70|CG1230106|-16|-71
548|7|1|799|6|CG1230116|-22|-69|CG1230117|-17|-70|CG1230118|-20|-70|CG1230119|-22|-69|CG1230120|-17|-69|CG1230121|-20|-69
548|7|2|600|5|CG1325749|-65|-111|CG1325750|-73|-164|CG1325751|-68|-170|CG1325752|-60|-150|CG1325753|-60|-127
548|7|3|493|6|CG1230069|-25|-70|CG1230070|-16|-71|CG1230071|-22|-72|CG1230072|-25|-71|CG1230073|-15|-71|CG1230074|-23|-71
548|7|4|
548|7|5|799|9|CG1230061|-13|-68|CG1230061|-13|-68|CG1230062|-13|-66|CG1230063|-13|-64|CG1230064|-32|-65|CG1230065|-50|-63|CG1230066|-50|-62|CG1230067|-51|-62|CG1230068|-35|-65
548|7|6|2295|25|CG1230093|-19|-68|CG1230094|-26|-67|CG1230095|-22|-66|CG1230096|-24|-67|CG1230097|-26|-68|CG1230098|-25|-68|CG1230097|-26|-68|CG1230098|-25|-68|CG1230097|-26|-68|CG1230098|-25|-68|CG1230097|-26|-68|CG1230098|-25|-68|CG1230097|-26|-68|CG1230098|-25|-68|CG1230097|-26|-68|CG1230098|-25|-68|CG1230097|-26|-68|CG1230098|-25|-68|CG1230097|-26|-68|CG1230098|-25|-68|CG1230097|-26|-68|CG1230098|-25|-68|CG1230097|-26|-68|CG1230096|-24|-67|CG1230095|-22|-66
548|7|7|799|6|CG1230107|-16|-69|CG1230108|-22|-62|CG1230109|-24|-64|CG1230110|-37|-71|CG1230111|-29|-72|CG1230112|-31|-68
548|7|8|1000|2|CG1230084|-23|-67|CG1230085|-9|-68
548|7|9|1000|1|CG1230090|-13|-63
548|7|10|799|6|CG1230078|-28|-68|CG1230079|-41|-66|CG1230080|-55|-57|CG1230081|-92|-53|CG1230082|-98|-39|CG1230083|-97|-34
