598|0|0|1088|6|CG1252277|-49|-75|CG1252278|-50|-74|CG1252279|-50|-74|CG1252280|-50|-74|CG1252281|-49|-74|CG1252282|-49|-74
598|0|1|1000|6|CG1252285|-28|-71|CG1252286|-25|-71|CG1252287|-22|-71|CG1252288|-20|-70|CG1252289|-19|-71|CG1252290|-23|-72
598|0|2|600|5|CG1325357|-54|-113|CG1325358|-66|-144|CG1325359|-95|-176|CG1325360|-103|-137|CG1325361|-78|-106
598|0|3|986|8|CG1252247|-26|-72|CG1252248|-23|-75|CG1252249|-23|-78|CG1252250|-23|-73|CG1252251|-15|-72|CG1252252|-16|-76|CG1252253|-15|-79|CG1252254|-14|-82
598|0|4|
598|0|5|799|19|CG1252236|-21|-75|CG1252236|-21|-75|CG1252239|-22|-80|CG1252239|-22|-80|CG1252240|-48|-88|CG1252240|-48|-88|CG1252241|-51|-89|CG1252241|-51|-89|CG1252242|-44|-82|CG1252243|-32|-82|CG1252244|-33|-80|CG1252245|-16|-77|CG1252245|-16|-77|CG1252246|-20|-79|CG1252246|-20|-79|CG1252237|-16|-78|CG1252237|-16|-78|CG1252238|-15|-76|CG1252238|-15|-76
598|0|6|2397|18|CG1252268|-19|-78|CG1252269|-16|-72|CG1252270|-14|-74|CG1252271|-14|-84|CG1252272|-16|-92|CG1252273|-20|-88|CG1252268|-19|-78|CG1252269|-16|-72|CG1252270|-14|-74|CG1252271|-14|-84|CG1252272|-16|-92|CG1252273|-20|-88|CG1252268|-19|-78|CG1252269|-16|-72|CG1252270|-14|-74|CG1252271|-14|-84|CG1252272|-16|-92|CG1252273|-20|-88
598|0|7|1326|16|CG1251234|-15|-75|CG1251234|-15|-75|CG1251236|-17|-76|CG1251237|-16|-77|CG1251238|-20|-80|CG1251238|-20|-80|CG1251239|-29|-84|CG1251239|-29|-84|CG1251240|-36|-82|CG1251240|-36|-82|CG1251241|-25|-79|CG1251241|-25|-79|CG1251242|-15|-74|CG1251242|-15|-74|CG1251243|-16|-74|CG1251243|-16|-74
598|0|8|1000|2|CG1252263|-19|-69|CG1252264|-22|-47
598|0|9|1000|1|CG1252265|-22|-71
598|0|10|1000|6|CG1252257|-14|-70|CG1252258|-21|-75|CG1252259|-25|-78|CG1252260|-27|-77|CG1252261|-29|-59|CG1252262|-23|-48
598|1|0|1088|6|CG1252334|-26|-74|CG1252335|-27|-73|CG1252336|-26|-73|CG1252337|-22|-74|CG1252338|-22|-74|CG1252339|-24|-74
598|1|1|1000|6|CG1252342|-13|-70|CG1252343|-13|-71|CG1252344|-14|-71|CG1252345|-15|-70|CG1252346|-14|-71|CG1252347|-13|-71
598|1|2|600|5|CG1325413|-100|-113|CG1325414|-102|-107|CG1325415|-90|-159|CG1325416|-142|-98|CG1325417|-131|-103
598|1|3|986|8|CG1252304|-26|-73|CG1252305|-25|-75|CG1252306|-26|-77|CG1252307|-18|-73|CG1252308|-28|-73|CG1252309|-17|-75|CG1252310|-18|-77|CG1252311|-21|-73
598|1|4|
598|1|5|799|19|CG1252293|-16|-76|CG1252293|-16|-76|CG1252296|-17|-82|CG1252296|-17|-82|CG1252297|-41|-89|CG1252297|-41|-89|CG1252298|-41|-90|CG1252298|-41|-90|CG1252299|-50|-82|CG1252300|-23|-80|CG1252301|-18|-79|CG1252302|-18|-77|CG1252302|-18|-77|CG1252303|-38|-79|CG1252303|-38|-79|CG1252294|-12|-78|CG1252294|-12|-78|CG1252295|-12|-75|CG1252295|-12|-75
598|1|6|2397|18|CG1252325|-34|-79|CG1252326|-33|-70|CG1252327|-19|-72|CG1252328|-20|-80|CG1252329|-23|-86|CG1252330|-29|-88|CG1252325|-34|-79|CG1252326|-33|-70|CG1252327|-19|-72|CG1252328|-20|-80|CG1252329|-23|-86|CG1252330|-29|-88|CG1252325|-34|-79|CG1252326|-33|-70|CG1252327|-19|-72|CG1252328|-20|-80|CG1252329|-23|-86|CG1252330|-29|-88
598|1|7|1326|16|CG1251309|-11|-75|CG1251309|-11|-75|CG1251311|-11|-75|CG1251312|-24|-75|CG1251313|-10|-79|CG1251313|-10|-79|CG1251314|-14|-84|CG1251314|-14|-84|CG1251315|-25|-83|CG1251315|-25|-83|CG1251316|-13|-79|CG1251316|-13|-79|CG1251317|-14|-72|CG1251317|-14|-72|CG1251318|-10|-73|CG1251318|-10|-73
598|1|8|1000|2|CG1252320|-12|-69|CG1252321|-17|-42
598|1|9|1000|1|CG1252322|-13|-73
598|1|10|1000|6|CG1252314|-13|-69|CG1252315|-16|-70|CG1252316|-16|-69|CG1252317|-20|-63|CG1252318|-22|-49|CG1252319|-24|-38
598|2|0|1088|6|CG1252391|-12|-73|CG1252392|-12|-72|CG1252393|-12|-72|CG1252394|-13|-72|CG1252395|-13|-72|CG1252396|-13|-72
598|2|1|1000|6|CG1252399|-16|-70|CG1252400|-19|-71|CG1252401|-24|-72|CG1252402|-27|-71|CG1252403|-26|-71|CG1252404|-21|-71
598|2|2|600|5|CG1325469|-119|-113|CG1325470|-90|-142|CG1325471|-82|-174|CG1325472|-99|-116|CG1325473|-109|-103
598|2|3|986|8|CG1252361|-27|-72|CG1252362|-29|-76|CG1252363|-28|-79|CG1252364|-30|-73|CG1252365|-29|-72|CG1252366|-30|-75|CG1252367|-34|-78|CG1252368|-32|-73
598|2|4|
598|2|5|799|19|CG1252350|-13|-77|CG1252350|-13|-77|CG1252353|-33|-82|CG1252353|-33|-82|CG1252354|-13|-92|CG1252354|-13|-92|CG1252355|-21|-90|CG1252355|-21|-90|CG1252356|-35|-94|CG1252357|-23|-78|CG1252358|-18|-77|CG1252359|-35|-75|CG1252359|-35|-75|CG1252360|-38|-85|CG1252360|-38|-85|CG1252351|-35|-77|CG1252351|-35|-77|CG1252352|-24|-75|CG1252352|-24|-75
598|2|6|2397|18|CG1252382|-33|-74|CG1252383|-35|-70|CG1252384|-30|-73|CG1252385|-26|-74|CG1252386|-29|-74|CG1252387|-29|-81|CG1252382|-33|-74|CG1252383|-35|-70|CG1252384|-30|-73|CG1252385|-26|-74|CG1252386|-29|-74|CG1252387|-29|-81|CG1252382|-33|-74|CG1252383|-35|-70|CG1252384|-30|-73|CG1252385|-26|-74|CG1252386|-29|-74|CG1252387|-29|-81
598|2|7|1326|16|CG1251384|-10|-74|CG1251384|-10|-74|CG1251386|-12|-74|CG1251387|-20|-73|CG1251388|-8|-77|CG1251388|-8|-77|CG1251389|-9|-80|CG1251389|-9|-80|CG1251390|-12|-79|CG1251390|-12|-79|CG1251391|-8|-77|CG1251391|-8|-77|CG1251392|-14|-70|CG1251392|-14|-70|CG1251393|-10|-71|CG1251393|-10|-71
598|2|8|1000|2|CG1252377|-13|-66|CG1252378|-43|-42
598|2|9|1000|1|CG1252379|-33|-71
598|2|10|1000|6|CG1252371|-13|-65|CG1252372|-16|-62|CG1252373|-16|-59|CG1252374|-22|-41|CG1252375|-23|-32|CG1252376|-24|-19
598|3|0|1088|6|CG1252448|-14|-71|CG1252449|-14|-71|CG1252450|-15|-71|CG1252451|-16|-71|CG1252452|-16|-71|CG1252453|-15|-71
598|3|1|1000|6|CG1252456|-37|-71|CG1252457|-38|-72|CG1252458|-40|-73|CG1252459|-40|-72|CG1252460|-41|-72|CG1252461|-41|-72
598|3|2|600|5|CG1325525|-125|-117|CG1325526|-119|-165|CG1325527|-116|-175|CG1325528|-58|-136|CG1325529|-81|-129
598|3|3|986|8|CG1252418|-29|-73|CG1252419|-49|-78|CG1252420|-56|-82|CG1252421|-28|-75|CG1252422|-31|-73|CG1252423|-29|-77|CG1252424|-35|-80|CG1252425|-28|-75
598|3|4|
598|3|5|799|19|CG1252407|-39|-76|CG1252407|-39|-76|CG1252410|-31|-87|CG1252410|-31|-87|CG1252411|-31|-89|CG1252411|-31|-89|CG1252412|-35|-86|CG1252412|-35|-86|CG1252413|-25|-98|CG1252414|-28|-80|CG1252415|-20|-75|CG1252416|-40|-74|CG1252416|-40|-74|CG1252417|-17|-94|CG1252417|-17|-94|CG1252408|-52|-75|CG1252408|-52|-75|CG1252409|-42|-73|CG1252409|-42|-73
598|3|6|2397|18|CG1252439|-51|-70|CG1252440|-51|-72|CG1252441|-50|-77|CG1252442|-46|-76|CG1252443|-46|-72|CG1252444|-48|-72|CG1252439|-51|-70|CG1252440|-51|-72|CG1252441|-50|-77|CG1252442|-46|-76|CG1252443|-46|-72|CG1252444|-48|-72|CG1252439|-51|-70|CG1252440|-51|-72|CG1252441|-50|-77|CG1252442|-46|-76|CG1252443|-46|-72|CG1252444|-48|-72
598|3|7|1326|16|CG1251459|-26|-71|CG1251459|-26|-71|CG1251461|-16|-72|CG1251462|-15|-72|CG1251463|-14|-74|CG1251463|-14|-74|CG1251464|-9|-74|CG1251464|-9|-74|CG1251465|-9|-73|CG1251465|-9|-73|CG1251466|-10|-72|CG1251466|-10|-72|CG1251467|-14|-68|CG1251467|-14|-68|CG1251468|-15|-69|CG1251468|-15|-69
598|3|8|1000|2|CG1252434|-41|-61|CG1252435|-60|-50
598|3|9|1000|1|CG1252436|-35|-70
598|3|10|1000|6|CG1252428|-28|-64|CG1252429|-18|-56|CG1252430|-17|-53|CG1252431|-16|-33|CG1252432|-16|-22|CG1252433|-19|-19
598|4|0|1088|6|CG1252505|-30|-71|CG1252506|-30|-71|CG1252507|-30|-71|CG1252508|-30|-71|CG1252509|-30|-71|CG1252510|-30|-71
598|4|1|1000|6|CG1252513|-39|-73|CG1252514|-37|-74|CG1252515|-34|-75|CG1252516|-33|-73|CG1252517|-34|-74|CG1252518|-38|-74
598|4|2|600|5|CG1325581|-118|-123|CG1325582|-92|-162|CG1325583|-82|-152|CG1325584|-98|-119|CG1325585|-112|-122
598|4|3|986|8|CG1252475|-43|-73|CG1252476|-65|-80|CG1252477|-66|-85|CG1252478|-59|-76|CG1252479|-43|-73|CG1252480|-37|-79|CG1252481|-33|-83|CG1252482|-34|-76
598|4|4|
598|4|5|799|19|CG1252464|-45|-74|CG1252464|-45|-74|CG1252467|-25|-94|CG1252467|-25|-94|CG1252468|-36|-76|CG1252468|-36|-76|CG1252469|-33|-89|CG1252469|-33|-89|CG1252470|-24|-92|CG1252471|-33|-84|CG1252472|-39|-74|CG1252473|-48|-73|CG1252473|-48|-73|CG1252474|-34|-94|CG1252474|-34|-94|CG1252465|-41|-73|CG1252465|-41|-73|CG1252466|-37|-73|CG1252466|-37|-73
598|4|6|2397|18|CG1252496|-43|-68|CG1252497|-40|-81|CG1252498|-43|-82|CG1252499|-45|-76|CG1252500|-43|-71|CG1252501|-43|-70|CG1252496|-43|-68|CG1252497|-40|-81|CG1252498|-43|-82|CG1252499|-45|-76|CG1252500|-43|-71|CG1252501|-43|-70|CG1252496|-43|-68|CG1252497|-40|-81|CG1252498|-43|-82|CG1252499|-45|-76|CG1252500|-43|-71|CG1252501|-43|-70
598|4|7|1326|16|CG1251534|-30|-70|CG1251534|-30|-70|CG1251536|-21|-71|CG1251537|-17|-72|CG1251538|-20|-70|CG1251538|-20|-70|CG1251539|-15|-70|CG1251539|-15|-70|CG1251540|-18|-69|CG1251540|-18|-69|CG1251541|-20|-68|CG1251541|-20|-68|CG1251542|-22|-68|CG1251542|-22|-68|CG1251543|-18|-69|CG1251543|-18|-69
598|4|8|1000|2|CG1252491|-47|-58|CG1252492|-50|-63
598|4|9|1000|1|CG1252493|-20|-70
598|4|10|1000|6|CG1252485|-33|-64|CG1252486|-38|-56|CG1252487|-27|-55|CG1252488|-32|-33|CG1252489|-29|-20|CG1252490|-24|-17
598|5|0|1088|6|CG1252562|-30|-72|CG1252563|-30|-72|CG1252564|-30|-72|CG1252565|-28|-72|CG1252566|-28|-72|CG1252567|-29|-72
598|5|1|1000|6|CG1252570|-20|-73|CG1252571|-19|-74|CG1252572|-21|-75|CG1252573|-22|-73|CG1252574|-24|-74|CG1252575|-21|-75
598|5|2|600|5|CG1325637|-87|-102|CG1325638|-101|-134|CG1325639|-81|-118|CG1325640|-146|-102|CG1325641|-132|-115
598|5|3|986|8|CG1252532|-57|-74|CG1252533|-51|-80|CG1252534|-43|-85|CG1252535|-62|-76|CG1252536|-59|-74|CG1252537|-64|-80|CG1252538|-62|-85|CG1252539|-59|-76
598|5|4|
598|5|5|799|19|CG1252521|-27|-78|CG1252521|-27|-78|CG1252524|-35|-93|CG1252524|-35|-93|CG1252525|-32|-82|CG1252525|-32|-82|CG1252526|-28|-94|CG1252526|-28|-94|CG1252527|-23|-90|CG1252528|-29|-84|CG1252529|-56|-75|CG1252530|-59|-75|CG1252530|-59|-75|CG1252531|-40|-85|CG1252531|-40|-85|CG1252522|-40|-72|CG1252522|-40|-72|CG1252523|-38|-73|CG1252523|-38|-73
598|5|6|2397|18|CG1252553|-15|-76|CG1252554|-22|-87|CG1252555|-29|-91|CG1252556|-33|-81|CG1252557|-31|-73|CG1252558|-18|-74|CG1252553|-15|-76|CG1252554|-22|-87|CG1252555|-29|-91|CG1252556|-33|-81|CG1252557|-31|-73|CG1252558|-18|-74|CG1252553|-15|-76|CG1252554|-22|-87|CG1252555|-29|-91|CG1252556|-33|-81|CG1252557|-31|-73|CG1252558|-18|-74
598|5|7|1326|16|CG1251609|-20|-70|CG1251609|-20|-70|CG1251611|-26|-72|CG1251612|-30|-73|CG1251613|-28|-71|CG1251613|-28|-71|CG1251614|-34|-70|CG1251614|-34|-70|CG1251615|-29|-68|CG1251615|-29|-68|CG1251616|-30|-67|CG1251616|-30|-67|CG1251617|-28|-69|CG1251617|-28|-69|CG1251618|-20|-70|CG1251618|-20|-70
598|5|8|1000|2|CG1252548|-27|-58|CG1252549|-48|-68
598|5|9|1000|1|CG1252550|-37|-69
598|5|10|1000|6|CG1252542|-29|-65|CG1252543|-42|-58|CG1252544|-48|-63|CG1252545|-60|-44|CG1252546|-66|-30|CG1252547|-58|-16
598|6|0|1088|6|CG1252619|-22|-73|CG1252620|-23|-73|CG1252621|-25|-73|CG1252622|-29|-73|CG1252623|-28|-73|CG1252624|-26|-73
598|6|1|1000|6|CG1252627|-39|-73|CG1252628|-40|-74|CG1252629|-41|-74|CG1252630|-41|-73|CG1252631|-41|-74|CG1252632|-40|-75
598|6|2|600|5|CG1325693|-56|-115|CG1325694|-66|-158|CG1325695|-93|-143|CG1325696|-109|-126|CG1325697|-81|-115
598|6|3|986|8|CG1252589|-45|-73|CG1252590|-23|-79|CG1252591|-18|-83|CG1252592|-35|-76|CG1252593|-49|-73|CG1252594|-60|-80|CG1252595|-61|-84|CG1252596|-56|-76
598|6|4|
598|6|5|799|19|CG1252578|-36|-81|CG1252578|-36|-81|CG1252581|-40|-86|CG1252581|-40|-86|CG1252582|-30|-84|CG1252582|-30|-84|CG1252583|-27|-93|CG1252583|-27|-93|CG1252584|-33|-88|CG1252585|-54|-82|CG1252586|-47|-76|CG1252587|-43|-73|CG1252587|-43|-73|CG1252588|-27|-76|CG1252588|-27|-76|CG1252579|-41|-73|CG1252579|-41|-73|CG1252580|-45|-73|CG1252580|-45|-73
598|6|6|2397|18|CG1252610|-26|-73|CG1252611|-37|-83|CG1252612|-42|-90|CG1252613|-47|-82|CG1252614|-42|-74|CG1252615|-28|-74|CG1252610|-26|-73|CG1252611|-37|-83|CG1252612|-42|-90|CG1252613|-47|-82|CG1252614|-42|-74|CG1252615|-28|-74|CG1252610|-26|-73|CG1252611|-37|-83|CG1252612|-42|-90|CG1252613|-47|-82|CG1252614|-42|-74|CG1252615|-28|-74
598|6|7|1326|16|CG1251684|-22|-72|CG1251684|-22|-72|CG1251686|-21|-73|CG1251687|-36|-76|CG1251688|-31|-74|CG1251688|-31|-74|CG1251689|-45|-74|CG1251689|-45|-74|CG1251690|-37|-73|CG1251690|-37|-73|CG1251691|-30|-70|CG1251691|-30|-70|CG1251692|-28|-71|CG1251692|-28|-71|CG1251693|-25|-72|CG1251693|-25|-72
598|6|8|1000|2|CG1252605|-39|-61|CG1252606|-38|-61
598|6|9|1000|1|CG1252607|-48|-70
598|6|10|1000|6|CG1252599|-39|-67|CG1252600|-32|-67|CG1252601|-49|-74|CG1252602|-58|-64|CG1252603|-70|-47|CG1252604|-73|-27
598|7|0|1088|6|CG1252676|-46|-74|CG1252677|-47|-74|CG1252678|-49|-73|CG1252679|-52|-74|CG1252680|-51|-74|CG1252681|-49|-74
598|7|1|1000|6|CG1252684|-44|-72|CG1252685|-44|-72|CG1252686|-42|-72|CG1252687|-41|-71|CG1252688|-40|-72|CG1252689|-42|-73
598|7|2|600|5|CG1325749|-65|-111|CG1325750|-73|-164|CG1325751|-68|-170|CG1325752|-60|-150|CG1325753|-60|-127
598|7|3|986|8|CG1252646|-18|-73|CG1252647|-30|-77|CG1252648|-27|-80|CG1252649|-22|-75|CG1252650|-18|-73|CG1252651|-26|-78|CG1252652|-30|-82|CG1252653|-26|-81
598|7|4|
598|7|5|799|19|CG1252635|-35|-73|CG1252635|-35|-73|CG1252638|-34|-76|CG1252638|-34|-76|CG1252639|-30|-85|CG1252639|-30|-85|CG1252640|-34|-86|CG1252640|-34|-86|CG1252641|-36|-83|CG1252642|-57|-83|CG1252643|-32|-78|CG1252644|-27|-75|CG1252644|-27|-75|CG1252645|-21|-79|CG1252645|-21|-79|CG1252636|-27|-76|CG1252636|-27|-76|CG1252637|-34|-75|CG1252637|-34|-75
598|7|6|2397|18|CG1252667|-29|-69|CG1252668|-31|-70|CG1252669|-32|-79|CG1252670|-35|-77|CG1252671|-30|-86|CG1252672|-27|-81|CG1252667|-29|-69|CG1252668|-31|-70|CG1252669|-32|-79|CG1252670|-35|-77|CG1252671|-30|-86|CG1252672|-27|-81|CG1252667|-29|-69|CG1252668|-31|-70|CG1252669|-32|-79|CG1252670|-35|-77|CG1252671|-30|-86|CG1252672|-27|-81
598|7|7|1326|16|CG1251759|-19|-74|CG1251759|-19|-74|CG1251761|-20|-75|CG1251762|-24|-77|CG1251763|-30|-77|CG1251763|-30|-77|CG1251764|-45|-80|CG1251764|-45|-80|CG1251765|-39|-79|CG1251765|-39|-79|CG1251766|-29|-75|CG1251766|-29|-75|CG1251767|-29|-73|CG1251767|-29|-73|CG1251768|-24|-74|CG1251768|-24|-74
598|7|8|1000|2|CG1252662|-36|-65|CG1252663|-33|-50
598|7|9|1000|1|CG1252664|-34|-70
598|7|10|1000|6|CG1252656|-31|-68|CG1252657|-34|-74|CG1252658|-33|-80|CG1252659|-46|-76|CG1252660|-41|-59|CG1252661|-54|-44
