584|0|0|1088|6|CG1245676|-12|-75|CG1245677|-12|-74|CG1245678|-12|-74|CG1245679|-13|-74|CG1245680|-12|-74|CG1245681|-12|-74
584|0|1|1000|6|CG1245695|-19|-71|CG1245696|-17|-71|CG1245697|-11|-71|CG1245698|-16|-70|CG1245699|-15|-71|CG1245700|-13|-72
584|0|2|600|5|CG1325357|-54|-113|CG1325358|-66|-144|CG1325359|-95|-176|CG1325360|-103|-137|CG1325361|-78|-106
584|0|3|986|8|CG1245640|-26|-72|CG1245641|-23|-75|CG1245642|-23|-78|CG1245643|-23|-73|CG1245644|-15|-72|CG1245645|-22|-76|CG1245646|-17|-79|CG1245647|-14|-73
584|0|4|
584|0|5|1394|24|CG1245628|-29|-46|CG1245628|-29|-46|CG1245632|-26|-37|CG1245632|-26|-37|CG1245632|-26|-37|CG1245633|-26|-37|CG1245633|-26|-37|CG1245634|-24|-73|CG1245634|-24|-73|CG1245635|-22|-49|CG1245635|-22|-49|CG1245636|-20|-57|CG1245637|-22|-75|CG1245637|-22|-75|CG1245638|-19|-60|CG1245638|-19|-60|CG1245639|-1|-56|CG1245639|-1|-56|CG1245629|0|-59|CG1245629|0|-59|CG1245630|-4|-64|CG1245630|-4|-64|CG1245631|-5|-69|CG1245631|-5|-69
584|0|6|2397|18|CG1245666|-19|-65|CG1245667|-16|-69|CG1245668|-14|-73|CG1245669|-14|-73|CG1245670|-16|-72|CG1245671|-20|-71|CG1245666|-19|-65|CG1245667|-16|-69|CG1245668|-14|-73|CG1245669|-14|-73|CG1245670|-16|-72|CG1245671|-20|-71|CG1245666|-19|-65|CG1245667|-16|-69|CG1245668|-14|-73|CG1245669|-14|-73|CG1245670|-16|-72|CG1245671|-20|-71
584|0|7|1326|16|CG1245682|-15|-75|CG1245682|-15|-75|CG1245684|-17|-76|CG1245685|-16|-77|CG1245686|-20|-80|CG1245686|-20|-80|CG1245687|-29|-84|CG1245687|-29|-84|CG1245688|-36|-82|CG1245688|-36|-82|CG1245689|-25|-79|CG1245689|-25|-79|CG1245690|-15|-74|CG1245690|-15|-74|CG1245691|-16|-74|CG1245691|-16|-74
584|0|8|1000|2|CG1245657|-19|-69|CG1245658|-22|-41
584|0|9|1000|1|CG1245663|-22|-71
584|0|10|1000|6|CG1245651|-14|-69|CG1245652|-21|-62|CG1245653|-25|-64|CG1245654|-22|-63|CG1245655|-25|-59|CG1245656|-25|-48
584|1|0|1088|6|CG1245751|-10|-74|CG1245752|-10|-73|CG1245753|-11|-73|CG1245754|-11|-74|CG1245755|-10|-74|CG1245756|-10|-74
584|1|1|1000|6|CG1245770|-13|-70|CG1245771|-13|-71|CG1245772|-14|-71|CG1245773|-15|-70|CG1245774|-14|-71|CG1245775|-13|-71
584|1|2|600|5|CG1325413|-100|-113|CG1325414|-102|-107|CG1325415|-90|-159|CG1325416|-142|-98|CG1325417|-131|-103
584|1|3|986|8|CG1245715|-26|-73|CG1245716|-17|-75|CG1245717|-17|-77|CG1245718|-18|-73|CG1245719|-28|-73|CG1245720|-17|-75|CG1245721|-18|-77|CG1245722|-21|-73
584|1|4|
584|1|5|1394|24|CG1245703|-38|-46|CG1245703|-38|-46|CG1245707|-17|-40|CG1245707|-17|-40|CG1245707|-17|-40|CG1245708|-17|-42|CG1245708|-17|-42|CG1245709|-17|-75|CG1245709|-17|-75|CG1245710|-17|-50|CG1245710|-17|-50|CG1245711|-18|-53|CG1245712|-18|-73|CG1245712|-18|-73|CG1245713|-21|-60|CG1245713|-21|-60|CG1245714|-22|-52|CG1245714|-22|-52|CG1245704|-17|-54|CG1245704|-17|-54|CG1245705|-13|-59|CG1245705|-13|-59|CG1245706|-13|-67|CG1245706|-13|-67
584|1|6|2397|18|CG1245741|-34|-67|CG1245742|-33|-69|CG1245743|-19|-72|CG1245744|-20|-73|CG1245745|-23|-70|CG1245746|-29|-68|CG1245741|-34|-67|CG1245742|-33|-69|CG1245743|-19|-72|CG1245744|-20|-73|CG1245745|-23|-70|CG1245746|-29|-68|CG1245741|-34|-67|CG1245742|-33|-69|CG1245743|-19|-72|CG1245744|-20|-73|CG1245745|-23|-70|CG1245746|-29|-68
584|1|7|1326|16|CG1245757|-11|-75|CG1245757|-11|-75|CG1245759|-11|-75|CG1245760|-24|-75|CG1245761|-10|-79|CG1245761|-10|-79|CG1245762|-14|-84|CG1245762|-14|-84|CG1245763|-25|-83|CG1245763|-25|-83|CG1245764|-13|-79|CG1245764|-13|-79|CG1245765|-14|-72|CG1245765|-14|-72|CG1245766|-10|-73|CG1245766|-10|-73
584|1|8|1000|2|CG1245732|-12|-69|CG1245733|-17|-42
584|1|9|1000|1|CG1245738|-13|-73
584|1|10|1000|6|CG1245726|-13|-67|CG1245727|-16|-60|CG1245728|-16|-60|CG1245729|-20|-54|CG1245730|-22|-49|CG1245731|-24|-38
584|2|0|1088|6|CG1245826|-12|-73|CG1245827|-12|-72|CG1245828|-12|-72|CG1245829|-13|-72|CG1245830|-13|-72|CG1245831|-13|-72
584|2|1|1000|6|CG1245845|-16|-70|CG1245846|-17|-71|CG1245847|-18|-72|CG1245848|-18|-71|CG1245849|-17|-71|CG1245850|-17|-71
584|2|2|600|5|CG1325469|-119|-113|CG1325470|-90|-142|CG1325471|-82|-174|CG1325472|-99|-116|CG1325473|-109|-103
584|2|3|986|8|CG1245790|-18|-72|CG1245791|-29|-76|CG1245792|-28|-79|CG1245793|-23|-73|CG1245794|-27|-72|CG1245795|-30|-75|CG1245796|-34|-78|CG1245797|-32|-73
584|2|4|
584|2|5|1394|24|CG1245778|-26|-53|CG1245778|-26|-53|CG1245782|-18|-39|CG1245782|-18|-39|CG1245782|-18|-39|CG1245783|-19|-39|CG1245783|-19|-39|CG1245784|-17|-76|CG1245784|-17|-76|CG1245785|-40|-49|CG1245785|-40|-49|CG1245786|-31|-55|CG1245787|-27|-72|CG1245787|-27|-72|CG1245788|-49|-60|CG1245788|-49|-60|CG1245789|-53|-55|CG1245789|-53|-55|CG1245779|-42|-60|CG1245779|-42|-60|CG1245780|-33|-63|CG1245780|-33|-63|CG1245781|-23|-69|CG1245781|-23|-69
584|2|6|2397|18|CG1245816|-33|-69|CG1245817|-35|-70|CG1245818|-20|-73|CG1245819|-18|-74|CG1245820|-24|-70|CG1245821|-25|-69|CG1245816|-33|-69|CG1245817|-35|-70|CG1245818|-20|-73|CG1245819|-18|-74|CG1245820|-24|-70|CG1245821|-25|-69|CG1245816|-33|-69|CG1245817|-35|-70|CG1245818|-20|-73|CG1245819|-18|-74|CG1245820|-24|-70|CG1245821|-25|-69
584|2|7|1326|16|CG1245832|-10|-74|CG1245832|-10|-74|CG1245834|-12|-74|CG1245835|-20|-73|CG1245836|-8|-77|CG1245836|-8|-77|CG1245837|-9|-80|CG1245837|-9|-80|CG1245838|-12|-79|CG1245838|-12|-79|CG1245839|-8|-77|CG1245839|-8|-77|CG1245840|-14|-70|CG1245840|-14|-70|CG1245841|-10|-71|CG1245841|-10|-71
584|2|8|1000|2|CG1245807|-12|-66|CG1245808|-43|-42
584|2|9|1000|1|CG1245813|-14|-71
584|2|10|1000|6|CG1245801|-13|-65|CG1245802|-16|-58|CG1245803|-16|-54|CG1245804|-22|-40|CG1245805|-23|-32|CG1245806|-24|-20
584|3|0|1088|6|CG1245901|-15|-71|CG1245902|-15|-71|CG1245903|-15|-71|CG1245904|-15|-71|CG1245905|-15|-71|CG1245906|-15|-71
584|3|1|1000|6|CG1245920|-18|-71|CG1245921|-18|-72|CG1245922|-20|-73|CG1245923|-21|-72|CG1245924|-19|-72|CG1245925|-18|-72
584|3|2|600|5|CG1325525|-125|-117|CG1325526|-119|-165|CG1325527|-116|-175|CG1325528|-58|-136|CG1325529|-81|-129
584|3|3|986|8|CG1245865|-20|-73|CG1245866|-30|-78|CG1245867|-35|-82|CG1245868|-28|-75|CG1245869|-21|-73|CG1245870|-29|-77|CG1245871|-35|-80|CG1245872|-27|-75
584|3|4|
584|3|5|1394|24|CG1245853|-29|-58|CG1245853|-29|-58|CG1245857|-20|-36|CG1245857|-20|-36|CG1245857|-20|-36|CG1245858|-22|-34|CG1245858|-22|-34|CG1245859|-16|-75|CG1245859|-16|-75|CG1245860|-49|-58|CG1245860|-49|-58|CG1245861|-36|-60|CG1245862|-32|-71|CG1245862|-32|-71|CG1245863|-67|-61|CG1245863|-67|-61|CG1245864|-58|-64|CG1245864|-58|-64|CG1245854|-51|-72|CG1245854|-51|-72|CG1245855|-44|-72|CG1245855|-44|-72|CG1245856|-27|-72|CG1245856|-27|-72
584|3|6|2397|18|CG1245891|-19|-70|CG1245892|-20|-72|CG1245893|-19|-77|CG1245894|-19|-76|CG1245895|-23|-72|CG1245896|-23|-72|CG1245891|-19|-70|CG1245892|-20|-72|CG1245893|-19|-77|CG1245894|-19|-76|CG1245895|-23|-72|CG1245896|-23|-72|CG1245891|-19|-70|CG1245892|-20|-72|CG1245893|-19|-77|CG1245894|-19|-76|CG1245895|-23|-72|CG1245896|-23|-72
584|3|7|1326|16|CG1245907|-26|-71|CG1245907|-26|-71|CG1245909|-16|-72|CG1245910|-15|-72|CG1245911|-14|-74|CG1245911|-14|-74|CG1245912|-9|-74|CG1245912|-9|-74|CG1245913|-9|-73|CG1245913|-9|-73|CG1245914|-10|-72|CG1245914|-10|-72|CG1245915|-14|-68|CG1245915|-14|-68|CG1245916|-15|-69|CG1245916|-15|-69
584|3|8|1000|2|CG1245882|-16|-61|CG1245883|-50|-50
584|3|9|1000|1|CG1245888|-14|-70
584|3|10|1000|6|CG1245876|-15|-64|CG1245877|-18|-56|CG1245878|-17|-49|CG1245879|-16|-33|CG1245880|-16|-22|CG1245881|-19|-19
584|4|0|1088|6|CG1245976|-18|-71|CG1245977|-19|-71|CG1245978|-19|-71|CG1245979|-18|-71|CG1245980|-18|-71|CG1245981|-18|-71
584|4|1|1000|6|CG1245995|-17|-73|CG1245996|-17|-74|CG1245997|-16|-75|CG1245998|-18|-73|CG1245999|-17|-74|CG1246000|-18|-74
584|4|2|600|5|CG1325581|-118|-123|CG1325582|-92|-162|CG1325583|-82|-152|CG1325584|-98|-119|CG1325585|-112|-122
584|4|3|986|8|CG1245940|-28|-73|CG1245941|-29|-80|CG1245942|-33|-85|CG1245943|-32|-76|CG1245944|-18|-73|CG1245945|-23|-79|CG1245946|-24|-83|CG1245947|-22|-76
584|4|4|
584|4|5|1394|24|CG1245928|-31|-57|CG1245928|-31|-57|CG1245932|-17|-37|CG1245932|-17|-37|CG1245932|-17|-37|CG1245933|-18|-34|CG1245933|-18|-34|CG1245934|-17|-71|CG1245934|-17|-71|CG1245935|-34|-71|CG1245935|-34|-71|CG1245936|-26|-62|CG1245937|-27|-71|CG1245937|-27|-71|CG1245938|-50|-73|CG1245938|-50|-73|CG1245939|-41|-73|CG1245939|-41|-73|CG1245929|-43|-84|CG1245929|-43|-84|CG1245930|-35|-81|CG1245930|-35|-81|CG1245931|-24|-77|CG1245931|-24|-77
584|4|6|2397|18|CG1245966|-18|-68|CG1245967|-18|-73|CG1245968|-23|-78|CG1245969|-26|-76|CG1245970|-26|-71|CG1245971|-21|-70|CG1245966|-18|-68|CG1245967|-18|-73|CG1245968|-23|-78|CG1245969|-26|-76|CG1245970|-26|-71|CG1245971|-21|-70|CG1245966|-18|-68|CG1245967|-18|-73|CG1245968|-23|-78|CG1245969|-26|-76|CG1245970|-26|-71|CG1245971|-21|-70
584|4|7|1326|16|CG1245982|-30|-70|CG1245982|-30|-70|CG1245984|-21|-71|CG1245985|-17|-72|CG1245986|-20|-70|CG1245986|-20|-70|CG1245987|-15|-70|CG1245987|-15|-70|CG1245988|-18|-69|CG1245988|-18|-69|CG1245989|-20|-68|CG1245989|-20|-68|CG1245990|-22|-68|CG1245990|-22|-68|CG1245991|-18|-69|CG1245991|-18|-69
584|4|8|1000|2|CG1245957|-20|-58|CG1245958|-39|-63
584|4|9|1000|1|CG1245963|-16|-70
584|4|10|1000|6|CG1245951|-22|-64|CG1245952|-30|-56|CG1245953|-22|-50|CG1245954|-31|-33|CG1245955|-29|-20|CG1245956|-24|-17
584|5|0|1088|6|CG1246051|-16|-72|CG1246052|-17|-72|CG1246053|-17|-72|CG1246054|-17|-72|CG1246055|-16|-72|CG1246056|-16|-72
584|5|1|1000|6|CG1246070|-15|-73|CG1246071|-14|-74|CG1246072|-12|-75|CG1246073|-13|-73|CG1246074|-13|-74|CG1246075|-14|-75
584|5|2|600|5|CG1325637|-87|-102|CG1325638|-101|-134|CG1325639|-81|-118|CG1325640|-146|-102|CG1325641|-132|-115
584|5|3|986|8|CG1246015|-27|-74|CG1246016|-16|-80|CG1246017|-17|-85|CG1246018|-21|-77|CG1246019|-27|-74|CG1246020|-19|-80|CG1246021|-20|-85|CG1246022|-19|-77
584|5|4|
584|5|5|1394|24|CG1246003|-28|-60|CG1246003|-28|-60|CG1246007|-17|-36|CG1246007|-17|-36|CG1246007|-17|-36|CG1246008|-17|-33|CG1246008|-17|-33|CG1246009|-16|-68|CG1246009|-16|-68|CG1246010|-16|-75|CG1246010|-16|-75|CG1246011|-17|-60|CG1246012|-17|-72|CG1246012|-17|-72|CG1246013|-21|-81|CG1246013|-21|-81|CG1246014|-23|-78|CG1246014|-23|-78|CG1246004|-20|-89|CG1246004|-20|-89|CG1246005|-20|-85|CG1246005|-20|-85|CG1246006|-16|-79|CG1246006|-16|-79
584|5|6|2397|18|CG1246041|-15|-69|CG1246042|-19|-68|CG1246043|-26|-74|CG1246044|-33|-73|CG1246045|-30|-71|CG1246046|-18|-72|CG1246041|-15|-69|CG1246042|-19|-68|CG1246043|-26|-74|CG1246044|-33|-73|CG1246045|-30|-71|CG1246046|-18|-72|CG1246041|-15|-69|CG1246042|-19|-68|CG1246043|-26|-74|CG1246044|-33|-73|CG1246045|-30|-71|CG1246046|-18|-72
584|5|7|1326|16|CG1246057|-20|-70|CG1246057|-20|-70|CG1246059|-26|-72|CG1246060|-30|-73|CG1246061|-28|-71|CG1246061|-28|-71|CG1246062|-34|-70|CG1246062|-34|-70|CG1246063|-29|-68|CG1246063|-29|-68|CG1246064|-30|-67|CG1246064|-30|-67|CG1246065|-28|-69|CG1246065|-28|-69|CG1246066|-20|-70|CG1246066|-20|-70
584|5|8|1000|2|CG1246032|-22|-58|CG1246033|-36|-68
584|5|9|1000|1|CG1246038|-19|-69
584|5|10|1000|6|CG1246026|-27|-65|CG1246027|-36|-58|CG1246028|-39|-55|CG1246029|-47|-44|CG1246030|-53|-30|CG1246031|-56|-16
584|6|0|1088|6|CG1246126|-20|-73|CG1246127|-20|-73|CG1246128|-20|-73|CG1246129|-20|-73|CG1246130|-20|-73|CG1246131|-20|-73
584|6|1|1000|6|CG1246145|-17|-73|CG1246146|-15|-74|CG1246147|-15|-74|CG1246148|-19|-73|CG1246149|-17|-74|CG1246150|-11|-75
584|6|2|600|5|CG1325693|-56|-115|CG1325694|-66|-158|CG1325695|-93|-143|CG1325696|-109|-126|CG1325697|-81|-115
584|6|3|986|8|CG1246090|-19|-73|CG1246091|-23|-79|CG1246092|-18|-83|CG1246093|-23|-76|CG1246094|-26|-73|CG1246095|-24|-80|CG1246096|-24|-84|CG1246097|-23|-76
584|6|4|
584|6|5|1394|24|CG1246078|-23|-57|CG1246078|-23|-57|CG1246082|-22|-37|CG1246082|-22|-37|CG1246082|-22|-37|CG1246083|-25|-34|CG1246083|-25|-34|CG1246084|-20|-68|CG1246084|-20|-68|CG1246085|-21|-70|CG1246085|-21|-70|CG1246086|-22|-61|CG1246087|-22|-74|CG1246087|-22|-74|CG1246088|-19|-75|CG1246088|-19|-75|CG1246089|0|-74|CG1246089|0|-74|CG1246079|5|-84|CG1246079|5|-84|CG1246080|-3|-82|CG1246080|-3|-82|CG1246081|-12|-77|CG1246081|-12|-77
584|6|6|2397|18|CG1246116|-12|-70|CG1246117|-12|-71|CG1246118|-18|-75|CG1246119|-23|-73|CG1246120|-20|-73|CG1246121|-13|-76|CG1246116|-12|-70|CG1246117|-12|-71|CG1246118|-18|-75|CG1246119|-23|-73|CG1246120|-20|-73|CG1246121|-13|-76|CG1246116|-12|-70|CG1246117|-12|-71|CG1246118|-18|-75|CG1246119|-23|-73|CG1246120|-20|-73|CG1246121|-13|-76
584|6|7|1326|16|CG1246132|-22|-72|CG1246132|-22|-72|CG1246134|-21|-73|CG1246135|-36|-76|CG1246136|-31|-74|CG1246136|-31|-74|CG1246137|-45|-74|CG1246137|-45|-74|CG1246138|-37|-73|CG1246138|-37|-73|CG1246139|-30|-70|CG1246139|-30|-70|CG1246140|-28|-71|CG1246140|-28|-71|CG1246141|-25|-72|CG1246141|-25|-72
584|6|8|1000|2|CG1246107|-25|-61|CG1246108|-27|-61
584|6|9|1000|1|CG1246113|-23|-70
584|6|10|1000|6|CG1246101|-28|-67|CG1246102|-29|-60|CG1246103|-40|-61|CG1246104|-41|-57|CG1246105|-52|-47|CG1246106|-63|-27
584|7|0|1088|6|CG1246201|-19|-74|CG1246202|-19|-74|CG1246203|-19|-73|CG1246204|-19|-74|CG1246205|-19|-74|CG1246206|-19|-74
584|7|1|1000|6|CG1246220|-22|-72|CG1246221|-20|-72|CG1246222|-15|-72|CG1246223|-22|-71|CG1246224|-20|-72|CG1246225|-12|-73
584|7|2|600|5|CG1325749|-65|-111|CG1325750|-73|-164|CG1325751|-68|-170|CG1325752|-60|-150|CG1325753|-60|-127
584|7|3|986|8|CG1246165|-18|-73|CG1246166|-30|-77|CG1246167|-27|-80|CG1246168|-22|-75|CG1246169|-18|-73|CG1246170|-30|-78|CG1246171|-26|-82|CG1246172|-19|-75
584|7|4|
584|7|5|1394|24|CG1246153|-31|-51|CG1246153|-31|-51|CG1246157|-30|-36|CG1246157|-30|-36|CG1246157|-30|-36|CG1246158|-31|-33|CG1246158|-31|-33|CG1246159|-25|-70|CG1246159|-25|-70|CG1246160|-22|-55|CG1246160|-22|-55|CG1246161|-24|-61|CG1246162|-25|-75|CG1246162|-25|-75|CG1246163|-13|-61|CG1246163|-13|-61|CG1246164|14|-66|CG1246164|14|-66|CG1246154|12|-72|CG1246154|12|-72|CG1246155|-2|-73|CG1246155|-2|-73|CG1246156|-7|-73|CG1246156|-7|-73
584|7|6|2397|18|CG1246191|-14|-68|CG1246192|-14|-71|CG1246193|-15|-77|CG1246194|-14|-77|CG1246195|-13|-76|CG1246196|-14|-75|CG1246191|-14|-68|CG1246192|-14|-71|CG1246193|-15|-77|CG1246194|-14|-77|CG1246195|-13|-76|CG1246196|-14|-75|CG1246191|-14|-68|CG1246192|-14|-71|CG1246193|-15|-77|CG1246194|-14|-77|CG1246195|-13|-76|CG1246196|-14|-75
584|7|7|1326|16|CG1246207|-19|-74|CG1246207|-19|-74|CG1246209|-20|-75|CG1246210|-24|-77|CG1246211|-30|-77|CG1246211|-30|-77|CG1246212|-45|-80|CG1246212|-45|-80|CG1246213|-39|-79|CG1246213|-39|-79|CG1246214|-29|-75|CG1246214|-29|-75|CG1246215|-29|-73|CG1246215|-29|-73|CG1246216|-24|-74|CG1246216|-24|-74
584|7|8|1000|2|CG1246182|-26|-65|CG1246183|-33|-50
584|7|9|1000|1|CG1246188|-28|-70
584|7|10|1000|6|CG1246176|-25|-68|CG1246177|-34|-62|CG1246178|-33|-65|CG1246179|-35|-65|CG1246180|-36|-59|CG1246181|-42|-44
