583|0|0|1088|6|CG1245304|-44|-75|CG1245305|-43|-74|CG1245306|-39|-74|CG1245307|-37|-74|CG1245308|-37|-74|CG1245309|-42|-74
583|0|1|1000|6|CG1245312|-34|-71|CG1245313|-34|-71|CG1245314|-33|-71|CG1245315|-33|-70|CG1245316|-32|-71|CG1245317|-34|-72
583|0|2|600|5|CG1325357|-54|-113|CG1325358|-66|-144|CG1325359|-95|-176|CG1325360|-103|-137|CG1325361|-78|-106
583|0|3|986|8|CG1245640|-26|-72|CG1245641|-23|-75|CG1245642|-23|-78|CG1245643|-23|-73|CG1245644|-15|-72|CG1245645|-22|-76|CG1245646|-17|-79|CG1245647|-14|-73
583|0|4|
583|0|5|1190|15|CG1245276|-28|-87|CG1245276|-28|-87|CG1245277|-26|-86|CG1245277|-26|-86|CG1245278|-40|-82|CG1245278|-40|-82|CG1245279|-25|-89|CG1245279|-25|-89|CG1245279|-25|-89|CG1245279|-25|-89|CG1245280|-29|-99|CG1245280|-29|-99|CG1245281|-25|-77|CG1245281|-25|-77|CG1245281|-25|-77
583|0|6|2397|18|CG1245295|-39|-65|CG1245296|-36|-69|CG1245297|-36|-73|CG1245298|-38|-73|CG1245299|-38|-72|CG1245300|-36|-71|CG1245295|-39|-65|CG1245296|-36|-69|CG1245297|-36|-73|CG1245298|-38|-73|CG1245299|-38|-72|CG1245300|-36|-71|CG1245295|-39|-65|CG1245296|-36|-69|CG1245297|-36|-73|CG1245298|-38|-73|CG1245299|-38|-72|CG1245300|-36|-71
583|0|7|1326|16|CG1245682|-15|-75|CG1245682|-15|-75|CG1245684|-17|-76|CG1245685|-16|-77|CG1245686|-20|-80|CG1245686|-20|-80|CG1245687|-29|-84|CG1245687|-29|-84|CG1245688|-36|-82|CG1245688|-36|-82|CG1245689|-25|-79|CG1245689|-25|-79|CG1245690|-15|-74|CG1245690|-15|-74|CG1245691|-16|-74|CG1245691|-16|-74
583|0|8|1000|2|CG1245290|-22|-69|CG1245291|-22|-64
583|0|9|1000|1|CG1245292|-28|-71
583|0|10|1000|6|CG1245284|-32|-69|CG1245285|-29|-62|CG1245286|-28|-64|CG1245287|-22|-63|CG1245288|-25|-59|CG1245289|-25|-48
583|1|0|1088|6|CG1245348|-34|-74|CG1245349|-35|-73|CG1245350|-37|-73|CG1245351|-38|-74|CG1245352|-37|-74|CG1245353|-36|-74
583|1|1|1000|6|CG1245356|-16|-70|CG1245357|-17|-71|CG1245358|-20|-71|CG1245359|-18|-70|CG1245360|-18|-71|CG1245361|-16|-71
583|1|2|600|5|CG1325413|-100|-113|CG1325414|-102|-107|CG1325415|-90|-159|CG1325416|-142|-98|CG1325417|-131|-103
583|1|3|986|8|CG1245715|-26|-73|CG1245716|-17|-75|CG1245717|-17|-77|CG1245718|-18|-73|CG1245719|-28|-73|CG1245720|-17|-75|CG1245721|-18|-77|CG1245722|-21|-73
583|1|4|
583|1|5|1190|15|CG1245320|-17|-88|CG1245320|-17|-88|CG1245321|-16|-87|CG1245321|-16|-87|CG1245322|-15|-84|CG1245322|-15|-84|CG1245323|-17|-90|CG1245323|-17|-90|CG1245323|-17|-90|CG1245323|-17|-90|CG1245324|-17|-100|CG1245324|-17|-100|CG1245325|-17|-75|CG1245325|-17|-75|CG1245325|-17|-75
583|1|6|2397|18|CG1245339|-33|-67|CG1245340|-28|-69|CG1245341|-20|-72|CG1245342|-21|-73|CG1245343|-25|-70|CG1245344|-28|-68|CG1245339|-33|-67|CG1245340|-28|-69|CG1245341|-20|-72|CG1245342|-21|-73|CG1245343|-25|-70|CG1245344|-28|-68|CG1245339|-33|-67|CG1245340|-28|-69|CG1245341|-20|-72|CG1245342|-21|-73|CG1245343|-25|-70|CG1245344|-28|-68
583|1|7|1326|16|CG1245757|-11|-75|CG1245757|-11|-75|CG1245759|-11|-75|CG1245760|-24|-75|CG1245761|-10|-79|CG1245761|-10|-79|CG1245762|-14|-84|CG1245762|-14|-84|CG1245763|-25|-83|CG1245763|-25|-83|CG1245764|-13|-79|CG1245764|-13|-79|CG1245765|-14|-72|CG1245765|-14|-72|CG1245766|-10|-73|CG1245766|-10|-73
583|1|8|1000|2|CG1245334|-33|-69|CG1245335|-22|-60
583|1|9|1000|1|CG1245336|-39|-73
583|1|10|1000|6|CG1245328|-35|-67|CG1245329|-29|-60|CG1245330|-24|-60|CG1245331|-21|-54|CG1245332|-22|-49|CG1245333|-24|-38
583|2|0|1088|6|CG1245392|-13|-73|CG1245393|-13|-72|CG1245394|-16|-72|CG1245395|-18|-72|CG1245396|-17|-72|CG1245397|-13|-72
583|2|1|1000|6|CG1245400|-30|-70|CG1245401|-32|-71|CG1245402|-34|-72|CG1245403|-32|-71|CG1245404|-32|-71|CG1245405|-30|-71
583|2|2|600|5|CG1325469|-119|-113|CG1325470|-90|-142|CG1325471|-82|-174|CG1325472|-99|-116|CG1325473|-109|-103
583|2|3|986|8|CG1245790|-18|-72|CG1245791|-29|-76|CG1245792|-28|-79|CG1245793|-23|-73|CG1245794|-27|-72|CG1245795|-30|-75|CG1245796|-34|-78|CG1245797|-32|-73
583|2|4|
583|2|5|1190|15|CG1245364|-17|-87|CG1245364|-17|-87|CG1245365|-16|-85|CG1245365|-16|-85|CG1245366|-17|-84|CG1245366|-17|-84|CG1245367|-18|-87|CG1245367|-18|-87|CG1245367|-18|-87|CG1245367|-18|-87|CG1245368|-17|-90|CG1245368|-17|-90|CG1245369|-17|-76|CG1245369|-17|-76|CG1245369|-17|-76
583|2|6|2397|18|CG1245383|-33|-69|CG1245384|-33|-70|CG1245385|-30|-71|CG1245386|-32|-73|CG1245387|-35|-70|CG1245388|-32|-69|CG1245383|-33|-69|CG1245384|-33|-70|CG1245385|-30|-71|CG1245386|-32|-73|CG1245387|-35|-70|CG1245388|-32|-69|CG1245383|-33|-69|CG1245384|-33|-70|CG1245385|-30|-71|CG1245386|-32|-73|CG1245387|-35|-70|CG1245388|-32|-69
583|2|7|1326|16|CG1245832|-10|-74|CG1245832|-10|-74|CG1245834|-12|-74|CG1245835|-20|-73|CG1245836|-8|-77|CG1245836|-8|-77|CG1245837|-9|-80|CG1245837|-9|-80|CG1245838|-12|-79|CG1245838|-12|-79|CG1245839|-8|-77|CG1245839|-8|-77|CG1245840|-14|-70|CG1245840|-14|-70|CG1245841|-10|-71|CG1245841|-10|-71
583|2|8|1000|2|CG1245378|-29|-66|CG1245379|-43|-56
583|2|9|1000|1|CG1245380|-30|-73
583|2|10|1000|6|CG1245372|-18|-65|CG1245373|-17|-58|CG1245374|-16|-54|CG1245375|-23|-40|CG1245376|-23|-32|CG1245377|-24|-20
583|3|0|1088|6|CG1245436|-21|-71|CG1245437|-19|-71|CG1245438|-15|-71|CG1245439|-15|-71|CG1245440|-15|-71|CG1245441|-17|-71
583|3|1|1000|6|CG1245444|-43|-71|CG1245445|-42|-72|CG1245446|-42|-73|CG1245447|-38|-72|CG1245448|-39|-72|CG1245449|-41|-72
583|3|2|600|5|CG1325525|-125|-117|CG1325526|-119|-165|CG1325527|-116|-175|CG1325528|-58|-136|CG1325529|-81|-129
583|3|3|986|8|CG1245865|-20|-73|CG1245866|-30|-78|CG1245867|-35|-82|CG1245868|-28|-75|CG1245869|-21|-73|CG1245870|-29|-77|CG1245871|-35|-80|CG1245872|-27|-75
583|3|4|
583|3|5|1190|15|CG1245408|-15|-84|CG1245408|-15|-84|CG1245409|-15|-82|CG1245409|-15|-82|CG1245410|-16|-83|CG1245410|-16|-83|CG1245411|-16|-82|CG1245411|-16|-82|CG1245411|-16|-82|CG1245411|-16|-82|CG1245412|-16|-76|CG1245412|-16|-76|CG1245413|-15|-77|CG1245413|-15|-77|CG1245413|-15|-77
583|3|6|2397|18|CG1245427|-42|-69|CG1245428|-46|-73|CG1245429|-45|-74|CG1245430|-45|-74|CG1245431|-43|-72|CG1245432|-44|-70|CG1245427|-42|-69|CG1245428|-46|-73|CG1245429|-45|-74|CG1245430|-45|-74|CG1245431|-43|-72|CG1245432|-44|-70|CG1245427|-42|-69|CG1245428|-46|-73|CG1245429|-45|-74|CG1245430|-45|-74|CG1245431|-43|-72|CG1245432|-44|-70
583|3|7|1326|16|CG1245907|-26|-71|CG1245907|-26|-71|CG1245909|-16|-72|CG1245910|-15|-72|CG1245911|-14|-74|CG1245911|-14|-74|CG1245912|-9|-74|CG1245912|-9|-74|CG1245913|-9|-73|CG1245913|-9|-73|CG1245914|-10|-72|CG1245914|-10|-72|CG1245915|-14|-68|CG1245915|-14|-68|CG1245916|-15|-69|CG1245916|-15|-69
583|3|8|1000|2|CG1245422|-19|-63|CG1245423|-50|-58
583|3|9|1000|1|CG1245424|-14|-72
583|3|10|1000|6|CG1245416|-15|-64|CG1245417|-18|-56|CG1245418|-17|-49|CG1245419|-16|-31|CG1245420|-16|-22|CG1245421|-21|-19
583|4|0|1088|6|CG1245480|-37|-71|CG1245481|-38|-71|CG1245482|-35|-71|CG1245483|-34|-71|CG1245484|-33|-71|CG1245485|-36|-71
583|4|1|1000|6|CG1245488|-31|-73|CG1245489|-29|-74|CG1245490|-26|-75|CG1245491|-23|-73|CG1245492|-24|-74|CG1245493|-29|-74
583|4|2|600|5|CG1325581|-118|-123|CG1325582|-92|-162|CG1325583|-82|-152|CG1325584|-98|-119|CG1325585|-112|-122
583|4|3|986|8|CG1245940|-28|-73|CG1245941|-29|-80|CG1245942|-33|-85|CG1245943|-32|-76|CG1245944|-18|-73|CG1245945|-23|-79|CG1245946|-24|-83|CG1245947|-22|-76
583|4|4|
583|4|5|1190|15|CG1245452|-13|-80|CG1245452|-13|-80|CG1245453|-14|-79|CG1245453|-14|-79|CG1245454|-13|-80|CG1245454|-13|-80|CG1245455|-15|-78|CG1245455|-15|-78|CG1245455|-15|-78|CG1245455|-15|-78|CG1245456|-21|-76|CG1245456|-21|-76|CG1245457|-21|-77|CG1245457|-21|-77|CG1245457|-21|-77
583|4|6|2397|18|CG1245471|-31|-70|CG1245472|-34|-76|CG1245473|-34|-76|CG1245474|-32|-75|CG1245475|-28|-71|CG1245476|-33|-70|CG1245471|-31|-70|CG1245472|-34|-76|CG1245473|-34|-76|CG1245474|-32|-75|CG1245475|-28|-71|CG1245476|-33|-70|CG1245471|-31|-70|CG1245472|-34|-76|CG1245473|-34|-76|CG1245474|-32|-75|CG1245475|-28|-71|CG1245476|-33|-70
583|4|7|1326|16|CG1245982|-30|-70|CG1245982|-30|-70|CG1245984|-21|-71|CG1245985|-17|-72|CG1245986|-20|-70|CG1245986|-20|-70|CG1245987|-15|-70|CG1245987|-15|-70|CG1245988|-18|-69|CG1245988|-18|-69|CG1245989|-20|-68|CG1245989|-20|-68|CG1245990|-22|-68|CG1245990|-22|-68|CG1245991|-18|-69|CG1245991|-18|-69
583|4|8|1000|2|CG1245466|-20|-61|CG1245467|-39|-63
583|4|9|1000|1|CG1245468|-16|-70
583|4|10|1000|6|CG1245460|-26|-64|CG1245461|-30|-56|CG1245462|-22|-50|CG1245463|-31|-33|CG1245464|-29|-24|CG1245465|-28|-20
583|5|0|1088|6|CG1245524|-32|-72|CG1245525|-36|-72|CG1245526|-40|-72|CG1245527|-39|-72|CG1245528|-37|-72|CG1245529|-34|-72
583|5|1|1000|6|CG1245532|-15|-73|CG1245533|-14|-74|CG1245534|-12|-75|CG1245535|-14|-73|CG1245536|-15|-74|CG1245537|-14|-75
583|5|2|600|5|CG1325637|-87|-102|CG1325638|-101|-134|CG1325639|-81|-118|CG1325640|-146|-102|CG1325641|-132|-115
583|5|3|986|8|CG1246015|-27|-74|CG1246016|-16|-80|CG1246017|-17|-85|CG1246018|-21|-77|CG1246019|-27|-74|CG1246020|-19|-80|CG1246021|-20|-85|CG1246022|-19|-77
583|5|4|
583|5|5|1190|15|CG1245496|-12|-79|CG1245496|-12|-79|CG1245497|-19|-78|CG1245497|-19|-78|CG1245498|-17|-79|CG1245498|-17|-79|CG1245499|-17|-77|CG1245499|-17|-77|CG1245499|-17|-77|CG1245499|-17|-77|CG1245500|-24|-75|CG1245500|-24|-75|CG1245501|-36|-76|CG1245501|-36|-76|CG1245501|-36|-76
583|5|6|2397|18|CG1245515|-22|-73|CG1245516|-20|-76|CG1245517|-26|-76|CG1245518|-33|-76|CG1245519|-30|-71|CG1245520|-21|-72|CG1245515|-22|-73|CG1245516|-20|-76|CG1245517|-26|-76|CG1245518|-33|-76|CG1245519|-30|-71|CG1245520|-21|-72|CG1245515|-22|-73|CG1245516|-20|-76|CG1245517|-26|-76|CG1245518|-33|-76|CG1245519|-30|-71|CG1245520|-21|-72
583|5|7|1326|16|CG1246057|-20|-70|CG1246057|-20|-70|CG1246059|-26|-72|CG1246060|-30|-73|CG1246061|-28|-71|CG1246061|-28|-71|CG1246062|-34|-70|CG1246062|-34|-70|CG1246063|-29|-68|CG1246063|-29|-68|CG1246064|-30|-67|CG1246064|-30|-67|CG1246065|-28|-69|CG1246065|-28|-69|CG1246066|-20|-70|CG1246066|-20|-70
583|5|8|1000|2|CG1245510|-29|-58|CG1245511|-36|-68
583|5|9|1000|1|CG1245512|-38|-69
583|5|10|1000|6|CG1245504|-36|-65|CG1245505|-39|-58|CG1245506|-45|-55|CG1245507|-48|-44|CG1245508|-53|-30|CG1245509|-56|-23
583|6|0|1088|6|CG1245568|-20|-73|CG1245569|-20|-73|CG1245570|-24|-73|CG1245571|-24|-73|CG1245572|-23|-73|CG1245573|-21|-73
583|6|1|1000|6|CG1245576|-22|-73|CG1245577|-23|-74|CG1245578|-26|-74|CG1245579|-29|-73|CG1245580|-27|-74|CG1245581|-25|-75
583|6|2|600|5|CG1325693|-56|-115|CG1325694|-66|-158|CG1325695|-93|-143|CG1325696|-109|-126|CG1325697|-81|-115
583|6|3|986|8|CG1246090|-19|-73|CG1246091|-23|-79|CG1246092|-18|-83|CG1246093|-23|-76|CG1246094|-26|-73|CG1246095|-24|-80|CG1246096|-24|-84|CG1246097|-23|-76
583|6|4|
583|6|5|1190|15|CG1245540|-30|-80|CG1245540|-30|-80|CG1245541|-30|-79|CG1245541|-30|-79|CG1245542|-52|-79|CG1245542|-52|-79|CG1245543|-40|-80|CG1245543|-40|-80|CG1245543|-40|-80|CG1245543|-40|-80|CG1245544|-47|-75|CG1245544|-47|-75|CG1245545|-42|-74|CG1245545|-42|-74|CG1245545|-42|-74
583|6|6|2397|18|CG1245559|-16|-70|CG1245560|-12|-71|CG1245561|-18|-75|CG1245562|-23|-73|CG1245563|-20|-73|CG1245564|-16|-76|CG1245559|-16|-70|CG1245560|-12|-71|CG1245561|-18|-75|CG1245562|-23|-73|CG1245563|-20|-73|CG1245564|-16|-76|CG1245559|-16|-70|CG1245560|-12|-71|CG1245561|-18|-75|CG1245562|-23|-73|CG1245563|-20|-73|CG1245564|-16|-76
583|6|7|1326|16|CG1246132|-22|-72|CG1246132|-22|-72|CG1246134|-21|-73|CG1246135|-36|-76|CG1246136|-31|-74|CG1246136|-31|-74|CG1246137|-45|-74|CG1246137|-45|-74|CG1246138|-37|-73|CG1246138|-37|-73|CG1246139|-30|-70|CG1246139|-30|-70|CG1246140|-28|-71|CG1246140|-28|-71|CG1246141|-25|-72|CG1246141|-25|-72
583|6|8|1000|2|CG1245554|-31|-61|CG1245555|-33|-61
583|6|9|1000|1|CG1245556|-42|-70
583|6|10|1000|6|CG1245548|-29|-67|CG1245549|-34|-60|CG1245550|-50|-61|CG1245551|-55|-57|CG1245552|-57|-47|CG1245553|-64|-27
583|7|0|1088|6|CG1245612|-29|-74|CG1245613|-26|-74|CG1245614|-20|-73|CG1245615|-19|-74|CG1245616|-19|-74|CG1245617|-24|-74
583|7|1|1000|6|CG1245620|-39|-72|CG1245621|-40|-72|CG1245622|-41|-72|CG1245623|-43|-71|CG1245624|-41|-72|CG1245625|-41|-73
583|7|2|600|5|CG1325749|-65|-111|CG1325750|-73|-164|CG1325751|-68|-170|CG1325752|-60|-150|CG1325753|-60|-127
583|7|3|986|8|CG1246165|-18|-73|CG1246166|-30|-77|CG1246167|-27|-80|CG1246168|-22|-75|CG1246169|-18|-73|CG1246170|-30|-78|CG1246171|-26|-82|CG1246172|-19|-75
583|7|4|
583|7|5|1190|15|CG1245584|-39|-83|CG1245584|-39|-83|CG1245585|-38|-82|CG1245585|-38|-82|CG1245586|-64|-80|CG1245586|-64|-80|CG1245587|-45|-85|CG1245587|-45|-85|CG1245587|-45|-85|CG1245587|-45|-85|CG1245588|-49|-86|CG1245588|-49|-86|CG1245589|-32|-74|CG1245589|-32|-74|CG1245589|-32|-74
583|7|6|2397|18|CG1245603|-39|-68|CG1245604|-33|-71|CG1245605|-36|-77|CG1245606|-36|-77|CG1245607|-39|-76|CG1245608|-36|-75|CG1245603|-39|-68|CG1245604|-33|-71|CG1245605|-36|-77|CG1245606|-36|-77|CG1245607|-39|-76|CG1245608|-36|-75|CG1245603|-39|-68|CG1245604|-33|-71|CG1245605|-36|-77|CG1245606|-36|-77|CG1245607|-39|-76|CG1245608|-36|-75
583|7|7|1326|16|CG1246207|-19|-74|CG1246207|-19|-74|CG1246209|-20|-75|CG1246210|-24|-77|CG1246211|-30|-77|CG1246211|-30|-77|CG1246212|-45|-80|CG1246212|-45|-80|CG1246213|-39|-79|CG1246213|-39|-79|CG1246214|-29|-75|CG1246214|-29|-75|CG1246215|-29|-73|CG1246215|-29|-73|CG1246216|-24|-74|CG1246216|-24|-74
583|7|8|1000|2|CG1245598|-26|-65|CG1245599|-33|-60
583|7|9|1000|1|CG1245600|-30|-70
583|7|10|1000|6|CG1245592|-23|-69|CG1245593|-32|-62|CG1245594|-35|-65|CG1245595|-35|-65|CG1245596|-36|-59|CG1245597|-45|-44
