564|0|0|1717|4|CG1236724|-24|-70|CG1236725|-24|-70|CG1236726|-24|-71|CG1236727|-24|-70
564|0|1|1000|6|CG1236730|-35|-71|CG1236731|-33|-72|CG1236732|-30|-73|CG1236733|-28|-72|CG1236734|-30|-73|CG1236735|-32|-72
564|0|2|600|5|CG1325357|-54|-113|CG1325358|-66|-144|CG1325359|-95|-176|CG1325360|-103|-137|CG1325361|-78|-106
564|0|3|510|6|CG1236694|-41|-69|CG1236695|-43|-72|CG1236696|-46|-70|CG1236697|-46|-69|CG1236698|-45|-72|CG1236699|-42|-70
564|0|4|
564|0|5|1190|13|CG1236684|-56|-73|CG1236686|-49|-73|CG1236686|-49|-73|CG1236687|-39|-74|CG1236688|-34|-74|CG1236689|-34|-75|CG1236689|-34|-75|CG1236689|-34|-75|CG1236690|-45|-78|CG1236691|-45|-78|CG1236692|-45|-68|CG1236693|-50|-72|CG1236685|-43|-71
564|0|6|2397|24|CG1236713|-49|-78|CG1236714|-49|-78|CG1236715|-49|-79|CG1236716|-49|-78|CG1236717|-49|-78|CG1236718|-49|-78|CG1236719|-49|-78|CG1236715|-49|-79|CG1236716|-49|-78|CG1236717|-49|-78|CG1236718|-49|-78|CG1236719|-49|-78|CG1236715|-49|-79|CG1236716|-49|-78|CG1236717|-49|-78|CG1236718|-49|-78|CG1236719|-49|-78|CG1236715|-49|-79|CG1236716|-49|-78|CG1236717|-49|-78|CG1236718|-49|-78|CG1236719|-49|-78|CG1236714|-49|-78|CG1236713|-49|-78
564|0|7|1496|20|CG1237548|-15|-71|CG1237548|-15|-71|CG1237549|-19|-70|CG1237549|-19|-70|CG1237550|-15|-69|CG1237550|-15|-69|CG1237551|-16|-68|CG1237551|-16|-68|CG1237550|-15|-69|CG1237550|-15|-69|CG1237551|-16|-68|CG1237551|-16|-68|CG1237550|-15|-69|CG1237550|-15|-69|CG1237551|-16|-68|CG1237551|-16|-68|CG1237552|-18|-70|CG1237553|-19|-70|CG1237554|-15|-69|CG1237555|-15|-69
564|0|8|1000|2|CG1236708|-33|-68|CG1236709|-32|-59
564|0|9|1000|1|CG1236710|-46|-82
564|0|10|1000|6|CG1236702|-28|-63|CG1236703|-27|-74|CG1236704|-48|-77|CG1236705|-70|-53|CG1236706|-70|-46|CG1236707|-94|-22
564|1|0|1717|4|CG1236778|-17|-69|CG1236779|-17|-70|CG1236780|-17|-70|CG1236781|-17|-70
564|1|1|1000|6|CG1236784|-18|-72|CG1236785|-17|-73|CG1236786|-17|-73|CG1236787|-16|-72|CG1236788|-17|-73|CG1236789|-17|-73
564|1|2|600|5|CG1325413|-100|-113|CG1325414|-102|-107|CG1325415|-90|-159|CG1325416|-142|-98|CG1325417|-131|-103
564|1|3|510|6|CG1236748|-39|-72|CG1236749|-38|-74|CG1236750|-33|-75|CG1236751|-32|-74|CG1236752|-35|-75|CG1236753|-39|-73
564|1|4|
564|1|5|1190|13|CG1236738|-26|-81|CG1236740|-14|-76|CG1236740|-14|-76|CG1236741|-30|-76|CG1236742|-27|-75|CG1236743|-29|-75|CG1236743|-29|-75|CG1236743|-29|-75|CG1236744|-20|-78|CG1236745|-22|-79|CG1236746|-23|-71|CG1236747|-28|-74|CG1236739|-39|-72
564|1|6|2397|24|CG1236767|-31|-89|CG1236768|-31|-89|CG1236769|-31|-89|CG1236770|-31|-89|CG1236771|-31|-89|CG1236772|-31|-89|CG1236773|-31|-89|CG1236769|-31|-89|CG1236770|-31|-89|CG1236771|-31|-89|CG1236772|-31|-89|CG1236773|-31|-89|CG1236769|-31|-89|CG1236770|-31|-89|CG1236771|-31|-89|CG1236772|-31|-89|CG1236773|-31|-89|CG1236769|-31|-89|CG1236770|-31|-89|CG1236771|-31|-89|CG1236772|-31|-89|CG1236773|-31|-89|CG1236768|-31|-89|CG1236767|-31|-89
564|1|7|1496|20|CG1237615|-18|-71|CG1237615|-18|-71|CG1237616|-17|-71|CG1237616|-17|-71|CG1237617|-20|-68|CG1237617|-20|-68|CG1237618|-21|-68|CG1237618|-21|-68|CG1237617|-20|-68|CG1237617|-20|-68|CG1237618|-21|-68|CG1237618|-21|-68|CG1237617|-20|-68|CG1237617|-20|-68|CG1237618|-21|-68|CG1237618|-21|-68|CG1237619|-19|-71|CG1237620|-18|-70|CG1237621|-17|-68|CG1237622|-16|-68
564|1|8|1000|2|CG1236762|-18|-67|CG1236763|-23|-53
564|1|9|1000|1|CG1236764|-33|-90
564|1|10|1000|6|CG1236756|-26|-63|CG1236757|-30|-68|CG1236758|-38|-83|CG1236759|-62|-74|CG1236760|-70|-70|CG1236761|-78|-37
564|2|0|1717|4|CG1236832|-20|-69|CG1236833|-20|-70|CG1236834|-20|-70|CG1236835|-20|-70
564|2|1|1000|6|CG1236838|-19|-72|CG1236839|-19|-73|CG1236840|-19|-72|CG1236841|-19|-71|CG1236842|-19|-72|CG1236843|-19|-73
564|2|2|600|5|CG1325469|-119|-113|CG1325470|-90|-142|CG1325471|-82|-174|CG1325472|-99|-116|CG1325473|-109|-103
564|2|3|510|6|CG1236802|-20|-76|CG1236803|-19|-79|CG1236804|-21|-79|CG1236805|-27|-77|CG1236806|-19|-79|CG1236807|-19|-78
564|2|4|
564|2|5|1190|13|CG1236792|-5|-78|CG1236794|-5|-71|CG1236794|-5|-71|CG1236795|-26|-86|CG1236796|-20|-81|CG1236797|-20|-81|CG1236797|-20|-81|CG1236797|-20|-81|CG1236798|-12|-74|CG1236799|-12|-75|CG1236800|-17|-67|CG1236801|-15|-73|CG1236793|-25|-75
564|2|6|2397|24|CG1236821|-16|-94|CG1236822|-18|-94|CG1236823|-21|-94|CG1236824|-21|-94|CG1236825|-21|-94|CG1236826|-20|-94|CG1236827|-18|-94|CG1236823|-21|-94|CG1236824|-21|-94|CG1236825|-21|-94|CG1236826|-20|-94|CG1236827|-18|-94|CG1236823|-21|-94|CG1236824|-21|-94|CG1236825|-21|-94|CG1236826|-20|-94|CG1236827|-18|-94|CG1236823|-21|-94|CG1236824|-21|-94|CG1236825|-21|-94|CG1236826|-20|-94|CG1236827|-18|-94|CG1236822|-18|-94|CG1236821|-16|-94
564|2|7|1496|20|CG1237682|-20|-72|CG1237682|-20|-72|CG1237683|-21|-71|CG1237683|-21|-71|CG1237684|-22|-70|CG1237684|-22|-70|CG1237685|-23|-70|CG1237685|-23|-70|CG1237684|-22|-70|CG1237684|-22|-70|CG1237685|-23|-70|CG1237685|-23|-70|CG1237684|-22|-70|CG1237684|-22|-70|CG1237685|-23|-70|CG1237685|-23|-70|CG1237686|-22|-72|CG1237687|-23|-71|CG1237688|-23|-69|CG1237689|-22|-69
564|2|8|1000|2|CG1236816|-11|-68|CG1236817|-35|-53
564|2|9|1000|1|CG1236818|-12|-91
564|2|10|1000|6|CG1236810|-25|-53|CG1236811|-18|-62|CG1236812|-29|-74|CG1236813|-42|-83|CG1236814|-40|-85|CG1236815|-39|-56
564|3|0|1717|4|CG1236886|-19|-70|CG1236887|-19|-70|CG1236888|-18|-70|CG1236889|-19|-70
564|3|1|1000|6|CG1236892|-19|-73|CG1236893|-18|-73|CG1236894|-17|-73|CG1236895|-18|-72|CG1236896|-17|-73|CG1236897|-17|-73
564|3|2|600|5|CG1325525|-125|-117|CG1325526|-119|-165|CG1325527|-116|-175|CG1325528|-58|-136|CG1325529|-81|-129
564|3|3|510|6|CG1236856|-29|-77|CG1236857|-19|-78|CG1236858|-22|-77|CG1236859|-29|-76|CG1236860|-19|-78|CG1236861|-22|-78
564|3|4|
564|3|5|1190|13|CG1236846|-2|-68|CG1236848|-3|-62|CG1236848|-3|-62|CG1236849|-22|-92|CG1236850|-27|-88|CG1236851|-26|-88|CG1236851|-26|-88|CG1236851|-26|-88|CG1236852|-2|-69|CG1236853|-10|-69|CG1236854|-13|-58|CG1236855|-13|-68|CG1236847|-18|-77
564|3|6|2397|24|CG1236875|-17|-86|CG1236876|-18|-86|CG1236877|-19|-86|CG1236878|-20|-86|CG1236879|-19|-86|CG1236880|-19|-86|CG1236881|-19|-86|CG1236877|-19|-86|CG1236878|-20|-86|CG1236879|-19|-86|CG1236880|-19|-86|CG1236881|-19|-86|CG1236877|-19|-86|CG1236878|-20|-86|CG1236879|-19|-86|CG1236880|-19|-86|CG1236881|-19|-86|CG1236877|-19|-86|CG1236878|-20|-86|CG1236879|-19|-86|CG1236880|-19|-86|CG1236881|-19|-86|CG1236876|-18|-86|CG1236875|-17|-86
564|3|7|1496|20|CG1237749|-18|-72|CG1237749|-18|-72|CG1237750|-19|-71|CG1237750|-19|-71|CG1237751|-24|-71|CG1237751|-24|-71|CG1237752|-24|-71|CG1237752|-24|-71|CG1237751|-24|-71|CG1237751|-24|-71|CG1237752|-24|-71|CG1237752|-24|-71|CG1237751|-24|-71|CG1237751|-24|-71|CG1237752|-24|-71|CG1237752|-24|-71|CG1237753|-20|-72|CG1237754|-19|-71|CG1237755|-21|-70|CG1237756|-20|-70
564|3|8|1000|2|CG1236870|-12|-66|CG1236871|-39|-60
564|3|9|1000|1|CG1236872|-13|-84
564|3|10|1000|6|CG1236864|-18|-54|CG1236865|-10|-60|CG1236866|-12|-63|CG1236867|-10|-74|CG1236868|-5|-82|CG1236869|-8|-50
564|4|0|1717|4|CG1236940|-22|-71|CG1236941|-21|-71|CG1236942|-21|-71|CG1236943|-21|-71
564|4|1|1000|6|CG1236946|-18|-73|CG1236947|-19|-74|CG1236948|-19|-73|CG1236949|-19|-73|CG1236950|-19|-74|CG1236951|-19|-73
564|4|2|600|5|CG1325581|-118|-123|CG1325582|-92|-162|CG1325583|-82|-152|CG1325584|-98|-119|CG1325585|-112|-122
564|4|3|510|6|CG1236910|-27|-73|CG1236911|-19|-73|CG1236912|-19|-71|CG1236913|-19|-70|CG1236914|-18|-73|CG1236915|-21|-74
564|4|4|
564|4|5|1190|13|CG1236900|-4|-58|CG1236902|-13|-50|CG1236902|-13|-50|CG1236903|-12|-92|CG1236904|-26|-92|CG1236905|-26|-93|CG1236905|-26|-93|CG1236905|-26|-93|CG1236906|-14|-58|CG1236907|-15|-57|CG1236908|-16|-45|CG1236909|-15|-60|CG1236901|-18|-75
564|4|6|2397|24|CG1236929|-17|-78|CG1236930|-18|-78|CG1236931|-21|-79|CG1236932|-21|-79|CG1236933|-20|-78|CG1236934|-19|-78|CG1236935|-20|-79|CG1236931|-21|-79|CG1236932|-21|-79|CG1236933|-20|-78|CG1236934|-19|-78|CG1236935|-20|-79|CG1236931|-21|-79|CG1236932|-21|-79|CG1236933|-20|-78|CG1236934|-19|-78|CG1236935|-20|-79|CG1236931|-21|-79|CG1236932|-21|-79|CG1236933|-20|-78|CG1236934|-19|-78|CG1236935|-20|-79|CG1236930|-18|-78|CG1236929|-17|-78
564|4|7|1496|20|CG1237816|-19|-72|CG1237816|-19|-72|CG1237817|-16|-72|CG1237817|-16|-72|CG1237818|-17|-71|CG1237818|-17|-71|CG1237819|-17|-71|CG1237819|-17|-71|CG1237818|-17|-71|CG1237818|-17|-71|CG1237819|-17|-71|CG1237819|-17|-71|CG1237818|-17|-71|CG1237818|-17|-71|CG1237819|-17|-71|CG1237819|-17|-71|CG1237820|-16|-72|CG1237821|-20|-73|CG1237822|-23|-72|CG1237823|-23|-72
564|4|8|1000|2|CG1236924|-21|-63|CG1236925|-35|-69
564|4|9|1000|1|CG1236926|-13|-72
564|4|10|1000|6|CG1236918|-24|-55|CG1236919|-24|-58|CG1236920|-10|-58|CG1236921|-14|-55|CG1236922|-13|-63|CG1236923|-12|-37
564|5|0|1717|4|CG1236994|-30|-70|CG1236995|-30|-70|CG1236996|-30|-70|CG1236997|-30|-70
564|5|1|1000|6|CG1237000|-18|-70|CG1237001|-20|-71|CG1237002|-22|-71|CG1237003|-23|-71|CG1237004|-22|-71|CG1237005|-22|-71
564|5|2|600|5|CG1325637|-87|-102|CG1325638|-101|-134|CG1325639|-81|-118|CG1325640|-146|-102|CG1325641|-132|-115
564|5|3|510|6|CG1236964|-16|-67|CG1236965|-18|-69|CG1236966|-20|-67|CG1236967|-21|-66|CG1236968|-19|-69|CG1236969|-16|-67
564|5|4|
564|5|5|1190|13|CG1236954|-20|-54|CG1236956|-21|-48|CG1236956|-21|-48|CG1236957|-21|-85|CG1236958|-22|-93|CG1236959|-22|-94|CG1236959|-22|-94|CG1236959|-22|-94|CG1236960|-23|-54|CG1236961|-24|-54|CG1236962|-21|-40|CG1236963|-22|-58|CG1236955|-17|-72
564|5|6|2397|24|CG1236983|-16|-72|CG1236984|-21|-72|CG1236985|-21|-75|CG1236986|-23|-75|CG1236987|-23|-74|CG1236988|-21|-73|CG1236989|-21|-74|CG1236985|-21|-75|CG1236986|-23|-75|CG1236987|-23|-74|CG1236988|-21|-73|CG1236989|-21|-74|CG1236985|-21|-75|CG1236986|-23|-75|CG1236987|-23|-74|CG1236988|-21|-73|CG1236989|-21|-74|CG1236985|-21|-75|CG1236986|-23|-75|CG1236987|-23|-74|CG1236988|-21|-73|CG1236989|-21|-74|CG1236984|-21|-72|CG1236983|-16|-72
564|5|7|1496|20|CG1237883|-17|-71|CG1237883|-17|-71|CG1237884|-14|-70|CG1237884|-14|-70|CG1237885|-14|-71|CG1237885|-14|-71|CG1237886|-14|-71|CG1237886|-14|-71|CG1237885|-14|-71|CG1237885|-14|-71|CG1237886|-14|-71|CG1237886|-14|-71|CG1237885|-14|-71|CG1237885|-14|-71|CG1237886|-14|-71|CG1237886|-14|-71|CG1237887|-14|-71|CG1237888|-14|-71|CG1237889|-19|-71|CG1237890|-20|-71
564|5|8|1000|2|CG1236978|-19|-59|CG1236979|-41|-73
564|5|9|1000|1|CG1236980|-25|-66
564|5|10|1000|6|CG1236972|-41|-54|CG1236973|-43|-54|CG1236974|-13|-49|CG1236975|-18|-33|CG1236976|-18|-36|CG1236977|-19|-17
564|6|0|1717|4|CG1237048|-51|-70|CG1237049|-51|-70|CG1237050|-51|-70|CG1237051|-51|-70
564|6|1|1000|6|CG1237054|-44|-73|CG1237055|-47|-74|CG1237056|-48|-73|CG1237057|-49|-73|CG1237058|-48|-74|CG1237059|-48|-73
564|6|2|600|5|CG1325693|-56|-115|CG1325694|-66|-158|CG1325695|-93|-143|CG1325696|-109|-126|CG1325697|-81|-115
564|6|3|510|6|CG1237018|-22|-66|CG1237019|-22|-70|CG1237020|-21|-69|CG1237021|-21|-67|CG1237022|-22|-70|CG1237023|-22|-68
564|6|4|
564|6|5|1190|13|CG1237008|-36|-58|CG1237010|-42|-55|CG1237010|-42|-55|CG1237011|-33|-75|CG1237012|-34|-88|CG1237013|-33|-89|CG1237013|-33|-89|CG1237013|-33|-89|CG1237014|-40|-61|CG1237015|-41|-60|CG1237016|-36|-46|CG1237017|-29|-62|CG1237009|-19|-73
564|6|6|2397|24|CG1237037|-25|-73|CG1237038|-25|-76|CG1237039|-25|-80|CG1237040|-25|-80|CG1237041|-25|-79|CG1237042|-25|-78|CG1237043|-25|-77|CG1237039|-25|-80|CG1237040|-25|-80|CG1237041|-25|-79|CG1237042|-25|-78|CG1237043|-25|-77|CG1237039|-25|-80|CG1237040|-25|-80|CG1237041|-25|-79|CG1237042|-25|-78|CG1237043|-25|-77|CG1237039|-25|-80|CG1237040|-25|-80|CG1237041|-25|-79|CG1237042|-25|-78|CG1237043|-25|-77|CG1237038|-25|-76|CG1237037|-25|-73
564|6|7|1496|20|CG1237950|-25|-72|CG1237950|-25|-72|CG1237951|-18|-72|CG1237951|-18|-72|CG1237952|-18|-71|CG1237952|-18|-71|CG1237953|-18|-70|CG1237953|-18|-70|CG1237952|-18|-71|CG1237952|-18|-71|CG1237953|-18|-70|CG1237953|-18|-70|CG1237952|-18|-71|CG1237952|-18|-71|CG1237953|-18|-70|CG1237953|-18|-70|CG1237954|-18|-72|CG1237955|-18|-72|CG1237956|-30|-71|CG1237957|-28|-71
564|6|8|1000|2|CG1237032|-45|-64|CG1237033|-54|-70
564|6|9|1000|1|CG1237034|-30|-70
564|6|10|1000|6|CG1237026|-65|-54|CG1237027|-60|-56|CG1237028|-40|-46|CG1237029|-23|-23|CG1237030|-27|-18|CG1237031|-29|-15
564|7|0|1717|4|CG1237102|-48|-71|CG1237103|-47|-71|CG1237104|-47|-71|CG1237105|-47|-71
564|7|1|1000|6|CG1237108|-49|-72|CG1237109|-49|-73|CG1237110|-48|-73|CG1237111|-48|-73|CG1237112|-48|-73|CG1237113|-49|-73
564|7|2|600|5|CG1325749|-65|-111|CG1325750|-73|-164|CG1325751|-68|-170|CG1325752|-60|-150|CG1325753|-60|-127
564|7|3|510|6|CG1237072|-21|-68|CG1237073|-26|-70|CG1237074|-32|-69|CG1237075|-34|-68|CG1237076|-29|-70|CG1237077|-23|-70
564|7|4|
564|7|5|1190|13|CG1237062|-56|-64|CG1237064|-60|-64|CG1237064|-60|-64|CG1237065|-38|-69|CG1237066|-36|-81|CG1237067|-35|-82|CG1237067|-35|-82|CG1237067|-35|-82|CG1237068|-53|-71|CG1237069|-52|-71|CG1237070|-50|-59|CG1237071|-54|-68|CG1237063|-24|-72
564|7|6|2397|24|CG1237091|-42|-73|CG1237092|-42|-77|CG1237093|-42|-81|CG1237094|-42|-81|CG1237095|-42|-80|CG1237096|-42|-79|CG1237097|-42|-79|CG1237093|-42|-81|CG1237094|-42|-81|CG1237095|-42|-80|CG1237096|-42|-79|CG1237097|-42|-79|CG1237093|-42|-81|CG1237094|-42|-81|CG1237095|-42|-80|CG1237096|-42|-79|CG1237097|-42|-79|CG1237093|-42|-81|CG1237094|-42|-81|CG1237095|-42|-80|CG1237096|-42|-79|CG1237097|-42|-79|CG1237092|-42|-77|CG1237091|-42|-73
564|7|7|1496|20|CG1238017|-23|-70|CG1238017|-23|-70|CG1238018|-21|-71|CG1238018|-21|-71|CG1238019|-17|-71|CG1238019|-17|-71|CG1238020|-17|-70|CG1238020|-17|-70|CG1238019|-17|-71|CG1238019|-17|-71|CG1238020|-17|-70|CG1238020|-17|-70|CG1238019|-17|-71|CG1238019|-17|-71|CG1238020|-17|-70|CG1238020|-17|-70|CG1238021|-19|-71|CG1238022|-21|-70|CG1238023|-28|-70|CG1238024|-20|-70
564|7|8|1000|2|CG1237086|-52|-67|CG1237087|-37|-61
564|7|9|1000|1|CG1237088|-36|-72
564|7|10|1000|6|CG1237080|-51|-53|CG1237081|-48|-64|CG1237082|-58|-62|CG1237083|-48|-31|CG1237084|-39|-24|CG1237085|-57|-18
