604|0|0|8000|40|CG1254922|-33|-59|CG1254923|-34|-59|CG1254924|-33|-59|CG1254923|-34|-59|CG1254922|-33|-59|CG1254925|-27|-56|CG1254926|-26|-56|CG1254926|-26|-56|CG1254926|-26|-56|CG1254926|-26|-56|CG1254925|-27|-56|CG1254922|-33|-59|CG1254923|-34|-59|CG1254924|-33|-59|CG1254923|-34|-59|CG1254922|-33|-59|CG1254923|-34|-59|CG1254924|-33|-59|CG1254923|-34|-59|CG1254922|-33|-59|CG1254925|-27|-56|CG1254926|-26|-56|CG1254926|-26|-56|CG1254926|-26|-56|CG1254925|-27|-56|CG1254922|-33|-59|CG1254925|-27|-56|CG1254926|-26|-56|CG1254926|-26|-56|CG1254926|-26|-56|CG1254926|-26|-56|CG1254925|-27|-56|CG1254922|-33|-59|CG1254923|-34|-59|CG1254924|-33|-59|CG1254923|-34|-59|CG1254922|-33|-59|CG1254923|-34|-59|CG1254924|-33|-59|CG1254923|-34|-59
604|0|1|1000|6|CG1254929|-19|-56|CG1254930|-23|-60|CG1254931|-26|-57|CG1254932|-29|-55|CG1254933|-27|-60|CG1254934|-22|-58
604|0|2|600|5|CG1325357|-54|-113|CG1325358|-66|-144|CG1325359|-95|-176|CG1325360|-103|-137|CG1325361|-78|-106
604|0|3|510|6|CG1254892|-35|-61|CG1254893|-31|-62|CG1254894|-36|-62|CG1254895|-43|-64|CG1254896|-42|-62|CG1254897|-29|-61
604|0|4|
604|0|5|1000|8|CG1254884|-27|-59|CG1254885|-23|-58|CG1254886|-34|-89|CG1254887|-24|-78|CG1254888|-43|-114|CG1254889|-58|-72|CG1254890|-56|-69|CG1254891|-49|-59
604|0|6|2091|24|CG1254911|-18|-58|CG1254911|-18|-58|CG1254912|-26|-86|CG1254912|-26|-86|CG1254913|-18|-75|CG1254913|-18|-75|CG1254914|-18|-43|CG1254914|-18|-43|CG1254915|-18|-44|CG1254915|-18|-44|CG1254915|-18|-44|CG1254915|-18|-44|CG1254915|-18|-44|CG1254915|-18|-44|CG1254916|-19|-39|CG1254917|-20|-35|CG1254918|-19|-31|CG1254918|-19|-31|CG1254918|-19|-31|CG1254918|-19|-31|CG1254917|-20|-35|CG1254917|-20|-35|CG1254916|-19|-39|CG1254916|-19|-39
604|0|7|1088|13|CG1253981|-23|-59|CG1253981|-23|-59|CG1253982|-23|-60|CG1253982|-23|-60|CG1253983|-33|-61|CG1253983|-33|-61|CG1253984|-26|-73|CG1253985|-26|-72|CG1253986|-22|-83|CG1253987|-28|-77|CG1253987|-28|-77|CG1253988|-21|-58|CG1253988|-21|-58
604|0|8|1000|2|CG1254906|-25|-62|CG1254907|-15|-53
604|0|9|1000|1|CG1254908|-22|-65
604|0|10|1190|6|CG1254900|-23|-58|CG1254901|-18|-65|CG1254902|-26|-95|CG1254903|-49|-79|CG1254904|-60|-57|CG1254905|-61|-54
604|1|0|8000|40|CG1254975|-16|-58|CG1254976|-15|-58|CG1254977|-15|-58|CG1254976|-15|-58|CG1254975|-16|-58|CG1254978|-17|-58|CG1254979|-18|-58|CG1254979|-18|-58|CG1254979|-18|-58|CG1254979|-18|-58|CG1254978|-17|-58|CG1254975|-16|-58|CG1254976|-15|-58|CG1254977|-15|-58|CG1254976|-15|-58|CG1254975|-16|-58|CG1254976|-15|-58|CG1254977|-15|-58|CG1254976|-15|-58|CG1254975|-16|-58|CG1254978|-17|-58|CG1254979|-18|-58|CG1254979|-18|-58|CG1254979|-18|-58|CG1254978|-17|-58|CG1254975|-16|-58|CG1254978|-17|-58|CG1254979|-18|-58|CG1254979|-18|-58|CG1254979|-18|-58|CG1254979|-18|-58|CG1254978|-17|-58|CG1254975|-16|-58|CG1254976|-15|-58|CG1254977|-15|-58|CG1254976|-15|-58|CG1254975|-16|-58|CG1254976|-15|-58|CG1254977|-15|-58|CG1254976|-15|-58
604|1|1|1000|6|CG1254982|-25|-55|CG1254983|-24|-60|CG1254984|-24|-57|CG1254985|-24|-55|CG1254986|-25|-60|CG1254987|-26|-57
604|1|2|600|5|CG1325413|-100|-113|CG1325414|-102|-107|CG1325415|-90|-159|CG1325416|-142|-98|CG1325417|-131|-103
604|1|3|510|6|CG1254945|-25|-61|CG1254946|-31|-62|CG1254947|-30|-60|CG1254948|-36|-62|CG1254949|-29|-61|CG1254950|-33|-60
604|1|4|
604|1|5|1000|8|CG1254937|-26|-57|CG1254938|-24|-57|CG1254939|-25|-88|CG1254940|-23|-79|CG1254941|-22|-113|CG1254942|-23|-75|CG1254943|-19|-79|CG1254944|-22|-65
604|1|6|2091|24|CG1254964|-29|-56|CG1254964|-29|-56|CG1254965|-29|-83|CG1254965|-29|-83|CG1254966|-33|-70|CG1254966|-33|-70|CG1254967|-22|-38|CG1254967|-22|-38|CG1254968|-22|-41|CG1254968|-22|-41|CG1254968|-22|-41|CG1254968|-22|-41|CG1254968|-22|-41|CG1254968|-22|-41|CG1254969|-21|-37|CG1254970|-21|-39|CG1254971|-31|-25|CG1254971|-31|-25|CG1254971|-31|-25|CG1254971|-31|-25|CG1254970|-21|-39|CG1254970|-21|-39|CG1254969|-21|-37|CG1254969|-21|-37
604|1|7|1088|13|CG1254049|-19|-58|CG1254049|-19|-58|CG1254050|-17|-59|CG1254050|-17|-59|CG1254051|-18|-60|CG1254051|-18|-60|CG1254052|-20|-79|CG1254053|-20|-71|CG1254054|-23|-82|CG1254055|-20|-78|CG1254055|-20|-78|CG1254056|-25|-57|CG1254056|-25|-57
604|1|8|1000|2|CG1254959|-21|-64|CG1254960|-19|-53
604|1|9|1000|1|CG1254961|-18|-60
604|1|10|1190|6|CG1254953|-33|-57|CG1254954|-31|-58|CG1254955|-25|-92|CG1254956|-28|-82|CG1254957|-26|-58|CG1254958|-25|-59
604|2|0|8000|40|CG1255028|-15|-59|CG1255029|-15|-59|CG1255030|-15|-59|CG1255029|-15|-59|CG1255028|-15|-59|CG1255031|-20|-56|CG1255032|-20|-56|CG1255032|-20|-56|CG1255032|-20|-56|CG1255032|-20|-56|CG1255031|-20|-56|CG1255028|-15|-59|CG1255029|-15|-59|CG1255030|-15|-59|CG1255029|-15|-59|CG1255028|-15|-59|CG1255029|-15|-59|CG1255030|-15|-59|CG1255029|-15|-59|CG1255028|-15|-59|CG1255031|-20|-56|CG1255032|-20|-56|CG1255032|-20|-56|CG1255032|-20|-56|CG1255031|-20|-56|CG1255028|-15|-59|CG1255031|-20|-56|CG1255032|-20|-56|CG1255032|-20|-56|CG1255032|-20|-56|CG1255032|-20|-56|CG1255031|-20|-56|CG1255028|-15|-59|CG1255029|-15|-59|CG1255030|-15|-59|CG1255029|-15|-59|CG1255028|-15|-59|CG1255029|-15|-59|CG1255030|-15|-59|CG1255029|-15|-59
604|2|1|1000|6|CG1255035|-26|-55|CG1255036|-23|-60|CG1255037|-26|-58|CG1255038|-27|-56|CG1255039|-25|-60|CG1255040|-26|-57
604|2|2|600|5|CG1325469|-119|-113|CG1325470|-90|-142|CG1325471|-82|-174|CG1325472|-99|-116|CG1325473|-109|-103
604|2|3|510|6|CG1254998|-23|-64|CG1254999|-20|-62|CG1255000|-32|-61|CG1255001|-29|-62|CG1255002|-31|-63|CG1255003|-22|-62
604|2|4|
604|2|5|1000|8|CG1254990|-27|-59|CG1254991|-30|-58|CG1254992|-13|-82|CG1254993|-17|-78|CG1254994|-6|-101|CG1254995|0|-72|CG1254996|1|-69|CG1254997|-6|-61
604|2|6|2091|24|CG1255017|-30|-58|CG1255017|-30|-58|CG1255018|-37|-81|CG1255018|-37|-81|CG1255019|-34|-60|CG1255019|-34|-60|CG1255020|-23|-43|CG1255020|-23|-43|CG1255021|-24|-44|CG1255021|-24|-44|CG1255021|-24|-44|CG1255021|-24|-44|CG1255021|-24|-44|CG1255021|-24|-44|CG1255022|-28|-39|CG1255023|-36|-45|CG1255024|-48|-30|CG1255024|-48|-30|CG1255024|-48|-30|CG1255024|-48|-30|CG1255023|-36|-45|CG1255023|-36|-45|CG1255022|-28|-39|CG1255022|-28|-39
604|2|7|1088|13|CG1254117|-15|-60|CG1254117|-15|-60|CG1254118|-13|-61|CG1254118|-13|-61|CG1254119|-14|-61|CG1254119|-14|-61|CG1254120|-20|-80|CG1254121|-28|-74|CG1254122|-26|-82|CG1254123|-22|-79|CG1254123|-22|-79|CG1254124|-25|-58|CG1254124|-25|-58
604|2|8|1000|2|CG1255012|-12|-59|CG1255013|-49|-51
604|2|9|1000|1|CG1255014|-20|-50
604|2|10|1190|6|CG1255006|-29|-58|CG1255007|-32|-57|CG1255008|-15|-75|CG1255009|-14|-67|CG1255010|-15|-46|CG1255011|-16|-45
604|3|0|8000|40|CG1255081|-14|-62|CG1255082|-14|-63|CG1255083|-14|-63|CG1255082|-14|-63|CG1255081|-14|-62|CG1255084|-17|-60|CG1255085|-18|-59|CG1255085|-18|-59|CG1255085|-18|-59|CG1255085|-18|-59|CG1255084|-17|-60|CG1255081|-14|-62|CG1255082|-14|-63|CG1255083|-14|-63|CG1255082|-14|-63|CG1255081|-14|-62|CG1255082|-14|-63|CG1255083|-14|-63|CG1255082|-14|-63|CG1255081|-14|-62|CG1255084|-17|-60|CG1255085|-18|-59|CG1255085|-18|-59|CG1255085|-18|-59|CG1255084|-17|-60|CG1255081|-14|-62|CG1255084|-17|-60|CG1255085|-18|-59|CG1255085|-18|-59|CG1255085|-18|-59|CG1255085|-18|-59|CG1255084|-17|-60|CG1255081|-14|-62|CG1255082|-14|-63|CG1255083|-14|-63|CG1255082|-14|-63|CG1255081|-14|-62|CG1255082|-14|-63|CG1255083|-14|-63|CG1255082|-14|-63
604|3|1|1000|6|CG1255088|-22|-58|CG1255089|-20|-62|CG1255090|-18|-61|CG1255091|-23|-59|CG1255092|-20|-63|CG1255093|-19|-60
604|3|2|600|5|CG1325525|-125|-117|CG1325526|-119|-165|CG1325527|-116|-175|CG1325528|-58|-136|CG1325529|-81|-129
604|3|3|510|6|CG1255051|-24|-60|CG1255052|-21|-58|CG1255053|-21|-60|CG1255054|-27|-62|CG1255055|-21|-60|CG1255056|-22|-60
604|3|4|
604|3|5|1000|8|CG1255043|-20|-62|CG1255044|-24|-54|CG1255045|-15|-77|CG1255046|-39|-77|CG1255047|-2|-85|CG1255048|14|-57|CG1255049|10|-57|CG1255050|-3|-58
604|3|6|2091|24|CG1255070|-20|-59|CG1255070|-20|-59|CG1255071|-30|-79|CG1255071|-30|-79|CG1255072|-39|-61|CG1255072|-39|-61|CG1255073|-28|-49|CG1255073|-28|-49|CG1255074|-29|-45|CG1255074|-29|-45|CG1255074|-29|-45|CG1255074|-29|-45|CG1255074|-29|-45|CG1255074|-29|-45|CG1255075|-29|-47|CG1255076|-38|-50|CG1255077|-45|-41|CG1255077|-45|-41|CG1255077|-45|-41|CG1255077|-45|-41|CG1255076|-38|-50|CG1255076|-38|-50|CG1255075|-29|-47|CG1255075|-29|-47
604|3|7|1088|13|CG1254185|-17|-62|CG1254185|-17|-62|CG1254186|-25|-58|CG1254186|-25|-58|CG1254187|-14|-64|CG1254187|-14|-64|CG1254188|-22|-77|CG1254189|-30|-77|CG1254190|-18|-84|CG1254191|-29|-77|CG1254191|-29|-77|CG1254192|-23|-58|CG1254192|-23|-58
604|3|8|1000|2|CG1255065|-14|-57|CG1255066|-56|-47
604|3|9|1000|1|CG1255067|-21|-52
604|3|10|1190|6|CG1255059|-15|-61|CG1255060|-19|-59|CG1255061|-8|-56|CG1255062|-10|-38|CG1255063|-11|-26|CG1255064|-12|-22
604|4|0|8000|40|CG1255134|-16|-63|CG1255135|-17|-63|CG1255136|-18|-63|CG1255135|-17|-63|CG1255134|-16|-63|CG1255137|-19|-63|CG1255138|-20|-63|CG1255138|-20|-63|CG1255138|-20|-63|CG1255138|-20|-63|CG1255137|-19|-63|CG1255134|-16|-63|CG1255135|-17|-63|CG1255136|-18|-63|CG1255135|-17|-63|CG1255134|-16|-63|CG1255135|-17|-63|CG1255136|-18|-63|CG1255135|-17|-63|CG1255134|-16|-63|CG1255137|-19|-63|CG1255138|-20|-63|CG1255138|-20|-63|CG1255138|-20|-63|CG1255137|-19|-63|CG1255134|-16|-63|CG1255137|-19|-63|CG1255138|-20|-63|CG1255138|-20|-63|CG1255138|-20|-63|CG1255138|-20|-63|CG1255137|-19|-63|CG1255134|-16|-63|CG1255135|-17|-63|CG1255136|-18|-63|CG1255135|-17|-63|CG1255134|-16|-63|CG1255135|-17|-63|CG1255136|-18|-63|CG1255135|-17|-63
604|4|1|1000|6|CG1255141|-21|-59|CG1255142|-21|-62|CG1255143|-22|-60|CG1255144|-22|-58|CG1255145|-20|-62|CG1255146|-21|-61
604|4|2|600|5|CG1325581|-118|-123|CG1325582|-92|-162|CG1325583|-82|-152|CG1325584|-98|-119|CG1325585|-112|-122
604|4|3|510|6|CG1255104|-45|-55|CG1255105|-40|-50|CG1255106|-23|-55|CG1255107|-23|-59|CG1255108|-21|-54|CG1255109|-27|-53
604|4|4|
604|4|5|1000|8|CG1255096|-28|-61|CG1255097|-30|-46|CG1255098|-18|-83|CG1255099|-40|-76|CG1255100|-5|-73|CG1255101|2|-46|CG1255102|0|-43|CG1255103|-9|-51
604|4|6|2091|24|CG1255123|-27|-57|CG1255123|-27|-57|CG1255124|-39|-80|CG1255124|-39|-80|CG1255125|-36|-63|CG1255125|-36|-63|CG1255126|-33|-53|CG1255126|-33|-53|CG1255127|-33|-43|CG1255127|-33|-43|CG1255127|-33|-43|CG1255127|-33|-43|CG1255127|-33|-43|CG1255127|-33|-43|CG1255128|-33|-54|CG1255129|-35|-54|CG1255130|-39|-51|CG1255130|-39|-51|CG1255130|-39|-51|CG1255130|-39|-51|CG1255129|-35|-54|CG1255129|-35|-54|CG1255128|-33|-54|CG1255128|-33|-54
604|4|7|1088|13|CG1254253|-25|-60|CG1254253|-25|-60|CG1254254|-30|-50|CG1254254|-30|-50|CG1254255|-21|-64|CG1254255|-21|-64|CG1254256|-27|-77|CG1254257|-34|-79|CG1254258|-14|-81|CG1254259|-23|-70|CG1254259|-23|-70|CG1254260|-21|-55|CG1254260|-21|-55
604|4|8|1000|2|CG1255118|-17|-52|CG1255119|-45|-50
604|4|9|1000|1|CG1255120|-31|-52
604|4|10|1190|6|CG1255112|-26|-63|CG1255113|-44|-60|CG1255114|-17|-50|CG1255115|-15|-24|CG1255116|-16|-19|CG1255117|-16|-17
604|5|0|8000|40|CG1255187|-20|-60|CG1255188|-20|-60|CG1255189|-21|-60|CG1255188|-20|-60|CG1255187|-20|-60|CG1255190|-23|-61|CG1255191|-25|-61|CG1255191|-25|-61|CG1255191|-25|-61|CG1255191|-25|-61|CG1255190|-23|-61|CG1255187|-20|-60|CG1255188|-20|-60|CG1255189|-21|-60|CG1255188|-20|-60|CG1255187|-20|-60|CG1255188|-20|-60|CG1255189|-21|-60|CG1255188|-20|-60|CG1255187|-20|-60|CG1255190|-23|-61|CG1255191|-25|-61|CG1255191|-25|-61|CG1255191|-25|-61|CG1255190|-23|-61|CG1255187|-20|-60|CG1255190|-23|-61|CG1255191|-25|-61|CG1255191|-25|-61|CG1255191|-25|-61|CG1255191|-25|-61|CG1255190|-23|-61|CG1255187|-20|-60|CG1255188|-20|-60|CG1255189|-21|-60|CG1255188|-20|-60|CG1255187|-20|-60|CG1255188|-20|-60|CG1255189|-21|-60|CG1255188|-20|-60
604|5|1|1000|6|CG1255194|-25|-57|CG1255195|-27|-60|CG1255196|-25|-58|CG1255197|-22|-57|CG1255198|-24|-59|CG1255199|-26|-58
604|5|2|600|5|CG1325637|-87|-102|CG1325638|-101|-134|CG1325639|-81|-118|CG1325640|-146|-102|CG1325641|-132|-115
604|5|3|510|6|CG1255157|-54|-56|CG1255158|-52|-50|CG1255159|-31|-50|CG1255160|-27|-56|CG1255161|-29|-49|CG1255162|-45|-50
604|5|4|
604|5|5|1000|8|CG1255149|-31|-57|CG1255150|-42|-42|CG1255151|-27|-87|CG1255152|-23|-74|CG1255153|-23|-74|CG1255154|-24|-42|CG1255155|-20|-33|CG1255156|-18|-44
604|5|6|2091|24|CG1255176|-49|-53|CG1255176|-49|-53|CG1255177|-29|-89|CG1255177|-29|-89|CG1255178|-40|-60|CG1255178|-40|-60|CG1255179|-53|-51|CG1255179|-53|-51|CG1255180|-53|-40|CG1255180|-53|-40|CG1255180|-53|-40|CG1255180|-53|-40|CG1255180|-53|-40|CG1255180|-53|-40|CG1255181|-53|-54|CG1255182|-53|-55|CG1255183|-53|-55|CG1255183|-53|-55|CG1255183|-53|-55|CG1255183|-53|-55|CG1255182|-53|-55|CG1255182|-53|-55|CG1255181|-53|-54|CG1255181|-53|-54
604|5|7|1088|13|CG1254321|-24|-57|CG1254321|-24|-57|CG1254322|-22|-51|CG1254322|-22|-51|CG1254323|-22|-63|CG1254323|-22|-63|CG1254324|-23|-77|CG1254325|-21|-80|CG1254326|-20|-79|CG1254327|-20|-62|CG1254327|-20|-62|CG1254328|-22|-51|CG1254328|-22|-51
604|5|8|1000|2|CG1255171|-30|-45|CG1255172|-32|-56
604|5|9|1000|1|CG1255173|-41|-49
604|5|10|1190|6|CG1255165|-42|-60|CG1255166|-63|-57|CG1255167|-43|-61|CG1255168|-43|-20|CG1255169|-43|-15|CG1255170|-45|-15
604|6|0|8000|40|CG1255240|-44|-63|CG1255241|-40|-63|CG1255242|-38|-63|CG1255241|-40|-63|CG1255240|-44|-63|CG1255243|-45|-63|CG1255244|-46|-63|CG1255244|-46|-63|CG1255244|-46|-63|CG1255244|-46|-63|CG1255243|-45|-63|CG1255240|-44|-63|CG1255241|-40|-63|CG1255242|-38|-63|CG1255241|-40|-63|CG1255240|-44|-63|CG1255241|-40|-63|CG1255242|-38|-63|CG1255241|-40|-63|CG1255240|-44|-63|CG1255243|-45|-63|CG1255244|-46|-63|CG1255244|-46|-63|CG1255244|-46|-63|CG1255243|-45|-63|CG1255240|-44|-63|CG1255243|-45|-63|CG1255244|-46|-63|CG1255244|-46|-63|CG1255244|-46|-63|CG1255244|-46|-63|CG1255243|-45|-63|CG1255240|-44|-63|CG1255241|-40|-63|CG1255242|-38|-63|CG1255241|-40|-63|CG1255240|-44|-63|CG1255241|-40|-63|CG1255242|-38|-63|CG1255241|-40|-63
604|6|1|1000|6|CG1255247|-42|-58|CG1255248|-44|-62|CG1255249|-42|-61|CG1255250|-40|-59|CG1255251|-44|-62|CG1255252|-41|-60
604|6|2|600|5|CG1325693|-56|-115|CG1325694|-66|-158|CG1325695|-93|-143|CG1325696|-109|-126|CG1325697|-81|-115
604|6|3|510|6|CG1255210|-49|-59|CG1255211|-50|-54|CG1255212|-51|-53|CG1255213|-31|-54|CG1255214|-40|-50|CG1255215|-48|-55
604|6|4|
604|6|5|1000|8|CG1255202|-41|-61|CG1255203|-45|-46|CG1255204|-31|-88|CG1255205|-22|-76|CG1255206|-63|-87|CG1255207|-72|-45|CG1255208|-64|-43|CG1255209|-49|-48
604|6|6|2091|24|CG1255229|-50|-57|CG1255229|-50|-57|CG1255230|-26|-93|CG1255230|-26|-93|CG1255231|-32|-72|CG1255231|-32|-72|CG1255232|-47|-53|CG1255232|-47|-53|CG1255233|-47|-43|CG1255233|-47|-43|CG1255233|-47|-43|CG1255233|-47|-43|CG1255233|-47|-43|CG1255233|-47|-43|CG1255234|-47|-54|CG1255235|-47|-54|CG1255236|-47|-51|CG1255236|-47|-51|CG1255236|-47|-51|CG1255236|-47|-51|CG1255235|-47|-54|CG1255235|-47|-54|CG1255234|-47|-54|CG1255234|-47|-54
604|6|7|1088|13|CG1254389|-16|-60|CG1254389|-16|-60|CG1254390|-22|-55|CG1254390|-22|-55|CG1254391|-19|-64|CG1254391|-19|-64|CG1254392|-16|-76|CG1254393|-21|-79|CG1254394|-29|-81|CG1254395|-25|-63|CG1254395|-25|-63|CG1254396|-24|-55|CG1254396|-24|-55
604|6|8|1000|2|CG1255224|-51|-49|CG1255225|-32|-50
604|6|9|1000|1|CG1255226|-35|-60
604|6|10|1190|6|CG1255218|-20|-63|CG1255219|-61|-60|CG1255220|-60|-77|CG1255221|-70|-41|CG1255222|-94|-19|CG1255223|-97|-18
604|7|0|8000|40|CG1255293|-53|-62|CG1255294|-52|-63|CG1255295|-50|-63|CG1255294|-52|-63|CG1255293|-53|-62|CG1255296|-49|-60|CG1255297|-50|-59|CG1255297|-50|-59|CG1255297|-50|-59|CG1255297|-50|-59|CG1255296|-49|-60|CG1255293|-53|-62|CG1255294|-52|-63|CG1255295|-50|-63|CG1255294|-52|-63|CG1255293|-53|-62|CG1255294|-52|-63|CG1255295|-50|-63|CG1255294|-52|-63|CG1255293|-53|-62|CG1255296|-49|-60|CG1255297|-50|-59|CG1255297|-50|-59|CG1255297|-50|-59|CG1255296|-49|-60|CG1255293|-53|-62|CG1255296|-49|-60|CG1255297|-50|-59|CG1255297|-50|-59|CG1255297|-50|-59|CG1255297|-50|-59|CG1255296|-49|-60|CG1255293|-53|-62|CG1255294|-52|-63|CG1255295|-50|-63|CG1255294|-52|-63|CG1255293|-53|-62|CG1255294|-52|-63|CG1255295|-50|-63|CG1255294|-52|-63
604|7|1|1000|6|CG1255300|-42|-59|CG1255301|-45|-63|CG1255302|-45|-60|CG1255303|-46|-58|CG1255304|-47|-62|CG1255305|-43|-61
604|7|2|600|5|CG1325749|-65|-111|CG1325750|-73|-164|CG1325751|-68|-170|CG1325752|-60|-150|CG1325753|-60|-127
604|7|3|510|6|CG1255263|-27|-61|CG1255264|-29|-59|CG1255265|-50|-59|CG1255266|-47|-60|CG1255267|-47|-58|CG1255268|-43|-60
604|7|4|
604|7|5|1000|8|CG1255255|-43|-62|CG1255256|-31|-54|CG1255257|-26|-86|CG1255258|-26|-77|CG1255259|-70|-104|CG1255260|-90|-57|CG1255261|-82|-57|CG1255262|-61|-55
604|7|6|2091|24|CG1255282|-40|-59|CG1255282|-40|-59|CG1255283|-22|-89|CG1255283|-22|-89|CG1255284|-22|-75|CG1255284|-22|-75|CG1255285|-34|-49|CG1255285|-34|-49|CG1255286|-35|-45|CG1255286|-35|-45|CG1255286|-35|-45|CG1255286|-35|-45|CG1255286|-35|-45|CG1255286|-35|-45|CG1255287|-35|-47|CG1255288|-34|-44|CG1255289|-35|-41|CG1255289|-35|-41|CG1255289|-35|-41|CG1255289|-35|-41|CG1255288|-34|-44|CG1255288|-34|-44|CG1255287|-35|-47|CG1255287|-35|-47
604|7|7|1088|13|CG1254457|-19|-61|CG1254457|-19|-61|CG1254458|-27|-59|CG1254458|-27|-59|CG1254459|-33|-64|CG1254459|-33|-64|CG1254460|-22|-74|CG1254461|-30|-74|CG1254462|-24|-82|CG1254463|-33|-71|CG1254463|-33|-71|CG1254464|-22|-58|CG1254464|-22|-58
604|7|8|1000|2|CG1255277|-44|-56|CG1255278|-16|-51
604|7|9|1000|1|CG1255279|-27|-65
604|7|10|1190|6|CG1255271|-14|-61|CG1255272|-34|-64|CG1255273|-52|-89|CG1255274|-78|-66|CG1255275|-98|-32|CG1255276|-100|-28
