647|0|0|1496|9|CG1273052|-13|-95|CG1273052|-13|-95|CG1273053|-13|-95|CG1273053|-13|-95|CG1273054|-13|-95|CG1273054|-13|-95|CG1273054|-13|-95|CG1273053|-13|-95|CG1273053|-13|-95
647|0|1|1000|6|CG1273057|-46|-76|CG1273058|-51|-77|CG1273059|-54|-77|CG1273060|-58|-76|CG1273061|-56|-77|CG1273062|-53|-77
647|0|2|600|5|CG1325357|-54|-113|CG1325358|-66|-144|CG1325359|-95|-176|CG1325360|-103|-137|CG1325361|-78|-106
647|0|3|600|12|CG1273022|-24|-78|CG1273023|-24|-82|CG1273023|-24|-82|CG1273024|-24|-82|CG1273024|-24|-82|CG1273025|-24|-81|CG1273026|-25|-78|CG1273027|-22|-83|CG1273027|-22|-83|CG1273028|-24|-83|CG1273028|-24|-83|CG1273029|-25|-81
647|0|4|
647|0|5|1717|30|CG1273012|-64|-74|CG1273012|-64|-74|CG1273014|-50|-74|CG1273014|-50|-74|CG1273015|-35|-78|CG1273015|-35|-78|CG1273015|-35|-78|CG1273015|-35|-78|CG1273015|-35|-78|CG1273016|-79|-99|CG1273016|-79|-99|CG1273017|-53|-72|CG1273018|-71|-84|CG1273018|-71|-84|CG1273017|-53|-72|CG1273019|-77|-72|CG1273019|-77|-72|CG1273017|-53|-72|CG1273016|-79|-99|CG1273016|-79|-99|CG1273017|-53|-72|CG1273018|-71|-84|CG1273018|-71|-84|CG1273017|-53|-72|CG1273020|-78|-72|CG1273020|-78|-72|CG1273021|-81|-82|CG1273021|-81|-82|CG1273013|-61|-110|CG1273013|-61|-110
647|0|6|2689|24|CG1273043|-30|-78|CG1273044|-30|-78|CG1273045|-30|-78|CG1273043|-30|-78|CG1273044|-30|-78|CG1273045|-30|-78|CG1273043|-30|-78|CG1273044|-30|-78|CG1273045|-30|-78|CG1273043|-30|-78|CG1273044|-30|-78|CG1273045|-30|-78|CG1273043|-30|-78|CG1273044|-30|-78|CG1273045|-30|-78|CG1273043|-30|-78|CG1273044|-30|-78|CG1273045|-30|-78|CG1273043|-30|-78|CG1273046|-24|-78|CG1273046|-24|-78|CG1273047|-28|-102|CG1273048|-17|-96|CG1273048|-17|-96
647|0|7|799|12|CG1271729|-23|-78|CG1271729|-23|-78|CG1271730|-16|-79|CG1271730|-16|-79|CG1271730|-16|-79|CG1271731|-21|-78|CG1271732|-27|-76|CG1271733|-20|-76|CG1271733|-20|-76|CG1271733|-20|-76|CG1271734|-21|-77|CG1271734|-21|-77
647|0|8|1000|2|CG1273038|-32|-70|CG1273039|-26|-62
647|0|9|1000|1|CG1273040|-56|-81
647|0|10|986|6|CG1273032|-42|-63|CG1273033|-52|-63|CG1273034|-51|-58|CG1273035|-65|-60|CG1273036|-67|-54|CG1273037|-68|-46
647|1|0|1496|9|CG1273105|-17|-91|CG1273105|-17|-91|CG1273106|-18|-91|CG1273106|-18|-91|CG1273107|-18|-90|CG1273107|-18|-90|CG1273107|-18|-90|CG1273106|-18|-91|CG1273106|-18|-91
647|1|1|1000|6|CG1273110|-60|-76|CG1273111|-60|-76|CG1273112|-59|-77|CG1273113|-56|-77|CG1273114|-57|-76|CG1273115|-59|-77
647|1|2|600|5|CG1325413|-100|-113|CG1325414|-102|-107|CG1325415|-90|-159|CG1325416|-142|-98|CG1325417|-131|-103
647|1|3|600|12|CG1273075|-52|-79|CG1273076|-49|-83|CG1273076|-49|-83|CG1273077|-50|-83|CG1273077|-50|-83|CG1273078|-52|-82|CG1273079|-50|-79|CG1273080|-47|-84|CG1273080|-47|-84|CG1273081|-50|-84|CG1273081|-50|-84|CG1273082|-52|-82
647|1|4|
647|1|5|1717|30|CG1273065|-27|-79|CG1273065|-27|-79|CG1273067|-21|-79|CG1273067|-21|-79|CG1273068|-22|-83|CG1273068|-22|-83|CG1273068|-22|-83|CG1273068|-22|-83|CG1273068|-22|-83|CG1273069|-22|-113|CG1273069|-22|-113|CG1273070|-22|-81|CG1273071|-24|-95|CG1273071|-24|-95|CG1273070|-22|-81|CG1273072|-20|-74|CG1273072|-20|-74|CG1273070|-22|-81|CG1273069|-22|-113|CG1273069|-22|-113|CG1273070|-22|-81|CG1273071|-24|-95|CG1273071|-24|-95|CG1273070|-22|-81|CG1273073|-21|-74|CG1273073|-21|-74|CG1273074|-19|-99|CG1273074|-19|-99|CG1273066|-27|-121|CG1273066|-27|-121
647|1|6|2689|24|CG1273096|-24|-77|CG1273097|-24|-77|CG1273098|-24|-77|CG1273096|-24|-77|CG1273097|-24|-77|CG1273098|-24|-77|CG1273096|-24|-77|CG1273097|-24|-77|CG1273098|-24|-77|CG1273096|-24|-77|CG1273097|-24|-77|CG1273098|-24|-77|CG1273096|-24|-77|CG1273097|-24|-77|CG1273098|-24|-77|CG1273096|-24|-77|CG1273097|-24|-77|CG1273098|-24|-77|CG1273096|-24|-77|CG1273099|-39|-76|CG1273099|-39|-76|CG1273100|-14|-103|CG1273101|-14|-96|CG1273101|-14|-96
647|1|7|799|12|CG1271791|-17|-77|CG1271791|-17|-77|CG1271792|-20|-78|CG1271792|-20|-78|CG1271792|-20|-78|CG1271793|-16|-77|CG1271794|-20|-75|CG1271795|-17|-76|CG1271795|-17|-76|CG1271795|-17|-76|CG1271796|-17|-77|CG1271796|-17|-77
647|1|8|1000|2|CG1273091|-66|-75|CG1273092|-42|-61
647|1|9|1000|1|CG1273093|-48|-79
647|1|10|986|6|CG1273085|-30|-64|CG1273086|-25|-70|CG1273087|-32|-66|CG1273088|-34|-62|CG1273089|-36|-60|CG1273090|-37|-57
647|2|0|1496|9|CG1273158|-22|-82|CG1273158|-22|-82|CG1273159|-22|-81|CG1273159|-22|-81|CG1273160|-22|-81|CG1273160|-22|-81|CG1273160|-22|-81|CG1273159|-22|-81|CG1273159|-22|-81
647|2|1|1000|6|CG1273163|-40|-87|CG1273164|-36|-88|CG1273165|-32|-89|CG1273166|-24|-92|CG1273167|-27|-92|CG1273168|-32|-92
647|2|2|600|5|CG1325469|-119|-113|CG1325470|-90|-142|CG1325471|-82|-174|CG1325472|-99|-116|CG1325473|-109|-103
647|2|3|600|12|CG1273128|-65|-80|CG1273129|-65|-84|CG1273129|-65|-84|CG1273130|-65|-84|CG1273130|-65|-84|CG1273131|-66|-82|CG1273132|-66|-79|CG1273133|-66|-84|CG1273133|-66|-84|CG1273134|-66|-84|CG1273134|-66|-84|CG1273135|-66|-82
647|2|4|
647|2|5|1717|30|CG1273118|-20|-79|CG1273118|-20|-79|CG1273120|-22|-76|CG1273120|-22|-76|CG1273121|-24|-76|CG1273121|-24|-76|CG1273121|-24|-76|CG1273121|-24|-76|CG1273121|-24|-76|CG1273122|-25|-100|CG1273122|-25|-100|CG1273123|-24|-74|CG1273124|-26|-78|CG1273124|-26|-78|CG1273123|-24|-74|CG1273125|-25|-74|CG1273125|-25|-74|CG1273123|-24|-74|CG1273122|-25|-100|CG1273122|-25|-100|CG1273123|-24|-74|CG1273124|-26|-78|CG1273124|-26|-78|CG1273123|-24|-74|CG1273126|-19|-74|CG1273126|-19|-74|CG1273127|-16|-89|CG1273127|-16|-89|CG1273119|-14|-109|CG1273119|-14|-109
647|2|6|2689|24|CG1273149|-28|-76|CG1273150|-28|-76|CG1273151|-28|-76|CG1273149|-28|-76|CG1273150|-28|-76|CG1273151|-28|-76|CG1273149|-28|-76|CG1273150|-28|-76|CG1273151|-28|-76|CG1273149|-28|-76|CG1273150|-28|-76|CG1273151|-28|-76|CG1273149|-28|-76|CG1273150|-28|-76|CG1273151|-28|-76|CG1273149|-28|-76|CG1273150|-28|-76|CG1273151|-28|-76|CG1273149|-28|-76|CG1273152|-34|-76|CG1273152|-34|-76|CG1273153|-25|-88|CG1273154|-25|-88|CG1273154|-25|-88
647|2|7|799|12|CG1271853|-22|-76|CG1271853|-22|-76|CG1271854|-23|-76|CG1271854|-23|-76|CG1271854|-23|-76|CG1271855|-23|-75|CG1271856|-25|-76|CG1271857|-28|-76|CG1271857|-28|-76|CG1271857|-28|-76|CG1271858|-25|-77|CG1271858|-25|-77
647|2|8|1000|2|CG1273144|-59|-75|CG1273145|-61|-58
647|2|9|1000|1|CG1273146|-22|-79
647|2|10|986|6|CG1273138|-25|-65|CG1273139|-15|-70|CG1273140|-19|-68|CG1273141|-20|-62|CG1273142|-20|-57|CG1273143|-17|-49
647|3|0|1496|9|CG1273211|-18|-77|CG1273211|-18|-77|CG1273212|-17|-76|CG1273212|-17|-76|CG1273213|-16|-76|CG1273213|-16|-76|CG1273213|-16|-76|CG1273212|-17|-76|CG1273212|-17|-76
647|3|1|1000|6|CG1273216|-19|-94|CG1273217|-18|-93|CG1273218|-17|-93|CG1273219|-18|-92|CG1273220|-18|-94|CG1273221|-15|-95
647|3|2|600|5|CG1325525|-125|-117|CG1325526|-119|-165|CG1325527|-116|-175|CG1325528|-58|-136|CG1325529|-81|-129
647|3|3|600|12|CG1273181|-41|-78|CG1273182|-43|-83|CG1273182|-43|-83|CG1273183|-43|-83|CG1273183|-43|-83|CG1273184|-42|-81|CG1273185|-44|-77|CG1273186|-46|-82|CG1273186|-46|-82|CG1273187|-44|-82|CG1273187|-44|-82|CG1273188|-42|-81
647|3|4|
647|3|5|1717|30|CG1273171|-21|-79|CG1273171|-21|-79|CG1273173|-26|-79|CG1273173|-26|-79|CG1273174|-35|-79|CG1273174|-35|-79|CG1273174|-35|-79|CG1273174|-35|-79|CG1273174|-35|-79|CG1273175|-31|-71|CG1273175|-31|-71|CG1273176|-28|-72|CG1273177|-32|-71|CG1273177|-32|-71|CG1273176|-28|-72|CG1273178|-31|-71|CG1273178|-31|-71|CG1273176|-28|-72|CG1273175|-31|-71|CG1273175|-31|-71|CG1273176|-28|-72|CG1273177|-32|-71|CG1273177|-32|-71|CG1273176|-28|-72|CG1273179|-23|-72|CG1273179|-23|-72|CG1273180|-22|-72|CG1273180|-22|-72|CG1273172|-14|-79|CG1273172|-14|-79
647|3|6|2689|24|CG1273202|-25|-76|CG1273203|-25|-76|CG1273204|-25|-76|CG1273202|-25|-76|CG1273203|-25|-76|CG1273204|-25|-76|CG1273202|-25|-76|CG1273203|-25|-76|CG1273204|-25|-76|CG1273202|-25|-76|CG1273203|-25|-76|CG1273204|-25|-76|CG1273202|-25|-76|CG1273203|-25|-76|CG1273204|-25|-76|CG1273202|-25|-76|CG1273203|-25|-76|CG1273204|-25|-76|CG1273202|-25|-76|CG1273205|-27|-85|CG1273205|-27|-85|CG1273206|-33|-76|CG1273207|-24|-76|CG1273207|-24|-76
647|3|7|799|12|CG1271915|-17|-76|CG1271915|-17|-76|CG1271916|-18|-74|CG1271916|-18|-74|CG1271916|-18|-74|CG1271917|-19|-74|CG1271918|-23|-76|CG1271919|-27|-76|CG1271919|-27|-76|CG1271919|-27|-76|CG1271920|-24|-77|CG1271920|-24|-77
647|3|8|1000|2|CG1273197|-22|-73|CG1273198|-45|-66
647|3|9|1000|1|CG1273199|-26|-78
647|3|10|986|6|CG1273191|-24|-63|CG1273192|-22|-63|CG1273193|-30|-59|CG1273194|-21|-47|CG1273195|-18|-46|CG1273196|-13|-31
647|4|0|1496|9|CG1273264|-19|-78|CG1273264|-19|-78|CG1273265|-19|-78|CG1273265|-19|-78|CG1273266|-18|-78|CG1273266|-18|-78|CG1273266|-18|-78|CG1273265|-19|-78|CG1273265|-19|-78
647|4|1|1000|6|CG1273269|-17|-86|CG1273270|-16|-83|CG1273271|-16|-81|CG1273272|-17|-78|CG1273273|-16|-80|CG1273274|-16|-84
647|4|2|600|5|CG1325581|-118|-123|CG1325582|-92|-162|CG1325583|-82|-152|CG1325584|-98|-119|CG1325585|-112|-122
647|4|3|600|12|CG1273234|-28|-76|CG1273235|-32|-81|CG1273235|-32|-81|CG1273236|-29|-81|CG1273236|-29|-81|CG1273237|-30|-80|CG1273238|-29|-76|CG1273239|-26|-79|CG1273239|-26|-79|CG1273240|-28|-80|CG1273240|-28|-80|CG1273241|-30|-80
647|4|4|
647|4|5|1717|30|CG1273224|-31|-80|CG1273224|-31|-80|CG1273226|-34|-80|CG1273226|-34|-80|CG1273227|-32|-80|CG1273227|-32|-80|CG1273227|-32|-80|CG1273227|-32|-80|CG1273227|-32|-80|CG1273228|-26|-68|CG1273228|-26|-68|CG1273229|-27|-68|CG1273230|-27|-68|CG1273230|-27|-68|CG1273229|-27|-68|CG1273231|-26|-68|CG1273231|-26|-68|CG1273229|-27|-68|CG1273228|-26|-68|CG1273228|-26|-68|CG1273229|-27|-68|CG1273230|-27|-68|CG1273230|-27|-68|CG1273229|-27|-68|CG1273232|-20|-68|CG1273232|-20|-68|CG1273233|-22|-70|CG1273233|-22|-70|CG1273225|-16|-73|CG1273225|-16|-73
647|4|6|2689|24|CG1273255|-32|-76|CG1273256|-21|-76|CG1273257|-29|-76|CG1273255|-32|-76|CG1273256|-21|-76|CG1273257|-29|-76|CG1273255|-32|-76|CG1273256|-21|-76|CG1273257|-29|-76|CG1273255|-32|-76|CG1273256|-21|-76|CG1273257|-29|-76|CG1273255|-32|-76|CG1273256|-21|-76|CG1273257|-29|-76|CG1273255|-32|-76|CG1273256|-21|-76|CG1273257|-29|-76|CG1273255|-32|-76|CG1273258|-30|-83|CG1273258|-30|-83|CG1273259|-36|-77|CG1273260|-27|-77|CG1273260|-27|-77
647|4|7|799|12|CG1271977|-19|-76|CG1271977|-19|-76|CG1271978|-17|-74|CG1271978|-17|-74|CG1271978|-17|-74|CG1271979|-22|-74|CG1271980|-24|-77|CG1271981|-21|-77|CG1271981|-21|-77|CG1271981|-21|-77|CG1271982|-18|-78|CG1271982|-18|-78
647|4|8|1000|2|CG1273250|-18|-67|CG1273251|-34|-74
647|4|9|1000|1|CG1273252|-26|-79
647|4|10|986|6|CG1273244|-42|-62|CG1273245|-37|-56|CG1273246|-25|-46|CG1273247|-15|-37|CG1273248|-13|-31|CG1273249|-11|-27
647|5|0|1496|9|CG1273317|-25|-79|CG1273317|-25|-79|CG1273318|-25|-79|CG1273318|-25|-79|CG1273319|-26|-79|CG1273319|-26|-79|CG1273319|-26|-79|CG1273318|-25|-79|CG1273318|-25|-79
647|5|1|1000|6|CG1273322|-28|-78|CG1273323|-29|-78|CG1273324|-31|-79|CG1273325|-31|-78|CG1273326|-31|-78|CG1273327|-29|-79
647|5|2|600|5|CG1325637|-87|-102|CG1325638|-101|-134|CG1325639|-81|-118|CG1325640|-146|-102|CG1325641|-132|-115
647|5|3|600|12|CG1273287|-16|-75|CG1273288|-19|-79|CG1273288|-19|-79|CG1273289|-20|-79|CG1273289|-20|-79|CG1273290|-17|-80|CG1273291|-17|-75|CG1273292|-16|-78|CG1273292|-16|-78|CG1273293|-16|-79|CG1273293|-16|-79|CG1273294|-17|-80
647|5|4|
647|5|5|1717|30|CG1273277|-33|-80|CG1273277|-33|-80|CG1273279|-24|-80|CG1273279|-24|-80|CG1273280|-18|-80|CG1273280|-18|-80|CG1273280|-18|-80|CG1273280|-18|-80|CG1273280|-18|-80|CG1273281|-16|-66|CG1273281|-16|-66|CG1273282|-29|-65|CG1273283|-18|-66|CG1273283|-18|-66|CG1273282|-29|-65|CG1273284|-16|-66|CG1273284|-16|-66|CG1273282|-29|-65|CG1273281|-16|-66|CG1273281|-16|-66|CG1273282|-29|-65|CG1273283|-18|-66|CG1273283|-18|-66|CG1273282|-29|-65|CG1273285|-14|-65|CG1273285|-14|-65|CG1273286|-19|-70|CG1273286|-19|-70|CG1273278|-24|-73|CG1273278|-24|-73
647|5|6|2689|24|CG1273308|-30|-77|CG1273309|-23|-77|CG1273310|-28|-77|CG1273308|-30|-77|CG1273309|-23|-77|CG1273310|-28|-77|CG1273308|-30|-77|CG1273309|-23|-77|CG1273310|-28|-77|CG1273308|-30|-77|CG1273309|-23|-77|CG1273310|-28|-77|CG1273308|-30|-77|CG1273309|-23|-77|CG1273310|-28|-77|CG1273308|-30|-77|CG1273309|-23|-77|CG1273310|-28|-77|CG1273308|-30|-77|CG1273311|-29|-77|CG1273311|-29|-77|CG1273312|-24|-78|CG1273313|-22|-78|CG1273313|-22|-78
647|5|7|799|12|CG1272039|-20|-77|CG1272039|-20|-77|CG1272040|-20|-75|CG1272040|-20|-75|CG1272040|-20|-75|CG1272041|-21|-75|CG1272042|-19|-77|CG1272043|-20|-77|CG1272043|-20|-77|CG1272043|-20|-77|CG1272044|-19|-78|CG1272044|-19|-78
647|5|8|1000|2|CG1273303|-24|-62|CG1273304|-22|-82
647|5|9|1000|1|CG1273305|-48|-79
647|5|10|986|6|CG1273297|-46|-60|CG1273298|-31|-49|CG1273299|-40|-49|CG1273300|-32|-38|CG1273301|-31|-24|CG1273302|-29|-26
647|6|0|1496|9|CG1273370|-33|-82|CG1273370|-33|-82|CG1273371|-34|-82|CG1273371|-34|-82|CG1273372|-33|-83|CG1273372|-33|-83|CG1273372|-33|-83|CG1273371|-34|-82|CG1273371|-34|-82
647|6|1|1000|6|CG1273375|-34|-78|CG1273376|-33|-78|CG1273377|-32|-78|CG1273378|-30|-78|CG1273379|-31|-78|CG1273380|-31|-78
647|6|2|600|5|CG1325693|-56|-115|CG1325694|-66|-158|CG1325695|-93|-143|CG1325696|-109|-126|CG1325697|-81|-115
647|6|3|600|12|CG1273340|-29|-75|CG1273341|-29|-79|CG1273341|-29|-79|CG1273342|-29|-79|CG1273342|-29|-79|CG1273343|-28|-79|CG1273344|-28|-76|CG1273345|-27|-78|CG1273345|-27|-78|CG1273346|-28|-79|CG1273346|-28|-79|CG1273347|-29|-79
647|6|4|
647|6|5|1717|30|CG1273330|-28|-78|CG1273330|-28|-78|CG1273332|-46|-78|CG1273332|-46|-78|CG1273333|-52|-78|CG1273333|-52|-78|CG1273333|-52|-78|CG1273333|-52|-78|CG1273333|-52|-78|CG1273334|-90|-66|CG1273334|-90|-66|CG1273335|-65|-65|CG1273336|-100|-66|CG1273336|-100|-66|CG1273335|-65|-65|CG1273337|-87|-66|CG1273337|-87|-66|CG1273335|-65|-65|CG1273334|-90|-66|CG1273334|-90|-66|CG1273335|-65|-65|CG1273336|-100|-66|CG1273336|-100|-66|CG1273335|-65|-65|CG1273338|-88|-65|CG1273338|-88|-65|CG1273339|-78|-71|CG1273339|-78|-71|CG1273331|-75|-74|CG1273331|-75|-74
647|6|6|2689|24|CG1273361|-36|-78|CG1273362|-36|-78|CG1273363|-36|-78|CG1273361|-36|-78|CG1273362|-36|-78|CG1273363|-36|-78|CG1273361|-36|-78|CG1273362|-36|-78|CG1273363|-36|-78|CG1273361|-36|-78|CG1273362|-36|-78|CG1273363|-36|-78|CG1273361|-36|-78|CG1273362|-36|-78|CG1273363|-36|-78|CG1273361|-36|-78|CG1273362|-36|-78|CG1273363|-36|-78|CG1273361|-36|-78|CG1273364|-43|-78|CG1273364|-43|-78|CG1273365|-61|-79|CG1273366|-37|-79|CG1273366|-37|-79
647|6|7|799|12|CG1272101|-20|-78|CG1272101|-20|-78|CG1272102|-22|-78|CG1272102|-22|-78|CG1272102|-22|-78|CG1272103|-20|-76|CG1272104|-20|-77|CG1272105|-41|-77|CG1272105|-41|-77|CG1272105|-41|-77|CG1272106|-32|-78|CG1272106|-32|-78
647|6|8|1000|2|CG1273356|-30|-61|CG1273357|-29|-78
647|6|9|1000|1|CG1273358|-62|-80
647|6|10|986|6|CG1273350|-39|-60|CG1273351|-69|-49|CG1273352|-69|-46|CG1273353|-70|-33|CG1273354|-70|-18|CG1273355|-71|-21
647|7|0|1496|9|CG1273423|-26|-91|CG1273423|-26|-91|CG1273424|-25|-91|CG1273424|-25|-91|CG1273425|-25|-91|CG1273425|-25|-91|CG1273425|-25|-91|CG1273424|-25|-91|CG1273424|-25|-91
647|7|1|1000|6|CG1273428|-25|-77|CG1273429|-20|-77|CG1273430|-20|-78|CG1273431|-25|-77|CG1273432|-23|-77|CG1273433|-19|-78
647|7|2|600|5|CG1325749|-65|-111|CG1325750|-73|-164|CG1325751|-68|-170|CG1325752|-60|-150|CG1325753|-60|-127
647|7|3|600|12|CG1273393|-36|-76|CG1273394|-36|-80|CG1273394|-36|-80|CG1273395|-36|-80|CG1273395|-36|-80|CG1273396|-36|-79|CG1273397|-36|-77|CG1273398|-33|-80|CG1273398|-33|-80|CG1273399|-35|-81|CG1273399|-35|-81|CG1273400|-36|-80
647|7|4|
647|7|5|1717|30|CG1273383|-66|-76|CG1273383|-66|-76|CG1273385|-67|-76|CG1273385|-67|-76|CG1273386|-61|-75|CG1273386|-61|-75|CG1273386|-61|-75|CG1273386|-61|-75|CG1273386|-61|-75|CG1273387|-119|-69|CG1273387|-119|-69|CG1273388|-83|-67|CG1273389|-119|-69|CG1273389|-119|-69|CG1273388|-83|-67|CG1273390|-115|-69|CG1273390|-115|-69|CG1273388|-83|-67|CG1273387|-119|-69|CG1273387|-119|-69|CG1273388|-83|-67|CG1273389|-119|-69|CG1273389|-119|-69|CG1273388|-83|-67|CG1273391|-116|-68|CG1273391|-116|-68|CG1273392|-113|-72|CG1273392|-113|-72|CG1273384|-95|-81|CG1273384|-95|-81
647|7|6|2689|24|CG1273414|-45|-79|CG1273415|-45|-79|CG1273416|-45|-79|CG1273414|-45|-79|CG1273415|-45|-79|CG1273416|-45|-79|CG1273414|-45|-79|CG1273415|-45|-79|CG1273416|-45|-79|CG1273414|-45|-79|CG1273415|-45|-79|CG1273416|-45|-79|CG1273414|-45|-79|CG1273415|-45|-79|CG1273416|-45|-79|CG1273414|-45|-79|CG1273415|-45|-79|CG1273416|-45|-79|CG1273414|-45|-79|CG1273417|-41|-78|CG1273417|-41|-78|CG1273418|-61|-85|CG1273419|-35|-88|CG1273419|-35|-88
647|7|7|799|12|CG1272163|-20|-79|CG1272163|-20|-79|CG1272164|-19|-79|CG1272164|-19|-79|CG1272164|-19|-79|CG1272165|-26|-78|CG1272166|-28|-76|CG1272167|-40|-77|CG1272167|-40|-77|CG1272167|-40|-77|CG1272168|-36|-78|CG1272168|-36|-78
647|7|8|1000|2|CG1273409|-28|-65|CG1273410|-36|-70
647|7|9|1000|1|CG1273411|-41|-80
647|7|10|986|6|CG1273403|-56|-62|CG1273404|-71|-55|CG1273405|-59|-45|CG1273406|-67|-42|CG1273407|-77|-35|CG1273408|-81|-24
