594|0|0|1088|6|CG1250413|-53|-75|CG1250414|-55|-74|CG1250415|-56|-74|CG1250416|-54|-74|CG1250417|-53|-74|CG1250418|-53|-74
594|0|1|1000|6|CG1250421|-31|-71|CG1250422|-28|-71|CG1250423|-25|-71|CG1250424|-22|-70|CG1250425|-21|-71|CG1250426|-25|-72
594|0|2|600|5|CG1325357|-54|-113|CG1325358|-66|-144|CG1325359|-95|-176|CG1325360|-103|-137|CG1325361|-78|-106
594|0|3|986|8|CG1250383|-26|-72|CG1250384|-23|-75|CG1250385|-23|-78|CG1250386|-23|-73|CG1250387|-15|-72|CG1250388|-16|-76|CG1250389|-15|-81|CG1250390|-14|-87
594|0|4|
594|0|5|1496|20|CG1250372|-21|-75|CG1250372|-21|-75|CG1250375|-22|-80|CG1250375|-22|-80|CG1250376|-46|-88|CG1250376|-46|-88|CG1250377|-49|-89|CG1250377|-49|-89|CG1250378|-58|-82|CG1250379|-35|-82|CG1250380|-33|-80|CG1250380|-33|-80|CG1250381|-16|-77|CG1250381|-16|-77|CG1250382|-20|-88|CG1250382|-20|-88|CG1250373|-16|-85|CG1250373|-16|-85|CG1250374|-15|-76|CG1250374|-15|-76
594|0|6|2397|18|CG1250404|-19|-75|CG1250405|-16|-71|CG1250406|-14|-78|CG1250407|-14|-82|CG1250408|-16|-90|CG1250409|-20|-85|CG1250404|-19|-75|CG1250405|-16|-71|CG1250406|-14|-78|CG1250407|-14|-82|CG1250408|-16|-90|CG1250409|-20|-85|CG1250404|-19|-75|CG1250405|-16|-71|CG1250406|-14|-78|CG1250407|-14|-82|CG1250408|-16|-90|CG1250409|-20|-85
594|0|7|1326|16|CG1251234|-15|-75|CG1251234|-15|-75|CG1251236|-17|-76|CG1251237|-16|-77|CG1251238|-20|-80|CG1251238|-20|-80|CG1251239|-29|-84|CG1251239|-29|-84|CG1251240|-36|-82|CG1251240|-36|-82|CG1251241|-25|-79|CG1251241|-25|-79|CG1251242|-15|-74|CG1251242|-15|-74|CG1251243|-16|-74|CG1251243|-16|-74
594|0|8|1000|2|CG1250399|-26|-69|CG1250400|-22|-52
594|0|9|1000|1|CG1250401|-22|-71
594|0|10|1000|6|CG1250393|-14|-84|CG1250394|-21|-92|CG1250395|-25|-92|CG1250396|-25|-93|CG1250397|-27|-64|CG1250398|-22|-49
594|1|0|1088|6|CG1250470|-29|-74|CG1250471|-29|-73|CG1250472|-28|-73|CG1250473|-24|-74|CG1250474|-23|-74|CG1250475|-25|-74
594|1|1|1000|6|CG1250478|-13|-70|CG1250479|-13|-71|CG1250480|-14|-71|CG1250481|-15|-70|CG1250482|-14|-71|CG1250483|-13|-71
594|1|2|600|5|CG1325413|-100|-113|CG1325414|-102|-107|CG1325415|-90|-159|CG1325416|-142|-98|CG1325417|-131|-103
594|1|3|986|8|CG1250440|-26|-73|CG1250441|-23|-75|CG1250442|-24|-77|CG1250443|-18|-73|CG1250444|-28|-73|CG1250445|-17|-75|CG1250446|-18|-77|CG1250447|-21|-73
594|1|4|
594|1|5|1496|20|CG1250429|-16|-76|CG1250429|-16|-76|CG1250432|-18|-82|CG1250432|-18|-82|CG1250433|-40|-89|CG1250433|-40|-89|CG1250434|-40|-90|CG1250434|-40|-90|CG1250435|-63|-93|CG1250436|-23|-80|CG1250437|-18|-79|CG1250437|-18|-79|CG1250438|-18|-77|CG1250438|-18|-77|CG1250439|-37|-79|CG1250439|-37|-79|CG1250430|-12|-78|CG1250430|-12|-78|CG1250431|-12|-75|CG1250431|-12|-75
594|1|6|2397|18|CG1250461|-34|-77|CG1250462|-33|-69|CG1250463|-19|-72|CG1250464|-20|-78|CG1250465|-23|-85|CG1250466|-29|-85|CG1250461|-34|-77|CG1250462|-33|-69|CG1250463|-19|-72|CG1250464|-20|-78|CG1250465|-23|-85|CG1250466|-29|-85|CG1250461|-34|-77|CG1250462|-33|-69|CG1250463|-19|-72|CG1250464|-20|-78|CG1250465|-23|-85|CG1250466|-29|-85
594|1|7|1326|16|CG1251309|-11|-75|CG1251309|-11|-75|CG1251311|-11|-75|CG1251312|-24|-75|CG1251313|-10|-79|CG1251313|-10|-79|CG1251314|-14|-84|CG1251314|-14|-84|CG1251315|-25|-83|CG1251315|-25|-83|CG1251316|-13|-79|CG1251316|-13|-79|CG1251317|-14|-72|CG1251317|-14|-72|CG1251318|-10|-73|CG1251318|-10|-73
594|1|8|1000|2|CG1250456|-12|-69|CG1250457|-17|-42
594|1|9|1000|1|CG1250458|-13|-73
594|1|10|1000|6|CG1250450|-13|-78|CG1250451|-16|-85|CG1250452|-16|-78|CG1250453|-20|-75|CG1250454|-22|-50|CG1250455|-24|-40
594|2|0|1088|6|CG1250527|-12|-73|CG1250528|-12|-72|CG1250529|-12|-72|CG1250530|-13|-72|CG1250531|-13|-72|CG1250532|-13|-72
594|2|1|1000|6|CG1250535|-16|-70|CG1250536|-18|-71|CG1250537|-23|-72|CG1250538|-25|-71|CG1250539|-25|-71|CG1250540|-20|-71
594|2|2|600|5|CG1325469|-119|-113|CG1325470|-90|-142|CG1325471|-82|-174|CG1325472|-99|-116|CG1325473|-109|-103
594|2|3|986|8|CG1250497|-25|-72|CG1250498|-29|-76|CG1250499|-33|-79|CG1250500|-28|-73|CG1250501|-27|-72|CG1250502|-30|-75|CG1250503|-34|-78|CG1250504|-32|-73
594|2|4|
594|2|5|1496|20|CG1250486|-13|-77|CG1250486|-13|-77|CG1250489|-32|-82|CG1250489|-32|-82|CG1250490|-13|-90|CG1250490|-13|-90|CG1250491|-19|-88|CG1250491|-19|-88|CG1250492|-39|-110|CG1250493|-23|-78|CG1250494|-18|-77|CG1250494|-18|-77|CG1250495|-33|-75|CG1250495|-33|-75|CG1250496|-37|-82|CG1250496|-37|-82|CG1250487|-34|-77|CG1250487|-34|-77|CG1250488|-24|-75|CG1250488|-24|-75
594|2|6|2397|18|CG1250518|-46|-72|CG1250519|-50|-70|CG1250520|-37|-73|CG1250521|-31|-74|CG1250522|-33|-73|CG1250523|-37|-79|CG1250518|-46|-72|CG1250519|-50|-70|CG1250520|-37|-73|CG1250521|-31|-74|CG1250522|-33|-73|CG1250523|-37|-79|CG1250518|-46|-72|CG1250519|-50|-70|CG1250520|-37|-73|CG1250521|-31|-74|CG1250522|-33|-73|CG1250523|-37|-79
594|2|7|1326|16|CG1251384|-10|-74|CG1251384|-10|-74|CG1251386|-12|-74|CG1251387|-20|-73|CG1251388|-8|-77|CG1251388|-8|-77|CG1251389|-9|-80|CG1251389|-9|-80|CG1251390|-12|-79|CG1251390|-12|-79|CG1251391|-8|-77|CG1251391|-8|-77|CG1251392|-14|-70|CG1251392|-14|-70|CG1251393|-10|-71|CG1251393|-10|-71
594|2|8|1000|2|CG1250513|-13|-66|CG1250514|-43|-42
594|2|9|1000|1|CG1250515|-32|-71
594|2|10|1000|6|CG1250507|-13|-65|CG1250508|-16|-73|CG1250509|-16|-64|CG1250510|-22|-48|CG1250511|-23|-32|CG1250512|-24|-19
594|3|0|1088|6|CG1250584|-14|-71|CG1250585|-14|-71|CG1250586|-15|-71|CG1250587|-15|-71|CG1250588|-15|-71|CG1250589|-15|-71
594|3|1|1000|6|CG1250592|-36|-71|CG1250593|-37|-72|CG1250594|-38|-73|CG1250595|-38|-72|CG1250596|-39|-72|CG1250597|-39|-72
594|3|2|600|5|CG1325525|-125|-117|CG1325526|-119|-165|CG1325527|-116|-175|CG1325528|-58|-136|CG1325529|-81|-129
594|3|3|986|8|CG1250554|-27|-73|CG1250555|-66|-78|CG1250556|-74|-82|CG1250557|-40|-75|CG1250558|-29|-73|CG1250559|-29|-77|CG1250560|-35|-80|CG1250561|-27|-75
594|3|4|
594|3|5|1496|20|CG1250543|-38|-76|CG1250543|-38|-76|CG1250546|-29|-85|CG1250546|-29|-85|CG1250547|-42|-87|CG1250547|-42|-87|CG1250548|-43|-94|CG1250548|-43|-94|CG1250549|-25|-114|CG1250550|-28|-80|CG1250551|-17|-75|CG1250551|-17|-75|CG1250552|-38|-74|CG1250552|-38|-74|CG1250553|-18|-92|CG1250553|-18|-92|CG1250544|-50|-75|CG1250544|-50|-75|CG1250545|-40|-73|CG1250545|-40|-73
594|3|6|2397|18|CG1250575|-68|-70|CG1250576|-59|-82|CG1250577|-59|-81|CG1250578|-63|-76|CG1250579|-63|-72|CG1250580|-66|-72|CG1250575|-68|-70|CG1250576|-59|-82|CG1250577|-59|-81|CG1250578|-63|-76|CG1250579|-63|-72|CG1250580|-66|-72|CG1250575|-68|-70|CG1250576|-59|-82|CG1250577|-59|-81|CG1250578|-63|-76|CG1250579|-63|-72|CG1250580|-66|-72
594|3|7|1326|16|CG1251459|-26|-71|CG1251459|-26|-71|CG1251461|-16|-72|CG1251462|-15|-72|CG1251463|-14|-74|CG1251463|-14|-74|CG1251464|-9|-74|CG1251464|-9|-74|CG1251465|-9|-73|CG1251465|-9|-73|CG1251466|-10|-72|CG1251466|-10|-72|CG1251467|-14|-68|CG1251467|-14|-68|CG1251468|-15|-69|CG1251468|-15|-69
594|3|8|1000|2|CG1250570|-40|-61|CG1250571|-59|-50
594|3|9|1000|1|CG1250572|-34|-70
594|3|10|1000|6|CG1250564|-28|-64|CG1250565|-18|-64|CG1250566|-17|-58|CG1250567|-16|-33|CG1250568|-16|-22|CG1250569|-19|-19
594|4|0|1088|6|CG1250641|-28|-71|CG1250642|-28|-71|CG1250643|-28|-71|CG1250644|-28|-71|CG1250645|-28|-71|CG1250646|-28|-71
594|4|1|1000|6|CG1250649|-37|-73|CG1250650|-36|-74|CG1250651|-32|-75|CG1250652|-31|-73|CG1250653|-32|-74|CG1250654|-37|-74
594|4|2|600|5|CG1325581|-118|-123|CG1325582|-92|-162|CG1325583|-82|-152|CG1325584|-98|-119|CG1325585|-112|-122
594|4|3|986|8|CG1250611|-59|-73|CG1250612|-81|-80|CG1250613|-79|-85|CG1250614|-77|-76|CG1250615|-59|-73|CG1250616|-52|-79|CG1250617|-48|-83|CG1250618|-49|-76
594|4|4|
594|4|5|1496|20|CG1250600|-43|-74|CG1250600|-43|-74|CG1250603|-40|-92|CG1250603|-40|-92|CG1250604|-50|-88|CG1250604|-50|-88|CG1250605|-43|-103|CG1250605|-43|-103|CG1250606|-24|-103|CG1250607|-33|-84|CG1250608|-53|-74|CG1250608|-53|-74|CG1250609|-64|-72|CG1250609|-64|-72|CG1250610|-39|-92|CG1250610|-39|-92|CG1250601|-39|-73|CG1250601|-39|-73|CG1250602|-34|-73|CG1250602|-34|-73
594|4|6|2397|18|CG1250632|-50|-82|CG1250633|-42|-96|CG1250634|-46|-98|CG1250635|-60|-76|CG1250636|-59|-71|CG1250637|-56|-74|CG1250632|-50|-82|CG1250633|-42|-96|CG1250634|-46|-98|CG1250635|-60|-76|CG1250636|-59|-71|CG1250637|-56|-74|CG1250632|-50|-82|CG1250633|-42|-96|CG1250634|-46|-98|CG1250635|-60|-76|CG1250636|-59|-71|CG1250637|-56|-74
594|4|7|1326|16|CG1251534|-30|-70|CG1251534|-30|-70|CG1251536|-21|-71|CG1251537|-17|-72|CG1251538|-20|-70|CG1251538|-20|-70|CG1251539|-15|-70|CG1251539|-15|-70|CG1251540|-18|-69|CG1251540|-18|-69|CG1251541|-20|-68|CG1251541|-20|-68|CG1251542|-22|-68|CG1251542|-22|-68|CG1251543|-18|-69|CG1251543|-18|-69
594|4|8|1000|2|CG1250627|-46|-58|CG1250628|-49|-63
594|4|9|1000|1|CG1250629|-20|-70
594|4|10|1000|6|CG1250621|-31|-64|CG1250622|-36|-63|CG1250623|-39|-64|CG1250624|-35|-33|CG1250625|-29|-20|CG1250626|-24|-17
594|5|0|1088|6|CG1250698|-28|-72|CG1250699|-28|-72|CG1250700|-28|-72|CG1250701|-26|-72|CG1250702|-26|-72|CG1250703|-28|-72
594|5|1|1000|6|CG1250706|-20|-73|CG1250707|-22|-74|CG1250708|-24|-75|CG1250709|-25|-73|CG1250710|-27|-74|CG1250711|-24|-75
594|5|2|600|5|CG1325637|-87|-102|CG1325638|-101|-134|CG1325639|-81|-118|CG1325640|-146|-102|CG1325641|-132|-115
594|5|3|986|8|CG1250668|-73|-74|CG1250669|-55|-80|CG1250670|-46|-85|CG1250671|-75|-76|CG1250672|-77|-74|CG1250673|-82|-80|CG1250674|-80|-85|CG1250675|-78|-76
594|5|4|
594|5|5|1496|20|CG1250657|-37|-77|CG1250657|-37|-77|CG1250660|-51|-91|CG1250660|-51|-91|CG1250661|-32|-97|CG1250661|-32|-97|CG1250662|-28|-111|CG1250662|-28|-111|CG1250663|-23|-90|CG1250664|-32|-84|CG1250665|-67|-75|CG1250665|-67|-75|CG1250666|-78|-73|CG1250666|-78|-73|CG1250667|-57|-83|CG1250667|-57|-83|CG1250658|-53|-72|CG1250658|-53|-72|CG1250659|-55|-73|CG1250659|-55|-73
594|5|6|2397|18|CG1250689|-15|-90|CG1250690|-23|-100|CG1250691|-28|-108|CG1250692|-33|-92|CG1250693|-33|-75|CG1250694|-20|-87|CG1250689|-15|-90|CG1250690|-23|-100|CG1250691|-28|-108|CG1250692|-33|-92|CG1250693|-33|-75|CG1250694|-20|-87|CG1250689|-15|-90|CG1250690|-23|-100|CG1250691|-28|-108|CG1250692|-33|-92|CG1250693|-33|-75|CG1250694|-20|-87
594|5|7|1326|16|CG1251609|-20|-70|CG1251609|-20|-70|CG1251611|-26|-72|CG1251612|-30|-73|CG1251613|-28|-71|CG1251613|-28|-71|CG1251614|-34|-70|CG1251614|-34|-70|CG1251615|-29|-68|CG1251615|-29|-68|CG1251616|-30|-67|CG1251616|-30|-67|CG1251617|-28|-69|CG1251617|-28|-69|CG1251618|-20|-70|CG1251618|-20|-70
594|5|8|1000|2|CG1250684|-27|-58|CG1250685|-57|-68
594|5|9|1000|1|CG1250686|-43|-69
594|5|10|1000|6|CG1250678|-43|-65|CG1250679|-43|-71|CG1250680|-54|-79|CG1250681|-71|-47|CG1250682|-76|-30|CG1250683|-63|-16
594|6|0|1088|6|CG1250755|-26|-73|CG1250756|-26|-73|CG1250757|-29|-73|CG1250758|-34|-73|CG1250759|-32|-73|CG1250760|-30|-73
594|6|1|1000|6|CG1250763|-50|-73|CG1250764|-52|-74|CG1250765|-52|-74|CG1250766|-51|-73|CG1250767|-51|-74|CG1250768|-51|-75
594|6|2|600|5|CG1325693|-56|-115|CG1325694|-66|-158|CG1325695|-93|-143|CG1325696|-109|-126|CG1325697|-81|-115
594|6|3|986|8|CG1250725|-49|-73|CG1250726|-23|-79|CG1250727|-18|-83|CG1250728|-38|-76|CG1250729|-55|-73|CG1250730|-67|-80|CG1250731|-71|-84|CG1250732|-67|-76
594|6|4|
594|6|5|1496|20|CG1250714|-47|-80|CG1250714|-47|-80|CG1250717|-40|-83|CG1250717|-40|-83|CG1250718|-30|-100|CG1250718|-30|-100|CG1250719|-27|-110|CG1250719|-27|-110|CG1250720|-31|-88|CG1250721|-69|-82|CG1250722|-50|-76|CG1250722|-50|-76|CG1250723|-51|-77|CG1250723|-51|-77|CG1250724|-42|-85|CG1250724|-42|-85|CG1250715|-58|-74|CG1250715|-58|-74|CG1250716|-63|-73|CG1250716|-63|-73
594|6|6|2397|18|CG1250746|-25|-85|CG1250747|-36|-89|CG1250748|-40|-105|CG1250749|-45|-94|CG1250750|-40|-78|CG1250751|-27|-86|CG1250746|-25|-85|CG1250747|-36|-89|CG1250748|-40|-105|CG1250749|-45|-94|CG1250750|-40|-78|CG1250751|-27|-86|CG1250746|-25|-85|CG1250747|-36|-89|CG1250748|-40|-105|CG1250749|-45|-94|CG1250750|-40|-78|CG1250751|-27|-86
594|6|7|1326|16|CG1251684|-22|-72|CG1251684|-22|-72|CG1251686|-21|-73|CG1251687|-36|-76|CG1251688|-31|-74|CG1251688|-31|-74|CG1251689|-45|-74|CG1251689|-45|-74|CG1251690|-37|-73|CG1251690|-37|-73|CG1251691|-30|-70|CG1251691|-30|-70|CG1251692|-28|-71|CG1251692|-28|-71|CG1251693|-25|-72|CG1251693|-25|-72
594|6|8|1000|2|CG1250741|-50|-61|CG1250742|-55|-61
594|6|9|1000|1|CG1250743|-58|-70
594|6|10|1000|6|CG1250735|-55|-67|CG1250736|-34|-83|CG1250737|-47|-92|CG1250738|-72|-74|CG1250739|-87|-47|CG1250740|-90|-27
594|7|0|1088|6|CG1250812|-54|-74|CG1250813|-56|-74|CG1250814|-59|-73|CG1250815|-62|-74|CG1250816|-59|-74|CG1250817|-58|-74
594|7|1|1000|6|CG1250820|-56|-72|CG1250821|-54|-72|CG1250822|-51|-72|CG1250823|-49|-71|CG1250824|-47|-72|CG1250825|-51|-73
594|7|2|600|5|CG1325749|-65|-111|CG1325750|-73|-164|CG1325751|-68|-170|CG1325752|-60|-150|CG1325753|-60|-127
594|7|3|986|8|CG1250782|-18|-73|CG1250783|-30|-77|CG1250784|-27|-80|CG1250785|-22|-75|CG1250786|-18|-73|CG1250787|-28|-78|CG1250788|-32|-82|CG1250789|-28|-91
594|7|4|
594|7|5|1496|20|CG1250771|-39|-73|CG1250771|-39|-73|CG1250774|-34|-76|CG1250774|-34|-76|CG1250775|-30|-92|CG1250775|-30|-92|CG1250776|-32|-101|CG1250776|-32|-101|CG1250777|-34|-83|CG1250778|-70|-83|CG1250779|-32|-78|CG1250779|-32|-78|CG1250780|-27|-80|CG1250780|-27|-80|CG1250781|-21|-92|CG1250781|-21|-92|CG1250772|-32|-84|CG1250772|-32|-84|CG1250773|-40|-75|CG1250773|-40|-75
594|7|6|2397|18|CG1250803|-28|-68|CG1250804|-29|-72|CG1250805|-30|-92|CG1250806|-34|-84|CG1250807|-29|-85|CG1250808|-26|-79|CG1250803|-28|-68|CG1250804|-29|-72|CG1250805|-30|-92|CG1250806|-34|-84|CG1250807|-29|-85|CG1250808|-26|-79|CG1250803|-28|-68|CG1250804|-29|-72|CG1250805|-30|-92|CG1250806|-34|-84|CG1250807|-29|-85|CG1250808|-26|-79
594|7|7|1326|16|CG1251759|-19|-74|CG1251759|-19|-74|CG1251761|-20|-75|CG1251762|-24|-77|CG1251763|-30|-77|CG1251763|-30|-77|CG1251764|-45|-80|CG1251764|-45|-80|CG1251765|-39|-79|CG1251765|-39|-79|CG1251766|-29|-75|CG1251766|-29|-75|CG1251767|-29|-73|CG1251767|-29|-73|CG1251768|-24|-74|CG1251768|-24|-74
594|7|8|1000|2|CG1250798|-52|-65|CG1250799|-33|-52
594|7|9|1000|1|CG1250800|-40|-70
594|7|10|1000|6|CG1250792|-41|-75|CG1250793|-34|-92|CG1250794|-33|-98|CG1250795|-44|-92|CG1250796|-55|-59|CG1250797|-69|-44
