614|0|0|8000|40|CG1259144|-20|-59|CG1259145|-19|-59|CG1259146|-18|-59|CG1259145|-19|-59|CG1259144|-20|-59|CG1259147|-20|-57|CG1259148|-22|-56|CG1259148|-22|-56|CG1259148|-22|-56|CG1259148|-22|-56|CG1259147|-20|-57|CG1259144|-20|-59|CG1259145|-19|-59|CG1259146|-18|-59|CG1259145|-19|-59|CG1259144|-20|-59|CG1259145|-19|-59|CG1259146|-18|-59|CG1259145|-19|-59|CG1259144|-20|-59|CG1259147|-20|-57|CG1259148|-22|-56|CG1259148|-22|-56|CG1259148|-22|-56|CG1259147|-20|-57|CG1259144|-20|-59|CG1259147|-20|-57|CG1259148|-22|-56|CG1259148|-22|-56|CG1259148|-22|-56|CG1259148|-22|-56|CG1259147|-20|-57|CG1259144|-20|-59|CG1259145|-19|-59|CG1259146|-18|-59|CG1259145|-19|-59|CG1259144|-20|-59|CG1259145|-19|-59|CG1259146|-18|-59|CG1259145|-19|-59
614|0|1|1000|6|CG1259160|-16|-56|CG1259161|-16|-60|CG1259162|-16|-57|CG1259163|-23|-55|CG1259164|-18|-60|CG1259165|-15|-58
614|0|2|600|5|CG1325357|-54|-113|CG1325358|-66|-144|CG1325359|-95|-176|CG1325360|-103|-137|CG1325361|-78|-106
614|0|3|510|6|CG1259108|-35|-61|CG1259109|-31|-62|CG1259110|-22|-62|CG1259111|-24|-64|CG1259112|-24|-62|CG1259113|-29|-61
614|0|4|
614|0|5|1496|23|CG1259100|-19|-59|CG1259100|-19|-59|CG1259100|-19|-59|CG1259101|-34|-77|CG1259101|-34|-77|CG1259102|-53|-72|CG1259103|-47|-79|CG1259104|-43|-77|CG1259105|-44|-76|CG1259106|-57|-77|CG1259102|-53|-72|CG1259103|-47|-79|CG1259104|-43|-77|CG1259105|-44|-76|CG1259106|-57|-77|CG1259102|-53|-72|CG1259103|-47|-79|CG1259104|-43|-77|CG1259105|-44|-76|CG1259106|-57|-77|CG1259106|-57|-77|CG1259107|-38|-73|CG1259100|-19|-59
614|0|6|2091|24|CG1259132|-18|-58|CG1259132|-18|-58|CG1259133|-26|-60|CG1259133|-26|-60|CG1259134|-18|-56|CG1259134|-18|-56|CG1259135|-18|-43|CG1259135|-18|-43|CG1259136|-18|-44|CG1259136|-18|-44|CG1259136|-18|-44|CG1259136|-18|-44|CG1259136|-18|-44|CG1259136|-18|-44|CG1259137|-19|-39|CG1259138|-20|-45|CG1259139|-19|-30|CG1259139|-19|-30|CG1259139|-19|-30|CG1259139|-19|-30|CG1259138|-20|-45|CG1259138|-20|-45|CG1259137|-19|-39|CG1259137|-19|-39
614|0|7|1088|13|CG1259149|-23|-59|CG1259149|-23|-59|CG1259150|-23|-60|CG1259150|-23|-60|CG1259151|-33|-61|CG1259151|-33|-61|CG1259152|-26|-73|CG1259153|-26|-72|CG1259154|-22|-83|CG1259155|-28|-77|CG1259155|-28|-77|CG1259156|-21|-58|CG1259156|-21|-58
614|0|8|1000|2|CG1259123|-25|-59|CG1259124|-15|-35
614|0|9|1000|1|CG1259129|-22|-51
614|0|10|1190|6|CG1259117|-23|-58|CG1259118|-18|-57|CG1259119|-26|-57|CG1259120|-49|-51|CG1259121|-57|-46|CG1259122|-59|-46
614|1|0|8000|40|CG1259212|-16|-58|CG1259213|-15|-58|CG1259214|-15|-58|CG1259213|-15|-58|CG1259212|-16|-58|CG1259215|-17|-57|CG1259216|-18|-56|CG1259216|-18|-56|CG1259216|-18|-56|CG1259216|-18|-56|CG1259215|-17|-57|CG1259212|-16|-58|CG1259213|-15|-58|CG1259214|-15|-58|CG1259213|-15|-58|CG1259212|-16|-58|CG1259213|-15|-58|CG1259214|-15|-58|CG1259213|-15|-58|CG1259212|-16|-58|CG1259215|-17|-57|CG1259216|-18|-56|CG1259216|-18|-56|CG1259216|-18|-56|CG1259215|-17|-57|CG1259212|-16|-58|CG1259215|-17|-57|CG1259216|-18|-56|CG1259216|-18|-56|CG1259216|-18|-56|CG1259216|-18|-56|CG1259215|-17|-57|CG1259212|-16|-58|CG1259213|-15|-58|CG1259214|-15|-58|CG1259213|-15|-58|CG1259212|-16|-58|CG1259213|-15|-58|CG1259214|-15|-58|CG1259213|-15|-58
614|1|1|1000|6|CG1259228|-24|-55|CG1259229|-24|-60|CG1259230|-22|-57|CG1259231|-21|-55|CG1259232|-22|-60|CG1259233|-24|-57
614|1|2|600|5|CG1325413|-100|-113|CG1325414|-102|-107|CG1325415|-90|-159|CG1325416|-142|-98|CG1325417|-131|-103
614|1|3|510|6|CG1259176|-25|-61|CG1259177|-31|-62|CG1259178|-30|-60|CG1259179|-22|-62|CG1259180|-29|-61|CG1259181|-33|-60
614|1|4|
614|1|5|1496|23|CG1259168|-23|-57|CG1259168|-23|-57|CG1259168|-23|-57|CG1259169|-27|-81|CG1259169|-27|-81|CG1259170|-25|-80|CG1259171|-18|-82|CG1259172|-15|-82|CG1259173|-15|-80|CG1259174|-16|-82|CG1259170|-25|-80|CG1259171|-18|-82|CG1259172|-15|-82|CG1259173|-15|-80|CG1259174|-16|-82|CG1259170|-25|-80|CG1259171|-18|-82|CG1259172|-15|-82|CG1259173|-15|-80|CG1259174|-16|-82|CG1259174|-16|-82|CG1259175|-26|-74|CG1259168|-23|-57
614|1|6|2091|24|CG1259200|-29|-56|CG1259200|-29|-56|CG1259201|-29|-58|CG1259201|-29|-58|CG1259202|-33|-51|CG1259202|-33|-51|CG1259203|-22|-38|CG1259203|-22|-38|CG1259204|-22|-41|CG1259204|-22|-41|CG1259204|-22|-41|CG1259204|-22|-41|CG1259204|-22|-41|CG1259204|-22|-41|CG1259205|-21|-37|CG1259206|-21|-39|CG1259207|-31|-25|CG1259207|-31|-25|CG1259207|-31|-25|CG1259207|-31|-25|CG1259206|-21|-39|CG1259206|-21|-39|CG1259205|-21|-37|CG1259205|-21|-37
614|1|7|1088|13|CG1259217|-19|-58|CG1259217|-19|-58|CG1259218|-17|-59|CG1259218|-17|-59|CG1259219|-18|-60|CG1259219|-18|-60|CG1259220|-20|-79|CG1259221|-20|-71|CG1259222|-23|-82|CG1259223|-20|-78|CG1259223|-20|-78|CG1259224|-25|-57|CG1259224|-25|-57
614|1|8|1000|2|CG1259191|-21|-58|CG1259192|-19|-34
614|1|9|1000|1|CG1259197|-18|-50
614|1|10|1190|6|CG1259185|-33|-57|CG1259186|-31|-58|CG1259187|-25|-58|CG1259188|-28|-53|CG1259189|-26|-54|CG1259190|-25|-55
614|2|0|8000|40|CG1259280|-15|-59|CG1259281|-15|-59|CG1259282|-15|-59|CG1259281|-15|-59|CG1259280|-15|-59|CG1259283|-18|-57|CG1259284|-20|-56|CG1259284|-20|-56|CG1259284|-20|-56|CG1259284|-20|-56|CG1259283|-18|-57|CG1259280|-15|-59|CG1259281|-15|-59|CG1259282|-15|-59|CG1259281|-15|-59|CG1259280|-15|-59|CG1259281|-15|-59|CG1259282|-15|-59|CG1259281|-15|-59|CG1259280|-15|-59|CG1259283|-18|-57|CG1259284|-20|-56|CG1259284|-20|-56|CG1259284|-20|-56|CG1259283|-18|-57|CG1259280|-15|-59|CG1259283|-18|-57|CG1259284|-20|-56|CG1259284|-20|-56|CG1259284|-20|-56|CG1259284|-20|-56|CG1259283|-18|-57|CG1259280|-15|-59|CG1259281|-15|-59|CG1259282|-15|-59|CG1259281|-15|-59|CG1259280|-15|-59|CG1259281|-15|-59|CG1259282|-15|-59|CG1259281|-15|-59
614|2|1|1000|6|CG1259296|-30|-55|CG1259297|-27|-60|CG1259298|-29|-58|CG1259299|-29|-56|CG1259300|-27|-60|CG1259301|-29|-57
614|2|2|600|5|CG1325469|-119|-113|CG1325470|-90|-142|CG1325471|-82|-174|CG1325472|-99|-116|CG1325473|-109|-103
614|2|3|510|6|CG1259244|-23|-64|CG1259245|-20|-62|CG1259246|-32|-61|CG1259247|-29|-62|CG1259248|-31|-63|CG1259249|-22|-62
614|2|4|
614|2|5|1496|23|CG1259236|-26|-59|CG1259236|-26|-59|CG1259236|-26|-59|CG1259237|-11|-77|CG1259237|-11|-77|CG1259238|9|-76|CG1259239|4|-77|CG1259240|14|-73|CG1259241|14|-71|CG1259242|13|-78|CG1259238|9|-76|CG1259239|4|-77|CG1259240|14|-73|CG1259241|14|-71|CG1259242|13|-78|CG1259238|9|-76|CG1259239|4|-77|CG1259240|14|-73|CG1259241|14|-71|CG1259242|13|-78|CG1259242|13|-78|CG1259243|-10|-73|CG1259236|-26|-59
614|2|6|2091|24|CG1259268|-30|-58|CG1259268|-30|-58|CG1259269|-37|-60|CG1259269|-37|-60|CG1259270|-34|-57|CG1259270|-34|-57|CG1259271|-23|-43|CG1259271|-23|-43|CG1259272|-24|-44|CG1259272|-24|-44|CG1259272|-24|-44|CG1259272|-24|-44|CG1259272|-24|-44|CG1259272|-24|-44|CG1259273|-28|-39|CG1259274|-36|-45|CG1259275|-48|-30|CG1259275|-48|-30|CG1259275|-48|-30|CG1259275|-48|-30|CG1259274|-36|-45|CG1259274|-36|-45|CG1259273|-28|-39|CG1259273|-28|-39
614|2|7|1088|13|CG1259285|-15|-60|CG1259285|-15|-60|CG1259286|-13|-61|CG1259286|-13|-61|CG1259287|-14|-61|CG1259287|-14|-61|CG1259288|-20|-80|CG1259289|-28|-74|CG1259290|-26|-82|CG1259291|-22|-79|CG1259291|-22|-79|CG1259292|-25|-58|CG1259292|-25|-58
614|2|8|1000|2|CG1259259|-12|-59|CG1259260|-49|-38
614|2|9|1000|1|CG1259265|-20|-50
614|2|10|1190|6|CG1259253|-29|-58|CG1259254|-32|-57|CG1259255|-15|-57|CG1259256|-14|-51|CG1259257|-15|-46|CG1259258|-16|-45
614|3|0|8000|40|CG1259348|-14|-62|CG1259349|-14|-63|CG1259350|-14|-63|CG1259349|-14|-63|CG1259348|-14|-62|CG1259351|-16|-61|CG1259352|-18|-59|CG1259352|-18|-59|CG1259352|-18|-59|CG1259352|-18|-59|CG1259351|-16|-61|CG1259348|-14|-62|CG1259349|-14|-63|CG1259350|-14|-63|CG1259349|-14|-63|CG1259348|-14|-62|CG1259349|-14|-63|CG1259350|-14|-63|CG1259349|-14|-63|CG1259348|-14|-62|CG1259351|-16|-61|CG1259352|-18|-59|CG1259352|-18|-59|CG1259352|-18|-59|CG1259351|-16|-61|CG1259348|-14|-62|CG1259351|-16|-61|CG1259352|-18|-59|CG1259352|-18|-59|CG1259352|-18|-59|CG1259352|-18|-59|CG1259351|-16|-61|CG1259348|-14|-62|CG1259349|-14|-63|CG1259350|-14|-63|CG1259349|-14|-63|CG1259348|-14|-62|CG1259349|-14|-63|CG1259350|-14|-63|CG1259349|-14|-63
614|3|1|1000|6|CG1259364|-26|-58|CG1259365|-22|-62|CG1259366|-24|-61|CG1259367|-25|-59|CG1259368|-21|-63|CG1259369|-25|-60
614|3|2|600|5|CG1325525|-125|-117|CG1325526|-119|-165|CG1325527|-116|-175|CG1325528|-58|-136|CG1325529|-81|-129
614|3|3|510|6|CG1259312|-27|-60|CG1259313|-25|-58|CG1259314|-21|-60|CG1259315|-27|-62|CG1259316|-21|-60|CG1259317|-22|-60
614|3|4|
614|3|5|1496|23|CG1259304|-21|-59|CG1259304|-21|-59|CG1259304|-21|-59|CG1259305|3|-69|CG1259305|3|-69|CG1259306|26|-61|CG1259307|18|-62|CG1259308|24|-57|CG1259309|26|-56|CG1259310|19|-63|CG1259306|26|-61|CG1259307|18|-62|CG1259308|24|-57|CG1259309|26|-56|CG1259310|19|-63|CG1259306|26|-61|CG1259307|18|-62|CG1259308|24|-57|CG1259309|26|-56|CG1259310|19|-63|CG1259310|19|-63|CG1259311|-6|-68|CG1259304|-21|-59
614|3|6|2091|24|CG1259336|-20|-59|CG1259336|-20|-59|CG1259337|-26|-65|CG1259337|-26|-65|CG1259338|-39|-61|CG1259338|-39|-61|CG1259339|-27|-49|CG1259339|-27|-49|CG1259340|-29|-45|CG1259340|-29|-45|CG1259340|-29|-45|CG1259340|-29|-45|CG1259340|-29|-45|CG1259340|-29|-45|CG1259341|-29|-47|CG1259342|-38|-50|CG1259343|-45|-41|CG1259343|-45|-41|CG1259343|-45|-41|CG1259343|-45|-41|CG1259342|-38|-50|CG1259342|-38|-50|CG1259341|-29|-47|CG1259341|-29|-47
614|3|7|1088|13|CG1259353|-17|-62|CG1259353|-17|-62|CG1259354|-25|-58|CG1259354|-25|-58|CG1259355|-14|-64|CG1259355|-14|-64|CG1259356|-22|-77|CG1259357|-30|-77|CG1259358|-18|-84|CG1259359|-29|-77|CG1259359|-29|-77|CG1259360|-23|-58|CG1259360|-23|-58
614|3|8|1000|2|CG1259327|-14|-57|CG1259328|-56|-42
614|3|9|1000|1|CG1259333|-21|-52
614|3|10|1190|6|CG1259321|-15|-61|CG1259322|-20|-59|CG1259323|-8|-56|CG1259324|-10|-38|CG1259325|-11|-26|CG1259326|-12|-22
614|4|0|8000|40|CG1259416|-15|-63|CG1259417|-15|-63|CG1259418|-16|-63|CG1259417|-15|-63|CG1259416|-15|-63|CG1259419|-20|-63|CG1259420|-25|-63|CG1259420|-25|-63|CG1259420|-25|-63|CG1259420|-25|-63|CG1259419|-20|-63|CG1259416|-15|-63|CG1259417|-15|-63|CG1259418|-16|-63|CG1259417|-15|-63|CG1259416|-15|-63|CG1259417|-15|-63|CG1259418|-16|-63|CG1259417|-15|-63|CG1259416|-15|-63|CG1259419|-20|-63|CG1259420|-25|-63|CG1259420|-25|-63|CG1259420|-25|-63|CG1259419|-20|-63|CG1259416|-15|-63|CG1259419|-20|-63|CG1259420|-25|-63|CG1259420|-25|-63|CG1259420|-25|-63|CG1259420|-25|-63|CG1259419|-20|-63|CG1259416|-15|-63|CG1259417|-15|-63|CG1259418|-16|-63|CG1259417|-15|-63|CG1259416|-15|-63|CG1259417|-15|-63|CG1259418|-16|-63|CG1259417|-15|-63
614|4|1|1000|6|CG1259432|-30|-59|CG1259433|-28|-62|CG1259434|-30|-60|CG1259435|-30|-58|CG1259436|-28|-62|CG1259437|-30|-61
614|4|2|600|5|CG1325581|-118|-123|CG1325582|-92|-162|CG1325583|-82|-152|CG1325584|-98|-119|CG1325585|-112|-122
614|4|3|510|6|CG1259380|-29|-55|CG1259381|-30|-50|CG1259382|-25|-55|CG1259383|-23|-59|CG1259384|-20|-54|CG1259385|-32|-53
614|4|4|
614|4|5|1496|23|CG1259372|-27|-56|CG1259372|-27|-56|CG1259372|-27|-56|CG1259373|-12|-62|CG1259373|-12|-62|CG1259374|15|-46|CG1259375|15|-45|CG1259376|13|-43|CG1259377|9|-42|CG1259378|3|-43|CG1259374|15|-46|CG1259375|15|-45|CG1259376|13|-43|CG1259377|9|-42|CG1259378|3|-43|CG1259374|15|-46|CG1259375|15|-45|CG1259376|13|-43|CG1259377|9|-42|CG1259378|3|-43|CG1259378|3|-43|CG1259379|-17|-59|CG1259372|-27|-56
614|4|6|2091|24|CG1259404|-30|-57|CG1259404|-30|-57|CG1259405|-38|-67|CG1259405|-38|-67|CG1259406|-31|-63|CG1259406|-31|-63|CG1259407|-21|-53|CG1259407|-21|-53|CG1259408|-22|-43|CG1259408|-22|-43|CG1259408|-22|-43|CG1259408|-22|-43|CG1259408|-22|-43|CG1259408|-22|-43|CG1259409|-27|-54|CG1259410|-35|-54|CG1259411|-47|-51|CG1259411|-47|-51|CG1259411|-47|-51|CG1259411|-47|-51|CG1259410|-35|-54|CG1259410|-35|-54|CG1259409|-27|-54|CG1259409|-27|-54
614|4|7|1088|13|CG1259421|-25|-60|CG1259421|-25|-60|CG1259422|-30|-50|CG1259422|-30|-50|CG1259423|-21|-64|CG1259423|-21|-64|CG1259424|-27|-77|CG1259425|-34|-79|CG1259426|-14|-81|CG1259427|-23|-70|CG1259427|-23|-70|CG1259428|-21|-55|CG1259428|-21|-55
614|4|8|1000|2|CG1259395|-13|-52|CG1259396|-45|-50
614|4|9|1000|1|CG1259401|-19|-52
614|4|10|1190|6|CG1259389|-29|-63|CG1259390|-32|-60|CG1259391|-15|-50|CG1259392|-15|-24|CG1259393|-16|-19|CG1259394|-16|-17
614|5|0|8000|40|CG1259484|-20|-60|CG1259485|-20|-60|CG1259486|-20|-60|CG1259485|-20|-60|CG1259484|-20|-60|CG1259487|-23|-61|CG1259488|-25|-61|CG1259488|-25|-61|CG1259488|-25|-61|CG1259488|-25|-61|CG1259487|-23|-61|CG1259484|-20|-60|CG1259485|-20|-60|CG1259486|-20|-60|CG1259485|-20|-60|CG1259484|-20|-60|CG1259485|-20|-60|CG1259486|-20|-60|CG1259485|-20|-60|CG1259484|-20|-60|CG1259487|-23|-61|CG1259488|-25|-61|CG1259488|-25|-61|CG1259488|-25|-61|CG1259487|-23|-61|CG1259484|-20|-60|CG1259487|-23|-61|CG1259488|-25|-61|CG1259488|-25|-61|CG1259488|-25|-61|CG1259488|-25|-61|CG1259487|-23|-61|CG1259484|-20|-60|CG1259485|-20|-60|CG1259486|-20|-60|CG1259485|-20|-60|CG1259484|-20|-60|CG1259485|-20|-60|CG1259486|-20|-60|CG1259485|-20|-60
614|5|1|1000|6|CG1259500|-22|-57|CG1259501|-22|-60|CG1259502|-23|-58|CG1259503|-24|-57|CG1259504|-23|-59|CG1259505|-22|-58
614|5|2|600|5|CG1325637|-87|-102|CG1325638|-101|-134|CG1325639|-81|-118|CG1325640|-146|-102|CG1325641|-132|-115
614|5|3|510|6|CG1259448|-23|-56|CG1259449|-25|-50|CG1259450|-33|-50|CG1259451|-27|-56|CG1259452|-33|-49|CG1259453|-29|-50
614|5|4|
614|5|5|1496|23|CG1259440|-23|-51|CG1259440|-23|-51|CG1259440|-23|-51|CG1259441|-28|-56|CG1259441|-28|-56|CG1259442|-18|-38|CG1259443|-20|-35|CG1259444|-28|-36|CG1259445|-29|-38|CG1259446|-20|-35|CG1259442|-18|-38|CG1259443|-20|-35|CG1259444|-28|-36|CG1259445|-29|-38|CG1259446|-20|-35|CG1259442|-18|-38|CG1259443|-20|-35|CG1259444|-28|-36|CG1259445|-29|-38|CG1259446|-20|-35|CG1259446|-20|-35|CG1259447|-25|-51|CG1259440|-23|-51
614|5|6|2091|24|CG1259472|-27|-53|CG1259472|-27|-53|CG1259473|-29|-64|CG1259473|-29|-64|CG1259474|-31|-60|CG1259474|-31|-60|CG1259475|-21|-51|CG1259475|-21|-51|CG1259476|-21|-40|CG1259476|-21|-40|CG1259476|-21|-40|CG1259476|-21|-40|CG1259476|-21|-40|CG1259476|-21|-40|CG1259477|-20|-54|CG1259478|-20|-55|CG1259479|-29|-55|CG1259479|-29|-55|CG1259479|-29|-55|CG1259479|-29|-55|CG1259478|-20|-55|CG1259478|-20|-55|CG1259477|-20|-54|CG1259477|-20|-54
614|5|7|1088|13|CG1259489|-24|-57|CG1259489|-24|-57|CG1259490|-22|-51|CG1259490|-22|-51|CG1259491|-22|-63|CG1259491|-22|-63|CG1259492|-23|-77|CG1259493|-21|-80|CG1259494|-20|-79|CG1259495|-20|-62|CG1259495|-20|-62|CG1259496|-22|-51|CG1259496|-22|-51
614|5|8|1000|2|CG1259463|-21|-45|CG1259464|-25|-56
614|5|9|1000|1|CG1259469|-19|-49
614|5|10|1190|6|CG1259457|-33|-60|CG1259458|-31|-57|CG1259459|-25|-44|CG1259460|-28|-20|CG1259461|-27|-15|CG1259462|-27|-15
614|6|0|8000|40|CG1259552|-19|-63|CG1259553|-18|-63|CG1259554|-17|-63|CG1259553|-18|-63|CG1259552|-19|-63|CG1259555|-18|-63|CG1259556|-16|-63|CG1259556|-16|-63|CG1259556|-16|-63|CG1259556|-16|-63|CG1259555|-18|-63|CG1259552|-19|-63|CG1259553|-18|-63|CG1259554|-17|-63|CG1259553|-18|-63|CG1259552|-19|-63|CG1259553|-18|-63|CG1259554|-17|-63|CG1259553|-18|-63|CG1259552|-19|-63|CG1259555|-18|-63|CG1259556|-16|-63|CG1259556|-16|-63|CG1259556|-16|-63|CG1259555|-18|-63|CG1259552|-19|-63|CG1259555|-18|-63|CG1259556|-16|-63|CG1259556|-16|-63|CG1259556|-16|-63|CG1259556|-16|-63|CG1259555|-18|-63|CG1259552|-19|-63|CG1259553|-18|-63|CG1259554|-17|-63|CG1259553|-18|-63|CG1259552|-19|-63|CG1259553|-18|-63|CG1259554|-17|-63|CG1259553|-18|-63
614|6|1|1000|6|CG1259568|-23|-58|CG1259569|-16|-62|CG1259570|-15|-61|CG1259571|-16|-59|CG1259572|-15|-62|CG1259573|-17|-60
614|6|2|600|5|CG1325693|-56|-115|CG1325694|-66|-158|CG1325695|-93|-143|CG1325696|-109|-126|CG1325697|-81|-115
614|6|3|510|6|CG1259516|-23|-59|CG1259517|-23|-54|CG1259518|-26|-53|CG1259519|-35|-54|CG1259520|-30|-50|CG1259521|-21|-55
614|6|4|
614|6|5|1496|23|CG1259508|-19|-56|CG1259508|-19|-56|CG1259508|-19|-56|CG1259509|-33|-63|CG1259509|-33|-63|CG1259510|-47|-43|CG1259511|-63|-44|CG1259512|-58|-45|CG1259513|-57|-46|CG1259514|-52|-45|CG1259510|-47|-43|CG1259511|-63|-44|CG1259512|-58|-45|CG1259513|-57|-46|CG1259514|-52|-45|CG1259510|-47|-43|CG1259511|-63|-44|CG1259512|-58|-45|CG1259513|-57|-46|CG1259514|-52|-45|CG1259514|-52|-45|CG1259515|-40|-58|CG1259508|-19|-56
614|6|6|2091|24|CG1259540|-18|-57|CG1259540|-18|-57|CG1259541|-26|-67|CG1259541|-26|-67|CG1259542|-19|-63|CG1259542|-19|-63|CG1259543|-18|-53|CG1259543|-18|-53|CG1259544|-18|-43|CG1259544|-18|-43|CG1259544|-18|-43|CG1259544|-18|-43|CG1259544|-18|-43|CG1259544|-18|-43|CG1259545|-19|-54|CG1259546|-19|-54|CG1259547|-19|-51|CG1259547|-19|-51|CG1259547|-19|-51|CG1259547|-19|-51|CG1259546|-19|-54|CG1259546|-19|-54|CG1259545|-19|-54|CG1259545|-19|-54
614|6|7|1088|13|CG1259557|-16|-60|CG1259557|-16|-60|CG1259558|-22|-55|CG1259558|-22|-55|CG1259559|-19|-64|CG1259559|-19|-64|CG1259560|-16|-76|CG1259561|-21|-79|CG1259562|-29|-81|CG1259563|-25|-63|CG1259563|-25|-63|CG1259564|-24|-55|CG1259564|-24|-55
614|6|8|1000|2|CG1259531|-24|-49|CG1259532|-15|-50
614|6|9|1000|1|CG1259537|-21|-51
614|6|10|1190|6|CG1259525|-22|-63|CG1259526|-16|-60|CG1259527|-26|-50|CG1259528|-49|-23|CG1259529|-62|-19|CG1259530|-65|-18
614|7|0|8000|40|CG1259620|-18|-62|CG1259621|-18|-63|CG1259622|-18|-63|CG1259621|-18|-63|CG1259620|-18|-62|CG1259623|-19|-61|CG1259624|-18|-59|CG1259624|-18|-59|CG1259624|-18|-59|CG1259624|-18|-59|CG1259623|-19|-61|CG1259620|-18|-62|CG1259621|-18|-63|CG1259622|-18|-63|CG1259621|-18|-63|CG1259620|-18|-62|CG1259621|-18|-63|CG1259622|-18|-63|CG1259621|-18|-63|CG1259620|-18|-62|CG1259623|-19|-61|CG1259624|-18|-59|CG1259624|-18|-59|CG1259624|-18|-59|CG1259623|-19|-61|CG1259620|-18|-62|CG1259623|-19|-61|CG1259624|-18|-59|CG1259624|-18|-59|CG1259624|-18|-59|CG1259624|-18|-59|CG1259623|-19|-61|CG1259620|-18|-62|CG1259621|-18|-63|CG1259622|-18|-63|CG1259621|-18|-63|CG1259620|-18|-62|CG1259621|-18|-63|CG1259622|-18|-63|CG1259621|-18|-63
614|7|1|1000|6|CG1259636|-25|-59|CG1259637|-17|-63|CG1259638|-16|-60|CG1259639|-25|-58|CG1259640|-17|-62|CG1259641|-16|-61
614|7|2|600|5|CG1325749|-65|-111|CG1325750|-73|-164|CG1325751|-68|-170|CG1325752|-60|-150|CG1325753|-60|-127
614|7|3|510|6|CG1259584|-27|-61|CG1259585|-27|-59|CG1259586|-24|-59|CG1259587|-26|-60|CG1259588|-27|-58|CG1259589|-24|-60
614|7|4|
614|7|5|1496|23|CG1259576|-22|-59|CG1259576|-22|-59|CG1259576|-22|-59|CG1259577|-40|-70|CG1259577|-40|-70|CG1259578|-63|-58|CG1259579|-74|-64|CG1259580|-65|-62|CG1259581|-62|-62|CG1259582|-75|-63|CG1259578|-63|-58|CG1259579|-74|-64|CG1259580|-65|-62|CG1259581|-62|-62|CG1259582|-75|-63|CG1259578|-63|-58|CG1259579|-74|-64|CG1259580|-65|-62|CG1259581|-62|-62|CG1259582|-75|-63|CG1259582|-75|-63|CG1259583|-42|-67|CG1259576|-22|-59
614|7|6|2091|24|CG1259608|-19|-59|CG1259608|-19|-59|CG1259609|-22|-65|CG1259609|-22|-65|CG1259610|-14|-61|CG1259610|-14|-61|CG1259611|-11|-49|CG1259611|-11|-49|CG1259612|-14|-45|CG1259612|-14|-45|CG1259612|-14|-45|CG1259612|-14|-45|CG1259612|-14|-45|CG1259612|-14|-45|CG1259613|-12|-47|CG1259614|-11|-49|CG1259615|-10|-41|CG1259615|-10|-41|CG1259615|-10|-41|CG1259615|-10|-41|CG1259614|-11|-49|CG1259614|-11|-49|CG1259613|-12|-47|CG1259613|-12|-47
614|7|7|1088|13|CG1259625|-19|-61|CG1259625|-19|-61|CG1259626|-27|-59|CG1259626|-27|-59|CG1259627|-33|-64|CG1259627|-33|-64|CG1259628|-22|-74|CG1259629|-30|-74|CG1259630|-24|-82|CG1259631|-33|-71|CG1259631|-33|-71|CG1259632|-22|-58|CG1259632|-22|-58
614|7|8|1000|2|CG1259599|-25|-56|CG1259600|-12|-37
614|7|9|1000|1|CG1259605|-19|-53
614|7|10|1190|6|CG1259593|-14|-61|CG1259594|-17|-59|CG1259595|-28|-56|CG1259596|-57|-38|CG1259597|-73|-25|CG1259598|-78|-22
