644|0|0|1496|9|CG1271726|-13|-77|CG1271726|-13|-77|CG1271727|-13|-77|CG1271727|-13|-77|CG1271728|-13|-77|CG1271728|-13|-77|CG1271728|-13|-77|CG1271727|-13|-77|CG1271727|-13|-77
644|0|1|1000|6|CG1271738|-22|-76|CG1271739|-18|-77|CG1271740|-19|-77|CG1271741|-22|-76|CG1271742|-24|-77|CG1271743|-19|-77
644|0|2|600|5|CG1325357|-54|-113|CG1325358|-66|-144|CG1325359|-95|-176|CG1325360|-103|-137|CG1325361|-78|-106
644|0|3|600|12|CG1271690|-25|-79|CG1271691|-23|-82|CG1271691|-23|-82|CG1271692|-19|-83|CG1271692|-19|-83|CG1271693|-28|-81|CG1271694|-35|-79|CG1271695|-36|-84|CG1271695|-36|-84|CG1271696|-33|-83|CG1271696|-33|-83|CG1271697|-34|-81
644|0|4|
644|0|5|1190|20|CG1271684|-28|-69|CG1271684|-28|-69|CG1271685|-15|-64|CG1271685|-15|-64|CG1271685|-15|-64|CG1271685|-15|-64|CG1271685|-15|-64|CG1271685|-15|-64|CG1271685|-15|-64|CG1271686|-26|-92|CG1271686|-26|-92|CG1271687|-29|-92|CG1271687|-29|-92|CG1271688|-29|-84|CG1271688|-29|-84|CG1271688|-29|-84|CG1271689|-21|-81|CG1271689|-21|-81|CG1271689|-21|-81|CG1271689|-21|-81
644|0|6|2689|25|CG1271716|-19|-78|CG1271717|-19|-78|CG1271718|-19|-78|CG1271716|-19|-78|CG1271717|-19|-78|CG1271718|-19|-78|CG1271716|-19|-78|CG1271717|-19|-78|CG1271718|-19|-78|CG1271716|-19|-78|CG1271717|-19|-78|CG1271718|-19|-78|CG1271716|-19|-78|CG1271717|-19|-78|CG1271718|-19|-78|CG1271716|-19|-78|CG1271717|-19|-78|CG1271718|-19|-78|CG1271716|-19|-78|CG1271719|-29|-78|CG1271719|-29|-78|CG1271720|-16|-79|CG1271720|-16|-79|CG1271721|-16|-78|CG1271721|-16|-78
644|0|7|799|12|CG1271729|-23|-78|CG1271729|-23|-78|CG1271730|-16|-79|CG1271730|-16|-79|CG1271730|-16|-79|CG1271731|-21|-78|CG1271732|-27|-76|CG1271733|-20|-76|CG1271733|-20|-76|CG1271733|-20|-76|CG1271734|-21|-77|CG1271734|-21|-77
644|0|8|1000|2|CG1271707|-28|-70|CG1271708|-26|-62
644|0|9|1000|1|CG1271713|-26|-80
644|0|10|986|6|CG1271701|-33|-63|CG1271702|-52|-63|CG1271703|-51|-55|CG1271704|-65|-47|CG1271705|-67|-47|CG1271706|-68|-46
644|1|0|1496|9|CG1271788|-17|-76|CG1271788|-17|-76|CG1271789|-18|-76|CG1271789|-18|-76|CG1271790|-18|-76|CG1271790|-18|-76|CG1271790|-18|-76|CG1271789|-18|-76|CG1271789|-18|-76
644|1|1|1000|6|CG1271800|-21|-76|CG1271801|-20|-76|CG1271802|-19|-77|CG1271803|-18|-76|CG1271804|-18|-76|CG1271805|-21|-77
644|1|2|600|5|CG1325413|-100|-113|CG1325414|-102|-107|CG1325415|-90|-159|CG1325416|-142|-98|CG1325417|-131|-103
644|1|3|600|12|CG1271752|-34|-79|CG1271753|-28|-83|CG1271753|-28|-83|CG1271754|-31|-83|CG1271754|-31|-83|CG1271755|-33|-81|CG1271756|-20|-79|CG1271757|-16|-83|CG1271757|-16|-83|CG1271758|-17|-83|CG1271758|-17|-83|CG1271759|-25|-81
644|1|4|
644|1|5|1190|20|CG1271746|-27|-69|CG1271746|-27|-69|CG1271747|-22|-64|CG1271747|-22|-64|CG1271747|-22|-64|CG1271747|-22|-64|CG1271747|-22|-64|CG1271747|-22|-64|CG1271747|-22|-64|CG1271748|-29|-92|CG1271748|-29|-92|CG1271749|-30|-93|CG1271749|-30|-93|CG1271750|-27|-86|CG1271750|-27|-86|CG1271750|-27|-86|CG1271751|-29|-82|CG1271751|-29|-82|CG1271751|-29|-82|CG1271751|-29|-82
644|1|6|2689|25|CG1271778|-17|-77|CG1271779|-17|-77|CG1271780|-17|-77|CG1271778|-17|-77|CG1271779|-17|-77|CG1271780|-17|-77|CG1271778|-17|-77|CG1271779|-17|-77|CG1271780|-17|-77|CG1271778|-17|-77|CG1271779|-17|-77|CG1271780|-17|-77|CG1271778|-17|-77|CG1271779|-17|-77|CG1271780|-17|-77|CG1271778|-17|-77|CG1271779|-17|-77|CG1271780|-17|-77|CG1271778|-17|-77|CG1271781|-23|-76|CG1271781|-23|-76|CG1271782|-14|-77|CG1271782|-14|-77|CG1271783|-14|-76|CG1271783|-14|-76
644|1|7|799|12|CG1271791|-17|-77|CG1271791|-17|-77|CG1271792|-20|-78|CG1271792|-20|-78|CG1271792|-20|-78|CG1271793|-16|-77|CG1271794|-20|-75|CG1271795|-17|-76|CG1271795|-17|-76|CG1271795|-17|-76|CG1271796|-17|-77|CG1271796|-17|-77
644|1|8|1000|2|CG1271769|-23|-75|CG1271770|-20|-60
644|1|9|1000|1|CG1271775|-15|-79
644|1|10|986|6|CG1271763|-30|-64|CG1271764|-25|-70|CG1271765|-32|-66|CG1271766|-34|-62|CG1271767|-36|-60|CG1271768|-37|-57
644|2|0|1496|9|CG1271850|-22|-76|CG1271850|-22|-76|CG1271851|-22|-76|CG1271851|-22|-76|CG1271852|-22|-76|CG1271852|-22|-76|CG1271852|-22|-76|CG1271851|-22|-76|CG1271851|-22|-76
644|2|1|1000|6|CG1271862|-21|-76|CG1271863|-19|-77|CG1271864|-16|-77|CG1271865|-17|-76|CG1271866|-17|-77|CG1271867|-16|-77
644|2|2|600|5|CG1325469|-119|-113|CG1325470|-90|-142|CG1325471|-82|-174|CG1325472|-99|-116|CG1325473|-109|-103
644|2|3|600|12|CG1271814|-30|-79|CG1271815|-39|-84|CG1271815|-39|-84|CG1271816|-36|-83|CG1271816|-36|-83|CG1271817|-31|-81|CG1271818|-30|-79|CG1271819|-34|-82|CG1271819|-34|-82|CG1271820|-30|-83|CG1271820|-30|-83|CG1271821|-32|-81
644|2|4|
644|2|5|1190|20|CG1271808|-33|-70|CG1271808|-33|-70|CG1271809|-34|-65|CG1271809|-34|-65|CG1271809|-34|-65|CG1271809|-34|-65|CG1271809|-34|-65|CG1271809|-34|-65|CG1271809|-34|-65|CG1271810|-23|-85|CG1271810|-23|-85|CG1271811|-21|-87|CG1271811|-21|-87|CG1271812|-18|-85|CG1271812|-18|-85|CG1271812|-18|-85|CG1271813|-23|-81|CG1271813|-23|-81|CG1271813|-23|-81|CG1271813|-23|-81
644|2|6|2689|25|CG1271840|-28|-76|CG1271841|-28|-76|CG1271842|-28|-76|CG1271840|-28|-76|CG1271841|-28|-76|CG1271842|-28|-76|CG1271840|-28|-76|CG1271841|-28|-76|CG1271842|-28|-76|CG1271840|-28|-76|CG1271841|-28|-76|CG1271842|-28|-76|CG1271840|-28|-76|CG1271841|-28|-76|CG1271842|-28|-76|CG1271840|-28|-76|CG1271841|-28|-76|CG1271842|-28|-76|CG1271840|-28|-76|CG1271843|-26|-75|CG1271843|-26|-75|CG1271844|-25|-76|CG1271844|-25|-76|CG1271845|-25|-76|CG1271845|-25|-76
644|2|7|799|12|CG1271853|-22|-76|CG1271853|-22|-76|CG1271854|-23|-76|CG1271854|-23|-76|CG1271854|-23|-76|CG1271855|-23|-75|CG1271856|-25|-76|CG1271857|-28|-76|CG1271857|-28|-76|CG1271857|-28|-76|CG1271858|-25|-77|CG1271858|-25|-77
644|2|8|1000|2|CG1271831|-23|-75|CG1271832|-28|-58
644|2|9|1000|1|CG1271837|-22|-79
644|2|10|986|6|CG1271825|-25|-65|CG1271826|-15|-70|CG1271827|-13|-68|CG1271828|-14|-62|CG1271829|-14|-57|CG1271830|-13|-49
644|3|0|1496|9|CG1271912|-18|-77|CG1271912|-18|-77|CG1271913|-17|-76|CG1271913|-17|-76|CG1271914|-16|-76|CG1271914|-16|-76|CG1271914|-16|-76|CG1271913|-17|-76|CG1271913|-17|-76
644|3|1|1000|6|CG1271924|-19|-77|CG1271925|-18|-77|CG1271926|-17|-78|CG1271927|-18|-77|CG1271928|-18|-77|CG1271929|-15|-78
644|3|2|600|5|CG1325525|-125|-117|CG1325526|-119|-165|CG1325527|-116|-175|CG1325528|-58|-136|CG1325529|-81|-129
644|3|3|600|12|CG1271876|-36|-77|CG1271877|-40|-82|CG1271877|-40|-82|CG1271878|-37|-82|CG1271878|-37|-82|CG1271879|-38|-80|CG1271880|-36|-77|CG1271881|-39|-80|CG1271881|-39|-80|CG1271882|-37|-81|CG1271882|-37|-81|CG1271883|-39|-80
644|3|4|
644|3|5|1190|20|CG1271870|-38|-70|CG1271870|-38|-70|CG1271871|-44|-65|CG1271871|-44|-65|CG1271871|-44|-65|CG1271871|-44|-65|CG1271871|-44|-65|CG1271871|-44|-65|CG1271871|-44|-65|CG1271872|-15|-83|CG1271872|-15|-83|CG1271873|-26|-84|CG1271873|-26|-84|CG1271874|-22|-81|CG1271874|-22|-81|CG1271874|-22|-81|CG1271875|-20|-79|CG1271875|-20|-79|CG1271875|-20|-79|CG1271875|-20|-79
644|3|6|2689|25|CG1271902|-25|-76|CG1271903|-25|-76|CG1271904|-25|-76|CG1271902|-25|-76|CG1271903|-25|-76|CG1271904|-25|-76|CG1271902|-25|-76|CG1271903|-25|-76|CG1271904|-25|-76|CG1271902|-25|-76|CG1271903|-25|-76|CG1271904|-25|-76|CG1271902|-25|-76|CG1271903|-25|-76|CG1271904|-25|-76|CG1271902|-25|-76|CG1271903|-25|-76|CG1271904|-25|-76|CG1271902|-25|-76|CG1271905|-27|-75|CG1271905|-27|-75|CG1271906|-33|-76|CG1271906|-33|-76|CG1271907|-24|-76|CG1271907|-24|-76
644|3|7|799|12|CG1271915|-17|-76|CG1271915|-17|-76|CG1271916|-18|-74|CG1271916|-18|-74|CG1271916|-18|-74|CG1271917|-19|-74|CG1271918|-23|-76|CG1271919|-27|-76|CG1271919|-27|-76|CG1271919|-27|-76|CG1271920|-24|-77|CG1271920|-24|-77
644|3|8|1000|2|CG1271893|-21|-73|CG1271894|-38|-66
644|3|9|1000|1|CG1271899|-26|-78
644|3|10|986|6|CG1271887|-24|-63|CG1271888|-10|-63|CG1271889|-8|-59|CG1271890|-15|-47|CG1271891|-14|-46|CG1271892|-13|-31
644|4|0|1496|9|CG1271974|-19|-78|CG1271974|-19|-78|CG1271975|-19|-78|CG1271975|-19|-78|CG1271976|-18|-78|CG1271976|-18|-78|CG1271976|-18|-78|CG1271975|-19|-78|CG1271975|-19|-78
644|4|1|1000|6|CG1271986|-17|-78|CG1271987|-16|-78|CG1271988|-16|-79|CG1271989|-21|-78|CG1271990|-19|-78|CG1271991|-16|-78
644|4|2|600|5|CG1325581|-118|-123|CG1325582|-92|-162|CG1325583|-82|-152|CG1325584|-98|-119|CG1325585|-112|-122
644|4|3|600|12|CG1271938|-28|-76|CG1271939|-32|-80|CG1271939|-32|-80|CG1271940|-29|-81|CG1271940|-29|-81|CG1271941|-30|-79|CG1271942|-29|-75|CG1271943|-38|-79|CG1271943|-38|-79|CG1271944|-36|-80|CG1271944|-36|-80|CG1271945|-30|-79
644|4|4|
644|4|5|1190|20|CG1271932|-24|-70|CG1271932|-24|-70|CG1271933|-31|-65|CG1271933|-31|-65|CG1271933|-31|-65|CG1271933|-31|-65|CG1271933|-31|-65|CG1271933|-31|-65|CG1271933|-31|-65|CG1271934|-18|-79|CG1271934|-18|-79|CG1271935|-22|-79|CG1271935|-22|-79|CG1271936|-21|-77|CG1271936|-21|-77|CG1271936|-21|-77|CG1271937|-20|-77|CG1271937|-20|-77|CG1271937|-20|-77|CG1271937|-20|-77
644|4|6|2689|25|CG1271964|-32|-76|CG1271965|-21|-76|CG1271966|-29|-76|CG1271964|-32|-76|CG1271965|-21|-76|CG1271966|-29|-76|CG1271964|-32|-76|CG1271965|-21|-76|CG1271966|-29|-76|CG1271964|-32|-76|CG1271965|-21|-76|CG1271966|-29|-76|CG1271964|-32|-76|CG1271965|-21|-76|CG1271966|-29|-76|CG1271964|-32|-76|CG1271965|-21|-76|CG1271966|-29|-76|CG1271964|-32|-76|CG1271967|-30|-76|CG1271967|-30|-76|CG1271968|-36|-77|CG1271968|-36|-77|CG1271969|-27|-77|CG1271969|-27|-77
644|4|7|799|12|CG1271977|-19|-76|CG1271977|-19|-76|CG1271978|-17|-74|CG1271978|-17|-74|CG1271978|-17|-74|CG1271979|-22|-74|CG1271980|-24|-77|CG1271981|-21|-77|CG1271981|-21|-77|CG1271981|-21|-77|CG1271982|-18|-78|CG1271982|-18|-78
644|4|8|1000|2|CG1271955|-18|-67|CG1271956|-34|-74
644|4|9|1000|1|CG1271961|-26|-79
644|4|10|986|6|CG1271949|-24|-62|CG1271950|-7|-56|CG1271951|-11|-46|CG1271952|-15|-31|CG1271953|-13|-31|CG1271954|-11|-15
644|5|0|1496|9|CG1272036|-20|-79|CG1272036|-20|-79|CG1272037|-20|-79|CG1272037|-20|-79|CG1272038|-20|-79|CG1272038|-20|-79|CG1272038|-20|-79|CG1272037|-20|-79|CG1272037|-20|-79
644|5|1|1000|6|CG1272048|-18|-78|CG1272049|-18|-78|CG1272050|-21|-79|CG1272051|-21|-78|CG1272052|-20|-78|CG1272053|-19|-79
644|5|2|600|5|CG1325637|-87|-102|CG1325638|-101|-134|CG1325639|-81|-118|CG1325640|-146|-102|CG1325641|-132|-115
644|5|3|600|12|CG1272000|-21|-75|CG1272001|-21|-78|CG1272001|-21|-78|CG1272002|-22|-79|CG1272002|-22|-79|CG1272003|-26|-79|CG1272004|-34|-75|CG1272005|-27|-78|CG1272005|-27|-78|CG1272006|-29|-79|CG1272006|-29|-79|CG1272007|-33|-79
644|5|4|
644|5|5|1190|20|CG1271994|-17|-70|CG1271994|-17|-70|CG1271995|-16|-65|CG1271995|-16|-65|CG1271995|-16|-65|CG1271995|-16|-65|CG1271995|-16|-65|CG1271995|-16|-65|CG1271995|-16|-65|CG1271996|-17|-76|CG1271996|-17|-76|CG1271997|-17|-76|CG1271997|-17|-76|CG1271998|-23|-74|CG1271998|-23|-74|CG1271998|-23|-74|CG1271999|-18|-76|CG1271999|-18|-76|CG1271999|-18|-76|CG1271999|-18|-76
644|5|6|2689|25|CG1272026|-30|-77|CG1272027|-23|-77|CG1272028|-28|-77|CG1272026|-30|-77|CG1272027|-23|-77|CG1272028|-28|-77|CG1272026|-30|-77|CG1272027|-23|-77|CG1272028|-28|-77|CG1272026|-30|-77|CG1272027|-23|-77|CG1272028|-28|-77|CG1272026|-30|-77|CG1272027|-23|-77|CG1272028|-28|-77|CG1272026|-30|-77|CG1272027|-23|-77|CG1272028|-28|-77|CG1272026|-30|-77|CG1272029|-29|-77|CG1272029|-29|-77|CG1272030|-25|-78|CG1272030|-25|-78|CG1272031|-22|-78|CG1272031|-22|-78
644|5|7|799|12|CG1272039|-20|-77|CG1272039|-20|-77|CG1272040|-20|-75|CG1272040|-20|-75|CG1272040|-20|-75|CG1272041|-21|-75|CG1272042|-19|-77|CG1272043|-20|-77|CG1272043|-20|-77|CG1272043|-20|-77|CG1272044|-19|-78|CG1272044|-19|-78
644|5|8|1000|2|CG1272017|-24|-62|CG1272018|-22|-82
644|5|9|1000|1|CG1272023|-20|-79
644|5|10|986|6|CG1272011|-28|-60|CG1272012|-32|-49|CG1272013|-29|-34|CG1272014|-18|-23|CG1272015|-22|-14|CG1272016|-25|-13
644|6|0|1496|9|CG1272098|-25|-79|CG1272098|-25|-79|CG1272099|-25|-79|CG1272099|-25|-79|CG1272100|-25|-79|CG1272100|-25|-79|CG1272100|-25|-79|CG1272099|-25|-79|CG1272099|-25|-79
644|6|1|1000|6|CG1272110|-21|-78|CG1272111|-24|-78|CG1272112|-19|-78|CG1272113|-22|-78|CG1272114|-19|-78|CG1272115|-19|-78
644|6|2|600|5|CG1325693|-56|-115|CG1325694|-66|-158|CG1325695|-93|-143|CG1325696|-109|-126|CG1325697|-81|-115
644|6|3|600|12|CG1272062|-36|-75|CG1272063|-38|-78|CG1272063|-38|-78|CG1272064|-34|-80|CG1272064|-34|-80|CG1272065|-34|-79|CG1272066|-24|-76|CG1272067|-25|-80|CG1272067|-25|-80|CG1272068|-20|-81|CG1272068|-20|-81|CG1272069|-27|-79
644|6|4|
644|6|5|1190|20|CG1272056|-16|-69|CG1272056|-16|-69|CG1272057|-16|-64|CG1272057|-16|-64|CG1272057|-16|-64|CG1272057|-16|-64|CG1272057|-16|-64|CG1272057|-16|-64|CG1272057|-16|-64|CG1272058|-31|-74|CG1272058|-31|-74|CG1272059|-27|-77|CG1272059|-27|-77|CG1272060|-34|-74|CG1272060|-34|-74|CG1272060|-34|-74|CG1272061|-38|-77|CG1272061|-38|-77|CG1272061|-38|-77|CG1272061|-38|-77
644|6|6|2689|25|CG1272088|-20|-78|CG1272089|-20|-78|CG1272090|-20|-78|CG1272088|-20|-78|CG1272089|-20|-78|CG1272090|-20|-78|CG1272088|-20|-78|CG1272089|-20|-78|CG1272090|-20|-78|CG1272088|-20|-78|CG1272089|-20|-78|CG1272090|-20|-78|CG1272088|-20|-78|CG1272089|-20|-78|CG1272090|-20|-78|CG1272088|-20|-78|CG1272089|-20|-78|CG1272090|-20|-78|CG1272088|-20|-78|CG1272091|-17|-78|CG1272091|-17|-78|CG1272092|-44|-79|CG1272092|-44|-79|CG1272093|-40|-79|CG1272093|-40|-79
644|6|7|799|12|CG1272101|-20|-78|CG1272101|-20|-78|CG1272102|-22|-78|CG1272102|-22|-78|CG1272102|-22|-78|CG1272103|-20|-76|CG1272104|-20|-77|CG1272105|-41|-77|CG1272105|-41|-77|CG1272105|-41|-77|CG1272106|-32|-78|CG1272106|-32|-78
644|6|8|1000|2|CG1272079|-24|-61|CG1272080|-29|-78
644|6|9|1000|1|CG1272085|-34|-80
644|6|10|986|6|CG1272073|-38|-60|CG1272074|-42|-49|CG1272075|-42|-38|CG1272076|-51|-30|CG1272077|-52|-15|CG1272078|-59|-12
644|7|0|1496|9|CG1272160|-20|-78|CG1272160|-20|-78|CG1272161|-20|-78|CG1272161|-20|-78|CG1272162|-19|-78|CG1272162|-19|-78|CG1272162|-19|-78|CG1272161|-20|-78|CG1272161|-20|-78
644|7|1|1000|6|CG1272172|-25|-77|CG1272173|-20|-77|CG1272174|-14|-78|CG1272175|-25|-77|CG1272176|-20|-77|CG1272177|-14|-78
644|7|2|600|5|CG1325749|-65|-111|CG1325750|-73|-164|CG1325751|-68|-170|CG1325752|-60|-150|CG1325753|-60|-127
644|7|3|600|12|CG1272124|-31|-77|CG1272125|-41|-80|CG1272125|-41|-80|CG1272126|-35|-81|CG1272126|-35|-81|CG1272127|-24|-80|CG1272128|-32|-77|CG1272129|-42|-82|CG1272129|-42|-82|CG1272130|-36|-82|CG1272130|-36|-82|CG1272131|-25|-80
644|7|4|
644|7|5|1190|20|CG1272118|-18|-69|CG1272118|-18|-69|CG1272119|-18|-64|CG1272119|-18|-64|CG1272119|-18|-64|CG1272119|-18|-64|CG1272119|-18|-64|CG1272119|-18|-64|CG1272119|-18|-64|CG1272120|-31|-85|CG1272120|-31|-85|CG1272121|-28|-87|CG1272121|-28|-87|CG1272122|-38|-78|CG1272122|-38|-78|CG1272122|-38|-78|CG1272123|-39|-78|CG1272123|-39|-78|CG1272123|-39|-78|CG1272123|-39|-78
644|7|6|2689|25|CG1272150|-20|-79|CG1272151|-20|-79|CG1272152|-21|-79|CG1272150|-20|-79|CG1272151|-20|-79|CG1272152|-21|-79|CG1272150|-20|-79|CG1272151|-20|-79|CG1272152|-21|-79|CG1272150|-20|-79|CG1272151|-20|-79|CG1272152|-21|-79|CG1272150|-20|-79|CG1272151|-20|-79|CG1272152|-21|-79|CG1272150|-20|-79|CG1272151|-20|-79|CG1272152|-21|-79|CG1272150|-20|-79|CG1272153|-24|-78|CG1272153|-24|-78|CG1272154|-39|-79|CG1272154|-39|-79|CG1272155|-38|-79|CG1272155|-38|-79
644|7|7|799|12|CG1272163|-20|-79|CG1272163|-20|-79|CG1272164|-19|-79|CG1272164|-19|-79|CG1272164|-19|-79|CG1272165|-26|-78|CG1272166|-28|-76|CG1272167|-40|-77|CG1272167|-40|-77|CG1272167|-40|-77|CG1272168|-36|-78|CG1272168|-36|-78
644|7|8|1000|2|CG1272141|-27|-65|CG1272142|-36|-70
644|7|9|1000|1|CG1272147|-39|-80
644|7|10|986|6|CG1272135|-29|-62|CG1272136|-52|-55|CG1272137|-59|-46|CG1272138|-67|-41|CG1272139|-77|-25|CG1272140|-81|-24
