588|0|0|1088|6|CG1247637|-53|-75|CG1247638|-55|-74|CG1247639|-56|-74|CG1247640|-54|-74|CG1247641|-53|-74|CG1247642|-53|-74
588|0|1|1000|6|CG1247645|-31|-71|CG1247646|-28|-71|CG1247647|-25|-71|CG1247648|-22|-70|CG1247649|-21|-71|CG1247650|-25|-72
588|0|2|600|5|CG1325357|-54|-113|CG1325358|-66|-144|CG1325359|-95|-176|CG1325360|-103|-137|CG1325361|-78|-106
588|0|3|986|8|CG1247607|-26|-72|CG1247608|-23|-75|CG1247609|-23|-78|CG1247610|-23|-73|CG1247611|-15|-72|CG1247612|-16|-76|CG1247613|-15|-81|CG1247614|-14|-87
588|0|4|
588|0|5|1496|20|CG1247596|-21|-75|CG1247596|-21|-75|CG1247599|-22|-80|CG1247599|-22|-80|CG1247600|-46|-88|CG1247600|-46|-88|CG1247601|-49|-89|CG1247601|-49|-89|CG1247602|-58|-82|CG1247603|-35|-82|CG1247604|-33|-80|CG1247604|-33|-80|CG1247605|-16|-77|CG1247605|-16|-77|CG1247606|-20|-88|CG1247606|-20|-88|CG1247597|-16|-85|CG1247597|-16|-85|CG1247598|-15|-76|CG1247598|-15|-76
588|0|6|2397|18|CG1247628|-19|-75|CG1247629|-16|-71|CG1247630|-14|-78|CG1247631|-14|-82|CG1247632|-16|-90|CG1247633|-20|-85|CG1247628|-19|-75|CG1247629|-16|-71|CG1247630|-14|-78|CG1247631|-14|-82|CG1247632|-16|-90|CG1247633|-20|-85|CG1247628|-19|-75|CG1247629|-16|-71|CG1247630|-14|-78|CG1247631|-14|-82|CG1247632|-16|-90|CG1247633|-20|-85
588|0|7|1326|16|CG1248458|-15|-75|CG1248458|-15|-75|CG1248460|-17|-76|CG1248461|-16|-77|CG1248462|-20|-80|CG1248462|-20|-80|CG1248463|-29|-84|CG1248463|-29|-84|CG1248464|-36|-82|CG1248464|-36|-82|CG1248465|-25|-79|CG1248465|-25|-79|CG1248466|-15|-74|CG1248466|-15|-74|CG1248467|-16|-74|CG1248467|-16|-74
588|0|8|1000|2|CG1247623|-26|-69|CG1247624|-22|-52
588|0|9|1000|1|CG1247625|-22|-71
588|0|10|1000|6|CG1247617|-14|-84|CG1247618|-21|-92|CG1247619|-25|-92|CG1247620|-25|-93|CG1247621|-27|-64|CG1247622|-22|-49
588|1|0|1088|6|CG1247694|-29|-74|CG1247695|-29|-73|CG1247696|-28|-73|CG1247697|-24|-74|CG1247698|-23|-74|CG1247699|-25|-74
588|1|1|1000|6|CG1247702|-13|-70|CG1247703|-13|-71|CG1247704|-14|-71|CG1247705|-15|-70|CG1247706|-14|-71|CG1247707|-13|-71
588|1|2|600|5|CG1325413|-100|-113|CG1325414|-102|-107|CG1325415|-90|-159|CG1325416|-142|-98|CG1325417|-131|-103
588|1|3|986|8|CG1247664|-26|-73|CG1247665|-23|-75|CG1247666|-24|-77|CG1247667|-18|-73|CG1247668|-28|-73|CG1247669|-17|-75|CG1247670|-18|-77|CG1247671|-21|-73
588|1|4|
588|1|5|1496|20|CG1247653|-16|-76|CG1247653|-16|-76|CG1247656|-18|-82|CG1247656|-18|-82|CG1247657|-40|-89|CG1247657|-40|-89|CG1247658|-40|-90|CG1247658|-40|-90|CG1247659|-63|-93|CG1247660|-23|-80|CG1247661|-18|-79|CG1247661|-18|-79|CG1247662|-18|-77|CG1247662|-18|-77|CG1247663|-37|-79|CG1247663|-37|-79|CG1247654|-12|-78|CG1247654|-12|-78|CG1247655|-12|-75|CG1247655|-12|-75
588|1|6|2397|18|CG1247685|-34|-77|CG1247686|-33|-69|CG1247687|-19|-72|CG1247688|-20|-78|CG1247689|-23|-85|CG1247690|-29|-85|CG1247685|-34|-77|CG1247686|-33|-69|CG1247687|-19|-72|CG1247688|-20|-78|CG1247689|-23|-85|CG1247690|-29|-85|CG1247685|-34|-77|CG1247686|-33|-69|CG1247687|-19|-72|CG1247688|-20|-78|CG1247689|-23|-85|CG1247690|-29|-85
588|1|7|1326|16|CG1248533|-11|-75|CG1248533|-11|-75|CG1248535|-11|-75|CG1248536|-24|-75|CG1248537|-10|-79|CG1248537|-10|-79|CG1248538|-14|-84|CG1248538|-14|-84|CG1248539|-25|-83|CG1248539|-25|-83|CG1248540|-13|-79|CG1248540|-13|-79|CG1248541|-14|-72|CG1248541|-14|-72|CG1248542|-10|-73|CG1248542|-10|-73
588|1|8|1000|2|CG1247680|-12|-69|CG1247681|-17|-42
588|1|9|1000|1|CG1247682|-13|-73
588|1|10|1000|6|CG1247674|-13|-78|CG1247675|-16|-85|CG1247676|-16|-78|CG1247677|-20|-75|CG1247678|-22|-50|CG1247679|-24|-40
588|2|0|1088|6|CG1247751|-12|-73|CG1247752|-12|-72|CG1247753|-12|-72|CG1247754|-13|-72|CG1247755|-13|-72|CG1247756|-13|-72
588|2|1|1000|6|CG1247759|-16|-70|CG1247760|-18|-71|CG1247761|-23|-72|CG1247762|-25|-71|CG1247763|-25|-71|CG1247764|-20|-71
588|2|2|600|5|CG1325469|-119|-113|CG1325470|-90|-142|CG1325471|-82|-174|CG1325472|-99|-116|CG1325473|-109|-103
588|2|3|986|8|CG1247721|-25|-72|CG1247722|-29|-76|CG1247723|-33|-79|CG1247724|-28|-73|CG1247725|-27|-72|CG1247726|-30|-75|CG1247727|-34|-78|CG1247728|-32|-73
588|2|4|
588|2|5|1496|20|CG1247710|-13|-77|CG1247710|-13|-77|CG1247713|-32|-82|CG1247713|-32|-82|CG1247714|-13|-90|CG1247714|-13|-90|CG1247715|-19|-88|CG1247715|-19|-88|CG1247716|-39|-110|CG1247717|-23|-78|CG1247718|-18|-77|CG1247718|-18|-77|CG1247719|-33|-75|CG1247719|-33|-75|CG1247720|-37|-82|CG1247720|-37|-82|CG1247711|-34|-77|CG1247711|-34|-77|CG1247712|-24|-75|CG1247712|-24|-75
588|2|6|2397|18|CG1247742|-46|-72|CG1247743|-50|-70|CG1247744|-37|-73|CG1247745|-31|-74|CG1247746|-33|-73|CG1247747|-37|-79|CG1247742|-46|-72|CG1247743|-50|-70|CG1247744|-37|-73|CG1247745|-31|-74|CG1247746|-33|-73|CG1247747|-37|-79|CG1247742|-46|-72|CG1247743|-50|-70|CG1247744|-37|-73|CG1247745|-31|-74|CG1247746|-33|-73|CG1247747|-37|-79
588|2|7|1326|16|CG1248608|-10|-74|CG1248608|-10|-74|CG1248610|-12|-74|CG1248611|-20|-73|CG1248612|-8|-77|CG1248612|-8|-77|CG1248613|-9|-80|CG1248613|-9|-80|CG1248614|-12|-79|CG1248614|-12|-79|CG1248615|-8|-77|CG1248615|-8|-77|CG1248616|-14|-70|CG1248616|-14|-70|CG1248617|-10|-71|CG1248617|-10|-71
588|2|8|1000|2|CG1247737|-13|-66|CG1247738|-43|-42
588|2|9|1000|1|CG1247739|-32|-71
588|2|10|1000|6|CG1247731|-13|-65|CG1247732|-16|-73|CG1247733|-16|-64|CG1247734|-22|-48|CG1247735|-23|-32|CG1247736|-24|-19
588|3|0|1088|6|CG1247808|-14|-71|CG1247809|-14|-71|CG1247810|-15|-71|CG1247811|-15|-71|CG1247812|-15|-71|CG1247813|-15|-71
588|3|1|1000|6|CG1247816|-36|-71|CG1247817|-37|-72|CG1247818|-38|-73|CG1247819|-38|-72|CG1247820|-39|-72|CG1247821|-39|-72
588|3|2|600|5|CG1325525|-125|-117|CG1325526|-119|-165|CG1325527|-116|-175|CG1325528|-58|-136|CG1325529|-81|-129
588|3|3|986|8|CG1247778|-27|-73|CG1247779|-66|-78|CG1247780|-74|-82|CG1247781|-40|-75|CG1247782|-29|-73|CG1247783|-29|-77|CG1247784|-35|-80|CG1247785|-27|-75
588|3|4|
588|3|5|1496|20|CG1247767|-38|-76|CG1247767|-38|-76|CG1247770|-29|-85|CG1247770|-29|-85|CG1247771|-42|-87|CG1247771|-42|-87|CG1247772|-43|-94|CG1247772|-43|-94|CG1247773|-25|-114|CG1247774|-28|-80|CG1247775|-17|-75|CG1247775|-17|-75|CG1247776|-38|-74|CG1247776|-38|-74|CG1247777|-18|-92|CG1247777|-18|-92|CG1247768|-50|-75|CG1247768|-50|-75|CG1247769|-40|-73|CG1247769|-40|-73
588|3|6|2397|18|CG1247799|-68|-70|CG1247800|-59|-82|CG1247801|-59|-81|CG1247802|-63|-76|CG1247803|-63|-72|CG1247804|-66|-72|CG1247799|-68|-70|CG1247800|-59|-82|CG1247801|-59|-81|CG1247802|-63|-76|CG1247803|-63|-72|CG1247804|-66|-72|CG1247799|-68|-70|CG1247800|-59|-82|CG1247801|-59|-81|CG1247802|-63|-76|CG1247803|-63|-72|CG1247804|-66|-72
588|3|7|1326|16|CG1248683|-26|-71|CG1248683|-26|-71|CG1248685|-16|-72|CG1248686|-15|-72|CG1248687|-14|-74|CG1248687|-14|-74|CG1248688|-9|-74|CG1248688|-9|-74|CG1248689|-9|-73|CG1248689|-9|-73|CG1248690|-10|-72|CG1248690|-10|-72|CG1248691|-14|-68|CG1248691|-14|-68|CG1248692|-15|-69|CG1248692|-15|-69
588|3|8|1000|2|CG1247794|-40|-61|CG1247795|-59|-50
588|3|9|1000|1|CG1247796|-34|-70
588|3|10|1000|6|CG1247788|-28|-64|CG1247789|-18|-64|CG1247790|-17|-58|CG1247791|-16|-33|CG1247792|-16|-22|CG1247793|-19|-19
588|4|0|1088|6|CG1247865|-28|-71|CG1247866|-28|-71|CG1247867|-28|-71|CG1247868|-28|-71|CG1247869|-28|-71|CG1247870|-28|-71
588|4|1|1000|6|CG1247873|-37|-73|CG1247874|-36|-74|CG1247875|-32|-75|CG1247876|-31|-73|CG1247877|-32|-74|CG1247878|-37|-74
588|4|2|600|5|CG1325581|-118|-123|CG1325582|-92|-162|CG1325583|-82|-152|CG1325584|-98|-119|CG1325585|-112|-122
588|4|3|986|8|CG1247835|-59|-73|CG1247836|-81|-80|CG1247837|-79|-85|CG1247838|-77|-76|CG1247839|-59|-73|CG1247840|-52|-79|CG1247841|-48|-83|CG1247842|-49|-76
588|4|4|
588|4|5|1496|20|CG1247824|-43|-74|CG1247824|-43|-74|CG1247827|-40|-92|CG1247827|-40|-92|CG1247828|-50|-88|CG1247828|-50|-88|CG1247829|-43|-103|CG1247829|-43|-103|CG1247830|-24|-103|CG1247831|-33|-84|CG1247832|-53|-74|CG1247832|-53|-74|CG1247833|-64|-72|CG1247833|-64|-72|CG1247834|-39|-92|CG1247834|-39|-92|CG1247825|-39|-73|CG1247825|-39|-73|CG1247826|-34|-73|CG1247826|-34|-73
588|4|6|2397|18|CG1247856|-50|-82|CG1247857|-42|-96|CG1247858|-46|-98|CG1247859|-60|-76|CG1247860|-59|-71|CG1247861|-56|-74|CG1247856|-50|-82|CG1247857|-42|-96|CG1247858|-46|-98|CG1247859|-60|-76|CG1247860|-59|-71|CG1247861|-56|-74|CG1247856|-50|-82|CG1247857|-42|-96|CG1247858|-46|-98|CG1247859|-60|-76|CG1247860|-59|-71|CG1247861|-56|-74
588|4|7|1326|16|CG1248758|-30|-70|CG1248758|-30|-70|CG1248760|-21|-71|CG1248761|-17|-72|CG1248762|-20|-70|CG1248762|-20|-70|CG1248763|-15|-70|CG1248763|-15|-70|CG1248764|-18|-69|CG1248764|-18|-69|CG1248765|-20|-68|CG1248765|-20|-68|CG1248766|-22|-68|CG1248766|-22|-68|CG1248767|-18|-69|CG1248767|-18|-69
588|4|8|1000|2|CG1247851|-46|-58|CG1247852|-49|-63
588|4|9|1000|1|CG1247853|-19|-70
588|4|10|1000|6|CG1247845|-31|-64|CG1247846|-36|-63|CG1247847|-39|-64|CG1247848|-35|-33|CG1247849|-29|-20|CG1247850|-24|-17
588|5|0|1088|6|CG1247922|-28|-72|CG1247923|-28|-72|CG1247924|-28|-72|CG1247925|-26|-72|CG1247926|-26|-72|CG1247927|-28|-72
588|5|1|1000|6|CG1247930|-20|-73|CG1247931|-22|-74|CG1247932|-24|-75|CG1247933|-25|-73|CG1247934|-27|-74|CG1247935|-24|-75
588|5|2|600|5|CG1325637|-87|-102|CG1325638|-101|-134|CG1325639|-81|-118|CG1325640|-146|-102|CG1325641|-132|-115
588|5|3|986|8|CG1247892|-73|-74|CG1247893|-55|-80|CG1247894|-46|-85|CG1247895|-75|-76|CG1247896|-77|-74|CG1247897|-82|-80|CG1247898|-80|-85|CG1247899|-78|-76
588|5|4|
588|5|5|1496|20|CG1247881|-37|-77|CG1247881|-37|-77|CG1247884|-51|-91|CG1247884|-51|-91|CG1247885|-32|-97|CG1247885|-32|-97|CG1247886|-28|-111|CG1247886|-28|-111|CG1247887|-23|-90|CG1247888|-32|-84|CG1247889|-67|-75|CG1247889|-67|-75|CG1247890|-78|-73|CG1247890|-78|-73|CG1247891|-57|-83|CG1247891|-57|-83|CG1247882|-53|-72|CG1247882|-53|-72|CG1247883|-55|-73|CG1247883|-55|-73
588|5|6|2397|18|CG1247913|-15|-90|CG1247914|-23|-100|CG1247915|-28|-108|CG1247916|-33|-92|CG1247917|-33|-75|CG1247918|-20|-87|CG1247913|-15|-90|CG1247914|-23|-100|CG1247915|-28|-108|CG1247916|-33|-92|CG1247917|-33|-75|CG1247918|-20|-87|CG1247913|-15|-90|CG1247914|-23|-100|CG1247915|-28|-108|CG1247916|-33|-92|CG1247917|-33|-75|CG1247918|-20|-87
588|5|7|1326|16|CG1248833|-20|-70|CG1248833|-20|-70|CG1248835|-26|-72|CG1248836|-30|-73|CG1248837|-28|-71|CG1248837|-28|-71|CG1248838|-34|-70|CG1248838|-34|-70|CG1248839|-29|-68|CG1248839|-29|-68|CG1248840|-30|-67|CG1248840|-30|-67|CG1248841|-28|-69|CG1248841|-28|-69|CG1248842|-20|-70|CG1248842|-20|-70
588|5|8|1000|2|CG1247908|-27|-58|CG1247909|-57|-68
588|5|9|1000|1|CG1247910|-43|-69
588|5|10|1000|6|CG1247902|-43|-65|CG1247903|-43|-71|CG1247904|-54|-79|CG1247905|-71|-47|CG1247906|-76|-30|CG1247907|-63|-16
588|6|0|1088|6|CG1247979|-26|-73|CG1247980|-26|-73|CG1247981|-29|-73|CG1247982|-34|-73|CG1247983|-32|-73|CG1247984|-30|-73
588|6|1|1000|6|CG1247987|-50|-73|CG1247988|-52|-74|CG1247989|-52|-74|CG1247990|-51|-73|CG1247991|-51|-74|CG1247992|-51|-75
588|6|2|600|5|CG1325693|-56|-115|CG1325694|-66|-158|CG1325695|-93|-143|CG1325696|-109|-126|CG1325697|-81|-115
588|6|3|986|8|CG1247949|-49|-73|CG1247950|-23|-79|CG1247951|-18|-83|CG1247952|-38|-76|CG1247953|-55|-73|CG1247954|-67|-80|CG1247955|-71|-84|CG1247956|-67|-76
588|6|4|
588|6|5|1496|20|CG1247938|-47|-80|CG1247938|-47|-80|CG1247941|-40|-83|CG1247941|-40|-83|CG1247942|-30|-100|CG1247942|-30|-100|CG1247943|-27|-110|CG1247943|-27|-110|CG1247944|-31|-88|CG1247945|-69|-82|CG1247946|-50|-76|CG1247946|-50|-76|CG1247947|-51|-77|CG1247947|-51|-77|CG1247948|-42|-85|CG1247948|-42|-85|CG1247939|-58|-74|CG1247939|-58|-74|CG1247940|-63|-73|CG1247940|-63|-73
588|6|6|2397|18|CG1247970|-25|-85|CG1247971|-36|-89|CG1247972|-40|-105|CG1247973|-45|-94|CG1247974|-40|-78|CG1247975|-27|-86|CG1247970|-25|-85|CG1247971|-36|-89|CG1247972|-40|-105|CG1247973|-45|-94|CG1247974|-40|-78|CG1247975|-27|-86|CG1247970|-25|-85|CG1247971|-36|-89|CG1247972|-40|-105|CG1247973|-45|-94|CG1247974|-40|-78|CG1247975|-27|-86
588|6|7|1326|16|CG1248908|-22|-72|CG1248908|-22|-72|CG1248910|-21|-73|CG1248911|-36|-76|CG1248912|-31|-74|CG1248912|-31|-74|CG1248913|-45|-74|CG1248913|-45|-74|CG1248914|-37|-73|CG1248914|-37|-73|CG1248915|-30|-70|CG1248915|-30|-70|CG1248916|-28|-71|CG1248916|-28|-71|CG1248917|-25|-72|CG1248917|-25|-72
588|6|8|1000|2|CG1247965|-50|-61|CG1247966|-55|-61
588|6|9|1000|1|CG1247967|-58|-70
588|6|10|1000|6|CG1247959|-55|-67|CG1247960|-34|-83|CG1247961|-47|-92|CG1247962|-72|-74|CG1247963|-87|-47|CG1247964|-90|-27
588|7|0|1088|6|CG1248036|-54|-74|CG1248037|-56|-74|CG1248038|-59|-73|CG1248039|-62|-74|CG1248040|-59|-74|CG1248041|-58|-74
588|7|1|1000|6|CG1248044|-56|-72|CG1248045|-54|-72|CG1248046|-51|-72|CG1248047|-49|-71|CG1248048|-47|-72|CG1248049|-51|-73
588|7|2|600|5|CG1325749|-65|-111|CG1325750|-73|-164|CG1325751|-68|-170|CG1325752|-60|-150|CG1325753|-60|-127
588|7|3|986|8|CG1248006|-18|-73|CG1248007|-30|-77|CG1248008|-27|-80|CG1248009|-22|-75|CG1248010|-18|-73|CG1248011|-28|-78|CG1248012|-32|-82|CG1248013|-28|-91
588|7|4|
588|7|5|1496|20|CG1247995|-39|-73|CG1247995|-39|-73|CG1247998|-34|-76|CG1247998|-34|-76|CG1247999|-30|-92|CG1247999|-30|-92|CG1248000|-32|-101|CG1248000|-32|-101|CG1248001|-34|-83|CG1248002|-70|-83|CG1248003|-32|-78|CG1248003|-32|-78|CG1248004|-27|-80|CG1248004|-27|-80|CG1248005|-21|-92|CG1248005|-21|-92|CG1247996|-32|-84|CG1247996|-32|-84|CG1247997|-40|-75|CG1247997|-40|-75
588|7|6|2397|18|CG1248027|-28|-68|CG1248028|-29|-72|CG1248029|-30|-92|CG1248030|-34|-84|CG1248031|-29|-85|CG1248032|-26|-79|CG1248027|-28|-68|CG1248028|-29|-72|CG1248029|-30|-92|CG1248030|-34|-84|CG1248031|-29|-85|CG1248032|-26|-79|CG1248027|-28|-68|CG1248028|-29|-72|CG1248029|-30|-92|CG1248030|-34|-84|CG1248031|-29|-85|CG1248032|-26|-79
588|7|7|1326|16|CG1248983|-19|-74|CG1248983|-19|-74|CG1248985|-20|-75|CG1248986|-24|-77|CG1248987|-30|-77|CG1248987|-30|-77|CG1248988|-45|-80|CG1248988|-45|-80|CG1248989|-39|-79|CG1248989|-39|-79|CG1248990|-29|-75|CG1248990|-29|-75|CG1248991|-29|-73|CG1248991|-29|-73|CG1248992|-24|-74|CG1248992|-24|-74
588|7|8|1000|2|CG1248022|-52|-65|CG1248023|-33|-52
588|7|9|1000|1|CG1248024|-40|-70
588|7|10|1000|6|CG1248016|-41|-75|CG1248017|-34|-92|CG1248018|-33|-98|CG1248019|-44|-92|CG1248020|-55|-59|CG1248021|-69|-44
