638|0|0|1496|9|CG1269238|-13|-77|CG1269238|-13|-77|CG1269239|-13|-77|CG1269239|-13|-77|CG1269240|-13|-77|CG1269240|-13|-77|CG1269240|-13|-77|CG1269239|-13|-77|CG1269239|-13|-77
638|0|1|1000|6|CG1269250|-22|-76|CG1269251|-18|-77|CG1269252|-19|-77|CG1269253|-22|-76|CG1269254|-24|-77|CG1269255|-19|-77
638|0|2|600|5|CG1325357|-54|-113|CG1325358|-66|-144|CG1325359|-95|-176|CG1325360|-103|-137|CG1325361|-78|-106
638|0|3|600|12|CG1269202|-25|-79|CG1269203|-23|-82|CG1269203|-23|-82|CG1269204|-19|-83|CG1269204|-19|-83|CG1269205|-28|-81|CG1269206|-35|-79|CG1269207|-36|-84|CG1269207|-36|-84|CG1269208|-33|-83|CG1269208|-33|-83|CG1269209|-34|-81
638|0|4|
638|0|5|1190|20|CG1269196|-28|-69|CG1269196|-28|-69|CG1269197|-15|-64|CG1269197|-15|-64|CG1269197|-15|-64|CG1269197|-15|-64|CG1269197|-15|-64|CG1269197|-15|-64|CG1269197|-15|-64|CG1269198|-26|-92|CG1269198|-26|-92|CG1269199|-29|-92|CG1269199|-29|-92|CG1269200|-29|-84|CG1269200|-29|-84|CG1269200|-29|-84|CG1269201|-21|-81|CG1269201|-21|-81|CG1269201|-21|-81|CG1269201|-21|-81
638|0|6|2689|25|CG1269228|-19|-78|CG1269229|-19|-78|CG1269230|-19|-78|CG1269228|-19|-78|CG1269229|-19|-78|CG1269230|-19|-78|CG1269228|-19|-78|CG1269229|-19|-78|CG1269230|-19|-78|CG1269228|-19|-78|CG1269229|-19|-78|CG1269230|-19|-78|CG1269228|-19|-78|CG1269229|-19|-78|CG1269230|-19|-78|CG1269228|-19|-78|CG1269229|-19|-78|CG1269230|-19|-78|CG1269228|-19|-78|CG1269231|-29|-78|CG1269231|-29|-78|CG1269232|-16|-79|CG1269232|-16|-79|CG1269233|-16|-78|CG1269233|-16|-78
638|0|7|799|12|CG1269241|-23|-78|CG1269241|-23|-78|CG1269242|-16|-79|CG1269242|-16|-79|CG1269242|-16|-79|CG1269243|-21|-78|CG1269244|-27|-76|CG1269245|-20|-77|CG1269245|-20|-77|CG1269245|-20|-77|CG1269246|-21|-77|CG1269246|-21|-77
638|0|8|1000|2|CG1269219|-28|-70|CG1269220|-26|-62
638|0|9|1000|1|CG1269225|-26|-80
638|0|10|986|6|CG1269213|-33|-63|CG1269214|-52|-63|CG1269215|-51|-55|CG1269216|-65|-47|CG1269217|-67|-47|CG1269218|-68|-46
638|1|0|1496|9|CG1269300|-17|-76|CG1269300|-17|-76|CG1269301|-18|-76|CG1269301|-18|-76|CG1269302|-18|-76|CG1269302|-18|-76|CG1269302|-18|-76|CG1269301|-18|-76|CG1269301|-18|-76
638|1|1|1000|6|CG1269312|-21|-76|CG1269313|-20|-76|CG1269314|-19|-77|CG1269315|-18|-76|CG1269316|-18|-76|CG1269317|-21|-77
638|1|2|600|5|CG1325413|-100|-113|CG1325414|-102|-107|CG1325415|-90|-159|CG1325416|-142|-98|CG1325417|-131|-103
638|1|3|600|12|CG1269264|-34|-79|CG1269265|-28|-83|CG1269265|-28|-83|CG1269266|-31|-83|CG1269266|-31|-83|CG1269267|-33|-81|CG1269268|-20|-79|CG1269269|-16|-83|CG1269269|-16|-83|CG1269270|-17|-83|CG1269270|-17|-83|CG1269271|-25|-81
638|1|4|
638|1|5|1190|20|CG1269258|-27|-69|CG1269258|-27|-69|CG1269259|-22|-64|CG1269259|-22|-64|CG1269259|-22|-64|CG1269259|-22|-64|CG1269259|-22|-64|CG1269259|-22|-64|CG1269259|-22|-64|CG1269260|-29|-92|CG1269260|-29|-92|CG1269261|-30|-93|CG1269261|-30|-93|CG1269262|-27|-86|CG1269262|-27|-86|CG1269262|-27|-86|CG1269263|-29|-82|CG1269263|-29|-82|CG1269263|-29|-82|CG1269263|-29|-82
638|1|6|2689|25|CG1269290|-17|-77|CG1269291|-17|-77|CG1269292|-17|-77|CG1269290|-17|-77|CG1269291|-17|-77|CG1269292|-17|-77|CG1269290|-17|-77|CG1269291|-17|-77|CG1269292|-17|-77|CG1269290|-17|-77|CG1269291|-17|-77|CG1269292|-17|-77|CG1269290|-17|-77|CG1269291|-17|-77|CG1269292|-17|-77|CG1269290|-17|-77|CG1269291|-17|-77|CG1269292|-17|-77|CG1269290|-17|-77|CG1269293|-23|-76|CG1269293|-23|-76|CG1269294|-14|-77|CG1269294|-14|-77|CG1269295|-14|-76|CG1269295|-14|-76
638|1|7|799|12|CG1269303|-17|-77|CG1269303|-17|-77|CG1269304|-20|-78|CG1269304|-20|-78|CG1269304|-20|-78|CG1269305|-16|-77|CG1269306|-20|-75|CG1269307|-17|-76|CG1269307|-17|-76|CG1269307|-17|-76|CG1269308|-17|-77|CG1269308|-17|-77
638|1|8|1000|2|CG1269281|-23|-75|CG1269282|-20|-60
638|1|9|1000|1|CG1269287|-15|-79
638|1|10|986|6|CG1269275|-30|-64|CG1269276|-25|-70|CG1269277|-32|-66|CG1269278|-34|-62|CG1269279|-36|-60|CG1269280|-37|-57
638|2|0|1496|9|CG1269362|-22|-76|CG1269362|-22|-76|CG1269363|-22|-76|CG1269363|-22|-76|CG1269364|-22|-76|CG1269364|-22|-76|CG1269364|-22|-76|CG1269363|-22|-76|CG1269363|-22|-76
638|2|1|1000|6|CG1269374|-21|-76|CG1269375|-19|-77|CG1269376|-16|-77|CG1269377|-17|-76|CG1269378|-17|-77|CG1269379|-16|-77
638|2|2|600|5|CG1325469|-119|-113|CG1325470|-90|-142|CG1325471|-82|-174|CG1325472|-99|-116|CG1325473|-109|-103
638|2|3|600|12|CG1269326|-30|-79|CG1269327|-39|-84|CG1269327|-39|-84|CG1269328|-36|-83|CG1269328|-36|-83|CG1269329|-31|-81|CG1269330|-30|-79|CG1269331|-34|-82|CG1269331|-34|-82|CG1269332|-30|-83|CG1269332|-30|-83|CG1269333|-32|-81
638|2|4|
638|2|5|1190|20|CG1269320|-33|-70|CG1269320|-33|-70|CG1269321|-34|-65|CG1269321|-34|-65|CG1269321|-34|-65|CG1269321|-34|-65|CG1269321|-34|-65|CG1269321|-34|-65|CG1269321|-34|-65|CG1269322|-23|-85|CG1269322|-23|-85|CG1269323|-21|-87|CG1269323|-21|-87|CG1269324|-18|-85|CG1269324|-18|-85|CG1269324|-18|-85|CG1269325|-23|-81|CG1269325|-23|-81|CG1269325|-23|-81|CG1269325|-23|-81
638|2|6|2689|25|CG1269352|-28|-76|CG1269353|-28|-76|CG1269354|-28|-76|CG1269352|-28|-76|CG1269353|-28|-76|CG1269354|-28|-76|CG1269352|-28|-76|CG1269353|-28|-76|CG1269354|-28|-76|CG1269352|-28|-76|CG1269353|-28|-76|CG1269354|-28|-76|CG1269352|-28|-76|CG1269353|-28|-76|CG1269354|-28|-76|CG1269352|-28|-76|CG1269353|-28|-76|CG1269354|-28|-76|CG1269352|-28|-76|CG1269355|-26|-75|CG1269355|-26|-75|CG1269356|-25|-76|CG1269356|-25|-76|CG1269357|-25|-76|CG1269357|-25|-76
638|2|7|799|12|CG1269365|-22|-76|CG1269365|-22|-76|CG1269366|-23|-76|CG1269366|-23|-76|CG1269366|-23|-76|CG1269367|-23|-75|CG1269368|-25|-76|CG1269369|-28|-76|CG1269369|-28|-76|CG1269369|-28|-76|CG1269370|-25|-77|CG1269370|-25|-77
638|2|8|1000|2|CG1269343|-23|-76|CG1269344|-28|-58
638|2|9|1000|1|CG1269349|-22|-79
638|2|10|986|6|CG1269337|-25|-65|CG1269338|-15|-70|CG1269339|-13|-68|CG1269340|-14|-62|CG1269341|-14|-57|CG1269342|-13|-49
638|3|0|1496|9|CG1269424|-18|-77|CG1269424|-18|-77|CG1269425|-17|-76|CG1269425|-17|-76|CG1269426|-16|-76|CG1269426|-16|-76|CG1269426|-16|-76|CG1269425|-17|-76|CG1269425|-17|-76
638|3|1|1000|6|CG1269436|-19|-77|CG1269437|-18|-77|CG1269438|-17|-78|CG1269439|-18|-77|CG1269440|-18|-77|CG1269441|-15|-78
638|3|2|600|5|CG1325525|-125|-117|CG1325526|-119|-165|CG1325527|-116|-175|CG1325528|-58|-136|CG1325529|-81|-129
638|3|3|600|12|CG1269388|-36|-77|CG1269389|-40|-82|CG1269389|-40|-82|CG1269390|-37|-82|CG1269390|-37|-82|CG1269391|-38|-80|CG1269392|-37|-77|CG1269393|-39|-80|CG1269393|-39|-80|CG1269394|-37|-81|CG1269394|-37|-81|CG1269395|-39|-80
638|3|4|
638|3|5|1190|20|CG1269382|-38|-70|CG1269382|-38|-70|CG1269383|-44|-65|CG1269383|-44|-65|CG1269383|-44|-65|CG1269383|-44|-65|CG1269383|-44|-65|CG1269383|-44|-65|CG1269383|-44|-65|CG1269384|-15|-83|CG1269384|-15|-83|CG1269385|-26|-84|CG1269385|-26|-84|CG1269386|-22|-81|CG1269386|-22|-81|CG1269386|-22|-81|CG1269387|-20|-79|CG1269387|-20|-79|CG1269387|-20|-79|CG1269387|-20|-79
638|3|6|2689|25|CG1269414|-25|-76|CG1269415|-25|-76|CG1269416|-25|-76|CG1269414|-25|-76|CG1269415|-25|-76|CG1269416|-25|-76|CG1269414|-25|-76|CG1269415|-25|-76|CG1269416|-25|-76|CG1269414|-25|-76|CG1269415|-25|-76|CG1269416|-25|-76|CG1269414|-25|-76|CG1269415|-25|-76|CG1269416|-25|-76|CG1269414|-25|-76|CG1269415|-25|-76|CG1269416|-25|-76|CG1269414|-25|-76|CG1269417|-27|-75|CG1269417|-27|-75|CG1269418|-33|-76|CG1269418|-33|-76|CG1269419|-24|-76|CG1269419|-24|-76
638|3|7|799|12|CG1269427|-17|-76|CG1269427|-17|-76|CG1269428|-18|-74|CG1269428|-18|-74|CG1269428|-18|-74|CG1269429|-19|-74|CG1269430|-23|-76|CG1269431|-27|-76|CG1269431|-27|-76|CG1269431|-27|-76|CG1269432|-24|-77|CG1269432|-24|-77
638|3|8|1000|2|CG1269405|-21|-73|CG1269406|-38|-66
638|3|9|1000|1|CG1269411|-26|-78
638|3|10|986|6|CG1269399|-24|-63|CG1269400|-10|-63|CG1269401|-8|-59|CG1269402|-15|-47|CG1269403|-14|-46|CG1269404|-13|-31
638|4|0|1496|9|CG1269486|-19|-78|CG1269486|-19|-78|CG1269487|-19|-78|CG1269487|-19|-78|CG1269488|-18|-78|CG1269488|-18|-78|CG1269488|-18|-78|CG1269487|-19|-78|CG1269487|-19|-78
638|4|1|1000|6|CG1269498|-17|-78|CG1269499|-16|-78|CG1269500|-16|-79|CG1269501|-21|-78|CG1269502|-19|-78|CG1269503|-16|-78
638|4|2|600|5|CG1325581|-118|-123|CG1325582|-92|-162|CG1325583|-82|-152|CG1325584|-98|-119|CG1325585|-112|-122
638|4|3|600|12|CG1269450|-28|-76|CG1269451|-32|-80|CG1269451|-32|-80|CG1269452|-29|-81|CG1269452|-29|-81|CG1269453|-30|-79|CG1269454|-30|-75|CG1269455|-38|-79|CG1269455|-38|-79|CG1269456|-36|-80|CG1269456|-36|-80|CG1269457|-30|-79
638|4|4|
638|4|5|1190|20|CG1269444|-24|-70|CG1269444|-24|-70|CG1269445|-31|-65|CG1269445|-31|-65|CG1269445|-31|-65|CG1269445|-31|-65|CG1269445|-31|-65|CG1269445|-31|-65|CG1269445|-31|-65|CG1269446|-18|-79|CG1269446|-18|-79|CG1269447|-22|-79|CG1269447|-22|-79|CG1269448|-21|-77|CG1269448|-21|-77|CG1269448|-21|-77|CG1269449|-20|-77|CG1269449|-20|-77|CG1269449|-20|-77|CG1269449|-20|-77
638|4|6|2689|25|CG1269476|-32|-76|CG1269477|-21|-76|CG1269478|-29|-76|CG1269476|-32|-76|CG1269477|-21|-76|CG1269478|-29|-76|CG1269476|-32|-76|CG1269477|-21|-76|CG1269478|-29|-76|CG1269476|-32|-76|CG1269477|-21|-76|CG1269478|-29|-76|CG1269476|-32|-76|CG1269477|-21|-76|CG1269478|-29|-76|CG1269476|-32|-76|CG1269477|-21|-76|CG1269478|-29|-76|CG1269476|-32|-76|CG1269479|-30|-76|CG1269479|-30|-76|CG1269480|-36|-77|CG1269480|-36|-77|CG1269481|-27|-77|CG1269481|-27|-77
638|4|7|799|12|CG1269489|-19|-76|CG1269489|-19|-76|CG1269490|-17|-74|CG1269490|-17|-74|CG1269490|-17|-74|CG1269491|-22|-74|CG1269492|-24|-77|CG1269493|-21|-77|CG1269493|-21|-77|CG1269493|-21|-77|CG1269494|-18|-78|CG1269494|-18|-78
638|4|8|1000|2|CG1269467|-18|-67|CG1269468|-34|-74
638|4|9|1000|1|CG1269473|-26|-78
638|4|10|986|6|CG1269461|-24|-62|CG1269462|-7|-56|CG1269463|-11|-46|CG1269464|-15|-31|CG1269465|-13|-31|CG1269466|-11|-15
638|5|0|1496|9|CG1269548|-20|-79|CG1269548|-20|-79|CG1269549|-20|-79|CG1269549|-20|-79|CG1269550|-20|-79|CG1269550|-20|-79|CG1269550|-20|-79|CG1269549|-20|-79|CG1269549|-20|-79
638|5|1|1000|6|CG1269560|-18|-78|CG1269561|-18|-78|CG1269562|-21|-79|CG1269563|-21|-78|CG1269564|-20|-78|CG1269565|-19|-79
638|5|2|600|5|CG1325637|-87|-102|CG1325638|-101|-134|CG1325639|-81|-118|CG1325640|-146|-102|CG1325641|-132|-115
638|5|3|600|12|CG1269512|-21|-75|CG1269513|-21|-78|CG1269513|-21|-78|CG1269514|-22|-79|CG1269514|-22|-79|CG1269515|-26|-79|CG1269516|-34|-75|CG1269517|-27|-78|CG1269517|-27|-78|CG1269518|-29|-79|CG1269518|-29|-79|CG1269519|-33|-79
638|5|4|
638|5|5|1190|20|CG1269506|-17|-70|CG1269506|-17|-70|CG1269507|-16|-65|CG1269507|-16|-65|CG1269507|-16|-65|CG1269507|-16|-65|CG1269507|-16|-65|CG1269507|-16|-65|CG1269507|-16|-65|CG1269508|-17|-76|CG1269508|-17|-76|CG1269509|-17|-76|CG1269509|-17|-76|CG1269510|-23|-74|CG1269510|-23|-74|CG1269510|-23|-74|CG1269511|-18|-76|CG1269511|-18|-76|CG1269511|-18|-76|CG1269511|-18|-76
638|5|6|2689|25|CG1269538|-30|-77|CG1269539|-23|-77|CG1269540|-28|-77|CG1269538|-30|-77|CG1269539|-23|-77|CG1269540|-28|-77|CG1269538|-30|-77|CG1269539|-23|-77|CG1269540|-28|-77|CG1269538|-30|-77|CG1269539|-23|-77|CG1269540|-28|-77|CG1269538|-30|-77|CG1269539|-23|-77|CG1269540|-28|-77|CG1269538|-30|-77|CG1269539|-23|-77|CG1269540|-28|-77|CG1269538|-30|-77|CG1269541|-29|-77|CG1269541|-29|-77|CG1269542|-25|-78|CG1269542|-25|-78|CG1269543|-22|-78|CG1269543|-22|-78
638|5|7|799|12|CG1269551|-20|-77|CG1269551|-20|-77|CG1269552|-20|-75|CG1269552|-20|-75|CG1269552|-20|-75|CG1269553|-21|-75|CG1269554|-19|-77|CG1269555|-20|-77|CG1269555|-20|-77|CG1269555|-20|-77|CG1269556|-19|-78|CG1269556|-19|-78
638|5|8|1000|2|CG1269529|-24|-62|CG1269530|-22|-82
638|5|9|1000|1|CG1269535|-20|-79
638|5|10|986|6|CG1269523|-28|-60|CG1269524|-32|-49|CG1269525|-29|-34|CG1269526|-18|-23|CG1269527|-22|-14|CG1269528|-25|-13
638|6|0|1496|9|CG1269610|-25|-79|CG1269610|-25|-79|CG1269611|-25|-79|CG1269611|-25|-79|CG1269612|-25|-79|CG1269612|-25|-79|CG1269612|-25|-79|CG1269611|-25|-79|CG1269611|-25|-79
638|6|1|1000|6|CG1269622|-21|-78|CG1269623|-24|-78|CG1269624|-19|-78|CG1269625|-22|-78|CG1269626|-19|-78|CG1269627|-19|-78
638|6|2|600|5|CG1325693|-56|-115|CG1325694|-66|-158|CG1325695|-93|-143|CG1325696|-109|-126|CG1325697|-81|-115
638|6|3|600|12|CG1269574|-36|-75|CG1269575|-38|-78|CG1269575|-38|-78|CG1269576|-34|-80|CG1269576|-34|-80|CG1269577|-34|-79|CG1269578|-24|-76|CG1269579|-25|-80|CG1269579|-25|-80|CG1269580|-20|-81|CG1269580|-20|-81|CG1269581|-27|-79
638|6|4|
638|6|5|1190|20|CG1269568|-16|-70|CG1269568|-16|-70|CG1269569|-16|-64|CG1269569|-16|-64|CG1269569|-16|-64|CG1269569|-16|-64|CG1269569|-16|-64|CG1269569|-16|-64|CG1269569|-16|-64|CG1269570|-31|-74|CG1269570|-31|-74|CG1269571|-27|-77|CG1269571|-27|-77|CG1269572|-34|-74|CG1269572|-34|-74|CG1269572|-34|-74|CG1269573|-38|-77|CG1269573|-38|-77|CG1269573|-38|-77|CG1269573|-38|-77
638|6|6|2689|25|CG1269600|-20|-78|CG1269601|-20|-78|CG1269602|-20|-78|CG1269600|-20|-78|CG1269601|-20|-78|CG1269602|-20|-78|CG1269600|-20|-78|CG1269601|-20|-78|CG1269602|-20|-78|CG1269600|-20|-78|CG1269601|-20|-78|CG1269602|-20|-78|CG1269600|-20|-78|CG1269601|-20|-78|CG1269602|-20|-78|CG1269600|-20|-78|CG1269601|-20|-78|CG1269602|-20|-78|CG1269600|-20|-78|CG1269603|-17|-78|CG1269603|-17|-78|CG1269604|-44|-79|CG1269604|-44|-79|CG1269605|-40|-79|CG1269605|-40|-79
638|6|7|799|12|CG1269613|-20|-78|CG1269613|-20|-78|CG1269614|-22|-78|CG1269614|-22|-78|CG1269614|-22|-78|CG1269615|-20|-76|CG1269616|-20|-77|CG1269617|-41|-77|CG1269617|-41|-77|CG1269617|-41|-77|CG1269618|-32|-78|CG1269618|-32|-78
638|6|8|1000|2|CG1269591|-24|-61|CG1269592|-29|-78
638|6|9|1000|1|CG1269597|-34|-80
638|6|10|986|6|CG1269585|-38|-60|CG1269586|-42|-49|CG1269587|-42|-38|CG1269588|-51|-30|CG1269589|-52|-15|CG1269590|-59|-12
638|7|0|1496|9|CG1269672|-20|-78|CG1269672|-20|-78|CG1269673|-20|-78|CG1269673|-20|-78|CG1269674|-19|-78|CG1269674|-19|-78|CG1269674|-19|-78|CG1269673|-20|-78|CG1269673|-20|-78
638|7|1|1000|6|CG1269684|-25|-77|CG1269685|-20|-77|CG1269686|-14|-78|CG1269687|-25|-77|CG1269688|-20|-77|CG1269689|-14|-78
638|7|2|600|5|CG1325749|-65|-111|CG1325750|-73|-164|CG1325751|-68|-170|CG1325752|-60|-150|CG1325753|-60|-127
638|7|3|600|12|CG1269636|-31|-77|CG1269637|-41|-80|CG1269637|-41|-80|CG1269638|-35|-81|CG1269638|-35|-81|CG1269639|-24|-80|CG1269640|-32|-77|CG1269641|-42|-82|CG1269641|-42|-82|CG1269642|-36|-82|CG1269642|-36|-82|CG1269643|-25|-80
638|7|4|
638|7|5|1190|20|CG1269630|-18|-69|CG1269630|-18|-69|CG1269631|-18|-64|CG1269631|-18|-64|CG1269631|-18|-64|CG1269631|-18|-64|CG1269631|-18|-64|CG1269631|-18|-64|CG1269631|-18|-64|CG1269632|-31|-85|CG1269632|-31|-85|CG1269633|-28|-87|CG1269633|-28|-87|CG1269634|-38|-78|CG1269634|-38|-78|CG1269634|-38|-78|CG1269635|-39|-78|CG1269635|-39|-78|CG1269635|-39|-78|CG1269635|-39|-78
638|7|6|2689|25|CG1269662|-20|-79|CG1269663|-20|-79|CG1269664|-21|-79|CG1269662|-20|-79|CG1269663|-20|-79|CG1269664|-21|-79|CG1269662|-20|-79|CG1269663|-20|-79|CG1269664|-21|-79|CG1269662|-20|-79|CG1269663|-20|-79|CG1269664|-21|-79|CG1269662|-20|-79|CG1269663|-20|-79|CG1269664|-21|-79|CG1269662|-20|-79|CG1269663|-20|-79|CG1269664|-21|-79|CG1269662|-20|-79|CG1269665|-24|-78|CG1269665|-24|-78|CG1269666|-39|-79|CG1269666|-39|-79|CG1269667|-38|-79|CG1269667|-38|-79
638|7|7|799|12|CG1269675|-20|-79|CG1269675|-20|-79|CG1269676|-19|-79|CG1269676|-19|-79|CG1269676|-19|-79|CG1269677|-26|-78|CG1269678|-28|-76|CG1269679|-40|-77|CG1269679|-40|-77|CG1269679|-40|-77|CG1269680|-36|-78|CG1269680|-36|-78
638|7|8|1000|2|CG1269653|-27|-65|CG1269654|-36|-70
638|7|9|1000|1|CG1269659|-39|-80
638|7|10|986|6|CG1269647|-29|-62|CG1269648|-52|-55|CG1269649|-59|-46|CG1269650|-67|-41|CG1269651|-77|-25|CG1269652|-81|-24
