553|0|0|1717|4|CG1231790|-27|-70|CG1231791|-26|-70|CG1231792|-26|-71|CG1231793|-26|-70
553|0|1|1000|6|CG1231796|-29|-71|CG1231797|-27|-72|CG1231798|-25|-73|CG1231799|-24|-72|CG1231800|-26|-73|CG1231801|-26|-72
553|0|2|600|5|CG1325357|-54|-113|CG1325358|-66|-144|CG1325359|-95|-176|CG1325360|-103|-137|CG1325361|-78|-106
553|0|3|510|6|CG1232148|-20|-69|CG1232149|-16|-72|CG1232150|-15|-70|CG1232151|-15|-69|CG1232152|-18|-72|CG1232153|-16|-70
553|0|4|
553|0|5|1900|11|CG1231756|-33|-71|CG1231758|-41|-73|CG1231759|-43|-73|CG1231760|-38|-73|CG1231761|-38|-72|CG1231762|-33|-75|CG1231762|-33|-75|CG1231762|-33|-75|CG1231764|-37|-69|CG1231765|-39|-68|CG1231757|-32|-69
553|0|6|2397|24|CG1231779|-32|-72|CG1231780|-32|-73|CG1231781|-32|-79|CG1231782|-32|-78|CG1231783|-32|-77|CG1231784|-32|-76|CG1231785|-32|-78|CG1231781|-32|-79|CG1231782|-32|-78|CG1231783|-32|-77|CG1231784|-32|-76|CG1231785|-32|-78|CG1231781|-32|-79|CG1231782|-32|-78|CG1231783|-32|-77|CG1231784|-32|-76|CG1231785|-32|-78|CG1231781|-32|-79|CG1231782|-32|-78|CG1231783|-32|-77|CG1231784|-32|-76|CG1231785|-32|-78|CG1231780|-32|-73|CG1231779|-32|-72
553|0|7|1496|20|CG1232188|-15|-71|CG1232188|-15|-71|CG1232189|-19|-70|CG1232189|-19|-70|CG1232190|-15|-69|CG1232190|-15|-69|CG1232191|-16|-68|CG1232191|-16|-68|CG1232190|-15|-69|CG1232190|-15|-69|CG1232191|-16|-68|CG1232191|-16|-68|CG1232190|-15|-69|CG1232190|-15|-69|CG1232191|-16|-68|CG1232191|-16|-68|CG1232192|-18|-70|CG1232193|-19|-70|CG1232194|-15|-69|CG1232195|-15|-69
553|0|8|1000|2|CG1231774|-26|-68|CG1231775|-32|-58
553|0|9|1000|1|CG1231776|-45|-72
553|0|10|1000|6|CG1231768|-36|-52|CG1231769|-33|-60|CG1231770|-53|-49|CG1231771|-60|-35|CG1231772|-59|-28|CG1231773|-62|-22
553|1|0|1717|4|CG1231838|-19|-69|CG1231839|-19|-70|CG1231840|-18|-70|CG1231841|-19|-70
553|1|1|1000|6|CG1231844|-23|-72|CG1231845|-20|-73|CG1231846|-18|-73|CG1231847|-19|-72|CG1231848|-18|-73|CG1231849|-20|-73
553|1|2|600|5|CG1325413|-100|-113|CG1325414|-102|-107|CG1325415|-90|-159|CG1325416|-142|-98|CG1325417|-131|-103
553|1|3|510|6|CG1232215|-22|-68|CG1232216|-19|-71|CG1232217|-16|-70|CG1232218|-16|-68|CG1232219|-16|-71|CG1232220|-21|-70
553|1|4|
553|1|5|1900|11|CG1231804|-25|-74|CG1231806|-21|-74|CG1231807|-16|-80|CG1231808|-15|-74|CG1231809|-16|-75|CG1231810|-16|-79|CG1231810|-16|-79|CG1231810|-16|-79|CG1231812|-22|-74|CG1231813|-25|-68|CG1231805|-22|-67
553|1|6|2397|24|CG1231827|-28|-72|CG1231828|-28|-72|CG1231829|-28|-73|CG1231830|-28|-73|CG1231831|-28|-72|CG1231832|-28|-72|CG1231833|-28|-72|CG1231829|-28|-73|CG1231830|-28|-73|CG1231831|-28|-72|CG1231832|-28|-72|CG1231833|-28|-72|CG1231829|-28|-73|CG1231830|-28|-73|CG1231831|-28|-72|CG1231832|-28|-72|CG1231833|-28|-72|CG1231829|-28|-73|CG1231830|-28|-73|CG1231831|-28|-72|CG1231832|-28|-72|CG1231833|-28|-72|CG1231828|-28|-72|CG1231827|-28|-72
553|1|7|1496|20|CG1232255|-18|-71|CG1232255|-18|-71|CG1232256|-17|-71|CG1232256|-17|-71|CG1232257|-20|-68|CG1232257|-20|-68|CG1232258|-21|-68|CG1232258|-21|-68|CG1232257|-20|-68|CG1232257|-20|-68|CG1232258|-21|-68|CG1232258|-21|-68|CG1232257|-20|-68|CG1232257|-20|-68|CG1232258|-21|-68|CG1232258|-21|-68|CG1232259|-19|-71|CG1232260|-18|-70|CG1232261|-17|-68|CG1232262|-16|-68
553|1|8|1000|2|CG1231822|-29|-67|CG1231823|-31|-58
553|1|9|1000|1|CG1231824|-32|-72
553|1|10|1000|6|CG1231816|-28|-53|CG1231817|-31|-62|CG1231818|-45|-56|CG1231819|-60|-38|CG1231820|-63|-39|CG1231821|-58|-36
553|2|0|1717|4|CG1231886|-24|-69|CG1231887|-24|-70|CG1231888|-24|-70|CG1231889|-24|-70
553|2|1|1000|6|CG1231892|-21|-72|CG1231893|-23|-73|CG1231894|-25|-72|CG1231895|-27|-71|CG1231896|-26|-72|CG1231897|-23|-73
553|2|2|600|5|CG1325469|-119|-113|CG1325470|-90|-142|CG1325471|-82|-174|CG1325472|-99|-116|CG1325473|-109|-103
553|2|3|510|6|CG1232282|-21|-69|CG1232283|-19|-72|CG1232284|-21|-70|CG1232285|-27|-69|CG1232286|-19|-72|CG1232287|-19|-70
553|2|4|
553|2|5|1900|11|CG1231852|-16|-73|CG1231854|-14|-73|CG1231855|-13|-72|CG1231856|-14|-72|CG1231857|-16|-71|CG1231858|-17|-75|CG1231858|-17|-75|CG1231858|-17|-75|CG1231860|-23|-73|CG1231861|-24|-69|CG1231853|-22|-69
553|2|6|2397|24|CG1231875|-16|-72|CG1231876|-18|-72|CG1231877|-21|-77|CG1231878|-21|-77|CG1231879|-21|-76|CG1231880|-20|-76|CG1231881|-18|-76|CG1231877|-21|-77|CG1231878|-21|-77|CG1231879|-21|-76|CG1231880|-20|-76|CG1231881|-18|-76|CG1231877|-21|-77|CG1231878|-21|-77|CG1231879|-21|-76|CG1231880|-20|-76|CG1231881|-18|-76|CG1231877|-21|-77|CG1231878|-21|-77|CG1231879|-21|-76|CG1231880|-20|-76|CG1231881|-18|-76|CG1231876|-18|-72|CG1231875|-16|-72
553|2|7|1496|20|CG1232322|-20|-72|CG1232322|-20|-72|CG1232323|-21|-71|CG1232323|-21|-71|CG1232324|-22|-70|CG1232324|-22|-70|CG1232325|-23|-69|CG1232325|-23|-69|CG1232324|-22|-70|CG1232324|-22|-70|CG1232325|-23|-69|CG1232325|-23|-69|CG1232324|-22|-70|CG1232324|-22|-70|CG1232325|-23|-69|CG1232325|-23|-69|CG1232326|-22|-72|CG1232327|-23|-71|CG1232328|-23|-69|CG1232329|-22|-69
553|2|8|1000|2|CG1231870|-33|-68|CG1231871|-35|-63
553|2|9|1000|1|CG1231872|-14|-72
553|2|10|1000|6|CG1231864|-25|-53|CG1231865|-28|-62|CG1231866|-29|-62|CG1231867|-42|-52|CG1231868|-37|-51|CG1231869|-36|-48
553|3|0|1717|4|CG1231934|-27|-70|CG1231935|-27|-70|CG1231936|-26|-70|CG1231937|-27|-70
553|3|1|1000|6|CG1231940|-28|-73|CG1231941|-29|-73|CG1231942|-28|-73|CG1231943|-26|-72|CG1231944|-28|-73|CG1231945|-29|-73
553|3|2|600|5|CG1325525|-125|-117|CG1325526|-119|-165|CG1325527|-116|-175|CG1325528|-58|-136|CG1325529|-81|-129
553|3|3|510|6|CG1232349|-29|-68|CG1232350|-19|-70|CG1232351|-22|-70|CG1232352|-29|-68|CG1232353|-19|-70|CG1232354|-22|-69
553|3|4|
553|3|5|1900|11|CG1231900|-9|-70|CG1231902|-11|-72|CG1231903|-12|-72|CG1231904|-14|-72|CG1231905|-16|-71|CG1231906|-17|-71|CG1231906|-17|-71|CG1231906|-17|-71|CG1231908|-23|-71|CG1231909|-23|-70|CG1231901|-22|-69
553|3|6|2397|24|CG1231923|-17|-73|CG1231924|-18|-76|CG1231925|-19|-80|CG1231926|-20|-80|CG1231927|-19|-77|CG1231928|-19|-78|CG1231929|-19|-79|CG1231925|-19|-80|CG1231926|-20|-80|CG1231927|-19|-77|CG1231928|-19|-78|CG1231929|-19|-79|CG1231925|-19|-80|CG1231926|-20|-80|CG1231927|-19|-77|CG1231928|-19|-78|CG1231929|-19|-79|CG1231925|-19|-80|CG1231926|-20|-80|CG1231927|-19|-77|CG1231928|-19|-78|CG1231929|-19|-79|CG1231924|-18|-76|CG1231923|-17|-73
553|3|7|1496|20|CG1232389|-18|-72|CG1232389|-18|-72|CG1232390|-19|-71|CG1232390|-19|-71|CG1232391|-24|-71|CG1232391|-24|-71|CG1232392|-24|-71|CG1232392|-24|-71|CG1232391|-24|-71|CG1232391|-24|-71|CG1232392|-24|-71|CG1232392|-24|-71|CG1232391|-24|-71|CG1232391|-24|-71|CG1232392|-24|-71|CG1232392|-24|-71|CG1232393|-20|-72|CG1232394|-19|-71|CG1232395|-21|-70|CG1232396|-20|-70
553|3|8|1000|2|CG1231918|-24|-66|CG1231919|-39|-63
553|3|9|1000|1|CG1231920|-13|-71
553|3|10|1000|6|CG1231912|-18|-54|CG1231913|-20|-60|CG1231914|-12|-63|CG1231915|-10|-55|CG1231916|-8|-52|CG1231917|-8|-49
553|4|0|1717|4|CG1231982|-22|-71|CG1231983|-21|-71|CG1231984|-21|-71|CG1231985|-21|-71
553|4|1|1000|6|CG1231988|-24|-73|CG1231989|-20|-74|CG1231990|-19|-73|CG1231991|-19|-73|CG1231992|-19|-74|CG1231993|-20|-73
553|4|2|600|5|CG1325581|-118|-123|CG1325582|-92|-162|CG1325583|-82|-152|CG1325584|-98|-119|CG1325585|-112|-122
553|4|3|510|6|CG1232416|-27|-67|CG1232417|-19|-70|CG1232418|-19|-68|CG1232419|-20|-66|CG1232420|-18|-70|CG1232421|-21|-69
553|4|4|
553|4|5|1900|11|CG1231948|-13|-68|CG1231950|-11|-68|CG1231951|-16|-70|CG1231952|-17|-71|CG1231953|-18|-71|CG1231954|-18|-71|CG1231954|-18|-71|CG1231954|-18|-71|CG1231956|-30|-70|CG1231957|-31|-70|CG1231949|-23|-71
553|4|6|2397|24|CG1231971|-17|-73|CG1231972|-18|-76|CG1231973|-21|-79|CG1231974|-21|-79|CG1231975|-20|-77|CG1231976|-19|-77|CG1231977|-20|-79|CG1231973|-21|-79|CG1231974|-21|-79|CG1231975|-20|-77|CG1231976|-19|-77|CG1231977|-20|-79|CG1231973|-21|-79|CG1231974|-21|-79|CG1231975|-20|-77|CG1231976|-19|-77|CG1231977|-20|-79|CG1231973|-21|-79|CG1231974|-21|-79|CG1231975|-20|-77|CG1231976|-19|-77|CG1231977|-20|-79|CG1231972|-18|-76|CG1231971|-17|-73
553|4|7|1496|20|CG1232456|-19|-72|CG1232456|-19|-72|CG1232457|-16|-72|CG1232457|-16|-72|CG1232458|-17|-71|CG1232458|-17|-71|CG1232459|-17|-71|CG1232459|-17|-71|CG1232458|-17|-71|CG1232458|-17|-71|CG1232459|-17|-71|CG1232459|-17|-71|CG1232458|-17|-71|CG1232458|-17|-71|CG1232459|-17|-71|CG1232459|-17|-71|CG1232460|-16|-72|CG1232461|-20|-73|CG1232462|-23|-72|CG1232463|-23|-72
553|4|8|1000|2|CG1231966|-12|-63|CG1231967|-35|-69
553|4|9|1000|1|CG1231968|-13|-67
553|4|10|1000|6|CG1231960|-24|-55|CG1231961|-20|-58|CG1231962|-10|-58|CG1231963|-14|-45|CG1231964|-13|-45|CG1231965|-12|-38
553|5|0|1717|4|CG1232030|-18|-70|CG1232031|-18|-70|CG1232032|-18|-70|CG1232033|-18|-70
553|5|1|1000|6|CG1232036|-16|-70|CG1232037|-17|-71|CG1232038|-17|-71|CG1232039|-17|-71|CG1232040|-17|-71|CG1232041|-17|-71
553|5|2|600|5|CG1325637|-87|-102|CG1325638|-101|-134|CG1325639|-81|-118|CG1325640|-146|-102|CG1325641|-132|-115
553|5|3|510|6|CG1232483|-16|-66|CG1232484|-16|-69|CG1232485|-21|-67|CG1232486|-22|-66|CG1232487|-19|-69|CG1232488|-15|-67
553|5|4|
553|5|5|1900|11|CG1231996|-14|-65|CG1231998|-21|-68|CG1231999|-18|-68|CG1232000|-17|-68|CG1232001|-18|-69|CG1232002|-16|-68|CG1232002|-16|-68|CG1232002|-16|-68|CG1232004|-22|-70|CG1232005|-30|-70|CG1231997|-26|-70
553|5|6|2397|24|CG1232019|-27|-70|CG1232020|-27|-72|CG1232021|-27|-75|CG1232022|-27|-75|CG1232023|-27|-74|CG1232024|-27|-73|CG1232025|-27|-74|CG1232021|-27|-75|CG1232022|-27|-75|CG1232023|-27|-74|CG1232024|-27|-73|CG1232025|-27|-74|CG1232021|-27|-75|CG1232022|-27|-75|CG1232023|-27|-74|CG1232024|-27|-73|CG1232025|-27|-74|CG1232021|-27|-75|CG1232022|-27|-75|CG1232023|-27|-74|CG1232024|-27|-73|CG1232025|-27|-74|CG1232020|-27|-72|CG1232019|-27|-70
553|5|7|1496|20|CG1232523|-17|-71|CG1232523|-17|-71|CG1232524|-14|-70|CG1232524|-14|-70|CG1232525|-14|-71|CG1232525|-14|-71|CG1232526|-14|-71|CG1232526|-14|-71|CG1232525|-14|-71|CG1232525|-14|-71|CG1232526|-14|-71|CG1232526|-14|-71|CG1232525|-14|-71|CG1232525|-14|-71|CG1232526|-14|-71|CG1232526|-14|-71|CG1232527|-14|-71|CG1232528|-14|-71|CG1232529|-19|-71|CG1232530|-20|-71
553|5|8|1000|2|CG1232014|-17|-59|CG1232015|-24|-73
553|5|9|1000|1|CG1232016|-19|-66
553|5|10|1000|6|CG1232008|-21|-54|CG1232009|-29|-54|CG1232010|-13|-49|CG1232011|-18|-33|CG1232012|-18|-29|CG1232013|-19|-18
553|6|0|1717|4|CG1232078|-18|-70|CG1232079|-18|-70|CG1232080|-18|-70|CG1232081|-18|-70
553|6|1|1000|6|CG1232084|-16|-73|CG1232085|-16|-74|CG1232086|-16|-73|CG1232087|-21|-73|CG1232088|-16|-74|CG1232089|-15|-73
553|6|2|600|5|CG1325693|-56|-115|CG1325694|-66|-158|CG1325695|-93|-143|CG1325696|-109|-126|CG1325697|-81|-115
553|6|3|510|6|CG1232550|-15|-66|CG1232551|-18|-70|CG1232552|-17|-69|CG1232553|-20|-67|CG1232554|-17|-70|CG1232555|-16|-68
553|6|4|
553|6|5|1900|11|CG1232044|-26|-64|CG1232046|-37|-68|CG1232047|-53|-71|CG1232048|-56|-71|CG1232049|-41|-71|CG1232050|-40|-70|CG1232050|-40|-70|CG1232050|-40|-70|CG1232052|-19|-70|CG1232053|-17|-70|CG1232045|-19|-71
553|6|6|2397|24|CG1232067|-24|-73|CG1232068|-24|-76|CG1232069|-25|-80|CG1232070|-24|-80|CG1232071|-24|-79|CG1232072|-24|-78|CG1232073|-24|-77|CG1232069|-25|-80|CG1232070|-24|-80|CG1232071|-24|-79|CG1232072|-24|-78|CG1232073|-24|-77|CG1232069|-25|-80|CG1232070|-24|-80|CG1232071|-24|-79|CG1232072|-24|-78|CG1232073|-24|-77|CG1232069|-25|-80|CG1232070|-24|-80|CG1232071|-24|-79|CG1232072|-24|-78|CG1232073|-24|-77|CG1232068|-24|-76|CG1232067|-24|-73
553|6|7|1496|20|CG1232590|-25|-72|CG1232590|-25|-72|CG1232591|-18|-72|CG1232591|-18|-72|CG1232592|-18|-70|CG1232592|-18|-70|CG1232593|-18|-70|CG1232593|-18|-70|CG1232592|-18|-70|CG1232592|-18|-70|CG1232593|-18|-70|CG1232593|-18|-70|CG1232592|-18|-70|CG1232592|-18|-70|CG1232593|-18|-70|CG1232593|-18|-70|CG1232594|-18|-72|CG1232595|-18|-72|CG1232596|-30|-71|CG1232597|-28|-71
553|6|8|1000|2|CG1232062|-26|-64|CG1232063|-22|-70
553|6|9|1000|1|CG1232064|-27|-69
553|6|10|1000|6|CG1232056|-24|-54|CG1232057|-24|-56|CG1232058|-16|-44|CG1232059|-23|-23|CG1232060|-27|-17|CG1232061|-29|-15
553|7|0|1717|4|CG1232126|-29|-71|CG1232127|-29|-71|CG1232128|-30|-71|CG1232129|-29|-71
553|7|1|1000|6|CG1232132|-24|-72|CG1232133|-26|-73|CG1232134|-27|-73|CG1232135|-27|-73|CG1232136|-27|-73|CG1232137|-26|-73
553|7|2|600|5|CG1325749|-65|-111|CG1325750|-73|-164|CG1325751|-68|-170|CG1325752|-60|-150|CG1325753|-60|-127
553|7|3|510|6|CG1232617|-20|-68|CG1232618|-17|-70|CG1232619|-16|-69|CG1232620|-20|-68|CG1232621|-17|-70|CG1232622|-16|-70
553|7|4|
553|7|5|1900|11|CG1232092|-41|-66|CG1232094|-54|-69|CG1232095|-67|-72|CG1232096|-66|-72|CG1232097|-56|-71|CG1232098|-51|-70|CG1232098|-51|-70|CG1232098|-51|-70|CG1232100|-34|-68|CG1232101|-33|-69|CG1232093|-31|-70
553|7|6|2397|24|CG1232115|-18|-73|CG1232116|-18|-77|CG1232117|-20|-81|CG1232118|-20|-81|CG1232119|-18|-80|CG1232120|-18|-79|CG1232121|-18|-79|CG1232117|-20|-81|CG1232118|-20|-81|CG1232119|-18|-80|CG1232120|-18|-79|CG1232121|-18|-79|CG1232117|-20|-81|CG1232118|-20|-81|CG1232119|-18|-80|CG1232120|-18|-79|CG1232121|-18|-79|CG1232117|-20|-81|CG1232118|-20|-81|CG1232119|-18|-80|CG1232120|-18|-79|CG1232121|-18|-79|CG1232116|-18|-77|CG1232115|-18|-73
553|7|7|1496|20|CG1232657|-23|-70|CG1232657|-23|-70|CG1232658|-21|-71|CG1232658|-21|-71|CG1232659|-17|-71|CG1232659|-17|-71|CG1232660|-17|-70|CG1232660|-17|-70|CG1232659|-17|-71|CG1232659|-17|-71|CG1232660|-17|-70|CG1232660|-17|-70|CG1232659|-17|-71|CG1232659|-17|-71|CG1232660|-17|-70|CG1232660|-17|-70|CG1232661|-19|-71|CG1232662|-21|-70|CG1232663|-28|-70|CG1232664|-20|-70
553|7|8|1000|2|CG1232110|-28|-67|CG1232111|-34|-61
553|7|9|1000|1|CG1232112|-34|-71
553|7|10|1000|6|CG1232104|-28|-53|CG1232105|-27|-56|CG1232106|-34|-44|CG1232107|-38|-31|CG1232108|-36|-24|CG1232109|-36|-18
