603|0|0|8000|40|CG1254512|-20|-59|CG1254513|-19|-59|CG1254514|-18|-59|CG1254513|-19|-59|CG1254512|-20|-59|CG1254515|-21|-57|CG1254516|-22|-56|CG1254516|-22|-56|CG1254516|-22|-56|CG1254516|-22|-56|CG1254515|-21|-57|CG1254512|-20|-59|CG1254513|-19|-59|CG1254514|-18|-59|CG1254513|-19|-59|CG1254512|-20|-59|CG1254513|-19|-59|CG1254514|-18|-59|CG1254513|-19|-59|CG1254512|-20|-59|CG1254515|-21|-57|CG1254516|-22|-56|CG1254516|-22|-56|CG1254516|-22|-56|CG1254515|-21|-57|CG1254512|-20|-59|CG1254515|-21|-57|CG1254516|-22|-56|CG1254516|-22|-56|CG1254516|-22|-56|CG1254516|-22|-56|CG1254515|-21|-57|CG1254512|-20|-59|CG1254513|-19|-59|CG1254514|-18|-59|CG1254513|-19|-59|CG1254512|-20|-59|CG1254513|-19|-59|CG1254514|-18|-59|CG1254513|-19|-59
603|0|1|1000|6|CG1254519|-16|-56|CG1254520|-16|-60|CG1254521|-16|-57|CG1254522|-23|-55|CG1254523|-18|-60|CG1254524|-16|-58
603|0|2|600|5|CG1325357|-54|-113|CG1325358|-66|-144|CG1325359|-95|-176|CG1325360|-103|-137|CG1325361|-78|-106
603|0|3|510|6|CG1254482|-35|-61|CG1254483|-31|-62|CG1254484|-22|-62|CG1254485|-35|-64|CG1254486|-28|-62|CG1254487|-29|-61
603|0|4|
603|0|5|1190|21|CG1254476|-24|-62|CG1254476|-24|-62|CG1254477|-24|-75|CG1254477|-24|-75|CG1254478|-32|-75|CG1254479|-47|-56|CG1254480|-48|-56|CG1254479|-47|-56|CG1254478|-32|-75|CG1254479|-47|-56|CG1254480|-48|-56|CG1254479|-47|-56|CG1254478|-32|-75|CG1254479|-47|-56|CG1254480|-48|-56|CG1254479|-47|-56|CG1254478|-32|-75|CG1254479|-47|-56|CG1254480|-48|-56|CG1254481|-36|-62|CG1254481|-36|-62
603|0|6|2091|24|CG1254501|-18|-58|CG1254501|-18|-58|CG1254502|-26|-74|CG1254502|-26|-74|CG1254503|-18|-63|CG1254503|-18|-63|CG1254504|-18|-43|CG1254504|-18|-43|CG1254505|-18|-44|CG1254505|-18|-44|CG1254505|-18|-44|CG1254505|-18|-44|CG1254505|-18|-44|CG1254505|-18|-44|CG1254506|-19|-39|CG1254507|-20|-35|CG1254508|-19|-30|CG1254508|-19|-30|CG1254508|-19|-30|CG1254508|-19|-30|CG1254507|-20|-35|CG1254507|-20|-35|CG1254506|-19|-39|CG1254506|-19|-39
603|0|7|1088|13|CG1253981|-23|-59|CG1253981|-23|-59|CG1253982|-23|-60|CG1253982|-23|-60|CG1253983|-33|-61|CG1253983|-33|-61|CG1253984|-26|-73|CG1253985|-26|-72|CG1253986|-22|-83|CG1253987|-28|-77|CG1253987|-28|-77|CG1253988|-21|-58|CG1253988|-21|-58
603|0|8|1000|2|CG1254496|-25|-59|CG1254497|-15|-49
603|0|9|1000|1|CG1254498|-22|-61
603|0|10|1190|6|CG1254490|-23|-58|CG1254491|-18|-57|CG1254492|-26|-85|CG1254493|-49|-71|CG1254494|-57|-48|CG1254495|-59|-46
603|1|0|8000|40|CG1254563|-16|-58|CG1254564|-15|-58|CG1254565|-15|-58|CG1254564|-15|-58|CG1254563|-16|-58|CG1254566|-17|-56|CG1254567|-18|-56|CG1254567|-18|-56|CG1254567|-18|-56|CG1254567|-18|-56|CG1254566|-17|-56|CG1254563|-16|-58|CG1254564|-15|-58|CG1254565|-15|-58|CG1254564|-15|-58|CG1254563|-16|-58|CG1254564|-15|-58|CG1254565|-15|-58|CG1254564|-15|-58|CG1254563|-16|-58|CG1254566|-17|-56|CG1254567|-18|-56|CG1254567|-18|-56|CG1254567|-18|-56|CG1254566|-17|-56|CG1254563|-16|-58|CG1254566|-17|-56|CG1254567|-18|-56|CG1254567|-18|-56|CG1254567|-18|-56|CG1254567|-18|-56|CG1254566|-17|-56|CG1254563|-16|-58|CG1254564|-15|-58|CG1254565|-15|-58|CG1254564|-15|-58|CG1254563|-16|-58|CG1254564|-15|-58|CG1254565|-15|-58|CG1254564|-15|-58
603|1|1|1000|6|CG1254570|-25|-55|CG1254571|-24|-60|CG1254572|-24|-57|CG1254573|-24|-55|CG1254574|-25|-60|CG1254575|-26|-57
603|1|2|600|5|CG1325413|-100|-113|CG1325414|-102|-107|CG1325415|-90|-159|CG1325416|-142|-98|CG1325417|-131|-103
603|1|3|510|6|CG1254533|-25|-61|CG1254534|-31|-62|CG1254535|-30|-60|CG1254536|-22|-62|CG1254537|-29|-61|CG1254538|-33|-60
603|1|4|
603|1|5|1190|21|CG1254527|-16|-60|CG1254527|-16|-60|CG1254528|-18|-75|CG1254528|-18|-75|CG1254529|-18|-77|CG1254530|-20|-61|CG1254531|-20|-59|CG1254530|-20|-61|CG1254529|-18|-77|CG1254530|-20|-61|CG1254531|-20|-59|CG1254530|-20|-61|CG1254529|-18|-77|CG1254530|-20|-61|CG1254531|-20|-59|CG1254530|-20|-61|CG1254529|-18|-77|CG1254530|-20|-61|CG1254531|-20|-59|CG1254532|-19|-60|CG1254532|-19|-60
603|1|6|2091|24|CG1254552|-29|-56|CG1254552|-29|-56|CG1254553|-29|-68|CG1254553|-29|-68|CG1254554|-33|-55|CG1254554|-33|-55|CG1254555|-22|-38|CG1254555|-22|-38|CG1254556|-22|-41|CG1254556|-22|-41|CG1254556|-22|-41|CG1254556|-22|-41|CG1254556|-22|-41|CG1254556|-22|-41|CG1254557|-21|-37|CG1254558|-21|-39|CG1254559|-31|-25|CG1254559|-31|-25|CG1254559|-31|-25|CG1254559|-31|-25|CG1254558|-21|-39|CG1254558|-21|-39|CG1254557|-21|-37|CG1254557|-21|-37
603|1|7|1088|13|CG1254049|-19|-58|CG1254049|-19|-58|CG1254050|-17|-59|CG1254050|-17|-59|CG1254051|-18|-60|CG1254051|-18|-60|CG1254052|-20|-79|CG1254053|-20|-71|CG1254054|-23|-82|CG1254055|-20|-78|CG1254055|-20|-78|CG1254056|-25|-57|CG1254056|-25|-57
603|1|8|1000|2|CG1254547|-21|-58|CG1254548|-19|-43
603|1|9|1000|1|CG1254549|-18|-55
603|1|10|1190|6|CG1254541|-33|-57|CG1254542|-31|-58|CG1254543|-25|-79|CG1254544|-28|-70|CG1254545|-26|-54|CG1254546|-25|-55
603|2|0|8000|40|CG1254614|-15|-59|CG1254615|-15|-59|CG1254616|-15|-59|CG1254615|-15|-59|CG1254614|-15|-59|CG1254617|-19|-57|CG1254618|-20|-56|CG1254618|-20|-56|CG1254618|-20|-56|CG1254618|-20|-56|CG1254617|-19|-57|CG1254614|-15|-59|CG1254615|-15|-59|CG1254616|-15|-59|CG1254615|-15|-59|CG1254614|-15|-59|CG1254615|-15|-59|CG1254616|-15|-59|CG1254615|-15|-59|CG1254614|-15|-59|CG1254617|-19|-57|CG1254618|-20|-56|CG1254618|-20|-56|CG1254618|-20|-56|CG1254617|-19|-57|CG1254614|-15|-59|CG1254617|-19|-57|CG1254618|-20|-56|CG1254618|-20|-56|CG1254618|-20|-56|CG1254618|-20|-56|CG1254617|-19|-57|CG1254614|-15|-59|CG1254615|-15|-59|CG1254616|-15|-59|CG1254615|-15|-59|CG1254614|-15|-59|CG1254615|-15|-59|CG1254616|-15|-59|CG1254615|-15|-59
603|2|1|1000|6|CG1254621|-26|-55|CG1254622|-23|-60|CG1254623|-26|-58|CG1254624|-27|-56|CG1254625|-25|-60|CG1254626|-26|-57
603|2|2|600|5|CG1325469|-119|-113|CG1325470|-90|-142|CG1325471|-82|-174|CG1325472|-99|-116|CG1325473|-109|-103
603|2|3|510|6|CG1254584|-23|-64|CG1254585|-20|-62|CG1254586|-32|-61|CG1254587|-29|-62|CG1254588|-31|-63|CG1254589|-22|-62
603|2|4|
603|2|5|1190|21|CG1254578|-12|-60|CG1254578|-12|-60|CG1254579|-10|-64|CG1254579|-10|-64|CG1254580|-12|-66|CG1254581|-13|-60|CG1254582|-12|-60|CG1254581|-13|-60|CG1254580|-12|-66|CG1254581|-13|-60|CG1254582|-12|-60|CG1254581|-13|-60|CG1254580|-12|-66|CG1254581|-13|-60|CG1254582|-12|-60|CG1254581|-13|-60|CG1254580|-12|-66|CG1254581|-13|-60|CG1254582|-12|-60|CG1254583|-17|-59|CG1254583|-17|-59
603|2|6|2091|24|CG1254603|-30|-58|CG1254603|-30|-58|CG1254604|-37|-64|CG1254604|-37|-64|CG1254605|-34|-57|CG1254605|-34|-57|CG1254606|-23|-43|CG1254606|-23|-43|CG1254607|-24|-44|CG1254607|-24|-44|CG1254607|-24|-44|CG1254607|-24|-44|CG1254607|-24|-44|CG1254607|-24|-44|CG1254608|-28|-39|CG1254609|-36|-45|CG1254610|-48|-30|CG1254610|-48|-30|CG1254610|-48|-30|CG1254610|-48|-30|CG1254609|-36|-45|CG1254609|-36|-45|CG1254608|-28|-39|CG1254608|-28|-39
603|2|7|1088|13|CG1254117|-15|-60|CG1254117|-15|-60|CG1254118|-13|-61|CG1254118|-13|-61|CG1254119|-14|-61|CG1254119|-14|-61|CG1254120|-20|-80|CG1254121|-28|-74|CG1254122|-26|-82|CG1254123|-22|-79|CG1254123|-22|-79|CG1254124|-25|-58|CG1254124|-25|-58
603|2|8|1000|2|CG1254598|-12|-59|CG1254599|-49|-38
603|2|9|1000|1|CG1254600|-20|-50
603|2|10|1190|6|CG1254592|-29|-58|CG1254593|-32|-57|CG1254594|-15|-65|CG1254595|-14|-54|CG1254596|-15|-46|CG1254597|-16|-45
603|3|0|8000|40|CG1254665|-14|-62|CG1254666|-14|-63|CG1254667|-14|-63|CG1254666|-14|-63|CG1254665|-14|-62|CG1254668|-17|-61|CG1254669|-18|-59|CG1254669|-18|-59|CG1254669|-18|-59|CG1254669|-18|-59|CG1254668|-17|-61|CG1254665|-14|-62|CG1254666|-14|-63|CG1254667|-14|-63|CG1254666|-14|-63|CG1254665|-14|-62|CG1254666|-14|-63|CG1254667|-14|-63|CG1254666|-14|-63|CG1254665|-14|-62|CG1254668|-17|-61|CG1254669|-18|-59|CG1254669|-18|-59|CG1254669|-18|-59|CG1254668|-17|-61|CG1254665|-14|-62|CG1254668|-17|-61|CG1254669|-18|-59|CG1254669|-18|-59|CG1254669|-18|-59|CG1254669|-18|-59|CG1254668|-17|-61|CG1254665|-14|-62|CG1254666|-14|-63|CG1254667|-14|-63|CG1254666|-14|-63|CG1254665|-14|-62|CG1254666|-14|-63|CG1254667|-14|-63|CG1254666|-14|-63
603|3|1|1000|6|CG1254672|-22|-58|CG1254673|-20|-62|CG1254674|-18|-61|CG1254675|-23|-59|CG1254676|-20|-63|CG1254677|-19|-60
603|3|2|600|5|CG1325525|-125|-117|CG1325526|-119|-165|CG1325527|-116|-175|CG1325528|-58|-136|CG1325529|-81|-129
603|3|3|510|6|CG1254635|-24|-60|CG1254636|-22|-58|CG1254637|-21|-60|CG1254638|-27|-62|CG1254639|-21|-60|CG1254640|-22|-60
603|3|4|
603|3|5|1190|21|CG1254629|-10|-62|CG1254629|-10|-62|CG1254630|-9|-61|CG1254630|-9|-61|CG1254631|-11|-59|CG1254632|-12|-59|CG1254633|-12|-58|CG1254632|-12|-59|CG1254631|-11|-59|CG1254632|-12|-59|CG1254633|-12|-58|CG1254632|-12|-59|CG1254631|-11|-59|CG1254632|-12|-59|CG1254633|-12|-58|CG1254632|-12|-59|CG1254631|-11|-59|CG1254632|-12|-59|CG1254633|-12|-58|CG1254634|-12|-61|CG1254634|-12|-61
603|3|6|2091|24|CG1254654|-20|-59|CG1254654|-20|-59|CG1254655|-25|-65|CG1254655|-25|-65|CG1254656|-39|-61|CG1254656|-39|-61|CG1254657|-28|-49|CG1254657|-28|-49|CG1254658|-29|-45|CG1254658|-29|-45|CG1254658|-29|-45|CG1254658|-29|-45|CG1254658|-29|-45|CG1254658|-29|-45|CG1254659|-29|-47|CG1254660|-38|-50|CG1254661|-45|-41|CG1254661|-45|-41|CG1254661|-45|-41|CG1254661|-45|-41|CG1254660|-38|-50|CG1254660|-38|-50|CG1254659|-29|-47|CG1254659|-29|-47
603|3|7|1088|13|CG1254185|-17|-62|CG1254185|-17|-62|CG1254186|-25|-58|CG1254186|-25|-58|CG1254187|-14|-64|CG1254187|-14|-64|CG1254188|-22|-77|CG1254189|-30|-77|CG1254190|-18|-84|CG1254191|-29|-77|CG1254191|-29|-77|CG1254192|-23|-58|CG1254192|-23|-58
603|3|8|1000|2|CG1254649|-14|-57|CG1254650|-56|-42
603|3|9|1000|1|CG1254651|-21|-52
603|3|10|1190|6|CG1254643|-15|-61|CG1254644|-19|-59|CG1254645|-8|-56|CG1254646|-10|-38|CG1254647|-11|-26|CG1254648|-12|-22
603|4|0|8000|40|CG1254716|-17|-63|CG1254717|-18|-63|CG1254718|-19|-63|CG1254717|-18|-63|CG1254716|-17|-63|CG1254719|-19|-63|CG1254720|-20|-63|CG1254720|-20|-63|CG1254720|-20|-63|CG1254720|-20|-63|CG1254719|-19|-63|CG1254716|-17|-63|CG1254717|-18|-63|CG1254718|-19|-63|CG1254717|-18|-63|CG1254716|-17|-63|CG1254717|-18|-63|CG1254718|-19|-63|CG1254717|-18|-63|CG1254716|-17|-63|CG1254719|-19|-63|CG1254720|-20|-63|CG1254720|-20|-63|CG1254720|-20|-63|CG1254719|-19|-63|CG1254716|-17|-63|CG1254719|-19|-63|CG1254720|-20|-63|CG1254720|-20|-63|CG1254720|-20|-63|CG1254720|-20|-63|CG1254719|-19|-63|CG1254716|-17|-63|CG1254717|-18|-63|CG1254718|-19|-63|CG1254717|-18|-63|CG1254716|-17|-63|CG1254717|-18|-63|CG1254718|-19|-63|CG1254717|-18|-63
603|4|1|1000|6|CG1254723|-21|-59|CG1254724|-21|-62|CG1254725|-23|-60|CG1254726|-22|-58|CG1254727|-20|-62|CG1254728|-21|-61
603|4|2|600|5|CG1325581|-118|-123|CG1325582|-92|-162|CG1325583|-82|-152|CG1325584|-98|-119|CG1325585|-112|-122
603|4|3|510|6|CG1254686|-35|-55|CG1254687|-31|-50|CG1254688|-23|-55|CG1254689|-23|-59|CG1254690|-21|-54|CG1254691|-27|-53
603|4|4|
603|4|5|1190|21|CG1254680|-11|-60|CG1254680|-11|-60|CG1254681|-9|-57|CG1254681|-9|-57|CG1254682|-11|-58|CG1254683|-13|-55|CG1254684|-14|-54|CG1254683|-13|-55|CG1254682|-11|-58|CG1254683|-13|-55|CG1254684|-14|-54|CG1254683|-13|-55|CG1254682|-11|-58|CG1254683|-13|-55|CG1254684|-14|-54|CG1254683|-13|-55|CG1254682|-11|-58|CG1254683|-13|-55|CG1254684|-14|-54|CG1254685|-13|-59|CG1254685|-13|-59
603|4|6|2091|24|CG1254705|-26|-57|CG1254705|-26|-57|CG1254706|-35|-71|CG1254706|-35|-71|CG1254707|-31|-63|CG1254707|-31|-63|CG1254708|-33|-53|CG1254708|-33|-53|CG1254709|-33|-43|CG1254709|-33|-43|CG1254709|-33|-43|CG1254709|-33|-43|CG1254709|-33|-43|CG1254709|-33|-43|CG1254710|-33|-54|CG1254711|-35|-54|CG1254712|-39|-51|CG1254712|-39|-51|CG1254712|-39|-51|CG1254712|-39|-51|CG1254711|-35|-54|CG1254711|-35|-54|CG1254710|-33|-54|CG1254710|-33|-54
603|4|7|1088|13|CG1254253|-25|-60|CG1254253|-25|-60|CG1254254|-30|-50|CG1254254|-30|-50|CG1254255|-21|-64|CG1254255|-21|-64|CG1254256|-27|-77|CG1254257|-34|-79|CG1254258|-14|-81|CG1254259|-23|-70|CG1254259|-23|-70|CG1254260|-21|-55|CG1254260|-21|-55
603|4|8|1000|2|CG1254700|-17|-52|CG1254701|-45|-50
603|4|9|1000|1|CG1254702|-19|-52
603|4|10|1190|6|CG1254694|-26|-63|CG1254695|-34|-60|CG1254696|-14|-50|CG1254697|-15|-24|CG1254698|-16|-19|CG1254699|-16|-17
603|5|0|8000|40|CG1254767|-20|-60|CG1254768|-21|-60|CG1254769|-21|-60|CG1254768|-21|-60|CG1254767|-20|-60|CG1254770|-21|-61|CG1254771|-22|-61|CG1254771|-22|-61|CG1254771|-22|-61|CG1254771|-22|-61|CG1254770|-21|-61|CG1254767|-20|-60|CG1254768|-21|-60|CG1254769|-21|-60|CG1254768|-21|-60|CG1254767|-20|-60|CG1254768|-21|-60|CG1254769|-21|-60|CG1254768|-21|-60|CG1254767|-20|-60|CG1254770|-21|-61|CG1254771|-22|-61|CG1254771|-22|-61|CG1254771|-22|-61|CG1254770|-21|-61|CG1254767|-20|-60|CG1254770|-21|-61|CG1254771|-22|-61|CG1254771|-22|-61|CG1254771|-22|-61|CG1254771|-22|-61|CG1254770|-21|-61|CG1254767|-20|-60|CG1254768|-21|-60|CG1254769|-21|-60|CG1254768|-21|-60|CG1254767|-20|-60|CG1254768|-21|-60|CG1254769|-21|-60|CG1254768|-21|-60
603|5|1|1000|6|CG1254774|-26|-57|CG1254775|-28|-60|CG1254776|-26|-58|CG1254777|-23|-57|CG1254778|-24|-59|CG1254779|-26|-58
603|5|2|600|5|CG1325637|-87|-102|CG1325638|-101|-134|CG1325639|-81|-118|CG1325640|-146|-102|CG1325641|-132|-115
603|5|3|510|6|CG1254737|-44|-56|CG1254738|-43|-50|CG1254739|-28|-50|CG1254740|-27|-56|CG1254741|-30|-49|CG1254742|-35|-50
603|5|4|
603|5|5|1190|21|CG1254731|-25|-57|CG1254731|-25|-57|CG1254732|-22|-52|CG1254732|-22|-52|CG1254733|-17|-54|CG1254734|-16|-52|CG1254735|-17|-51|CG1254734|-16|-52|CG1254733|-17|-54|CG1254734|-16|-52|CG1254735|-17|-51|CG1254734|-16|-52|CG1254733|-17|-54|CG1254734|-16|-52|CG1254735|-17|-51|CG1254734|-16|-52|CG1254733|-17|-54|CG1254734|-16|-52|CG1254735|-17|-51|CG1254736|-17|-56|CG1254736|-17|-56
603|5|6|2091|24|CG1254756|-39|-53|CG1254756|-39|-53|CG1254757|-29|-79|CG1254757|-29|-79|CG1254758|-34|-60|CG1254758|-34|-60|CG1254759|-42|-51|CG1254759|-42|-51|CG1254760|-42|-40|CG1254760|-42|-40|CG1254760|-42|-40|CG1254760|-42|-40|CG1254760|-42|-40|CG1254760|-42|-40|CG1254761|-42|-54|CG1254762|-42|-55|CG1254763|-41|-55|CG1254763|-41|-55|CG1254763|-41|-55|CG1254763|-41|-55|CG1254762|-42|-55|CG1254762|-42|-55|CG1254761|-42|-54|CG1254761|-42|-54
603|5|7|1088|13|CG1254321|-24|-57|CG1254321|-24|-57|CG1254322|-22|-51|CG1254322|-22|-51|CG1254323|-22|-63|CG1254323|-22|-63|CG1254324|-23|-77|CG1254325|-21|-80|CG1254326|-20|-79|CG1254327|-20|-62|CG1254327|-20|-62|CG1254328|-22|-51|CG1254328|-22|-51
603|5|8|1000|2|CG1254751|-26|-45|CG1254752|-29|-56
603|5|9|1000|1|CG1254753|-34|-49
603|5|10|1190|6|CG1254745|-34|-60|CG1254746|-53|-57|CG1254747|-36|-51|CG1254748|-36|-20|CG1254749|-37|-15|CG1254750|-37|-15
603|6|0|8000|40|CG1254818|-37|-63|CG1254819|-35|-63|CG1254820|-34|-63|CG1254819|-35|-63|CG1254818|-37|-63|CG1254821|-38|-63|CG1254822|-40|-63|CG1254822|-40|-63|CG1254822|-40|-63|CG1254822|-40|-63|CG1254821|-38|-63|CG1254818|-37|-63|CG1254819|-35|-63|CG1254820|-34|-63|CG1254819|-35|-63|CG1254818|-37|-63|CG1254819|-35|-63|CG1254820|-34|-63|CG1254819|-35|-63|CG1254818|-37|-63|CG1254821|-38|-63|CG1254822|-40|-63|CG1254822|-40|-63|CG1254822|-40|-63|CG1254821|-38|-63|CG1254818|-37|-63|CG1254821|-38|-63|CG1254822|-40|-63|CG1254822|-40|-63|CG1254822|-40|-63|CG1254822|-40|-63|CG1254821|-38|-63|CG1254818|-37|-63|CG1254819|-35|-63|CG1254820|-34|-63|CG1254819|-35|-63|CG1254818|-37|-63|CG1254819|-35|-63|CG1254820|-34|-63|CG1254819|-35|-63
603|6|1|1000|6|CG1254825|-35|-58|CG1254826|-40|-62|CG1254827|-38|-61|CG1254828|-36|-59|CG1254829|-39|-62|CG1254830|-36|-60
603|6|2|600|5|CG1325693|-56|-115|CG1325694|-66|-158|CG1325695|-93|-143|CG1325696|-109|-126|CG1325697|-81|-115
603|6|3|510|6|CG1254788|-35|-59|CG1254789|-36|-54|CG1254790|-41|-53|CG1254791|-31|-54|CG1254792|-31|-50|CG1254793|-40|-55
603|6|4|
603|6|5|1190|21|CG1254782|-48|-60|CG1254782|-48|-60|CG1254783|-42|-56|CG1254783|-42|-56|CG1254784|-50|-52|CG1254785|-45|-51|CG1254786|-33|-50|CG1254785|-45|-51|CG1254784|-50|-52|CG1254785|-45|-51|CG1254786|-33|-50|CG1254785|-45|-51|CG1254784|-50|-52|CG1254785|-45|-51|CG1254786|-33|-50|CG1254785|-45|-51|CG1254784|-50|-52|CG1254785|-45|-51|CG1254786|-33|-50|CG1254787|-41|-56|CG1254787|-41|-56
603|6|6|2091|24|CG1254807|-40|-57|CG1254807|-40|-57|CG1254808|-26|-83|CG1254808|-26|-83|CG1254809|-25|-63|CG1254809|-25|-63|CG1254810|-37|-53|CG1254810|-37|-53|CG1254811|-38|-43|CG1254811|-38|-43|CG1254811|-38|-43|CG1254811|-38|-43|CG1254811|-38|-43|CG1254811|-38|-43|CG1254812|-38|-54|CG1254813|-38|-54|CG1254814|-37|-51|CG1254814|-37|-51|CG1254814|-37|-51|CG1254814|-37|-51|CG1254813|-38|-54|CG1254813|-38|-54|CG1254812|-38|-54|CG1254812|-38|-54
603|6|7|1088|13|CG1254389|-16|-60|CG1254389|-16|-60|CG1254390|-22|-55|CG1254390|-22|-55|CG1254391|-19|-64|CG1254391|-19|-64|CG1254392|-16|-76|CG1254393|-21|-79|CG1254394|-29|-81|CG1254395|-25|-63|CG1254395|-25|-63|CG1254396|-24|-55|CG1254396|-24|-55
603|6|8|1000|2|CG1254802|-43|-49|CG1254803|-23|-50
603|6|9|1000|1|CG1254804|-32|-53
603|6|10|1190|6|CG1254796|-20|-63|CG1254797|-47|-60|CG1254798|-48|-67|CG1254799|-65|-31|CG1254800|-84|-19|CG1254801|-85|-18
603|7|0|8000|40|CG1254869|-37|-62|CG1254870|-36|-63|CG1254871|-35|-63|CG1254870|-36|-63|CG1254869|-37|-62|CG1254872|-36|-61|CG1254873|-36|-59|CG1254873|-36|-59|CG1254873|-36|-59|CG1254873|-36|-59|CG1254872|-36|-61|CG1254869|-37|-62|CG1254870|-36|-63|CG1254871|-35|-63|CG1254870|-36|-63|CG1254869|-37|-62|CG1254870|-36|-63|CG1254871|-35|-63|CG1254870|-36|-63|CG1254869|-37|-62|CG1254872|-36|-61|CG1254873|-36|-59|CG1254873|-36|-59|CG1254873|-36|-59|CG1254872|-36|-61|CG1254869|-37|-62|CG1254872|-36|-61|CG1254873|-36|-59|CG1254873|-36|-59|CG1254873|-36|-59|CG1254873|-36|-59|CG1254872|-36|-61|CG1254869|-37|-62|CG1254870|-36|-63|CG1254871|-35|-63|CG1254870|-36|-63|CG1254869|-37|-62|CG1254870|-36|-63|CG1254871|-35|-63|CG1254870|-36|-63
603|7|1|1000|6|CG1254876|-26|-59|CG1254877|-31|-63|CG1254878|-32|-60|CG1254879|-33|-58|CG1254880|-34|-62|CG1254881|-28|-61
603|7|2|600|5|CG1325749|-65|-111|CG1325750|-73|-164|CG1325751|-68|-170|CG1325752|-60|-150|CG1325753|-60|-127
603|7|3|510|6|CG1254839|-27|-61|CG1254840|-27|-59|CG1254841|-39|-59|CG1254842|-37|-60|CG1254843|-37|-58|CG1254844|-28|-60
603|7|4|
603|7|5|1190|21|CG1254833|-44|-62|CG1254833|-44|-62|CG1254834|-40|-67|CG1254834|-40|-67|CG1254835|-56|-60|CG1254836|-63|-52|CG1254837|-57|-52|CG1254836|-63|-52|CG1254835|-56|-60|CG1254836|-63|-52|CG1254837|-57|-52|CG1254836|-63|-52|CG1254835|-56|-60|CG1254836|-63|-52|CG1254837|-57|-52|CG1254836|-63|-52|CG1254835|-56|-60|CG1254836|-63|-52|CG1254837|-57|-52|CG1254838|-54|-61|CG1254838|-54|-61
603|7|6|2091|24|CG1254858|-25|-59|CG1254858|-25|-59|CG1254859|-22|-81|CG1254859|-22|-81|CG1254860|-14|-67|CG1254860|-14|-67|CG1254861|-18|-49|CG1254861|-18|-49|CG1254862|-19|-45|CG1254862|-19|-45|CG1254862|-19|-45|CG1254862|-19|-45|CG1254862|-19|-45|CG1254862|-19|-45|CG1254863|-19|-47|CG1254864|-18|-44|CG1254865|-19|-41|CG1254865|-19|-41|CG1254865|-19|-41|CG1254865|-19|-41|CG1254864|-18|-44|CG1254864|-18|-44|CG1254863|-19|-47|CG1254863|-19|-47
603|7|7|1088|13|CG1254457|-19|-61|CG1254457|-19|-61|CG1254458|-27|-59|CG1254458|-27|-59|CG1254459|-33|-64|CG1254459|-33|-64|CG1254460|-22|-74|CG1254461|-30|-74|CG1254462|-24|-82|CG1254463|-33|-71|CG1254463|-33|-71|CG1254464|-22|-58|CG1254464|-22|-58
603|7|8|1000|2|CG1254853|-38|-56|CG1254854|-12|-50
603|7|9|1000|1|CG1254855|-23|-61
603|7|10|1190|6|CG1254847|-14|-61|CG1254848|-19|-59|CG1254849|-36|-80|CG1254850|-64|-56|CG1254851|-86|-27|CG1254852|-87|-25
