573|0|0|1717|4|CG1240758|-22|-70|CG1240759|-24|-70|CG1240760|-26|-71|CG1240761|-24|-70
573|0|1|1000|6|CG1240764|-31|-71|CG1240765|-29|-72|CG1240766|-25|-73|CG1240767|-24|-72|CG1240768|-25|-73|CG1240769|-27|-72
573|0|2|600|5|CG1325357|-54|-113|CG1325358|-66|-144|CG1325359|-95|-176|CG1325360|-103|-137|CG1325361|-78|-106
573|0|3|510|6|CG1240728|-27|-69|CG1240729|-30|-72|CG1240730|-34|-70|CG1240731|-35|-69|CG1240732|-32|-72|CG1240733|-28|-70
573|0|4|
573|0|5|1156|18|CG1240716|-49|-73|CG1240720|-50|-73|CG1240720|-50|-73|CG1240721|-51|-73|CG1240722|-34|-102|CG1240723|-33|-91|CG1240724|-34|-75|CG1240725|-41|-71|CG1240725|-41|-71|CG1240725|-41|-71|CG1240725|-41|-71|CG1240726|-68|-75|CG1240727|-69|-77|CG1240717|-67|-78|CG1240718|-54|-80|CG1240718|-54|-80|CG1240719|-40|-77|CG1240719|-40|-77
573|0|6|2397|24|CG1240747|-41|-83|CG1240748|-41|-83|CG1240749|-41|-83|CG1240750|-41|-83|CG1240751|-41|-83|CG1240752|-41|-83|CG1240753|-41|-83|CG1240749|-41|-83|CG1240750|-41|-83|CG1240751|-41|-83|CG1240752|-41|-83|CG1240753|-41|-83|CG1240749|-41|-83|CG1240750|-41|-83|CG1240751|-41|-83|CG1240752|-41|-83|CG1240753|-41|-83|CG1240749|-41|-83|CG1240750|-41|-83|CG1240751|-41|-83|CG1240752|-41|-83|CG1240753|-41|-83|CG1240748|-41|-83|CG1240747|-41|-83
573|0|7|1496|20|CG1240228|-15|-71|CG1240228|-15|-71|CG1240229|-19|-70|CG1240229|-19|-70|CG1240230|-15|-69|CG1240230|-15|-69|CG1240231|-16|-68|CG1240231|-16|-68|CG1240230|-15|-69|CG1240230|-15|-69|CG1240231|-16|-68|CG1240231|-16|-68|CG1240230|-15|-69|CG1240230|-15|-69|CG1240231|-16|-68|CG1240231|-16|-68|CG1240232|-18|-69|CG1240233|-19|-70|CG1240234|-15|-69|CG1240235|-15|-69
573|0|8|1000|2|CG1240742|-34|-68|CG1240743|-32|-52
573|0|9|1000|1|CG1240744|-37|-72
573|0|10|1000|6|CG1240736|-28|-63|CG1240737|-27|-68|CG1240738|-48|-65|CG1240739|-70|-38|CG1240740|-70|-37|CG1240741|-89|-22
573|1|0|1717|4|CG1240814|-17|-69|CG1240815|-17|-70|CG1240816|-17|-70|CG1240817|-17|-70
573|1|1|1000|6|CG1240820|-17|-72|CG1240821|-17|-73|CG1240822|-17|-73|CG1240823|-16|-72|CG1240824|-17|-73|CG1240825|-17|-73
573|1|2|600|5|CG1325413|-100|-113|CG1325414|-102|-107|CG1325415|-90|-159|CG1325416|-142|-98|CG1325417|-131|-103
573|1|3|510|6|CG1240784|-30|-68|CG1240785|-31|-71|CG1240786|-29|-71|CG1240787|-29|-71|CG1240788|-30|-71|CG1240789|-30|-70
573|1|4|
573|1|5|1156|18|CG1240772|-22|-77|CG1240776|-14|-76|CG1240776|-14|-76|CG1240777|-39|-76|CG1240778|-20|-103|CG1240779|-21|-91|CG1240780|-21|-78|CG1240781|-21|-72|CG1240781|-21|-72|CG1240781|-21|-72|CG1240781|-21|-72|CG1240782|-20|-85|CG1240783|-15|-82|CG1240773|-15|-83|CG1240774|-17|-92|CG1240774|-17|-92|CG1240775|-34|-79|CG1240775|-34|-79
573|1|6|2397|24|CG1240803|-26|-95|CG1240804|-26|-95|CG1240805|-26|-95|CG1240806|-26|-95|CG1240807|-26|-95|CG1240808|-26|-95|CG1240809|-26|-95|CG1240805|-26|-95|CG1240806|-26|-95|CG1240807|-26|-95|CG1240808|-26|-95|CG1240809|-26|-95|CG1240805|-26|-95|CG1240806|-26|-95|CG1240807|-26|-95|CG1240808|-26|-95|CG1240809|-26|-95|CG1240805|-26|-95|CG1240806|-26|-95|CG1240807|-26|-95|CG1240808|-26|-95|CG1240809|-26|-95|CG1240804|-26|-95|CG1240803|-26|-95
573|1|7|1496|20|CG1240295|-18|-71|CG1240295|-18|-71|CG1240296|-17|-71|CG1240296|-17|-71|CG1240297|-20|-68|CG1240297|-20|-68|CG1240298|-21|-68|CG1240298|-21|-68|CG1240297|-20|-68|CG1240297|-20|-68|CG1240298|-21|-68|CG1240298|-21|-68|CG1240297|-20|-68|CG1240297|-20|-68|CG1240298|-21|-68|CG1240298|-21|-68|CG1240299|-19|-71|CG1240300|-18|-69|CG1240301|-17|-68|CG1240302|-16|-68
573|1|8|1000|2|CG1240798|-18|-67|CG1240799|-23|-48
573|1|9|1000|1|CG1240800|-20|-82
573|1|10|1000|6|CG1240792|-26|-61|CG1240793|-30|-68|CG1240794|-38|-75|CG1240795|-58|-63|CG1240796|-69|-55|CG1240797|-75|-34
573|2|0|1717|4|CG1240870|-20|-69|CG1240871|-20|-70|CG1240872|-20|-70|CG1240873|-20|-70
573|2|1|1000|6|CG1240876|-19|-72|CG1240877|-19|-73|CG1240878|-19|-72|CG1240879|-19|-71|CG1240880|-19|-72|CG1240881|-19|-73
573|2|2|600|5|CG1325469|-119|-113|CG1325470|-90|-142|CG1325471|-82|-174|CG1325472|-99|-116|CG1325473|-109|-103
573|2|3|510|6|CG1240840|-20|-77|CG1240841|-19|-79|CG1240842|-21|-79|CG1240843|-27|-78|CG1240844|-18|-79|CG1240845|-19|-78
573|2|4|
573|2|5|1156|18|CG1240828|-5|-77|CG1240832|-5|-71|CG1240832|-5|-71|CG1240833|-6|-74|CG1240834|-7|-92|CG1240835|-8|-75|CG1240836|-8|-71|CG1240837|-8|-69|CG1240837|-8|-69|CG1240837|-8|-69|CG1240837|-8|-69|CG1240838|-7|-76|CG1240839|4|-78|CG1240829|3|-79|CG1240830|-1|-89|CG1240830|-1|-89|CG1240831|-9|-81|CG1240831|-9|-81
573|2|6|2397|24|CG1240859|-16|-99|CG1240860|-18|-99|CG1240861|-21|-99|CG1240862|-21|-99|CG1240863|-21|-99|CG1240864|-20|-99|CG1240865|-18|-99|CG1240861|-21|-99|CG1240862|-21|-99|CG1240863|-21|-99|CG1240864|-20|-99|CG1240865|-18|-99|CG1240861|-21|-99|CG1240862|-21|-99|CG1240863|-21|-99|CG1240864|-20|-99|CG1240865|-18|-99|CG1240861|-21|-99|CG1240862|-21|-99|CG1240863|-21|-99|CG1240864|-20|-99|CG1240865|-18|-99|CG1240860|-18|-99|CG1240859|-16|-99
573|2|7|1496|20|CG1240362|-20|-72|CG1240362|-20|-72|CG1240363|-21|-71|CG1240363|-21|-71|CG1240364|-22|-70|CG1240364|-22|-70|CG1240365|-23|-69|CG1240365|-23|-69|CG1240364|-22|-70|CG1240364|-22|-70|CG1240365|-23|-69|CG1240365|-23|-69|CG1240364|-22|-70|CG1240364|-22|-70|CG1240365|-23|-69|CG1240365|-23|-69|CG1240366|-22|-72|CG1240367|-23|-71|CG1240368|-23|-69|CG1240369|-22|-69
573|2|8|1000|2|CG1240854|-11|-67|CG1240855|-35|-53
573|2|9|1000|1|CG1240856|-11|-84
573|2|10|1000|6|CG1240848|-25|-53|CG1240849|-18|-62|CG1240850|-29|-69|CG1240851|-42|-78|CG1240852|-40|-74|CG1240853|-35|-48
573|3|0|1717|4|CG1240926|-19|-70|CG1240927|-18|-70|CG1240928|-18|-70|CG1240929|-18|-70
573|3|1|1000|6|CG1240932|-19|-73|CG1240933|-18|-73|CG1240934|-17|-73|CG1240935|-18|-72|CG1240936|-17|-73|CG1240937|-17|-73
573|3|2|600|5|CG1325525|-125|-117|CG1325526|-119|-165|CG1325527|-116|-175|CG1325528|-58|-136|CG1325529|-81|-129
573|3|3|510|6|CG1240896|-29|-79|CG1240897|-19|-80|CG1240898|-22|-77|CG1240899|-29|-76|CG1240900|-19|-79|CG1240901|-22|-80
573|3|4|
573|3|5|1156|18|CG1240884|-2|-65|CG1240888|-3|-62|CG1240888|-3|-62|CG1240889|-4|-69|CG1240890|-6|-75|CG1240891|-6|-65|CG1240892|-7|-65|CG1240893|-7|-64|CG1240893|-7|-64|CG1240893|-7|-64|CG1240893|-7|-64|CG1240894|-4|-68|CG1240895|12|-66|CG1240885|10|-68|CG1240886|9|-71|CG1240886|9|-71|CG1240887|-2|-78|CG1240887|-2|-78
573|3|6|2397|24|CG1240915|-17|-93|CG1240916|-18|-93|CG1240917|-19|-93|CG1240918|-20|-93|CG1240919|-19|-93|CG1240920|-19|-93|CG1240921|-19|-93|CG1240917|-19|-93|CG1240918|-20|-93|CG1240919|-19|-93|CG1240920|-19|-93|CG1240921|-19|-93|CG1240917|-19|-93|CG1240918|-20|-93|CG1240919|-19|-93|CG1240920|-19|-93|CG1240921|-19|-93|CG1240917|-19|-93|CG1240918|-20|-93|CG1240919|-19|-93|CG1240920|-19|-93|CG1240921|-19|-93|CG1240916|-18|-93|CG1240915|-17|-93
573|3|7|1496|20|CG1240429|-18|-72|CG1240429|-18|-72|CG1240430|-19|-71|CG1240430|-19|-71|CG1240431|-24|-71|CG1240431|-24|-71|CG1240432|-24|-71|CG1240432|-24|-71|CG1240431|-24|-71|CG1240431|-24|-71|CG1240432|-24|-71|CG1240432|-24|-71|CG1240431|-24|-71|CG1240431|-24|-71|CG1240432|-24|-71|CG1240432|-24|-71|CG1240433|-20|-72|CG1240434|-18|-71|CG1240435|-20|-70|CG1240436|-20|-69
573|3|8|1000|2|CG1240910|-12|-66|CG1240911|-39|-60
573|3|9|1000|1|CG1240912|-13|-76
573|3|10|1000|6|CG1240904|-18|-54|CG1240905|-10|-60|CG1240906|-12|-63|CG1240907|-10|-74|CG1240908|-5|-76|CG1240909|-8|-49
573|4|0|1717|4|CG1240982|-22|-71|CG1240983|-21|-71|CG1240984|-21|-71|CG1240985|-21|-71
573|4|1|1000|6|CG1240988|-18|-73|CG1240989|-19|-73|CG1240990|-19|-73|CG1240991|-19|-72|CG1240992|-19|-73|CG1240993|-18|-73
573|4|2|600|5|CG1325581|-118|-123|CG1325582|-92|-162|CG1325583|-82|-152|CG1325584|-98|-119|CG1325585|-112|-122
573|4|3|510|6|CG1240952|-27|-73|CG1240953|-18|-72|CG1240954|-19|-68|CG1240955|-19|-66|CG1240956|-18|-70|CG1240957|-21|-73
573|4|4|
573|4|5|1156|18|CG1240940|-4|-58|CG1240944|-14|-50|CG1240944|-14|-50|CG1240945|-3|-56|CG1240946|-10|-61|CG1240947|-10|-62|CG1240948|-11|-62|CG1240949|-13|-62|CG1240949|-13|-62|CG1240949|-13|-62|CG1240949|-13|-62|CG1240950|-2|-58|CG1240951|10|-52|CG1240941|7|-54|CG1240942|1|-62|CG1240942|1|-62|CG1240943|-6|-67|CG1240943|-6|-67
573|4|6|2397|24|CG1240971|-16|-80|CG1240972|-18|-80|CG1240973|-21|-80|CG1240974|-21|-80|CG1240975|-20|-80|CG1240976|-19|-80|CG1240977|-20|-80|CG1240973|-21|-80|CG1240974|-21|-80|CG1240975|-20|-80|CG1240976|-19|-80|CG1240977|-20|-80|CG1240973|-21|-80|CG1240974|-21|-80|CG1240975|-20|-80|CG1240976|-19|-80|CG1240977|-20|-80|CG1240973|-21|-80|CG1240974|-21|-80|CG1240975|-20|-80|CG1240976|-19|-80|CG1240977|-20|-80|CG1240972|-18|-80|CG1240971|-16|-80
573|4|7|1496|20|CG1240496|-19|-72|CG1240496|-19|-72|CG1240497|-16|-72|CG1240497|-16|-72|CG1240498|-17|-71|CG1240498|-17|-71|CG1240499|-17|-71|CG1240499|-17|-71|CG1240498|-17|-71|CG1240498|-17|-71|CG1240499|-17|-71|CG1240499|-17|-71|CG1240498|-17|-71|CG1240498|-17|-71|CG1240499|-17|-71|CG1240499|-17|-71|CG1240500|-16|-72|CG1240501|-20|-73|CG1240502|-23|-72|CG1240503|-22|-72
573|4|8|1000|2|CG1240966|-21|-63|CG1240967|-35|-69
573|4|9|1000|1|CG1240968|-13|-67
573|4|10|1000|6|CG1240960|-24|-55|CG1240961|-24|-58|CG1240962|-10|-58|CG1240963|-14|-53|CG1240964|-13|-59|CG1240965|-12|-37
573|5|0|1717|4|CG1241038|-21|-70|CG1241039|-20|-70|CG1241040|-19|-70|CG1241041|-20|-70
573|5|1|1000|6|CG1241044|-17|-70|CG1241045|-18|-71|CG1241046|-18|-71|CG1241047|-19|-70|CG1241048|-18|-71|CG1241049|-18|-71
573|5|2|600|5|CG1325637|-87|-102|CG1325638|-101|-134|CG1325639|-81|-118|CG1325640|-146|-102|CG1325641|-132|-115
573|5|3|510|6|CG1241008|-16|-66|CG1241009|-17|-69|CG1241010|-20|-67|CG1241011|-21|-66|CG1241012|-19|-69|CG1241013|-16|-67
573|5|4|
573|5|5|1156|18|CG1240996|-19|-54|CG1241000|-24|-48|CG1241000|-24|-48|CG1241001|-19|-53|CG1241002|-21|-59|CG1241003|-28|-60|CG1241004|-22|-61|CG1241005|-22|-62|CG1241005|-22|-62|CG1241005|-22|-62|CG1241005|-22|-62|CG1241006|-19|-53|CG1241007|-17|-43|CG1240997|-17|-46|CG1240998|-16|-57|CG1240998|-16|-57|CG1240999|-17|-64|CG1240999|-17|-64
573|5|6|2397|24|CG1241027|-16|-70|CG1241028|-21|-71|CG1241029|-21|-75|CG1241030|-23|-75|CG1241031|-23|-74|CG1241032|-21|-73|CG1241033|-21|-73|CG1241029|-21|-75|CG1241030|-23|-75|CG1241031|-23|-74|CG1241032|-21|-73|CG1241033|-21|-73|CG1241029|-21|-75|CG1241030|-23|-75|CG1241031|-23|-74|CG1241032|-21|-73|CG1241033|-21|-73|CG1241029|-21|-75|CG1241030|-23|-75|CG1241031|-23|-74|CG1241032|-21|-73|CG1241033|-21|-73|CG1241028|-21|-71|CG1241027|-16|-70
573|5|7|1496|20|CG1240563|-17|-71|CG1240563|-17|-71|CG1240564|-14|-70|CG1240564|-14|-70|CG1240565|-14|-71|CG1240565|-14|-71|CG1240566|-14|-71|CG1240566|-14|-71|CG1240565|-14|-71|CG1240565|-14|-71|CG1240566|-14|-71|CG1240566|-14|-71|CG1240565|-14|-71|CG1240565|-14|-71|CG1240566|-14|-71|CG1240566|-14|-71|CG1240567|-14|-71|CG1240568|-14|-71|CG1240569|-19|-71|CG1240570|-20|-71
573|5|8|1000|2|CG1241022|-19|-59|CG1241023|-36|-73
573|5|9|1000|1|CG1241024|-25|-66
573|5|10|1000|6|CG1241016|-29|-54|CG1241017|-36|-54|CG1241018|-13|-49|CG1241019|-18|-33|CG1241020|-18|-30|CG1241021|-19|-17
573|6|0|1717|4|CG1241094|-52|-70|CG1241095|-51|-70|CG1241096|-50|-70|CG1241097|-51|-70
573|6|1|1000|6|CG1241100|-44|-72|CG1241101|-46|-73|CG1241102|-49|-73|CG1241103|-50|-73|CG1241104|-49|-74|CG1241105|-48|-73
573|6|2|600|5|CG1325693|-56|-115|CG1325694|-66|-158|CG1325695|-93|-143|CG1325696|-109|-126|CG1325697|-81|-115
573|6|3|510|6|CG1241064|-21|-66|CG1241065|-21|-70|CG1241066|-21|-69|CG1241067|-21|-67|CG1241068|-21|-70|CG1241069|-22|-68
573|6|4|
573|6|5|1156|18|CG1241052|-36|-58|CG1241056|-38|-55|CG1241056|-38|-55|CG1241057|-37|-59|CG1241058|-46|-72|CG1241059|-64|-63|CG1241060|-65|-63|CG1241061|-57|-64|CG1241061|-57|-64|CG1241061|-57|-64|CG1241061|-57|-64|CG1241062|-78|-60|CG1241063|-82|-51|CG1241053|-82|-53|CG1241054|-37|-62|CG1241054|-37|-62|CG1241055|-30|-67|CG1241055|-30|-67
573|6|6|2397|24|CG1241083|-20|-73|CG1241084|-20|-76|CG1241085|-25|-80|CG1241086|-24|-80|CG1241087|-20|-79|CG1241088|-21|-78|CG1241089|-24|-77|CG1241085|-25|-80|CG1241086|-24|-80|CG1241087|-20|-79|CG1241088|-21|-78|CG1241089|-24|-77|CG1241085|-25|-80|CG1241086|-24|-80|CG1241087|-20|-79|CG1241088|-21|-78|CG1241089|-24|-77|CG1241085|-25|-80|CG1241086|-24|-80|CG1241087|-20|-79|CG1241088|-21|-78|CG1241089|-24|-77|CG1241084|-20|-76|CG1241083|-20|-73
573|6|7|1496|20|CG1240630|-25|-72|CG1240630|-25|-72|CG1240631|-18|-72|CG1240631|-18|-72|CG1240632|-18|-70|CG1240632|-18|-70|CG1240633|-18|-70|CG1240633|-18|-70|CG1240632|-18|-70|CG1240632|-18|-70|CG1240633|-18|-70|CG1240633|-18|-70|CG1240632|-18|-70|CG1240632|-18|-70|CG1240633|-18|-70|CG1240633|-18|-70|CG1240634|-18|-72|CG1240635|-18|-72|CG1240636|-30|-71|CG1240637|-28|-71
573|6|8|1000|2|CG1241078|-36|-64|CG1241079|-53|-70
573|6|9|1000|1|CG1241080|-28|-69
573|6|10|1000|6|CG1241072|-56|-54|CG1241073|-51|-56|CG1241074|-38|-44|CG1241075|-23|-23|CG1241076|-27|-17|CG1241077|-29|-15
573|7|0|1717|4|CG1241150|-51|-71|CG1241151|-52|-71|CG1241152|-52|-71|CG1241153|-52|-71
573|7|1|1000|6|CG1241156|-52|-72|CG1241157|-52|-73|CG1241158|-51|-73|CG1241159|-51|-73|CG1241160|-51|-73|CG1241161|-52|-73
573|7|2|600|5|CG1325749|-65|-111|CG1325750|-73|-164|CG1325751|-68|-170|CG1325752|-60|-150|CG1325753|-60|-127
573|7|3|510|6|CG1241120|-20|-68|CG1241121|-21|-70|CG1241122|-22|-69|CG1241123|-22|-68|CG1241124|-21|-70|CG1241125|-20|-70
573|7|4|
573|7|5|1156|18|CG1241108|-49|-64|CG1241112|-59|-64|CG1241112|-59|-64|CG1241113|-42|-66|CG1241114|-46|-89|CG1241115|-60|-75|CG1241116|-67|-68|CG1241117|-68|-68|CG1241117|-68|-68|CG1241117|-68|-68|CG1241117|-68|-68|CG1241118|-102|-69|CG1241119|-106|-65|CG1241109|-104|-67|CG1241110|-64|-70|CG1241110|-64|-70|CG1241111|-31|-72|CG1241111|-31|-72
573|7|6|2397|24|CG1241139|-32|-73|CG1241140|-32|-77|CG1241141|-32|-81|CG1241142|-32|-81|CG1241143|-32|-80|CG1241144|-32|-79|CG1241145|-32|-79|CG1241141|-32|-81|CG1241142|-32|-81|CG1241143|-32|-80|CG1241144|-32|-79|CG1241145|-32|-79|CG1241141|-32|-81|CG1241142|-32|-81|CG1241143|-32|-80|CG1241144|-32|-79|CG1241145|-32|-79|CG1241141|-32|-81|CG1241142|-32|-81|CG1241143|-32|-80|CG1241144|-32|-79|CG1241145|-32|-79|CG1241140|-32|-77|CG1241139|-32|-73
573|7|7|1496|20|CG1240697|-23|-70|CG1240697|-23|-70|CG1240698|-21|-71|CG1240698|-21|-71|CG1240699|-17|-71|CG1240699|-17|-71|CG1240700|-17|-70|CG1240700|-17|-70|CG1240699|-17|-71|CG1240699|-17|-71|CG1240700|-17|-70|CG1240700|-17|-70|CG1240699|-17|-71|CG1240699|-17|-71|CG1240700|-17|-70|CG1240700|-17|-70|CG1240701|-19|-71|CG1240702|-21|-70|CG1240703|-28|-70|CG1240704|-20|-70
573|7|8|1000|2|CG1241134|-49|-66|CG1241135|-39|-61
573|7|9|1000|1|CG1241136|-33|-71
573|7|10|1000|6|CG1241128|-51|-53|CG1241129|-49|-56|CG1241130|-58|-48|CG1241131|-40|-31|CG1241132|-37|-24|CG1241133|-51|-18
