616|0|0|8000|40|CG1260090|-33|-59|CG1260091|-34|-59|CG1260092|-33|-59|CG1260091|-34|-59|CG1260090|-33|-59|CG1260093|-27|-56|CG1260094|-26|-56|CG1260094|-26|-56|CG1260094|-26|-56|CG1260094|-26|-56|CG1260093|-27|-56|CG1260090|-33|-59|CG1260091|-34|-59|CG1260092|-33|-59|CG1260091|-34|-59|CG1260090|-33|-59|CG1260091|-34|-59|CG1260092|-33|-59|CG1260091|-34|-59|CG1260090|-33|-59|CG1260093|-27|-56|CG1260094|-26|-56|CG1260094|-26|-56|CG1260094|-26|-56|CG1260093|-27|-56|CG1260090|-33|-59|CG1260093|-27|-56|CG1260094|-26|-56|CG1260094|-26|-56|CG1260094|-26|-56|CG1260094|-26|-56|CG1260093|-27|-56|CG1260090|-33|-59|CG1260091|-34|-59|CG1260092|-33|-59|CG1260091|-34|-59|CG1260090|-33|-59|CG1260091|-34|-59|CG1260092|-33|-59|CG1260091|-34|-59
616|0|1|1000|6|CG1260097|-19|-56|CG1260098|-23|-60|CG1260099|-26|-57|CG1260100|-29|-55|CG1260101|-27|-60|CG1260102|-22|-58
616|0|2|600|5|CG1325357|-54|-113|CG1325358|-66|-144|CG1325359|-95|-176|CG1325360|-103|-137|CG1325361|-78|-106
616|0|3|510|6|CG1260060|-35|-61|CG1260061|-31|-62|CG1260062|-36|-62|CG1260063|-43|-64|CG1260064|-42|-62|CG1260065|-29|-61
616|0|4|
616|0|5|1000|8|CG1260052|-27|-59|CG1260053|-23|-58|CG1260054|-34|-89|CG1260055|-24|-78|CG1260056|-43|-114|CG1260057|-58|-72|CG1260058|-56|-69|CG1260059|-49|-59
616|0|6|2091|24|CG1260079|-18|-58|CG1260079|-18|-58|CG1260080|-26|-86|CG1260080|-26|-86|CG1260081|-18|-75|CG1260081|-18|-75|CG1260082|-18|-43|CG1260082|-18|-43|CG1260083|-18|-44|CG1260083|-18|-44|CG1260083|-18|-44|CG1260083|-18|-44|CG1260083|-18|-44|CG1260083|-18|-44|CG1260084|-19|-39|CG1260085|-20|-35|CG1260086|-19|-31|CG1260086|-19|-31|CG1260086|-19|-31|CG1260086|-19|-31|CG1260085|-20|-35|CG1260085|-20|-35|CG1260084|-19|-39|CG1260084|-19|-39
616|0|7|1088|13|CG1259149|-23|-59|CG1259149|-23|-59|CG1259150|-23|-60|CG1259150|-23|-60|CG1259151|-33|-61|CG1259151|-33|-61|CG1259152|-26|-73|CG1259153|-26|-72|CG1259154|-22|-83|CG1259155|-28|-77|CG1259155|-28|-77|CG1259156|-21|-58|CG1259156|-21|-58
616|0|8|1000|2|CG1260074|-25|-62|CG1260075|-15|-53
616|0|9|1000|1|CG1260076|-22|-65
616|0|10|1190|6|CG1260068|-23|-58|CG1260069|-18|-65|CG1260070|-26|-95|CG1260071|-49|-79|CG1260072|-60|-57|CG1260073|-61|-54
616|1|0|8000|40|CG1260143|-16|-58|CG1260144|-15|-58|CG1260145|-15|-58|CG1260144|-15|-58|CG1260143|-16|-58|CG1260146|-17|-58|CG1260147|-18|-58|CG1260147|-18|-58|CG1260147|-18|-58|CG1260147|-18|-58|CG1260146|-17|-58|CG1260143|-16|-58|CG1260144|-15|-58|CG1260145|-15|-58|CG1260144|-15|-58|CG1260143|-16|-58|CG1260144|-15|-58|CG1260145|-15|-58|CG1260144|-15|-58|CG1260143|-16|-58|CG1260146|-17|-58|CG1260147|-18|-58|CG1260147|-18|-58|CG1260147|-18|-58|CG1260146|-17|-58|CG1260143|-16|-58|CG1260146|-17|-58|CG1260147|-18|-58|CG1260147|-18|-58|CG1260147|-18|-58|CG1260147|-18|-58|CG1260146|-17|-58|CG1260143|-16|-58|CG1260144|-15|-58|CG1260145|-15|-58|CG1260144|-15|-58|CG1260143|-16|-58|CG1260144|-15|-58|CG1260145|-15|-58|CG1260144|-15|-58
616|1|1|1000|6|CG1260150|-25|-55|CG1260151|-24|-60|CG1260152|-24|-57|CG1260153|-24|-55|CG1260154|-25|-60|CG1260155|-26|-57
616|1|2|600|5|CG1325413|-100|-113|CG1325414|-102|-107|CG1325415|-90|-159|CG1325416|-142|-98|CG1325417|-131|-103
616|1|3|510|6|CG1260113|-25|-61|CG1260114|-31|-62|CG1260115|-30|-60|CG1260116|-36|-62|CG1260117|-29|-61|CG1260118|-33|-60
616|1|4|
616|1|5|1000|8|CG1260105|-26|-57|CG1260106|-24|-57|CG1260107|-25|-88|CG1260108|-23|-79|CG1260109|-22|-113|CG1260110|-23|-75|CG1260111|-19|-79|CG1260112|-22|-65
616|1|6|2091|24|CG1260132|-29|-56|CG1260132|-29|-56|CG1260133|-29|-83|CG1260133|-29|-83|CG1260134|-33|-70|CG1260134|-33|-70|CG1260135|-22|-38|CG1260135|-22|-38|CG1260136|-22|-41|CG1260136|-22|-41|CG1260136|-22|-41|CG1260136|-22|-41|CG1260136|-22|-41|CG1260136|-22|-41|CG1260137|-21|-37|CG1260138|-21|-39|CG1260139|-31|-25|CG1260139|-31|-25|CG1260139|-31|-25|CG1260139|-31|-25|CG1260138|-21|-39|CG1260138|-21|-39|CG1260137|-21|-37|CG1260137|-21|-37
616|1|7|1088|13|CG1259217|-19|-58|CG1259217|-19|-58|CG1259218|-17|-59|CG1259218|-17|-59|CG1259219|-18|-60|CG1259219|-18|-60|CG1259220|-20|-79|CG1259221|-20|-71|CG1259222|-23|-82|CG1259223|-20|-78|CG1259223|-20|-78|CG1259224|-25|-57|CG1259224|-25|-57
616|1|8|1000|2|CG1260127|-21|-64|CG1260128|-19|-53
616|1|9|1000|1|CG1260129|-18|-60
616|1|10|1190|6|CG1260121|-33|-57|CG1260122|-31|-58|CG1260123|-25|-92|CG1260124|-28|-82|CG1260125|-26|-58|CG1260126|-25|-59
616|2|0|8000|40|CG1260196|-15|-59|CG1260197|-15|-59|CG1260198|-15|-59|CG1260197|-15|-59|CG1260196|-15|-59|CG1260199|-20|-56|CG1260200|-20|-56|CG1260200|-20|-56|CG1260200|-20|-56|CG1260200|-20|-56|CG1260199|-20|-56|CG1260196|-15|-59|CG1260197|-15|-59|CG1260198|-15|-59|CG1260197|-15|-59|CG1260196|-15|-59|CG1260197|-15|-59|CG1260198|-15|-59|CG1260197|-15|-59|CG1260196|-15|-59|CG1260199|-20|-56|CG1260200|-20|-56|CG1260200|-20|-56|CG1260200|-20|-56|CG1260199|-20|-56|CG1260196|-15|-59|CG1260199|-20|-56|CG1260200|-20|-56|CG1260200|-20|-56|CG1260200|-20|-56|CG1260200|-20|-56|CG1260199|-20|-56|CG1260196|-15|-59|CG1260197|-15|-59|CG1260198|-15|-59|CG1260197|-15|-59|CG1260196|-15|-59|CG1260197|-15|-59|CG1260198|-15|-59|CG1260197|-15|-59
616|2|1|1000|6|CG1260203|-26|-55|CG1260204|-23|-60|CG1260205|-26|-58|CG1260206|-27|-56|CG1260207|-25|-60|CG1260208|-26|-57
616|2|2|600|5|CG1325469|-119|-113|CG1325470|-90|-142|CG1325471|-82|-174|CG1325472|-99|-116|CG1325473|-109|-103
616|2|3|510|6|CG1260166|-23|-64|CG1260167|-20|-62|CG1260168|-32|-61|CG1260169|-29|-62|CG1260170|-31|-63|CG1260171|-22|-62
616|2|4|
616|2|5|1000|8|CG1260158|-27|-59|CG1260159|-30|-58|CG1260160|-13|-82|CG1260161|-17|-78|CG1260162|-6|-101|CG1260163|0|-72|CG1260164|1|-69|CG1260165|-6|-61
616|2|6|2091|24|CG1260185|-30|-58|CG1260185|-30|-58|CG1260186|-37|-81|CG1260186|-37|-81|CG1260187|-34|-60|CG1260187|-34|-60|CG1260188|-23|-43|CG1260188|-23|-43|CG1260189|-24|-44|CG1260189|-24|-44|CG1260189|-24|-44|CG1260189|-24|-44|CG1260189|-24|-44|CG1260189|-24|-44|CG1260190|-28|-39|CG1260191|-36|-45|CG1260192|-48|-30|CG1260192|-48|-30|CG1260192|-48|-30|CG1260192|-48|-30|CG1260191|-36|-45|CG1260191|-36|-45|CG1260190|-28|-39|CG1260190|-28|-39
616|2|7|1088|13|CG1259285|-15|-60|CG1259285|-15|-60|CG1259286|-13|-61|CG1259286|-13|-61|CG1259287|-14|-61|CG1259287|-14|-61|CG1259288|-20|-80|CG1259289|-28|-74|CG1259290|-26|-82|CG1259291|-22|-79|CG1259291|-22|-79|CG1259292|-25|-58|CG1259292|-25|-58
616|2|8|1000|2|CG1260180|-12|-59|CG1260181|-49|-51
616|2|9|1000|1|CG1260182|-20|-50
616|2|10|1190|6|CG1260174|-29|-58|CG1260175|-32|-57|CG1260176|-15|-75|CG1260177|-14|-67|CG1260178|-15|-46|CG1260179|-16|-45
616|3|0|8000|40|CG1260249|-14|-62|CG1260250|-14|-63|CG1260251|-14|-63|CG1260250|-14|-63|CG1260249|-14|-62|CG1260252|-17|-60|CG1260253|-18|-59|CG1260253|-18|-59|CG1260253|-18|-59|CG1260253|-18|-59|CG1260252|-17|-60|CG1260249|-14|-62|CG1260250|-14|-63|CG1260251|-14|-63|CG1260250|-14|-63|CG1260249|-14|-62|CG1260250|-14|-63|CG1260251|-14|-63|CG1260250|-14|-63|CG1260249|-14|-62|CG1260252|-17|-60|CG1260253|-18|-59|CG1260253|-18|-59|CG1260253|-18|-59|CG1260252|-17|-60|CG1260249|-14|-62|CG1260252|-17|-60|CG1260253|-18|-59|CG1260253|-18|-59|CG1260253|-18|-59|CG1260253|-18|-59|CG1260252|-17|-60|CG1260249|-14|-62|CG1260250|-14|-63|CG1260251|-14|-63|CG1260250|-14|-63|CG1260249|-14|-62|CG1260250|-14|-63|CG1260251|-14|-63|CG1260250|-14|-63
616|3|1|1000|6|CG1260256|-22|-58|CG1260257|-20|-62|CG1260258|-18|-61|CG1260259|-23|-59|CG1260260|-20|-63|CG1260261|-19|-60
616|3|2|600|5|CG1325525|-125|-117|CG1325526|-119|-165|CG1325527|-116|-175|CG1325528|-58|-136|CG1325529|-81|-129
616|3|3|510|6|CG1260219|-24|-60|CG1260220|-21|-58|CG1260221|-21|-60|CG1260222|-27|-62|CG1260223|-21|-60|CG1260224|-22|-60
616|3|4|
616|3|5|1000|8|CG1260211|-20|-62|CG1260212|-24|-54|CG1260213|-15|-77|CG1260214|-39|-77|CG1260215|-2|-85|CG1260216|14|-57|CG1260217|10|-57|CG1260218|-3|-58
616|3|6|2091|24|CG1260238|-20|-59|CG1260238|-20|-59|CG1260239|-30|-79|CG1260239|-30|-79|CG1260240|-39|-61|CG1260240|-39|-61|CG1260241|-28|-49|CG1260241|-28|-49|CG1260242|-29|-45|CG1260242|-29|-45|CG1260242|-29|-45|CG1260242|-29|-45|CG1260242|-29|-45|CG1260242|-29|-45|CG1260243|-29|-47|CG1260244|-38|-50|CG1260245|-45|-41|CG1260245|-45|-41|CG1260245|-45|-41|CG1260245|-45|-41|CG1260244|-38|-50|CG1260244|-38|-50|CG1260243|-29|-47|CG1260243|-29|-47
616|3|7|1088|13|CG1259353|-17|-62|CG1259353|-17|-62|CG1259354|-25|-58|CG1259354|-25|-58|CG1259355|-14|-64|CG1259355|-14|-64|CG1259356|-22|-77|CG1259357|-30|-77|CG1259358|-18|-84|CG1259359|-29|-77|CG1259359|-29|-77|CG1259360|-23|-58|CG1259360|-23|-58
616|3|8|1000|2|CG1260233|-14|-57|CG1260234|-56|-47
616|3|9|1000|1|CG1260235|-21|-52
616|3|10|1190|6|CG1260227|-15|-61|CG1260228|-19|-59|CG1260229|-8|-56|CG1260230|-10|-38|CG1260231|-11|-26|CG1260232|-12|-22
616|4|0|8000|40|CG1260302|-16|-63|CG1260303|-17|-63|CG1260304|-18|-63|CG1260303|-17|-63|CG1260302|-16|-63|CG1260305|-19|-63|CG1260306|-20|-63|CG1260306|-20|-63|CG1260306|-20|-63|CG1260306|-20|-63|CG1260305|-19|-63|CG1260302|-16|-63|CG1260303|-17|-63|CG1260304|-18|-63|CG1260303|-17|-63|CG1260302|-16|-63|CG1260303|-17|-63|CG1260304|-18|-63|CG1260303|-17|-63|CG1260302|-16|-63|CG1260305|-19|-63|CG1260306|-20|-63|CG1260306|-20|-63|CG1260306|-20|-63|CG1260305|-19|-63|CG1260302|-16|-63|CG1260305|-19|-63|CG1260306|-20|-63|CG1260306|-20|-63|CG1260306|-20|-63|CG1260306|-20|-63|CG1260305|-19|-63|CG1260302|-16|-63|CG1260303|-17|-63|CG1260304|-18|-63|CG1260303|-17|-63|CG1260302|-16|-63|CG1260303|-17|-63|CG1260304|-18|-63|CG1260303|-17|-63
616|4|1|1000|6|CG1260309|-21|-59|CG1260310|-21|-62|CG1260311|-22|-60|CG1260312|-22|-58|CG1260313|-20|-62|CG1260314|-21|-61
616|4|2|600|5|CG1325581|-118|-123|CG1325582|-92|-162|CG1325583|-82|-152|CG1325584|-98|-119|CG1325585|-112|-122
616|4|3|510|6|CG1260272|-45|-55|CG1260273|-40|-50|CG1260274|-23|-55|CG1260275|-23|-59|CG1260276|-21|-54|CG1260277|-27|-53
616|4|4|
616|4|5|1000|8|CG1260264|-28|-61|CG1260265|-30|-46|CG1260266|-18|-83|CG1260267|-40|-76|CG1260268|-5|-73|CG1260269|2|-46|CG1260270|0|-43|CG1260271|-9|-51
616|4|6|2091|24|CG1260291|-27|-57|CG1260291|-27|-57|CG1260292|-39|-80|CG1260292|-39|-80|CG1260293|-36|-63|CG1260293|-36|-63|CG1260294|-33|-53|CG1260294|-33|-53|CG1260295|-33|-43|CG1260295|-33|-43|CG1260295|-33|-43|CG1260295|-33|-43|CG1260295|-33|-43|CG1260295|-33|-43|CG1260296|-33|-54|CG1260297|-35|-54|CG1260298|-39|-51|CG1260298|-39|-51|CG1260298|-39|-51|CG1260298|-39|-51|CG1260297|-35|-54|CG1260297|-35|-54|CG1260296|-33|-54|CG1260296|-33|-54
616|4|7|1088|13|CG1259421|-25|-60|CG1259421|-25|-60|CG1259422|-30|-50|CG1259422|-30|-50|CG1259423|-21|-64|CG1259423|-21|-64|CG1259424|-27|-77|CG1259425|-34|-79|CG1259426|-14|-81|CG1259427|-23|-70|CG1259427|-23|-70|CG1259428|-21|-55|CG1259428|-21|-55
616|4|8|1000|2|CG1260286|-17|-52|CG1260287|-45|-50
616|4|9|1000|1|CG1260288|-31|-52
616|4|10|1190|6|CG1260280|-26|-63|CG1260281|-44|-60|CG1260282|-17|-50|CG1260283|-15|-24|CG1260284|-16|-19|CG1260285|-16|-17
616|5|0|8000|40|CG1260355|-20|-60|CG1260356|-20|-60|CG1260357|-21|-60|CG1260356|-20|-60|CG1260355|-20|-60|CG1260358|-23|-61|CG1260359|-25|-61|CG1260359|-25|-61|CG1260359|-25|-61|CG1260359|-25|-61|CG1260358|-23|-61|CG1260355|-20|-60|CG1260356|-20|-60|CG1260357|-21|-60|CG1260356|-20|-60|CG1260355|-20|-60|CG1260356|-20|-60|CG1260357|-21|-60|CG1260356|-20|-60|CG1260355|-20|-60|CG1260358|-23|-61|CG1260359|-25|-61|CG1260359|-25|-61|CG1260359|-25|-61|CG1260358|-23|-61|CG1260355|-20|-60|CG1260358|-23|-61|CG1260359|-25|-61|CG1260359|-25|-61|CG1260359|-25|-61|CG1260359|-25|-61|CG1260358|-23|-61|CG1260355|-20|-60|CG1260356|-20|-60|CG1260357|-21|-60|CG1260356|-20|-60|CG1260355|-20|-60|CG1260356|-20|-60|CG1260357|-21|-60|CG1260356|-20|-60
616|5|1|1000|6|CG1260362|-25|-57|CG1260363|-27|-60|CG1260364|-25|-58|CG1260365|-22|-57|CG1260366|-24|-59|CG1260367|-26|-58
616|5|2|600|5|CG1325637|-87|-102|CG1325638|-101|-134|CG1325639|-81|-118|CG1325640|-146|-102|CG1325641|-132|-115
616|5|3|510|6|CG1260325|-54|-56|CG1260326|-52|-50|CG1260327|-31|-50|CG1260328|-27|-56|CG1260329|-29|-49|CG1260330|-45|-50
616|5|4|
616|5|5|1000|8|CG1260317|-31|-57|CG1260318|-42|-42|CG1260319|-27|-87|CG1260320|-23|-74|CG1260321|-23|-74|CG1260322|-24|-42|CG1260323|-20|-33|CG1260324|-19|-44
616|5|6|2091|24|CG1260344|-49|-53|CG1260344|-49|-53|CG1260345|-29|-89|CG1260345|-29|-89|CG1260346|-40|-60|CG1260346|-40|-60|CG1260347|-53|-51|CG1260347|-53|-51|CG1260348|-53|-40|CG1260348|-53|-40|CG1260348|-53|-40|CG1260348|-53|-40|CG1260348|-53|-40|CG1260348|-53|-40|CG1260349|-53|-54|CG1260350|-53|-55|CG1260351|-53|-55|CG1260351|-53|-55|CG1260351|-53|-55|CG1260351|-53|-55|CG1260350|-53|-55|CG1260350|-53|-55|CG1260349|-53|-54|CG1260349|-53|-54
616|5|7|1088|13|CG1259489|-24|-57|CG1259489|-24|-57|CG1259490|-22|-51|CG1259490|-22|-51|CG1259491|-22|-63|CG1259491|-22|-63|CG1259492|-23|-77|CG1259493|-21|-80|CG1259494|-20|-79|CG1259495|-20|-62|CG1259495|-20|-62|CG1259496|-22|-51|CG1259496|-22|-51
616|5|8|1000|2|CG1260339|-30|-45|CG1260340|-32|-56
616|5|9|1000|1|CG1260341|-41|-49
616|5|10|1190|6|CG1260333|-42|-60|CG1260334|-63|-57|CG1260335|-43|-61|CG1260336|-43|-20|CG1260337|-43|-15|CG1260338|-45|-15
616|6|0|8000|40|CG1260408|-44|-63|CG1260409|-40|-63|CG1260410|-38|-63|CG1260409|-40|-63|CG1260408|-44|-63|CG1260411|-45|-63|CG1260412|-46|-63|CG1260412|-46|-63|CG1260412|-46|-63|CG1260412|-46|-63|CG1260411|-45|-63|CG1260408|-44|-63|CG1260409|-40|-63|CG1260410|-38|-63|CG1260409|-40|-63|CG1260408|-44|-63|CG1260409|-40|-63|CG1260410|-38|-63|CG1260409|-40|-63|CG1260408|-44|-63|CG1260411|-45|-63|CG1260412|-46|-63|CG1260412|-46|-63|CG1260412|-46|-63|CG1260411|-45|-63|CG1260408|-44|-63|CG1260411|-45|-63|CG1260412|-46|-63|CG1260412|-46|-63|CG1260412|-46|-63|CG1260412|-46|-63|CG1260411|-45|-63|CG1260408|-44|-63|CG1260409|-40|-63|CG1260410|-38|-63|CG1260409|-40|-63|CG1260408|-44|-63|CG1260409|-40|-63|CG1260410|-38|-63|CG1260409|-40|-63
616|6|1|1000|6|CG1260415|-42|-58|CG1260416|-44|-62|CG1260417|-42|-61|CG1260418|-40|-59|CG1260419|-44|-62|CG1260420|-41|-60
616|6|2|600|5|CG1325693|-56|-115|CG1325694|-66|-158|CG1325695|-93|-143|CG1325696|-109|-126|CG1325697|-81|-115
616|6|3|510|6|CG1260378|-49|-59|CG1260379|-50|-54|CG1260380|-51|-53|CG1260381|-31|-54|CG1260382|-40|-50|CG1260383|-48|-55
616|6|4|
616|6|5|1000|8|CG1260370|-41|-61|CG1260371|-45|-46|CG1260372|-31|-88|CG1260373|-22|-76|CG1260374|-63|-87|CG1260375|-72|-45|CG1260376|-64|-43|CG1260377|-49|-48
616|6|6|2091|24|CG1260397|-50|-57|CG1260397|-50|-57|CG1260398|-26|-93|CG1260398|-26|-93|CG1260399|-32|-72|CG1260399|-32|-72|CG1260400|-47|-53|CG1260400|-47|-53|CG1260401|-47|-43|CG1260401|-47|-43|CG1260401|-47|-43|CG1260401|-47|-43|CG1260401|-47|-43|CG1260401|-47|-43|CG1260402|-47|-54|CG1260403|-47|-54|CG1260404|-47|-51|CG1260404|-47|-51|CG1260404|-47|-51|CG1260404|-47|-51|CG1260403|-47|-54|CG1260403|-47|-54|CG1260402|-47|-54|CG1260402|-47|-54
616|6|7|1088|13|CG1259557|-16|-60|CG1259557|-16|-60|CG1259558|-22|-55|CG1259558|-22|-55|CG1259559|-19|-64|CG1259559|-19|-64|CG1259560|-16|-76|CG1259561|-21|-79|CG1259562|-29|-81|CG1259563|-25|-63|CG1259563|-25|-63|CG1259564|-24|-55|CG1259564|-24|-55
616|6|8|1000|2|CG1260392|-51|-49|CG1260393|-32|-50
616|6|9|1000|1|CG1260394|-35|-60
616|6|10|1190|6|CG1260386|-20|-63|CG1260387|-61|-60|CG1260388|-60|-77|CG1260389|-70|-41|CG1260390|-94|-19|CG1260391|-97|-18
616|7|0|8000|40|CG1260461|-53|-62|CG1260462|-52|-63|CG1260463|-50|-63|CG1260462|-52|-63|CG1260461|-53|-62|CG1260464|-49|-60|CG1260465|-50|-59|CG1260465|-50|-59|CG1260465|-50|-59|CG1260465|-50|-59|CG1260464|-49|-60|CG1260461|-53|-62|CG1260462|-52|-63|CG1260463|-50|-63|CG1260462|-52|-63|CG1260461|-53|-62|CG1260462|-52|-63|CG1260463|-50|-63|CG1260462|-52|-63|CG1260461|-53|-62|CG1260464|-49|-60|CG1260465|-50|-59|CG1260465|-50|-59|CG1260465|-50|-59|CG1260464|-49|-60|CG1260461|-53|-62|CG1260464|-49|-60|CG1260465|-50|-59|CG1260465|-50|-59|CG1260465|-50|-59|CG1260465|-50|-59|CG1260464|-49|-60|CG1260461|-53|-62|CG1260462|-52|-63|CG1260463|-50|-63|CG1260462|-52|-63|CG1260461|-53|-62|CG1260462|-52|-63|CG1260463|-50|-63|CG1260462|-52|-63
616|7|1|1000|6|CG1260468|-42|-59|CG1260469|-45|-63|CG1260470|-45|-60|CG1260471|-46|-58|CG1260472|-47|-62|CG1260473|-43|-61
616|7|2|600|5|CG1325749|-65|-111|CG1325750|-73|-164|CG1325751|-68|-170|CG1325752|-60|-150|CG1325753|-60|-127
616|7|3|510|6|CG1260431|-27|-61|CG1260432|-29|-59|CG1260433|-50|-59|CG1260434|-47|-60|CG1260435|-47|-58|CG1260436|-43|-60
616|7|4|
616|7|5|1000|8|CG1260423|-43|-62|CG1260424|-31|-54|CG1260425|-26|-86|CG1260426|-26|-77|CG1260427|-70|-104|CG1260428|-90|-57|CG1260429|-82|-57|CG1260430|-61|-55
616|7|6|2091|24|CG1260450|-40|-59|CG1260450|-40|-59|CG1260451|-22|-89|CG1260451|-22|-89|CG1260452|-22|-75|CG1260452|-22|-75|CG1260453|-34|-49|CG1260453|-34|-49|CG1260454|-35|-45|CG1260454|-35|-45|CG1260454|-35|-45|CG1260454|-35|-45|CG1260454|-35|-45|CG1260454|-35|-45|CG1260455|-35|-47|CG1260456|-34|-44|CG1260457|-35|-41|CG1260457|-35|-41|CG1260457|-35|-41|CG1260457|-35|-41|CG1260456|-34|-44|CG1260456|-34|-44|CG1260455|-35|-47|CG1260455|-35|-47
616|7|7|1088|13|CG1259625|-19|-61|CG1259625|-19|-61|CG1259626|-27|-59|CG1259626|-27|-59|CG1259627|-33|-64|CG1259627|-33|-64|CG1259628|-22|-74|CG1259629|-30|-74|CG1259630|-24|-82|CG1259631|-33|-71|CG1259631|-33|-71|CG1259632|-22|-58|CG1259632|-22|-58
616|7|8|1000|2|CG1260445|-44|-56|CG1260446|-16|-51
616|7|9|1000|1|CG1260447|-27|-65
616|7|10|1190|6|CG1260439|-14|-61|CG1260440|-34|-64|CG1260441|-52|-89|CG1260442|-78|-66|CG1260443|-98|-32|CG1260444|-100|-28
