615|0|0|8000|40|CG1259680|-20|-59|CG1259681|-19|-59|CG1259682|-18|-59|CG1259681|-19|-59|CG1259680|-20|-59|CG1259683|-21|-57|CG1259684|-22|-56|CG1259684|-22|-56|CG1259684|-22|-56|CG1259684|-22|-56|CG1259683|-21|-57|CG1259680|-20|-59|CG1259681|-19|-59|CG1259682|-18|-59|CG1259681|-19|-59|CG1259680|-20|-59|CG1259681|-19|-59|CG1259682|-18|-59|CG1259681|-19|-59|CG1259680|-20|-59|CG1259683|-21|-57|CG1259684|-22|-56|CG1259684|-22|-56|CG1259684|-22|-56|CG1259683|-21|-57|CG1259680|-20|-59|CG1259683|-21|-57|CG1259684|-22|-56|CG1259684|-22|-56|CG1259684|-22|-56|CG1259684|-22|-56|CG1259683|-21|-57|CG1259680|-20|-59|CG1259681|-19|-59|CG1259682|-18|-59|CG1259681|-19|-59|CG1259680|-20|-59|CG1259681|-19|-59|CG1259682|-18|-59|CG1259681|-19|-59
615|0|1|1000|6|CG1259687|-16|-56|CG1259688|-16|-60|CG1259689|-16|-57|CG1259690|-23|-55|CG1259691|-18|-60|CG1259692|-16|-58
615|0|2|600|5|CG1325357|-54|-113|CG1325358|-66|-144|CG1325359|-95|-176|CG1325360|-103|-137|CG1325361|-78|-106
615|0|3|510|6|CG1259650|-35|-61|CG1259651|-31|-62|CG1259652|-22|-62|CG1259653|-35|-64|CG1259654|-28|-62|CG1259655|-29|-61
615|0|4|
615|0|5|1190|21|CG1259644|-24|-62|CG1259644|-24|-62|CG1259645|-24|-75|CG1259645|-24|-75|CG1259646|-32|-75|CG1259647|-47|-56|CG1259648|-48|-56|CG1259647|-47|-56|CG1259646|-32|-75|CG1259647|-47|-56|CG1259648|-48|-56|CG1259647|-47|-56|CG1259646|-32|-75|CG1259647|-47|-56|CG1259648|-48|-56|CG1259647|-47|-56|CG1259646|-32|-75|CG1259647|-47|-56|CG1259648|-48|-56|CG1259649|-36|-62|CG1259649|-36|-62
615|0|6|2091|24|CG1259669|-18|-58|CG1259669|-18|-58|CG1259670|-26|-74|CG1259670|-26|-74|CG1259671|-18|-63|CG1259671|-18|-63|CG1259672|-18|-43|CG1259672|-18|-43|CG1259673|-18|-44|CG1259673|-18|-44|CG1259673|-18|-44|CG1259673|-18|-44|CG1259673|-18|-44|CG1259673|-18|-44|CG1259674|-19|-39|CG1259675|-20|-35|CG1259676|-19|-30|CG1259676|-19|-30|CG1259676|-19|-30|CG1259676|-19|-30|CG1259675|-20|-35|CG1259675|-20|-35|CG1259674|-19|-39|CG1259674|-19|-39
615|0|7|1088|13|CG1259149|-23|-59|CG1259149|-23|-59|CG1259150|-23|-60|CG1259150|-23|-60|CG1259151|-33|-61|CG1259151|-33|-61|CG1259152|-26|-73|CG1259153|-26|-72|CG1259154|-22|-83|CG1259155|-28|-77|CG1259155|-28|-77|CG1259156|-21|-58|CG1259156|-21|-58
615|0|8|1000|2|CG1259664|-25|-59|CG1259665|-15|-49
615|0|9|1000|1|CG1259666|-22|-61
615|0|10|1190|6|CG1259658|-23|-58|CG1259659|-18|-57|CG1259660|-26|-85|CG1259661|-49|-71|CG1259662|-57|-48|CG1259663|-59|-46
615|1|0|8000|40|CG1259731|-16|-58|CG1259732|-15|-58|CG1259733|-15|-58|CG1259732|-15|-58|CG1259731|-16|-58|CG1259734|-17|-56|CG1259735|-18|-56|CG1259735|-18|-56|CG1259735|-18|-56|CG1259735|-18|-56|CG1259734|-17|-56|CG1259731|-16|-58|CG1259732|-15|-58|CG1259733|-15|-58|CG1259732|-15|-58|CG1259731|-16|-58|CG1259732|-15|-58|CG1259733|-15|-58|CG1259732|-15|-58|CG1259731|-16|-58|CG1259734|-17|-56|CG1259735|-18|-56|CG1259735|-18|-56|CG1259735|-18|-56|CG1259734|-17|-56|CG1259731|-16|-58|CG1259734|-17|-56|CG1259735|-18|-56|CG1259735|-18|-56|CG1259735|-18|-56|CG1259735|-18|-56|CG1259734|-17|-56|CG1259731|-16|-58|CG1259732|-15|-58|CG1259733|-15|-58|CG1259732|-15|-58|CG1259731|-16|-58|CG1259732|-15|-58|CG1259733|-15|-58|CG1259732|-15|-58
615|1|1|1000|6|CG1259738|-25|-55|CG1259739|-24|-60|CG1259740|-24|-57|CG1259741|-24|-55|CG1259742|-25|-60|CG1259743|-26|-57
615|1|2|600|5|CG1325413|-100|-113|CG1325414|-102|-107|CG1325415|-90|-159|CG1325416|-142|-98|CG1325417|-131|-103
615|1|3|510|6|CG1259701|-25|-61|CG1259702|-31|-62|CG1259703|-30|-60|CG1259704|-22|-62|CG1259705|-29|-61|CG1259706|-33|-60
615|1|4|
615|1|5|1190|21|CG1259695|-16|-60|CG1259695|-16|-60|CG1259696|-18|-75|CG1259696|-18|-75|CG1259697|-18|-77|CG1259698|-20|-61|CG1259699|-20|-59|CG1259698|-20|-61|CG1259697|-18|-77|CG1259698|-20|-61|CG1259699|-20|-59|CG1259698|-20|-61|CG1259697|-18|-77|CG1259698|-20|-61|CG1259699|-20|-59|CG1259698|-20|-61|CG1259697|-18|-77|CG1259698|-20|-61|CG1259699|-20|-59|CG1259700|-19|-60|CG1259700|-19|-60
615|1|6|2091|24|CG1259720|-29|-56|CG1259720|-29|-56|CG1259721|-29|-68|CG1259721|-29|-68|CG1259722|-33|-55|CG1259722|-33|-55|CG1259723|-22|-38|CG1259723|-22|-38|CG1259724|-22|-41|CG1259724|-22|-41|CG1259724|-22|-41|CG1259724|-22|-41|CG1259724|-22|-41|CG1259724|-22|-41|CG1259725|-21|-37|CG1259726|-21|-39|CG1259727|-31|-25|CG1259727|-31|-25|CG1259727|-31|-25|CG1259727|-31|-25|CG1259726|-21|-39|CG1259726|-21|-39|CG1259725|-21|-37|CG1259725|-21|-37
615|1|7|1088|13|CG1259217|-19|-58|CG1259217|-19|-58|CG1259218|-17|-59|CG1259218|-17|-59|CG1259219|-18|-60|CG1259219|-18|-60|CG1259220|-20|-79|CG1259221|-20|-71|CG1259222|-23|-82|CG1259223|-20|-78|CG1259223|-20|-78|CG1259224|-25|-57|CG1259224|-25|-57
615|1|8|1000|2|CG1259715|-21|-58|CG1259716|-19|-43
615|1|9|1000|1|CG1259717|-18|-55
615|1|10|1190|6|CG1259709|-33|-57|CG1259710|-31|-58|CG1259711|-25|-79|CG1259712|-28|-70|CG1259713|-26|-54|CG1259714|-25|-55
615|2|0|8000|40|CG1259782|-15|-59|CG1259783|-15|-59|CG1259784|-15|-59|CG1259783|-15|-59|CG1259782|-15|-59|CG1259785|-19|-57|CG1259786|-20|-56|CG1259786|-20|-56|CG1259786|-20|-56|CG1259786|-20|-56|CG1259785|-19|-57|CG1259782|-15|-59|CG1259783|-15|-59|CG1259784|-15|-59|CG1259783|-15|-59|CG1259782|-15|-59|CG1259783|-15|-59|CG1259784|-15|-59|CG1259783|-15|-59|CG1259782|-15|-59|CG1259785|-19|-57|CG1259786|-20|-56|CG1259786|-20|-56|CG1259786|-20|-56|CG1259785|-19|-57|CG1259782|-15|-59|CG1259785|-19|-57|CG1259786|-20|-56|CG1259786|-20|-56|CG1259786|-20|-56|CG1259786|-20|-56|CG1259785|-19|-57|CG1259782|-15|-59|CG1259783|-15|-59|CG1259784|-15|-59|CG1259783|-15|-59|CG1259782|-15|-59|CG1259783|-15|-59|CG1259784|-15|-59|CG1259783|-15|-59
615|2|1|1000|6|CG1259789|-26|-55|CG1259790|-23|-60|CG1259791|-26|-58|CG1259792|-27|-56|CG1259793|-25|-60|CG1259794|-26|-57
615|2|2|600|5|CG1325469|-119|-113|CG1325470|-90|-142|CG1325471|-82|-174|CG1325472|-99|-116|CG1325473|-109|-103
615|2|3|510|6|CG1259752|-23|-64|CG1259753|-20|-62|CG1259754|-32|-61|CG1259755|-29|-62|CG1259756|-31|-63|CG1259757|-22|-62
615|2|4|
615|2|5|1190|21|CG1259746|-12|-60|CG1259746|-12|-60|CG1259747|-10|-64|CG1259747|-10|-64|CG1259748|-12|-66|CG1259749|-13|-60|CG1259750|-12|-60|CG1259749|-13|-60|CG1259748|-12|-66|CG1259749|-13|-60|CG1259750|-12|-60|CG1259749|-13|-60|CG1259748|-12|-66|CG1259749|-13|-60|CG1259750|-12|-60|CG1259749|-13|-60|CG1259748|-12|-66|CG1259749|-13|-60|CG1259750|-12|-60|CG1259751|-17|-59|CG1259751|-17|-59
615|2|6|2091|24|CG1259771|-30|-58|CG1259771|-30|-58|CG1259772|-37|-64|CG1259772|-37|-64|CG1259773|-34|-57|CG1259773|-34|-57|CG1259774|-23|-43|CG1259774|-23|-43|CG1259775|-24|-44|CG1259775|-24|-44|CG1259775|-24|-44|CG1259775|-24|-44|CG1259775|-24|-44|CG1259775|-24|-44|CG1259776|-28|-39|CG1259777|-36|-45|CG1259778|-48|-30|CG1259778|-48|-30|CG1259778|-48|-30|CG1259778|-48|-30|CG1259777|-36|-45|CG1259777|-36|-45|CG1259776|-28|-39|CG1259776|-28|-39
615|2|7|1088|13|CG1259285|-15|-60|CG1259285|-15|-60|CG1259286|-13|-61|CG1259286|-13|-61|CG1259287|-14|-61|CG1259287|-14|-61|CG1259288|-20|-80|CG1259289|-28|-74|CG1259290|-26|-82|CG1259291|-22|-79|CG1259291|-22|-79|CG1259292|-25|-58|CG1259292|-25|-58
615|2|8|1000|2|CG1259766|-12|-59|CG1259767|-49|-38
615|2|9|1000|1|CG1259768|-20|-50
615|2|10|1190|6|CG1259760|-29|-58|CG1259761|-32|-57|CG1259762|-15|-65|CG1259763|-14|-54|CG1259764|-15|-46|CG1259765|-16|-45
615|3|0|8000|40|CG1259833|-14|-62|CG1259834|-14|-63|CG1259835|-14|-63|CG1259834|-14|-63|CG1259833|-14|-62|CG1259836|-17|-61|CG1259837|-18|-59|CG1259837|-18|-59|CG1259837|-18|-59|CG1259837|-18|-59|CG1259836|-17|-61|CG1259833|-14|-62|CG1259834|-14|-63|CG1259835|-14|-63|CG1259834|-14|-63|CG1259833|-14|-62|CG1259834|-14|-63|CG1259835|-14|-63|CG1259834|-14|-63|CG1259833|-14|-62|CG1259836|-17|-61|CG1259837|-18|-59|CG1259837|-18|-59|CG1259837|-18|-59|CG1259836|-17|-61|CG1259833|-14|-62|CG1259836|-17|-61|CG1259837|-18|-59|CG1259837|-18|-59|CG1259837|-18|-59|CG1259837|-18|-59|CG1259836|-17|-61|CG1259833|-14|-62|CG1259834|-14|-63|CG1259835|-14|-63|CG1259834|-14|-63|CG1259833|-14|-62|CG1259834|-14|-63|CG1259835|-14|-63|CG1259834|-14|-63
615|3|1|1000|6|CG1259840|-22|-58|CG1259841|-20|-62|CG1259842|-18|-61|CG1259843|-23|-59|CG1259844|-20|-63|CG1259845|-19|-60
615|3|2|600|5|CG1325525|-125|-117|CG1325526|-119|-165|CG1325527|-116|-175|CG1325528|-58|-136|CG1325529|-81|-129
615|3|3|510|6|CG1259803|-24|-60|CG1259804|-22|-58|CG1259805|-21|-60|CG1259806|-27|-62|CG1259807|-21|-60|CG1259808|-22|-60
615|3|4|
615|3|5|1190|21|CG1259797|-10|-62|CG1259797|-10|-62|CG1259798|-9|-61|CG1259798|-9|-61|CG1259799|-11|-59|CG1259800|-12|-59|CG1259801|-12|-58|CG1259800|-12|-59|CG1259799|-11|-59|CG1259800|-12|-59|CG1259801|-12|-58|CG1259800|-12|-59|CG1259799|-11|-59|CG1259800|-12|-59|CG1259801|-12|-58|CG1259800|-12|-59|CG1259799|-11|-59|CG1259800|-12|-59|CG1259801|-12|-58|CG1259802|-12|-61|CG1259802|-12|-61
615|3|6|2091|24|CG1259822|-20|-59|CG1259822|-20|-59|CG1259823|-25|-65|CG1259823|-25|-65|CG1259824|-39|-61|CG1259824|-39|-61|CG1259825|-28|-49|CG1259825|-28|-49|CG1259826|-29|-45|CG1259826|-29|-45|CG1259826|-29|-45|CG1259826|-29|-45|CG1259826|-29|-45|CG1259826|-29|-45|CG1259827|-29|-47|CG1259828|-38|-50|CG1259829|-45|-41|CG1259829|-45|-41|CG1259829|-45|-41|CG1259829|-45|-41|CG1259828|-38|-50|CG1259828|-38|-50|CG1259827|-29|-47|CG1259827|-29|-47
615|3|7|1088|13|CG1259353|-17|-62|CG1259353|-17|-62|CG1259354|-25|-58|CG1259354|-25|-58|CG1259355|-14|-64|CG1259355|-14|-64|CG1259356|-22|-77|CG1259357|-30|-77|CG1259358|-18|-84|CG1259359|-29|-77|CG1259359|-29|-77|CG1259360|-23|-58|CG1259360|-23|-58
615|3|8|1000|2|CG1259817|-14|-57|CG1259818|-56|-42
615|3|9|1000|1|CG1259819|-21|-52
615|3|10|1190|6|CG1259811|-15|-61|CG1259812|-19|-59|CG1259813|-8|-56|CG1259814|-10|-38|CG1259815|-11|-26|CG1259816|-12|-22
615|4|0|8000|40|CG1259884|-17|-63|CG1259885|-18|-63|CG1259886|-19|-63|CG1259885|-18|-63|CG1259884|-17|-63|CG1259887|-19|-63|CG1259888|-20|-63|CG1259888|-20|-63|CG1259888|-20|-63|CG1259888|-20|-63|CG1259887|-19|-63|CG1259884|-17|-63|CG1259885|-18|-63|CG1259886|-19|-63|CG1259885|-18|-63|CG1259884|-17|-63|CG1259885|-18|-63|CG1259886|-19|-63|CG1259885|-18|-63|CG1259884|-17|-63|CG1259887|-19|-63|CG1259888|-20|-63|CG1259888|-20|-63|CG1259888|-20|-63|CG1259887|-19|-63|CG1259884|-17|-63|CG1259887|-19|-63|CG1259888|-20|-63|CG1259888|-20|-63|CG1259888|-20|-63|CG1259888|-20|-63|CG1259887|-19|-63|CG1259884|-17|-63|CG1259885|-18|-63|CG1259886|-19|-63|CG1259885|-18|-63|CG1259884|-17|-63|CG1259885|-18|-63|CG1259886|-19|-63|CG1259885|-18|-63
615|4|1|1000|6|CG1259891|-21|-59|CG1259892|-21|-62|CG1259893|-23|-60|CG1259894|-22|-58|CG1259895|-20|-62|CG1259896|-21|-61
615|4|2|600|5|CG1325581|-118|-123|CG1325582|-92|-162|CG1325583|-82|-152|CG1325584|-98|-119|CG1325585|-112|-122
615|4|3|510|6|CG1259854|-35|-55|CG1259855|-31|-50|CG1259856|-23|-55|CG1259857|-23|-59|CG1259858|-21|-54|CG1259859|-27|-53
615|4|4|
615|4|5|1190|21|CG1259848|-11|-60|CG1259848|-11|-60|CG1259849|-9|-57|CG1259849|-9|-57|CG1259850|-11|-58|CG1259851|-13|-55|CG1259852|-14|-54|CG1259851|-13|-55|CG1259850|-11|-58|CG1259851|-13|-55|CG1259852|-14|-54|CG1259851|-13|-55|CG1259850|-11|-58|CG1259851|-13|-55|CG1259852|-14|-54|CG1259851|-13|-55|CG1259850|-11|-58|CG1259851|-13|-55|CG1259852|-14|-54|CG1259853|-13|-59|CG1259853|-13|-59
615|4|6|2091|24|CG1259873|-26|-57|CG1259873|-26|-57|CG1259874|-35|-71|CG1259874|-35|-71|CG1259875|-31|-63|CG1259875|-31|-63|CG1259876|-33|-53|CG1259876|-33|-53|CG1259877|-33|-43|CG1259877|-33|-43|CG1259877|-33|-43|CG1259877|-33|-43|CG1259877|-33|-43|CG1259877|-33|-43|CG1259878|-33|-54|CG1259879|-35|-54|CG1259880|-39|-51|CG1259880|-39|-51|CG1259880|-39|-51|CG1259880|-39|-51|CG1259879|-35|-54|CG1259879|-35|-54|CG1259878|-33|-54|CG1259878|-33|-54
615|4|7|1088|13|CG1259421|-25|-60|CG1259421|-25|-60|CG1259422|-30|-50|CG1259422|-30|-50|CG1259423|-21|-64|CG1259423|-21|-64|CG1259424|-27|-77|CG1259425|-34|-79|CG1259426|-14|-81|CG1259427|-23|-70|CG1259427|-23|-70|CG1259428|-21|-55|CG1259428|-21|-55
615|4|8|1000|2|CG1259868|-17|-52|CG1259869|-45|-50
615|4|9|1000|1|CG1259870|-19|-52
615|4|10|1190|6|CG1259862|-26|-63|CG1259863|-34|-60|CG1259864|-14|-50|CG1259865|-15|-24|CG1259866|-16|-19|CG1259867|-16|-17
615|5|0|8000|40|CG1259935|-20|-60|CG1259936|-21|-60|CG1259937|-21|-60|CG1259936|-21|-60|CG1259935|-20|-60|CG1259938|-21|-61|CG1259939|-22|-61|CG1259939|-22|-61|CG1259939|-22|-61|CG1259939|-22|-61|CG1259938|-21|-61|CG1259935|-20|-60|CG1259936|-21|-60|CG1259937|-21|-60|CG1259936|-21|-60|CG1259935|-20|-60|CG1259936|-21|-60|CG1259937|-21|-60|CG1259936|-21|-60|CG1259935|-20|-60|CG1259938|-21|-61|CG1259939|-22|-61|CG1259939|-22|-61|CG1259939|-22|-61|CG1259938|-21|-61|CG1259935|-20|-60|CG1259938|-21|-61|CG1259939|-22|-61|CG1259939|-22|-61|CG1259939|-22|-61|CG1259939|-22|-61|CG1259938|-21|-61|CG1259935|-20|-60|CG1259936|-21|-60|CG1259937|-21|-60|CG1259936|-21|-60|CG1259935|-20|-60|CG1259936|-21|-60|CG1259937|-21|-60|CG1259936|-21|-60
615|5|1|1000|6|CG1259942|-26|-57|CG1259943|-28|-60|CG1259944|-26|-58|CG1259945|-23|-57|CG1259946|-24|-59|CG1259947|-26|-58
615|5|2|600|5|CG1325637|-87|-102|CG1325638|-101|-134|CG1325639|-81|-118|CG1325640|-146|-102|CG1325641|-132|-115
615|5|3|510|6|CG1259905|-44|-56|CG1259906|-43|-50|CG1259907|-28|-50|CG1259908|-27|-56|CG1259909|-30|-49|CG1259910|-35|-50
615|5|4|
615|5|5|1190|21|CG1259899|-25|-57|CG1259899|-25|-57|CG1259900|-22|-52|CG1259900|-22|-52|CG1259901|-17|-54|CG1259902|-16|-52|CG1259903|-17|-51|CG1259902|-16|-52|CG1259901|-17|-54|CG1259902|-16|-52|CG1259903|-17|-51|CG1259902|-16|-52|CG1259901|-17|-54|CG1259902|-16|-52|CG1259903|-17|-51|CG1259902|-16|-52|CG1259901|-17|-54|CG1259902|-16|-52|CG1259903|-17|-51|CG1259904|-17|-56|CG1259904|-17|-56
615|5|6|2091|24|CG1259924|-39|-53|CG1259924|-39|-53|CG1259925|-29|-79|CG1259925|-29|-79|CG1259926|-34|-60|CG1259926|-34|-60|CG1259927|-42|-51|CG1259927|-42|-51|CG1259928|-42|-40|CG1259928|-42|-40|CG1259928|-42|-40|CG1259928|-42|-40|CG1259928|-42|-40|CG1259928|-42|-40|CG1259929|-42|-54|CG1259930|-42|-55|CG1259931|-41|-55|CG1259931|-41|-55|CG1259931|-41|-55|CG1259931|-41|-55|CG1259930|-42|-55|CG1259930|-42|-55|CG1259929|-42|-54|CG1259929|-42|-54
615|5|7|1088|13|CG1259489|-24|-57|CG1259489|-24|-57|CG1259490|-22|-51|CG1259490|-22|-51|CG1259491|-22|-63|CG1259491|-22|-63|CG1259492|-23|-77|CG1259493|-21|-80|CG1259494|-20|-79|CG1259495|-20|-62|CG1259495|-20|-62|CG1259496|-22|-51|CG1259496|-22|-51
615|5|8|1000|2|CG1259919|-26|-45|CG1259920|-29|-56
615|5|9|1000|1|CG1259921|-34|-49
615|5|10|1190|6|CG1259913|-34|-60|CG1259914|-53|-57|CG1259915|-36|-51|CG1259916|-36|-20|CG1259917|-37|-15|CG1259918|-37|-15
615|6|0|8000|40|CG1259986|-37|-63|CG1259987|-35|-63|CG1259988|-34|-63|CG1259987|-35|-63|CG1259986|-37|-63|CG1259989|-38|-63|CG1259990|-40|-63|CG1259990|-40|-63|CG1259990|-40|-63|CG1259990|-40|-63|CG1259989|-38|-63|CG1259986|-37|-63|CG1259987|-35|-63|CG1259988|-34|-63|CG1259987|-35|-63|CG1259986|-37|-63|CG1259987|-35|-63|CG1259988|-34|-63|CG1259987|-35|-63|CG1259986|-37|-63|CG1259989|-38|-63|CG1259990|-40|-63|CG1259990|-40|-63|CG1259990|-40|-63|CG1259989|-38|-63|CG1259986|-37|-63|CG1259989|-38|-63|CG1259990|-40|-63|CG1259990|-40|-63|CG1259990|-40|-63|CG1259990|-40|-63|CG1259989|-38|-63|CG1259986|-37|-63|CG1259987|-35|-63|CG1259988|-34|-63|CG1259987|-35|-63|CG1259986|-37|-63|CG1259987|-35|-63|CG1259988|-34|-63|CG1259987|-35|-63
615|6|1|1000|6|CG1259993|-35|-58|CG1259994|-40|-62|CG1259995|-38|-61|CG1259996|-36|-59|CG1259997|-39|-62|CG1259998|-36|-60
615|6|2|600|5|CG1325693|-56|-115|CG1325694|-66|-158|CG1325695|-93|-143|CG1325696|-109|-126|CG1325697|-81|-115
615|6|3|510|6|CG1259956|-35|-59|CG1259957|-36|-54|CG1259958|-41|-53|CG1259959|-31|-54|CG1259960|-31|-50|CG1259961|-40|-55
615|6|4|
615|6|5|1190|21|CG1259950|-48|-60|CG1259950|-48|-60|CG1259951|-42|-56|CG1259951|-42|-56|CG1259952|-50|-52|CG1259953|-45|-51|CG1259954|-33|-50|CG1259953|-45|-51|CG1259952|-50|-52|CG1259953|-45|-51|CG1259954|-33|-50|CG1259953|-45|-51|CG1259952|-50|-52|CG1259953|-45|-51|CG1259954|-33|-50|CG1259953|-45|-51|CG1259952|-50|-52|CG1259953|-45|-51|CG1259954|-33|-50|CG1259955|-41|-56|CG1259955|-41|-56
615|6|6|2091|24|CG1259975|-40|-57|CG1259975|-40|-57|CG1259976|-26|-83|CG1259976|-26|-83|CG1259977|-25|-63|CG1259977|-25|-63|CG1259978|-37|-53|CG1259978|-37|-53|CG1259979|-38|-43|CG1259979|-38|-43|CG1259979|-38|-43|CG1259979|-38|-43|CG1259979|-38|-43|CG1259979|-38|-43|CG1259980|-38|-54|CG1259981|-38|-54|CG1259982|-37|-51|CG1259982|-37|-51|CG1259982|-37|-51|CG1259982|-37|-51|CG1259981|-38|-54|CG1259981|-38|-54|CG1259980|-38|-54|CG1259980|-38|-54
615|6|7|1088|13|CG1259557|-16|-60|CG1259557|-16|-60|CG1259558|-22|-55|CG1259558|-22|-55|CG1259559|-19|-64|CG1259559|-19|-64|CG1259560|-16|-76|CG1259561|-21|-79|CG1259562|-29|-81|CG1259563|-25|-63|CG1259563|-25|-63|CG1259564|-24|-55|CG1259564|-24|-55
615|6|8|1000|2|CG1259970|-43|-49|CG1259971|-23|-50
615|6|9|1000|1|CG1259972|-32|-53
615|6|10|1190|6|CG1259964|-20|-63|CG1259965|-47|-60|CG1259966|-48|-67|CG1259967|-65|-31|CG1259968|-84|-19|CG1259969|-85|-18
615|7|0|8000|40|CG1260037|-37|-62|CG1260038|-36|-63|CG1260039|-35|-63|CG1260038|-36|-63|CG1260037|-37|-62|CG1260040|-36|-61|CG1260041|-36|-59|CG1260041|-36|-59|CG1260041|-36|-59|CG1260041|-36|-59|CG1260040|-36|-61|CG1260037|-37|-62|CG1260038|-36|-63|CG1260039|-35|-63|CG1260038|-36|-63|CG1260037|-37|-62|CG1260038|-36|-63|CG1260039|-35|-63|CG1260038|-36|-63|CG1260037|-37|-62|CG1260040|-36|-61|CG1260041|-36|-59|CG1260041|-36|-59|CG1260041|-36|-59|CG1260040|-36|-61|CG1260037|-37|-62|CG1260040|-36|-61|CG1260041|-36|-59|CG1260041|-36|-59|CG1260041|-36|-59|CG1260041|-36|-59|CG1260040|-36|-61|CG1260037|-37|-62|CG1260038|-36|-63|CG1260039|-35|-63|CG1260038|-36|-63|CG1260037|-37|-62|CG1260038|-36|-63|CG1260039|-35|-63|CG1260038|-36|-63
615|7|1|1000|6|CG1260044|-26|-59|CG1260045|-31|-63|CG1260046|-32|-60|CG1260047|-33|-58|CG1260048|-34|-62|CG1260049|-28|-61
615|7|2|600|5|CG1325749|-65|-111|CG1325750|-73|-164|CG1325751|-68|-170|CG1325752|-60|-150|CG1325753|-60|-127
615|7|3|510|6|CG1260007|-27|-61|CG1260008|-27|-59|CG1260009|-39|-59|CG1260010|-37|-60|CG1260011|-37|-58|CG1260012|-28|-60
615|7|4|
615|7|5|1190|21|CG1260001|-44|-62|CG1260001|-44|-62|CG1260002|-40|-67|CG1260002|-40|-67|CG1260003|-56|-60|CG1260004|-63|-52|CG1260005|-57|-52|CG1260004|-63|-52|CG1260003|-56|-60|CG1260004|-63|-52|CG1260005|-57|-52|CG1260004|-63|-52|CG1260003|-56|-60|CG1260004|-63|-52|CG1260005|-57|-52|CG1260004|-63|-52|CG1260003|-56|-60|CG1260004|-63|-52|CG1260005|-57|-52|CG1260006|-54|-61|CG1260006|-54|-61
615|7|6|2091|24|CG1260026|-25|-59|CG1260026|-25|-59|CG1260027|-22|-81|CG1260027|-22|-81|CG1260028|-14|-67|CG1260028|-14|-67|CG1260029|-18|-49|CG1260029|-18|-49|CG1260030|-19|-45|CG1260030|-19|-45|CG1260030|-19|-45|CG1260030|-19|-45|CG1260030|-19|-45|CG1260030|-19|-45|CG1260031|-19|-47|CG1260032|-18|-44|CG1260033|-19|-41|CG1260033|-19|-41|CG1260033|-19|-41|CG1260033|-19|-41|CG1260032|-18|-44|CG1260032|-18|-44|CG1260031|-19|-47|CG1260031|-19|-47
615|7|7|1088|13|CG1259625|-19|-61|CG1259625|-19|-61|CG1259626|-27|-59|CG1259626|-27|-59|CG1259627|-33|-64|CG1259627|-33|-64|CG1259628|-22|-74|CG1259629|-30|-74|CG1259630|-24|-82|CG1259631|-33|-71|CG1259631|-33|-71|CG1259632|-22|-58|CG1259632|-22|-58
615|7|8|1000|2|CG1260021|-38|-56|CG1260022|-12|-50
615|7|9|1000|1|CG1260023|-23|-61
615|7|10|1190|6|CG1260015|-14|-61|CG1260016|-19|-59|CG1260017|-36|-80|CG1260018|-64|-56|CG1260019|-86|-27|CG1260020|-87|-25
