623|0|0|8000|40|CG1263098|-49|-59|CG1263099|-51|-59|CG1263100|-51|-59|CG1263099|-51|-59|CG1263098|-49|-59|CG1263101|-51|-57|CG1263102|-52|-56|CG1263102|-52|-56|CG1263102|-52|-56|CG1263102|-52|-56|CG1263101|-51|-57|CG1263098|-49|-59|CG1263099|-51|-59|CG1263100|-51|-59|CG1263099|-51|-59|CG1263098|-49|-59|CG1263099|-51|-59|CG1263100|-51|-59|CG1263099|-51|-59|CG1263098|-49|-59|CG1263101|-51|-57|CG1263102|-52|-56|CG1263102|-52|-56|CG1263102|-52|-56|CG1263101|-51|-57|CG1263098|-49|-59|CG1263101|-51|-57|CG1263102|-52|-56|CG1263102|-52|-56|CG1263102|-52|-56|CG1263102|-52|-56|CG1263101|-51|-57|CG1263098|-49|-59|CG1263099|-51|-59|CG1263100|-51|-59|CG1263099|-51|-59|CG1263098|-49|-59|CG1263099|-51|-59|CG1263100|-51|-59|CG1263099|-51|-59
623|0|1|1000|6|CG1263105|-50|-55|CG1263106|-51|-59|CG1263107|-47|-58|CG1263108|-44|-56|CG1263109|-51|-58|CG1263110|-51|-56
623|0|2|600|5|CG1325357|-54|-113|CG1325358|-66|-144|CG1325359|-95|-176|CG1325360|-103|-137|CG1325361|-78|-106
623|0|3|510|6|CG1263068|-43|-61|CG1263069|-50|-62|CG1263070|-39|-62|CG1263071|-24|-64|CG1263072|-40|-62|CG1263073|-49|-61
623|0|4|
623|0|5|1000|16|CG1263060|-25|-59|CG1263060|-25|-59|CG1263061|-23|-58|CG1263061|-23|-58|CG1263062|-34|-98|CG1263062|-34|-98|CG1263063|-24|-82|CG1263063|-24|-82|CG1263064|-43|-124|CG1263064|-43|-124|CG1263065|-63|-72|CG1263065|-63|-72|CG1263066|-65|-67|CG1263066|-65|-67|CG1263067|-56|-59|CG1263067|-56|-59
623|0|6|2091|24|CG1263087|-18|-58|CG1263087|-18|-58|CG1263088|-26|-98|CG1263088|-26|-98|CG1263089|-18|-77|CG1263089|-18|-77|CG1263090|-18|-43|CG1263090|-18|-43|CG1263091|-18|-44|CG1263091|-18|-44|CG1263091|-18|-44|CG1263091|-18|-44|CG1263091|-18|-44|CG1263091|-18|-44|CG1263092|-19|-39|CG1263093|-20|-35|CG1263094|-19|-34|CG1263094|-19|-34|CG1263094|-19|-34|CG1263094|-19|-34|CG1263093|-20|-35|CG1263093|-20|-35|CG1263092|-19|-39|CG1263092|-19|-39
623|0|7|1088|13|CG1261733|-23|-59|CG1261733|-23|-59|CG1261734|-23|-60|CG1261734|-23|-60|CG1261735|-33|-61|CG1261735|-33|-61|CG1261736|-26|-73|CG1261737|-26|-72|CG1261738|-22|-83|CG1261739|-28|-77|CG1261739|-28|-77|CG1261740|-21|-58|CG1261740|-21|-58
623|0|8|1000|2|CG1263082|-37|-65|CG1263083|-15|-60
623|0|9|1000|1|CG1263084|-32|-57
623|0|10|1190|6|CG1263076|-23|-58|CG1263077|-18|-68|CG1263078|-26|-107|CG1263079|-49|-91|CG1263080|-58|-58|CG1263081|-60|-53
623|1|0|8000|40|CG1263151|-49|-58|CG1263152|-48|-58|CG1263153|-48|-58|CG1263152|-48|-58|CG1263151|-49|-58|CG1263154|-48|-57|CG1263155|-48|-56|CG1263155|-48|-56|CG1263155|-48|-56|CG1263155|-48|-56|CG1263154|-48|-57|CG1263151|-49|-58|CG1263152|-48|-58|CG1263153|-48|-58|CG1263152|-48|-58|CG1263151|-49|-58|CG1263152|-48|-58|CG1263153|-48|-58|CG1263152|-48|-58|CG1263151|-49|-58|CG1263154|-48|-57|CG1263155|-48|-56|CG1263155|-48|-56|CG1263155|-48|-56|CG1263154|-48|-57|CG1263151|-49|-58|CG1263154|-48|-57|CG1263155|-48|-56|CG1263155|-48|-56|CG1263155|-48|-56|CG1263155|-48|-56|CG1263154|-48|-57|CG1263151|-49|-58|CG1263152|-48|-58|CG1263153|-48|-58|CG1263152|-48|-58|CG1263151|-49|-58|CG1263152|-48|-58|CG1263153|-48|-58|CG1263152|-48|-58
623|1|1|1000|6|CG1263158|-40|-54|CG1263159|-44|-58|CG1263160|-50|-56|CG1263161|-52|-54|CG1263162|-50|-58|CG1263163|-44|-56
623|1|2|600|5|CG1325413|-100|-113|CG1325414|-102|-107|CG1325415|-90|-159|CG1325416|-142|-98|CG1325417|-131|-103
623|1|3|510|6|CG1263121|-16|-61|CG1263122|-32|-62|CG1263123|-49|-60|CG1263124|-45|-62|CG1263125|-49|-61|CG1263126|-32|-60
623|1|4|
623|1|5|1000|16|CG1263113|-26|-57|CG1263113|-26|-57|CG1263114|-24|-57|CG1263114|-24|-57|CG1263115|-25|-97|CG1263115|-25|-97|CG1263116|-23|-79|CG1263116|-23|-79|CG1263117|-22|-125|CG1263117|-22|-125|CG1263118|-23|-75|CG1263118|-23|-75|CG1263119|-19|-71|CG1263119|-19|-71|CG1263120|-22|-64|CG1263120|-22|-64
623|1|6|2091|24|CG1263140|-29|-56|CG1263140|-29|-56|CG1263141|-29|-91|CG1263141|-29|-91|CG1263142|-33|-66|CG1263142|-33|-66|CG1263143|-22|-38|CG1263143|-22|-38|CG1263144|-22|-41|CG1263144|-22|-41|CG1263144|-22|-41|CG1263144|-22|-41|CG1263144|-22|-41|CG1263144|-22|-41|CG1263145|-21|-37|CG1263146|-21|-39|CG1263147|-31|-25|CG1263147|-31|-25|CG1263147|-31|-25|CG1263147|-31|-25|CG1263146|-21|-39|CG1263146|-21|-39|CG1263145|-21|-37|CG1263145|-21|-37
623|1|7|1088|13|CG1261801|-19|-58|CG1261801|-19|-58|CG1261802|-17|-59|CG1261802|-17|-59|CG1261803|-18|-60|CG1261803|-18|-60|CG1261804|-20|-79|CG1261805|-20|-71|CG1261806|-23|-82|CG1261807|-20|-78|CG1261807|-20|-78|CG1261808|-25|-57|CG1261808|-25|-57
623|1|8|1000|2|CG1263135|-21|-73|CG1263136|-19|-58
623|1|9|1000|1|CG1263137|-30|-50
623|1|10|1190|6|CG1263129|-33|-57|CG1263130|-31|-58|CG1263131|-25|-100|CG1263132|-28|-92|CG1263133|-26|-62|CG1263134|-25|-60
623|2|0|8000|40|CG1263204|-25|-59|CG1263205|-21|-59|CG1263206|-21|-59|CG1263205|-21|-59|CG1263204|-25|-59|CG1263207|-21|-57|CG1263208|-21|-56|CG1263208|-21|-56|CG1263208|-21|-56|CG1263208|-21|-56|CG1263207|-21|-57|CG1263204|-25|-59|CG1263205|-21|-59|CG1263206|-21|-59|CG1263205|-21|-59|CG1263204|-25|-59|CG1263205|-21|-59|CG1263206|-21|-59|CG1263205|-21|-59|CG1263204|-25|-59|CG1263207|-21|-57|CG1263208|-21|-56|CG1263208|-21|-56|CG1263208|-21|-56|CG1263207|-21|-57|CG1263204|-25|-59|CG1263207|-21|-57|CG1263208|-21|-56|CG1263208|-21|-56|CG1263208|-21|-56|CG1263208|-21|-56|CG1263207|-21|-57|CG1263204|-25|-59|CG1263205|-21|-59|CG1263206|-21|-59|CG1263205|-21|-59|CG1263204|-25|-59|CG1263205|-21|-59|CG1263206|-21|-59|CG1263205|-21|-59
623|2|1|1000|6|CG1263211|-21|-55|CG1263212|-20|-58|CG1263213|-28|-56|CG1263214|-34|-55|CG1263215|-25|-59|CG1263216|-18|-58
623|2|2|600|5|CG1325469|-119|-113|CG1325470|-90|-142|CG1325471|-82|-174|CG1325472|-99|-116|CG1325473|-109|-103
623|2|3|510|6|CG1263174|-23|-64|CG1263175|-20|-62|CG1263176|-35|-61|CG1263177|-45|-62|CG1263178|-33|-63|CG1263179|-20|-62
623|2|4|
623|2|5|1000|16|CG1263166|-27|-59|CG1263166|-27|-59|CG1263167|-30|-58|CG1263167|-30|-58|CG1263168|-13|-93|CG1263168|-13|-93|CG1263169|-21|-78|CG1263169|-21|-78|CG1263170|-6|-112|CG1263170|-6|-112|CG1263171|0|-72|CG1263171|0|-72|CG1263172|1|-67|CG1263172|1|-67|CG1263173|-6|-61|CG1263173|-6|-61
623|2|6|2091|24|CG1263193|-30|-58|CG1263193|-30|-58|CG1263194|-37|-78|CG1263194|-37|-78|CG1263195|-34|-57|CG1263195|-34|-57|CG1263196|-23|-43|CG1263196|-23|-43|CG1263197|-24|-44|CG1263197|-24|-44|CG1263197|-24|-44|CG1263197|-24|-44|CG1263197|-24|-44|CG1263197|-24|-44|CG1263198|-28|-39|CG1263199|-36|-45|CG1263200|-48|-30|CG1263200|-48|-30|CG1263200|-48|-30|CG1263200|-48|-30|CG1263199|-36|-45|CG1263199|-36|-45|CG1263198|-28|-39|CG1263198|-28|-39
623|2|7|1088|13|CG1261869|-15|-60|CG1261869|-15|-60|CG1261870|-13|-61|CG1261870|-13|-61|CG1261871|-14|-61|CG1261871|-14|-61|CG1261872|-20|-80|CG1261873|-28|-74|CG1261874|-26|-82|CG1261875|-22|-79|CG1261875|-22|-79|CG1261876|-25|-58|CG1261876|-25|-58
623|2|8|1000|2|CG1263188|-12|-66|CG1263189|-49|-48
623|2|9|1000|1|CG1263190|-20|-50
623|2|10|1190|6|CG1263182|-29|-58|CG1263183|-32|-57|CG1263184|-15|-82|CG1263185|-14|-73|CG1263186|-15|-46|CG1263187|-16|-45
623|3|0|8000|40|CG1263257|-14|-62|CG1263258|-14|-63|CG1263259|-14|-63|CG1263258|-14|-63|CG1263257|-14|-62|CG1263260|-16|-61|CG1263261|-18|-59|CG1263261|-18|-59|CG1263261|-18|-59|CG1263261|-18|-59|CG1263260|-16|-61|CG1263257|-14|-62|CG1263258|-14|-63|CG1263259|-14|-63|CG1263258|-14|-63|CG1263257|-14|-62|CG1263258|-14|-63|CG1263259|-14|-63|CG1263258|-14|-63|CG1263257|-14|-62|CG1263260|-16|-61|CG1263261|-18|-59|CG1263261|-18|-59|CG1263261|-18|-59|CG1263260|-16|-61|CG1263257|-14|-62|CG1263260|-16|-61|CG1263261|-18|-59|CG1263261|-18|-59|CG1263261|-18|-59|CG1263261|-18|-59|CG1263260|-16|-61|CG1263257|-14|-62|CG1263258|-14|-63|CG1263259|-14|-63|CG1263258|-14|-63|CG1263257|-14|-62|CG1263258|-14|-63|CG1263259|-14|-63|CG1263258|-14|-63
623|3|1|1000|6|CG1263264|-22|-59|CG1263265|-21|-61|CG1263266|-18|-60|CG1263267|-23|-59|CG1263268|-20|-63|CG1263269|-17|-61
623|3|2|600|5|CG1325525|-125|-117|CG1325526|-119|-165|CG1325527|-116|-175|CG1325528|-58|-136|CG1325529|-81|-129
623|3|3|510|6|CG1263227|-24|-60|CG1263228|-20|-58|CG1263229|-21|-61|CG1263230|-25|-62|CG1263231|-19|-62|CG1263232|-22|-60
623|3|4|
623|3|5|1000|16|CG1263219|-26|-62|CG1263219|-26|-62|CG1263220|-29|-54|CG1263220|-29|-54|CG1263221|-12|-90|CG1263221|-12|-90|CG1263222|-45|-77|CG1263222|-45|-77|CG1263223|-2|-90|CG1263223|-2|-90|CG1263224|14|-57|CG1263224|14|-57|CG1263225|10|-57|CG1263225|10|-57|CG1263226|-3|-58|CG1263226|-3|-58
623|3|6|2091|24|CG1263246|-26|-59|CG1263246|-26|-59|CG1263247|-28|-65|CG1263247|-28|-65|CG1263248|-39|-61|CG1263248|-39|-61|CG1263249|-33|-49|CG1263249|-33|-49|CG1263250|-33|-45|CG1263250|-33|-45|CG1263250|-33|-45|CG1263250|-33|-45|CG1263250|-33|-45|CG1263250|-33|-45|CG1263251|-32|-47|CG1263252|-38|-50|CG1263253|-45|-41|CG1263253|-45|-41|CG1263253|-45|-41|CG1263253|-45|-41|CG1263252|-38|-50|CG1263252|-38|-50|CG1263251|-32|-47|CG1263251|-32|-47
623|3|7|1088|13|CG1261937|-17|-62|CG1261937|-17|-62|CG1261938|-25|-58|CG1261938|-25|-58|CG1261939|-14|-64|CG1261939|-14|-64|CG1261940|-22|-77|CG1261941|-30|-77|CG1261942|-18|-84|CG1261943|-29|-77|CG1261943|-29|-77|CG1261944|-23|-58|CG1261944|-23|-58
623|3|8|1000|2|CG1263241|-14|-57|CG1263242|-56|-42
623|3|9|1000|1|CG1263243|-21|-52
623|3|10|1190|6|CG1263235|-15|-61|CG1263236|-21|-59|CG1263237|-8|-61|CG1263238|-10|-43|CG1263239|-11|-26|CG1263240|-12|-22
623|4|0|8000|40|CG1263310|-15|-63|CG1263311|-15|-63|CG1263312|-15|-63|CG1263311|-15|-63|CG1263310|-15|-63|CG1263313|-18|-63|CG1263314|-20|-63|CG1263314|-20|-63|CG1263314|-20|-63|CG1263314|-20|-63|CG1263313|-18|-63|CG1263310|-15|-63|CG1263311|-15|-63|CG1263312|-15|-63|CG1263311|-15|-63|CG1263310|-15|-63|CG1263311|-15|-63|CG1263312|-15|-63|CG1263311|-15|-63|CG1263310|-15|-63|CG1263313|-18|-63|CG1263314|-20|-63|CG1263314|-20|-63|CG1263314|-20|-63|CG1263313|-18|-63|CG1263310|-15|-63|CG1263313|-18|-63|CG1263314|-20|-63|CG1263314|-20|-63|CG1263314|-20|-63|CG1263314|-20|-63|CG1263313|-18|-63|CG1263310|-15|-63|CG1263311|-15|-63|CG1263312|-15|-63|CG1263311|-15|-63|CG1263310|-15|-63|CG1263311|-15|-63|CG1263312|-15|-63|CG1263311|-15|-63
623|4|1|1000|6|CG1263317|-22|-60|CG1263318|-17|-63|CG1263319|-18|-62|CG1263320|-21|-60|CG1263321|-20|-63|CG1263322|-18|-61
623|4|2|600|5|CG1325581|-118|-123|CG1325582|-92|-162|CG1325583|-82|-152|CG1325584|-98|-119|CG1325585|-112|-122
623|4|3|510|6|CG1263280|-31|-55|CG1263281|-27|-50|CG1263282|-20|-56|CG1263283|-23|-60|CG1263284|-20|-55|CG1263285|-27|-53
623|4|4|
623|4|5|1000|16|CG1263272|-32|-61|CG1263272|-32|-61|CG1263273|-29|-46|CG1263273|-29|-46|CG1263274|-13|-91|CG1263274|-13|-91|CG1263275|-43|-76|CG1263275|-43|-76|CG1263276|-5|-72|CG1263276|-5|-72|CG1263277|2|-46|CG1263277|2|-46|CG1263278|0|-43|CG1263278|0|-43|CG1263279|-10|-51|CG1263279|-10|-51
623|4|6|2091|24|CG1263299|-29|-57|CG1263299|-29|-57|CG1263300|-36|-67|CG1263300|-36|-67|CG1263301|-31|-63|CG1263301|-31|-63|CG1263302|-33|-53|CG1263302|-33|-53|CG1263303|-33|-43|CG1263303|-33|-43|CG1263303|-33|-43|CG1263303|-33|-43|CG1263303|-33|-43|CG1263303|-33|-43|CG1263304|-33|-54|CG1263305|-35|-54|CG1263306|-39|-51|CG1263306|-39|-51|CG1263306|-39|-51|CG1263306|-39|-51|CG1263305|-35|-54|CG1263305|-35|-54|CG1263304|-33|-54|CG1263304|-33|-54
623|4|7|1088|13|CG1262005|-25|-60|CG1262005|-25|-60|CG1262006|-30|-50|CG1262006|-30|-50|CG1262007|-21|-64|CG1262007|-21|-64|CG1262008|-27|-77|CG1262009|-34|-79|CG1262010|-14|-81|CG1262011|-23|-70|CG1262011|-23|-70|CG1262012|-21|-55|CG1262012|-21|-55
623|4|8|1000|2|CG1263294|-21|-52|CG1263295|-45|-50
623|4|9|1000|1|CG1263296|-19|-52
623|4|10|1190|6|CG1263288|-26|-63|CG1263289|-41|-60|CG1263290|-16|-53|CG1263291|-15|-24|CG1263292|-16|-19|CG1263293|-16|-17
623|5|0|8000|40|CG1263363|-29|-60|CG1263364|-28|-60|CG1263365|-28|-60|CG1263364|-28|-60|CG1263363|-29|-60|CG1263366|-28|-61|CG1263367|-28|-61|CG1263367|-28|-61|CG1263367|-28|-61|CG1263367|-28|-61|CG1263366|-28|-61|CG1263363|-29|-60|CG1263364|-28|-60|CG1263365|-28|-60|CG1263364|-28|-60|CG1263363|-29|-60|CG1263364|-28|-60|CG1263365|-28|-60|CG1263364|-28|-60|CG1263363|-29|-60|CG1263366|-28|-61|CG1263367|-28|-61|CG1263367|-28|-61|CG1263367|-28|-61|CG1263366|-28|-61|CG1263363|-29|-60|CG1263366|-28|-61|CG1263367|-28|-61|CG1263367|-28|-61|CG1263367|-28|-61|CG1263367|-28|-61|CG1263366|-28|-61|CG1263363|-29|-60|CG1263364|-28|-60|CG1263365|-28|-60|CG1263364|-28|-60|CG1263363|-29|-60|CG1263364|-28|-60|CG1263365|-28|-60|CG1263364|-28|-60
623|5|1|1000|6|CG1263370|-33|-57|CG1263371|-33|-62|CG1263372|-28|-60|CG1263373|-25|-57|CG1263374|-28|-62|CG1263375|-31|-60
623|5|2|600|5|CG1325637|-87|-102|CG1325638|-101|-134|CG1325639|-81|-118|CG1325640|-146|-102|CG1325641|-132|-115
623|5|3|510|6|CG1263333|-27|-56|CG1263334|-31|-50|CG1263335|-22|-50|CG1263336|-15|-56|CG1263337|-22|-49|CG1263338|-31|-50
623|5|4|
623|5|5|1000|16|CG1263325|-27|-57|CG1263325|-27|-57|CG1263326|-44|-47|CG1263326|-44|-47|CG1263327|-27|-93|CG1263327|-27|-93|CG1263328|-23|-74|CG1263328|-23|-74|CG1263329|-23|-71|CG1263329|-23|-71|CG1263330|-24|-42|CG1263330|-24|-42|CG1263331|-20|-33|CG1263331|-20|-33|CG1263332|-19|-44|CG1263332|-19|-44
623|5|6|2091|24|CG1263352|-40|-53|CG1263352|-40|-53|CG1263353|-37|-68|CG1263353|-37|-68|CG1263354|-56|-60|CG1263354|-56|-60|CG1263355|-56|-51|CG1263355|-56|-51|CG1263356|-56|-40|CG1263356|-56|-40|CG1263356|-56|-40|CG1263356|-56|-40|CG1263356|-56|-40|CG1263356|-56|-40|CG1263357|-56|-54|CG1263358|-56|-55|CG1263359|-56|-55|CG1263359|-56|-55|CG1263359|-56|-55|CG1263359|-56|-55|CG1263358|-56|-55|CG1263358|-56|-55|CG1263357|-56|-54|CG1263357|-56|-54
623|5|7|1088|13|CG1262073|-24|-57|CG1262073|-24|-57|CG1262074|-22|-51|CG1262074|-22|-51|CG1262075|-22|-63|CG1262075|-22|-63|CG1262076|-23|-77|CG1262077|-21|-80|CG1262078|-20|-79|CG1262079|-20|-62|CG1262079|-20|-62|CG1262080|-22|-51|CG1262080|-22|-51
623|5|8|1000|2|CG1263347|-25|-45|CG1263348|-30|-56
623|5|9|1000|1|CG1263349|-38|-49
623|5|10|1190|6|CG1263341|-40|-60|CG1263342|-74|-57|CG1263343|-45|-64|CG1263344|-39|-20|CG1263345|-39|-15|CG1263346|-38|-15
623|6|0|8000|40|CG1263416|-30|-63|CG1263417|-28|-63|CG1263418|-27|-63|CG1263417|-28|-63|CG1263416|-30|-63|CG1263419|-28|-63|CG1263420|-28|-63|CG1263420|-28|-63|CG1263420|-28|-63|CG1263420|-28|-63|CG1263419|-28|-63|CG1263416|-30|-63|CG1263417|-28|-63|CG1263418|-27|-63|CG1263417|-28|-63|CG1263416|-30|-63|CG1263417|-28|-63|CG1263418|-27|-63|CG1263417|-28|-63|CG1263416|-30|-63|CG1263419|-28|-63|CG1263420|-28|-63|CG1263420|-28|-63|CG1263420|-28|-63|CG1263419|-28|-63|CG1263416|-30|-63|CG1263419|-28|-63|CG1263420|-28|-63|CG1263420|-28|-63|CG1263420|-28|-63|CG1263420|-28|-63|CG1263419|-28|-63|CG1263416|-30|-63|CG1263417|-28|-63|CG1263418|-27|-63|CG1263417|-28|-63|CG1263416|-30|-63|CG1263417|-28|-63|CG1263418|-27|-63|CG1263417|-28|-63
623|6|1|1000|6|CG1263423|-26|-60|CG1263424|-31|-63|CG1263425|-31|-61|CG1263426|-31|-59|CG1263427|-32|-63|CG1263428|-28|-62
623|6|2|600|5|CG1325693|-56|-115|CG1325694|-66|-158|CG1325695|-93|-143|CG1325696|-109|-126|CG1325697|-81|-115
623|6|3|510|6|CG1263386|-35|-59|CG1263387|-23|-54|CG1263388|-28|-53|CG1263389|-28|-54|CG1263390|-27|-49|CG1263391|-21|-55
623|6|4|
623|6|5|1000|16|CG1263378|-50|-61|CG1263378|-50|-61|CG1263379|-45|-46|CG1263379|-45|-46|CG1263380|-31|-96|CG1263380|-31|-96|CG1263381|-22|-76|CG1263381|-22|-76|CG1263382|-65|-87|CG1263382|-65|-87|CG1263383|-76|-45|CG1263383|-76|-45|CG1263384|-75|-43|CG1263384|-75|-43|CG1263385|-52|-48|CG1263385|-52|-48
623|6|6|2091|24|CG1263405|-58|-57|CG1263405|-58|-57|CG1263406|-43|-83|CG1263406|-43|-83|CG1263407|-60|-63|CG1263407|-60|-63|CG1263408|-59|-53|CG1263408|-59|-53|CG1263409|-60|-43|CG1263409|-60|-43|CG1263409|-60|-43|CG1263409|-60|-43|CG1263409|-60|-43|CG1263409|-60|-43|CG1263410|-60|-54|CG1263411|-59|-54|CG1263412|-59|-51|CG1263412|-59|-51|CG1263412|-59|-51|CG1263412|-59|-51|CG1263411|-59|-54|CG1263411|-59|-54|CG1263410|-60|-54|CG1263410|-60|-54
623|6|7|1088|13|CG1262141|-16|-60|CG1262141|-16|-60|CG1262142|-22|-55|CG1262142|-22|-55|CG1262143|-19|-64|CG1262143|-19|-64|CG1262144|-16|-76|CG1262145|-21|-79|CG1262146|-29|-81|CG1262147|-25|-63|CG1262147|-25|-63|CG1262148|-24|-55|CG1262148|-24|-55
623|6|8|1000|2|CG1263400|-46|-49|CG1263401|-40|-50
623|6|9|1000|1|CG1263402|-36|-51
623|6|10|1190|6|CG1263394|-20|-63|CG1263395|-68|-60|CG1263396|-61|-83|CG1263397|-77|-44|CG1263398|-102|-19|CG1263399|-103|-18
623|7|0|8000|40|CG1263469|-25|-62|CG1263470|-29|-63|CG1263471|-28|-63|CG1263470|-29|-63|CG1263469|-25|-62|CG1263472|-28|-61|CG1263473|-29|-59|CG1263473|-29|-59|CG1263473|-29|-59|CG1263473|-29|-59|CG1263472|-28|-61|CG1263469|-25|-62|CG1263470|-29|-63|CG1263471|-28|-63|CG1263470|-29|-63|CG1263469|-25|-62|CG1263470|-29|-63|CG1263471|-28|-63|CG1263470|-29|-63|CG1263469|-25|-62|CG1263472|-28|-61|CG1263473|-29|-59|CG1263473|-29|-59|CG1263473|-29|-59|CG1263472|-28|-61|CG1263469|-25|-62|CG1263472|-28|-61|CG1263473|-29|-59|CG1263473|-29|-59|CG1263473|-29|-59|CG1263473|-29|-59|CG1263472|-28|-61|CG1263469|-25|-62|CG1263470|-29|-63|CG1263471|-28|-63|CG1263470|-29|-63|CG1263469|-25|-62|CG1263470|-29|-63|CG1263471|-28|-63|CG1263470|-29|-63
623|7|1|1000|6|CG1263476|-36|-59|CG1263477|-34|-63|CG1263478|-23|-61|CG1263479|-25|-59|CG1263480|-27|-61|CG1263481|-32|-60
623|7|2|600|5|CG1325749|-65|-111|CG1325750|-73|-164|CG1325751|-68|-170|CG1325752|-60|-150|CG1325753|-60|-127
623|7|3|510|6|CG1263439|-51|-61|CG1263440|-43|-59|CG1263441|-24|-59|CG1263442|-30|-60|CG1263443|-27|-57|CG1263444|-42|-59
623|7|4|
623|7|5|1000|16|CG1263431|-50|-62|CG1263431|-50|-62|CG1263432|-27|-54|CG1263432|-27|-54|CG1263433|-26|-97|CG1263433|-26|-97|CG1263434|-26|-81|CG1263434|-26|-81|CG1263435|-69|-109|CG1263435|-69|-109|CG1263436|-97|-57|CG1263436|-97|-57|CG1263437|-98|-57|CG1263437|-98|-57|CG1263438|-75|-55|CG1263438|-75|-55
623|7|6|2091|24|CG1263458|-48|-59|CG1263458|-48|-59|CG1263459|-30|-94|CG1263459|-30|-94|CG1263460|-35|-74|CG1263460|-35|-74|CG1263461|-35|-49|CG1263461|-35|-49|CG1263462|-35|-45|CG1263462|-35|-45|CG1263462|-35|-45|CG1263462|-35|-45|CG1263462|-35|-45|CG1263462|-35|-45|CG1263463|-36|-47|CG1263464|-35|-44|CG1263465|-35|-41|CG1263465|-35|-41|CG1263465|-35|-41|CG1263465|-35|-41|CG1263464|-35|-44|CG1263464|-35|-44|CG1263463|-36|-47|CG1263463|-36|-47
623|7|7|1088|13|CG1262209|-19|-61|CG1262209|-19|-61|CG1262210|-27|-59|CG1262210|-27|-59|CG1262211|-33|-64|CG1262211|-33|-64|CG1262212|-22|-74|CG1262213|-30|-74|CG1262214|-24|-82|CG1262215|-33|-71|CG1262215|-33|-71|CG1262216|-22|-58|CG1262216|-22|-58
623|7|8|1000|2|CG1263453|-56|-56|CG1263454|-31|-52
623|7|9|1000|1|CG1263455|-23|-55
623|7|10|1190|6|CG1263447|-14|-61|CG1263448|-28|-69|CG1263449|-44|-100|CG1263450|-75|-73|CG1263451|-107|-28|CG1263452|-109|-24
