637|0|0|1496|9|CG1268896|-49|-77|CG1268896|-49|-77|CG1268897|-49|-77|CG1268897|-49|-77|CG1268898|-49|-77|CG1268898|-49|-77|CG1268898|-49|-77|CG1268897|-49|-77|CG1268897|-49|-77
637|0|1|1000|6|CG1268901|-37|-76|CG1268902|-38|-77|CG1268903|-35|-77|CG1268904|-33|-76|CG1268905|-32|-77|CG1268906|-32|-77
637|0|2|600|5|CG1325357|-54|-113|CG1325358|-66|-144|CG1325359|-95|-176|CG1325360|-103|-137|CG1325361|-78|-106
637|0|3|600|12|CG1269202|-25|-79|CG1269203|-23|-82|CG1269203|-23|-82|CG1269204|-19|-83|CG1269204|-19|-83|CG1269205|-28|-81|CG1269206|-35|-79|CG1269207|-36|-84|CG1269207|-36|-84|CG1269208|-33|-83|CG1269208|-33|-83|CG1269209|-34|-81
637|0|4|
637|0|5|1190|15|CG1268868|-34|-77|CG1268868|-34|-77|CG1268869|-40|-106|CG1268869|-40|-106|CG1268870|-40|-76|CG1268870|-40|-76|CG1268871|-52|-75|CG1268871|-52|-75|CG1268871|-52|-75|CG1268871|-52|-75|CG1268871|-52|-75|CG1268871|-52|-75|CG1268871|-52|-75|CG1268872|-49|-75|CG1268873|-39|-78
637|0|6|2689|26|CG1268887|-44|-78|CG1268888|-44|-78|CG1268889|-44|-78|CG1268887|-44|-78|CG1268888|-44|-78|CG1268889|-44|-78|CG1268887|-44|-78|CG1268888|-44|-78|CG1268889|-44|-78|CG1268887|-44|-78|CG1268888|-44|-78|CG1268889|-44|-78|CG1268887|-44|-78|CG1268888|-44|-78|CG1268889|-44|-78|CG1268887|-44|-78|CG1268888|-44|-78|CG1268889|-44|-78|CG1268887|-44|-78|CG1268890|-38|-78|CG1268890|-38|-78|CG1268891|-48|-79|CG1268891|-48|-79|CG1268891|-48|-79|CG1268892|-51|-78|CG1268892|-51|-78
637|0|7|799|12|CG1269241|-23|-78|CG1269241|-23|-78|CG1269242|-16|-79|CG1269242|-16|-79|CG1269242|-16|-79|CG1269243|-21|-78|CG1269244|-27|-76|CG1269245|-20|-77|CG1269245|-20|-77|CG1269245|-20|-77|CG1269246|-21|-77|CG1269246|-21|-77
637|0|8|1000|2|CG1268882|-29|-70|CG1268883|-39|-62
637|0|9|1000|1|CG1268884|-45|-80
637|0|10|986|6|CG1268876|-38|-67|CG1268877|-60|-63|CG1268878|-61|-55|CG1268879|-65|-47|CG1268880|-67|-47|CG1268881|-68|-46
637|1|0|1496|9|CG1268937|-41|-76|CG1268937|-41|-76|CG1268938|-42|-76|CG1268938|-42|-76|CG1268939|-42|-76|CG1268939|-42|-76|CG1268939|-42|-76|CG1268938|-42|-76|CG1268938|-42|-76
637|1|1|1000|6|CG1268942|-23|-76|CG1268943|-24|-76|CG1268944|-23|-77|CG1268945|-24|-79|CG1268946|-23|-79|CG1268947|-25|-77
637|1|2|600|5|CG1325413|-100|-113|CG1325414|-102|-107|CG1325415|-90|-159|CG1325416|-142|-98|CG1325417|-131|-103
637|1|3|600|12|CG1269264|-34|-79|CG1269265|-28|-83|CG1269265|-28|-83|CG1269266|-31|-83|CG1269266|-31|-83|CG1269267|-33|-81|CG1269268|-20|-79|CG1269269|-16|-83|CG1269269|-16|-83|CG1269270|-17|-83|CG1269270|-17|-83|CG1269271|-25|-81
637|1|4|
637|1|5|1190|15|CG1268909|-54|-77|CG1268909|-54|-77|CG1268910|-47|-102|CG1268910|-47|-102|CG1268911|-49|-78|CG1268911|-49|-78|CG1268912|-56|-77|CG1268912|-56|-77|CG1268912|-56|-77|CG1268912|-56|-77|CG1268912|-56|-77|CG1268912|-56|-77|CG1268912|-56|-77|CG1268913|-58|-74|CG1268914|-56|-76
637|1|6|2689|26|CG1268928|-44|-77|CG1268929|-44|-77|CG1268930|-44|-77|CG1268928|-44|-77|CG1268929|-44|-77|CG1268930|-44|-77|CG1268928|-44|-77|CG1268929|-44|-77|CG1268930|-44|-77|CG1268928|-44|-77|CG1268929|-44|-77|CG1268930|-44|-77|CG1268928|-44|-77|CG1268929|-44|-77|CG1268930|-44|-77|CG1268928|-44|-77|CG1268929|-44|-77|CG1268930|-44|-77|CG1268928|-44|-77|CG1268931|-44|-76|CG1268931|-44|-76|CG1268932|-37|-77|CG1268932|-37|-77|CG1268932|-37|-77|CG1268933|-39|-76|CG1268933|-39|-76
637|1|7|799|12|CG1269303|-17|-77|CG1269303|-17|-77|CG1269304|-20|-78|CG1269304|-20|-78|CG1269304|-20|-78|CG1269305|-16|-77|CG1269306|-20|-75|CG1269307|-17|-76|CG1269307|-17|-76|CG1269307|-17|-76|CG1269308|-17|-77|CG1269308|-17|-77
637|1|8|1000|2|CG1268923|-25|-75|CG1268924|-34|-60
637|1|9|1000|1|CG1268925|-53|-79
637|1|10|986|6|CG1268917|-32|-69|CG1268918|-39|-70|CG1268919|-39|-66|CG1268920|-39|-62|CG1268921|-39|-60|CG1268922|-39|-57
637|2|0|1496|9|CG1268978|-23|-76|CG1268978|-23|-76|CG1268979|-23|-76|CG1268979|-23|-76|CG1268980|-24|-76|CG1268980|-24|-76|CG1268980|-24|-76|CG1268979|-23|-76|CG1268979|-23|-76
637|2|1|1000|6|CG1268983|-42|-76|CG1268984|-41|-77|CG1268985|-43|-77|CG1268986|-44|-76|CG1268987|-45|-77|CG1268988|-47|-77
637|2|2|600|5|CG1325469|-119|-113|CG1325470|-90|-142|CG1325471|-82|-174|CG1325472|-99|-116|CG1325473|-109|-103
637|2|3|600|12|CG1269326|-30|-79|CG1269327|-39|-84|CG1269327|-39|-84|CG1269328|-36|-83|CG1269328|-36|-83|CG1269329|-31|-81|CG1269330|-30|-79|CG1269331|-34|-82|CG1269331|-34|-82|CG1269332|-30|-83|CG1269332|-30|-83|CG1269333|-32|-81
637|2|4|
637|2|5|1190|15|CG1268950|-43|-79|CG1268950|-43|-79|CG1268951|-28|-91|CG1268951|-28|-91|CG1268952|-32|-78|CG1268952|-32|-78|CG1268953|-30|-77|CG1268953|-30|-77|CG1268953|-30|-77|CG1268953|-30|-77|CG1268953|-30|-77|CG1268953|-30|-77|CG1268953|-30|-77|CG1268954|-35|-75|CG1268955|-42|-77
637|2|6|2689|26|CG1268969|-28|-76|CG1268970|-28|-76|CG1268971|-28|-76|CG1268969|-28|-76|CG1268970|-28|-76|CG1268971|-28|-76|CG1268969|-28|-76|CG1268970|-28|-76|CG1268971|-28|-76|CG1268969|-28|-76|CG1268970|-28|-76|CG1268971|-28|-76|CG1268969|-28|-76|CG1268970|-28|-76|CG1268971|-28|-76|CG1268969|-28|-76|CG1268970|-28|-76|CG1268971|-28|-76|CG1268969|-28|-76|CG1268972|-27|-75|CG1268972|-27|-75|CG1268973|-22|-76|CG1268973|-22|-76|CG1268973|-22|-76|CG1268974|-21|-76|CG1268974|-21|-76
637|2|7|799|12|CG1269365|-22|-76|CG1269365|-22|-76|CG1269366|-23|-76|CG1269366|-23|-76|CG1269366|-23|-76|CG1269367|-23|-75|CG1269368|-25|-76|CG1269369|-28|-76|CG1269369|-28|-76|CG1269369|-28|-76|CG1269370|-25|-77|CG1269370|-25|-77
637|2|8|1000|2|CG1268964|-43|-76|CG1268965|-30|-60
637|2|9|1000|1|CG1268966|-32|-79
637|2|10|986|6|CG1268958|-37|-65|CG1268959|-22|-70|CG1268960|-22|-68|CG1268961|-20|-62|CG1268962|-21|-57|CG1268963|-21|-49
637|3|0|1496|9|CG1269019|-35|-77|CG1269019|-35|-77|CG1269020|-34|-76|CG1269020|-34|-76|CG1269021|-33|-76|CG1269021|-33|-76|CG1269021|-33|-76|CG1269020|-34|-76|CG1269020|-34|-76
637|3|1|1000|6|CG1269024|-53|-77|CG1269025|-52|-77|CG1269026|-51|-78|CG1269027|-48|-77|CG1269028|-49|-77|CG1269029|-52|-78
637|3|2|600|5|CG1325525|-125|-117|CG1325526|-119|-165|CG1325527|-116|-175|CG1325528|-58|-136|CG1325529|-81|-129
637|3|3|600|12|CG1269388|-36|-77|CG1269389|-40|-82|CG1269389|-40|-82|CG1269390|-37|-82|CG1269390|-37|-82|CG1269391|-38|-80|CG1269392|-37|-77|CG1269393|-39|-80|CG1269393|-39|-80|CG1269394|-37|-81|CG1269394|-37|-81|CG1269395|-39|-80
637|3|4|
637|3|5|1190|15|CG1268991|-20|-78|CG1268991|-20|-78|CG1268992|-16|-79|CG1268992|-16|-79|CG1268993|-16|-78|CG1268993|-16|-78|CG1268994|-18|-79|CG1268994|-18|-79|CG1268994|-18|-79|CG1268994|-18|-79|CG1268994|-18|-79|CG1268994|-18|-79|CG1268994|-18|-79|CG1268995|-27|-77|CG1268996|-22|-78
637|3|6|2689|26|CG1269010|-30|-76|CG1269011|-30|-76|CG1269012|-30|-76|CG1269010|-30|-76|CG1269011|-30|-76|CG1269012|-30|-76|CG1269010|-30|-76|CG1269011|-30|-76|CG1269012|-30|-76|CG1269010|-30|-76|CG1269011|-30|-76|CG1269012|-30|-76|CG1269010|-30|-76|CG1269011|-30|-76|CG1269012|-30|-76|CG1269010|-30|-76|CG1269011|-30|-76|CG1269012|-30|-76|CG1269010|-30|-76|CG1269013|-25|-75|CG1269013|-25|-75|CG1269014|-33|-76|CG1269014|-33|-76|CG1269014|-33|-76|CG1269015|-35|-76|CG1269015|-35|-76
637|3|7|799|12|CG1269427|-17|-76|CG1269427|-17|-76|CG1269428|-18|-74|CG1269428|-18|-74|CG1269428|-18|-74|CG1269429|-19|-74|CG1269430|-23|-76|CG1269431|-27|-76|CG1269431|-27|-76|CG1269431|-27|-76|CG1269432|-24|-77|CG1269432|-24|-77
637|3|8|1000|2|CG1269005|-68|-73|CG1269006|-48|-66
637|3|9|1000|1|CG1269007|-46|-78
637|3|10|986|6|CG1268999|-40|-63|CG1269000|-22|-63|CG1269001|-20|-59|CG1269002|-19|-47|CG1269003|-19|-46|CG1269004|-20|-31
637|4|0|1496|9|CG1269060|-54|-78|CG1269060|-54|-78|CG1269061|-54|-78|CG1269061|-54|-78|CG1269062|-54|-78|CG1269062|-54|-78|CG1269062|-54|-78|CG1269061|-54|-78|CG1269061|-54|-78
637|4|1|1000|6|CG1269065|-35|-78|CG1269066|-34|-78|CG1269067|-31|-79|CG1269068|-26|-78|CG1269069|-26|-78|CG1269070|-29|-78
637|4|2|600|5|CG1325581|-118|-123|CG1325582|-92|-162|CG1325583|-82|-152|CG1325584|-98|-119|CG1325585|-112|-122
637|4|3|600|12|CG1269450|-28|-76|CG1269451|-32|-80|CG1269451|-32|-80|CG1269452|-29|-81|CG1269452|-29|-81|CG1269453|-30|-79|CG1269454|-30|-75|CG1269455|-38|-79|CG1269455|-38|-79|CG1269456|-36|-80|CG1269456|-36|-80|CG1269457|-30|-79
637|4|4|
637|4|5|1190|15|CG1269032|-21|-78|CG1269032|-21|-78|CG1269033|-33|-78|CG1269033|-33|-78|CG1269034|-36|-78|CG1269034|-36|-78|CG1269035|-33|-79|CG1269035|-33|-79|CG1269035|-33|-79|CG1269035|-33|-79|CG1269035|-33|-79|CG1269035|-33|-79|CG1269035|-33|-79|CG1269036|-36|-79|CG1269037|-31|-79
637|4|6|2689|26|CG1269051|-55|-76|CG1269052|-55|-76|CG1269053|-55|-76|CG1269051|-55|-76|CG1269052|-55|-76|CG1269053|-55|-76|CG1269051|-55|-76|CG1269052|-55|-76|CG1269053|-55|-76|CG1269051|-55|-76|CG1269052|-55|-76|CG1269053|-55|-76|CG1269051|-55|-76|CG1269052|-55|-76|CG1269053|-55|-76|CG1269051|-55|-76|CG1269052|-55|-76|CG1269053|-55|-76|CG1269051|-55|-76|CG1269054|-49|-76|CG1269054|-49|-76|CG1269055|-54|-77|CG1269055|-54|-77|CG1269055|-54|-77|CG1269056|-52|-77|CG1269056|-52|-77
637|4|7|799|12|CG1269489|-19|-76|CG1269489|-19|-76|CG1269490|-17|-74|CG1269490|-17|-74|CG1269490|-17|-74|CG1269491|-22|-74|CG1269492|-24|-77|CG1269493|-21|-77|CG1269493|-21|-77|CG1269493|-21|-77|CG1269494|-18|-78|CG1269494|-18|-78
637|4|8|1000|2|CG1269046|-56|-67|CG1269047|-63|-74
637|4|9|1000|1|CG1269048|-52|-78
637|4|10|986|6|CG1269040|-24|-62|CG1269041|-10|-56|CG1269042|-11|-46|CG1269043|-15|-31|CG1269044|-13|-31|CG1269045|-11|-21
637|5|0|1496|9|CG1269101|-43|-79|CG1269101|-43|-79|CG1269102|-43|-79|CG1269102|-43|-79|CG1269103|-43|-79|CG1269103|-43|-79|CG1269103|-43|-79|CG1269102|-43|-79|CG1269102|-43|-79
637|5|1|1000|6|CG1269106|-18|-78|CG1269107|-18|-78|CG1269108|-21|-79|CG1269109|-21|-78|CG1269110|-20|-78|CG1269111|-19|-79
637|5|2|600|5|CG1325637|-87|-102|CG1325638|-101|-134|CG1325639|-81|-118|CG1325640|-146|-102|CG1325641|-132|-115
637|5|3|600|12|CG1269512|-21|-75|CG1269513|-21|-78|CG1269513|-21|-78|CG1269514|-22|-79|CG1269514|-22|-79|CG1269515|-26|-79|CG1269516|-34|-75|CG1269517|-27|-78|CG1269517|-27|-78|CG1269518|-29|-79|CG1269518|-29|-79|CG1269519|-33|-79
637|5|4|
637|5|5|1190|15|CG1269073|-45|-77|CG1269073|-45|-77|CG1269074|-42|-78|CG1269074|-42|-78|CG1269075|-45|-77|CG1269075|-45|-77|CG1269076|-48|-79|CG1269076|-48|-79|CG1269076|-48|-79|CG1269076|-48|-79|CG1269076|-48|-79|CG1269076|-48|-79|CG1269076|-48|-79|CG1269077|-46|-79|CG1269078|-37|-78
637|5|6|2689|26|CG1269092|-49|-77|CG1269093|-49|-77|CG1269094|-49|-77|CG1269092|-49|-77|CG1269093|-49|-77|CG1269094|-49|-77|CG1269092|-49|-77|CG1269093|-49|-77|CG1269094|-49|-77|CG1269092|-49|-77|CG1269093|-49|-77|CG1269094|-49|-77|CG1269092|-49|-77|CG1269093|-49|-77|CG1269094|-49|-77|CG1269092|-49|-77|CG1269093|-49|-77|CG1269094|-49|-77|CG1269092|-49|-77|CG1269095|-55|-77|CG1269095|-55|-77|CG1269096|-44|-78|CG1269096|-44|-78|CG1269096|-44|-78|CG1269097|-40|-78|CG1269097|-40|-78
637|5|7|799|12|CG1269551|-20|-77|CG1269551|-20|-77|CG1269552|-20|-75|CG1269552|-20|-75|CG1269552|-20|-75|CG1269553|-21|-75|CG1269554|-19|-77|CG1269555|-20|-77|CG1269555|-20|-77|CG1269555|-20|-77|CG1269556|-19|-78|CG1269556|-19|-78
637|5|8|1000|2|CG1269087|-25|-78|CG1269088|-42|-82
637|5|9|1000|1|CG1269089|-29|-83
637|5|10|986|6|CG1269081|-28|-60|CG1269082|-32|-49|CG1269083|-29|-34|CG1269084|-18|-26|CG1269085|-22|-23|CG1269086|-25|-20
637|6|0|1496|9|CG1269142|-25|-79|CG1269142|-25|-79|CG1269143|-25|-79|CG1269143|-25|-79|CG1269144|-25|-79|CG1269144|-25|-79|CG1269144|-25|-79|CG1269143|-25|-79|CG1269143|-25|-79
637|6|1|1000|6|CG1269147|-35|-78|CG1269148|-36|-78|CG1269149|-38|-78|CG1269150|-40|-78|CG1269151|-40|-78|CG1269152|-39|-78
637|6|2|600|5|CG1325693|-56|-115|CG1325694|-66|-158|CG1325695|-93|-143|CG1325696|-109|-126|CG1325697|-81|-115
637|6|3|600|12|CG1269574|-36|-75|CG1269575|-38|-78|CG1269575|-38|-78|CG1269576|-34|-80|CG1269576|-34|-80|CG1269577|-34|-79|CG1269578|-24|-76|CG1269579|-25|-80|CG1269579|-25|-80|CG1269580|-20|-81|CG1269580|-20|-81|CG1269581|-27|-79
637|6|4|
637|6|5|1190|15|CG1269114|-42|-76|CG1269114|-42|-76|CG1269115|-39|-90|CG1269115|-39|-90|CG1269116|-43|-78|CG1269116|-43|-78|CG1269117|-43|-78|CG1269117|-43|-78|CG1269117|-43|-78|CG1269117|-43|-78|CG1269117|-43|-78|CG1269117|-43|-78|CG1269117|-43|-78|CG1269118|-39|-78|CG1269119|-35|-77
637|6|6|2689|26|CG1269133|-20|-78|CG1269134|-20|-78|CG1269135|-20|-78|CG1269133|-20|-78|CG1269134|-20|-78|CG1269135|-20|-78|CG1269133|-20|-78|CG1269134|-20|-78|CG1269135|-20|-78|CG1269133|-20|-78|CG1269134|-20|-78|CG1269135|-20|-78|CG1269133|-20|-78|CG1269134|-20|-78|CG1269135|-20|-78|CG1269133|-20|-78|CG1269134|-20|-78|CG1269135|-20|-78|CG1269133|-20|-78|CG1269136|-31|-78|CG1269136|-31|-78|CG1269137|-44|-79|CG1269137|-44|-79|CG1269137|-44|-79|CG1269138|-40|-79|CG1269138|-40|-79
637|6|7|799|12|CG1269613|-20|-78|CG1269613|-20|-78|CG1269614|-22|-78|CG1269614|-22|-78|CG1269614|-22|-78|CG1269615|-20|-76|CG1269616|-20|-77|CG1269617|-41|-77|CG1269617|-41|-77|CG1269617|-41|-77|CG1269618|-32|-78|CG1269618|-32|-78
637|6|8|1000|2|CG1269128|-24|-74|CG1269129|-29|-78
637|6|9|1000|1|CG1269130|-34|-86
637|6|10|986|6|CG1269122|-40|-60|CG1269123|-59|-49|CG1269124|-60|-38|CG1269125|-61|-30|CG1269126|-61|-17|CG1269127|-61|-14
637|7|0|1496|9|CG1269183|-29|-78|CG1269183|-29|-78|CG1269184|-28|-78|CG1269184|-28|-78|CG1269185|-28|-78|CG1269185|-28|-78|CG1269185|-28|-78|CG1269184|-28|-78|CG1269184|-28|-78
637|7|1|1000|6|CG1269188|-50|-77|CG1269189|-52|-77|CG1269190|-51|-78|CG1269191|-50|-77|CG1269192|-48|-77|CG1269193|-49|-78
637|7|2|600|5|CG1325749|-65|-111|CG1325750|-73|-164|CG1325751|-68|-170|CG1325752|-60|-150|CG1325753|-60|-127
637|7|3|600|12|CG1269636|-31|-77|CG1269637|-41|-80|CG1269637|-41|-80|CG1269638|-35|-81|CG1269638|-35|-81|CG1269639|-24|-80|CG1269640|-32|-77|CG1269641|-42|-82|CG1269641|-42|-82|CG1269642|-36|-82|CG1269642|-36|-82|CG1269643|-25|-80
637|7|4|
637|7|5|1190|15|CG1269155|-27|-76|CG1269155|-27|-76|CG1269156|-37|-102|CG1269156|-37|-102|CG1269157|-59|-83|CG1269157|-59|-83|CG1269158|-50|-76|CG1269158|-50|-76|CG1269158|-50|-76|CG1269158|-50|-76|CG1269158|-50|-76|CG1269158|-50|-76|CG1269158|-50|-76|CG1269159|-41|-77|CG1269160|-33|-79
637|7|6|2689|26|CG1269174|-20|-79|CG1269175|-20|-79|CG1269176|-21|-79|CG1269174|-20|-79|CG1269175|-20|-79|CG1269176|-21|-79|CG1269174|-20|-79|CG1269175|-20|-79|CG1269176|-21|-79|CG1269174|-20|-79|CG1269175|-20|-79|CG1269176|-21|-79|CG1269174|-20|-79|CG1269175|-20|-79|CG1269176|-21|-79|CG1269174|-20|-79|CG1269175|-20|-79|CG1269176|-21|-79|CG1269174|-20|-79|CG1269177|-24|-78|CG1269177|-24|-78|CG1269178|-39|-79|CG1269178|-39|-79|CG1269178|-39|-79|CG1269179|-38|-79|CG1269179|-38|-79
637|7|7|799|12|CG1269675|-20|-79|CG1269675|-20|-79|CG1269676|-19|-79|CG1269676|-19|-79|CG1269676|-19|-79|CG1269677|-26|-78|CG1269678|-28|-76|CG1269679|-40|-77|CG1269679|-40|-77|CG1269679|-40|-77|CG1269680|-36|-78|CG1269680|-36|-78
637|7|8|1000|2|CG1269169|-35|-65|CG1269170|-36|-70
637|7|9|1000|1|CG1269171|-39|-80
637|7|10|986|6|CG1269163|-43|-62|CG1269164|-78|-55|CG1269165|-80|-46|CG1269166|-81|-41|CG1269167|-81|-25|CG1269168|-81|-24
