580|0|0|1088|6|CG1243949|-49|-75|CG1243950|-50|-74|CG1243951|-50|-74|CG1243952|-50|-74|CG1243953|-49|-74|CG1243954|-49|-74
580|0|1|1000|6|CG1243957|-28|-71|CG1243958|-25|-71|CG1243959|-22|-71|CG1243960|-20|-70|CG1243961|-19|-71|CG1243962|-23|-72
580|0|2|600|5|CG1325357|-54|-113|CG1325358|-66|-144|CG1325359|-95|-176|CG1325360|-103|-137|CG1325361|-78|-106
580|0|3|986|8|CG1243919|-26|-72|CG1243920|-23|-75|CG1243921|-23|-78|CG1243922|-23|-73|CG1243923|-15|-72|CG1243924|-16|-76|CG1243925|-15|-79|CG1243926|-14|-82
580|0|4|
580|0|5|799|19|CG1243908|-21|-75|CG1243908|-21|-75|CG1243911|-22|-80|CG1243911|-22|-80|CG1243912|-48|-88|CG1243912|-48|-88|CG1243913|-51|-89|CG1243913|-51|-89|CG1243914|-44|-82|CG1243915|-32|-82|CG1243916|-33|-80|CG1243917|-16|-77|CG1243917|-16|-77|CG1243918|-20|-79|CG1243918|-20|-79|CG1243909|-16|-78|CG1243909|-16|-78|CG1243910|-15|-76|CG1243910|-15|-76
580|0|6|2397|18|CG1243940|-19|-78|CG1243941|-16|-72|CG1243942|-14|-74|CG1243943|-14|-84|CG1243944|-16|-92|CG1243945|-20|-88|CG1243940|-19|-78|CG1243941|-16|-72|CG1243942|-14|-74|CG1243943|-14|-84|CG1243944|-16|-92|CG1243945|-20|-88|CG1243940|-19|-78|CG1243941|-16|-72|CG1243942|-14|-74|CG1243943|-14|-84|CG1243944|-16|-92|CG1243945|-20|-88
580|0|7|1326|16|CG1242906|-15|-75|CG1242906|-15|-75|CG1242908|-17|-76|CG1242909|-16|-77|CG1242910|-20|-80|CG1242910|-20|-80|CG1242911|-29|-84|CG1242911|-29|-84|CG1242912|-36|-82|CG1242912|-36|-82|CG1242913|-25|-79|CG1242913|-25|-79|CG1242914|-15|-74|CG1242914|-15|-74|CG1242915|-16|-74|CG1242915|-16|-74
580|0|8|1000|2|CG1243935|-19|-69|CG1243936|-22|-47
580|0|9|1000|1|CG1243937|-22|-71
580|0|10|1000|6|CG1243929|-14|-70|CG1243930|-21|-75|CG1243931|-25|-78|CG1243932|-27|-77|CG1243933|-29|-59|CG1243934|-23|-48
580|1|0|1088|6|CG1244006|-26|-74|CG1244007|-27|-73|CG1244008|-26|-73|CG1244009|-22|-74|CG1244010|-22|-74|CG1244011|-24|-74
580|1|1|1000|6|CG1244014|-13|-70|CG1244015|-13|-71|CG1244016|-14|-71|CG1244017|-15|-70|CG1244018|-14|-71|CG1244019|-13|-71
580|1|2|600|5|CG1325413|-100|-113|CG1325414|-102|-107|CG1325415|-90|-159|CG1325416|-142|-98|CG1325417|-131|-103
580|1|3|986|8|CG1243976|-26|-73|CG1243977|-25|-75|CG1243978|-26|-77|CG1243979|-18|-73|CG1243980|-28|-73|CG1243981|-17|-75|CG1243982|-18|-77|CG1243983|-21|-73
580|1|4|
580|1|5|799|19|CG1243965|-16|-76|CG1243965|-16|-76|CG1243968|-17|-82|CG1243968|-17|-82|CG1243969|-41|-89|CG1243969|-41|-89|CG1243970|-41|-90|CG1243970|-41|-90|CG1243971|-50|-82|CG1243972|-23|-80|CG1243973|-18|-79|CG1243974|-18|-77|CG1243974|-18|-77|CG1243975|-38|-79|CG1243975|-38|-79|CG1243966|-12|-78|CG1243966|-12|-78|CG1243967|-12|-75|CG1243967|-12|-75
580|1|6|2397|18|CG1243997|-34|-79|CG1243998|-33|-70|CG1243999|-19|-72|CG1244000|-20|-80|CG1244001|-23|-86|CG1244002|-29|-88|CG1243997|-34|-79|CG1243998|-33|-70|CG1243999|-19|-72|CG1244000|-20|-80|CG1244001|-23|-86|CG1244002|-29|-88|CG1243997|-34|-79|CG1243998|-33|-70|CG1243999|-19|-72|CG1244000|-20|-80|CG1244001|-23|-86|CG1244002|-29|-88
580|1|7|1326|16|CG1242981|-11|-75|CG1242981|-11|-75|CG1242983|-11|-75|CG1242984|-24|-75|CG1242985|-10|-79|CG1242985|-10|-79|CG1242986|-14|-84|CG1242986|-14|-84|CG1242987|-25|-83|CG1242987|-25|-83|CG1242988|-13|-79|CG1242988|-13|-79|CG1242989|-14|-72|CG1242989|-14|-72|CG1242990|-10|-73|CG1242990|-10|-73
580|1|8|1000|2|CG1243992|-12|-69|CG1243993|-17|-42
580|1|9|1000|1|CG1243994|-13|-73
580|1|10|1000|6|CG1243986|-13|-69|CG1243987|-16|-70|CG1243988|-16|-69|CG1243989|-20|-63|CG1243990|-22|-49|CG1243991|-24|-38
580|2|0|1088|6|CG1244063|-12|-73|CG1244064|-12|-72|CG1244065|-12|-72|CG1244066|-13|-72|CG1244067|-13|-72|CG1244068|-13|-72
580|2|1|1000|6|CG1244071|-16|-70|CG1244072|-19|-71|CG1244073|-24|-72|CG1244074|-27|-71|CG1244075|-26|-71|CG1244076|-21|-71
580|2|2|600|5|CG1325469|-119|-113|CG1325470|-90|-142|CG1325471|-82|-174|CG1325472|-99|-116|CG1325473|-109|-103
580|2|3|986|8|CG1244033|-27|-72|CG1244034|-29|-76|CG1244035|-28|-79|CG1244036|-30|-73|CG1244037|-29|-72|CG1244038|-30|-75|CG1244039|-34|-78|CG1244040|-32|-73
580|2|4|
580|2|5|799|19|CG1244022|-13|-77|CG1244022|-13|-77|CG1244025|-33|-82|CG1244025|-33|-82|CG1244026|-13|-92|CG1244026|-13|-92|CG1244027|-21|-90|CG1244027|-21|-90|CG1244028|-35|-94|CG1244029|-23|-78|CG1244030|-18|-77|CG1244031|-35|-75|CG1244031|-35|-75|CG1244032|-38|-85|CG1244032|-38|-85|CG1244023|-35|-77|CG1244023|-35|-77|CG1244024|-24|-75|CG1244024|-24|-75
580|2|6|2397|18|CG1244054|-33|-74|CG1244055|-35|-70|CG1244056|-30|-73|CG1244057|-26|-74|CG1244058|-29|-74|CG1244059|-29|-81|CG1244054|-33|-74|CG1244055|-35|-70|CG1244056|-30|-73|CG1244057|-26|-74|CG1244058|-29|-74|CG1244059|-29|-81|CG1244054|-33|-74|CG1244055|-35|-70|CG1244056|-30|-73|CG1244057|-26|-74|CG1244058|-29|-74|CG1244059|-29|-81
580|2|7|1326|16|CG1243056|-10|-74|CG1243056|-10|-74|CG1243058|-12|-74|CG1243059|-20|-73|CG1243060|-8|-77|CG1243060|-8|-77|CG1243061|-9|-80|CG1243061|-9|-80|CG1243062|-12|-79|CG1243062|-12|-79|CG1243063|-8|-77|CG1243063|-8|-77|CG1243064|-14|-70|CG1243064|-14|-70|CG1243065|-10|-71|CG1243065|-10|-71
580|2|8|1000|2|CG1244049|-13|-66|CG1244050|-43|-42
580|2|9|1000|1|CG1244051|-33|-71
580|2|10|1000|6|CG1244043|-13|-65|CG1244044|-16|-62|CG1244045|-16|-59|CG1244046|-22|-41|CG1244047|-23|-32|CG1244048|-24|-19
580|3|0|1088|6|CG1244120|-14|-71|CG1244121|-14|-71|CG1244122|-15|-71|CG1244123|-16|-71|CG1244124|-16|-71|CG1244125|-15|-71
580|3|1|1000|6|CG1244128|-37|-71|CG1244129|-38|-72|CG1244130|-40|-73|CG1244131|-40|-72|CG1244132|-41|-72|CG1244133|-41|-72
580|3|2|600|5|CG1325525|-125|-117|CG1325526|-119|-165|CG1325527|-116|-175|CG1325528|-58|-136|CG1325529|-81|-129
580|3|3|986|8|CG1244090|-29|-73|CG1244091|-49|-78|CG1244092|-56|-82|CG1244093|-28|-75|CG1244094|-31|-73|CG1244095|-29|-77|CG1244096|-35|-80|CG1244097|-28|-75
580|3|4|
580|3|5|799|19|CG1244079|-39|-76|CG1244079|-39|-76|CG1244082|-31|-87|CG1244082|-31|-87|CG1244083|-31|-89|CG1244083|-31|-89|CG1244084|-35|-86|CG1244084|-35|-86|CG1244085|-25|-98|CG1244086|-28|-80|CG1244087|-20|-75|CG1244088|-40|-74|CG1244088|-40|-74|CG1244089|-17|-94|CG1244089|-17|-94|CG1244080|-52|-75|CG1244080|-52|-75|CG1244081|-42|-73|CG1244081|-42|-73
580|3|6|2397|18|CG1244111|-51|-70|CG1244112|-51|-72|CG1244113|-50|-77|CG1244114|-46|-76|CG1244115|-46|-72|CG1244116|-48|-72|CG1244111|-51|-70|CG1244112|-51|-72|CG1244113|-50|-77|CG1244114|-46|-76|CG1244115|-46|-72|CG1244116|-48|-72|CG1244111|-51|-70|CG1244112|-51|-72|CG1244113|-50|-77|CG1244114|-46|-76|CG1244115|-46|-72|CG1244116|-48|-72
580|3|7|1326|16|CG1243131|-26|-71|CG1243131|-26|-71|CG1243133|-16|-72|CG1243134|-15|-72|CG1243135|-14|-74|CG1243135|-14|-74|CG1243136|-9|-74|CG1243136|-9|-74|CG1243137|-9|-73|CG1243137|-9|-73|CG1243138|-10|-72|CG1243138|-10|-72|CG1243139|-14|-68|CG1243139|-14|-68|CG1243140|-15|-69|CG1243140|-15|-69
580|3|8|1000|2|CG1244106|-41|-61|CG1244107|-60|-50
580|3|9|1000|1|CG1244108|-35|-70
580|3|10|1000|6|CG1244100|-28|-64|CG1244101|-18|-56|CG1244102|-17|-53|CG1244103|-16|-33|CG1244104|-16|-22|CG1244105|-19|-19
580|4|0|1088|6|CG1244177|-30|-71|CG1244178|-30|-71|CG1244179|-30|-71|CG1244180|-30|-71|CG1244181|-30|-71|CG1244182|-30|-71
580|4|1|1000|6|CG1244185|-39|-73|CG1244186|-37|-74|CG1244187|-34|-75|CG1244188|-33|-73|CG1244189|-34|-74|CG1244190|-38|-74
580|4|2|600|5|CG1325581|-118|-123|CG1325582|-92|-162|CG1325583|-82|-152|CG1325584|-98|-119|CG1325585|-112|-122
580|4|3|986|8|CG1244147|-43|-73|CG1244148|-65|-80|CG1244149|-66|-85|CG1244150|-59|-76|CG1244151|-43|-73|CG1244152|-37|-79|CG1244153|-33|-83|CG1244154|-34|-76
580|4|4|
580|4|5|799|19|CG1244136|-45|-74|CG1244136|-45|-74|CG1244139|-25|-94|CG1244139|-25|-94|CG1244140|-36|-76|CG1244140|-36|-76|CG1244141|-33|-89|CG1244141|-33|-89|CG1244142|-24|-92|CG1244143|-33|-84|CG1244144|-39|-74|CG1244145|-48|-73|CG1244145|-48|-73|CG1244146|-34|-94|CG1244146|-34|-94|CG1244137|-41|-73|CG1244137|-41|-73|CG1244138|-37|-73|CG1244138|-37|-73
580|4|6|2397|18|CG1244168|-43|-68|CG1244169|-40|-81|CG1244170|-43|-82|CG1244171|-45|-76|CG1244172|-43|-71|CG1244173|-43|-70|CG1244168|-43|-68|CG1244169|-40|-81|CG1244170|-43|-82|CG1244171|-45|-76|CG1244172|-43|-71|CG1244173|-43|-70|CG1244168|-43|-68|CG1244169|-40|-81|CG1244170|-43|-82|CG1244171|-45|-76|CG1244172|-43|-71|CG1244173|-43|-70
580|4|7|1326|16|CG1243206|-30|-70|CG1243206|-30|-70|CG1243208|-21|-71|CG1243209|-17|-72|CG1243210|-20|-70|CG1243210|-20|-70|CG1243211|-15|-70|CG1243211|-15|-70|CG1243212|-18|-69|CG1243212|-18|-69|CG1243213|-20|-68|CG1243213|-20|-68|CG1243214|-22|-68|CG1243214|-22|-68|CG1243215|-18|-69|CG1243215|-18|-69
580|4|8|1000|2|CG1244163|-47|-58|CG1244164|-50|-63
580|4|9|1000|1|CG1244165|-20|-70
580|4|10|1000|6|CG1244157|-33|-64|CG1244158|-38|-56|CG1244159|-27|-55|CG1244160|-32|-33|CG1244161|-29|-20|CG1244162|-24|-17
580|5|0|1088|6|CG1244234|-30|-72|CG1244235|-30|-72|CG1244236|-30|-72|CG1244237|-28|-72|CG1244238|-28|-72|CG1244239|-29|-72
580|5|1|1000|6|CG1244242|-20|-73|CG1244243|-19|-74|CG1244244|-21|-75|CG1244245|-22|-73|CG1244246|-24|-74|CG1244247|-21|-75
580|5|2|600|5|CG1325637|-87|-102|CG1325638|-101|-134|CG1325639|-81|-118|CG1325640|-146|-102|CG1325641|-132|-115
580|5|3|986|8|CG1244204|-57|-74|CG1244205|-51|-80|CG1244206|-43|-85|CG1244207|-62|-77|CG1244208|-59|-74|CG1244209|-64|-80|CG1244210|-62|-85|CG1244211|-59|-77
580|5|4|
580|5|5|799|19|CG1244193|-27|-78|CG1244193|-27|-78|CG1244196|-35|-93|CG1244196|-35|-93|CG1244197|-32|-82|CG1244197|-32|-82|CG1244198|-28|-94|CG1244198|-28|-94|CG1244199|-23|-90|CG1244200|-29|-84|CG1244201|-56|-75|CG1244202|-59|-75|CG1244202|-59|-75|CG1244203|-40|-85|CG1244203|-40|-85|CG1244194|-40|-72|CG1244194|-40|-72|CG1244195|-38|-73|CG1244195|-38|-73
580|5|6|2397|18|CG1244225|-15|-76|CG1244226|-22|-87|CG1244227|-29|-91|CG1244228|-33|-81|CG1244229|-31|-73|CG1244230|-18|-74|CG1244225|-15|-76|CG1244226|-22|-87|CG1244227|-29|-91|CG1244228|-33|-81|CG1244229|-31|-73|CG1244230|-18|-74|CG1244225|-15|-76|CG1244226|-22|-87|CG1244227|-29|-91|CG1244228|-33|-81|CG1244229|-31|-73|CG1244230|-18|-74
580|5|7|1326|16|CG1243281|-20|-70|CG1243281|-20|-70|CG1243283|-26|-72|CG1243284|-30|-73|CG1243285|-28|-71|CG1243285|-28|-71|CG1243286|-34|-70|CG1243286|-34|-70|CG1243287|-29|-68|CG1243287|-29|-68|CG1243288|-30|-67|CG1243288|-30|-67|CG1243289|-28|-69|CG1243289|-28|-69|CG1243290|-20|-70|CG1243290|-20|-70
580|5|8|1000|2|CG1244220|-27|-58|CG1244221|-48|-68
580|5|9|1000|1|CG1244222|-37|-69
580|5|10|1000|6|CG1244214|-29|-65|CG1244215|-42|-58|CG1244216|-48|-63|CG1244217|-60|-44|CG1244218|-66|-30|CG1244219|-58|-16
580|6|0|1088|6|CG1244291|-22|-73|CG1244292|-23|-73|CG1244293|-25|-73|CG1244294|-29|-73|CG1244295|-28|-73|CG1244296|-26|-73
580|6|1|1000|6|CG1244299|-39|-73|CG1244300|-40|-74|CG1244301|-41|-74|CG1244302|-41|-73|CG1244303|-41|-74|CG1244304|-40|-75
580|6|2|600|5|CG1325693|-56|-115|CG1325694|-66|-158|CG1325695|-93|-143|CG1325696|-109|-126|CG1325697|-81|-115
580|6|3|986|8|CG1244261|-45|-73|CG1244262|-23|-79|CG1244263|-18|-83|CG1244264|-35|-76|CG1244265|-49|-73|CG1244266|-60|-80|CG1244267|-61|-84|CG1244268|-56|-76
580|6|4|
580|6|5|799|19|CG1244250|-36|-81|CG1244250|-36|-81|CG1244253|-40|-86|CG1244253|-40|-86|CG1244254|-30|-84|CG1244254|-30|-84|CG1244255|-27|-93|CG1244255|-27|-93|CG1244256|-33|-88|CG1244257|-54|-82|CG1244258|-47|-76|CG1244259|-43|-73|CG1244259|-43|-73|CG1244260|-27|-76|CG1244260|-27|-76|CG1244251|-41|-73|CG1244251|-41|-73|CG1244252|-45|-73|CG1244252|-45|-73
580|6|6|2397|18|CG1244282|-26|-73|CG1244283|-37|-83|CG1244284|-42|-90|CG1244285|-47|-82|CG1244286|-42|-74|CG1244287|-28|-74|CG1244282|-26|-73|CG1244283|-37|-83|CG1244284|-42|-90|CG1244285|-47|-82|CG1244286|-42|-74|CG1244287|-28|-74|CG1244282|-26|-73|CG1244283|-37|-83|CG1244284|-42|-90|CG1244285|-47|-82|CG1244286|-42|-74|CG1244287|-28|-74
580|6|7|1326|16|CG1243356|-22|-72|CG1243356|-22|-72|CG1243358|-21|-73|CG1243359|-36|-76|CG1243360|-31|-74|CG1243360|-31|-74|CG1243361|-45|-74|CG1243361|-45|-74|CG1243362|-37|-73|CG1243362|-37|-73|CG1243363|-30|-70|CG1243363|-30|-70|CG1243364|-28|-71|CG1243364|-28|-71|CG1243365|-25|-72|CG1243365|-25|-72
580|6|8|1000|2|CG1244277|-39|-61|CG1244278|-38|-61
580|6|9|1000|1|CG1244279|-48|-70
580|6|10|1000|6|CG1244271|-39|-67|CG1244272|-32|-67|CG1244273|-49|-74|CG1244274|-58|-64|CG1244275|-70|-47|CG1244276|-73|-27
580|7|0|1088|6|CG1244348|-46|-74|CG1244349|-47|-74|CG1244350|-49|-73|CG1244351|-52|-74|CG1244352|-51|-74|CG1244353|-49|-74
580|7|1|1000|6|CG1244356|-44|-72|CG1244357|-44|-72|CG1244358|-42|-72|CG1244359|-41|-71|CG1244360|-40|-72|CG1244361|-42|-73
580|7|2|600|5|CG1325749|-65|-111|CG1325750|-73|-164|CG1325751|-68|-170|CG1325752|-60|-150|CG1325753|-60|-127
580|7|3|986|8|CG1244318|-18|-73|CG1244319|-30|-77|CG1244320|-27|-80|CG1244321|-22|-75|CG1244322|-18|-73|CG1244323|-26|-78|CG1244324|-30|-82|CG1244325|-26|-81
580|7|4|
580|7|5|799|19|CG1244307|-35|-73|CG1244307|-35|-73|CG1244310|-34|-76|CG1244310|-34|-76|CG1244311|-30|-85|CG1244311|-30|-85|CG1244312|-34|-86|CG1244312|-34|-86|CG1244313|-36|-83|CG1244314|-57|-83|CG1244315|-32|-78|CG1244316|-27|-75|CG1244316|-27|-75|CG1244317|-21|-79|CG1244317|-21|-79|CG1244308|-27|-76|CG1244308|-27|-76|CG1244309|-34|-75|CG1244309|-34|-75
580|7|6|2397|18|CG1244339|-29|-69|CG1244340|-31|-70|CG1244341|-32|-79|CG1244342|-35|-77|CG1244343|-30|-86|CG1244344|-27|-81|CG1244339|-29|-69|CG1244340|-31|-70|CG1244341|-32|-79|CG1244342|-35|-77|CG1244343|-30|-86|CG1244344|-27|-81|CG1244339|-29|-69|CG1244340|-31|-70|CG1244341|-32|-79|CG1244342|-35|-77|CG1244343|-30|-86|CG1244344|-27|-81
580|7|7|1326|16|CG1243431|-19|-74|CG1243431|-19|-74|CG1243433|-20|-75|CG1243434|-24|-77|CG1243435|-30|-77|CG1243435|-30|-77|CG1243436|-45|-80|CG1243436|-45|-80|CG1243437|-39|-79|CG1243437|-39|-79|CG1243438|-29|-75|CG1243438|-29|-75|CG1243439|-29|-73|CG1243439|-29|-73|CG1243440|-24|-74|CG1243440|-24|-74
580|7|8|1000|2|CG1244334|-36|-65|CG1244335|-33|-50
580|7|9|1000|1|CG1244336|-34|-70
580|7|10|1000|6|CG1244328|-31|-68|CG1244329|-34|-74|CG1244330|-33|-80|CG1244331|-46|-76|CG1244332|-41|-59|CG1244333|-54|-44
