624|0|0|1496|9|CG1263522|-13|-102|CG1263522|-13|-102|CG1263523|-13|-102|CG1263523|-13|-102|CG1263524|-13|-102|CG1263524|-13|-102|CG1263524|-13|-102|CG1263523|-13|-102|CG1263523|-13|-102
624|0|1|1000|6|CG1263527|-49|-76|CG1263528|-54|-77|CG1263529|-57|-77|CG1263530|-58|-79|CG1263531|-57|-78|CG1263532|-55|-77
624|0|2|600|5|CG1325357|-54|-113|CG1325358|-66|-144|CG1325359|-95|-176|CG1325360|-103|-137|CG1325361|-78|-106
624|0|3|600|12|CG1263492|-31|-78|CG1263493|-26|-82|CG1263493|-26|-82|CG1263494|-27|-82|CG1263494|-27|-82|CG1263495|-29|-81|CG1263496|-29|-78|CG1263497|-25|-83|CG1263497|-25|-83|CG1263498|-27|-83|CG1263498|-27|-83|CG1263499|-31|-81
624|0|4|
624|0|5|1000|9|CG1263484|-28|-72|CG1263485|-21|-67|CG1263485|-21|-67|CG1263486|-32|-72|CG1263487|-87|-94|CG1263488|-40|-146|CG1263489|-44|-156|CG1263490|-26|-146|CG1263491|-39|-136
624|0|6|2689|24|CG1263513|-37|-78|CG1263514|-37|-78|CG1263515|-37|-78|CG1263513|-37|-78|CG1263514|-37|-78|CG1263515|-37|-78|CG1263513|-37|-78|CG1263514|-37|-78|CG1263515|-37|-78|CG1263513|-37|-78|CG1263514|-37|-78|CG1263515|-37|-78|CG1263513|-37|-78|CG1263514|-37|-78|CG1263515|-37|-78|CG1263513|-37|-78|CG1263514|-37|-78|CG1263515|-37|-78|CG1263513|-37|-78|CG1263516|-45|-78|CG1263516|-45|-78|CG1263517|-39|-111|CG1263518|-29|-105|CG1263518|-29|-105
624|0|7|799|12|CG1264265|-23|-78|CG1264265|-23|-78|CG1264266|-16|-79|CG1264266|-16|-79|CG1264266|-16|-79|CG1264267|-21|-78|CG1264268|-27|-76|CG1264269|-20|-77|CG1264269|-20|-77|CG1264269|-20|-77|CG1264270|-21|-77|CG1264270|-21|-77
624|0|8|1000|2|CG1263508|-48|-70|CG1263509|-26|-62
624|0|9|1000|1|CG1263510|-62|-84
624|0|10|986|6|CG1263502|-48|-63|CG1263503|-52|-65|CG1263504|-51|-67|CG1263505|-65|-74|CG1263506|-67|-65|CG1263507|-68|-46
624|1|0|1496|9|CG1263573|-17|-99|CG1263573|-17|-99|CG1263574|-18|-99|CG1263574|-18|-99|CG1263575|-18|-98|CG1263575|-18|-98|CG1263575|-18|-98|CG1263574|-18|-99|CG1263574|-18|-99
624|1|1|1000|6|CG1263578|-64|-90|CG1263579|-65|-92|CG1263580|-65|-93|CG1263581|-63|-98|CG1263582|-64|-97|CG1263583|-64|-96
624|1|2|600|5|CG1325413|-100|-113|CG1325414|-102|-107|CG1325415|-90|-159|CG1325416|-142|-98|CG1325417|-131|-103
624|1|3|600|12|CG1263543|-70|-79|CG1263544|-66|-83|CG1263544|-66|-83|CG1263545|-67|-83|CG1263545|-67|-83|CG1263546|-69|-82|CG1263547|-69|-79|CG1263548|-67|-84|CG1263548|-67|-84|CG1263549|-68|-84|CG1263549|-68|-84|CG1263550|-71|-82
624|1|4|
624|1|5|1000|9|CG1263535|-39|-72|CG1263536|-28|-67|CG1263536|-28|-67|CG1263537|-61|-74|CG1263538|-35|-108|CG1263539|-36|-139|CG1263540|-33|-156|CG1263541|-27|-142|CG1263542|-19|-139
624|1|6|2689|24|CG1263564|-32|-82|CG1263565|-32|-82|CG1263566|-32|-82|CG1263564|-32|-82|CG1263565|-32|-82|CG1263566|-32|-82|CG1263564|-32|-82|CG1263565|-32|-82|CG1263566|-32|-82|CG1263564|-32|-82|CG1263565|-32|-82|CG1263566|-32|-82|CG1263564|-32|-82|CG1263565|-32|-82|CG1263566|-32|-82|CG1263564|-32|-82|CG1263565|-32|-82|CG1263566|-32|-82|CG1263564|-32|-82|CG1263567|-54|-76|CG1263567|-54|-76|CG1263568|-14|-112|CG1263569|-14|-104|CG1263569|-14|-104
624|1|7|799|12|CG1264327|-17|-77|CG1264327|-17|-77|CG1264328|-20|-78|CG1264328|-20|-78|CG1264328|-20|-78|CG1264329|-16|-77|CG1264330|-20|-75|CG1264331|-17|-76|CG1264331|-17|-76|CG1264331|-17|-76|CG1264332|-17|-77|CG1264332|-17|-77
624|1|8|1000|2|CG1263559|-72|-75|CG1263560|-58|-60
624|1|9|1000|1|CG1263561|-44|-79
624|1|10|986|6|CG1263553|-30|-69|CG1263554|-25|-70|CG1263555|-32|-66|CG1263556|-34|-69|CG1263557|-36|-60|CG1263558|-37|-57
624|2|0|1496|9|CG1263624|-22|-87|CG1263624|-22|-87|CG1263625|-22|-87|CG1263625|-22|-87|CG1263626|-22|-86|CG1263626|-22|-86|CG1263626|-22|-86|CG1263625|-22|-87|CG1263625|-22|-87
624|2|1|1000|6|CG1263629|-50|-105|CG1263630|-45|-107|CG1263631|-42|-107|CG1263632|-34|-110|CG1263633|-37|-109|CG1263634|-41|-110
624|2|2|600|5|CG1325469|-119|-113|CG1325470|-90|-142|CG1325471|-82|-174|CG1325472|-99|-116|CG1325473|-109|-103
624|2|3|600|12|CG1263594|-76|-80|CG1263595|-75|-84|CG1263595|-75|-84|CG1263596|-76|-84|CG1263596|-76|-84|CG1263597|-76|-82|CG1263598|-76|-79|CG1263599|-77|-84|CG1263599|-77|-84|CG1263600|-77|-84|CG1263600|-77|-84|CG1263601|-76|-82
624|2|4|
624|2|5|1000|9|CG1263586|-74|-73|CG1263587|-57|-68|CG1263587|-57|-68|CG1263588|-64|-74|CG1263589|-15|-96|CG1263590|-22|-108|CG1263591|-20|-136|CG1263592|-17|-125|CG1263593|-19|-126
624|2|6|2689|24|CG1263615|-28|-90|CG1263616|-28|-90|CG1263617|-28|-90|CG1263615|-28|-90|CG1263616|-28|-90|CG1263617|-28|-90|CG1263615|-28|-90|CG1263616|-28|-90|CG1263617|-28|-90|CG1263615|-28|-90|CG1263616|-28|-90|CG1263617|-28|-90|CG1263615|-28|-90|CG1263616|-28|-90|CG1263617|-28|-90|CG1263615|-28|-90|CG1263616|-28|-90|CG1263617|-28|-90|CG1263615|-28|-90|CG1263618|-42|-88|CG1263618|-42|-88|CG1263619|-25|-96|CG1263620|-25|-93|CG1263620|-25|-93
624|2|7|799|12|CG1264389|-22|-76|CG1264389|-22|-76|CG1264390|-23|-76|CG1264390|-23|-76|CG1264390|-23|-76|CG1264391|-23|-75|CG1264392|-25|-76|CG1264393|-28|-76|CG1264393|-28|-76|CG1264393|-28|-76|CG1264394|-25|-77|CG1264394|-25|-77
624|2|8|1000|2|CG1263610|-66|-76|CG1263611|-66|-58
624|2|9|1000|1|CG1263612|-22|-79
624|2|10|986|6|CG1263604|-25|-65|CG1263605|-15|-70|CG1263606|-19|-68|CG1263607|-19|-62|CG1263608|-19|-57|CG1263609|-16|-49
624|3|0|1496|9|CG1263675|-18|-78|CG1263675|-18|-78|CG1263676|-17|-78|CG1263676|-17|-78|CG1263677|-16|-78|CG1263677|-16|-78|CG1263677|-16|-78|CG1263676|-17|-78|CG1263676|-17|-78
624|3|1|1000|6|CG1263680|-19|-110|CG1263681|-18|-109|CG1263682|-17|-108|CG1263683|-18|-108|CG1263684|-18|-108|CG1263685|-15|-110
624|3|2|600|5|CG1325525|-125|-117|CG1325526|-119|-165|CG1325527|-116|-175|CG1325528|-58|-136|CG1325529|-81|-129
624|3|3|600|12|CG1263645|-50|-78|CG1263646|-54|-83|CG1263646|-54|-83|CG1263647|-54|-83|CG1263647|-54|-83|CG1263648|-52|-81|CG1263649|-53|-77|CG1263650|-56|-82|CG1263650|-56|-82|CG1263651|-54|-82|CG1263651|-54|-82|CG1263652|-51|-81
624|3|4|
624|3|5|1000|9|CG1263637|-75|-77|CG1263638|-78|-68|CG1263638|-78|-68|CG1263639|-42|-73|CG1263640|-18|-85|CG1263641|-27|-86|CG1263642|-25|-103|CG1263643|-21|-102|CG1263644|-20|-103
624|3|6|2689|24|CG1263666|-25|-91|CG1263667|-25|-91|CG1263668|-25|-91|CG1263666|-25|-91|CG1263667|-25|-91|CG1263668|-25|-91|CG1263666|-25|-91|CG1263667|-25|-91|CG1263668|-25|-91|CG1263666|-25|-91|CG1263667|-25|-91|CG1263668|-25|-91|CG1263666|-25|-91|CG1263667|-25|-91|CG1263668|-25|-91|CG1263666|-25|-91|CG1263667|-25|-91|CG1263668|-25|-91|CG1263666|-25|-91|CG1263669|-27|-94|CG1263669|-27|-94|CG1263670|-33|-76|CG1263671|-24|-78|CG1263671|-24|-78
624|3|7|799|12|CG1264451|-17|-76|CG1264451|-17|-76|CG1264452|-18|-74|CG1264452|-18|-74|CG1264452|-18|-74|CG1264453|-19|-74|CG1264454|-23|-76|CG1264455|-27|-76|CG1264455|-27|-76|CG1264455|-27|-76|CG1264456|-24|-77|CG1264456|-24|-77
624|3|8|1000|2|CG1263661|-26|-73|CG1263662|-49|-66
624|3|9|1000|1|CG1263663|-26|-78
624|3|10|986|6|CG1263655|-24|-63|CG1263656|-21|-63|CG1263657|-29|-59|CG1263658|-20|-47|CG1263659|-17|-46|CG1263660|-13|-31
624|4|0|1496|9|CG1263726|-19|-78|CG1263726|-19|-78|CG1263727|-19|-78|CG1263727|-19|-78|CG1263728|-18|-78|CG1263728|-18|-78|CG1263728|-18|-78|CG1263727|-19|-78|CG1263727|-19|-78
624|4|1|1000|6|CG1263731|-16|-100|CG1263732|-16|-98|CG1263733|-16|-95|CG1263734|-16|-93|CG1263735|-16|-95|CG1263736|-16|-99
624|4|2|600|5|CG1325581|-118|-123|CG1325582|-92|-162|CG1325583|-82|-152|CG1325584|-98|-119|CG1325585|-112|-122
624|4|3|600|12|CG1263696|-29|-76|CG1263697|-32|-81|CG1263697|-32|-81|CG1263698|-29|-81|CG1263698|-29|-81|CG1263699|-30|-80|CG1263700|-29|-76|CG1263701|-26|-79|CG1263701|-26|-79|CG1263702|-28|-80|CG1263702|-28|-80|CG1263703|-30|-80
624|4|4|
624|4|5|1000|9|CG1263688|-43|-96|CG1263689|-67|-94|CG1263689|-67|-94|CG1263690|-23|-71|CG1263691|-20|-81|CG1263692|-23|-81|CG1263693|-21|-80|CG1263694|-19|-88|CG1263695|-20|-82
624|4|6|2689|24|CG1263717|-32|-86|CG1263718|-21|-86|CG1263719|-29|-86|CG1263717|-32|-86|CG1263718|-21|-86|CG1263719|-29|-86|CG1263717|-32|-86|CG1263718|-21|-86|CG1263719|-29|-86|CG1263717|-32|-86|CG1263718|-21|-86|CG1263719|-29|-86|CG1263717|-32|-86|CG1263718|-21|-86|CG1263719|-29|-86|CG1263717|-32|-86|CG1263718|-21|-86|CG1263719|-29|-86|CG1263717|-32|-86|CG1263720|-30|-92|CG1263720|-30|-92|CG1263721|-36|-77|CG1263722|-27|-77|CG1263722|-27|-77
624|4|7|799|12|CG1264513|-19|-76|CG1264513|-19|-76|CG1264514|-17|-74|CG1264514|-17|-74|CG1264514|-17|-74|CG1264515|-22|-74|CG1264516|-24|-77|CG1264517|-21|-77|CG1264517|-21|-77|CG1264517|-21|-77|CG1264518|-18|-78|CG1264518|-18|-78
624|4|8|1000|2|CG1263712|-18|-67|CG1263713|-34|-74
624|4|9|1000|1|CG1263714|-26|-79
624|4|10|986|6|CG1263706|-41|-62|CG1263707|-36|-56|CG1263708|-24|-46|CG1263709|-15|-37|CG1263710|-13|-31|CG1263711|-11|-27
624|5|0|1496|9|CG1263777|-29|-79|CG1263777|-29|-79|CG1263778|-30|-79|CG1263778|-30|-79|CG1263779|-30|-79|CG1263779|-30|-79|CG1263779|-30|-79|CG1263778|-30|-79|CG1263778|-30|-79
624|5|1|1000|6|CG1263782|-20|-81|CG1263783|-22|-78|CG1263784|-24|-79|CG1263785|-25|-78|CG1263786|-24|-78|CG1263787|-22|-79
624|5|2|600|5|CG1325637|-87|-102|CG1325638|-101|-134|CG1325639|-81|-118|CG1325640|-146|-102|CG1325641|-132|-115
624|5|3|600|12|CG1263747|-16|-75|CG1263748|-20|-79|CG1263748|-20|-79|CG1263749|-20|-79|CG1263749|-20|-79|CG1263750|-17|-80|CG1263751|-17|-75|CG1263752|-16|-78|CG1263752|-16|-78|CG1263753|-16|-79|CG1263753|-16|-79|CG1263754|-17|-80
624|5|4|
624|5|5|1000|9|CG1263739|-16|-97|CG1263740|-26|-105|CG1263740|-26|-105|CG1263741|-18|-69|CG1263742|-37|-77|CG1263743|-77|-77|CG1263744|-56|-77|CG1263745|-54|-92|CG1263746|-26|-78
624|5|6|2689|24|CG1263768|-30|-79|CG1263769|-23|-79|CG1263770|-28|-79|CG1263768|-30|-79|CG1263769|-23|-79|CG1263770|-28|-79|CG1263768|-30|-79|CG1263769|-23|-79|CG1263770|-28|-79|CG1263768|-30|-79|CG1263769|-23|-79|CG1263770|-28|-79|CG1263768|-30|-79|CG1263769|-23|-79|CG1263770|-28|-79|CG1263768|-30|-79|CG1263769|-23|-79|CG1263770|-28|-79|CG1263768|-30|-79|CG1263771|-29|-80|CG1263771|-29|-80|CG1263772|-28|-78|CG1263773|-24|-78|CG1263773|-24|-78
624|5|7|799|12|CG1264575|-20|-77|CG1264575|-20|-77|CG1264576|-20|-75|CG1264576|-20|-75|CG1264576|-20|-75|CG1264577|-21|-75|CG1264578|-19|-77|CG1264579|-20|-77|CG1264579|-20|-77|CG1264579|-20|-77|CG1264580|-19|-78|CG1264580|-19|-78
624|5|8|1000|2|CG1263763|-24|-62|CG1263764|-22|-82
624|5|9|1000|1|CG1263765|-58|-79
624|5|10|986|6|CG1263757|-46|-60|CG1263758|-50|-49|CG1263759|-58|-48|CG1263760|-45|-37|CG1263761|-47|-24|CG1263762|-47|-25
624|6|0|1496|9|CG1263828|-50|-87|CG1263828|-50|-87|CG1263829|-50|-87|CG1263829|-50|-87|CG1263830|-50|-87|CG1263830|-50|-87|CG1263830|-50|-87|CG1263829|-50|-87|CG1263829|-50|-87
624|6|1|1000|6|CG1263833|-30|-78|CG1263834|-30|-78|CG1263835|-30|-78|CG1263836|-29|-78|CG1263837|-29|-78|CG1263838|-29|-78
624|6|2|600|5|CG1325693|-56|-115|CG1325694|-66|-158|CG1325695|-93|-143|CG1325696|-109|-126|CG1325697|-81|-115
624|6|3|600|12|CG1263798|-23|-75|CG1263799|-23|-79|CG1263799|-23|-79|CG1263800|-23|-79|CG1263800|-23|-79|CG1263801|-23|-79|CG1263802|-22|-76|CG1263803|-21|-78|CG1263803|-21|-78|CG1263804|-22|-79|CG1263804|-22|-79|CG1263805|-23|-79
624|6|4|
624|6|5|1000|9|CG1263790|-19|-83|CG1263791|-19|-98|CG1263791|-19|-98|CG1263792|-28|-69|CG1263793|-77|-75|CG1263794|-116|-90|CG1263795|-92|-106|CG1263796|-79|-112|CG1263797|-76|-93
624|6|6|2689|24|CG1263819|-32|-78|CG1263820|-32|-78|CG1263821|-32|-78|CG1263819|-32|-78|CG1263820|-32|-78|CG1263821|-32|-78|CG1263819|-32|-78|CG1263820|-32|-78|CG1263821|-32|-78|CG1263819|-32|-78|CG1263820|-32|-78|CG1263821|-32|-78|CG1263819|-32|-78|CG1263820|-32|-78|CG1263821|-32|-78|CG1263819|-32|-78|CG1263820|-32|-78|CG1263821|-32|-78|CG1263819|-32|-78|CG1263822|-40|-78|CG1263822|-40|-78|CG1263823|-76|-79|CG1263824|-58|-79|CG1263824|-58|-79
624|6|7|799|12|CG1264637|-20|-78|CG1264637|-20|-78|CG1264638|-22|-78|CG1264638|-22|-78|CG1264638|-22|-78|CG1264639|-20|-76|CG1264640|-20|-77|CG1264641|-41|-77|CG1264641|-41|-77|CG1264641|-41|-77|CG1264642|-32|-78|CG1264642|-32|-78
624|6|8|1000|2|CG1263814|-30|-61|CG1263815|-29|-78
624|6|9|1000|1|CG1263816|-68|-80
624|6|10|986|6|CG1263808|-60|-60|CG1263809|-83|-49|CG1263810|-76|-46|CG1263811|-76|-38|CG1263812|-76|-28|CG1263813|-77|-20
624|7|0|1496|9|CG1263879|-42|-95|CG1263879|-42|-95|CG1263880|-41|-95|CG1263880|-41|-95|CG1263881|-41|-96|CG1263881|-41|-96|CG1263881|-41|-96|CG1263880|-41|-95|CG1263880|-41|-95
624|7|1|1000|6|CG1263884|-25|-77|CG1263885|-25|-77|CG1263886|-29|-78|CG1263887|-34|-77|CG1263888|-32|-77|CG1263889|-28|-78
624|7|2|600|5|CG1325749|-65|-111|CG1325750|-73|-164|CG1325751|-68|-170|CG1325752|-60|-150|CG1325753|-60|-127
624|7|3|600|12|CG1263849|-32|-76|CG1263850|-32|-80|CG1263850|-32|-80|CG1263851|-32|-80|CG1263851|-32|-80|CG1263852|-32|-79|CG1263853|-32|-77|CG1263854|-30|-80|CG1263854|-30|-80|CG1263855|-31|-81|CG1263855|-31|-81|CG1263856|-32|-80
624|7|4|
624|7|5|1000|9|CG1263841|-21|-72|CG1263842|-21|-77|CG1263842|-21|-77|CG1263843|-38|-70|CG1263844|-109|-77|CG1263845|-101|-128|CG1263846|-86|-138|CG1263847|-59|-133|CG1263848|-79|-117
624|7|6|2689|24|CG1263870|-40|-79|CG1263871|-40|-79|CG1263872|-40|-79|CG1263870|-40|-79|CG1263871|-40|-79|CG1263872|-40|-79|CG1263870|-40|-79|CG1263871|-40|-79|CG1263872|-40|-79|CG1263870|-40|-79|CG1263871|-40|-79|CG1263872|-40|-79|CG1263870|-40|-79|CG1263871|-40|-79|CG1263872|-40|-79|CG1263870|-40|-79|CG1263871|-40|-79|CG1263872|-40|-79|CG1263870|-40|-79|CG1263873|-39|-78|CG1263873|-39|-78|CG1263874|-78|-93|CG1263875|-60|-95|CG1263875|-60|-95
624|7|7|799|12|CG1264699|-20|-79|CG1264699|-20|-79|CG1264700|-20|-79|CG1264700|-20|-79|CG1264700|-20|-79|CG1264701|-26|-78|CG1264702|-28|-76|CG1264703|-40|-77|CG1264703|-40|-77|CG1264703|-40|-77|CG1264704|-36|-78|CG1264704|-36|-78
624|7|8|1000|2|CG1263865|-28|-65|CG1263866|-36|-70
624|7|9|1000|1|CG1263867|-56|-80
624|7|10|986|6|CG1263859|-68|-62|CG1263860|-77|-55|CG1263861|-62|-59|CG1263862|-71|-61|CG1263863|-77|-52|CG1263864|-81|-29
