632|0|0|1496|9|CG1266750|-13|-77|CG1266750|-13|-77|CG1266751|-13|-77|CG1266751|-13|-77|CG1266752|-13|-77|CG1266752|-13|-77|CG1266752|-13|-77|CG1266751|-13|-77|CG1266751|-13|-77
632|0|1|1000|6|CG1266762|-22|-76|CG1266763|-18|-77|CG1266764|-19|-77|CG1266765|-22|-76|CG1266766|-24|-77|CG1266767|-19|-77
632|0|2|600|5|CG1325357|-54|-113|CG1325358|-66|-144|CG1325359|-95|-176|CG1325360|-103|-137|CG1325361|-78|-106
632|0|3|600|12|CG1266714|-25|-79|CG1266715|-23|-82|CG1266715|-23|-82|CG1266716|-19|-83|CG1266716|-19|-83|CG1266717|-28|-81|CG1266718|-35|-79|CG1266719|-36|-84|CG1266719|-36|-84|CG1266720|-33|-83|CG1266720|-33|-83|CG1266721|-34|-81
632|0|4|
632|0|5|1190|20|CG1266708|-28|-69|CG1266708|-28|-69|CG1266709|-15|-64|CG1266709|-15|-64|CG1266709|-15|-64|CG1266709|-15|-64|CG1266709|-15|-64|CG1266709|-15|-64|CG1266709|-15|-64|CG1266710|-26|-92|CG1266710|-26|-92|CG1266711|-29|-92|CG1266711|-29|-92|CG1266712|-29|-84|CG1266712|-29|-84|CG1266712|-29|-84|CG1266713|-21|-81|CG1266713|-21|-81|CG1266713|-21|-81|CG1266713|-21|-81
632|0|6|2689|25|CG1266740|-19|-78|CG1266741|-19|-78|CG1266742|-19|-78|CG1266740|-19|-78|CG1266741|-19|-78|CG1266742|-19|-78|CG1266740|-19|-78|CG1266741|-19|-78|CG1266742|-19|-78|CG1266740|-19|-78|CG1266741|-19|-78|CG1266742|-19|-78|CG1266740|-19|-78|CG1266741|-19|-78|CG1266742|-19|-78|CG1266740|-19|-78|CG1266741|-19|-78|CG1266742|-19|-78|CG1266740|-19|-78|CG1266743|-29|-78|CG1266743|-29|-78|CG1266744|-16|-79|CG1266744|-16|-79|CG1266745|-16|-78|CG1266745|-16|-78
632|0|7|799|12|CG1266753|-23|-78|CG1266753|-23|-78|CG1266754|-16|-79|CG1266754|-16|-79|CG1266754|-16|-79|CG1266755|-21|-78|CG1266756|-27|-76|CG1266757|-20|-77|CG1266757|-20|-77|CG1266757|-20|-77|CG1266758|-21|-77|CG1266758|-21|-77
632|0|8|1000|2|CG1266731|-28|-70|CG1266732|-26|-62
632|0|9|1000|1|CG1266737|-26|-80
632|0|10|986|6|CG1266725|-33|-63|CG1266726|-52|-63|CG1266727|-51|-55|CG1266728|-65|-47|CG1266729|-67|-47|CG1266730|-68|-46
632|1|0|1496|9|CG1266812|-17|-76|CG1266812|-17|-76|CG1266813|-18|-76|CG1266813|-18|-76|CG1266814|-18|-76|CG1266814|-18|-76|CG1266814|-18|-76|CG1266813|-18|-76|CG1266813|-18|-76
632|1|1|1000|6|CG1266824|-21|-76|CG1266825|-20|-76|CG1266826|-19|-77|CG1266827|-18|-76|CG1266828|-18|-76|CG1266829|-21|-77
632|1|2|600|5|CG1325413|-100|-113|CG1325414|-102|-107|CG1325415|-90|-159|CG1325416|-142|-98|CG1325417|-131|-103
632|1|3|600|12|CG1266776|-34|-79|CG1266777|-28|-83|CG1266777|-28|-83|CG1266778|-31|-83|CG1266778|-31|-83|CG1266779|-33|-81|CG1266780|-20|-79|CG1266781|-16|-83|CG1266781|-16|-83|CG1266782|-17|-83|CG1266782|-17|-83|CG1266783|-25|-81
632|1|4|
632|1|5|1190|20|CG1266770|-27|-69|CG1266770|-27|-69|CG1266771|-22|-64|CG1266771|-22|-64|CG1266771|-22|-64|CG1266771|-22|-64|CG1266771|-22|-64|CG1266771|-22|-64|CG1266771|-22|-64|CG1266772|-29|-92|CG1266772|-29|-92|CG1266773|-30|-93|CG1266773|-30|-93|CG1266774|-27|-86|CG1266774|-27|-86|CG1266774|-27|-86|CG1266775|-29|-82|CG1266775|-29|-82|CG1266775|-29|-82|CG1266775|-29|-82
632|1|6|2689|25|CG1266802|-17|-77|CG1266803|-17|-77|CG1266804|-17|-77|CG1266802|-17|-77|CG1266803|-17|-77|CG1266804|-17|-77|CG1266802|-17|-77|CG1266803|-17|-77|CG1266804|-17|-77|CG1266802|-17|-77|CG1266803|-17|-77|CG1266804|-17|-77|CG1266802|-17|-77|CG1266803|-17|-77|CG1266804|-17|-77|CG1266802|-17|-77|CG1266803|-17|-77|CG1266804|-17|-77|CG1266802|-17|-77|CG1266805|-23|-76|CG1266805|-23|-76|CG1266806|-14|-77|CG1266806|-14|-77|CG1266807|-14|-76|CG1266807|-14|-76
632|1|7|799|12|CG1266815|-17|-77|CG1266815|-17|-77|CG1266816|-20|-78|CG1266816|-20|-78|CG1266816|-20|-78|CG1266817|-16|-77|CG1266818|-20|-75|CG1266819|-17|-76|CG1266819|-17|-76|CG1266819|-17|-76|CG1266820|-17|-77|CG1266820|-17|-77
632|1|8|1000|2|CG1266793|-23|-75|CG1266794|-20|-60
632|1|9|1000|1|CG1266799|-15|-79
632|1|10|986|6|CG1266787|-30|-64|CG1266788|-25|-70|CG1266789|-32|-66|CG1266790|-34|-62|CG1266791|-36|-60|CG1266792|-37|-57
632|2|0|1496|9|CG1266874|-22|-76|CG1266874|-22|-76|CG1266875|-22|-76|CG1266875|-22|-76|CG1266876|-22|-76|CG1266876|-22|-76|CG1266876|-22|-76|CG1266875|-22|-76|CG1266875|-22|-76
632|2|1|1000|6|CG1266886|-21|-76|CG1266887|-19|-77|CG1266888|-16|-77|CG1266889|-17|-76|CG1266890|-17|-77|CG1266891|-16|-77
632|2|2|600|5|CG1325469|-119|-113|CG1325470|-90|-142|CG1325471|-82|-174|CG1325472|-99|-116|CG1325473|-109|-103
632|2|3|600|12|CG1266838|-30|-79|CG1266839|-39|-84|CG1266839|-39|-84|CG1266840|-36|-83|CG1266840|-36|-83|CG1266841|-31|-81|CG1266842|-30|-79|CG1266843|-34|-82|CG1266843|-34|-82|CG1266844|-30|-83|CG1266844|-30|-83|CG1266845|-32|-81
632|2|4|
632|2|5|1190|20|CG1266832|-33|-70|CG1266832|-33|-70|CG1266833|-34|-65|CG1266833|-34|-65|CG1266833|-34|-65|CG1266833|-34|-65|CG1266833|-34|-65|CG1266833|-34|-65|CG1266833|-34|-65|CG1266834|-23|-85|CG1266834|-23|-85|CG1266835|-21|-87|CG1266835|-21|-87|CG1266836|-18|-85|CG1266836|-18|-85|CG1266836|-18|-85|CG1266837|-23|-81|CG1266837|-23|-81|CG1266837|-23|-81|CG1266837|-23|-81
632|2|6|2689|25|CG1266864|-28|-76|CG1266865|-28|-76|CG1266866|-28|-76|CG1266864|-28|-76|CG1266865|-28|-76|CG1266866|-28|-76|CG1266864|-28|-76|CG1266865|-28|-76|CG1266866|-28|-76|CG1266864|-28|-76|CG1266865|-28|-76|CG1266866|-28|-76|CG1266864|-28|-76|CG1266865|-28|-76|CG1266866|-28|-76|CG1266864|-28|-76|CG1266865|-28|-76|CG1266866|-28|-76|CG1266864|-28|-76|CG1266867|-26|-75|CG1266867|-26|-75|CG1266868|-25|-76|CG1266868|-25|-76|CG1266869|-25|-76|CG1266869|-25|-76
632|2|7|799|12|CG1266877|-22|-76|CG1266877|-22|-76|CG1266878|-23|-76|CG1266878|-23|-76|CG1266878|-23|-76|CG1266879|-23|-75|CG1266880|-25|-76|CG1266881|-28|-76|CG1266881|-28|-76|CG1266881|-28|-76|CG1266882|-25|-77|CG1266882|-25|-77
632|2|8|1000|2|CG1266855|-23|-76|CG1266856|-28|-58
632|2|9|1000|1|CG1266861|-22|-79
632|2|10|986|6|CG1266849|-25|-65|CG1266850|-15|-70|CG1266851|-13|-68|CG1266852|-14|-62|CG1266853|-14|-57|CG1266854|-13|-49
632|3|0|1496|9|CG1266936|-18|-77|CG1266936|-18|-77|CG1266937|-17|-76|CG1266937|-17|-76|CG1266938|-16|-76|CG1266938|-16|-76|CG1266938|-16|-76|CG1266937|-17|-76|CG1266937|-17|-76
632|3|1|1000|6|CG1266948|-19|-77|CG1266949|-18|-77|CG1266950|-17|-78|CG1266951|-18|-77|CG1266952|-18|-77|CG1266953|-15|-78
632|3|2|600|5|CG1325525|-125|-117|CG1325526|-119|-165|CG1325527|-116|-175|CG1325528|-58|-136|CG1325529|-81|-129
632|3|3|600|12|CG1266900|-36|-77|CG1266901|-40|-82|CG1266901|-40|-82|CG1266902|-37|-82|CG1266902|-37|-82|CG1266903|-38|-80|CG1266904|-37|-77|CG1266905|-39|-80|CG1266905|-39|-80|CG1266906|-37|-81|CG1266906|-37|-81|CG1266907|-39|-80
632|3|4|
632|3|5|1190|20|CG1266894|-38|-70|CG1266894|-38|-70|CG1266895|-44|-65|CG1266895|-44|-65|CG1266895|-44|-65|CG1266895|-44|-65|CG1266895|-44|-65|CG1266895|-44|-65|CG1266895|-44|-65|CG1266896|-15|-83|CG1266896|-15|-83|CG1266897|-26|-84|CG1266897|-26|-84|CG1266898|-22|-81|CG1266898|-22|-81|CG1266898|-22|-81|CG1266899|-20|-79|CG1266899|-20|-79|CG1266899|-20|-79|CG1266899|-20|-79
632|3|6|2689|25|CG1266926|-25|-76|CG1266927|-25|-76|CG1266928|-25|-76|CG1266926|-25|-76|CG1266927|-25|-76|CG1266928|-25|-76|CG1266926|-25|-76|CG1266927|-25|-76|CG1266928|-25|-76|CG1266926|-25|-76|CG1266927|-25|-76|CG1266928|-25|-76|CG1266926|-25|-76|CG1266927|-25|-76|CG1266928|-25|-76|CG1266926|-25|-76|CG1266927|-25|-76|CG1266928|-25|-76|CG1266926|-25|-76|CG1266929|-27|-75|CG1266929|-27|-75|CG1266930|-33|-76|CG1266930|-33|-76|CG1266931|-24|-76|CG1266931|-24|-76
632|3|7|799|12|CG1266939|-17|-76|CG1266939|-17|-76|CG1266940|-18|-74|CG1266940|-18|-74|CG1266940|-18|-74|CG1266941|-19|-74|CG1266942|-23|-76|CG1266943|-27|-76|CG1266943|-27|-76|CG1266943|-27|-76|CG1266944|-24|-77|CG1266944|-24|-77
632|3|8|1000|2|CG1266917|-21|-73|CG1266918|-38|-66
632|3|9|1000|1|CG1266923|-26|-78
632|3|10|986|6|CG1266911|-24|-63|CG1266912|-10|-63|CG1266913|-8|-59|CG1266914|-15|-47|CG1266915|-14|-46|CG1266916|-13|-31
632|4|0|1496|9|CG1266998|-19|-78|CG1266998|-19|-78|CG1266999|-19|-78|CG1266999|-19|-78|CG1267000|-18|-78|CG1267000|-18|-78|CG1267000|-18|-78|CG1266999|-19|-78|CG1266999|-19|-78
632|4|1|1000|6|CG1267010|-17|-78|CG1267011|-16|-78|CG1267012|-16|-79|CG1267013|-21|-78|CG1267014|-19|-78|CG1267015|-16|-78
632|4|2|600|5|CG1325581|-118|-123|CG1325582|-92|-162|CG1325583|-82|-152|CG1325584|-98|-119|CG1325585|-112|-122
632|4|3|600|12|CG1266962|-28|-76|CG1266963|-32|-80|CG1266963|-32|-80|CG1266964|-29|-81|CG1266964|-29|-81|CG1266965|-31|-79|CG1266966|-30|-75|CG1266967|-38|-79|CG1266967|-38|-79|CG1266968|-36|-80|CG1266968|-36|-80|CG1266969|-30|-79
632|4|4|
632|4|5|1190|20|CG1266956|-24|-70|CG1266956|-24|-70|CG1266957|-31|-65|CG1266957|-31|-65|CG1266957|-31|-65|CG1266957|-31|-65|CG1266957|-31|-65|CG1266957|-31|-65|CG1266957|-31|-65|CG1266958|-18|-79|CG1266958|-18|-79|CG1266959|-22|-79|CG1266959|-22|-79|CG1266960|-21|-77|CG1266960|-21|-77|CG1266960|-21|-77|CG1266961|-20|-77|CG1266961|-20|-77|CG1266961|-20|-77|CG1266961|-20|-77
632|4|6|2689|25|CG1266988|-32|-76|CG1266989|-21|-76|CG1266990|-29|-76|CG1266988|-32|-76|CG1266989|-21|-76|CG1266990|-29|-76|CG1266988|-32|-76|CG1266989|-21|-76|CG1266990|-29|-76|CG1266988|-32|-76|CG1266989|-21|-76|CG1266990|-29|-76|CG1266988|-32|-76|CG1266989|-21|-76|CG1266990|-29|-76|CG1266988|-32|-76|CG1266989|-21|-76|CG1266990|-29|-76|CG1266988|-32|-76|CG1266991|-30|-76|CG1266991|-30|-76|CG1266992|-36|-77|CG1266992|-36|-77|CG1266993|-27|-77|CG1266993|-27|-77
632|4|7|799|12|CG1267001|-19|-76|CG1267001|-19|-76|CG1267002|-17|-74|CG1267002|-17|-74|CG1267002|-17|-74|CG1267003|-22|-74|CG1267004|-24|-77|CG1267005|-21|-77|CG1267005|-21|-77|CG1267005|-21|-77|CG1267006|-18|-78|CG1267006|-18|-78
632|4|8|1000|2|CG1266979|-18|-67|CG1266980|-34|-74
632|4|9|1000|1|CG1266985|-26|-79
632|4|10|986|6|CG1266973|-24|-62|CG1266974|-7|-56|CG1266975|-11|-46|CG1266976|-15|-31|CG1266977|-13|-31|CG1266978|-11|-15
632|5|0|1496|9|CG1267060|-20|-79|CG1267060|-20|-79|CG1267061|-20|-79|CG1267061|-20|-79|CG1267062|-20|-79|CG1267062|-20|-79|CG1267062|-20|-79|CG1267061|-20|-79|CG1267061|-20|-79
632|5|1|1000|6|CG1267072|-18|-78|CG1267073|-18|-78|CG1267074|-21|-79|CG1267075|-21|-78|CG1267076|-20|-78|CG1267077|-19|-79
632|5|2|600|5|CG1325637|-87|-102|CG1325638|-101|-134|CG1325639|-81|-118|CG1325640|-146|-102|CG1325641|-132|-115
632|5|3|600|12|CG1267024|-21|-75|CG1267025|-21|-78|CG1267025|-21|-78|CG1267026|-22|-79|CG1267026|-22|-79|CG1267027|-26|-79|CG1267028|-34|-75|CG1267029|-27|-78|CG1267029|-27|-78|CG1267030|-29|-79|CG1267030|-29|-79|CG1267031|-33|-79
632|5|4|
632|5|5|1190|20|CG1267018|-17|-70|CG1267018|-17|-70|CG1267019|-16|-65|CG1267019|-16|-65|CG1267019|-16|-65|CG1267019|-16|-65|CG1267019|-16|-65|CG1267019|-16|-65|CG1267019|-16|-65|CG1267020|-17|-76|CG1267020|-17|-76|CG1267021|-17|-76|CG1267021|-17|-76|CG1267022|-23|-74|CG1267022|-23|-74|CG1267022|-23|-74|CG1267023|-18|-76|CG1267023|-18|-76|CG1267023|-18|-76|CG1267023|-18|-76
632|5|6|2689|25|CG1267050|-30|-77|CG1267051|-23|-77|CG1267052|-28|-77|CG1267050|-30|-77|CG1267051|-23|-77|CG1267052|-28|-77|CG1267050|-30|-77|CG1267051|-23|-77|CG1267052|-28|-77|CG1267050|-30|-77|CG1267051|-23|-77|CG1267052|-28|-77|CG1267050|-30|-77|CG1267051|-23|-77|CG1267052|-28|-77|CG1267050|-30|-77|CG1267051|-23|-77|CG1267052|-28|-77|CG1267050|-30|-77|CG1267053|-29|-77|CG1267053|-29|-77|CG1267054|-25|-78|CG1267054|-25|-78|CG1267055|-22|-78|CG1267055|-22|-78
632|5|7|799|12|CG1267063|-20|-77|CG1267063|-20|-77|CG1267064|-20|-75|CG1267064|-20|-75|CG1267064|-20|-75|CG1267065|-21|-75|CG1267066|-19|-77|CG1267067|-20|-77|CG1267067|-20|-77|CG1267067|-20|-77|CG1267068|-19|-78|CG1267068|-19|-78
632|5|8|1000|2|CG1267041|-24|-62|CG1267042|-22|-82
632|5|9|1000|1|CG1267047|-20|-79
632|5|10|986|6|CG1267035|-28|-60|CG1267036|-32|-49|CG1267037|-29|-34|CG1267038|-18|-24|CG1267039|-22|-14|CG1267040|-25|-13
632|6|0|1496|9|CG1267122|-25|-79|CG1267122|-25|-79|CG1267123|-25|-79|CG1267123|-25|-79|CG1267124|-25|-79|CG1267124|-25|-79|CG1267124|-25|-79|CG1267123|-25|-79|CG1267123|-25|-79
632|6|1|1000|6|CG1267134|-21|-78|CG1267135|-24|-78|CG1267136|-19|-78|CG1267137|-22|-78|CG1267138|-19|-78|CG1267139|-19|-78
632|6|2|600|5|CG1325693|-56|-115|CG1325694|-66|-158|CG1325695|-93|-143|CG1325696|-109|-126|CG1325697|-81|-115
632|6|3|600|12|CG1267086|-36|-75|CG1267087|-38|-78|CG1267087|-38|-78|CG1267088|-34|-80|CG1267088|-34|-80|CG1267089|-34|-79|CG1267090|-24|-76|CG1267091|-25|-80|CG1267091|-25|-80|CG1267092|-20|-81|CG1267092|-20|-81|CG1267093|-27|-79
632|6|4|
632|6|5|1190|20|CG1267080|-16|-70|CG1267080|-16|-70|CG1267081|-16|-64|CG1267081|-16|-64|CG1267081|-16|-64|CG1267081|-16|-64|CG1267081|-16|-64|CG1267081|-16|-64|CG1267081|-16|-64|CG1267082|-31|-74|CG1267082|-31|-74|CG1267083|-27|-77|CG1267083|-27|-77|CG1267084|-34|-74|CG1267084|-34|-74|CG1267084|-34|-74|CG1267085|-38|-77|CG1267085|-38|-77|CG1267085|-38|-77|CG1267085|-38|-77
632|6|6|2689|25|CG1267112|-20|-78|CG1267113|-20|-78|CG1267114|-20|-78|CG1267112|-20|-78|CG1267113|-20|-78|CG1267114|-20|-78|CG1267112|-20|-78|CG1267113|-20|-78|CG1267114|-20|-78|CG1267112|-20|-78|CG1267113|-20|-78|CG1267114|-20|-78|CG1267112|-20|-78|CG1267113|-20|-78|CG1267114|-20|-78|CG1267112|-20|-78|CG1267113|-20|-78|CG1267114|-20|-78|CG1267112|-20|-78|CG1267115|-17|-78|CG1267115|-17|-78|CG1267116|-44|-79|CG1267116|-44|-79|CG1267117|-40|-79|CG1267117|-40|-79
632|6|7|799|12|CG1267125|-20|-78|CG1267125|-20|-78|CG1267126|-22|-78|CG1267126|-22|-78|CG1267126|-22|-78|CG1267127|-20|-76|CG1267128|-20|-77|CG1267129|-41|-77|CG1267129|-41|-77|CG1267129|-41|-77|CG1267130|-32|-78|CG1267130|-32|-78
632|6|8|1000|2|CG1267103|-24|-61|CG1267104|-29|-78
632|6|9|1000|1|CG1267109|-34|-80
632|6|10|986|6|CG1267097|-38|-60|CG1267098|-42|-49|CG1267099|-42|-38|CG1267100|-51|-30|CG1267101|-52|-15|CG1267102|-59|-12
632|7|0|1496|9|CG1267184|-20|-78|CG1267184|-20|-78|CG1267185|-20|-78|CG1267185|-20|-78|CG1267186|-19|-78|CG1267186|-19|-78|CG1267186|-19|-78|CG1267185|-20|-78|CG1267185|-20|-78
632|7|1|1000|6|CG1267196|-25|-77|CG1267197|-20|-77|CG1267198|-14|-78|CG1267199|-25|-77|CG1267200|-20|-77|CG1267201|-14|-78
632|7|2|600|5|CG1325749|-65|-111|CG1325750|-73|-164|CG1325751|-68|-170|CG1325752|-60|-150|CG1325753|-60|-127
632|7|3|600|12|CG1267148|-31|-77|CG1267149|-41|-80|CG1267149|-41|-80|CG1267150|-35|-81|CG1267150|-35|-81|CG1267151|-24|-80|CG1267152|-32|-77|CG1267153|-42|-82|CG1267153|-42|-82|CG1267154|-36|-82|CG1267154|-36|-82|CG1267155|-25|-80
632|7|4|
632|7|5|1190|20|CG1267142|-18|-69|CG1267142|-18|-69|CG1267143|-18|-64|CG1267143|-18|-64|CG1267143|-18|-64|CG1267143|-18|-64|CG1267143|-18|-64|CG1267143|-18|-64|CG1267143|-18|-64|CG1267144|-31|-85|CG1267144|-31|-85|CG1267145|-28|-87|CG1267145|-28|-87|CG1267146|-38|-78|CG1267146|-38|-78|CG1267146|-38|-78|CG1267147|-39|-78|CG1267147|-39|-78|CG1267147|-39|-78|CG1267147|-39|-78
632|7|6|2689|25|CG1267174|-20|-79|CG1267175|-20|-79|CG1267176|-21|-79|CG1267174|-20|-79|CG1267175|-20|-79|CG1267176|-21|-79|CG1267174|-20|-79|CG1267175|-20|-79|CG1267176|-21|-79|CG1267174|-20|-79|CG1267175|-20|-79|CG1267176|-21|-79|CG1267174|-20|-79|CG1267175|-20|-79|CG1267176|-21|-79|CG1267174|-20|-79|CG1267175|-20|-79|CG1267176|-21|-79|CG1267174|-20|-79|CG1267177|-24|-78|CG1267177|-24|-78|CG1267178|-39|-79|CG1267178|-39|-79|CG1267179|-38|-79|CG1267179|-38|-79
632|7|7|799|12|CG1267187|-20|-79|CG1267187|-20|-79|CG1267188|-19|-79|CG1267188|-19|-79|CG1267188|-19|-79|CG1267189|-26|-78|CG1267190|-28|-76|CG1267191|-40|-77|CG1267191|-40|-77|CG1267191|-40|-77|CG1267192|-36|-78|CG1267192|-36|-78
632|7|8|1000|2|CG1267165|-27|-65|CG1267166|-36|-70
632|7|9|1000|1|CG1267171|-39|-80
632|7|10|986|6|CG1267159|-29|-62|CG1267160|-52|-55|CG1267161|-59|-46|CG1267162|-67|-41|CG1267163|-77|-25|CG1267164|-81|-24
