600|0|0|8000|40|CG1253186|-20|-59|CG1253187|-19|-59|CG1253188|-18|-59|CG1253187|-19|-59|CG1253186|-20|-59|CG1253189|-20|-57|CG1253190|-22|-56|CG1253190|-22|-56|CG1253190|-22|-56|CG1253190|-22|-56|CG1253189|-20|-57|CG1253186|-20|-59|CG1253187|-19|-59|CG1253188|-18|-59|CG1253187|-19|-59|CG1253186|-20|-59|CG1253187|-19|-59|CG1253188|-18|-59|CG1253187|-19|-59|CG1253186|-20|-59|CG1253189|-20|-57|CG1253190|-22|-56|CG1253190|-22|-56|CG1253190|-22|-56|CG1253189|-20|-57|CG1253186|-20|-59|CG1253189|-20|-57|CG1253190|-22|-56|CG1253190|-22|-56|CG1253190|-22|-56|CG1253190|-22|-56|CG1253189|-20|-57|CG1253186|-20|-59|CG1253187|-19|-59|CG1253188|-18|-59|CG1253187|-19|-59|CG1253186|-20|-59|CG1253187|-19|-59|CG1253188|-18|-59|CG1253187|-19|-59
600|0|1|1000|6|CG1253193|-16|-56|CG1253194|-16|-60|CG1253195|-16|-57|CG1253196|-23|-55|CG1253197|-18|-60|CG1253198|-16|-58
600|0|2|600|5|CG1325357|-54|-113|CG1325358|-66|-144|CG1325359|-95|-176|CG1325360|-103|-137|CG1325361|-78|-106
600|0|3|510|6|CG1253156|-35|-61|CG1253157|-31|-62|CG1253158|-22|-62|CG1253159|-40|-64|CG1253160|-24|-62|CG1253161|-29|-61
600|0|4|
600|0|5|1000|8|CG1253148|-16|-59|CG1253149|-23|-58|CG1253150|-34|-89|CG1253151|-24|-78|CG1253152|-45|-100|CG1253153|-49|-78|CG1253154|-53|-67|CG1253155|-41|-59
600|0|6|2091|24|CG1253175|-18|-58|CG1253175|-18|-58|CG1253176|-26|-77|CG1253176|-26|-77|CG1253177|-18|-68|CG1253177|-18|-68|CG1253178|-18|-43|CG1253178|-18|-43|CG1253179|-18|-44|CG1253179|-18|-44|CG1253179|-18|-44|CG1253179|-18|-44|CG1253179|-18|-44|CG1253179|-18|-44|CG1253180|-19|-39|CG1253181|-20|-35|CG1253182|-19|-30|CG1253182|-19|-30|CG1253182|-19|-30|CG1253182|-19|-30|CG1253181|-20|-35|CG1253181|-20|-35|CG1253180|-19|-39|CG1253180|-19|-39
600|0|7|1088|13|CG1253981|-23|-59|CG1253981|-23|-59|CG1253982|-23|-60|CG1253982|-23|-60|CG1253983|-33|-61|CG1253983|-33|-61|CG1253984|-26|-73|CG1253985|-26|-72|CG1253986|-22|-83|CG1253987|-28|-77|CG1253987|-28|-77|CG1253988|-21|-58|CG1253988|-21|-58
600|0|8|1000|2|CG1253170|-25|-59|CG1253171|-15|-43
600|0|9|1000|1|CG1253172|-22|-69
600|0|10|1190|6|CG1253164|-23|-58|CG1253165|-18|-58|CG1253166|-26|-86|CG1253167|-49|-76|CG1253168|-57|-61|CG1253169|-59|-51
600|1|0|8000|40|CG1253239|-16|-58|CG1253240|-15|-58|CG1253241|-15|-58|CG1253240|-15|-58|CG1253239|-16|-58|CG1253242|-17|-57|CG1253243|-18|-56|CG1253243|-18|-56|CG1253243|-18|-56|CG1253243|-18|-56|CG1253242|-17|-57|CG1253239|-16|-58|CG1253240|-15|-58|CG1253241|-15|-58|CG1253240|-15|-58|CG1253239|-16|-58|CG1253240|-15|-58|CG1253241|-15|-58|CG1253240|-15|-58|CG1253239|-16|-58|CG1253242|-17|-57|CG1253243|-18|-56|CG1253243|-18|-56|CG1253243|-18|-56|CG1253242|-17|-57|CG1253239|-16|-58|CG1253242|-17|-57|CG1253243|-18|-56|CG1253243|-18|-56|CG1253243|-18|-56|CG1253243|-18|-56|CG1253242|-17|-57|CG1253239|-16|-58|CG1253240|-15|-58|CG1253241|-15|-58|CG1253240|-15|-58|CG1253239|-16|-58|CG1253240|-15|-58|CG1253241|-15|-58|CG1253240|-15|-58
600|1|1|1000|6|CG1253246|-25|-55|CG1253247|-24|-60|CG1253248|-24|-57|CG1253249|-24|-55|CG1253250|-25|-60|CG1253251|-26|-57
600|1|2|600|5|CG1325413|-100|-113|CG1325414|-102|-107|CG1325415|-90|-159|CG1325416|-142|-98|CG1325417|-131|-103
600|1|3|510|6|CG1253209|-25|-61|CG1253210|-31|-62|CG1253211|-30|-60|CG1253212|-22|-62|CG1253213|-29|-61|CG1253214|-33|-60
600|1|4|
600|1|5|1000|8|CG1253201|-26|-57|CG1253202|-24|-57|CG1253203|-25|-89|CG1253204|-23|-79|CG1253205|-22|-106|CG1253206|-23|-80|CG1253207|-19|-69|CG1253208|-22|-63
600|1|6|2091|24|CG1253228|-29|-56|CG1253228|-29|-56|CG1253229|-29|-67|CG1253229|-29|-67|CG1253230|-33|-55|CG1253230|-33|-55|CG1253231|-22|-38|CG1253231|-22|-38|CG1253232|-22|-41|CG1253232|-22|-41|CG1253232|-22|-41|CG1253232|-22|-41|CG1253232|-22|-41|CG1253232|-22|-41|CG1253233|-21|-37|CG1253234|-21|-39|CG1253235|-31|-25|CG1253235|-31|-25|CG1253235|-31|-25|CG1253235|-31|-25|CG1253234|-21|-39|CG1253234|-21|-39|CG1253233|-21|-37|CG1253233|-21|-37
600|1|7|1088|13|CG1254049|-19|-58|CG1254049|-19|-58|CG1254050|-17|-59|CG1254050|-17|-59|CG1254051|-18|-60|CG1254051|-18|-60|CG1254052|-20|-79|CG1254053|-20|-71|CG1254054|-23|-82|CG1254055|-20|-78|CG1254055|-20|-78|CG1254056|-25|-57|CG1254056|-25|-57
600|1|8|1000|2|CG1253223|-21|-58|CG1253224|-19|-35
600|1|9|1000|1|CG1253225|-18|-68
600|1|10|1190|6|CG1253217|-33|-57|CG1253218|-31|-58|CG1253219|-25|-74|CG1253220|-28|-68|CG1253221|-26|-58|CG1253222|-25|-55
600|2|0|8000|40|CG1253292|-15|-59|CG1253293|-15|-59|CG1253294|-15|-59|CG1253293|-15|-59|CG1253292|-15|-59|CG1253295|-18|-57|CG1253296|-20|-56|CG1253296|-20|-56|CG1253296|-20|-56|CG1253296|-20|-56|CG1253295|-18|-57|CG1253292|-15|-59|CG1253293|-15|-59|CG1253294|-15|-59|CG1253293|-15|-59|CG1253292|-15|-59|CG1253293|-15|-59|CG1253294|-15|-59|CG1253293|-15|-59|CG1253292|-15|-59|CG1253295|-18|-57|CG1253296|-20|-56|CG1253296|-20|-56|CG1253296|-20|-56|CG1253295|-18|-57|CG1253292|-15|-59|CG1253295|-18|-57|CG1253296|-20|-56|CG1253296|-20|-56|CG1253296|-20|-56|CG1253296|-20|-56|CG1253295|-18|-57|CG1253292|-15|-59|CG1253293|-15|-59|CG1253294|-15|-59|CG1253293|-15|-59|CG1253292|-15|-59|CG1253293|-15|-59|CG1253294|-15|-59|CG1253293|-15|-59
600|2|1|1000|6|CG1253299|-26|-55|CG1253300|-23|-60|CG1253301|-26|-58|CG1253302|-27|-56|CG1253303|-25|-60|CG1253304|-26|-57
600|2|2|600|5|CG1325469|-119|-113|CG1325470|-90|-142|CG1325471|-82|-174|CG1325472|-99|-116|CG1325473|-109|-103
600|2|3|510|6|CG1253262|-23|-64|CG1253263|-20|-62|CG1253264|-32|-61|CG1253265|-29|-62|CG1253266|-31|-63|CG1253267|-22|-62
600|2|4|
600|2|5|1000|8|CG1253254|-27|-59|CG1253255|-30|-58|CG1253256|-13|-81|CG1253257|-17|-78|CG1253258|-6|-93|CG1253259|0|-78|CG1253260|1|-67|CG1253261|-6|-61
600|2|6|2091|24|CG1253281|-30|-58|CG1253281|-30|-58|CG1253282|-37|-63|CG1253282|-37|-63|CG1253283|-34|-57|CG1253283|-34|-57|CG1253284|-23|-43|CG1253284|-23|-43|CG1253285|-24|-44|CG1253285|-24|-44|CG1253285|-24|-44|CG1253285|-24|-44|CG1253285|-24|-44|CG1253285|-24|-44|CG1253286|-28|-39|CG1253287|-36|-45|CG1253288|-48|-30|CG1253288|-48|-30|CG1253288|-48|-30|CG1253288|-48|-30|CG1253287|-36|-45|CG1253287|-36|-45|CG1253286|-28|-39|CG1253286|-28|-39
600|2|7|1088|13|CG1254117|-15|-60|CG1254117|-15|-60|CG1254118|-13|-61|CG1254118|-13|-61|CG1254119|-14|-61|CG1254119|-14|-61|CG1254120|-20|-80|CG1254121|-28|-74|CG1254122|-26|-82|CG1254123|-22|-79|CG1254123|-22|-79|CG1254124|-25|-58|CG1254124|-25|-58
600|2|8|1000|2|CG1253276|-12|-59|CG1253277|-49|-38
600|2|9|1000|1|CG1253278|-20|-57
600|2|10|1190|6|CG1253270|-29|-58|CG1253271|-32|-57|CG1253272|-15|-62|CG1253273|-14|-51|CG1253274|-15|-46|CG1253275|-16|-45
600|3|0|8000|40|CG1253345|-14|-62|CG1253346|-14|-63|CG1253347|-14|-63|CG1253346|-14|-63|CG1253345|-14|-62|CG1253348|-16|-61|CG1253349|-18|-59|CG1253349|-18|-59|CG1253349|-18|-59|CG1253349|-18|-59|CG1253348|-16|-61|CG1253345|-14|-62|CG1253346|-14|-63|CG1253347|-14|-63|CG1253346|-14|-63|CG1253345|-14|-62|CG1253346|-14|-63|CG1253347|-14|-63|CG1253346|-14|-63|CG1253345|-14|-62|CG1253348|-16|-61|CG1253349|-18|-59|CG1253349|-18|-59|CG1253349|-18|-59|CG1253348|-16|-61|CG1253345|-14|-62|CG1253348|-16|-61|CG1253349|-18|-59|CG1253349|-18|-59|CG1253349|-18|-59|CG1253349|-18|-59|CG1253348|-16|-61|CG1253345|-14|-62|CG1253346|-14|-63|CG1253347|-14|-63|CG1253346|-14|-63|CG1253345|-14|-62|CG1253346|-14|-63|CG1253347|-14|-63|CG1253346|-14|-63
600|3|1|1000|6|CG1253352|-22|-58|CG1253353|-20|-62|CG1253354|-18|-61|CG1253355|-23|-59|CG1253356|-20|-63|CG1253357|-17|-60
600|3|2|600|5|CG1325525|-125|-117|CG1325526|-119|-165|CG1325527|-116|-175|CG1325528|-58|-136|CG1325529|-81|-129
600|3|3|510|6|CG1253315|-28|-60|CG1253316|-24|-58|CG1253317|-21|-60|CG1253318|-27|-62|CG1253319|-21|-60|CG1253320|-22|-60
600|3|4|
600|3|5|1000|8|CG1253307|-19|-62|CG1253308|-25|-54|CG1253309|-12|-71|CG1253310|-42|-77|CG1253311|-2|-80|CG1253312|14|-62|CG1253313|10|-57|CG1253314|-3|-58
600|3|6|2091|24|CG1253334|-19|-59|CG1253334|-19|-59|CG1253335|-28|-67|CG1253335|-28|-67|CG1253336|-39|-61|CG1253336|-39|-61|CG1253337|-27|-49|CG1253337|-27|-49|CG1253338|-29|-45|CG1253338|-29|-45|CG1253338|-29|-45|CG1253338|-29|-45|CG1253338|-29|-45|CG1253338|-29|-45|CG1253339|-29|-47|CG1253340|-38|-50|CG1253341|-45|-41|CG1253341|-45|-41|CG1253341|-45|-41|CG1253341|-45|-41|CG1253340|-38|-50|CG1253340|-38|-50|CG1253339|-29|-47|CG1253339|-29|-47
600|3|7|1088|13|CG1254185|-17|-62|CG1254185|-17|-62|CG1254186|-25|-58|CG1254186|-25|-58|CG1254187|-14|-64|CG1254187|-14|-64|CG1254188|-22|-77|CG1254189|-30|-77|CG1254190|-18|-84|CG1254191|-29|-77|CG1254191|-29|-77|CG1254192|-23|-58|CG1254192|-23|-58
600|3|8|1000|2|CG1253329|-14|-57|CG1253330|-56|-42
600|3|9|1000|1|CG1253331|-21|-52
600|3|10|1190|6|CG1253323|-15|-61|CG1253324|-19|-59|CG1253325|-8|-56|CG1253326|-10|-38|CG1253327|-11|-26|CG1253328|-12|-22
600|4|0|8000|40|CG1253398|-16|-63|CG1253399|-17|-63|CG1253400|-18|-63|CG1253399|-17|-63|CG1253398|-16|-63|CG1253401|-18|-63|CG1253402|-20|-63|CG1253402|-20|-63|CG1253402|-20|-63|CG1253402|-20|-63|CG1253401|-18|-63|CG1253398|-16|-63|CG1253399|-17|-63|CG1253400|-18|-63|CG1253399|-17|-63|CG1253398|-16|-63|CG1253399|-17|-63|CG1253400|-18|-63|CG1253399|-17|-63|CG1253398|-16|-63|CG1253401|-18|-63|CG1253402|-20|-63|CG1253402|-20|-63|CG1253402|-20|-63|CG1253401|-18|-63|CG1253398|-16|-63|CG1253401|-18|-63|CG1253402|-20|-63|CG1253402|-20|-63|CG1253402|-20|-63|CG1253402|-20|-63|CG1253401|-18|-63|CG1253398|-16|-63|CG1253399|-17|-63|CG1253400|-18|-63|CG1253399|-17|-63|CG1253398|-16|-63|CG1253399|-17|-63|CG1253400|-18|-63|CG1253399|-17|-63
600|4|1|1000|6|CG1253405|-20|-59|CG1253406|-18|-62|CG1253407|-18|-60|CG1253408|-21|-58|CG1253409|-20|-62|CG1253410|-19|-61
600|4|2|600|5|CG1325581|-118|-123|CG1325582|-92|-162|CG1325583|-82|-152|CG1325584|-98|-119|CG1325585|-112|-122
600|4|3|510|6|CG1253368|-51|-55|CG1253369|-47|-50|CG1253370|-23|-55|CG1253371|-23|-59|CG1253372|-20|-54|CG1253373|-33|-53
600|4|4|
600|4|5|1000|8|CG1253360|-28|-61|CG1253361|-37|-46|CG1253362|-14|-66|CG1253363|-44|-76|CG1253364|-5|-68|CG1253365|2|-52|CG1253366|0|-43|CG1253367|-9|-51
600|4|6|2091|24|CG1253387|-37|-57|CG1253387|-37|-57|CG1253388|-39|-77|CG1253388|-39|-77|CG1253389|-36|-63|CG1253389|-36|-63|CG1253390|-42|-53|CG1253390|-42|-53|CG1253391|-41|-43|CG1253391|-41|-43|CG1253391|-41|-43|CG1253391|-41|-43|CG1253391|-41|-43|CG1253391|-41|-43|CG1253392|-41|-54|CG1253393|-42|-54|CG1253394|-41|-51|CG1253394|-41|-51|CG1253394|-41|-51|CG1253394|-41|-51|CG1253393|-42|-54|CG1253393|-42|-54|CG1253392|-41|-54|CG1253392|-41|-54
600|4|7|1088|13|CG1254253|-25|-60|CG1254253|-25|-60|CG1254254|-30|-50|CG1254254|-30|-50|CG1254255|-21|-64|CG1254255|-21|-64|CG1254256|-27|-77|CG1254257|-34|-79|CG1254258|-14|-81|CG1254259|-23|-70|CG1254259|-23|-70|CG1254260|-21|-55|CG1254260|-21|-55
600|4|8|1000|2|CG1253382|-17|-52|CG1253383|-45|-50
600|4|9|1000|1|CG1253384|-19|-52
600|4|10|1190|6|CG1253376|-26|-63|CG1253377|-51|-60|CG1253378|-25|-51|CG1253379|-15|-24|CG1253380|-16|-19|CG1253381|-16|-17
600|5|0|8000|40|CG1253451|-22|-60|CG1253452|-22|-60|CG1253453|-22|-60|CG1253452|-22|-60|CG1253451|-22|-60|CG1253454|-23|-61|CG1253455|-24|-61|CG1253455|-24|-61|CG1253455|-24|-61|CG1253455|-24|-61|CG1253454|-23|-61|CG1253451|-22|-60|CG1253452|-22|-60|CG1253453|-22|-60|CG1253452|-22|-60|CG1253451|-22|-60|CG1253452|-22|-60|CG1253453|-22|-60|CG1253452|-22|-60|CG1253451|-22|-60|CG1253454|-23|-61|CG1253455|-24|-61|CG1253455|-24|-61|CG1253455|-24|-61|CG1253454|-23|-61|CG1253451|-22|-60|CG1253454|-23|-61|CG1253455|-24|-61|CG1253455|-24|-61|CG1253455|-24|-61|CG1253455|-24|-61|CG1253454|-23|-61|CG1253451|-22|-60|CG1253452|-22|-60|CG1253453|-22|-60|CG1253452|-22|-60|CG1253451|-22|-60|CG1253452|-22|-60|CG1253453|-22|-60|CG1253452|-22|-60
600|5|1|1000|6|CG1253458|-24|-57|CG1253459|-28|-60|CG1253460|-25|-58|CG1253461|-21|-57|CG1253462|-25|-59|CG1253463|-26|-58
600|5|2|600|5|CG1325637|-87|-102|CG1325638|-101|-134|CG1325639|-81|-118|CG1325640|-146|-102|CG1325641|-132|-115
600|5|3|510|6|CG1253421|-53|-56|CG1253422|-52|-50|CG1253423|-38|-50|CG1253424|-26|-56|CG1253425|-30|-49|CG1253426|-51|-50
600|5|4|
600|5|5|1000|8|CG1253413|-36|-57|CG1253414|-41|-42|CG1253415|-27|-64|CG1253416|-24|-76|CG1253417|-23|-60|CG1253418|-24|-48|CG1253419|-20|-33|CG1253420|-18|-44
600|5|6|2091|24|CG1253440|-53|-53|CG1253440|-53|-53|CG1253441|-29|-86|CG1253441|-29|-86|CG1253442|-37|-60|CG1253442|-37|-60|CG1253443|-55|-51|CG1253443|-55|-51|CG1253444|-55|-40|CG1253444|-55|-40|CG1253444|-55|-40|CG1253444|-55|-40|CG1253444|-55|-40|CG1253444|-55|-40|CG1253445|-55|-54|CG1253446|-55|-55|CG1253447|-54|-55|CG1253447|-54|-55|CG1253447|-54|-55|CG1253447|-54|-55|CG1253446|-55|-55|CG1253446|-55|-55|CG1253445|-55|-54|CG1253445|-55|-54
600|5|7|1088|13|CG1254321|-24|-57|CG1254321|-24|-57|CG1254322|-22|-51|CG1254322|-22|-51|CG1254323|-22|-63|CG1254323|-22|-63|CG1254324|-23|-77|CG1254325|-21|-80|CG1254326|-20|-79|CG1254327|-20|-62|CG1254327|-20|-62|CG1254328|-22|-51|CG1254328|-22|-51
600|5|8|1000|2|CG1253435|-29|-45|CG1253436|-32|-56
600|5|9|1000|1|CG1253437|-32|-49
600|5|10|1190|6|CG1253429|-48|-60|CG1253430|-63|-57|CG1253431|-43|-65|CG1253432|-48|-21|CG1253433|-49|-15|CG1253434|-51|-15
600|6|0|8000|40|CG1253504|-42|-63|CG1253505|-41|-63|CG1253506|-40|-63|CG1253505|-41|-63|CG1253504|-42|-63|CG1253507|-42|-63|CG1253508|-42|-63|CG1253508|-42|-63|CG1253508|-42|-63|CG1253508|-42|-63|CG1253507|-42|-63|CG1253504|-42|-63|CG1253505|-41|-63|CG1253506|-40|-63|CG1253505|-41|-63|CG1253504|-42|-63|CG1253505|-41|-63|CG1253506|-40|-63|CG1253505|-41|-63|CG1253504|-42|-63|CG1253507|-42|-63|CG1253508|-42|-63|CG1253508|-42|-63|CG1253508|-42|-63|CG1253507|-42|-63|CG1253504|-42|-63|CG1253507|-42|-63|CG1253508|-42|-63|CG1253508|-42|-63|CG1253508|-42|-63|CG1253508|-42|-63|CG1253507|-42|-63|CG1253504|-42|-63|CG1253505|-41|-63|CG1253506|-40|-63|CG1253505|-41|-63|CG1253504|-42|-63|CG1253505|-41|-63|CG1253506|-40|-63|CG1253505|-41|-63
600|6|1|1000|6|CG1253511|-40|-58|CG1253512|-46|-62|CG1253513|-45|-61|CG1253514|-43|-59|CG1253515|-47|-62|CG1253516|-43|-60
600|6|2|600|5|CG1325693|-56|-115|CG1325694|-66|-158|CG1325695|-93|-143|CG1325696|-109|-126|CG1325697|-81|-115
600|6|3|510|6|CG1253474|-28|-59|CG1253475|-31|-54|CG1253476|-53|-53|CG1253477|-39|-54|CG1253478|-47|-50|CG1253479|-47|-55
600|6|4|
600|6|5|1000|8|CG1253466|-40|-61|CG1253467|-29|-46|CG1253468|-36|-71|CG1253469|-22|-80|CG1253470|-66|-68|CG1253471|-57|-51|CG1253472|-59|-43|CG1253473|-51|-48
600|6|6|2091|24|CG1253493|-41|-57|CG1253493|-41|-57|CG1253494|-26|-90|CG1253494|-26|-90|CG1253495|-25|-70|CG1253495|-25|-70|CG1253496|-41|-53|CG1253496|-41|-53|CG1253497|-42|-43|CG1253497|-42|-43|CG1253497|-42|-43|CG1253497|-42|-43|CG1253497|-42|-43|CG1253497|-42|-43|CG1253498|-42|-54|CG1253499|-42|-54|CG1253500|-42|-51|CG1253500|-42|-51|CG1253500|-42|-51|CG1253500|-42|-51|CG1253499|-42|-54|CG1253499|-42|-54|CG1253498|-42|-54|CG1253498|-42|-54
600|6|7|1088|13|CG1254389|-16|-60|CG1254389|-16|-60|CG1254390|-22|-55|CG1254390|-22|-55|CG1254391|-19|-64|CG1254391|-19|-64|CG1254392|-16|-76|CG1254393|-21|-79|CG1254394|-29|-81|CG1254395|-25|-63|CG1254395|-25|-63|CG1254396|-24|-55|CG1254396|-24|-55
600|6|8|1000|2|CG1253488|-51|-49|CG1253489|-38|-50
600|6|9|1000|1|CG1253490|-37|-51
600|6|10|1190|6|CG1253482|-20|-63|CG1253483|-39|-60|CG1253484|-38|-80|CG1253485|-66|-45|CG1253486|-95|-19|CG1253487|-98|-18
600|7|0|8000|40|CG1253557|-40|-62|CG1253558|-39|-63|CG1253559|-39|-63|CG1253558|-39|-63|CG1253557|-40|-62|CG1253560|-38|-61|CG1253561|-36|-59|CG1253561|-36|-59|CG1253561|-36|-59|CG1253561|-36|-59|CG1253560|-38|-61|CG1253557|-40|-62|CG1253558|-39|-63|CG1253559|-39|-63|CG1253558|-39|-63|CG1253557|-40|-62|CG1253558|-39|-63|CG1253559|-39|-63|CG1253558|-39|-63|CG1253557|-40|-62|CG1253560|-38|-61|CG1253561|-36|-59|CG1253561|-36|-59|CG1253561|-36|-59|CG1253560|-38|-61|CG1253557|-40|-62|CG1253560|-38|-61|CG1253561|-36|-59|CG1253561|-36|-59|CG1253561|-36|-59|CG1253561|-36|-59|CG1253560|-38|-61|CG1253557|-40|-62|CG1253558|-39|-63|CG1253559|-39|-63|CG1253558|-39|-63|CG1253557|-40|-62|CG1253558|-39|-63|CG1253559|-39|-63|CG1253558|-39|-63
600|7|1|1000|6|CG1253564|-33|-59|CG1253565|-38|-63|CG1253566|-39|-60|CG1253567|-41|-58|CG1253568|-41|-62|CG1253569|-35|-61
600|7|2|600|5|CG1325749|-65|-111|CG1325750|-73|-164|CG1325751|-68|-170|CG1325752|-60|-150|CG1325753|-60|-127
600|7|3|510|6|CG1253527|-27|-61|CG1253528|-27|-59|CG1253529|-38|-59|CG1253530|-53|-60|CG1253531|-48|-58|CG1253532|-24|-60
600|7|4|
600|7|5|1000|8|CG1253519|-22|-62|CG1253520|-27|-54|CG1253521|-33|-81|CG1253522|-26|-77|CG1253523|-76|-81|CG1253524|-71|-62|CG1253525|-79|-57|CG1253526|-59|-55
600|7|6|2091|24|CG1253546|-19|-59|CG1253546|-19|-59|CG1253547|-22|-87|CG1253547|-22|-87|CG1253548|-14|-74|CG1253548|-14|-74|CG1253549|-12|-49|CG1253549|-12|-49|CG1253550|-14|-45|CG1253550|-14|-45|CG1253550|-14|-45|CG1253550|-14|-45|CG1253550|-14|-45|CG1253550|-14|-45|CG1253551|-13|-47|CG1253552|-12|-44|CG1253553|-13|-41|CG1253553|-13|-41|CG1253553|-13|-41|CG1253553|-13|-41|CG1253552|-12|-44|CG1253552|-12|-44|CG1253551|-13|-47|CG1253551|-13|-47
600|7|7|1088|13|CG1254457|-19|-61|CG1254457|-19|-61|CG1254458|-27|-59|CG1254458|-27|-59|CG1254459|-33|-64|CG1254459|-33|-64|CG1254460|-22|-74|CG1254461|-30|-74|CG1254462|-24|-82|CG1254463|-33|-71|CG1254463|-33|-71|CG1254464|-22|-58|CG1254464|-22|-58
600|7|8|1000|2|CG1253541|-43|-56|CG1253542|-23|-46
600|7|9|1000|1|CG1253543|-33|-61
600|7|10|1190|6|CG1253535|-14|-61|CG1253536|-17|-61|CG1253537|-31|-88|CG1253538|-57|-67|CG1253539|-82|-38|CG1253540|-85|-28
