577|0|0|1088|6|CG1242528|-44|-75|CG1242529|-43|-74|CG1242530|-39|-74|CG1242531|-37|-74|CG1242532|-37|-74|CG1242533|-42|-74
577|0|1|1000|6|CG1242536|-34|-71|CG1242537|-34|-71|CG1242538|-33|-71|CG1242539|-33|-70|CG1242540|-32|-71|CG1242541|-34|-72
577|0|2|600|5|CG1325357|-54|-113|CG1325358|-66|-144|CG1325359|-95|-176|CG1325360|-103|-137|CG1325361|-78|-106
577|0|3|986|8|CG1242864|-26|-72|CG1242865|-23|-75|CG1242866|-23|-78|CG1242867|-23|-73|CG1242868|-15|-72|CG1242869|-22|-76|CG1242870|-17|-79|CG1242871|-14|-73
577|0|4|
577|0|5|1190|15|CG1242500|-28|-87|CG1242500|-28|-87|CG1242501|-26|-86|CG1242501|-26|-86|CG1242502|-40|-82|CG1242502|-40|-82|CG1242503|-25|-89|CG1242503|-25|-89|CG1242503|-25|-89|CG1242503|-25|-89|CG1242504|-29|-99|CG1242504|-29|-99|CG1242505|-25|-77|CG1242505|-25|-77|CG1242505|-25|-77
577|0|6|2397|18|CG1242519|-39|-65|CG1242520|-36|-69|CG1242521|-36|-73|CG1242522|-38|-73|CG1242523|-38|-72|CG1242524|-36|-71|CG1242519|-39|-65|CG1242520|-36|-69|CG1242521|-36|-73|CG1242522|-38|-73|CG1242523|-38|-72|CG1242524|-36|-71|CG1242519|-39|-65|CG1242520|-36|-69|CG1242521|-36|-73|CG1242522|-38|-73|CG1242523|-38|-72|CG1242524|-36|-71
577|0|7|1326|16|CG1242906|-15|-75|CG1242906|-15|-75|CG1242908|-17|-76|CG1242909|-16|-77|CG1242910|-20|-80|CG1242910|-20|-80|CG1242911|-29|-84|CG1242911|-29|-84|CG1242912|-36|-82|CG1242912|-36|-82|CG1242913|-25|-79|CG1242913|-25|-79|CG1242914|-15|-74|CG1242914|-15|-74|CG1242915|-16|-74|CG1242915|-16|-74
577|0|8|1000|2|CG1242514|-22|-69|CG1242515|-22|-64
577|0|9|1000|1|CG1242516|-28|-71
577|0|10|1000|6|CG1242508|-32|-69|CG1242509|-29|-62|CG1242510|-28|-64|CG1242511|-22|-63|CG1242512|-25|-59|CG1242513|-25|-48
577|1|0|1088|6|CG1242572|-34|-74|CG1242573|-35|-73|CG1242574|-37|-73|CG1242575|-38|-74|CG1242576|-37|-74|CG1242577|-36|-74
577|1|1|1000|6|CG1242580|-16|-70|CG1242581|-17|-71|CG1242582|-20|-71|CG1242583|-18|-70|CG1242584|-18|-71|CG1242585|-16|-71
577|1|2|600|5|CG1325413|-100|-113|CG1325414|-102|-107|CG1325415|-90|-159|CG1325416|-142|-98|CG1325417|-131|-103
577|1|3|986|8|CG1242939|-26|-73|CG1242940|-17|-75|CG1242941|-17|-77|CG1242942|-18|-73|CG1242943|-28|-73|CG1242944|-17|-75|CG1242945|-18|-77|CG1242946|-21|-73
577|1|4|
577|1|5|1190|15|CG1242544|-17|-88|CG1242544|-17|-88|CG1242545|-16|-87|CG1242545|-16|-87|CG1242546|-15|-84|CG1242546|-15|-84|CG1242547|-17|-90|CG1242547|-17|-90|CG1242547|-17|-90|CG1242547|-17|-90|CG1242548|-17|-100|CG1242548|-17|-100|CG1242549|-17|-75|CG1242549|-17|-75|CG1242549|-17|-75
577|1|6|2397|18|CG1242563|-33|-67|CG1242564|-28|-69|CG1242565|-20|-72|CG1242566|-21|-73|CG1242567|-25|-70|CG1242568|-28|-68|CG1242563|-33|-67|CG1242564|-28|-69|CG1242565|-20|-72|CG1242566|-21|-73|CG1242567|-25|-70|CG1242568|-28|-68|CG1242563|-33|-67|CG1242564|-28|-69|CG1242565|-20|-72|CG1242566|-21|-73|CG1242567|-25|-70|CG1242568|-28|-68
577|1|7|1326|16|CG1242981|-11|-75|CG1242981|-11|-75|CG1242983|-11|-75|CG1242984|-24|-75|CG1242985|-10|-79|CG1242985|-10|-79|CG1242986|-14|-84|CG1242986|-14|-84|CG1242987|-25|-83|CG1242987|-25|-83|CG1242988|-13|-79|CG1242988|-13|-79|CG1242989|-14|-72|CG1242989|-14|-72|CG1242990|-10|-73|CG1242990|-10|-73
577|1|8|1000|2|CG1242558|-33|-69|CG1242559|-22|-60
577|1|9|1000|1|CG1242560|-39|-73
577|1|10|1000|6|CG1242552|-35|-67|CG1242553|-29|-60|CG1242554|-24|-60|CG1242555|-21|-54|CG1242556|-22|-49|CG1242557|-24|-38
577|2|0|1088|6|CG1242616|-13|-73|CG1242617|-13|-72|CG1242618|-16|-72|CG1242619|-18|-72|CG1242620|-17|-72|CG1242621|-13|-72
577|2|1|1000|6|CG1242624|-30|-70|CG1242625|-32|-71|CG1242626|-34|-72|CG1242627|-32|-71|CG1242628|-32|-71|CG1242629|-30|-71
577|2|2|600|5|CG1325469|-119|-113|CG1325470|-90|-142|CG1325471|-82|-174|CG1325472|-99|-116|CG1325473|-109|-103
577|2|3|986|8|CG1243014|-18|-72|CG1243015|-29|-76|CG1243016|-28|-79|CG1243017|-23|-73|CG1243018|-27|-72|CG1243019|-30|-75|CG1243020|-34|-78|CG1243021|-32|-73
577|2|4|
577|2|5|1190|15|CG1242588|-17|-87|CG1242588|-17|-87|CG1242589|-16|-85|CG1242589|-16|-85|CG1242590|-17|-84|CG1242590|-17|-84|CG1242591|-18|-87|CG1242591|-18|-87|CG1242591|-18|-87|CG1242591|-18|-87|CG1242592|-17|-90|CG1242592|-17|-90|CG1242593|-17|-76|CG1242593|-17|-76|CG1242593|-17|-76
577|2|6|2397|18|CG1242607|-33|-69|CG1242608|-33|-70|CG1242609|-30|-71|CG1242610|-32|-73|CG1242611|-35|-70|CG1242612|-32|-69|CG1242607|-33|-69|CG1242608|-33|-70|CG1242609|-30|-71|CG1242610|-32|-73|CG1242611|-35|-70|CG1242612|-32|-69|CG1242607|-33|-69|CG1242608|-33|-70|CG1242609|-30|-71|CG1242610|-32|-73|CG1242611|-35|-70|CG1242612|-32|-69
577|2|7|1326|16|CG1243056|-10|-74|CG1243056|-10|-74|CG1243058|-12|-74|CG1243059|-20|-73|CG1243060|-8|-77|CG1243060|-8|-77|CG1243061|-9|-80|CG1243061|-9|-80|CG1243062|-12|-79|CG1243062|-12|-79|CG1243063|-8|-77|CG1243063|-8|-77|CG1243064|-14|-70|CG1243064|-14|-70|CG1243065|-10|-71|CG1243065|-10|-71
577|2|8|1000|2|CG1242602|-29|-66|CG1242603|-43|-56
577|2|9|1000|1|CG1242604|-30|-73
577|2|10|1000|6|CG1242596|-18|-65|CG1242597|-17|-58|CG1242598|-16|-54|CG1242599|-23|-40|CG1242600|-23|-32|CG1242601|-24|-20
577|3|0|1088|6|CG1242660|-21|-71|CG1242661|-19|-71|CG1242662|-15|-71|CG1242663|-15|-71|CG1242664|-15|-71|CG1242665|-17|-71
577|3|1|1000|6|CG1242668|-43|-71|CG1242669|-42|-72|CG1242670|-42|-73|CG1242671|-38|-72|CG1242672|-39|-72|CG1242673|-41|-72
577|3|2|600|5|CG1325525|-125|-117|CG1325526|-119|-165|CG1325527|-116|-175|CG1325528|-58|-136|CG1325529|-81|-129
577|3|3|986|8|CG1243089|-20|-73|CG1243090|-30|-78|CG1243091|-35|-82|CG1243092|-28|-75|CG1243093|-21|-73|CG1243094|-29|-77|CG1243095|-35|-80|CG1243096|-27|-75
577|3|4|
577|3|5|1190|15|CG1242632|-15|-84|CG1242632|-15|-84|CG1242633|-15|-82|CG1242633|-15|-82|CG1242634|-16|-83|CG1242634|-16|-83|CG1242635|-16|-82|CG1242635|-16|-82|CG1242635|-16|-82|CG1242635|-16|-82|CG1242636|-16|-76|CG1242636|-16|-76|CG1242637|-15|-77|CG1242637|-15|-77|CG1242637|-15|-77
577|3|6|2397|18|CG1242651|-42|-69|CG1242652|-46|-73|CG1242653|-45|-74|CG1242654|-45|-74|CG1242655|-43|-72|CG1242656|-44|-70|CG1242651|-42|-69|CG1242652|-46|-73|CG1242653|-45|-74|CG1242654|-45|-74|CG1242655|-43|-72|CG1242656|-44|-70|CG1242651|-42|-69|CG1242652|-46|-73|CG1242653|-45|-74|CG1242654|-45|-74|CG1242655|-43|-72|CG1242656|-44|-70
577|3|7|1326|16|CG1243131|-26|-71|CG1243131|-26|-71|CG1243133|-16|-72|CG1243134|-15|-72|CG1243135|-14|-74|CG1243135|-14|-74|CG1243136|-9|-74|CG1243136|-9|-74|CG1243137|-9|-73|CG1243137|-9|-73|CG1243138|-10|-72|CG1243138|-10|-72|CG1243139|-14|-68|CG1243139|-14|-68|CG1243140|-15|-69|CG1243140|-15|-69
577|3|8|1000|2|CG1242646|-19|-63|CG1242647|-50|-58
577|3|9|1000|1|CG1242648|-14|-72
577|3|10|1000|6|CG1242640|-15|-64|CG1242641|-18|-56|CG1242642|-17|-49|CG1242643|-16|-31|CG1242644|-16|-22|CG1242645|-21|-19
577|4|0|1088|6|CG1242704|-37|-71|CG1242705|-38|-71|CG1242706|-35|-71|CG1242707|-34|-71|CG1242708|-33|-71|CG1242709|-36|-71
577|4|1|1000|6|CG1242712|-31|-73|CG1242713|-29|-74|CG1242714|-26|-75|CG1242715|-23|-73|CG1242716|-24|-74|CG1242717|-29|-74
577|4|2|600|5|CG1325581|-118|-123|CG1325582|-92|-162|CG1325583|-82|-152|CG1325584|-98|-119|CG1325585|-112|-122
577|4|3|986|8|CG1243164|-28|-73|CG1243165|-29|-80|CG1243166|-33|-85|CG1243167|-32|-76|CG1243168|-18|-73|CG1243169|-23|-79|CG1243170|-24|-83|CG1243171|-22|-76
577|4|4|
577|4|5|1190|15|CG1242676|-13|-80|CG1242676|-13|-80|CG1242677|-14|-79|CG1242677|-14|-79|CG1242678|-13|-80|CG1242678|-13|-80|CG1242679|-15|-78|CG1242679|-15|-78|CG1242679|-15|-78|CG1242679|-15|-78|CG1242680|-21|-76|CG1242680|-21|-76|CG1242681|-21|-77|CG1242681|-21|-77|CG1242681|-21|-77
577|4|6|2397|18|CG1242695|-31|-70|CG1242696|-34|-76|CG1242697|-34|-76|CG1242698|-32|-75|CG1242699|-28|-71|CG1242700|-33|-70|CG1242695|-31|-70|CG1242696|-34|-76|CG1242697|-34|-76|CG1242698|-32|-75|CG1242699|-28|-71|CG1242700|-33|-70|CG1242695|-31|-70|CG1242696|-34|-76|CG1242697|-34|-76|CG1242698|-32|-75|CG1242699|-28|-71|CG1242700|-33|-70
577|4|7|1326|16|CG1243206|-30|-70|CG1243206|-30|-70|CG1243208|-21|-71|CG1243209|-17|-72|CG1243210|-20|-70|CG1243210|-20|-70|CG1243211|-15|-70|CG1243211|-15|-70|CG1243212|-18|-69|CG1243212|-18|-69|CG1243213|-20|-68|CG1243213|-20|-68|CG1243214|-22|-68|CG1243214|-22|-68|CG1243215|-18|-69|CG1243215|-18|-69
577|4|8|1000|2|CG1242690|-20|-61|CG1242691|-39|-63
577|4|9|1000|1|CG1242692|-16|-70
577|4|10|1000|6|CG1242684|-26|-64|CG1242685|-30|-56|CG1242686|-22|-50|CG1242687|-31|-33|CG1242688|-29|-24|CG1242689|-28|-20
577|5|0|1088|6|CG1242748|-32|-72|CG1242749|-36|-72|CG1242750|-40|-72|CG1242751|-39|-72|CG1242752|-37|-72|CG1242753|-34|-72
577|5|1|1000|6|CG1242756|-15|-73|CG1242757|-14|-74|CG1242758|-12|-75|CG1242759|-14|-73|CG1242760|-15|-74|CG1242761|-14|-75
577|5|2|600|5|CG1325637|-87|-102|CG1325638|-101|-134|CG1325639|-81|-118|CG1325640|-146|-102|CG1325641|-132|-115
577|5|3|986|8|CG1243239|-27|-74|CG1243240|-16|-80|CG1243241|-17|-85|CG1243242|-21|-77|CG1243243|-27|-74|CG1243244|-19|-80|CG1243245|-20|-85|CG1243246|-19|-77
577|5|4|
577|5|5|1190|15|CG1242720|-12|-79|CG1242720|-12|-79|CG1242721|-19|-78|CG1242721|-19|-78|CG1242722|-17|-79|CG1242722|-17|-79|CG1242723|-17|-77|CG1242723|-17|-77|CG1242723|-17|-77|CG1242723|-17|-77|CG1242724|-24|-75|CG1242724|-24|-75|CG1242725|-36|-76|CG1242725|-36|-76|CG1242725|-36|-76
577|5|6|2397|18|CG1242739|-22|-73|CG1242740|-20|-76|CG1242741|-26|-76|CG1242742|-33|-76|CG1242743|-30|-71|CG1242744|-21|-72|CG1242739|-22|-73|CG1242740|-20|-76|CG1242741|-26|-76|CG1242742|-33|-76|CG1242743|-30|-71|CG1242744|-21|-72|CG1242739|-22|-73|CG1242740|-20|-76|CG1242741|-26|-76|CG1242742|-33|-76|CG1242743|-30|-71|CG1242744|-21|-72
577|5|7|1326|16|CG1243281|-20|-70|CG1243281|-20|-70|CG1243283|-26|-72|CG1243284|-30|-73|CG1243285|-28|-71|CG1243285|-28|-71|CG1243286|-34|-70|CG1243286|-34|-70|CG1243287|-29|-68|CG1243287|-29|-68|CG1243288|-30|-67|CG1243288|-30|-67|CG1243289|-28|-69|CG1243289|-28|-69|CG1243290|-20|-70|CG1243290|-20|-70
577|5|8|1000|2|CG1242734|-29|-58|CG1242735|-36|-68
577|5|9|1000|1|CG1242736|-38|-69
577|5|10|1000|6|CG1242728|-36|-65|CG1242729|-39|-58|CG1242730|-45|-55|CG1242731|-48|-44|CG1242732|-53|-30|CG1242733|-56|-23
577|6|0|1088|6|CG1242792|-20|-73|CG1242793|-20|-73|CG1242794|-24|-73|CG1242795|-24|-73|CG1242796|-23|-73|CG1242797|-21|-73
577|6|1|1000|6|CG1242800|-22|-73|CG1242801|-23|-74|CG1242802|-26|-74|CG1242803|-29|-73|CG1242804|-27|-74|CG1242805|-25|-75
577|6|2|600|5|CG1325693|-56|-115|CG1325694|-66|-158|CG1325695|-93|-143|CG1325696|-109|-126|CG1325697|-81|-115
577|6|3|986|8|CG1243314|-19|-73|CG1243315|-23|-79|CG1243316|-18|-83|CG1243317|-23|-76|CG1243318|-26|-73|CG1243319|-24|-80|CG1243320|-24|-84|CG1243321|-23|-76
577|6|4|
577|6|5|1190|15|CG1242764|-30|-80|CG1242764|-30|-80|CG1242765|-30|-79|CG1242765|-30|-79|CG1242766|-52|-79|CG1242766|-52|-79|CG1242767|-40|-80|CG1242767|-40|-80|CG1242767|-40|-80|CG1242767|-40|-80|CG1242768|-47|-75|CG1242768|-47|-75|CG1242769|-42|-74|CG1242769|-42|-74|CG1242769|-42|-74
577|6|6|2397|18|CG1242783|-16|-70|CG1242784|-12|-71|CG1242785|-18|-75|CG1242786|-23|-73|CG1242787|-20|-73|CG1242788|-16|-76|CG1242783|-16|-70|CG1242784|-12|-71|CG1242785|-18|-75|CG1242786|-23|-73|CG1242787|-20|-73|CG1242788|-16|-76|CG1242783|-16|-70|CG1242784|-12|-71|CG1242785|-18|-75|CG1242786|-23|-73|CG1242787|-20|-73|CG1242788|-16|-76
577|6|7|1326|16|CG1243356|-22|-72|CG1243356|-22|-72|CG1243358|-21|-73|CG1243359|-36|-76|CG1243360|-31|-74|CG1243360|-31|-74|CG1243361|-45|-74|CG1243361|-45|-74|CG1243362|-37|-73|CG1243362|-37|-73|CG1243363|-30|-70|CG1243363|-30|-70|CG1243364|-28|-71|CG1243364|-28|-71|CG1243365|-25|-72|CG1243365|-25|-72
577|6|8|1000|2|CG1242778|-31|-61|CG1242779|-33|-61
577|6|9|1000|1|CG1242780|-42|-70
577|6|10|1000|6|CG1242772|-29|-67|CG1242773|-34|-60|CG1242774|-50|-61|CG1242775|-55|-57|CG1242776|-57|-47|CG1242777|-64|-27
577|7|0|1088|6|CG1242836|-29|-74|CG1242837|-26|-74|CG1242838|-20|-73|CG1242839|-19|-74|CG1242840|-19|-74|CG1242841|-24|-74
577|7|1|1000|6|CG1242844|-39|-72|CG1242845|-40|-72|CG1242846|-41|-72|CG1242847|-43|-71|CG1242848|-41|-72|CG1242849|-41|-73
577|7|2|600|5|CG1325749|-65|-111|CG1325750|-73|-164|CG1325751|-68|-170|CG1325752|-60|-150|CG1325753|-60|-127
577|7|3|986|8|CG1243389|-18|-73|CG1243390|-30|-77|CG1243391|-27|-80|CG1243392|-22|-75|CG1243393|-18|-73|CG1243394|-30|-78|CG1243395|-26|-82|CG1243396|-19|-75
577|7|4|
577|7|5|1190|15|CG1242808|-39|-83|CG1242808|-39|-83|CG1242809|-38|-82|CG1242809|-38|-82|CG1242810|-64|-80|CG1242810|-64|-80|CG1242811|-45|-85|CG1242811|-45|-85|CG1242811|-45|-85|CG1242811|-45|-85|CG1242812|-49|-86|CG1242812|-49|-86|CG1242813|-32|-74|CG1242813|-32|-74|CG1242813|-32|-74
577|7|6|2397|18|CG1242827|-39|-68|CG1242828|-33|-71|CG1242829|-36|-77|CG1242830|-36|-77|CG1242831|-39|-76|CG1242832|-36|-75|CG1242827|-39|-68|CG1242828|-33|-71|CG1242829|-36|-77|CG1242830|-36|-77|CG1242831|-39|-76|CG1242832|-36|-75|CG1242827|-39|-68|CG1242828|-33|-71|CG1242829|-36|-77|CG1242830|-36|-77|CG1242831|-39|-76|CG1242832|-36|-75
577|7|7|1326|16|CG1243431|-19|-74|CG1243431|-19|-74|CG1243433|-20|-75|CG1243434|-24|-77|CG1243435|-30|-77|CG1243435|-30|-77|CG1243436|-45|-80|CG1243436|-45|-80|CG1243437|-39|-79|CG1243437|-39|-79|CG1243438|-29|-75|CG1243438|-29|-75|CG1243439|-29|-73|CG1243439|-29|-73|CG1243440|-24|-74|CG1243440|-24|-74
577|7|8|1000|2|CG1242822|-26|-65|CG1242823|-33|-60
577|7|9|1000|1|CG1242824|-30|-70
577|7|10|1000|6|CG1242816|-23|-69|CG1242817|-32|-62|CG1242818|-35|-65|CG1242819|-35|-65|CG1242820|-36|-59|CG1242821|-45|-44
