646|0|0|1496|9|CG1272642|-60|-77|CG1272642|-60|-77|CG1272643|-59|-77|CG1272643|-59|-77|CG1272644|-59|-77|CG1272644|-59|-77|CG1272644|-59|-77|CG1272643|-59|-77|CG1272643|-59|-77
646|0|1|1000|6|CG1272647|-38|-76|CG1272648|-39|-77|CG1272649|-34|-77|CG1272650|-32|-76|CG1272651|-32|-77|CG1272652|-36|-77
646|0|2|600|5|CG1325357|-54|-113|CG1325358|-66|-144|CG1325359|-95|-176|CG1325360|-103|-137|CG1325361|-78|-106
646|0|3|600|12|CG1272612|-43|-79|CG1272613|-49|-82|CG1272613|-49|-82|CG1272614|-47|-83|CG1272614|-47|-83|CG1272615|-36|-84|CG1272616|-35|-79|CG1272617|-36|-84|CG1272617|-36|-84|CG1272618|-33|-83|CG1272618|-33|-83|CG1272619|-34|-81
646|0|4|
646|0|5|1190|17|CG1272604|-33|-71|CG1272604|-33|-71|CG1272605|-29|-66|CG1272605|-29|-66|CG1272605|-29|-66|CG1272605|-29|-66|CG1272606|-28|-71|CG1272606|-28|-71|CG1272607|-57|-82|CG1272608|-32|-118|CG1272608|-32|-118|CG1272609|-30|-124|CG1272609|-30|-124|CG1272610|-27|-113|CG1272610|-27|-113|CG1272611|-28|-104|CG1272611|-28|-104
646|0|6|2689|25|CG1272633|-20|-89|CG1272634|-20|-89|CG1272635|-20|-89|CG1272633|-20|-89|CG1272634|-20|-89|CG1272635|-20|-89|CG1272633|-20|-89|CG1272634|-20|-89|CG1272635|-20|-89|CG1272633|-20|-89|CG1272634|-20|-89|CG1272635|-20|-89|CG1272633|-20|-89|CG1272634|-20|-89|CG1272635|-20|-89|CG1272633|-20|-89|CG1272634|-20|-89|CG1272635|-20|-89|CG1272633|-20|-89|CG1272636|-35|-78|CG1272636|-35|-78|CG1272637|-39|-112|CG1272637|-39|-112|CG1272637|-39|-112|CG1272638|-60|-79
646|0|7|799|12|CG1271729|-23|-78|CG1271729|-23|-78|CG1271730|-16|-79|CG1271730|-16|-79|CG1271730|-16|-79|CG1271731|-21|-78|CG1271732|-27|-76|CG1271733|-20|-76|CG1271733|-20|-76|CG1271733|-20|-76|CG1271734|-21|-77|CG1271734|-21|-77
646|0|8|1000|2|CG1272628|-28|-70|CG1272629|-26|-62
646|0|9|1000|1|CG1272630|-54|-80
646|0|10|986|6|CG1272622|-52|-63|CG1272623|-52|-63|CG1272624|-51|-63|CG1272625|-65|-79|CG1272626|-67|-73|CG1272627|-68|-46
646|1|0|1496|9|CG1272693|-33|-76|CG1272693|-33|-76|CG1272694|-32|-76|CG1272694|-32|-76|CG1272695|-32|-76|CG1272695|-32|-76|CG1272695|-32|-76|CG1272694|-32|-76|CG1272694|-32|-76
646|1|1|1000|6|CG1272698|-21|-76|CG1272699|-20|-76|CG1272700|-19|-77|CG1272701|-18|-76|CG1272702|-18|-76|CG1272703|-21|-77
646|1|2|600|5|CG1325413|-100|-113|CG1325414|-102|-107|CG1325415|-90|-159|CG1325416|-142|-98|CG1325417|-131|-103
646|1|3|600|12|CG1272663|-34|-79|CG1272664|-28|-89|CG1272664|-28|-89|CG1272665|-31|-87|CG1272665|-31|-87|CG1272666|-33|-89|CG1272667|-20|-79|CG1272668|-16|-83|CG1272668|-16|-83|CG1272669|-17|-83|CG1272669|-17|-83|CG1272670|-25|-81
646|1|4|
646|1|5|1190|17|CG1272655|-24|-71|CG1272655|-24|-71|CG1272656|-31|-66|CG1272656|-31|-66|CG1272656|-31|-66|CG1272656|-31|-66|CG1272657|-35|-73|CG1272657|-35|-73|CG1272658|-29|-88|CG1272659|-30|-114|CG1272659|-30|-114|CG1272660|-29|-123|CG1272660|-29|-123|CG1272661|-28|-111|CG1272661|-28|-111|CG1272662|-29|-106|CG1272662|-29|-106
646|1|6|2689|25|CG1272684|-22|-95|CG1272685|-22|-95|CG1272686|-22|-95|CG1272684|-22|-95|CG1272685|-22|-95|CG1272686|-22|-95|CG1272684|-22|-95|CG1272685|-22|-95|CG1272686|-22|-95|CG1272684|-22|-95|CG1272685|-22|-95|CG1272686|-22|-95|CG1272684|-22|-95|CG1272685|-22|-95|CG1272686|-22|-95|CG1272684|-22|-95|CG1272685|-22|-95|CG1272686|-22|-95|CG1272684|-22|-95|CG1272687|-45|-76|CG1272687|-45|-76|CG1272688|-14|-115|CG1272688|-14|-115|CG1272688|-14|-115|CG1272689|-22|-93
646|1|7|799|12|CG1271791|-17|-77|CG1271791|-17|-77|CG1271792|-20|-78|CG1271792|-20|-78|CG1271792|-20|-78|CG1271793|-16|-77|CG1271794|-20|-75|CG1271795|-17|-76|CG1271795|-17|-76|CG1271795|-17|-76|CG1271796|-17|-77|CG1271796|-17|-77
646|1|8|1000|2|CG1272679|-44|-75|CG1272680|-32|-66
646|1|9|1000|1|CG1272681|-43|-79
646|1|10|986|6|CG1272673|-30|-72|CG1272674|-25|-70|CG1272675|-32|-66|CG1272676|-34|-74|CG1272677|-36|-71|CG1272678|-37|-57
646|2|0|1496|9|CG1272744|-22|-76|CG1272744|-22|-76|CG1272745|-22|-76|CG1272745|-22|-76|CG1272746|-22|-76|CG1272746|-22|-76|CG1272746|-22|-76|CG1272745|-22|-76|CG1272745|-22|-76
646|2|1|1000|6|CG1272749|-21|-76|CG1272750|-19|-77|CG1272751|-16|-77|CG1272752|-17|-76|CG1272753|-17|-77|CG1272754|-16|-77
646|2|2|600|5|CG1325469|-119|-113|CG1325470|-90|-142|CG1325471|-82|-174|CG1325472|-99|-116|CG1325473|-109|-103
646|2|3|600|12|CG1272714|-30|-79|CG1272715|-39|-91|CG1272715|-39|-91|CG1272716|-36|-91|CG1272716|-36|-91|CG1272717|-31|-81|CG1272718|-30|-79|CG1272719|-34|-82|CG1272719|-34|-82|CG1272720|-30|-83|CG1272720|-30|-83|CG1272721|-32|-81
646|2|4|
646|2|5|1190|17|CG1272706|-45|-72|CG1272706|-45|-72|CG1272707|-35|-67|CG1272707|-35|-67|CG1272707|-35|-67|CG1272707|-35|-67|CG1272708|-36|-73|CG1272708|-36|-73|CG1272709|-23|-86|CG1272710|-22|-91|CG1272710|-22|-91|CG1272711|-21|-106|CG1272711|-21|-106|CG1272712|-17|-97|CG1272712|-17|-97|CG1272713|-23|-96|CG1272713|-23|-96
646|2|6|2689|25|CG1272735|-28|-100|CG1272736|-28|-100|CG1272737|-28|-100|CG1272735|-28|-100|CG1272736|-28|-100|CG1272737|-28|-100|CG1272735|-28|-100|CG1272736|-28|-100|CG1272737|-28|-100|CG1272735|-28|-100|CG1272736|-28|-100|CG1272737|-28|-100|CG1272735|-28|-100|CG1272736|-28|-100|CG1272737|-28|-100|CG1272735|-28|-100|CG1272736|-28|-100|CG1272737|-28|-100|CG1272735|-28|-100|CG1272738|-49|-75|CG1272738|-49|-75|CG1272739|-25|-100|CG1272739|-25|-100|CG1272739|-25|-100|CG1272740|-25|-91
646|2|7|799|12|CG1271853|-22|-76|CG1271853|-22|-76|CG1271854|-23|-76|CG1271854|-23|-76|CG1271854|-23|-76|CG1271855|-23|-75|CG1271856|-25|-76|CG1271857|-28|-76|CG1271857|-28|-76|CG1271857|-28|-76|CG1271858|-25|-77|CG1271858|-25|-77
646|2|8|1000|2|CG1272730|-37|-75|CG1272731|-40|-61
646|2|9|1000|1|CG1272732|-22|-79
646|2|10|986|6|CG1272724|-25|-67|CG1272725|-15|-70|CG1272726|-13|-68|CG1272727|-14|-62|CG1272728|-14|-57|CG1272729|-13|-49
646|3|0|1496|9|CG1272795|-18|-77|CG1272795|-18|-77|CG1272796|-17|-76|CG1272796|-17|-76|CG1272797|-16|-76|CG1272797|-16|-76|CG1272797|-16|-76|CG1272796|-17|-76|CG1272796|-17|-76
646|3|1|1000|6|CG1272800|-19|-77|CG1272801|-18|-77|CG1272802|-17|-78|CG1272803|-19|-77|CG1272804|-19|-77|CG1272805|-16|-78
646|3|2|600|5|CG1325525|-125|-117|CG1325526|-119|-165|CG1325527|-116|-175|CG1325528|-58|-136|CG1325529|-81|-129
646|3|3|600|12|CG1272765|-36|-77|CG1272766|-40|-82|CG1272766|-40|-82|CG1272767|-37|-84|CG1272767|-37|-84|CG1272768|-38|-80|CG1272769|-36|-77|CG1272770|-39|-80|CG1272770|-39|-80|CG1272771|-37|-81|CG1272771|-37|-81|CG1272772|-39|-80
646|3|4|
646|3|5|1190|17|CG1272757|-46|-72|CG1272757|-46|-72|CG1272758|-51|-67|CG1272758|-51|-67|CG1272758|-51|-67|CG1272758|-51|-67|CG1272759|-31|-72|CG1272759|-31|-72|CG1272760|-18|-84|CG1272761|-27|-85|CG1272761|-27|-85|CG1272762|-25|-85|CG1272762|-25|-85|CG1272763|-21|-82|CG1272763|-21|-82|CG1272764|-20|-80|CG1272764|-20|-80
646|3|6|2689|25|CG1272786|-25|-101|CG1272787|-25|-101|CG1272788|-25|-101|CG1272786|-25|-101|CG1272787|-25|-101|CG1272788|-25|-101|CG1272786|-25|-101|CG1272787|-25|-101|CG1272788|-25|-101|CG1272786|-25|-101|CG1272787|-25|-101|CG1272788|-25|-101|CG1272786|-25|-101|CG1272787|-25|-101|CG1272788|-25|-101|CG1272786|-25|-101|CG1272787|-25|-101|CG1272788|-25|-101|CG1272786|-25|-101|CG1272789|-28|-75|CG1272789|-28|-75|CG1272790|-33|-76|CG1272790|-33|-76|CG1272790|-33|-76|CG1272791|-24|-76
646|3|7|799|12|CG1271915|-17|-76|CG1271915|-17|-76|CG1271916|-18|-74|CG1271916|-18|-74|CG1271916|-18|-74|CG1271917|-19|-74|CG1271918|-23|-76|CG1271919|-27|-76|CG1271919|-27|-76|CG1271919|-27|-76|CG1271920|-24|-77|CG1271920|-24|-77
646|3|8|1000|2|CG1272781|-20|-73|CG1272782|-38|-66
646|3|9|1000|1|CG1272783|-26|-78
646|3|10|986|6|CG1272775|-24|-63|CG1272776|-10|-63|CG1272777|-8|-59|CG1272778|-15|-47|CG1272779|-14|-46|CG1272780|-13|-31
646|4|0|1496|9|CG1272846|-19|-78|CG1272846|-19|-78|CG1272847|-19|-78|CG1272847|-19|-78|CG1272848|-18|-78|CG1272848|-18|-78|CG1272848|-18|-78|CG1272847|-19|-78|CG1272847|-19|-78
646|4|1|1000|6|CG1272851|-19|-78|CG1272852|-18|-78|CG1272853|-20|-79|CG1272854|-24|-78|CG1272855|-23|-78|CG1272856|-20|-78
646|4|2|600|5|CG1325581|-118|-123|CG1325582|-92|-162|CG1325583|-82|-152|CG1325584|-98|-119|CG1325585|-112|-122
646|4|3|600|12|CG1272816|-31|-76|CG1272817|-32|-80|CG1272817|-32|-80|CG1272818|-29|-81|CG1272818|-29|-81|CG1272819|-33|-79|CG1272820|-35|-75|CG1272821|-35|-79|CG1272821|-35|-79|CG1272822|-35|-80|CG1272822|-35|-80|CG1272823|-35|-79
646|4|4|
646|4|5|1190|17|CG1272808|-25|-73|CG1272808|-25|-73|CG1272809|-40|-68|CG1272809|-40|-68|CG1272809|-40|-68|CG1272809|-40|-68|CG1272810|-24|-70|CG1272810|-24|-70|CG1272811|-20|-80|CG1272812|-23|-81|CG1272812|-23|-81|CG1272813|-21|-80|CG1272813|-21|-80|CG1272814|-20|-78|CG1272814|-20|-78|CG1272815|-20|-79|CG1272815|-20|-79
646|4|6|2689|25|CG1272837|-32|-98|CG1272838|-21|-98|CG1272839|-29|-98|CG1272837|-32|-98|CG1272838|-21|-98|CG1272839|-29|-98|CG1272837|-32|-98|CG1272838|-21|-98|CG1272839|-29|-98|CG1272837|-32|-98|CG1272838|-21|-98|CG1272839|-29|-98|CG1272837|-32|-98|CG1272838|-21|-98|CG1272839|-29|-98|CG1272837|-32|-98|CG1272838|-21|-98|CG1272839|-29|-98|CG1272837|-32|-98|CG1272840|-30|-77|CG1272840|-30|-77|CG1272841|-36|-77|CG1272841|-36|-77|CG1272841|-36|-77|CG1272842|-27|-77
646|4|7|799|12|CG1271977|-19|-76|CG1271977|-19|-76|CG1271978|-17|-74|CG1271978|-17|-74|CG1271978|-17|-74|CG1271979|-22|-74|CG1271980|-24|-77|CG1271981|-21|-77|CG1271981|-21|-77|CG1271981|-21|-77|CG1271982|-18|-78|CG1271982|-18|-78
646|4|8|1000|2|CG1272832|-18|-67|CG1272833|-34|-74
646|4|9|1000|1|CG1272834|-26|-79
646|4|10|986|6|CG1272826|-24|-62|CG1272827|-15|-56|CG1272828|-13|-46|CG1272829|-15|-31|CG1272830|-13|-31|CG1272831|-11|-15
646|5|0|1496|9|CG1272897|-23|-79|CG1272897|-23|-79|CG1272898|-23|-79|CG1272898|-23|-79|CG1272899|-23|-79|CG1272899|-23|-79|CG1272899|-23|-79|CG1272898|-23|-79|CG1272898|-23|-79
646|5|1|1000|6|CG1272902|-18|-78|CG1272903|-18|-78|CG1272904|-19|-79|CG1272905|-20|-78|CG1272906|-19|-78|CG1272907|-18|-79
646|5|2|600|5|CG1325637|-87|-102|CG1325638|-101|-134|CG1325639|-81|-118|CG1325640|-146|-102|CG1325641|-132|-115
646|5|3|600|12|CG1272867|-38|-75|CG1272868|-35|-78|CG1272868|-35|-78|CG1272869|-37|-79|CG1272869|-37|-79|CG1272870|-38|-79|CG1272871|-53|-75|CG1272872|-61|-78|CG1272872|-61|-78|CG1272873|-64|-79|CG1272873|-64|-79|CG1272874|-39|-79
646|5|4|
646|5|5|1190|17|CG1272859|-17|-72|CG1272859|-17|-72|CG1272860|-17|-76|CG1272860|-17|-76|CG1272860|-17|-76|CG1272860|-17|-76|CG1272861|-19|-68|CG1272861|-19|-68|CG1272862|-42|-77|CG1272863|-53|-77|CG1272863|-53|-77|CG1272864|-37|-76|CG1272864|-37|-76|CG1272865|-32|-76|CG1272865|-32|-76|CG1272866|-20|-77|CG1272866|-20|-77
646|5|6|2689|25|CG1272888|-30|-92|CG1272889|-23|-92|CG1272890|-28|-92|CG1272888|-30|-92|CG1272889|-23|-92|CG1272890|-28|-92|CG1272888|-30|-92|CG1272889|-23|-92|CG1272890|-28|-92|CG1272888|-30|-92|CG1272889|-23|-92|CG1272890|-28|-92|CG1272888|-30|-92|CG1272889|-23|-92|CG1272890|-28|-92|CG1272888|-30|-92|CG1272889|-23|-92|CG1272890|-28|-92|CG1272888|-30|-92|CG1272891|-29|-77|CG1272891|-29|-77|CG1272892|-27|-78|CG1272892|-27|-78|CG1272892|-27|-78|CG1272893|-22|-78
646|5|7|799|12|CG1272039|-20|-77|CG1272039|-20|-77|CG1272040|-20|-75|CG1272040|-20|-75|CG1272040|-20|-75|CG1272041|-21|-75|CG1272042|-19|-77|CG1272043|-20|-77|CG1272043|-20|-77|CG1272043|-20|-77|CG1272044|-19|-78|CG1272044|-19|-78
646|5|8|1000|2|CG1272883|-24|-62|CG1272884|-22|-82
646|5|9|1000|1|CG1272885|-35|-79
646|5|10|986|6|CG1272877|-32|-60|CG1272878|-31|-49|CG1272879|-46|-34|CG1272880|-50|-23|CG1272881|-42|-14|CG1272882|-36|-13
646|6|0|1496|9|CG1272948|-20|-79|CG1272948|-20|-79|CG1272949|-20|-79|CG1272949|-20|-79|CG1272950|-20|-79|CG1272950|-20|-79|CG1272950|-20|-79|CG1272949|-20|-79|CG1272949|-20|-79
646|6|1|1000|6|CG1272953|-55|-78|CG1272954|-55|-78|CG1272955|-56|-78|CG1272956|-54|-78|CG1272957|-53|-78|CG1272958|-54|-78
646|6|2|600|5|CG1325693|-56|-115|CG1325694|-66|-158|CG1325695|-93|-143|CG1325696|-109|-126|CG1325697|-81|-115
646|6|3|600|12|CG1272918|-41|-75|CG1272919|-35|-78|CG1272919|-35|-78|CG1272920|-37|-80|CG1272920|-37|-80|CG1272921|-47|-79|CG1272922|-64|-76|CG1272923|-58|-80|CG1272923|-58|-80|CG1272924|-61|-81|CG1272924|-61|-81|CG1272925|-65|-79
646|6|4|
646|6|5|1190|17|CG1272910|-19|-72|CG1272910|-19|-72|CG1272911|-19|-72|CG1272911|-19|-72|CG1272911|-19|-72|CG1272911|-19|-72|CG1272912|-37|-68|CG1272912|-37|-68|CG1272913|-55|-75|CG1272914|-89|-75|CG1272914|-89|-75|CG1272915|-71|-84|CG1272915|-71|-84|CG1272916|-55|-85|CG1272916|-55|-85|CG1272917|-51|-78|CG1272917|-51|-78
646|6|6|2689|25|CG1272939|-20|-87|CG1272940|-20|-87|CG1272941|-20|-87|CG1272939|-20|-87|CG1272940|-20|-87|CG1272941|-20|-87|CG1272939|-20|-87|CG1272940|-20|-87|CG1272941|-20|-87|CG1272939|-20|-87|CG1272940|-20|-87|CG1272941|-20|-87|CG1272939|-20|-87|CG1272940|-20|-87|CG1272941|-20|-87|CG1272939|-20|-87|CG1272940|-20|-87|CG1272941|-20|-87|CG1272939|-20|-87|CG1272942|-27|-78|CG1272942|-27|-78|CG1272943|-73|-79|CG1272943|-73|-79|CG1272943|-73|-79|CG1272944|-37|-79
646|6|7|799|12|CG1272101|-20|-78|CG1272101|-20|-78|CG1272102|-22|-78|CG1272102|-22|-78|CG1272102|-22|-78|CG1272103|-20|-76|CG1272104|-20|-77|CG1272105|-41|-77|CG1272105|-41|-77|CG1272105|-41|-77|CG1272106|-32|-78|CG1272106|-32|-78
646|6|8|1000|2|CG1272934|-38|-61|CG1272935|-29|-78
646|6|9|1000|1|CG1272936|-52|-80
646|6|10|986|6|CG1272928|-43|-60|CG1272929|-79|-49|CG1272930|-80|-37|CG1272931|-80|-37|CG1272932|-79|-26|CG1272933|-82|-12
646|7|0|1496|9|CG1272999|-55|-78|CG1272999|-55|-78|CG1273000|-55|-78|CG1273000|-55|-78|CG1273001|-55|-78|CG1273001|-55|-78|CG1273001|-55|-78|CG1273000|-55|-78|CG1273000|-55|-78
646|7|1|1000|6|CG1273004|-63|-77|CG1273005|-64|-77|CG1273006|-61|-78|CG1273007|-58|-77|CG1273008|-58|-77|CG1273009|-61|-78
646|7|2|600|5|CG1325749|-65|-111|CG1325750|-73|-164|CG1325751|-68|-170|CG1325752|-60|-150|CG1325753|-60|-127
646|7|3|600|12|CG1272969|-58|-77|CG1272970|-45|-80|CG1272970|-45|-80|CG1272971|-39|-81|CG1272971|-39|-81|CG1272972|-56|-80|CG1272973|-39|-77|CG1272974|-42|-82|CG1272974|-42|-82|CG1272975|-36|-82|CG1272975|-36|-82|CG1272976|-55|-80
646|7|4|
646|7|5|1190|17|CG1272961|-26|-71|CG1272961|-26|-71|CG1272962|-22|-66|CG1272962|-22|-66|CG1272962|-22|-66|CG1272962|-22|-66|CG1272963|-45|-69|CG1272963|-45|-69|CG1272964|-77|-77|CG1272965|-73|-102|CG1272965|-73|-102|CG1272966|-65|-109|CG1272966|-65|-109|CG1272967|-47|-103|CG1272967|-47|-103|CG1272968|-54|-90|CG1272968|-54|-90
646|7|6|2689|25|CG1272990|-20|-86|CG1272991|-20|-86|CG1272992|-21|-86|CG1272990|-20|-86|CG1272991|-20|-86|CG1272992|-21|-86|CG1272990|-20|-86|CG1272991|-20|-86|CG1272992|-21|-86|CG1272990|-20|-86|CG1272991|-20|-86|CG1272992|-21|-86|CG1272990|-20|-86|CG1272991|-20|-86|CG1272992|-21|-86|CG1272990|-20|-86|CG1272991|-20|-86|CG1272992|-21|-86|CG1272990|-20|-86|CG1272993|-43|-78|CG1272993|-43|-78|CG1272994|-76|-92|CG1272994|-76|-92|CG1272994|-76|-92|CG1272995|-68|-79
646|7|7|799|12|CG1272163|-20|-79|CG1272163|-20|-79|CG1272164|-19|-79|CG1272164|-19|-79|CG1272164|-19|-79|CG1272165|-26|-78|CG1272166|-28|-76|CG1272167|-40|-77|CG1272167|-40|-77|CG1272167|-40|-77|CG1272168|-36|-78|CG1272168|-36|-78
646|7|8|1000|2|CG1272985|-31|-65|CG1272986|-38|-70
646|7|9|1000|1|CG1272987|-40|-80
646|7|10|986|6|CG1272979|-66|-62|CG1272980|-82|-55|CG1272981|-67|-47|CG1272982|-67|-65|CG1272983|-77|-55|CG1272984|-81|-24
