599|0|0|1088|6|CG1252733|-62|-75|CG1252734|-64|-74|CG1252735|-65|-74|CG1252736|-63|-74|CG1252737|-62|-74|CG1252738|-62|-74
599|0|1|1000|6|CG1252741|-38|-71|CG1252742|-34|-71|CG1252743|-29|-71|CG1252744|-27|-70|CG1252745|-25|-71|CG1252746|-31|-72
599|0|2|600|5|CG1325357|-54|-113|CG1325358|-66|-144|CG1325359|-95|-176|CG1325360|-103|-137|CG1325361|-78|-106
599|0|3|986|8|CG1252703|-26|-72|CG1252704|-23|-75|CG1252705|-23|-78|CG1252706|-23|-73|CG1252707|-15|-72|CG1252708|-16|-76|CG1252709|-15|-86|CG1252710|-14|-94
599|0|4|
599|0|5|1496|20|CG1252692|-21|-75|CG1252692|-21|-75|CG1252695|-22|-80|CG1252695|-22|-80|CG1252696|-45|-88|CG1252696|-45|-88|CG1252697|-48|-89|CG1252697|-48|-89|CG1252698|-48|-82|CG1252699|-41|-82|CG1252700|-33|-80|CG1252700|-33|-80|CG1252701|-16|-77|CG1252701|-16|-77|CG1252702|-20|-79|CG1252702|-20|-79|CG1252693|-16|-80|CG1252693|-16|-80|CG1252694|-15|-79|CG1252694|-15|-79
599|0|6|2397|18|CG1252724|-19|-75|CG1252725|-16|-69|CG1252726|-14|-72|CG1252727|-14|-82|CG1252728|-16|-89|CG1252729|-20|-84|CG1252724|-19|-75|CG1252725|-16|-69|CG1252726|-14|-72|CG1252727|-14|-82|CG1252728|-16|-89|CG1252729|-20|-84|CG1252724|-19|-75|CG1252725|-16|-69|CG1252726|-14|-72|CG1252727|-14|-82|CG1252728|-16|-89|CG1252729|-20|-84
599|0|7|1326|16|CG1251234|-15|-75|CG1251234|-15|-75|CG1251236|-17|-76|CG1251237|-16|-77|CG1251238|-20|-80|CG1251238|-20|-80|CG1251239|-29|-84|CG1251239|-29|-84|CG1251240|-36|-82|CG1251240|-36|-82|CG1251241|-25|-79|CG1251241|-25|-79|CG1251242|-15|-74|CG1251242|-15|-74|CG1251243|-16|-74|CG1251243|-16|-74
599|0|8|1000|2|CG1252719|-28|-69|CG1252720|-22|-56
599|0|9|1000|1|CG1252721|-22|-71
599|0|10|1000|6|CG1252713|-15|-87|CG1252714|-21|-93|CG1252715|-25|-92|CG1252716|-25|-91|CG1252717|-27|-63|CG1252718|-22|-51
599|1|0|1088|6|CG1252790|-32|-74|CG1252791|-33|-73|CG1252792|-31|-73|CG1252793|-26|-74|CG1252794|-26|-74|CG1252795|-28|-74
599|1|1|1000|6|CG1252798|-13|-70|CG1252799|-13|-71|CG1252800|-14|-71|CG1252801|-15|-70|CG1252802|-14|-71|CG1252803|-13|-71
599|1|2|600|5|CG1325413|-100|-113|CG1325414|-102|-107|CG1325415|-90|-159|CG1325416|-142|-98|CG1325417|-131|-103
599|1|3|986|8|CG1252760|-26|-73|CG1252761|-22|-75|CG1252762|-23|-77|CG1252763|-18|-73|CG1252764|-28|-73|CG1252765|-17|-75|CG1252766|-18|-77|CG1252767|-21|-76
599|1|4|
599|1|5|1496|20|CG1252749|-16|-76|CG1252749|-16|-76|CG1252752|-16|-82|CG1252752|-16|-82|CG1252753|-38|-89|CG1252753|-38|-89|CG1252754|-39|-90|CG1252754|-39|-90|CG1252755|-66|-87|CG1252756|-23|-80|CG1252757|-18|-79|CG1252757|-18|-79|CG1252758|-18|-77|CG1252758|-18|-77|CG1252759|-35|-79|CG1252759|-35|-79|CG1252750|-12|-78|CG1252750|-12|-78|CG1252751|-12|-75|CG1252751|-12|-75
599|1|6|2397|18|CG1252781|-34|-76|CG1252782|-33|-69|CG1252783|-19|-72|CG1252784|-20|-78|CG1252785|-23|-84|CG1252786|-29|-84|CG1252781|-34|-76|CG1252782|-33|-69|CG1252783|-19|-72|CG1252784|-20|-78|CG1252785|-23|-84|CG1252786|-29|-84|CG1252781|-34|-76|CG1252782|-33|-69|CG1252783|-19|-72|CG1252784|-20|-78|CG1252785|-23|-84|CG1252786|-29|-84
599|1|7|1326|16|CG1251309|-11|-75|CG1251309|-11|-75|CG1251311|-11|-75|CG1251312|-24|-75|CG1251313|-10|-79|CG1251313|-10|-79|CG1251314|-14|-84|CG1251314|-14|-84|CG1251315|-25|-83|CG1251315|-25|-83|CG1251316|-13|-79|CG1251316|-13|-79|CG1251317|-14|-72|CG1251317|-14|-72|CG1251318|-10|-73|CG1251318|-10|-73
599|1|8|1000|2|CG1252776|-12|-71|CG1252777|-17|-42
599|1|9|1000|1|CG1252778|-13|-73
599|1|10|1000|6|CG1252770|-13|-85|CG1252771|-16|-89|CG1252772|-16|-82|CG1252773|-20|-72|CG1252774|-22|-49|CG1252775|-24|-38
599|2|0|1088|6|CG1252847|-12|-73|CG1252848|-12|-72|CG1252849|-12|-72|CG1252850|-13|-72|CG1252851|-13|-72|CG1252852|-13|-72
599|2|1|1000|6|CG1252855|-16|-70|CG1252856|-17|-71|CG1252857|-22|-72|CG1252858|-24|-71|CG1252859|-23|-71|CG1252860|-18|-71
599|2|2|600|5|CG1325469|-119|-113|CG1325470|-90|-142|CG1325471|-82|-174|CG1325472|-99|-116|CG1325473|-109|-103
599|2|3|986|8|CG1252817|-26|-72|CG1252818|-29|-76|CG1252819|-28|-79|CG1252820|-28|-73|CG1252821|-27|-72|CG1252822|-30|-75|CG1252823|-34|-78|CG1252824|-32|-73
599|2|4|
599|2|5|1496|20|CG1252806|-13|-77|CG1252806|-13|-77|CG1252809|-30|-82|CG1252809|-30|-82|CG1252810|-13|-90|CG1252810|-13|-90|CG1252811|-19|-90|CG1252811|-19|-90|CG1252812|-46|-107|CG1252813|-23|-78|CG1252814|-18|-77|CG1252814|-18|-77|CG1252815|-32|-75|CG1252815|-32|-75|CG1252816|-35|-83|CG1252816|-35|-83|CG1252807|-32|-77|CG1252807|-32|-77|CG1252808|-21|-75|CG1252808|-21|-75
599|2|6|2397|18|CG1252838|-48|-71|CG1252839|-52|-70|CG1252840|-42|-73|CG1252841|-35|-74|CG1252842|-37|-72|CG1252843|-41|-78|CG1252838|-48|-71|CG1252839|-52|-70|CG1252840|-42|-73|CG1252841|-35|-74|CG1252842|-37|-72|CG1252843|-41|-78|CG1252838|-48|-71|CG1252839|-52|-70|CG1252840|-42|-73|CG1252841|-35|-74|CG1252842|-37|-72|CG1252843|-41|-78
599|2|7|1326|16|CG1251384|-10|-74|CG1251384|-10|-74|CG1251386|-12|-74|CG1251387|-20|-73|CG1251388|-8|-77|CG1251388|-8|-77|CG1251389|-9|-80|CG1251389|-9|-80|CG1251390|-12|-79|CG1251390|-12|-79|CG1251391|-8|-77|CG1251391|-8|-77|CG1251392|-14|-70|CG1251392|-14|-70|CG1251393|-10|-71|CG1251393|-10|-71
599|2|8|1000|2|CG1252833|-12|-66|CG1252834|-43|-42
599|2|9|1000|1|CG1252835|-30|-71
599|2|10|1000|6|CG1252827|-13|-72|CG1252828|-16|-80|CG1252829|-16|-72|CG1252830|-22|-45|CG1252831|-23|-32|CG1252832|-24|-19
599|3|0|1088|6|CG1252904|-14|-71|CG1252905|-14|-71|CG1252906|-15|-71|CG1252907|-15|-71|CG1252908|-14|-71|CG1252909|-15|-71
599|3|1|1000|6|CG1252912|-34|-71|CG1252913|-35|-72|CG1252914|-37|-73|CG1252915|-37|-72|CG1252916|-38|-72|CG1252917|-38|-72
599|3|2|600|5|CG1325525|-125|-117|CG1325526|-119|-165|CG1325527|-116|-175|CG1325528|-58|-136|CG1325529|-81|-129
599|3|3|986|8|CG1252874|-30|-73|CG1252875|-56|-78|CG1252876|-69|-82|CG1252877|-26|-75|CG1252878|-30|-73|CG1252879|-29|-77|CG1252880|-35|-80|CG1252881|-27|-75
599|3|4|
599|3|5|1496|20|CG1252863|-36|-76|CG1252863|-36|-76|CG1252866|-30|-84|CG1252866|-30|-84|CG1252867|-44|-88|CG1252867|-44|-88|CG1252868|-49|-86|CG1252868|-49|-86|CG1252869|-25|-115|CG1252870|-28|-80|CG1252871|-19|-75|CG1252871|-19|-75|CG1252872|-39|-74|CG1252872|-39|-74|CG1252873|-17|-92|CG1252873|-17|-92|CG1252864|-50|-75|CG1252864|-50|-75|CG1252865|-39|-73|CG1252865|-39|-73
599|3|6|2397|18|CG1252895|-71|-70|CG1252896|-66|-73|CG1252897|-66|-77|CG1252898|-67|-76|CG1252899|-66|-72|CG1252900|-69|-72|CG1252895|-71|-70|CG1252896|-66|-73|CG1252897|-66|-77|CG1252898|-67|-76|CG1252899|-66|-72|CG1252900|-69|-72|CG1252895|-71|-70|CG1252896|-66|-73|CG1252897|-66|-77|CG1252898|-67|-76|CG1252899|-66|-72|CG1252900|-69|-72
599|3|7|1326|16|CG1251459|-26|-71|CG1251459|-26|-71|CG1251461|-16|-72|CG1251462|-15|-72|CG1251463|-14|-74|CG1251463|-14|-74|CG1251464|-9|-74|CG1251464|-9|-74|CG1251465|-9|-73|CG1251465|-9|-73|CG1251466|-10|-72|CG1251466|-10|-72|CG1251467|-14|-68|CG1251467|-14|-68|CG1251468|-15|-69|CG1251468|-15|-69
599|3|8|1000|2|CG1252890|-38|-61|CG1252891|-57|-50
599|3|9|1000|1|CG1252892|-34|-70
599|3|10|1000|6|CG1252884|-26|-64|CG1252885|-18|-71|CG1252886|-17|-68|CG1252887|-16|-33|CG1252888|-16|-22|CG1252889|-19|-19
599|4|0|1088|6|CG1252961|-27|-71|CG1252962|-27|-71|CG1252963|-27|-71|CG1252964|-27|-71|CG1252965|-27|-71|CG1252966|-27|-71
599|4|1|1000|6|CG1252969|-37|-73|CG1252970|-35|-74|CG1252971|-31|-75|CG1252972|-30|-73|CG1252973|-32|-74|CG1252974|-36|-74
599|4|2|600|5|CG1325581|-118|-123|CG1325582|-92|-162|CG1325583|-82|-152|CG1325584|-98|-119|CG1325585|-112|-122
599|4|3|986|8|CG1252931|-47|-73|CG1252932|-84|-80|CG1252933|-84|-85|CG1252934|-73|-76|CG1252935|-47|-73|CG1252936|-38|-79|CG1252937|-33|-83|CG1252938|-34|-76
599|4|4|
599|4|5|1496|20|CG1252920|-43|-74|CG1252920|-43|-74|CG1252923|-26|-91|CG1252923|-26|-91|CG1252924|-56|-76|CG1252924|-56|-76|CG1252925|-50|-90|CG1252925|-50|-90|CG1252926|-24|-108|CG1252927|-33|-84|CG1252928|-49|-74|CG1252928|-49|-74|CG1252929|-52|-72|CG1252929|-52|-72|CG1252930|-44|-92|CG1252930|-44|-92|CG1252921|-40|-73|CG1252921|-40|-73|CG1252922|-35|-73|CG1252922|-35|-73
599|4|6|2397|18|CG1252952|-54|-71|CG1252953|-43|-94|CG1252954|-52|-96|CG1252955|-59|-76|CG1252956|-55|-71|CG1252957|-57|-70|CG1252952|-54|-71|CG1252953|-43|-94|CG1252954|-52|-96|CG1252955|-59|-76|CG1252956|-55|-71|CG1252957|-57|-70|CG1252952|-54|-71|CG1252953|-43|-94|CG1252954|-52|-96|CG1252955|-59|-76|CG1252956|-55|-71|CG1252957|-57|-70
599|4|7|1326|16|CG1251534|-30|-70|CG1251534|-30|-70|CG1251536|-21|-71|CG1251537|-17|-72|CG1251538|-20|-70|CG1251538|-20|-70|CG1251539|-15|-70|CG1251539|-15|-70|CG1251540|-18|-69|CG1251540|-18|-69|CG1251541|-20|-68|CG1251541|-20|-68|CG1251542|-22|-68|CG1251542|-22|-68|CG1251543|-18|-69|CG1251543|-18|-69
599|4|8|1000|2|CG1252947|-44|-58|CG1252948|-49|-63
599|4|9|1000|1|CG1252949|-21|-70
599|4|10|1000|6|CG1252941|-32|-64|CG1252942|-37|-67|CG1252943|-26|-73|CG1252944|-41|-33|CG1252945|-29|-20|CG1252946|-24|-17
599|5|0|1088|6|CG1253018|-28|-72|CG1253019|-28|-72|CG1253020|-27|-72|CG1253021|-26|-72|CG1253022|-26|-72|CG1253023|-28|-72
599|5|1|1000|6|CG1253026|-20|-73|CG1253027|-19|-74|CG1253028|-19|-75|CG1253029|-21|-73|CG1253030|-23|-74|CG1253031|-19|-75
599|5|2|600|5|CG1325637|-87|-102|CG1325638|-101|-134|CG1325639|-81|-118|CG1325640|-146|-102|CG1325641|-132|-115
599|5|3|986|8|CG1252988|-78|-74|CG1252989|-62|-80|CG1252990|-51|-85|CG1252991|-80|-76|CG1252992|-78|-74|CG1252993|-82|-80|CG1252994|-79|-85|CG1252995|-75|-76
599|5|4|
599|5|5|1496|20|CG1252977|-27|-75|CG1252977|-27|-75|CG1252980|-46|-91|CG1252980|-46|-91|CG1252981|-36|-84|CG1252981|-36|-84|CG1252982|-28|-103|CG1252982|-28|-103|CG1252983|-23|-90|CG1252984|-29|-84|CG1252985|-78|-75|CG1252985|-78|-75|CG1252986|-78|-74|CG1252986|-78|-74|CG1252987|-60|-84|CG1252987|-60|-84|CG1252978|-46|-72|CG1252978|-46|-72|CG1252979|-43|-73|CG1252979|-43|-73
599|5|6|2397|18|CG1253009|-15|-82|CG1253010|-22|-101|CG1253011|-27|-106|CG1253012|-30|-89|CG1253013|-29|-73|CG1253014|-18|-77|CG1253009|-15|-82|CG1253010|-22|-101|CG1253011|-27|-106|CG1253012|-30|-89|CG1253013|-29|-73|CG1253014|-18|-77|CG1253009|-15|-82|CG1253010|-22|-101|CG1253011|-27|-106|CG1253012|-30|-89|CG1253013|-29|-73|CG1253014|-18|-77
599|5|7|1326|16|CG1251609|-20|-70|CG1251609|-20|-70|CG1251611|-26|-72|CG1251612|-30|-73|CG1251613|-28|-71|CG1251613|-28|-71|CG1251614|-34|-70|CG1251614|-34|-70|CG1251615|-29|-68|CG1251615|-29|-68|CG1251616|-30|-67|CG1251616|-30|-67|CG1251617|-28|-69|CG1251617|-28|-69|CG1251618|-20|-70|CG1251618|-20|-70
599|5|8|1000|2|CG1253004|-27|-58|CG1253005|-56|-68
599|5|9|1000|1|CG1253006|-42|-69
599|5|10|1000|6|CG1252998|-28|-65|CG1252999|-41|-71|CG1253000|-47|-83|CG1253001|-72|-55|CG1253002|-84|-30|CG1253003|-72|-16
599|6|0|1088|6|CG1253075|-20|-73|CG1253076|-20|-73|CG1253077|-23|-73|CG1253078|-29|-73|CG1253079|-28|-73|CG1253080|-24|-73
599|6|1|1000|6|CG1253083|-52|-73|CG1253084|-54|-74|CG1253085|-56|-74|CG1253086|-56|-73|CG1253087|-56|-74|CG1253088|-54|-75
599|6|2|600|5|CG1325693|-56|-115|CG1325694|-66|-158|CG1325695|-93|-143|CG1325696|-109|-126|CG1325697|-81|-115
599|6|3|986|8|CG1253045|-63|-73|CG1253046|-23|-79|CG1253047|-18|-83|CG1253048|-43|-76|CG1253049|-63|-73|CG1253050|-75|-80|CG1253051|-78|-84|CG1253052|-72|-76
599|6|4|
599|6|5|1496|20|CG1253034|-46|-79|CG1253034|-46|-79|CG1253037|-41|-84|CG1253037|-41|-84|CG1253038|-30|-90|CG1253038|-30|-90|CG1253039|-27|-104|CG1253039|-27|-104|CG1253040|-30|-88|CG1253041|-69|-82|CG1253042|-61|-76|CG1253042|-61|-76|CG1253043|-58|-73|CG1253043|-58|-73|CG1253044|-42|-74|CG1253044|-42|-74|CG1253035|-61|-73|CG1253035|-61|-73|CG1253036|-64|-73|CG1253036|-64|-73
599|6|6|2397|18|CG1253066|-25|-76|CG1253067|-34|-92|CG1253068|-39|-101|CG1253069|-43|-86|CG1253070|-39|-73|CG1253071|-26|-75|CG1253066|-25|-76|CG1253067|-34|-92|CG1253068|-39|-101|CG1253069|-43|-86|CG1253070|-39|-73|CG1253071|-26|-75|CG1253066|-25|-76|CG1253067|-34|-92|CG1253068|-39|-101|CG1253069|-43|-86|CG1253070|-39|-73|CG1253071|-26|-75
599|6|7|1326|16|CG1251684|-22|-72|CG1251684|-22|-72|CG1251686|-21|-73|CG1251687|-36|-76|CG1251688|-31|-74|CG1251688|-31|-74|CG1251689|-45|-74|CG1251689|-45|-74|CG1251690|-37|-73|CG1251690|-37|-73|CG1251691|-30|-70|CG1251691|-30|-70|CG1251692|-28|-71|CG1251692|-28|-71|CG1251693|-25|-72|CG1251693|-25|-72
599|6|8|1000|2|CG1253061|-52|-61|CG1253062|-58|-61
599|6|9|1000|1|CG1253063|-63|-70
599|6|10|1000|6|CG1253055|-50|-67|CG1253056|-29|-80|CG1253057|-48|-93|CG1253058|-60|-81|CG1253059|-85|-47|CG1253060|-93|-27
599|7|0|1088|6|CG1253132|-58|-74|CG1253133|-61|-74|CG1253134|-64|-73|CG1253135|-66|-74|CG1253136|-65|-74|CG1253137|-62|-74
599|7|1|1000|6|CG1253140|-62|-72|CG1253141|-61|-72|CG1253142|-58|-72|CG1253143|-56|-71|CG1253144|-55|-72|CG1253145|-58|-73
599|7|2|600|5|CG1325749|-65|-111|CG1325750|-73|-164|CG1325751|-68|-170|CG1325752|-60|-150|CG1325753|-60|-127
599|7|3|986|8|CG1253102|-18|-73|CG1253103|-30|-77|CG1253104|-27|-80|CG1253105|-22|-75|CG1253106|-18|-73|CG1253107|-30|-78|CG1253108|-36|-84|CG1253109|-31|-93
599|7|4|
599|7|5|1496|20|CG1253091|-46|-73|CG1253091|-46|-73|CG1253094|-34|-76|CG1253094|-34|-76|CG1253095|-30|-85|CG1253095|-30|-85|CG1253096|-31|-93|CG1253096|-31|-93|CG1253097|-35|-83|CG1253098|-75|-83|CG1253099|-32|-78|CG1253099|-32|-78|CG1253100|-27|-75|CG1253100|-27|-75|CG1253101|-21|-80|CG1253101|-21|-80|CG1253092|-41|-76|CG1253092|-41|-76|CG1253093|-48|-75|CG1253093|-48|-75
599|7|6|2397|18|CG1253123|-27|-67|CG1253124|-28|-70|CG1253125|-29|-83|CG1253126|-33|-75|CG1253127|-28|-84|CG1253128|-26|-78|CG1253123|-27|-67|CG1253124|-28|-70|CG1253125|-29|-83|CG1253126|-33|-75|CG1253127|-28|-84|CG1253128|-26|-78|CG1253123|-27|-67|CG1253124|-28|-70|CG1253125|-29|-83|CG1253126|-33|-75|CG1253127|-28|-84|CG1253128|-26|-78
599|7|7|1326|16|CG1251759|-19|-74|CG1251759|-19|-74|CG1251761|-20|-75|CG1251762|-24|-77|CG1251763|-30|-77|CG1251763|-30|-77|CG1251764|-45|-80|CG1251764|-45|-80|CG1251765|-39|-79|CG1251765|-39|-79|CG1251766|-29|-75|CG1251766|-29|-75|CG1251767|-29|-73|CG1251767|-29|-73|CG1251768|-24|-74|CG1251768|-24|-74
599|7|8|1000|2|CG1253118|-55|-65|CG1253119|-33|-54
599|7|9|1000|1|CG1253120|-48|-70
599|7|10|1000|6|CG1253112|-45|-76|CG1253113|-34|-88|CG1253114|-33|-96|CG1253115|-45|-95|CG1253116|-42|-60|CG1253117|-61|-44
