642|0|0|1496|9|CG1270986|-13|-102|CG1270986|-13|-102|CG1270987|-13|-102|CG1270987|-13|-102|CG1270988|-13|-102|CG1270988|-13|-102|CG1270988|-13|-102|CG1270987|-13|-102|CG1270987|-13|-102
642|0|1|1000|6|CG1270991|-49|-76|CG1270992|-54|-77|CG1270993|-57|-77|CG1270994|-58|-79|CG1270995|-57|-78|CG1270996|-55|-77
642|0|2|600|5|CG1325357|-54|-113|CG1325358|-66|-144|CG1325359|-95|-176|CG1325360|-103|-137|CG1325361|-78|-106
642|0|3|600|12|CG1270956|-31|-78|CG1270957|-26|-82|CG1270957|-26|-82|CG1270958|-27|-82|CG1270958|-27|-82|CG1270959|-29|-81|CG1270960|-29|-78|CG1270961|-25|-83|CG1270961|-25|-83|CG1270962|-27|-83|CG1270962|-27|-83|CG1270963|-31|-81
642|0|4|
642|0|5|1000|9|CG1270948|-28|-72|CG1270949|-21|-67|CG1270949|-21|-67|CG1270950|-32|-72|CG1270951|-87|-94|CG1270952|-40|-146|CG1270953|-44|-156|CG1270954|-26|-146|CG1270955|-39|-136
642|0|6|2689|24|CG1270977|-37|-78|CG1270978|-37|-78|CG1270979|-37|-78|CG1270977|-37|-78|CG1270978|-37|-78|CG1270979|-37|-78|CG1270977|-37|-78|CG1270978|-37|-78|CG1270979|-37|-78|CG1270977|-37|-78|CG1270978|-37|-78|CG1270979|-37|-78|CG1270977|-37|-78|CG1270978|-37|-78|CG1270979|-37|-78|CG1270977|-37|-78|CG1270978|-37|-78|CG1270979|-37|-78|CG1270977|-37|-78|CG1270980|-45|-78|CG1270980|-45|-78|CG1270981|-39|-111|CG1270982|-29|-105|CG1270982|-29|-105
642|0|7|799|12|CG1271729|-23|-78|CG1271729|-23|-78|CG1271730|-16|-79|CG1271730|-16|-79|CG1271730|-16|-79|CG1271731|-21|-78|CG1271732|-27|-76|CG1271733|-20|-76|CG1271733|-20|-76|CG1271733|-20|-76|CG1271734|-21|-77|CG1271734|-21|-77
642|0|8|1000|2|CG1270972|-48|-70|CG1270973|-26|-62
642|0|9|1000|1|CG1270974|-62|-84
642|0|10|986|6|CG1270966|-48|-63|CG1270967|-52|-65|CG1270968|-51|-67|CG1270969|-65|-74|CG1270970|-67|-65|CG1270971|-68|-46
642|1|0|1496|9|CG1271037|-17|-99|CG1271037|-17|-99|CG1271038|-18|-99|CG1271038|-18|-99|CG1271039|-18|-98|CG1271039|-18|-98|CG1271039|-18|-98|CG1271038|-18|-99|CG1271038|-18|-99
642|1|1|1000|6|CG1271042|-64|-90|CG1271043|-65|-92|CG1271044|-65|-93|CG1271045|-63|-98|CG1271046|-64|-97|CG1271047|-64|-96
642|1|2|600|5|CG1325413|-100|-113|CG1325414|-102|-107|CG1325415|-90|-159|CG1325416|-142|-98|CG1325417|-131|-103
642|1|3|600|12|CG1271007|-70|-79|CG1271008|-66|-83|CG1271008|-66|-83|CG1271009|-67|-83|CG1271009|-67|-83|CG1271010|-69|-82|CG1271011|-69|-79|CG1271012|-67|-84|CG1271012|-67|-84|CG1271013|-68|-84|CG1271013|-68|-84|CG1271014|-71|-82
642|1|4|
642|1|5|1000|9|CG1270999|-39|-72|CG1271000|-28|-67|CG1271000|-28|-67|CG1271001|-61|-74|CG1271002|-35|-108|CG1271003|-36|-139|CG1271004|-33|-156|CG1271005|-27|-142|CG1271006|-19|-139
642|1|6|2689|24|CG1271028|-32|-82|CG1271029|-32|-82|CG1271030|-32|-82|CG1271028|-32|-82|CG1271029|-32|-82|CG1271030|-32|-82|CG1271028|-32|-82|CG1271029|-32|-82|CG1271030|-32|-82|CG1271028|-32|-82|CG1271029|-32|-82|CG1271030|-32|-82|CG1271028|-32|-82|CG1271029|-32|-82|CG1271030|-32|-82|CG1271028|-32|-82|CG1271029|-32|-82|CG1271030|-32|-82|CG1271028|-32|-82|CG1271031|-54|-76|CG1271031|-54|-76|CG1271032|-14|-112|CG1271033|-14|-104|CG1271033|-14|-104
642|1|7|799|12|CG1271791|-17|-77|CG1271791|-17|-77|CG1271792|-20|-78|CG1271792|-20|-78|CG1271792|-20|-78|CG1271793|-16|-77|CG1271794|-20|-75|CG1271795|-17|-76|CG1271795|-17|-76|CG1271795|-17|-76|CG1271796|-17|-77|CG1271796|-17|-77
642|1|8|1000|2|CG1271023|-72|-75|CG1271024|-58|-60
642|1|9|1000|1|CG1271025|-44|-79
642|1|10|986|6|CG1271017|-30|-69|CG1271018|-25|-70|CG1271019|-32|-66|CG1271020|-34|-69|CG1271021|-36|-60|CG1271022|-37|-57
642|2|0|1496|9|CG1271088|-22|-87|CG1271088|-22|-87|CG1271089|-22|-87|CG1271089|-22|-87|CG1271090|-22|-86|CG1271090|-22|-86|CG1271090|-22|-86|CG1271089|-22|-87|CG1271089|-22|-87
642|2|1|1000|6|CG1271093|-50|-105|CG1271094|-45|-107|CG1271095|-42|-107|CG1271096|-34|-110|CG1271097|-37|-109|CG1271098|-41|-110
642|2|2|600|5|CG1325469|-119|-113|CG1325470|-90|-142|CG1325471|-82|-174|CG1325472|-99|-116|CG1325473|-109|-103
642|2|3|600|12|CG1271058|-76|-80|CG1271059|-75|-84|CG1271059|-75|-84|CG1271060|-76|-84|CG1271060|-76|-84|CG1271061|-76|-82|CG1271062|-76|-79|CG1271063|-77|-84|CG1271063|-77|-84|CG1271064|-77|-84|CG1271064|-77|-84|CG1271065|-76|-82
642|2|4|
642|2|5|1000|9|CG1271050|-74|-73|CG1271051|-57|-68|CG1271051|-57|-68|CG1271052|-64|-74|CG1271053|-15|-96|CG1271054|-22|-108|CG1271055|-20|-136|CG1271056|-17|-125|CG1271057|-19|-126
642|2|6|2689|24|CG1271079|-28|-90|CG1271080|-28|-90|CG1271081|-28|-90|CG1271079|-28|-90|CG1271080|-28|-90|CG1271081|-28|-90|CG1271079|-28|-90|CG1271080|-28|-90|CG1271081|-28|-90|CG1271079|-28|-90|CG1271080|-28|-90|CG1271081|-28|-90|CG1271079|-28|-90|CG1271080|-28|-90|CG1271081|-28|-90|CG1271079|-28|-90|CG1271080|-28|-90|CG1271081|-28|-90|CG1271079|-28|-90|CG1271082|-42|-88|CG1271082|-42|-88|CG1271083|-25|-96|CG1271084|-25|-93|CG1271084|-25|-93
642|2|7|799|12|CG1271853|-22|-76|CG1271853|-22|-76|CG1271854|-23|-76|CG1271854|-23|-76|CG1271854|-23|-76|CG1271855|-23|-75|CG1271856|-25|-76|CG1271857|-28|-76|CG1271857|-28|-76|CG1271857|-28|-76|CG1271858|-25|-77|CG1271858|-25|-77
642|2|8|1000|2|CG1271074|-66|-75|CG1271075|-66|-58
642|2|9|1000|1|CG1271076|-22|-79
642|2|10|986|6|CG1271068|-25|-65|CG1271069|-15|-70|CG1271070|-19|-68|CG1271071|-19|-62|CG1271072|-19|-57|CG1271073|-16|-49
642|3|0|1496|9|CG1271139|-18|-78|CG1271139|-18|-78|CG1271140|-17|-78|CG1271140|-17|-78|CG1271141|-16|-78|CG1271141|-16|-78|CG1271141|-16|-78|CG1271140|-17|-78|CG1271140|-17|-78
642|3|1|1000|6|CG1271144|-19|-110|CG1271145|-18|-109|CG1271146|-17|-108|CG1271147|-18|-108|CG1271148|-18|-108|CG1271149|-15|-110
642|3|2|600|5|CG1325525|-125|-117|CG1325526|-119|-165|CG1325527|-116|-175|CG1325528|-58|-136|CG1325529|-81|-129
642|3|3|600|12|CG1271109|-50|-78|CG1271110|-54|-83|CG1271110|-54|-83|CG1271111|-54|-83|CG1271111|-54|-83|CG1271112|-52|-81|CG1271113|-53|-77|CG1271114|-56|-82|CG1271114|-56|-82|CG1271115|-54|-82|CG1271115|-54|-82|CG1271116|-51|-81
642|3|4|
642|3|5|1000|9|CG1271101|-75|-77|CG1271102|-78|-68|CG1271102|-78|-68|CG1271103|-42|-73|CG1271104|-18|-85|CG1271105|-27|-86|CG1271106|-25|-103|CG1271107|-21|-102|CG1271108|-20|-103
642|3|6|2689|24|CG1271130|-25|-91|CG1271131|-25|-91|CG1271132|-25|-91|CG1271130|-25|-91|CG1271131|-25|-91|CG1271132|-25|-91|CG1271130|-25|-91|CG1271131|-25|-91|CG1271132|-25|-91|CG1271130|-25|-91|CG1271131|-25|-91|CG1271132|-25|-91|CG1271130|-25|-91|CG1271131|-25|-91|CG1271132|-25|-91|CG1271130|-25|-91|CG1271131|-25|-91|CG1271132|-25|-91|CG1271130|-25|-91|CG1271133|-27|-94|CG1271133|-27|-94|CG1271134|-33|-76|CG1271135|-24|-78|CG1271135|-24|-78
642|3|7|799|12|CG1271915|-17|-76|CG1271915|-17|-76|CG1271916|-18|-74|CG1271916|-18|-74|CG1271916|-18|-74|CG1271917|-19|-74|CG1271918|-23|-76|CG1271919|-27|-76|CG1271919|-27|-76|CG1271919|-27|-76|CG1271920|-24|-77|CG1271920|-24|-77
642|3|8|1000|2|CG1271125|-26|-73|CG1271126|-49|-66
642|3|9|1000|1|CG1271127|-26|-78
642|3|10|986|6|CG1271119|-24|-63|CG1271120|-21|-63|CG1271121|-29|-59|CG1271122|-20|-47|CG1271123|-17|-46|CG1271124|-13|-31
642|4|0|1496|9|CG1271190|-19|-78|CG1271190|-19|-78|CG1271191|-19|-78|CG1271191|-19|-78|CG1271192|-18|-78|CG1271192|-18|-78|CG1271192|-18|-78|CG1271191|-19|-78|CG1271191|-19|-78
642|4|1|1000|6|CG1271195|-17|-100|CG1271196|-16|-98|CG1271197|-16|-95|CG1271198|-16|-93|CG1271199|-16|-95|CG1271200|-16|-99
642|4|2|600|5|CG1325581|-118|-123|CG1325582|-92|-162|CG1325583|-82|-152|CG1325584|-98|-119|CG1325585|-112|-122
642|4|3|600|12|CG1271160|-28|-76|CG1271161|-32|-81|CG1271161|-32|-81|CG1271162|-29|-81|CG1271162|-29|-81|CG1271163|-30|-80|CG1271164|-29|-76|CG1271165|-26|-79|CG1271165|-26|-79|CG1271166|-28|-80|CG1271166|-28|-80|CG1271167|-30|-80
642|4|4|
642|4|5|1000|9|CG1271152|-43|-96|CG1271153|-67|-94|CG1271153|-67|-94|CG1271154|-23|-71|CG1271155|-20|-81|CG1271156|-23|-81|CG1271157|-21|-80|CG1271158|-19|-88|CG1271159|-20|-82
642|4|6|2689|24|CG1271181|-32|-86|CG1271182|-21|-86|CG1271183|-29|-86|CG1271181|-32|-86|CG1271182|-21|-86|CG1271183|-29|-86|CG1271181|-32|-86|CG1271182|-21|-86|CG1271183|-29|-86|CG1271181|-32|-86|CG1271182|-21|-86|CG1271183|-29|-86|CG1271181|-32|-86|CG1271182|-21|-86|CG1271183|-29|-86|CG1271181|-32|-86|CG1271182|-21|-86|CG1271183|-29|-86|CG1271181|-32|-86|CG1271184|-30|-92|CG1271184|-30|-92|CG1271185|-36|-77|CG1271186|-27|-77|CG1271186|-27|-77
642|4|7|799|12|CG1271977|-19|-76|CG1271977|-19|-76|CG1271978|-17|-74|CG1271978|-17|-74|CG1271978|-17|-74|CG1271979|-22|-74|CG1271980|-24|-77|CG1271981|-21|-77|CG1271981|-21|-77|CG1271981|-21|-77|CG1271982|-18|-78|CG1271982|-18|-78
642|4|8|1000|2|CG1271176|-18|-67|CG1271177|-34|-74
642|4|9|1000|1|CG1271178|-26|-79
642|4|10|986|6|CG1271170|-41|-62|CG1271171|-36|-56|CG1271172|-24|-46|CG1271173|-15|-37|CG1271174|-13|-31|CG1271175|-11|-27
642|5|0|1496|9|CG1271241|-29|-79|CG1271241|-29|-79|CG1271242|-30|-79|CG1271242|-30|-79|CG1271243|-30|-79|CG1271243|-30|-79|CG1271243|-30|-79|CG1271242|-30|-79|CG1271242|-30|-79
642|5|1|1000|6|CG1271246|-20|-81|CG1271247|-22|-78|CG1271248|-24|-79|CG1271249|-25|-78|CG1271250|-24|-78|CG1271251|-22|-79
642|5|2|600|5|CG1325637|-87|-102|CG1325638|-101|-134|CG1325639|-81|-118|CG1325640|-146|-102|CG1325641|-132|-115
642|5|3|600|12|CG1271211|-16|-75|CG1271212|-19|-79|CG1271212|-19|-79|CG1271213|-20|-79|CG1271213|-20|-79|CG1271214|-17|-80|CG1271215|-17|-75|CG1271216|-16|-78|CG1271216|-16|-78|CG1271217|-16|-79|CG1271217|-16|-79|CG1271218|-17|-80
642|5|4|
642|5|5|1000|9|CG1271203|-16|-97|CG1271204|-26|-105|CG1271204|-26|-105|CG1271205|-18|-69|CG1271206|-37|-77|CG1271207|-77|-77|CG1271208|-56|-77|CG1271209|-54|-92|CG1271210|-26|-78
642|5|6|2689|24|CG1271232|-30|-79|CG1271233|-23|-79|CG1271234|-28|-79|CG1271232|-30|-79|CG1271233|-23|-79|CG1271234|-28|-79|CG1271232|-30|-79|CG1271233|-23|-79|CG1271234|-28|-79|CG1271232|-30|-79|CG1271233|-23|-79|CG1271234|-28|-79|CG1271232|-30|-79|CG1271233|-23|-79|CG1271234|-28|-79|CG1271232|-30|-79|CG1271233|-23|-79|CG1271234|-28|-79|CG1271232|-30|-79|CG1271235|-29|-80|CG1271235|-29|-80|CG1271236|-28|-78|CG1271237|-24|-78|CG1271237|-24|-78
642|5|7|799|12|CG1272039|-20|-77|CG1272039|-20|-77|CG1272040|-20|-75|CG1272040|-20|-75|CG1272040|-20|-75|CG1272041|-21|-75|CG1272042|-19|-77|CG1272043|-20|-77|CG1272043|-20|-77|CG1272043|-20|-77|CG1272044|-19|-78|CG1272044|-19|-78
642|5|8|1000|2|CG1271227|-24|-62|CG1271228|-22|-82
642|5|9|1000|1|CG1271229|-58|-79
642|5|10|986|6|CG1271221|-46|-60|CG1271222|-50|-49|CG1271223|-58|-48|CG1271224|-45|-37|CG1271225|-47|-24|CG1271226|-47|-25
642|6|0|1496|9|CG1271292|-50|-87|CG1271292|-50|-87|CG1271293|-50|-87|CG1271293|-50|-87|CG1271294|-50|-87|CG1271294|-50|-87|CG1271294|-50|-87|CG1271293|-50|-87|CG1271293|-50|-87
642|6|1|1000|6|CG1271297|-30|-78|CG1271298|-30|-78|CG1271299|-30|-78|CG1271300|-29|-78|CG1271301|-29|-78|CG1271302|-29|-78
642|6|2|600|5|CG1325693|-56|-115|CG1325694|-66|-158|CG1325695|-93|-143|CG1325696|-109|-126|CG1325697|-81|-115
642|6|3|600|12|CG1271262|-23|-75|CG1271263|-23|-79|CG1271263|-23|-79|CG1271264|-23|-79|CG1271264|-23|-79|CG1271265|-23|-79|CG1271266|-22|-76|CG1271267|-21|-78|CG1271267|-21|-78|CG1271268|-22|-79|CG1271268|-22|-79|CG1271269|-23|-79
642|6|4|
642|6|5|1000|9|CG1271254|-19|-83|CG1271255|-19|-98|CG1271255|-19|-98|CG1271256|-28|-69|CG1271257|-77|-75|CG1271258|-116|-90|CG1271259|-92|-106|CG1271260|-79|-112|CG1271261|-76|-93
642|6|6|2689|24|CG1271283|-32|-78|CG1271284|-32|-78|CG1271285|-32|-78|CG1271283|-32|-78|CG1271284|-32|-78|CG1271285|-32|-78|CG1271283|-32|-78|CG1271284|-32|-78|CG1271285|-32|-78|CG1271283|-32|-78|CG1271284|-32|-78|CG1271285|-32|-78|CG1271283|-32|-78|CG1271284|-32|-78|CG1271285|-32|-78|CG1271283|-32|-78|CG1271284|-32|-78|CG1271285|-32|-78|CG1271283|-32|-78|CG1271286|-40|-78|CG1271286|-40|-78|CG1271287|-76|-79|CG1271288|-58|-79|CG1271288|-58|-79
642|6|7|799|12|CG1272101|-20|-78|CG1272101|-20|-78|CG1272102|-22|-78|CG1272102|-22|-78|CG1272102|-22|-78|CG1272103|-20|-76|CG1272104|-20|-77|CG1272105|-41|-77|CG1272105|-41|-77|CG1272105|-41|-77|CG1272106|-32|-78|CG1272106|-32|-78
642|6|8|1000|2|CG1271278|-30|-61|CG1271279|-29|-78
642|6|9|1000|1|CG1271280|-68|-80
642|6|10|986|6|CG1271272|-60|-60|CG1271273|-83|-49|CG1271274|-76|-46|CG1271275|-76|-38|CG1271276|-76|-28|CG1271277|-77|-20
642|7|0|1496|9|CG1271343|-42|-95|CG1271343|-42|-95|CG1271344|-41|-95|CG1271344|-41|-95|CG1271345|-41|-96|CG1271345|-41|-96|CG1271345|-41|-96|CG1271344|-41|-95|CG1271344|-41|-95
642|7|1|1000|6|CG1271348|-25|-77|CG1271349|-25|-77|CG1271350|-29|-78|CG1271351|-34|-77|CG1271352|-32|-77|CG1271353|-28|-78
642|7|2|600|5|CG1325749|-65|-111|CG1325750|-73|-164|CG1325751|-68|-170|CG1325752|-60|-150|CG1325753|-60|-127
642|7|3|600|12|CG1271313|-32|-76|CG1271314|-32|-80|CG1271314|-32|-80|CG1271315|-32|-80|CG1271315|-32|-80|CG1271316|-32|-79|CG1271317|-32|-77|CG1271318|-30|-80|CG1271318|-30|-80|CG1271319|-31|-81|CG1271319|-31|-81|CG1271320|-32|-80
642|7|4|
642|7|5|1000|9|CG1271305|-21|-72|CG1271306|-21|-77|CG1271306|-21|-77|CG1271307|-38|-70|CG1271308|-109|-77|CG1271309|-101|-128|CG1271310|-86|-138|CG1271311|-59|-133|CG1271312|-79|-117
642|7|6|2689|24|CG1271334|-40|-79|CG1271335|-40|-79|CG1271336|-40|-79|CG1271334|-40|-79|CG1271335|-40|-79|CG1271336|-40|-79|CG1271334|-40|-79|CG1271335|-40|-79|CG1271336|-40|-79|CG1271334|-40|-79|CG1271335|-40|-79|CG1271336|-40|-79|CG1271334|-40|-79|CG1271335|-40|-79|CG1271336|-40|-79|CG1271334|-40|-79|CG1271335|-40|-79|CG1271336|-40|-79|CG1271334|-40|-79|CG1271337|-39|-78|CG1271337|-39|-78|CG1271338|-78|-93|CG1271339|-60|-95|CG1271339|-60|-95
642|7|7|799|12|CG1272163|-20|-79|CG1272163|-20|-79|CG1272164|-19|-79|CG1272164|-19|-79|CG1272164|-19|-79|CG1272165|-26|-78|CG1272166|-28|-76|CG1272167|-40|-77|CG1272167|-40|-77|CG1272167|-40|-77|CG1272168|-36|-78|CG1272168|-36|-78
642|7|8|1000|2|CG1271329|-28|-65|CG1271330|-36|-70
642|7|9|1000|1|CG1271331|-56|-80
642|7|10|986|6|CG1271323|-68|-62|CG1271324|-77|-55|CG1271325|-62|-59|CG1271326|-71|-61|CG1271327|-77|-52|CG1271328|-81|-29
