684|0|0|4182|24|CG1288945|-18|-76|CG1288946|-19|-76|CG1288945|-18|-76|CG1288946|-19|-76|CG1288945|-18|-76|CG1288946|-19|-76|CG1288947|-18|-75|CG1288944|-19|-75|CG1288947|-18|-75|CG1288944|-19|-75|CG1288947|-18|-75|CG1288944|-19|-75|CG1288947|-18|-75|CG1288944|-19|-75|CG1288947|-18|-75|CG1288944|-19|-75|CG1288945|-18|-76|CG1288946|-19|-76|CG1288947|-18|-75|CG1288944|-19|-75|CG1288947|-18|-75|CG1288944|-19|-75|CG1288947|-18|-75|CG1288944|-19|-75
684|0|1|697|6|CG1288950|-30|-79|CG1288951|-26|-80|CG1288952|-23|-81|CG1288953|-24|-79|CG1288954|-23|-80|CG1288955|-26|-82
684|0|2|600|5|CG1325357|-54|-113|CG1325358|-66|-144|CG1325359|-95|-176|CG1325360|-103|-137|CG1325361|-78|-106
684|0|3|425|6|CG1288916|-31|-81|CG1288917|-31|-80|CG1288918|-32|-82|CG1288919|-33|-80|CG1288920|-32|-80|CG1288921|-31|-82
684|0|4|
684|0|5|1000|7|CG1288909|-30|-66|CG1288910|-34|-56|CG1288911|-82|-82|CG1288912|-79|-82|CG1288913|-67|-85|CG1288914|-51|-91|CG1288915|-34|-72
684|0|6|1190|16|CG1288935|-18|-72|CG1288935|-18|-72|CG1288936|-23|-67|CG1288936|-23|-67|CG1288936|-23|-67|CG1288937|-15|-75|CG1288937|-15|-75|CG1288937|-15|-75|CG1288937|-15|-75|CG1288938|-32|-66|CG1288938|-32|-66|CG1288938|-32|-66|CG1288939|-33|-65|CG1288939|-33|-65|CG1288940|-26|-66|CG1288940|-26|-66
684|0|7|697|7|CG1289708|-26|-69|CG1289709|-21|-70|CG1289710|-19|-75|CG1289710|-19|-75|CG1289711|-27|-69|CG1289712|-42|-68|CG1289713|-38|-68
684|0|8|1000|2|CG1288930|-39|-70|CG1288931|-21|-51
684|0|9|1000|1|CG1288932|-24|-72
684|0|10|1088|13|CG1288924|-15|-71|CG1288924|-15|-71|CG1288925|-21|-55|CG1288925|-21|-55|CG1288925|-21|-55|CG1288926|-26|-69|CG1288926|-26|-69|CG1288927|-45|-56|CG1288927|-45|-56|CG1288928|-47|-55|CG1288928|-47|-55|CG1288929|-52|-46|CG1288929|-52|-46
684|1|0|4182|24|CG1288995|-30|-74|CG1288996|-30|-74|CG1288995|-30|-74|CG1288996|-30|-74|CG1288995|-30|-74|CG1288996|-30|-74|CG1288997|-30|-74|CG1288994|-30|-74|CG1288997|-30|-74|CG1288994|-30|-74|CG1288997|-30|-74|CG1288994|-30|-74|CG1288997|-30|-74|CG1288994|-30|-74|CG1288997|-30|-74|CG1288994|-30|-74|CG1288995|-30|-74|CG1288996|-30|-74|CG1288997|-30|-74|CG1288994|-30|-74|CG1288997|-30|-74|CG1288994|-30|-74|CG1288997|-30|-74|CG1288994|-30|-74
684|1|1|697|6|CG1289000|-31|-79|CG1289001|-31|-79|CG1289002|-29|-81|CG1289003|-26|-79|CG1289004|-27|-80|CG1289005|-30|-81
684|1|2|600|5|CG1325413|-100|-113|CG1325414|-102|-107|CG1325415|-90|-159|CG1325416|-142|-98|CG1325417|-131|-103
684|1|3|425|6|CG1288966|-24|-84|CG1288967|-24|-82|CG1288968|-24|-83|CG1288969|-23|-82|CG1288970|-24|-82|CG1288971|-24|-84
684|1|4|
684|1|5|1000|7|CG1288959|-30|-72|CG1288960|-57|-66|CG1288961|-33|-86|CG1288962|-28|-88|CG1288963|-21|-90|CG1288964|-22|-95|CG1288965|-26|-74
684|1|6|1190|16|CG1288985|-30|-71|CG1288985|-30|-71|CG1288986|-30|-66|CG1288986|-30|-66|CG1288986|-30|-66|CG1288987|-28|-68|CG1288987|-28|-68|CG1288987|-28|-68|CG1288987|-28|-68|CG1288988|-38|-70|CG1288988|-38|-70|CG1288988|-38|-70|CG1288989|-36|-68|CG1288989|-36|-68|CG1288990|-38|-65|CG1288990|-38|-65
684|1|7|697|7|CG1289773|-16|-69|CG1289774|-11|-65|CG1289775|-13|-74|CG1289775|-13|-74|CG1289776|-15|-69|CG1289777|-26|-69|CG1289778|-27|-69
684|1|8|1000|2|CG1288980|-23|-78|CG1288981|-31|-50
684|1|9|1000|1|CG1288982|-24|-71
684|1|10|1088|13|CG1288974|-33|-68|CG1288974|-33|-68|CG1288975|-31|-50|CG1288975|-31|-50|CG1288975|-31|-50|CG1288976|-31|-70|CG1288976|-31|-70|CG1288977|-31|-63|CG1288977|-31|-63|CG1288978|-32|-63|CG1288978|-32|-63|CG1288979|-30|-56|CG1288979|-30|-56
684|2|0|4182|24|CG1289045|-30|-75|CG1289046|-30|-75|CG1289045|-30|-75|CG1289046|-30|-75|CG1289045|-30|-75|CG1289046|-30|-75|CG1289047|-30|-76|CG1289044|-30|-76|CG1289047|-30|-76|CG1289044|-30|-76|CG1289047|-30|-76|CG1289044|-30|-76|CG1289047|-30|-76|CG1289044|-30|-76|CG1289047|-30|-76|CG1289044|-30|-76|CG1289045|-30|-75|CG1289046|-30|-75|CG1289047|-30|-76|CG1289044|-30|-76|CG1289047|-30|-76|CG1289044|-30|-76|CG1289047|-30|-76|CG1289044|-30|-76
684|2|1|697|6|CG1289050|-32|-78|CG1289051|-32|-79|CG1289052|-33|-82|CG1289053|-34|-80|CG1289054|-34|-80|CG1289055|-32|-81
684|2|2|600|5|CG1325469|-119|-113|CG1325470|-90|-142|CG1325471|-82|-174|CG1325472|-99|-116|CG1325473|-109|-103
684|2|3|425|6|CG1289016|-29|-82|CG1289017|-29|-81|CG1289018|-29|-83|CG1289019|-29|-83|CG1289020|-29|-82|CG1289021|-29|-83
684|2|4|
684|2|5|1000|7|CG1289009|-45|-76|CG1289010|-67|-74|CG1289011|-5|-79|CG1289012|-5|-81|CG1289013|-5|-86|CG1289014|-8|-85|CG1289015|-23|-74
684|2|6|1190|16|CG1289035|-33|-71|CG1289035|-33|-71|CG1289036|-38|-68|CG1289036|-38|-68|CG1289036|-38|-68|CG1289037|-43|-66|CG1289037|-43|-66|CG1289037|-43|-66|CG1289037|-43|-66|CG1289038|-34|-65|CG1289038|-34|-65|CG1289038|-34|-65|CG1289039|-34|-64|CG1289039|-34|-64|CG1289040|-30|-62|CG1289040|-30|-62
684|2|7|697|7|CG1289838|-16|-68|CG1289839|-18|-65|CG1289840|-19|-73|CG1289840|-19|-73|CG1289841|-14|-69|CG1289842|-14|-68|CG1289843|-15|-68
684|2|8|1000|2|CG1289030|-38|-75|CG1289031|-38|-55
684|2|9|1000|1|CG1289032|-20|-72
684|2|10|1088|13|CG1289024|-44|-68|CG1289024|-44|-68|CG1289025|-39|-52|CG1289025|-39|-52|CG1289025|-39|-52|CG1289026|-35|-66|CG1289026|-35|-66|CG1289027|-31|-54|CG1289027|-31|-54|CG1289028|-30|-56|CG1289028|-30|-56|CG1289029|-31|-47|CG1289029|-31|-47
684|3|0|4182|24|CG1289095|-21|-80|CG1289096|-21|-80|CG1289095|-21|-80|CG1289096|-21|-80|CG1289095|-21|-80|CG1289096|-21|-80|CG1289097|-21|-80|CG1289094|-21|-80|CG1289097|-21|-80|CG1289094|-21|-80|CG1289097|-21|-80|CG1289094|-21|-80|CG1289097|-21|-80|CG1289094|-21|-80|CG1289097|-21|-80|CG1289094|-21|-80|CG1289095|-21|-80|CG1289096|-21|-80|CG1289097|-21|-80|CG1289094|-21|-80|CG1289097|-21|-80|CG1289094|-21|-80|CG1289097|-21|-80|CG1289094|-21|-80
684|3|1|697|6|CG1289100|-24|-77|CG1289101|-24|-79|CG1289102|-25|-82|CG1289103|-28|-79|CG1289104|-26|-80|CG1289105|-24|-81
684|3|2|600|5|CG1325525|-125|-117|CG1325526|-119|-165|CG1325527|-116|-175|CG1325528|-58|-136|CG1325529|-81|-129
684|3|3|425|6|CG1289066|-25|-77|CG1289067|-26|-77|CG1289068|-26|-80|CG1289069|-26|-79|CG1289070|-26|-78|CG1289071|-26|-79
684|3|4|
684|3|5|1000|7|CG1289059|-47|-80|CG1289060|-41|-77|CG1289061|4|-64|CG1289062|4|-63|CG1289063|2|-75|CG1289064|1|-81|CG1289065|-50|-76
684|3|6|1190|16|CG1289085|-24|-76|CG1289085|-24|-76|CG1289086|-33|-72|CG1289086|-33|-72|CG1289086|-33|-72|CG1289087|-50|-74|CG1289087|-50|-74|CG1289087|-50|-74|CG1289087|-50|-74|CG1289088|-32|-54|CG1289088|-32|-54|CG1289088|-32|-54|CG1289089|-30|-53|CG1289089|-30|-53|CG1289090|-19|-58|CG1289090|-19|-58
684|3|7|697|7|CG1289903|-19|-74|CG1289904|-26|-70|CG1289905|-24|-72|CG1289905|-24|-72|CG1289906|-19|-72|CG1289907|-19|-72|CG1289908|-19|-73
684|3|8|1000|2|CG1289080|-36|-62|CG1289081|-46|-64
684|3|9|1000|1|CG1289082|-21|-74
684|3|10|1088|13|CG1289074|-39|-71|CG1289074|-39|-71|CG1289075|-51|-62|CG1289075|-51|-62|CG1289075|-51|-62|CG1289076|-25|-61|CG1289076|-25|-61|CG1289077|-27|-35|CG1289077|-27|-35|CG1289078|-21|-46|CG1289078|-21|-46|CG1289079|-27|-34|CG1289079|-27|-34
684|4|0|4182|24|CG1289145|-18|-84|CG1289146|-18|-84|CG1289145|-18|-84|CG1289146|-18|-84|CG1289145|-18|-84|CG1289146|-18|-84|CG1289147|-18|-84|CG1289144|-18|-85|CG1289147|-18|-84|CG1289144|-18|-85|CG1289147|-18|-84|CG1289144|-18|-85|CG1289147|-18|-84|CG1289144|-18|-85|CG1289147|-18|-84|CG1289144|-18|-85|CG1289145|-18|-84|CG1289146|-18|-84|CG1289147|-18|-84|CG1289144|-18|-85|CG1289147|-18|-84|CG1289144|-18|-85|CG1289147|-18|-84|CG1289144|-18|-85
684|4|1|697|6|CG1289150|-27|-76|CG1289151|-23|-79|CG1289152|-20|-82|CG1289153|-23|-77|CG1289154|-20|-79|CG1289155|-19|-81
684|4|2|600|5|CG1325581|-118|-123|CG1325582|-92|-162|CG1325583|-82|-152|CG1325584|-98|-119|CG1325585|-112|-122
684|4|3|425|6|CG1289116|-20|-72|CG1289117|-19|-72|CG1289118|-20|-75|CG1289119|-19|-73|CG1289120|-19|-72|CG1289121|-24|-74
684|4|4|
684|4|5|1000|7|CG1289109|-28|-86|CG1289110|-5|-76|CG1289111|7|-50|CG1289112|7|-45|CG1289113|6|-64|CG1289114|-3|-76|CG1289115|-54|-81
684|4|6|1190|16|CG1289135|-23|-83|CG1289135|-23|-83|CG1289136|-24|-76|CG1289136|-24|-76|CG1289136|-24|-76|CG1289137|-35|-81|CG1289137|-35|-81|CG1289137|-35|-81|CG1289137|-35|-81|CG1289138|-23|-51|CG1289138|-23|-51|CG1289138|-23|-51|CG1289139|-21|-49|CG1289139|-21|-49|CG1289140|-20|-54|CG1289140|-20|-54
684|4|7|697|7|CG1289968|-21|-78|CG1289969|-28|-76|CG1289970|-25|-72|CG1289970|-25|-72|CG1289971|-21|-74|CG1289972|-21|-74|CG1289973|-21|-76
684|4|8|1000|2|CG1289130|-21|-60|CG1289131|-45|-79
684|4|9|1000|1|CG1289132|-28|-76
684|4|10|1088|13|CG1289124|-35|-81|CG1289124|-35|-81|CG1289125|-39|-71|CG1289125|-39|-71|CG1289125|-39|-71|CG1289126|-20|-56|CG1289126|-20|-56|CG1289127|-27|-30|CG1289127|-27|-30|CG1289128|-23|-42|CG1289128|-23|-42|CG1289129|-26|-31|CG1289129|-26|-31
684|5|0|4182|24|CG1289195|-16|-86|CG1289196|-16|-86|CG1289195|-16|-86|CG1289196|-16|-86|CG1289195|-16|-86|CG1289196|-16|-86|CG1289197|-16|-86|CG1289194|-16|-86|CG1289197|-16|-86|CG1289194|-16|-86|CG1289197|-16|-86|CG1289194|-16|-86|CG1289197|-16|-86|CG1289194|-16|-86|CG1289197|-16|-86|CG1289194|-16|-86|CG1289195|-16|-86|CG1289196|-16|-86|CG1289197|-16|-86|CG1289194|-16|-86|CG1289197|-16|-86|CG1289194|-16|-86|CG1289197|-16|-86|CG1289194|-16|-86
684|5|1|697|6|CG1289200|-23|-76|CG1289201|-24|-78|CG1289202|-19|-81|CG1289203|-17|-76|CG1289204|-17|-78|CG1289205|-22|-81
684|5|2|600|5|CG1325637|-87|-102|CG1325638|-101|-134|CG1325639|-81|-118|CG1325640|-146|-102|CG1325641|-132|-115
684|5|3|425|6|CG1289166|-16|-69|CG1289167|-17|-68|CG1289168|-17|-71|CG1289169|-17|-69|CG1289170|-17|-68|CG1289171|-17|-71
684|5|4|
684|5|5|1000|7|CG1289159|-18|-91|CG1289160|-14|-65|CG1289161|-18|-45|CG1289162|-16|-38|CG1289163|-13|-58|CG1289164|-23|-73|CG1289165|-40|-84
684|5|6|1190|16|CG1289185|-24|-86|CG1289185|-24|-86|CG1289186|-19|-76|CG1289186|-19|-76|CG1289186|-19|-76|CG1289187|-21|-85|CG1289187|-21|-85|CG1289187|-21|-85|CG1289187|-21|-85|CG1289188|-20|-49|CG1289188|-20|-49|CG1289188|-20|-49|CG1289189|-22|-44|CG1289189|-22|-44|CG1289190|-24|-55|CG1289190|-24|-55
684|5|7|697|7|CG1290033|-20|-78|CG1290034|-27|-80|CG1290035|-28|-74|CG1290035|-28|-74|CG1290036|-23|-74|CG1290037|-20|-74|CG1290038|-20|-76
684|5|8|1000|2|CG1289180|-20|-57|CG1289181|-29|-85
684|5|9|1000|1|CG1289182|-25|-76
684|5|10|1088|13|CG1289174|-25|-85|CG1289174|-25|-85|CG1289175|-25|-75|CG1289175|-25|-75|CG1289175|-25|-75|CG1289176|-23|-55|CG1289176|-23|-55|CG1289177|-32|-25|CG1289177|-32|-25|CG1289178|-33|-36|CG1289178|-33|-36|CG1289179|-35|-25|CG1289179|-35|-25
684|6|0|4182|24|CG1289245|-17|-84|CG1289246|-17|-84|CG1289245|-17|-84|CG1289246|-17|-84|CG1289245|-17|-84|CG1289246|-17|-84|CG1289247|-17|-83|CG1289244|-17|-83|CG1289247|-17|-83|CG1289244|-17|-83|CG1289247|-17|-83|CG1289244|-17|-83|CG1289247|-17|-83|CG1289244|-17|-83|CG1289247|-17|-83|CG1289244|-17|-83|CG1289245|-17|-84|CG1289246|-17|-84|CG1289247|-17|-83|CG1289244|-17|-83|CG1289247|-17|-83|CG1289244|-17|-83|CG1289247|-17|-83|CG1289244|-17|-83
684|6|1|697|6|CG1289250|-24|-76|CG1289251|-21|-78|CG1289252|-26|-80|CG1289253|-25|-75|CG1289254|-26|-77|CG1289255|-25|-81
684|6|2|600|5|CG1325693|-56|-115|CG1325694|-66|-158|CG1325695|-93|-143|CG1325696|-109|-126|CG1325697|-81|-115
684|6|3|425|6|CG1289216|-32|-70|CG1289217|-31|-69|CG1289218|-31|-71|CG1289219|-30|-69|CG1289220|-30|-68|CG1289221|-31|-71
684|6|4|
684|6|5|1000|7|CG1289209|-23|-86|CG1289210|-33|-60|CG1289211|-57|-53|CG1289212|-60|-47|CG1289213|-55|-63|CG1289214|-67|-73|CG1289215|-29|-91
684|6|6|1190|16|CG1289235|-16|-82|CG1289235|-16|-82|CG1289236|-21|-73|CG1289236|-21|-73|CG1289236|-21|-73|CG1289237|-11|-84|CG1289237|-11|-84|CG1289237|-11|-84|CG1289237|-11|-84|CG1289238|-35|-43|CG1289238|-35|-43|CG1289238|-35|-43|CG1289239|-35|-44|CG1289239|-35|-44|CG1289240|-31|-58|CG1289240|-31|-58
684|6|7|697|7|CG1290098|-22|-75|CG1290099|-22|-80|CG1290100|-23|-75|CG1290100|-23|-75|CG1290101|-36|-72|CG1290102|-22|-72|CG1290103|-22|-73
684|6|8|1000|2|CG1289230|-34|-51|CG1289231|-21|-79
684|6|9|1000|1|CG1289232|-27|-75
684|6|10|1088|13|CG1289224|-8|-80|CG1289224|-8|-80|CG1289225|-19|-72|CG1289225|-19|-72|CG1289225|-19|-72|CG1289226|-31|-58|CG1289226|-31|-58|CG1289227|-54|-26|CG1289227|-54|-26|CG1289228|-55|-35|CG1289228|-55|-35|CG1289229|-57|-26|CG1289229|-57|-26
684|7|0|4182|24|CG1289295|-15|-80|CG1289296|-15|-81|CG1289295|-15|-80|CG1289296|-15|-81|CG1289295|-15|-80|CG1289296|-15|-81|CG1289297|-15|-80|CG1289294|-15|-80|CG1289297|-15|-80|CG1289294|-15|-80|CG1289297|-15|-80|CG1289294|-15|-80|CG1289297|-15|-80|CG1289294|-15|-80|CG1289297|-15|-80|CG1289294|-15|-80|CG1289295|-15|-80|CG1289296|-15|-81|CG1289297|-15|-80|CG1289294|-15|-80|CG1289297|-15|-80|CG1289294|-15|-80|CG1289297|-15|-80|CG1289294|-15|-80
684|7|1|697|6|CG1289300|-26|-78|CG1289301|-25|-80|CG1289302|-25|-81|CG1289303|-31|-77|CG1289304|-27|-79|CG1289305|-25|-81
684|7|2|600|5|CG1325749|-65|-111|CG1325750|-73|-164|CG1325751|-68|-170|CG1325752|-60|-150|CG1325753|-60|-127
684|7|3|425|6|CG1289266|-39|-77|CG1289267|-39|-76|CG1289268|-39|-77|CG1289269|-39|-75|CG1289270|-39|-75|CG1289271|-39|-77
684|7|4|
684|7|5|1000|7|CG1289259|-25|-76|CG1289260|-35|-55|CG1289261|-96|-69|CG1289262|-97|-66|CG1289263|-85|-74|CG1289264|-79|-78|CG1289265|-26|-85
684|7|6|1190|16|CG1289285|-17|-77|CG1289285|-17|-77|CG1289286|-25|-71|CG1289286|-25|-71|CG1289286|-25|-71|CG1289287|-12|-81|CG1289287|-12|-81|CG1289287|-12|-81|CG1289287|-12|-81|CG1289288|-41|-55|CG1289288|-41|-55|CG1289288|-41|-55|CG1289289|-43|-55|CG1289289|-43|-55|CG1289290|-35|-63|CG1289290|-35|-63
684|7|7|697|7|CG1290163|-30|-72|CG1290164|-27|-75|CG1290165|-26|-74|CG1290165|-26|-74|CG1290166|-41|-70|CG1290167|-39|-69|CG1290168|-32|-70
684|7|8|1000|2|CG1289280|-48|-59|CG1289281|-27|-66
684|7|9|1000|1|CG1289282|-22|-75
684|7|10|1088|13|CG1289274|-4|-73|CG1289274|-4|-73|CG1289275|-7|-65|CG1289275|-7|-65|CG1289275|-7|-65|CG1289276|-35|-65|CG1289276|-35|-65|CG1289277|-63|-36|CG1289277|-63|-36|CG1289278|-63|-36|CG1289278|-63|-36|CG1289279|-69|-27|CG1289279|-69|-27
