649|0|0|1598|4|CG1273903|-27|-64|CG1273902|-27|-64|CG1273904|-25|-64|CG1273902|-27|-64
649|0|1|1000|6|CG1273907|-41|-64|CG1273908|-41|-65|CG1273909|-41|-64|CG1273910|-38|-61|CG1273911|-45|-64|CG1273912|-40|-64
649|0|2|600|5|CG1325357|-54|-113|CG1325358|-66|-144|CG1325359|-95|-176|CG1325360|-103|-137|CG1325361|-78|-106
649|0|3|510|6|CG1274250|-27|-60|CG1274251|-26|-62|CG1274252|-25|-65|CG1274253|-27|-60|CG1274254|-27|-62|CG1274255|-25|-65
649|0|4|
649|0|5|1496|26|CG1273868|-38|-66|CG1273868|-38|-66|CG1273869|-34|-71|CG1273870|-47|-70|CG1273870|-47|-70|CG1273870|-47|-70|CG1273871|-43|-73|CG1273871|-43|-73|CG1273871|-43|-73|CG1273871|-43|-73|CG1273872|-30|-71|CG1273872|-30|-71|CG1273872|-30|-71|CG1273873|-29|-71|CG1273873|-29|-71|CG1273872|-30|-71|CG1273873|-29|-71|CG1273872|-30|-71|CG1273873|-29|-71|CG1273872|-30|-71|CG1273873|-29|-71|CG1273874|-25|-70|CG1273874|-25|-70|CG1273874|-25|-70|CG1273875|-30|-59|CG1273875|-30|-59
649|0|6|2499|27|CG1273889|-38|-66|CG1273891|-35|-66|CG1273892|-32|-65|CG1273893|-30|-64|CG1273894|-31|-65|CG1273895|-32|-65|CG1273892|-32|-65|CG1273893|-30|-64|CG1273894|-31|-65|CG1273895|-32|-65|CG1273892|-32|-65|CG1273893|-30|-64|CG1273894|-31|-65|CG1273895|-32|-65|CG1273892|-32|-65|CG1273896|-38|-64|CG1273897|-44|-63|CG1273898|-36|-96|CG1273898|-36|-96|CG1273898|-36|-96|CG1273890|-42|-67|CG1273896|-38|-64|CG1273892|-32|-65|CG1273892|-32|-65|CG1273891|-35|-66|CG1273889|-38|-66|CG1273889|-38|-66
649|0|7|1394|18|CG1274274|-35|-66|CG1274276|-31|-66|CG1274277|-20|-65|CG1274278|-19|-64|CG1274279|-20|-65|CG1274280|-22|-65|CG1274277|-20|-65|CG1274278|-19|-64|CG1274279|-20|-65|CG1274280|-22|-65|CG1274277|-20|-65|CG1274278|-19|-64|CG1274291|-25|-60|CG1274292|-38|-74|CG1274293|-45|-75|CG1274294|-61|-72|CG1274295|-41|-69|CG1274296|-35|-66
649|0|8|1000|2|CG1273884|-31|-68|CG1273885|-32|-57
649|0|9|1000|1|CG1273886|-41|-69
649|0|10|1000|6|CG1273878|-32|-64|CG1273879|-45|-67|CG1273880|-58|-69|CG1273881|-76|-61|CG1273882|-75|-59|CG1273883|-74|-51
649|1|0|1598|4|CG1273950|-39|-65|CG1273949|-40|-65|CG1273951|-39|-65|CG1273949|-40|-65
649|1|1|1000|6|CG1273954|-51|-66|CG1273955|-38|-65|CG1273956|-42|-64|CG1273957|-50|-61|CG1273958|-42|-64|CG1273959|-39|-66
649|1|2|600|5|CG1325413|-100|-113|CG1325414|-102|-107|CG1325415|-90|-159|CG1325416|-142|-98|CG1325417|-131|-103
649|1|3|510|6|CG1274314|-37|-60|CG1274315|-36|-62|CG1274316|-36|-65|CG1274317|-36|-60|CG1274318|-36|-62|CG1274319|-37|-65
649|1|4|
649|1|5|1496|26|CG1273915|-39|-66|CG1273915|-39|-66|CG1273916|-32|-71|CG1273917|-26|-69|CG1273917|-26|-69|CG1273917|-26|-69|CG1273918|-27|-69|CG1273918|-27|-69|CG1273918|-27|-69|CG1273918|-27|-69|CG1273919|-33|-72|CG1273919|-33|-72|CG1273919|-33|-72|CG1273920|-33|-72|CG1273920|-33|-72|CG1273919|-33|-72|CG1273920|-33|-72|CG1273919|-33|-72|CG1273920|-33|-72|CG1273919|-33|-72|CG1273920|-33|-72|CG1273921|-32|-68|CG1273921|-32|-68|CG1273921|-32|-68|CG1273922|-33|-63|CG1273922|-33|-63
649|1|6|2499|27|CG1273936|-41|-64|CG1273938|-37|-61|CG1273939|-32|-61|CG1273940|-30|-62|CG1273941|-31|-59|CG1273942|-32|-59|CG1273939|-32|-61|CG1273940|-30|-62|CG1273941|-31|-59|CG1273942|-32|-59|CG1273939|-32|-61|CG1273940|-30|-62|CG1273941|-31|-59|CG1273942|-32|-59|CG1273939|-32|-61|CG1273943|-36|-66|CG1273944|-42|-66|CG1273945|-42|-92|CG1273945|-42|-92|CG1273945|-42|-92|CG1273937|-37|-68|CG1273943|-36|-66|CG1273939|-32|-61|CG1273939|-32|-61|CG1273938|-37|-61|CG1273936|-41|-64|CG1273936|-41|-64
649|1|7|1394|18|CG1274338|-39|-64|CG1274340|-27|-61|CG1274341|-15|-61|CG1274342|-17|-62|CG1274343|-17|-59|CG1274344|-14|-59|CG1274341|-15|-61|CG1274342|-17|-62|CG1274343|-17|-59|CG1274344|-14|-59|CG1274341|-15|-61|CG1274342|-17|-62|CG1274355|-31|-57|CG1274356|-37|-70|CG1274357|-36|-78|CG1274358|-39|-79|CG1274359|-34|-72|CG1274360|-39|-64
649|1|8|1000|2|CG1273931|-38|-67|CG1273932|-39|-54
649|1|9|1000|1|CG1273933|-38|-65
649|1|10|1000|6|CG1273925|-37|-65|CG1273926|-47|-67|CG1273927|-46|-70|CG1273928|-47|-67|CG1273929|-50|-63|CG1273930|-46|-57
649|2|0|1598|4|CG1273997|-46|-66|CG1273996|-46|-66|CG1273998|-46|-65|CG1273996|-46|-66
649|2|1|1000|6|CG1274001|-35|-62|CG1274002|-49|-70|CG1274003|-37|-64|CG1274004|-37|-61|CG1274005|-38|-65|CG1274006|-48|-68
649|2|2|600|5|CG1325469|-119|-113|CG1325470|-90|-142|CG1325471|-82|-174|CG1325472|-99|-116|CG1325473|-109|-103
649|2|3|510|6|CG1274378|-35|-61|CG1274379|-34|-63|CG1274380|-34|-67|CG1274381|-36|-62|CG1274382|-31|-63|CG1274383|-34|-66
649|2|4|
649|2|5|1496|26|CG1273962|-41|-68|CG1273962|-41|-68|CG1273963|-23|-68|CG1273964|-15|-64|CG1273964|-15|-64|CG1273964|-15|-64|CG1273965|-24|-66|CG1273965|-24|-66|CG1273965|-24|-66|CG1273965|-24|-66|CG1273966|-25|-63|CG1273966|-25|-63|CG1273966|-25|-63|CG1273967|-26|-64|CG1273967|-26|-64|CG1273966|-25|-63|CG1273967|-26|-64|CG1273966|-25|-63|CG1273967|-26|-64|CG1273966|-25|-63|CG1273967|-26|-64|CG1273968|-34|-67|CG1273968|-34|-67|CG1273968|-34|-67|CG1273969|-31|-67|CG1273969|-31|-67
649|2|6|2499|27|CG1273983|-43|-64|CG1273985|-35|-66|CG1273986|-28|-63|CG1273987|-35|-63|CG1273988|-32|-62|CG1273989|-27|-62|CG1273986|-28|-63|CG1273987|-35|-63|CG1273988|-32|-62|CG1273989|-27|-62|CG1273986|-28|-63|CG1273987|-35|-63|CG1273988|-32|-62|CG1273989|-27|-62|CG1273986|-28|-63|CG1273990|-32|-65|CG1273991|-29|-66|CG1273992|-30|-87|CG1273992|-30|-87|CG1273992|-30|-87|CG1273984|-32|-65|CG1273990|-32|-65|CG1273986|-28|-63|CG1273986|-28|-63|CG1273985|-35|-66|CG1273983|-43|-64|CG1273983|-43|-64
649|2|7|1394|18|CG1274402|-30|-64|CG1274404|-28|-66|CG1274405|-28|-63|CG1274406|-35|-63|CG1274407|-32|-62|CG1274408|-27|-62|CG1274405|-28|-63|CG1274406|-35|-63|CG1274407|-32|-62|CG1274408|-27|-62|CG1274405|-28|-63|CG1274406|-35|-63|CG1274419|-25|-61|CG1274420|-34|-69|CG1274421|-22|-74|CG1274422|-14|-76|CG1274423|-24|-70|CG1274424|-30|-64
649|2|8|1000|2|CG1273978|-40|-65|CG1273979|-59|-61
649|2|9|1000|1|CG1273980|-36|-65
649|2|10|1000|6|CG1273972|-43|-64|CG1273973|-42|-66|CG1273974|-20|-67|CG1273975|-15|-58|CG1273976|-17|-62|CG1273977|-12|-47
649|3|0|1598|4|CG1274044|-36|-72|CG1274043|-37|-73|CG1274045|-38|-72|CG1274043|-37|-73
649|3|1|1000|6|CG1274048|-34|-68|CG1274049|-36|-71|CG1274050|-46|-71|CG1274051|-42|-68|CG1274052|-44|-71|CG1274053|-30|-71
649|3|2|600|5|CG1325525|-125|-117|CG1325526|-119|-165|CG1325527|-116|-175|CG1325528|-58|-136|CG1325529|-81|-129
649|3|3|510|6|CG1274442|-43|-68|CG1274443|-37|-70|CG1274444|-41|-73|CG1274445|-43|-68|CG1274446|-33|-70|CG1274447|-41|-73
649|3|4|
649|3|5|1496|26|CG1274009|-23|-71|CG1274009|-23|-71|CG1274010|-21|-69|CG1274011|-19|-53|CG1274011|-19|-53|CG1274011|-19|-53|CG1274012|-25|-59|CG1274012|-25|-59|CG1274012|-25|-59|CG1274012|-25|-59|CG1274013|-27|-65|CG1274013|-27|-65|CG1274013|-27|-65|CG1274014|-28|-66|CG1274014|-28|-66|CG1274013|-27|-65|CG1274014|-28|-66|CG1274013|-27|-65|CG1274014|-28|-66|CG1274013|-27|-65|CG1274014|-28|-66|CG1274015|-51|-66|CG1274015|-51|-66|CG1274015|-51|-66|CG1274016|-45|-73|CG1274016|-45|-73
649|3|6|2499|27|CG1274030|-29|-70|CG1274032|-31|-67|CG1274033|-37|-62|CG1274034|-53|-61|CG1274035|-40|-62|CG1274036|-37|-62|CG1274033|-37|-62|CG1274034|-53|-61|CG1274035|-40|-62|CG1274036|-37|-62|CG1274033|-37|-62|CG1274034|-53|-61|CG1274035|-40|-62|CG1274036|-37|-62|CG1274033|-37|-62|CG1274037|-40|-59|CG1274038|-32|-61|CG1274039|-34|-88|CG1274039|-34|-88|CG1274039|-34|-88|CG1274031|-19|-62|CG1274037|-40|-59|CG1274033|-37|-62|CG1274033|-37|-62|CG1274032|-31|-67|CG1274030|-29|-70|CG1274030|-29|-70
649|3|7|1394|18|CG1274466|-21|-70|CG1274468|-31|-67|CG1274469|-37|-62|CG1274470|-53|-61|CG1274471|-40|-62|CG1274472|-37|-62|CG1274469|-37|-62|CG1274470|-53|-61|CG1274471|-40|-62|CG1274472|-37|-62|CG1274469|-37|-62|CG1274470|-53|-61|CG1274483|-30|-66|CG1274484|-36|-68|CG1274485|-11|-69|CG1274486|-5|-69|CG1274487|-25|-70|CG1274488|-21|-70
649|3|8|1000|2|CG1274025|-26|-69|CG1274026|-58|-65
649|3|9|1000|1|CG1274027|-36|-68
649|3|10|1000|6|CG1274019|-38|-70|CG1274020|-32|-71|CG1274021|-23|-70|CG1274022|5|-44|CG1274023|2|-50|CG1274024|-4|-28
649|4|0|1598|4|CG1274091|-40|-68|CG1274090|-39|-68|CG1274092|-39|-69|CG1274090|-39|-68
649|4|1|1000|6|CG1274095|-36|-66|CG1274096|-33|-69|CG1274097|-32|-68|CG1274098|-36|-65|CG1274099|-32|-69|CG1274100|-35|-69
649|4|2|600|5|CG1325581|-118|-123|CG1325582|-92|-162|CG1325583|-82|-152|CG1325584|-98|-119|CG1325585|-112|-122
649|4|3|510|6|CG1274506|-36|-65|CG1274507|-33|-68|CG1274508|-37|-70|CG1274509|-33|-66|CG1274510|-33|-68|CG1274511|-37|-70
649|4|4|
649|4|5|1496|26|CG1274056|-27|-67|CG1274056|-27|-67|CG1274057|-32|-63|CG1274058|-21|-44|CG1274058|-21|-44|CG1274058|-21|-44|CG1274059|-26|-52|CG1274059|-26|-52|CG1274059|-26|-52|CG1274059|-26|-52|CG1274060|-35|-63|CG1274060|-35|-63|CG1274060|-35|-63|CG1274061|-36|-63|CG1274061|-36|-63|CG1274060|-35|-63|CG1274061|-36|-63|CG1274060|-35|-63|CG1274061|-36|-63|CG1274060|-35|-63|CG1274061|-36|-63|CG1274062|-50|-75|CG1274062|-50|-75|CG1274062|-50|-75|CG1274063|-54|-73|CG1274063|-54|-73
649|4|6|2499|27|CG1274077|-35|-66|CG1274079|-44|-64|CG1274080|-57|-62|CG1274081|-59|-63|CG1274082|-56|-63|CG1274083|-55|-62|CG1274080|-57|-62|CG1274081|-59|-63|CG1274082|-56|-63|CG1274083|-55|-62|CG1274080|-57|-62|CG1274081|-59|-63|CG1274082|-56|-63|CG1274083|-55|-62|CG1274080|-57|-62|CG1274084|-53|-53|CG1274085|-43|-53|CG1274086|-28|-88|CG1274086|-28|-88|CG1274086|-28|-88|CG1274078|-25|-57|CG1274084|-53|-53|CG1274080|-57|-62|CG1274080|-57|-62|CG1274079|-44|-64|CG1274077|-35|-66|CG1274077|-35|-66
649|4|7|1394|18|CG1274530|-35|-66|CG1274532|-44|-64|CG1274533|-57|-62|CG1274534|-59|-63|CG1274535|-56|-63|CG1274536|-55|-62|CG1274533|-57|-62|CG1274534|-59|-63|CG1274535|-56|-63|CG1274536|-55|-62|CG1274533|-57|-62|CG1274534|-59|-63|CG1274547|-43|-64|CG1274548|-39|-65|CG1274549|-19|-58|CG1274550|-11|-56|CG1274551|-22|-61|CG1274552|-35|-66
649|4|8|1000|2|CG1274072|-24|-62|CG1274073|-58|-66
649|4|9|1000|1|CG1274074|-30|-64
649|4|10|1000|6|CG1274066|-30|-67|CG1274067|-26|-68|CG1274068|-18|-64|CG1274069|-4|-29|CG1274070|-4|-28|CG1274071|-9|-15
649|5|0|1598|4|CG1274138|-34|-67|CG1274137|-37|-67|CG1274139|-38|-67|CG1274137|-37|-67
649|5|1|1000|6|CG1274142|-36|-65|CG1274143|-37|-69|CG1274144|-37|-68|CG1274145|-36|-65|CG1274146|-37|-69|CG1274147|-37|-68
649|5|2|600|5|CG1325637|-87|-102|CG1325638|-101|-134|CG1325639|-81|-118|CG1325640|-146|-102|CG1325641|-132|-115
649|5|3|510|6|CG1274570|-37|-65|CG1274571|-37|-67|CG1274572|-38|-70|CG1274573|-38|-65|CG1274574|-37|-67|CG1274575|-37|-70
649|5|4|
649|5|5|1496|26|CG1274103|-35|-67|CG1274103|-35|-67|CG1274104|-40|-65|CG1274105|-42|-43|CG1274105|-42|-43|CG1274105|-42|-43|CG1274106|-40|-51|CG1274106|-40|-51|CG1274106|-40|-51|CG1274106|-40|-51|CG1274107|-39|-65|CG1274107|-39|-65|CG1274107|-39|-65|CG1274108|-39|-66|CG1274108|-39|-66|CG1274107|-39|-65|CG1274108|-39|-66|CG1274107|-39|-65|CG1274108|-39|-66|CG1274107|-39|-65|CG1274108|-39|-66|CG1274109|-34|-79|CG1274109|-34|-79|CG1274109|-34|-79|CG1274110|-35|-72|CG1274110|-35|-72
649|5|6|2499|27|CG1274124|-35|-67|CG1274126|-45|-69|CG1274127|-49|-70|CG1274128|-46|-71|CG1274129|-47|-70|CG1274130|-50|-70|CG1274127|-49|-70|CG1274128|-46|-71|CG1274129|-47|-70|CG1274130|-50|-70|CG1274127|-49|-70|CG1274128|-46|-71|CG1274129|-47|-70|CG1274130|-50|-70|CG1274127|-49|-70|CG1274131|-49|-62|CG1274132|-49|-56|CG1274133|-24|-93|CG1274133|-24|-93|CG1274133|-24|-93|CG1274125|-40|-57|CG1274131|-49|-62|CG1274127|-49|-70|CG1274127|-49|-70|CG1274126|-45|-69|CG1274124|-35|-67|CG1274124|-35|-67
649|5|7|1394|18|CG1274594|-35|-67|CG1274596|-45|-69|CG1274597|-49|-70|CG1274598|-46|-71|CG1274599|-47|-70|CG1274600|-50|-70|CG1274597|-49|-70|CG1274598|-46|-71|CG1274599|-47|-70|CG1274600|-50|-70|CG1274597|-49|-70|CG1274598|-46|-71|CG1274611|-41|-66|CG1274612|-38|-66|CG1274613|-29|-56|CG1274614|-34|-50|CG1274615|-40|-57|CG1274616|-35|-67
649|5|8|1000|2|CG1274119|-35|-60|CG1274120|-33|-71
649|5|9|1000|1|CG1274121|-34|-63
649|5|10|1000|6|CG1274113|-37|-67|CG1274114|-42|-63|CG1274115|-42|-54|CG1274116|-37|-18|CG1274117|-29|-27|CG1274118|-45|-12
649|6|0|1598|4|CG1274185|-24|-68|CG1274184|-24|-67|CG1274186|-24|-67|CG1274184|-24|-67
649|6|1|1000|6|CG1274189|-28|-66|CG1274190|-27|-69|CG1274191|-36|-69|CG1274192|-36|-66|CG1274193|-35|-69|CG1274194|-28|-69
649|6|2|600|5|CG1325693|-56|-115|CG1325694|-66|-158|CG1325695|-93|-143|CG1325696|-109|-126|CG1325697|-81|-115
649|6|3|510|6|CG1274634|-22|-65|CG1274635|-22|-66|CG1274636|-26|-68|CG1274637|-29|-64|CG1274638|-22|-66|CG1274639|-23|-69
649|6|4|
649|6|5|1496|26|CG1274150|-34|-68|CG1274150|-34|-68|CG1274151|-42|-68|CG1274152|-53|-56|CG1274152|-53|-56|CG1274152|-53|-56|CG1274153|-53|-65|CG1274153|-53|-65|CG1274153|-53|-65|CG1274153|-53|-65|CG1274154|-40|-69|CG1274154|-40|-69|CG1274154|-40|-69|CG1274155|-39|-69|CG1274155|-39|-69|CG1274154|-40|-69|CG1274155|-39|-69|CG1274154|-40|-69|CG1274155|-39|-69|CG1274154|-40|-69|CG1274155|-39|-69|CG1274156|-25|-75|CG1274156|-25|-75|CG1274156|-25|-75|CG1274157|-34|-71|CG1274157|-34|-71
649|6|6|2499|27|CG1274171|-27|-68|CG1274173|-31|-70|CG1274174|-39|-73|CG1274175|-40|-73|CG1274176|-39|-73|CG1274177|-39|-72|CG1274174|-39|-73|CG1274175|-40|-73|CG1274176|-39|-73|CG1274177|-39|-72|CG1274174|-39|-73|CG1274175|-40|-73|CG1274176|-39|-73|CG1274177|-39|-72|CG1274174|-39|-73|CG1274178|-39|-69|CG1274179|-35|-63|CG1274180|-34|-97|CG1274180|-34|-97|CG1274180|-34|-97|CG1274172|-45|-56|CG1274178|-39|-69|CG1274174|-39|-73|CG1274174|-39|-73|CG1274173|-31|-70|CG1274171|-27|-68|CG1274171|-27|-68
649|6|7|1394|18|CG1274658|-24|-68|CG1274660|-26|-70|CG1274661|-30|-73|CG1274662|-32|-73|CG1274663|-29|-73|CG1274664|-28|-72|CG1274661|-30|-73|CG1274662|-32|-73|CG1274663|-29|-73|CG1274664|-28|-72|CG1274661|-30|-73|CG1274662|-32|-73|CG1274675|-28|-68|CG1274676|-30|-75|CG1274677|-58|-65|CG1274678|-58|-50|CG1274679|-37|-60|CG1274680|-24|-68
649|6|8|1000|2|CG1274166|-36|-61|CG1274167|-24|-69
649|6|9|1000|1|CG1274168|-34|-62
649|6|10|1000|6|CG1274160|-27|-67|CG1274161|-40|-64|CG1274162|-51|-57|CG1274163|-74|-25|CG1274164|-75|-32|CG1274165|-78|-16
649|7|0|1598|4|CG1274232|-26|-70|CG1274231|-26|-70|CG1274233|-26|-70|CG1274231|-26|-70
649|7|1|1000|6|CG1274236|-38|-68|CG1274237|-30|-72|CG1274238|-28|-71|CG1274239|-30|-68|CG1274240|-23|-72|CG1274241|-35|-71
649|7|2|600|5|CG1325749|-65|-111|CG1325750|-73|-164|CG1325751|-68|-170|CG1325752|-60|-150|CG1325753|-60|-127
649|7|3|510|6|CG1274698|-27|-67|CG1274699|-19|-69|CG1274700|-27|-71|CG1274701|-30|-67|CG1274702|-20|-69|CG1274703|-27|-72
649|7|4|
649|7|5|1496|26|CG1274197|-35|-72|CG1274197|-35|-72|CG1274198|-43|-72|CG1274199|-63|-69|CG1274199|-63|-69|CG1274199|-63|-69|CG1274200|-53|-74|CG1274200|-53|-74|CG1274200|-53|-74|CG1274200|-53|-74|CG1274201|-47|-71|CG1274201|-47|-71|CG1274201|-47|-71|CG1274202|-46|-71|CG1274202|-46|-71|CG1274201|-47|-71|CG1274202|-46|-71|CG1274201|-47|-71|CG1274202|-46|-71|CG1274201|-47|-71|CG1274202|-46|-71|CG1274203|-30|-68|CG1274203|-30|-68|CG1274203|-30|-68|CG1274204|-42|-64|CG1274204|-42|-64
649|7|6|2499|27|CG1274218|-35|-71|CG1274220|-35|-72|CG1274221|-33|-71|CG1274222|-34|-71|CG1274223|-32|-71|CG1274224|-32|-71|CG1274221|-33|-71|CG1274222|-34|-71|CG1274223|-32|-71|CG1274224|-32|-71|CG1274221|-33|-71|CG1274222|-34|-71|CG1274223|-32|-71|CG1274224|-32|-71|CG1274221|-33|-71|CG1274225|-37|-68|CG1274226|-38|-66|CG1274227|-41|-99|CG1274227|-41|-99|CG1274227|-41|-99|CG1274219|-44|-64|CG1274225|-37|-68|CG1274221|-33|-71|CG1274221|-33|-71|CG1274220|-35|-72|CG1274218|-35|-71|CG1274218|-35|-71
649|7|7|1394|18|CG1274722|-23|-71|CG1274724|-30|-72|CG1274725|-30|-71|CG1274726|-30|-71|CG1274727|-30|-71|CG1274728|-30|-71|CG1274725|-30|-71|CG1274726|-30|-71|CG1274727|-30|-71|CG1274728|-30|-71|CG1274725|-30|-71|CG1274726|-30|-71|CG1274739|-33|-67|CG1274740|-41|-78|CG1274741|-61|-71|CG1274742|-60|-61|CG1274743|-40|-70|CG1274744|-23|-71
649|7|8|1000|2|CG1274213|-33|-67|CG1274214|-18|-61
649|7|9|1000|1|CG1274215|-35|-69
649|7|10|1000|6|CG1274207|-32|-70|CG1274208|-39|-68|CG1274209|-54|-63|CG1274210|-83|-45|CG1274211|-81|-44|CG1274212|-84|-31
