671|0|0|1598|4|CG1283485|-55|-64|CG1283484|-54|-64|CG1283486|-53|-64|CG1283484|-54|-64
671|0|1|1000|6|CG1283489|-58|-62|CG1283490|-51|-65|CG1283491|-48|-64|CG1283492|-53|-61|CG1283493|-55|-64|CG1283494|-57|-64
671|0|2|600|5|CG1325357|-54|-113|CG1325358|-66|-144|CG1325359|-95|-176|CG1325360|-103|-137|CG1325361|-78|-106
671|0|3|510|6|CG1283452|-49|-60|CG1283453|-47|-62|CG1283454|-47|-65|CG1283455|-49|-60|CG1283456|-48|-62|CG1283457|-46|-65
671|0|4|
671|0|5|1190|17|CG1283444|-61|-64|CG1283444|-61|-64|CG1283445|-36|-66|CG1283445|-36|-66|CG1283446|-19|-65|CG1283446|-19|-65|CG1283447|-25|-64|CG1283447|-25|-64|CG1283447|-25|-64|CG1283448|-46|-71|CG1283449|-63|-71|CG1283449|-63|-71|CG1283449|-63|-71|CG1283450|-58|-71|CG1283450|-58|-71|CG1283451|-46|-71|CG1283451|-46|-71
671|0|6|2499|27|CG1283471|-42|-66|CG1283473|-39|-66|CG1283474|-41|-65|CG1283475|-41|-64|CG1283476|-41|-65|CG1283477|-40|-66|CG1283474|-41|-65|CG1283475|-41|-64|CG1283476|-41|-65|CG1283477|-40|-66|CG1283474|-41|-65|CG1283475|-41|-64|CG1283476|-41|-65|CG1283477|-40|-66|CG1283474|-41|-65|CG1283478|-50|-64|CG1283479|-51|-63|CG1283480|-54|-96|CG1283480|-54|-96|CG1283480|-54|-96|CG1283472|-54|-67|CG1283478|-50|-64|CG1283474|-41|-65|CG1283474|-41|-65|CG1283473|-39|-66|CG1283471|-42|-66|CG1283471|-42|-66
671|0|7|1394|18|CG1282098|-35|-66|CG1282100|-31|-66|CG1282101|-20|-65|CG1282102|-19|-64|CG1282103|-20|-65|CG1282104|-22|-65|CG1282101|-20|-65|CG1282102|-19|-64|CG1282103|-20|-65|CG1282104|-22|-65|CG1282101|-20|-65|CG1282102|-19|-64|CG1282115|-25|-60|CG1282116|-38|-74|CG1282117|-45|-75|CG1282118|-61|-72|CG1282119|-41|-69|CG1282120|-35|-66
671|0|8|1000|2|CG1283466|-66|-68|CG1283467|-36|-81
671|0|9|1000|1|CG1283468|-41|-69
671|0|10|1000|6|CG1283460|-58|-64|CG1283461|-56|-67|CG1283462|-43|-96|CG1283463|-85|-61|CG1283464|-75|-59|CG1283465|-74|-59
671|1|0|1598|4|CG1283538|-56|-65|CG1283537|-56|-65|CG1283539|-57|-65|CG1283537|-56|-65
671|1|1|1000|6|CG1283542|-55|-61|CG1283543|-56|-64|CG1283544|-54|-64|CG1283545|-52|-61|CG1283546|-55|-64|CG1283547|-55|-64
671|1|2|600|5|CG1325413|-100|-113|CG1325414|-102|-107|CG1325415|-90|-159|CG1325416|-142|-98|CG1325417|-131|-103
671|1|3|510|6|CG1283505|-57|-60|CG1283506|-56|-62|CG1283507|-56|-65|CG1283508|-57|-60|CG1283509|-56|-62|CG1283510|-55|-65
671|1|4|
671|1|5|1190|17|CG1283497|-38|-64|CG1283497|-38|-64|CG1283498|-27|-64|CG1283498|-27|-64|CG1283499|-17|-65|CG1283499|-17|-65|CG1283500|-20|-66|CG1283500|-20|-66|CG1283500|-20|-66|CG1283501|-33|-73|CG1283502|-35|-78|CG1283502|-35|-78|CG1283502|-35|-78|CG1283503|-33|-77|CG1283503|-33|-77|CG1283504|-32|-72|CG1283504|-32|-72
671|1|6|2499|27|CG1283524|-48|-64|CG1283526|-46|-61|CG1283527|-33|-61|CG1283528|-29|-62|CG1283529|-33|-59|CG1283530|-36|-59|CG1283527|-33|-61|CG1283528|-29|-62|CG1283529|-33|-59|CG1283530|-36|-59|CG1283527|-33|-61|CG1283528|-29|-62|CG1283529|-33|-59|CG1283530|-36|-59|CG1283527|-33|-61|CG1283531|-31|-66|CG1283532|-49|-66|CG1283533|-42|-92|CG1283533|-42|-92|CG1283533|-42|-92|CG1283525|-51|-68|CG1283531|-31|-66|CG1283527|-33|-61|CG1283527|-33|-61|CG1283526|-46|-61|CG1283524|-48|-64|CG1283524|-48|-64
671|1|7|1394|18|CG1282162|-39|-64|CG1282164|-27|-61|CG1282165|-15|-61|CG1282166|-17|-62|CG1282167|-17|-59|CG1282168|-14|-59|CG1282165|-15|-61|CG1282166|-17|-62|CG1282167|-17|-59|CG1282168|-14|-59|CG1282165|-15|-61|CG1282166|-17|-62|CG1282179|-31|-57|CG1282180|-37|-70|CG1282181|-36|-78|CG1282182|-39|-79|CG1282183|-34|-72|CG1282184|-39|-64
671|1|8|1000|2|CG1283519|-47|-67|CG1283520|-39|-88
671|1|9|1000|1|CG1283521|-57|-65
671|1|10|1000|6|CG1283513|-37|-65|CG1283514|-34|-80|CG1283515|-32|-102|CG1283516|-44|-67|CG1283517|-42|-63|CG1283518|-36|-59
671|2|0|1598|4|CG1283591|-30|-66|CG1283590|-30|-66|CG1283592|-31|-65|CG1283590|-30|-66
671|2|1|1000|6|CG1283595|-31|-61|CG1283596|-32|-64|CG1283597|-31|-64|CG1283598|-34|-61|CG1283599|-30|-65|CG1283600|-31|-64
671|2|2|600|5|CG1325469|-119|-113|CG1325470|-90|-142|CG1325471|-82|-174|CG1325472|-99|-116|CG1325473|-109|-103
671|2|3|510|6|CG1283558|-35|-61|CG1283559|-34|-63|CG1283560|-34|-67|CG1283561|-36|-62|CG1283562|-33|-63|CG1283563|-34|-66
671|2|4|
671|2|5|1190|17|CG1283550|-27|-65|CG1283550|-27|-65|CG1283551|-28|-65|CG1283551|-28|-65|CG1283552|-32|-66|CG1283552|-32|-66|CG1283553|-36|-65|CG1283553|-36|-65|CG1283553|-36|-65|CG1283554|-28|-73|CG1283555|-14|-72|CG1283555|-14|-72|CG1283555|-14|-72|CG1283556|-3|-70|CG1283556|-3|-70|CG1283557|-7|-74|CG1283557|-7|-74
671|2|6|2499|27|CG1283577|-46|-64|CG1283579|-29|-66|CG1283580|-28|-63|CG1283581|-35|-63|CG1283582|-32|-62|CG1283583|-27|-62|CG1283580|-28|-63|CG1283581|-35|-63|CG1283582|-32|-62|CG1283583|-27|-62|CG1283580|-28|-63|CG1283581|-35|-63|CG1283582|-32|-62|CG1283583|-27|-62|CG1283580|-28|-63|CG1283584|-32|-65|CG1283585|-29|-66|CG1283586|-34|-87|CG1283586|-34|-87|CG1283586|-34|-87|CG1283578|-21|-65|CG1283584|-32|-65|CG1283580|-28|-63|CG1283580|-28|-63|CG1283579|-29|-66|CG1283577|-46|-64|CG1283577|-46|-64
671|2|7|1394|18|CG1282226|-30|-64|CG1282228|-28|-66|CG1282229|-28|-63|CG1282230|-35|-63|CG1282231|-32|-62|CG1282232|-27|-62|CG1282229|-28|-63|CG1282230|-35|-63|CG1282231|-32|-62|CG1282232|-27|-62|CG1282229|-28|-63|CG1282230|-35|-63|CG1282243|-25|-61|CG1282244|-34|-69|CG1282245|-22|-74|CG1282246|-14|-76|CG1282247|-24|-70|CG1282248|-30|-64
671|2|8|1000|2|CG1283572|-24|-66|CG1283573|-59|-82
671|2|9|1000|1|CG1283574|-41|-69
671|2|10|1000|6|CG1283566|-33|-66|CG1283567|-27|-78|CG1283568|-20|-90|CG1283569|-11|-58|CG1283570|-7|-62|CG1283571|-4|-47
671|3|0|1598|4|CG1283644|-22|-72|CG1283643|-22|-73|CG1283645|-22|-72|CG1283643|-22|-73
671|3|1|1000|6|CG1283648|-34|-68|CG1283649|-25|-71|CG1283650|-33|-71|CG1283651|-37|-68|CG1283652|-42|-71|CG1283653|-42|-71
671|3|2|600|5|CG1325525|-125|-117|CG1325526|-119|-165|CG1325527|-116|-175|CG1325528|-58|-136|CG1325529|-81|-129
671|3|3|510|6|CG1283611|-43|-68|CG1283612|-37|-70|CG1283613|-41|-73|CG1283614|-43|-68|CG1283615|-33|-70|CG1283616|-41|-73
671|3|4|
671|3|5|1190|17|CG1283603|-21|-70|CG1283603|-21|-70|CG1283604|-31|-66|CG1283604|-31|-66|CG1283605|-40|-64|CG1283605|-40|-64|CG1283606|-39|-59|CG1283606|-39|-59|CG1283606|-39|-59|CG1283607|-26|-68|CG1283608|-5|-69|CG1283608|-5|-69|CG1283608|-5|-69|CG1283609|-4|-59|CG1283609|-4|-59|CG1283610|-13|-69|CG1283610|-13|-69
671|3|6|2499|27|CG1283630|-21|-70|CG1283632|-31|-67|CG1283633|-37|-62|CG1283634|-53|-61|CG1283635|-40|-62|CG1283636|-37|-62|CG1283633|-37|-62|CG1283634|-53|-61|CG1283635|-40|-62|CG1283636|-37|-62|CG1283633|-37|-62|CG1283634|-53|-61|CG1283635|-40|-62|CG1283636|-37|-62|CG1283633|-37|-62|CG1283637|-40|-59|CG1283638|-32|-61|CG1283639|-35|-88|CG1283639|-35|-88|CG1283639|-35|-88|CG1283631|-19|-62|CG1283637|-40|-59|CG1283633|-37|-62|CG1283633|-37|-62|CG1283632|-31|-67|CG1283630|-21|-70|CG1283630|-21|-70
671|3|7|1394|18|CG1282290|-21|-70|CG1282292|-31|-67|CG1282293|-37|-62|CG1282294|-53|-61|CG1282295|-40|-62|CG1282296|-37|-62|CG1282293|-37|-62|CG1282294|-53|-61|CG1282295|-40|-62|CG1282296|-37|-62|CG1282293|-37|-62|CG1282294|-53|-61|CG1282307|-30|-66|CG1282308|-36|-68|CG1282309|-11|-69|CG1282310|-5|-69|CG1282311|-25|-70|CG1282312|-21|-70
671|3|8|1000|2|CG1283625|-22|-69|CG1283626|-58|-67
671|3|9|1000|1|CG1283627|-36|-74
671|3|10|1000|6|CG1283619|-38|-70|CG1283620|-32|-71|CG1283621|-23|-70|CG1283622|5|-44|CG1283623|2|-50|CG1283624|-4|-27
671|4|0|1598|4|CG1283697|-30|-68|CG1283696|-29|-68|CG1283698|-29|-69|CG1283696|-29|-68
671|4|1|1000|6|CG1283701|-31|-66|CG1283702|-31|-69|CG1283703|-32|-68|CG1283704|-32|-65|CG1283705|-32|-69|CG1283706|-34|-69
671|4|2|600|5|CG1325581|-118|-123|CG1325582|-92|-162|CG1325583|-82|-152|CG1325584|-98|-119|CG1325585|-112|-122
671|4|3|510|6|CG1283664|-36|-65|CG1283665|-33|-68|CG1283666|-37|-70|CG1283667|-33|-66|CG1283668|-33|-68|CG1283669|-37|-70
671|4|4|
671|4|5|1190|17|CG1283656|-31|-66|CG1283656|-31|-66|CG1283657|-43|-64|CG1283657|-43|-64|CG1283658|-58|-63|CG1283658|-58|-63|CG1283659|-62|-60|CG1283659|-62|-60|CG1283659|-62|-60|CG1283660|-19|-56|CG1283661|-12|-66|CG1283661|-12|-66|CG1283661|-12|-66|CG1283662|-13|-45|CG1283662|-13|-45|CG1283663|-22|-58|CG1283663|-22|-58
671|4|6|2499|27|CG1283683|-35|-66|CG1283685|-44|-64|CG1283686|-57|-62|CG1283687|-59|-63|CG1283688|-56|-63|CG1283689|-55|-62|CG1283686|-57|-62|CG1283687|-59|-63|CG1283688|-56|-63|CG1283689|-55|-62|CG1283686|-57|-62|CG1283687|-59|-63|CG1283688|-56|-63|CG1283689|-55|-62|CG1283686|-57|-62|CG1283690|-53|-53|CG1283691|-43|-53|CG1283692|-28|-88|CG1283692|-28|-88|CG1283692|-28|-88|CG1283684|-25|-57|CG1283690|-53|-53|CG1283686|-57|-62|CG1283686|-57|-62|CG1283685|-44|-64|CG1283683|-35|-66|CG1283683|-35|-66
671|4|7|1394|18|CG1282354|-35|-66|CG1282356|-44|-64|CG1282357|-57|-62|CG1282358|-59|-63|CG1282359|-56|-63|CG1282360|-55|-62|CG1282357|-57|-62|CG1282358|-59|-63|CG1282359|-56|-63|CG1282360|-55|-62|CG1282357|-57|-62|CG1282358|-59|-63|CG1282371|-43|-64|CG1282372|-39|-65|CG1282373|-19|-58|CG1282374|-11|-56|CG1282375|-22|-61|CG1282376|-35|-66
671|4|8|1000|2|CG1283678|-23|-62|CG1283679|-58|-66
671|4|9|1000|1|CG1283680|-30|-68
671|4|10|1000|6|CG1283672|-30|-67|CG1283673|-29|-68|CG1283674|-21|-64|CG1283675|-4|-29|CG1283676|-6|-26|CG1283677|-9|-15
671|5|0|1598|4|CG1283750|-36|-67|CG1283749|-35|-67|CG1283751|-35|-67|CG1283749|-35|-67
671|5|1|1000|6|CG1283754|-37|-65|CG1283755|-37|-69|CG1283756|-37|-68|CG1283757|-40|-65|CG1283758|-38|-69|CG1283759|-37|-68
671|5|2|600|5|CG1325637|-87|-102|CG1325638|-101|-134|CG1325639|-81|-118|CG1325640|-146|-102|CG1325641|-132|-115
671|5|3|510|6|CG1283717|-37|-65|CG1283718|-37|-67|CG1283719|-38|-70|CG1283720|-38|-65|CG1283721|-37|-67|CG1283722|-37|-70
671|5|4|
671|5|5|1190|17|CG1283709|-35|-67|CG1283709|-35|-67|CG1283710|-45|-68|CG1283710|-45|-68|CG1283711|-69|-71|CG1283711|-69|-71|CG1283712|-73|-66|CG1283712|-73|-66|CG1283712|-73|-66|CG1283713|-38|-54|CG1283714|-37|-64|CG1283714|-37|-64|CG1283714|-37|-64|CG1283715|-39|-39|CG1283715|-39|-39|CG1283716|-40|-57|CG1283716|-40|-57
671|5|6|2499|27|CG1283736|-35|-67|CG1283738|-45|-69|CG1283739|-59|-70|CG1283740|-61|-71|CG1283741|-58|-70|CG1283742|-56|-70|CG1283739|-59|-70|CG1283740|-61|-71|CG1283741|-58|-70|CG1283742|-56|-70|CG1283739|-59|-70|CG1283740|-61|-71|CG1283741|-58|-70|CG1283742|-56|-70|CG1283739|-59|-70|CG1283743|-56|-62|CG1283744|-49|-56|CG1283745|-20|-93|CG1283745|-20|-93|CG1283745|-20|-93|CG1283737|-40|-57|CG1283743|-56|-62|CG1283739|-59|-70|CG1283739|-59|-70|CG1283738|-45|-69|CG1283736|-35|-67|CG1283736|-35|-67
671|5|7|1394|18|CG1282418|-35|-67|CG1282420|-45|-69|CG1282421|-49|-70|CG1282422|-46|-71|CG1282423|-47|-70|CG1282424|-50|-70|CG1282421|-49|-70|CG1282422|-46|-71|CG1282423|-47|-70|CG1282424|-50|-70|CG1282421|-49|-70|CG1282422|-46|-71|CG1282435|-41|-66|CG1282436|-38|-66|CG1282437|-29|-56|CG1282438|-34|-50|CG1282439|-40|-57|CG1282440|-35|-67
671|5|8|1000|2|CG1283731|-35|-60|CG1283732|-35|-71
671|5|9|1000|1|CG1283733|-34|-63
671|5|10|1000|6|CG1283725|-37|-67|CG1283726|-44|-63|CG1283727|-41|-54|CG1283728|-44|-18|CG1283729|-39|-27|CG1283730|-61|-12
671|6|0|1598|4|CG1283803|-31|-68|CG1283802|-31|-67|CG1283804|-32|-67|CG1283802|-31|-67
671|6|1|1000|6|CG1283807|-37|-66|CG1283808|-42|-69|CG1283809|-43|-69|CG1283810|-43|-66|CG1283811|-41|-69|CG1283812|-39|-69
671|6|2|600|5|CG1325693|-56|-115|CG1325694|-66|-158|CG1325695|-93|-143|CG1325696|-109|-126|CG1325697|-81|-115
671|6|3|510|6|CG1283770|-40|-65|CG1283771|-41|-66|CG1283772|-42|-68|CG1283773|-40|-64|CG1283774|-41|-66|CG1283775|-42|-69
671|6|4|
671|6|5|1190|17|CG1283762|-28|-69|CG1283762|-28|-69|CG1283763|-47|-71|CG1283763|-47|-71|CG1283764|-59|-74|CG1283764|-59|-74|CG1283765|-43|-68|CG1283765|-43|-68|CG1283765|-43|-68|CG1283766|-70|-59|CG1283767|-82|-64|CG1283767|-82|-64|CG1283767|-82|-64|CG1283768|-75|-45|CG1283768|-75|-45|CG1283769|-66|-61|CG1283769|-66|-61
671|6|6|2499|27|CG1283789|-42|-68|CG1283791|-54|-70|CG1283792|-54|-73|CG1283793|-52|-73|CG1283794|-54|-73|CG1283795|-55|-72|CG1283792|-54|-73|CG1283793|-52|-73|CG1283794|-54|-73|CG1283795|-55|-72|CG1283792|-54|-73|CG1283793|-52|-73|CG1283794|-54|-73|CG1283795|-55|-72|CG1283792|-54|-73|CG1283796|-46|-69|CG1283797|-54|-63|CG1283798|-29|-97|CG1283798|-29|-97|CG1283798|-29|-97|CG1283790|-52|-56|CG1283796|-46|-69|CG1283792|-54|-73|CG1283792|-54|-73|CG1283791|-54|-70|CG1283789|-42|-68|CG1283789|-42|-68
671|6|7|1394|18|CG1282482|-24|-68|CG1282484|-26|-70|CG1282485|-30|-73|CG1282486|-32|-73|CG1282487|-29|-73|CG1282488|-28|-72|CG1282485|-30|-73|CG1282486|-32|-73|CG1282487|-29|-73|CG1282488|-28|-72|CG1282485|-30|-73|CG1282486|-32|-73|CG1282499|-28|-68|CG1282500|-30|-75|CG1282501|-58|-65|CG1282502|-58|-50|CG1282503|-37|-60|CG1282504|-24|-68
671|6|8|1000|2|CG1283784|-36|-61|CG1283785|-41|-69
671|6|9|1000|1|CG1283786|-45|-62
671|6|10|1000|6|CG1283778|-31|-67|CG1283779|-50|-64|CG1283780|-63|-57|CG1283781|-84|-25|CG1283782|-90|-32|CG1283783|-117|-16
671|7|0|1598|4|CG1283856|-28|-70|CG1283855|-27|-70|CG1283857|-27|-70|CG1283855|-27|-70
671|7|1|1000|6|CG1283860|-36|-68|CG1283861|-35|-72|CG1283862|-35|-71|CG1283863|-37|-68|CG1283864|-38|-72|CG1283865|-38|-71
671|7|2|600|5|CG1325749|-65|-111|CG1325750|-73|-164|CG1325751|-68|-170|CG1325752|-60|-150|CG1325753|-60|-127
671|7|3|510|6|CG1283823|-28|-67|CG1283824|-29|-69|CG1283825|-29|-71|CG1283826|-30|-67|CG1283827|-28|-69|CG1283828|-29|-72
671|7|4|
671|7|5|1190|17|CG1283815|-53|-71|CG1283815|-53|-71|CG1283816|-58|-72|CG1283816|-58|-72|CG1283817|-26|-72|CG1283817|-26|-72|CG1283818|-31|-69|CG1283818|-31|-69|CG1283818|-31|-69|CG1283819|-79|-69|CG1283820|-94|-65|CG1283820|-94|-65|CG1283820|-94|-65|CG1283821|-88|-63|CG1283821|-88|-63|CG1283822|-78|-69|CG1283822|-78|-69
671|7|6|2499|27|CG1283842|-54|-71|CG1283844|-42|-72|CG1283845|-39|-71|CG1283846|-38|-71|CG1283847|-39|-71|CG1283848|-39|-71|CG1283845|-39|-71|CG1283846|-38|-71|CG1283847|-39|-71|CG1283848|-39|-71|CG1283845|-39|-71|CG1283846|-38|-71|CG1283847|-39|-71|CG1283848|-39|-71|CG1283845|-39|-71|CG1283849|-43|-68|CG1283850|-44|-66|CG1283851|-58|-99|CG1283851|-58|-99|CG1283851|-58|-99|CG1283843|-48|-64|CG1283849|-43|-68|CG1283845|-39|-71|CG1283845|-39|-71|CG1283844|-42|-72|CG1283842|-54|-71|CG1283842|-54|-71
671|7|7|1394|18|CG1282546|-23|-71|CG1282548|-30|-72|CG1282549|-30|-71|CG1282550|-30|-71|CG1282551|-30|-71|CG1282552|-30|-71|CG1282549|-30|-71|CG1282550|-30|-71|CG1282551|-30|-71|CG1282552|-30|-71|CG1282549|-30|-71|CG1282550|-30|-71|CG1282563|-33|-67|CG1282564|-41|-79|CG1282565|-61|-71|CG1282566|-60|-61|CG1282567|-40|-70|CG1282568|-23|-71
671|7|8|1000|2|CG1283837|-48|-67|CG1283838|-50|-65
671|7|9|1000|1|CG1283839|-40|-69
671|7|10|1000|6|CG1283831|-49|-70|CG1283832|-64|-68|CG1283833|-71|-75|CG1283834|-113|-45|CG1283835|-111|-44|CG1283836|-108|-31
