687|0|0|4182|24|CG1290217|-18|-76|CG1290218|-19|-76|CG1290217|-18|-76|CG1290218|-19|-76|CG1290217|-18|-76|CG1290218|-19|-76|CG1290219|-18|-75|CG1290216|-19|-75|CG1290219|-18|-75|CG1290216|-19|-75|CG1290219|-18|-75|CG1290216|-19|-75|CG1290219|-18|-75|CG1290216|-19|-75|CG1290219|-18|-75|CG1290216|-19|-75|CG1290217|-18|-76|CG1290218|-19|-76|CG1290219|-18|-75|CG1290216|-19|-75|CG1290219|-18|-75|CG1290216|-19|-75|CG1290219|-18|-75|CG1290216|-19|-75
687|0|1|697|6|CG1290222|-30|-79|CG1290223|-26|-80|CG1290224|-23|-81|CG1290225|-24|-79|CG1290226|-23|-78|CG1290227|-26|-78
687|0|2|600|5|CG1325357|-54|-113|CG1325358|-66|-144|CG1325359|-95|-176|CG1325360|-103|-137|CG1325361|-78|-106
687|0|3|425|6|CG1290188|-31|-81|CG1290189|-31|-80|CG1290190|-32|-82|CG1290191|-33|-80|CG1290192|-32|-80|CG1290193|-31|-82
687|0|4|
687|0|5|1000|14|CG1290181|-30|-66|CG1290181|-30|-66|CG1290182|-34|-56|CG1290182|-34|-56|CG1290183|-32|-104|CG1290183|-32|-104|CG1290184|-86|-82|CG1290184|-86|-82|CG1290185|-67|-85|CG1290185|-67|-85|CG1290186|-37|-105|CG1290186|-37|-105|CG1290187|-34|-72|CG1290187|-34|-72
687|0|6|1190|16|CG1290207|-18|-72|CG1290207|-18|-72|CG1290208|-23|-67|CG1290208|-23|-67|CG1290208|-23|-67|CG1290209|-15|-75|CG1290209|-15|-75|CG1290209|-15|-75|CG1290209|-15|-75|CG1290210|-31|-67|CG1290210|-31|-67|CG1290210|-31|-67|CG1290211|-34|-65|CG1290211|-34|-65|CG1290212|-26|-66|CG1290212|-26|-66
687|0|7|697|7|CG1289708|-26|-69|CG1289709|-21|-70|CG1289710|-19|-75|CG1289710|-19|-75|CG1289711|-27|-69|CG1289712|-42|-68|CG1289713|-38|-68
687|0|8|1000|2|CG1290202|-39|-70|CG1290203|-21|-51
687|0|9|1000|1|CG1290204|-25|-72
687|0|10|1088|13|CG1290196|-15|-71|CG1290196|-15|-71|CG1290197|-21|-55|CG1290197|-21|-55|CG1290197|-21|-55|CG1290198|-26|-69|CG1290198|-26|-69|CG1290199|-45|-56|CG1290199|-45|-56|CG1290200|-47|-55|CG1290200|-47|-55|CG1290201|-52|-46|CG1290201|-52|-46
687|1|0|4182|24|CG1290267|-17|-74|CG1290268|-20|-74|CG1290267|-17|-74|CG1290268|-20|-74|CG1290267|-17|-74|CG1290268|-20|-74|CG1290269|-17|-74|CG1290266|-20|-74|CG1290269|-17|-74|CG1290266|-20|-74|CG1290269|-17|-74|CG1290266|-20|-74|CG1290269|-17|-74|CG1290266|-20|-74|CG1290269|-17|-74|CG1290266|-20|-74|CG1290267|-17|-74|CG1290268|-20|-74|CG1290269|-17|-74|CG1290266|-20|-74|CG1290269|-17|-74|CG1290266|-20|-74|CG1290269|-17|-74|CG1290266|-20|-74
687|1|1|697|6|CG1290272|-22|-79|CG1290273|-25|-79|CG1290274|-24|-81|CG1290275|-22|-79|CG1290276|-24|-78|CG1290277|-25|-77
687|1|2|600|5|CG1325413|-100|-113|CG1325414|-102|-107|CG1325415|-90|-159|CG1325416|-142|-98|CG1325417|-131|-103
687|1|3|425|6|CG1290238|-24|-84|CG1290239|-24|-82|CG1290240|-24|-83|CG1290241|-23|-82|CG1290242|-24|-82|CG1290243|-24|-84
687|1|4|
687|1|5|1000|14|CG1290231|-30|-72|CG1290231|-30|-72|CG1290232|-57|-66|CG1290232|-57|-66|CG1290233|-20|-96|CG1290233|-20|-96|CG1290234|-29|-87|CG1290234|-29|-87|CG1290235|-20|-90|CG1290235|-20|-90|CG1290236|-22|-104|CG1290236|-22|-104|CG1290237|-26|-74|CG1290237|-26|-74
687|1|6|1190|16|CG1290257|-20|-71|CG1290257|-20|-71|CG1290258|-20|-66|CG1290258|-20|-66|CG1290258|-20|-66|CG1290259|-18|-68|CG1290259|-18|-68|CG1290259|-18|-68|CG1290259|-18|-68|CG1290260|-38|-71|CG1290260|-38|-71|CG1290260|-38|-71|CG1290261|-36|-69|CG1290261|-36|-69|CG1290262|-38|-65|CG1290262|-38|-65
687|1|7|697|7|CG1289773|-16|-69|CG1289774|-11|-65|CG1289775|-13|-74|CG1289775|-13|-74|CG1289776|-15|-69|CG1289777|-26|-69|CG1289778|-27|-69
687|1|8|1000|2|CG1290252|-27|-78|CG1290253|-33|-50
687|1|9|1000|1|CG1290254|-28|-71
687|1|10|1088|13|CG1290246|-29|-68|CG1290246|-29|-68|CG1290247|-28|-50|CG1290247|-28|-50|CG1290247|-28|-50|CG1290248|-22|-70|CG1290248|-22|-70|CG1290249|-29|-63|CG1290249|-29|-63|CG1290250|-26|-63|CG1290250|-26|-63|CG1290251|-29|-56|CG1290251|-29|-56
687|2|0|4182|24|CG1290317|-19|-75|CG1290318|-19|-75|CG1290317|-19|-75|CG1290318|-19|-75|CG1290317|-19|-75|CG1290318|-19|-75|CG1290319|-19|-76|CG1290316|-19|-76|CG1290319|-19|-76|CG1290316|-19|-76|CG1290319|-19|-76|CG1290316|-19|-76|CG1290319|-19|-76|CG1290316|-19|-76|CG1290319|-19|-76|CG1290316|-19|-76|CG1290317|-19|-75|CG1290318|-19|-75|CG1290319|-19|-76|CG1290316|-19|-76|CG1290319|-19|-76|CG1290316|-19|-76|CG1290319|-19|-76|CG1290316|-19|-76
687|2|1|697|6|CG1290322|-31|-78|CG1290323|-24|-79|CG1290324|-25|-82|CG1290325|-29|-80|CG1290326|-26|-79|CG1290327|-23|-78
687|2|2|600|5|CG1325469|-119|-113|CG1325470|-90|-142|CG1325471|-82|-174|CG1325472|-99|-116|CG1325473|-109|-103
687|2|3|425|6|CG1290288|-29|-82|CG1290289|-29|-81|CG1290290|-29|-83|CG1290291|-29|-83|CG1290292|-29|-82|CG1290293|-29|-83
687|2|4|
687|2|5|1000|14|CG1290281|-45|-76|CG1290281|-45|-76|CG1290282|-61|-74|CG1290282|-61|-74|CG1290283|-8|-81|CG1290283|-8|-81|CG1290284|-5|-79|CG1290284|-5|-79|CG1290285|-5|-86|CG1290285|-5|-86|CG1290286|-8|-95|CG1290286|-8|-95|CG1290287|-27|-74|CG1290287|-27|-74
687|2|6|1190|16|CG1290307|-31|-71|CG1290307|-31|-71|CG1290308|-27|-68|CG1290308|-27|-68|CG1290308|-27|-68|CG1290309|-43|-66|CG1290309|-43|-66|CG1290309|-43|-66|CG1290309|-43|-66|CG1290310|-32|-66|CG1290310|-32|-66|CG1290310|-32|-66|CG1290311|-29|-64|CG1290311|-29|-64|CG1290312|-34|-62|CG1290312|-34|-62
687|2|7|697|7|CG1289838|-16|-68|CG1289839|-18|-65|CG1289840|-19|-73|CG1289840|-19|-73|CG1289841|-14|-69|CG1289842|-14|-68|CG1289843|-15|-68
687|2|8|1000|2|CG1290302|-39|-75|CG1290303|-38|-55
687|2|9|1000|1|CG1290304|-16|-72
687|2|10|1088|13|CG1290296|-43|-68|CG1290296|-43|-68|CG1290297|-39|-52|CG1290297|-39|-52|CG1290297|-39|-52|CG1290298|-35|-66|CG1290298|-35|-66|CG1290299|-31|-54|CG1290299|-31|-54|CG1290300|-30|-56|CG1290300|-30|-56|CG1290301|-31|-47|CG1290301|-31|-47
687|3|0|4182|24|CG1290367|-16|-80|CG1290368|-16|-80|CG1290367|-16|-80|CG1290368|-16|-80|CG1290367|-16|-80|CG1290368|-16|-80|CG1290369|-16|-80|CG1290366|-16|-80|CG1290369|-16|-80|CG1290366|-16|-80|CG1290369|-16|-80|CG1290366|-16|-80|CG1290369|-16|-80|CG1290366|-16|-80|CG1290369|-16|-80|CG1290366|-16|-80|CG1290367|-16|-80|CG1290368|-16|-80|CG1290369|-16|-80|CG1290366|-16|-80|CG1290369|-16|-80|CG1290366|-16|-80|CG1290369|-16|-80|CG1290366|-16|-80
687|3|1|697|6|CG1290372|-23|-77|CG1290373|-14|-79|CG1290374|-22|-82|CG1290375|-27|-79|CG1290376|-19|-79|CG1290377|-16|-78
687|3|2|600|5|CG1325525|-125|-117|CG1325526|-119|-165|CG1325527|-116|-175|CG1325528|-58|-136|CG1325529|-81|-129
687|3|3|425|6|CG1290338|-21|-77|CG1290339|-20|-77|CG1290340|-23|-80|CG1290341|-22|-79|CG1290342|-21|-78|CG1290343|-23|-79
687|3|4|
687|3|5|1000|14|CG1290331|-47|-80|CG1290331|-47|-80|CG1290332|-32|-77|CG1290332|-32|-77|CG1290333|1|-75|CG1290333|1|-75|CG1290334|4|-61|CG1290334|4|-61|CG1290335|2|-75|CG1290335|2|-75|CG1290336|1|-82|CG1290336|1|-82|CG1290337|-50|-76|CG1290337|-50|-76
687|3|6|1190|16|CG1290357|-25|-76|CG1290357|-25|-76|CG1290358|-19|-72|CG1290358|-19|-72|CG1290358|-19|-72|CG1290359|-50|-74|CG1290359|-50|-74|CG1290359|-50|-74|CG1290359|-50|-74|CG1290360|-24|-55|CG1290360|-24|-55|CG1290360|-24|-55|CG1290361|-21|-57|CG1290361|-21|-57|CG1290362|-32|-57|CG1290362|-32|-57
687|3|7|697|7|CG1289903|-19|-74|CG1289904|-26|-70|CG1289905|-24|-72|CG1289905|-24|-72|CG1289906|-19|-72|CG1289907|-19|-72|CG1289908|-19|-73
687|3|8|1000|2|CG1290352|-28|-62|CG1290353|-46|-64
687|3|9|1000|1|CG1290354|-21|-74
687|3|10|1088|13|CG1290346|-36|-71|CG1290346|-36|-71|CG1290347|-51|-62|CG1290347|-51|-62|CG1290347|-51|-62|CG1290348|-29|-61|CG1290348|-29|-61|CG1290349|-27|-42|CG1290349|-27|-42|CG1290350|-21|-36|CG1290350|-21|-36|CG1290351|-27|-26|CG1290351|-27|-26
687|4|0|4182|24|CG1290417|-23|-84|CG1290418|-23|-84|CG1290417|-23|-84|CG1290418|-23|-84|CG1290417|-23|-84|CG1290418|-23|-84|CG1290419|-23|-84|CG1290416|-23|-85|CG1290419|-23|-84|CG1290416|-23|-85|CG1290419|-23|-84|CG1290416|-23|-85|CG1290419|-23|-84|CG1290416|-23|-85|CG1290419|-23|-84|CG1290416|-23|-85|CG1290417|-23|-84|CG1290418|-23|-84|CG1290419|-23|-84|CG1290416|-23|-85|CG1290419|-23|-84|CG1290416|-23|-85|CG1290419|-23|-84|CG1290416|-23|-85
687|4|1|697|6|CG1290422|-27|-76|CG1290423|-23|-79|CG1290424|-20|-82|CG1290425|-23|-77|CG1290426|-16|-77|CG1290427|-17|-78
687|4|2|600|5|CG1325581|-118|-123|CG1325582|-92|-162|CG1325583|-82|-152|CG1325584|-98|-119|CG1325585|-112|-122
687|4|3|425|6|CG1290388|-20|-72|CG1290389|-10|-72|CG1290390|-16|-75|CG1290391|-12|-73|CG1290392|-13|-72|CG1290393|-24|-74
687|4|4|
687|4|5|1000|14|CG1290381|-24|-81|CG1290381|-24|-81|CG1290382|-5|-76|CG1290382|-5|-76|CG1290383|-8|-73|CG1290383|-8|-73|CG1290384|7|-44|CG1290384|7|-44|CG1290385|6|-64|CG1290385|6|-64|CG1290386|-3|-76|CG1290386|-3|-76|CG1290387|-43|-81|CG1290387|-43|-81
687|4|6|1190|16|CG1290407|-23|-83|CG1290407|-23|-83|CG1290408|-19|-76|CG1290408|-19|-76|CG1290408|-19|-76|CG1290409|-35|-81|CG1290409|-35|-81|CG1290409|-35|-81|CG1290409|-35|-81|CG1290410|-20|-45|CG1290410|-20|-45|CG1290410|-20|-45|CG1290411|-20|-63|CG1290411|-20|-63|CG1290412|-20|-54|CG1290412|-20|-54
687|4|7|697|7|CG1289968|-21|-78|CG1289969|-28|-76|CG1289970|-25|-72|CG1289970|-25|-72|CG1289971|-21|-74|CG1289972|-21|-74|CG1289973|-21|-76
687|4|8|1000|2|CG1290402|-16|-62|CG1290403|-46|-79
687|4|9|1000|1|CG1290404|-28|-76
687|4|10|1088|13|CG1290396|-35|-81|CG1290396|-35|-81|CG1290397|-39|-71|CG1290397|-39|-71|CG1290397|-39|-71|CG1290398|-20|-56|CG1290398|-20|-56|CG1290399|-27|-37|CG1290399|-27|-37|CG1290400|-23|-33|CG1290400|-23|-33|CG1290401|-26|-28|CG1290401|-26|-28
687|5|0|4182|24|CG1290467|-21|-86|CG1290468|-21|-86|CG1290467|-21|-86|CG1290468|-21|-86|CG1290467|-21|-86|CG1290468|-21|-86|CG1290469|-21|-86|CG1290466|-21|-86|CG1290469|-21|-86|CG1290466|-21|-86|CG1290469|-21|-86|CG1290466|-21|-86|CG1290469|-21|-86|CG1290466|-21|-86|CG1290469|-21|-86|CG1290466|-21|-86|CG1290467|-21|-86|CG1290468|-21|-86|CG1290469|-21|-86|CG1290466|-21|-86|CG1290469|-21|-86|CG1290466|-21|-86|CG1290469|-21|-86|CG1290466|-21|-86
687|5|1|697|6|CG1290472|-23|-76|CG1290473|-24|-78|CG1290474|-19|-81|CG1290475|-19|-76|CG1290476|-19|-76|CG1290477|-22|-77
687|5|2|600|5|CG1325637|-87|-102|CG1325638|-101|-134|CG1325639|-81|-118|CG1325640|-146|-102|CG1325641|-132|-115
687|5|3|425|6|CG1290438|-25|-69|CG1290439|-26|-68|CG1290440|-23|-71|CG1290441|-22|-69|CG1290442|-25|-68|CG1290443|-24|-71
687|5|4|
687|5|5|1000|14|CG1290431|-17|-80|CG1290431|-17|-80|CG1290432|-14|-65|CG1290432|-14|-65|CG1290433|-38|-73|CG1290433|-38|-73|CG1290434|-18|-38|CG1290434|-18|-38|CG1290435|-13|-58|CG1290435|-13|-58|CG1290436|-18|-74|CG1290436|-18|-74|CG1290437|-30|-81|CG1290437|-30|-81
687|5|6|1190|16|CG1290457|-24|-86|CG1290457|-24|-86|CG1290458|-19|-76|CG1290458|-19|-76|CG1290458|-19|-76|CG1290459|-21|-85|CG1290459|-21|-85|CG1290459|-21|-85|CG1290459|-21|-85|CG1290460|-25|-41|CG1290460|-25|-41|CG1290460|-25|-41|CG1290461|-18|-63|CG1290461|-18|-63|CG1290462|-22|-55|CG1290462|-22|-55
687|5|7|697|7|CG1290033|-20|-78|CG1290034|-27|-80|CG1290035|-28|-74|CG1290035|-28|-74|CG1290036|-23|-74|CG1290037|-20|-74|CG1290038|-20|-76
687|5|8|1000|2|CG1290452|-20|-57|CG1290453|-29|-85
687|5|9|1000|1|CG1290454|-25|-76
687|5|10|1088|13|CG1290446|-25|-85|CG1290446|-25|-85|CG1290447|-25|-75|CG1290447|-25|-75|CG1290447|-25|-75|CG1290448|-25|-55|CG1290448|-25|-55|CG1290449|-32|-27|CG1290449|-32|-27|CG1290450|-33|-32|CG1290450|-33|-32|CG1290451|-35|-25|CG1290451|-35|-25
687|6|0|4182|24|CG1290517|-17|-84|CG1290518|-17|-84|CG1290517|-17|-84|CG1290518|-17|-84|CG1290517|-17|-84|CG1290518|-17|-84|CG1290519|-17|-83|CG1290516|-17|-83|CG1290519|-17|-83|CG1290516|-17|-83|CG1290519|-17|-83|CG1290516|-17|-83|CG1290519|-17|-83|CG1290516|-17|-83|CG1290519|-17|-83|CG1290516|-17|-83|CG1290517|-17|-84|CG1290518|-17|-84|CG1290519|-17|-83|CG1290516|-17|-83|CG1290519|-17|-83|CG1290516|-17|-83|CG1290519|-17|-83|CG1290516|-17|-83
687|6|1|697|6|CG1290522|-24|-76|CG1290523|-21|-78|CG1290524|-26|-80|CG1290525|-25|-75|CG1290526|-26|-75|CG1290527|-25|-77
687|6|2|600|5|CG1325693|-56|-115|CG1325694|-66|-158|CG1325695|-93|-143|CG1325696|-109|-126|CG1325697|-81|-115
687|6|3|425|6|CG1290488|-34|-70|CG1290489|-33|-69|CG1290490|-34|-71|CG1290491|-34|-69|CG1290492|-33|-68|CG1290493|-34|-71
687|6|4|
687|6|5|1000|14|CG1290481|-20|-70|CG1290481|-20|-70|CG1290482|-33|-60|CG1290482|-33|-60|CG1290483|-46|-88|CG1290483|-46|-88|CG1290484|-56|-48|CG1290484|-56|-48|CG1290485|-55|-63|CG1290485|-55|-63|CG1290486|-40|-84|CG1290486|-40|-84|CG1290487|-29|-78|CG1290487|-29|-78
687|6|6|1190|16|CG1290507|-16|-82|CG1290507|-16|-82|CG1290508|-21|-73|CG1290508|-21|-73|CG1290508|-21|-73|CG1290509|-11|-84|CG1290509|-11|-84|CG1290509|-11|-84|CG1290509|-11|-84|CG1290510|-34|-46|CG1290510|-34|-46|CG1290510|-34|-46|CG1290511|-35|-57|CG1290511|-35|-57|CG1290512|-32|-58|CG1290512|-32|-58
687|6|7|697|7|CG1290098|-22|-75|CG1290099|-22|-80|CG1290100|-23|-75|CG1290100|-23|-75|CG1290101|-36|-72|CG1290102|-22|-72|CG1290103|-22|-73
687|6|8|1000|2|CG1290502|-34|-49|CG1290503|-21|-79
687|6|9|1000|1|CG1290504|-27|-75
687|6|10|1088|13|CG1290496|-8|-80|CG1290496|-8|-80|CG1290497|-19|-72|CG1290497|-19|-72|CG1290497|-19|-72|CG1290498|-31|-58|CG1290498|-31|-58|CG1290499|-54|-26|CG1290499|-54|-26|CG1290500|-55|-35|CG1290500|-55|-35|CG1290501|-57|-26|CG1290501|-57|-26
687|7|0|4182|24|CG1290567|-15|-80|CG1290568|-15|-81|CG1290567|-15|-80|CG1290568|-15|-81|CG1290567|-15|-80|CG1290568|-15|-81|CG1290569|-15|-80|CG1290566|-15|-80|CG1290569|-15|-80|CG1290566|-15|-80|CG1290569|-15|-80|CG1290566|-15|-80|CG1290569|-15|-80|CG1290566|-15|-80|CG1290569|-15|-80|CG1290566|-15|-80|CG1290567|-15|-80|CG1290568|-15|-81|CG1290569|-15|-80|CG1290566|-15|-80|CG1290569|-15|-80|CG1290566|-15|-80|CG1290569|-15|-80|CG1290566|-15|-80
687|7|1|697|6|CG1290572|-26|-78|CG1290573|-25|-80|CG1290574|-25|-81|CG1290575|-31|-77|CG1290576|-27|-77|CG1290577|-25|-78
687|7|2|600|5|CG1325749|-65|-111|CG1325750|-73|-164|CG1325751|-68|-170|CG1325752|-60|-150|CG1325753|-60|-127
687|7|3|425|6|CG1290538|-39|-77|CG1290539|-39|-76|CG1290540|-39|-77|CG1290541|-39|-75|CG1290542|-39|-75|CG1290543|-39|-77
687|7|4|
687|7|5|1000|14|CG1290531|-25|-67|CG1290531|-25|-67|CG1290532|-35|-55|CG1290532|-35|-55|CG1290533|-44|-101|CG1290533|-44|-101|CG1290534|-99|-66|CG1290534|-99|-66|CG1290535|-87|-74|CG1290535|-87|-74|CG1290536|-42|-97|CG1290536|-42|-97|CG1290537|-26|-74|CG1290537|-26|-74
687|7|6|1190|16|CG1290557|-17|-77|CG1290557|-17|-77|CG1290558|-25|-70|CG1290558|-25|-70|CG1290558|-25|-70|CG1290559|-12|-81|CG1290559|-12|-81|CG1290559|-12|-81|CG1290559|-12|-81|CG1290560|-40|-57|CG1290560|-40|-57|CG1290560|-40|-57|CG1290561|-43|-54|CG1290561|-43|-54|CG1290562|-35|-63|CG1290562|-35|-63
687|7|7|697|7|CG1290163|-30|-72|CG1290164|-27|-75|CG1290165|-26|-74|CG1290165|-26|-74|CG1290166|-41|-70|CG1290167|-39|-69|CG1290168|-32|-70
687|7|8|1000|2|CG1290552|-48|-59|CG1290553|-27|-66
687|7|9|1000|1|CG1290554|-22|-75
687|7|10|1088|13|CG1290546|-4|-73|CG1290546|-4|-73|CG1290547|-7|-65|CG1290547|-7|-65|CG1290547|-7|-65|CG1290548|-35|-65|CG1290548|-35|-65|CG1290549|-63|-36|CG1290549|-63|-36|CG1290550|-63|-36|CG1290550|-63|-36|CG1290551|-69|-33|CG1290551|-69|-33
