665|0|0|1598|4|CG1280877|-55|-64|CG1280876|-54|-64|CG1280878|-53|-64|CG1280876|-54|-64
665|0|1|1000|6|CG1280881|-58|-62|CG1280882|-51|-65|CG1280883|-48|-64|CG1280884|-53|-61|CG1280885|-55|-64|CG1280886|-57|-64
665|0|2|600|5|CG1325357|-54|-113|CG1325358|-66|-144|CG1325359|-95|-176|CG1325360|-103|-137|CG1325361|-78|-106
665|0|3|510|6|CG1280844|-49|-60|CG1280845|-47|-62|CG1280846|-47|-65|CG1280847|-49|-60|CG1280848|-48|-62|CG1280849|-46|-65
665|0|4|
665|0|5|1190|17|CG1280836|-61|-64|CG1280836|-61|-64|CG1280837|-36|-66|CG1280837|-36|-66|CG1280838|-19|-65|CG1280838|-19|-65|CG1280839|-25|-64|CG1280839|-25|-64|CG1280839|-25|-64|CG1280840|-46|-71|CG1280841|-63|-71|CG1280841|-63|-71|CG1280841|-63|-71|CG1280842|-58|-71|CG1280842|-58|-71|CG1280843|-46|-71|CG1280843|-46|-71
665|0|6|2499|27|CG1280863|-42|-66|CG1280865|-39|-66|CG1280866|-41|-65|CG1280867|-41|-64|CG1280868|-41|-65|CG1280869|-40|-66|CG1280866|-41|-65|CG1280867|-41|-64|CG1280868|-41|-65|CG1280869|-40|-66|CG1280866|-41|-65|CG1280867|-41|-64|CG1280868|-41|-65|CG1280869|-40|-66|CG1280866|-41|-65|CG1280870|-50|-64|CG1280871|-51|-63|CG1280872|-54|-96|CG1280872|-54|-96|CG1280872|-54|-96|CG1280864|-54|-67|CG1280870|-50|-64|CG1280866|-41|-65|CG1280866|-41|-65|CG1280865|-39|-66|CG1280863|-42|-66|CG1280863|-42|-66
665|0|7|1394|18|CG1279490|-35|-66|CG1279492|-31|-66|CG1279493|-20|-65|CG1279494|-19|-64|CG1279495|-20|-65|CG1279496|-22|-65|CG1279493|-20|-65|CG1279494|-19|-64|CG1279495|-20|-65|CG1279496|-22|-65|CG1279493|-20|-65|CG1279494|-19|-64|CG1279507|-25|-60|CG1279508|-38|-74|CG1279509|-45|-75|CG1279510|-61|-72|CG1279511|-41|-69|CG1279512|-35|-66
665|0|8|1000|2|CG1280858|-66|-68|CG1280859|-36|-81
665|0|9|1000|1|CG1280860|-41|-69
665|0|10|1000|6|CG1280852|-58|-64|CG1280853|-56|-67|CG1280854|-43|-96|CG1280855|-85|-61|CG1280856|-75|-59|CG1280857|-74|-59
665|1|0|1598|4|CG1280930|-56|-65|CG1280929|-56|-65|CG1280931|-57|-65|CG1280929|-56|-65
665|1|1|1000|6|CG1280934|-55|-61|CG1280935|-56|-64|CG1280936|-54|-64|CG1280937|-52|-61|CG1280938|-55|-64|CG1280939|-55|-64
665|1|2|600|5|CG1325413|-100|-113|CG1325414|-102|-107|CG1325415|-90|-159|CG1325416|-142|-98|CG1325417|-131|-103
665|1|3|510|6|CG1280897|-57|-60|CG1280898|-56|-62|CG1280899|-56|-65|CG1280900|-57|-60|CG1280901|-56|-62|CG1280902|-55|-65
665|1|4|
665|1|5|1190|17|CG1280889|-38|-64|CG1280889|-38|-64|CG1280890|-27|-64|CG1280890|-27|-64|CG1280891|-17|-65|CG1280891|-17|-65|CG1280892|-20|-66|CG1280892|-20|-66|CG1280892|-20|-66|CG1280893|-33|-73|CG1280894|-35|-78|CG1280894|-35|-78|CG1280894|-35|-78|CG1280895|-33|-77|CG1280895|-33|-77|CG1280896|-32|-72|CG1280896|-32|-72
665|1|6|2499|27|CG1280916|-48|-64|CG1280918|-46|-61|CG1280919|-33|-61|CG1280920|-29|-62|CG1280921|-33|-59|CG1280922|-36|-59|CG1280919|-33|-61|CG1280920|-29|-62|CG1280921|-33|-59|CG1280922|-36|-59|CG1280919|-33|-61|CG1280920|-29|-62|CG1280921|-33|-59|CG1280922|-36|-59|CG1280919|-33|-61|CG1280923|-31|-66|CG1280924|-49|-66|CG1280925|-42|-92|CG1280925|-42|-92|CG1280925|-42|-92|CG1280917|-51|-68|CG1280923|-31|-66|CG1280919|-33|-61|CG1280919|-33|-61|CG1280918|-46|-61|CG1280916|-48|-64|CG1280916|-48|-64
665|1|7|1394|18|CG1279554|-39|-64|CG1279556|-27|-61|CG1279557|-15|-61|CG1279558|-17|-62|CG1279559|-17|-59|CG1279560|-14|-59|CG1279557|-15|-61|CG1279558|-17|-62|CG1279559|-17|-59|CG1279560|-14|-59|CG1279557|-15|-61|CG1279558|-17|-62|CG1279571|-31|-57|CG1279572|-37|-70|CG1279573|-36|-78|CG1279574|-39|-79|CG1279575|-34|-72|CG1279576|-39|-64
665|1|8|1000|2|CG1280911|-47|-67|CG1280912|-39|-88
665|1|9|1000|1|CG1280913|-57|-65
665|1|10|1000|6|CG1280905|-37|-65|CG1280906|-34|-80|CG1280907|-32|-102|CG1280908|-44|-67|CG1280909|-42|-63|CG1280910|-36|-59
665|2|0|1598|4|CG1280983|-30|-66|CG1280982|-30|-66|CG1280984|-31|-65|CG1280982|-30|-66
665|2|1|1000|6|CG1280987|-31|-61|CG1280988|-32|-64|CG1280989|-31|-64|CG1280990|-34|-61|CG1280991|-30|-65|CG1280992|-31|-64
665|2|2|600|5|CG1325469|-119|-113|CG1325470|-90|-142|CG1325471|-82|-174|CG1325472|-99|-116|CG1325473|-109|-103
665|2|3|510|6|CG1280950|-35|-61|CG1280951|-34|-63|CG1280952|-34|-67|CG1280953|-36|-62|CG1280954|-33|-63|CG1280955|-34|-66
665|2|4|
665|2|5|1190|17|CG1280942|-27|-65|CG1280942|-27|-65|CG1280943|-28|-65|CG1280943|-28|-65|CG1280944|-32|-66|CG1280944|-32|-66|CG1280945|-36|-65|CG1280945|-36|-65|CG1280945|-36|-65|CG1280946|-28|-73|CG1280947|-14|-72|CG1280947|-14|-72|CG1280947|-14|-72|CG1280948|-3|-70|CG1280948|-3|-70|CG1280949|-7|-74|CG1280949|-7|-74
665|2|6|2499|27|CG1280969|-46|-64|CG1280971|-29|-66|CG1280972|-28|-63|CG1280973|-35|-63|CG1280974|-32|-62|CG1280975|-27|-62|CG1280972|-28|-63|CG1280973|-35|-63|CG1280974|-32|-62|CG1280975|-27|-62|CG1280972|-28|-63|CG1280973|-35|-63|CG1280974|-32|-62|CG1280975|-27|-62|CG1280972|-28|-63|CG1280976|-32|-65|CG1280977|-29|-66|CG1280978|-34|-87|CG1280978|-34|-87|CG1280978|-34|-87|CG1280970|-21|-65|CG1280976|-32|-65|CG1280972|-28|-63|CG1280972|-28|-63|CG1280971|-29|-66|CG1280969|-46|-64|CG1280969|-46|-64
665|2|7|1394|18|CG1279618|-30|-64|CG1279620|-28|-66|CG1279621|-28|-63|CG1279622|-35|-63|CG1279623|-32|-62|CG1279624|-27|-62|CG1279621|-28|-63|CG1279622|-35|-63|CG1279623|-32|-62|CG1279624|-27|-62|CG1279621|-28|-63|CG1279622|-35|-63|CG1279635|-25|-61|CG1279636|-34|-69|CG1279637|-22|-74|CG1279638|-14|-76|CG1279639|-24|-70|CG1279640|-30|-64
665|2|8|1000|2|CG1280964|-24|-66|CG1280965|-59|-82
665|2|9|1000|1|CG1280966|-41|-69
665|2|10|1000|6|CG1280958|-33|-66|CG1280959|-27|-78|CG1280960|-20|-90|CG1280961|-11|-58|CG1280962|-7|-62|CG1280963|-4|-47
665|3|0|1598|4|CG1281036|-22|-72|CG1281035|-22|-73|CG1281037|-22|-72|CG1281035|-22|-73
665|3|1|1000|6|CG1281040|-34|-68|CG1281041|-25|-71|CG1281042|-33|-71|CG1281043|-37|-68|CG1281044|-42|-71|CG1281045|-42|-71
665|3|2|600|5|CG1325525|-125|-117|CG1325526|-119|-165|CG1325527|-116|-175|CG1325528|-58|-136|CG1325529|-81|-129
665|3|3|510|6|CG1281003|-43|-68|CG1281004|-37|-70|CG1281005|-41|-73|CG1281006|-43|-68|CG1281007|-33|-70|CG1281008|-41|-73
665|3|4|
665|3|5|1190|17|CG1280995|-21|-70|CG1280995|-21|-70|CG1280996|-31|-66|CG1280996|-31|-66|CG1280997|-40|-64|CG1280997|-40|-64|CG1280998|-39|-59|CG1280998|-39|-59|CG1280998|-39|-59|CG1280999|-26|-68|CG1281000|-5|-69|CG1281000|-5|-69|CG1281000|-5|-69|CG1281001|-4|-59|CG1281001|-4|-59|CG1281002|-13|-69|CG1281002|-13|-69
665|3|6|2499|27|CG1281022|-21|-70|CG1281024|-31|-67|CG1281025|-37|-62|CG1281026|-53|-61|CG1281027|-40|-62|CG1281028|-37|-62|CG1281025|-37|-62|CG1281026|-53|-61|CG1281027|-40|-62|CG1281028|-37|-62|CG1281025|-37|-62|CG1281026|-53|-61|CG1281027|-40|-62|CG1281028|-37|-62|CG1281025|-37|-62|CG1281029|-40|-59|CG1281030|-32|-61|CG1281031|-35|-88|CG1281031|-35|-88|CG1281031|-35|-88|CG1281023|-19|-62|CG1281029|-40|-59|CG1281025|-37|-62|CG1281025|-37|-62|CG1281024|-31|-67|CG1281022|-21|-70|CG1281022|-21|-70
665|3|7|1394|18|CG1279682|-21|-70|CG1279684|-31|-67|CG1279685|-37|-62|CG1279686|-53|-61|CG1279687|-40|-62|CG1279688|-37|-62|CG1279685|-37|-62|CG1279686|-53|-61|CG1279687|-40|-62|CG1279688|-37|-62|CG1279685|-37|-62|CG1279686|-53|-61|CG1279699|-30|-66|CG1279700|-36|-68|CG1279701|-11|-69|CG1279702|-5|-69|CG1279703|-25|-70|CG1279704|-21|-70
665|3|8|1000|2|CG1281017|-22|-69|CG1281018|-58|-67
665|3|9|1000|1|CG1281019|-36|-74
665|3|10|1000|6|CG1281011|-38|-70|CG1281012|-32|-71|CG1281013|-23|-70|CG1281014|5|-44|CG1281015|2|-50|CG1281016|-4|-27
665|4|0|1598|4|CG1281089|-30|-68|CG1281088|-29|-68|CG1281090|-29|-69|CG1281088|-29|-68
665|4|1|1000|6|CG1281093|-31|-66|CG1281094|-31|-69|CG1281095|-32|-68|CG1281096|-32|-65|CG1281097|-32|-69|CG1281098|-34|-69
665|4|2|600|5|CG1325581|-118|-123|CG1325582|-92|-162|CG1325583|-82|-152|CG1325584|-98|-119|CG1325585|-112|-122
665|4|3|510|6|CG1281056|-36|-65|CG1281057|-33|-68|CG1281058|-37|-70|CG1281059|-33|-66|CG1281060|-33|-68|CG1281061|-37|-70
665|4|4|
665|4|5|1190|17|CG1281048|-31|-66|CG1281048|-31|-66|CG1281049|-43|-64|CG1281049|-43|-64|CG1281050|-58|-63|CG1281050|-58|-63|CG1281051|-62|-60|CG1281051|-62|-60|CG1281051|-62|-60|CG1281052|-19|-56|CG1281053|-12|-66|CG1281053|-12|-66|CG1281053|-12|-66|CG1281054|-13|-45|CG1281054|-13|-45|CG1281055|-22|-58|CG1281055|-22|-58
665|4|6|2499|27|CG1281075|-35|-66|CG1281077|-44|-64|CG1281078|-57|-62|CG1281079|-59|-63|CG1281080|-56|-63|CG1281081|-55|-62|CG1281078|-57|-62|CG1281079|-59|-63|CG1281080|-56|-63|CG1281081|-55|-62|CG1281078|-57|-62|CG1281079|-59|-63|CG1281080|-56|-63|CG1281081|-55|-62|CG1281078|-57|-62|CG1281082|-53|-53|CG1281083|-43|-53|CG1281084|-28|-88|CG1281084|-28|-88|CG1281084|-28|-88|CG1281076|-25|-57|CG1281082|-53|-53|CG1281078|-57|-62|CG1281078|-57|-62|CG1281077|-44|-64|CG1281075|-35|-66|CG1281075|-35|-66
665|4|7|1394|18|CG1279746|-35|-66|CG1279748|-44|-64|CG1279749|-57|-62|CG1279750|-59|-63|CG1279751|-56|-63|CG1279752|-55|-62|CG1279749|-57|-62|CG1279750|-59|-63|CG1279751|-56|-63|CG1279752|-55|-62|CG1279749|-57|-62|CG1279750|-59|-63|CG1279763|-43|-64|CG1279764|-39|-65|CG1279765|-19|-58|CG1279766|-11|-56|CG1279767|-22|-61|CG1279768|-35|-66
665|4|8|1000|2|CG1281070|-23|-62|CG1281071|-58|-66
665|4|9|1000|1|CG1281072|-30|-68
665|4|10|1000|6|CG1281064|-30|-67|CG1281065|-29|-68|CG1281066|-21|-64|CG1281067|-4|-29|CG1281068|-6|-26|CG1281069|-9|-15
665|5|0|1598|4|CG1281142|-36|-67|CG1281141|-35|-67|CG1281143|-35|-67|CG1281141|-35|-67
665|5|1|1000|6|CG1281146|-37|-65|CG1281147|-37|-69|CG1281148|-37|-68|CG1281149|-40|-65|CG1281150|-38|-69|CG1281151|-37|-68
665|5|2|600|5|CG1325637|-87|-102|CG1325638|-101|-134|CG1325639|-81|-118|CG1325640|-146|-102|CG1325641|-132|-115
665|5|3|510|6|CG1281109|-37|-65|CG1281110|-37|-67|CG1281111|-38|-70|CG1281112|-38|-65|CG1281113|-37|-67|CG1281114|-37|-70
665|5|4|
665|5|5|1190|17|CG1281101|-35|-67|CG1281101|-35|-67|CG1281102|-45|-68|CG1281102|-45|-68|CG1281103|-69|-71|CG1281103|-69|-71|CG1281104|-73|-66|CG1281104|-73|-66|CG1281104|-73|-66|CG1281105|-38|-54|CG1281106|-37|-64|CG1281106|-37|-64|CG1281106|-37|-64|CG1281107|-39|-39|CG1281107|-39|-39|CG1281108|-40|-57|CG1281108|-40|-57
665|5|6|2499|27|CG1281128|-35|-67|CG1281130|-45|-69|CG1281131|-59|-70|CG1281132|-61|-71|CG1281133|-58|-70|CG1281134|-56|-70|CG1281131|-59|-70|CG1281132|-61|-71|CG1281133|-58|-70|CG1281134|-56|-70|CG1281131|-59|-70|CG1281132|-61|-71|CG1281133|-58|-70|CG1281134|-56|-70|CG1281131|-59|-70|CG1281135|-56|-62|CG1281136|-49|-56|CG1281137|-20|-93|CG1281137|-20|-93|CG1281137|-20|-93|CG1281129|-40|-57|CG1281135|-56|-62|CG1281131|-59|-70|CG1281131|-59|-70|CG1281130|-45|-69|CG1281128|-35|-67|CG1281128|-35|-67
665|5|7|1394|18|CG1279810|-35|-67|CG1279812|-45|-69|CG1279813|-49|-70|CG1279814|-46|-71|CG1279815|-47|-70|CG1279816|-50|-70|CG1279813|-49|-70|CG1279814|-46|-71|CG1279815|-47|-70|CG1279816|-50|-70|CG1279813|-49|-70|CG1279814|-46|-71|CG1279827|-41|-66|CG1279828|-38|-66|CG1279829|-29|-56|CG1279830|-34|-50|CG1279831|-40|-57|CG1279832|-35|-67
665|5|8|1000|2|CG1281123|-35|-60|CG1281124|-35|-71
665|5|9|1000|1|CG1281125|-34|-63
665|5|10|1000|6|CG1281117|-37|-67|CG1281118|-44|-63|CG1281119|-41|-54|CG1281120|-44|-18|CG1281121|-39|-27|CG1281122|-61|-12
665|6|0|1598|4|CG1281195|-31|-68|CG1281194|-31|-67|CG1281196|-32|-67|CG1281194|-31|-67
665|6|1|1000|6|CG1281199|-37|-66|CG1281200|-42|-69|CG1281201|-43|-69|CG1281202|-43|-66|CG1281203|-41|-69|CG1281204|-39|-69
665|6|2|600|5|CG1325693|-56|-115|CG1325694|-66|-158|CG1325695|-93|-143|CG1325696|-109|-126|CG1325697|-81|-115
665|6|3|510|6|CG1281162|-40|-65|CG1281163|-41|-66|CG1281164|-42|-68|CG1281165|-40|-64|CG1281166|-41|-66|CG1281167|-42|-69
665|6|4|
665|6|5|1190|17|CG1281154|-28|-69|CG1281154|-28|-69|CG1281155|-47|-71|CG1281155|-47|-71|CG1281156|-59|-74|CG1281156|-59|-74|CG1281157|-43|-68|CG1281157|-43|-68|CG1281157|-43|-68|CG1281158|-70|-59|CG1281159|-82|-64|CG1281159|-82|-64|CG1281159|-82|-64|CG1281160|-75|-45|CG1281160|-75|-45|CG1281161|-66|-61|CG1281161|-66|-61
665|6|6|2499|27|CG1281181|-42|-68|CG1281183|-54|-70|CG1281184|-54|-73|CG1281185|-52|-73|CG1281186|-54|-73|CG1281187|-55|-72|CG1281184|-54|-73|CG1281185|-52|-73|CG1281186|-54|-73|CG1281187|-55|-72|CG1281184|-54|-73|CG1281185|-52|-73|CG1281186|-54|-73|CG1281187|-55|-72|CG1281184|-54|-73|CG1281188|-46|-69|CG1281189|-54|-63|CG1281190|-29|-97|CG1281190|-29|-97|CG1281190|-29|-97|CG1281182|-52|-56|CG1281188|-46|-69|CG1281184|-54|-73|CG1281184|-54|-73|CG1281183|-54|-70|CG1281181|-42|-68|CG1281181|-42|-68
665|6|7|1394|18|CG1279874|-24|-68|CG1279876|-26|-70|CG1279877|-30|-73|CG1279878|-32|-73|CG1279879|-29|-73|CG1279880|-28|-72|CG1279877|-30|-73|CG1279878|-32|-73|CG1279879|-29|-73|CG1279880|-28|-72|CG1279877|-30|-73|CG1279878|-32|-73|CG1279891|-28|-68|CG1279892|-30|-75|CG1279893|-58|-65|CG1279894|-58|-50|CG1279895|-37|-60|CG1279896|-24|-68
665|6|8|1000|2|CG1281176|-36|-61|CG1281177|-41|-69
665|6|9|1000|1|CG1281178|-45|-62
665|6|10|1000|6|CG1281170|-31|-67|CG1281171|-50|-64|CG1281172|-63|-57|CG1281173|-84|-25|CG1281174|-90|-32|CG1281175|-117|-16
665|7|0|1598|4|CG1281248|-28|-70|CG1281247|-27|-70|CG1281249|-27|-70|CG1281247|-27|-70
665|7|1|1000|6|CG1281252|-36|-68|CG1281253|-35|-72|CG1281254|-35|-71|CG1281255|-37|-68|CG1281256|-38|-72|CG1281257|-38|-71
665|7|2|600|5|CG1325749|-65|-111|CG1325750|-73|-164|CG1325751|-68|-170|CG1325752|-60|-150|CG1325753|-60|-127
665|7|3|510|6|CG1281215|-28|-67|CG1281216|-29|-69|CG1281217|-29|-71|CG1281218|-30|-67|CG1281219|-28|-69|CG1281220|-29|-72
665|7|4|
665|7|5|1190|17|CG1281207|-53|-71|CG1281207|-53|-71|CG1281208|-58|-72|CG1281208|-58|-72|CG1281209|-26|-72|CG1281209|-26|-72|CG1281210|-31|-69|CG1281210|-31|-69|CG1281210|-31|-69|CG1281211|-79|-69|CG1281212|-94|-65|CG1281212|-94|-65|CG1281212|-94|-65|CG1281213|-88|-63|CG1281213|-88|-63|CG1281214|-78|-69|CG1281214|-78|-69
665|7|6|2499|27|CG1281234|-54|-71|CG1281236|-42|-72|CG1281237|-39|-71|CG1281238|-38|-71|CG1281239|-39|-71|CG1281240|-39|-71|CG1281237|-39|-71|CG1281238|-38|-71|CG1281239|-39|-71|CG1281240|-39|-71|CG1281237|-39|-71|CG1281238|-38|-71|CG1281239|-39|-71|CG1281240|-39|-71|CG1281237|-39|-71|CG1281241|-43|-68|CG1281242|-44|-66|CG1281243|-58|-99|CG1281243|-58|-99|CG1281243|-58|-99|CG1281235|-48|-64|CG1281241|-43|-68|CG1281237|-39|-71|CG1281237|-39|-71|CG1281236|-42|-72|CG1281234|-54|-71|CG1281234|-54|-71
665|7|7|1394|18|CG1279938|-23|-71|CG1279940|-30|-72|CG1279941|-30|-71|CG1279942|-30|-71|CG1279943|-30|-71|CG1279944|-30|-71|CG1279941|-30|-71|CG1279942|-30|-71|CG1279943|-30|-71|CG1279944|-30|-71|CG1279941|-30|-71|CG1279942|-30|-71|CG1279955|-33|-67|CG1279956|-41|-78|CG1279957|-61|-71|CG1279958|-60|-61|CG1279959|-40|-70|CG1279960|-23|-71
665|7|8|1000|2|CG1281229|-48|-67|CG1281230|-50|-65
665|7|9|1000|1|CG1281231|-40|-69
665|7|10|1000|6|CG1281223|-49|-70|CG1281224|-64|-68|CG1281225|-71|-75|CG1281226|-113|-45|CG1281227|-111|-44|CG1281228|-108|-31
