672|0|0|986|6|CG1283907|-23|-67|CG1283908|-21|-67|CG1283909|-17|-67|CG1283910|-17|-67|CG1283909|-17|-67|CG1283908|-21|-67
672|0|1|1000|6|CG1283915|-19|-67|CG1283916|-23|-68|CG1283917|-28|-67|CG1283918|-30|-67|CG1283919|-29|-67|CG1283920|-23|-67
672|0|2|600|5|CG1325357|-54|-113|CG1325358|-66|-144|CG1325359|-95|-176|CG1325360|-103|-137|CG1325361|-78|-106
672|0|3|510|6|CG1283876|-22|-69|CG1283877|-25|-67|CG1283878|-30|-66|CG1283879|-38|-69|CG1283880|-27|-67|CG1283881|-25|-66
672|0|4|
672|0|5|1190|15|CG1283868|-17|-61|CG1283868|-17|-61|CG1283869|-24|-68|CG1283869|-24|-68|CG1283869|-24|-68|CG1283870|-50|-75|CG1283871|-64|-67|CG1283872|-55|-68|CG1283872|-55|-68|CG1283872|-55|-68|CG1283872|-55|-68|CG1283873|-52|-67|CG1283874|-26|-106|CG1283875|-24|-88|CG1283868|-17|-61
672|0|6|2193|22|CG1283897|-24|-67|CG1283897|-24|-67|CG1283898|-21|-71|CG1283898|-21|-71|CG1283899|-18|-67|CG1283899|-18|-67|CG1283897|-24|-67|CG1283897|-24|-67|CG1283898|-21|-71|CG1283898|-21|-71|CG1283899|-18|-67|CG1283899|-18|-67|CG1283897|-24|-67|CG1283897|-24|-67|CG1283898|-21|-71|CG1283898|-21|-71|CG1283899|-18|-67|CG1283900|-38|-68|CG1283901|-35|-56|CG1283902|-35|-55|CG1283903|-40|-62|CG1283897|-24|-67
672|0|7|1000|8|CG1284751|-15|-67|CG1284752|-20|-66|CG1284753|-23|-65|CG1284754|-15|-64|CG1284755|-16|-63|CG1284756|-29|-65|CG1284757|-28|-67|CG1284752|-20|-66
672|0|8|1000|2|CG1283892|-23|-57|CG1283893|-20|-46
672|0|9|1000|1|CG1283894|-43|-67
672|0|10|986|8|CG1283884|-24|-66|CG1283885|-47|-57|CG1283886|-53|-55|CG1283887|-61|-54|CG1283888|-15|-67|CG1283889|-10|-35|CG1283890|-10|-19|CG1283891|-14|-11
672|1|0|986|6|CG1283962|-18|-68|CG1283963|-18|-68|CG1283964|-17|-68|CG1283965|-17|-68|CG1283964|-17|-68|CG1283963|-18|-68
672|1|1|1000|6|CG1283970|-15|-68|CG1283971|-16|-68|CG1283972|-17|-69|CG1283973|-18|-68|CG1283974|-19|-68|CG1283975|-18|-68
672|1|2|600|5|CG1325413|-100|-113|CG1325414|-102|-107|CG1325415|-90|-159|CG1325416|-142|-98|CG1325417|-131|-103
672|1|3|510|6|CG1283931|-12|-71|CG1283932|-16|-69|CG1283933|-17|-68|CG1283934|-12|-71|CG1283935|-17|-69|CG1283936|-15|-67
672|1|4|
672|1|5|1190|15|CG1283923|-24|-59|CG1283923|-24|-59|CG1283924|-40|-68|CG1283924|-40|-68|CG1283924|-40|-68|CG1283925|-24|-79|CG1283926|-20|-74|CG1283927|-20|-72|CG1283927|-20|-72|CG1283927|-20|-72|CG1283927|-20|-72|CG1283928|-20|-69|CG1283929|-21|-104|CG1283930|-21|-78|CG1283923|-24|-59
672|1|6|2193|22|CG1283952|-18|-68|CG1283952|-18|-68|CG1283953|-30|-69|CG1283953|-30|-69|CG1283954|-25|-68|CG1283954|-25|-68|CG1283952|-18|-68|CG1283952|-18|-68|CG1283953|-30|-69|CG1283953|-30|-69|CG1283954|-25|-68|CG1283954|-25|-68|CG1283952|-18|-68|CG1283952|-18|-68|CG1283953|-30|-69|CG1283953|-30|-69|CG1283954|-25|-68|CG1283955|-28|-69|CG1283956|-40|-59|CG1283957|-40|-59|CG1283958|-38|-65|CG1283952|-18|-68
672|1|7|1000|8|CG1284820|-18|-68|CG1284821|-15|-68|CG1284822|-12|-66|CG1284823|-12|-65|CG1284824|-11|-63|CG1284825|-13|-69|CG1284826|-21|-70|CG1284821|-15|-68
672|1|8|1000|2|CG1283947|-30|-62|CG1283948|-36|-45
672|1|9|1000|1|CG1283949|-29|-75
672|1|10|986|8|CG1283939|-13|-67|CG1283940|-20|-63|CG1283941|-22|-61|CG1283942|-36|-63|CG1283943|-39|-75|CG1283944|-41|-35|CG1283945|-37|-13|CG1283946|-43|-7
672|2|0|986|6|CG1284017|-15|-67|CG1284018|-14|-67|CG1284019|-12|-68|CG1284020|-11|-68|CG1284019|-12|-68|CG1284018|-14|-67
672|2|1|1000|6|CG1284025|-22|-67|CG1284026|-19|-67|CG1284027|-17|-68|CG1284028|-19|-68|CG1284029|-18|-68|CG1284030|-12|-68
672|2|2|600|5|CG1325469|-119|-113|CG1325470|-90|-142|CG1325471|-82|-174|CG1325472|-99|-116|CG1325473|-109|-103
672|2|3|510|6|CG1283986|-26|-70|CG1283987|-14|-68|CG1283988|-22|-66|CG1283989|-21|-70|CG1283990|-21|-67|CG1283991|-14|-66
672|2|4|
672|2|5|1190|15|CG1283978|-32|-56|CG1283978|-32|-56|CG1283979|-51|-69|CG1283979|-51|-69|CG1283979|-51|-69|CG1283980|-5|-70|CG1283981|-7|-69|CG1283982|-14|-69|CG1283982|-14|-69|CG1283982|-14|-69|CG1283982|-14|-69|CG1283983|-14|-66|CG1283984|-30|-94|CG1283985|-14|-62|CG1283978|-32|-56
672|2|6|2193|22|CG1284007|-15|-67|CG1284007|-15|-67|CG1284008|-23|-69|CG1284008|-23|-69|CG1284009|-20|-67|CG1284009|-20|-67|CG1284007|-15|-67|CG1284007|-15|-67|CG1284008|-23|-69|CG1284008|-23|-69|CG1284009|-20|-67|CG1284009|-20|-67|CG1284007|-15|-67|CG1284007|-15|-67|CG1284008|-23|-69|CG1284008|-23|-69|CG1284009|-20|-67|CG1284010|-11|-67|CG1284011|-32|-55|CG1284012|-32|-55|CG1284013|-20|-62|CG1284007|-15|-67
672|2|7|1000|8|CG1284889|-15|-67|CG1284890|-11|-67|CG1284891|-11|-65|CG1284892|-18|-63|CG1284893|-24|-63|CG1284894|-8|-66|CG1284895|-11|-67|CG1284890|-11|-67
672|2|8|1000|2|CG1284002|-26|-67|CG1284003|-48|-52
672|2|9|1000|1|CG1284004|-13|-79
672|2|10|986|8|CG1283994|-16|-66|CG1283995|-20|-63|CG1283996|-21|-62|CG1283997|-21|-67|CG1283998|-54|-89|CG1283999|-81|-35|CG1284000|-73|-16|CG1284001|-73|-10
672|3|0|986|6|CG1284072|-13|-67|CG1284073|-13|-67|CG1284074|-14|-67|CG1284075|-15|-67|CG1284074|-14|-67|CG1284073|-13|-67
672|3|1|1000|6|CG1284080|-25|-66|CG1284081|-20|-66|CG1284082|-14|-67|CG1284083|-25|-66|CG1284084|-20|-67|CG1284085|-19|-67
672|3|2|600|5|CG1325525|-125|-117|CG1325526|-119|-165|CG1325527|-116|-175|CG1325528|-58|-136|CG1325529|-81|-129
672|3|3|510|6|CG1284041|-29|-66|CG1284042|-13|-65|CG1284043|-17|-63|CG1284044|-30|-67|CG1284045|-19|-64|CG1284046|-14|-63
672|3|4|
672|3|5|1190|15|CG1284033|-48|-57|CG1284033|-48|-57|CG1284034|-38|-78|CG1284034|-38|-78|CG1284034|-38|-78|CG1284035|2|-57|CG1284036|1|-55|CG1284037|-9|-62|CG1284037|-9|-62|CG1284037|-9|-62|CG1284037|-9|-62|CG1284038|-10|-61|CG1284039|-34|-80|CG1284040|-20|-54|CG1284033|-48|-57
672|3|6|2193|22|CG1284062|-13|-67|CG1284062|-13|-67|CG1284063|-14|-68|CG1284063|-14|-68|CG1284064|-15|-68|CG1284064|-15|-68|CG1284062|-13|-67|CG1284062|-13|-67|CG1284063|-14|-68|CG1284063|-14|-68|CG1284064|-15|-68|CG1284064|-15|-68|CG1284062|-13|-67|CG1284062|-13|-67|CG1284063|-14|-68|CG1284063|-14|-68|CG1284064|-15|-68|CG1284065|-9|-64|CG1284066|-10|-45|CG1284067|-10|-44|CG1284068|-10|-54|CG1284062|-13|-67
672|3|7|1000|8|CG1284958|-13|-67|CG1284959|-8|-65|CG1284960|-8|-62|CG1284961|-21|-65|CG1284962|-29|-63|CG1284963|-6|-58|CG1284964|-9|-60|CG1284959|-8|-65
672|3|8|1000|2|CG1284057|-16|-68|CG1284058|-41|-66
672|3|9|1000|1|CG1284059|-12|-72
672|3|10|986|8|CG1284049|-15|-62|CG1284050|-19|-58|CG1284051|-21|-58|CG1284052|-21|-61|CG1284053|-46|-100|CG1284054|-83|-63|CG1284055|-105|-34|CG1284056|-105|-32
672|4|0|986|6|CG1284127|-18|-67|CG1284128|-19|-67|CG1284129|-19|-66|CG1284130|-20|-66|CG1284129|-19|-66|CG1284128|-19|-67
672|4|1|1000|6|CG1284135|-22|-66|CG1284136|-22|-66|CG1284137|-20|-67|CG1284138|-22|-66|CG1284139|-19|-66|CG1284140|-21|-67
672|4|2|600|5|CG1325581|-118|-123|CG1325582|-92|-162|CG1325583|-82|-152|CG1325584|-98|-119|CG1325585|-112|-122
672|4|3|510|6|CG1284096|-22|-64|CG1284097|-19|-62|CG1284098|-15|-61|CG1284099|-26|-64|CG1284100|-19|-61|CG1284101|-19|-60
672|4|4|
672|4|5|1190|15|CG1284088|-38|-58|CG1284088|-38|-58|CG1284089|-14|-85|CG1284089|-14|-85|CG1284089|-14|-85|CG1284090|3|-43|CG1284091|4|-38|CG1284092|-2|-53|CG1284092|-2|-53|CG1284092|-2|-53|CG1284092|-2|-53|CG1284093|-6|-56|CG1284094|-24|-75|CG1284095|-29|-55|CG1284088|-38|-58
672|4|6|2193|22|CG1284117|-19|-67|CG1284117|-19|-67|CG1284118|-23|-68|CG1284118|-23|-68|CG1284119|-22|-68|CG1284119|-22|-68|CG1284117|-19|-67|CG1284117|-19|-67|CG1284118|-23|-68|CG1284118|-23|-68|CG1284119|-22|-68|CG1284119|-22|-68|CG1284117|-19|-67|CG1284117|-19|-67|CG1284118|-23|-68|CG1284118|-23|-68|CG1284119|-22|-68|CG1284120|-17|-60|CG1284121|-11|-36|CG1284122|-11|-36|CG1284123|-11|-45|CG1284117|-19|-67
672|4|7|1000|8|CG1285027|-15|-67|CG1285028|-11|-63|CG1285029|-11|-59|CG1285030|-18|-68|CG1285031|-25|-67|CG1285032|-8|-51|CG1285033|-11|-54|CG1285028|-11|-63
672|4|8|1000|2|CG1284112|-17|-68|CG1284113|-20|-73
672|4|9|1000|1|CG1284114|-14|-58
672|4|10|986|8|CG1284104|-20|-60|CG1284105|-11|-50|CG1284106|-12|-50|CG1284107|-12|-55|CG1284108|-19|-103|CG1284109|-41|-87|CG1284110|-81|-46|CG1284111|-81|-46
672|5|0|986|6|CG1284182|-20|-67|CG1284183|-21|-67|CG1284184|-24|-66|CG1284185|-25|-66|CG1284184|-24|-66|CG1284183|-21|-67
672|5|1|1000|6|CG1284190|-19|-65|CG1284191|-19|-67|CG1284192|-19|-66|CG1284193|-18|-65|CG1284194|-17|-67|CG1284195|-17|-66
672|5|2|600|5|CG1325637|-87|-102|CG1325638|-101|-134|CG1325639|-81|-118|CG1325640|-146|-102|CG1325641|-132|-115
672|5|3|510|6|CG1284151|-21|-63|CG1284152|-23|-61|CG1284153|-21|-60|CG1284154|-18|-63|CG1284155|-24|-61|CG1284156|-24|-59
672|5|4|
672|5|5|1190|15|CG1284143|-19|-61|CG1284143|-19|-61|CG1284144|-16|-79|CG1284144|-16|-79|CG1284144|-16|-79|CG1284145|-28|-35|CG1284146|-11|-30|CG1284147|-11|-50|CG1284147|-11|-50|CG1284147|-11|-50|CG1284147|-11|-50|CG1284148|-14|-54|CG1284149|-24|-78|CG1284150|-55|-59|CG1284143|-19|-61
672|5|6|2193|22|CG1284172|-20|-67|CG1284172|-20|-67|CG1284173|-57|-68|CG1284173|-57|-68|CG1284174|-36|-69|CG1284174|-36|-69|CG1284172|-20|-67|CG1284172|-20|-67|CG1284173|-57|-68|CG1284173|-57|-68|CG1284174|-36|-69|CG1284174|-36|-69|CG1284172|-20|-67|CG1284172|-20|-67|CG1284173|-57|-68|CG1284173|-57|-68|CG1284174|-36|-69|CG1284175|-22|-59|CG1284176|-19|-33|CG1284177|-19|-33|CG1284178|-21|-42|CG1284172|-20|-67
672|5|7|1000|8|CG1285096|-18|-67|CG1285097|-15|-63|CG1285098|-12|-59|CG1285099|-12|-69|CG1285100|-13|-69|CG1285101|-13|-48|CG1285102|-22|-52|CG1285097|-15|-63
672|5|8|1000|2|CG1284167|-27|-64|CG1284168|-29|-71
672|5|9|1000|1|CG1284169|-15|-55
672|5|10|986|8|CG1284159|-26|-59|CG1284160|-19|-44|CG1284161|-18|-43|CG1284162|-13|-49|CG1284163|-10|-96|CG1284164|-11|-90|CG1284165|-23|-64|CG1284166|-23|-64
672|6|0|986|6|CG1284237|-42|-67|CG1284238|-43|-67|CG1284239|-44|-67|CG1284240|-44|-67|CG1284239|-44|-67|CG1284238|-43|-67
672|6|1|1000|6|CG1284245|-37|-66|CG1284246|-39|-67|CG1284247|-40|-67|CG1284248|-39|-65|CG1284249|-39|-67|CG1284250|-38|-66
672|6|2|600|5|CG1325693|-56|-115|CG1325694|-66|-158|CG1325695|-93|-143|CG1325696|-109|-126|CG1325697|-81|-115
672|6|3|510|6|CG1284206|-39|-64|CG1284207|-44|-62|CG1284208|-52|-61|CG1284209|-56|-64|CG1284210|-53|-62|CG1284211|-45|-61
672|6|4|
672|6|5|1190|15|CG1284198|-17|-63|CG1284198|-17|-63|CG1284199|-29|-63|CG1284199|-29|-63|CG1284199|-29|-63|CG1284200|-86|-39|CG1284201|-57|-35|CG1284202|-51|-53|CG1284202|-51|-53|CG1284202|-51|-53|CG1284202|-51|-53|CG1284203|-56|-57|CG1284204|-41|-87|CG1284205|-62|-66|CG1284198|-17|-63
672|6|6|2193|22|CG1284227|-44|-67|CG1284227|-44|-67|CG1284228|-62|-69|CG1284228|-62|-69|CG1284229|-55|-69|CG1284229|-55|-69|CG1284227|-44|-67|CG1284227|-44|-67|CG1284228|-62|-69|CG1284228|-62|-69|CG1284229|-55|-69|CG1284229|-55|-69|CG1284227|-44|-67|CG1284227|-44|-67|CG1284228|-62|-69|CG1284228|-62|-69|CG1284229|-55|-69|CG1284230|-21|-61|CG1284231|-31|-37|CG1284232|-31|-36|CG1284233|-29|-45|CG1284227|-44|-67
672|6|7|1000|8|CG1285165|-15|-67|CG1285166|-20|-63|CG1285167|-23|-60|CG1285168|-15|-68|CG1285169|-15|-67|CG1285170|-31|-51|CG1285171|-29|-55|CG1285166|-20|-63
672|6|8|1000|2|CG1284222|-52|-60|CG1284223|-52|-60
672|6|9|1000|1|CG1284224|-22|-56
672|6|10|986|8|CG1284214|-55|-61|CG1284215|-36|-43|CG1284216|-31|-41|CG1284217|-24|-46|CG1284218|-21|-82|CG1284219|-17|-73|CG1284220|-8|-57|CG1284221|-12|-57
672|7|0|986|6|CG1284292|-44|-66|CG1284293|-43|-66|CG1284294|-40|-66|CG1284295|-39|-67|CG1284294|-40|-66|CG1284293|-43|-66
672|7|1|1000|6|CG1284300|-38|-66|CG1284301|-42|-67|CG1284302|-47|-67|CG1284303|-47|-66|CG1284304|-47|-67|CG1284305|-42|-66
672|7|2|600|5|CG1325749|-65|-111|CG1325750|-73|-164|CG1325751|-68|-170|CG1325752|-60|-150|CG1325753|-60|-127
672|7|3|510|6|CG1284261|-37|-66|CG1284262|-43|-64|CG1284263|-55|-63|CG1284264|-65|-66|CG1284265|-54|-64|CG1284266|-44|-63
672|7|4|
672|7|5|1190|15|CG1284253|-18|-63|CG1284253|-18|-63|CG1284254|-28|-61|CG1284254|-28|-61|CG1284254|-28|-61|CG1284255|-93|-54|CG1284256|-83|-51|CG1284257|-73|-60|CG1284257|-73|-60|CG1284257|-73|-60|CG1284257|-73|-60|CG1284258|-73|-62|CG1284259|-44|-98|CG1284260|-37|-83|CG1284253|-18|-63
672|7|6|2193|22|CG1284282|-47|-67|CG1284282|-47|-67|CG1284283|-32|-68|CG1284283|-32|-68|CG1284284|-42|-67|CG1284284|-42|-67|CG1284282|-47|-67|CG1284282|-47|-67|CG1284283|-32|-68|CG1284283|-32|-68|CG1284284|-42|-67|CG1284284|-42|-67|CG1284282|-47|-67|CG1284282|-47|-67|CG1284283|-32|-68|CG1284283|-32|-68|CG1284284|-42|-67|CG1284285|-32|-64|CG1284286|-39|-46|CG1284287|-39|-45|CG1284288|-37|-54|CG1284282|-47|-67
672|7|7|1000|8|CG1285234|-15|-66|CG1285235|-19|-64|CG1285236|-30|-62|CG1285237|-17|-65|CG1285238|-15|-64|CG1285239|-35|-58|CG1285240|-33|-60|CG1285235|-19|-64
672|7|8|1000|2|CG1284277|-47|-57|CG1284278|-47|-49
672|7|9|1000|1|CG1284279|-35|-57
672|7|10|986|8|CG1284269|-54|-64|CG1284270|-59|-49|CG1284271|-60|-47|CG1284272|-52|-49|CG1284273|-23|-69|CG1284274|-17|-46|CG1284275|-6|-28|CG1284276|-6|-28
