679|0|0|986|4|CG1286975|-24|-70|CG1286976|-24|-70|CG1286977|-24|-68|CG1286978|-24|-70
679|0|1|1000|6|CG1286981|-26|-69|CG1286982|-16|-70|CG1286983|-21|-72|CG1286984|-18|-70|CG1286985|-18|-70|CG1286986|-20|-72
679|0|2|600|5|CG1325357|-54|-113|CG1325358|-66|-144|CG1325359|-95|-176|CG1325360|-103|-137|CG1325361|-78|-106
679|0|3|493|6|CG1287284|-26|-72|CG1287285|-26|-73|CG1287286|-31|-74|CG1287287|-28|-73|CG1287288|-31|-73|CG1287289|-26|-72
679|0|4|
679|0|5|986|9|CG1286948|-27|-70|CG1286949|-40|-79|CG1286950|-32|-73|CG1286951|-41|-74|CG1286952|-41|-74|CG1286953|-47|-74|CG1286953|-47|-74|CG1286954|-28|-72|CG1286955|-27|-71
679|0|6|2295|19|CG1286975|-24|-70|CG1286976|-24|-70|CG1286977|-24|-68|CG1286978|-24|-70|CG1286969|-25|-73|CG1286970|-20|-71|CG1286971|-18|-71|CG1286971|-18|-71|CG1286971|-18|-71|CG1286971|-18|-71|CG1286971|-18|-71|CG1286971|-18|-71|CG1286971|-18|-71|CG1286971|-18|-71|CG1286971|-18|-71|CG1286971|-18|-71|CG1286971|-18|-71|CG1286970|-20|-71|CG1286969|-25|-73
679|0|7|1000|8|CG1287319|-23|-70|CG1287320|-23|-68|CG1287321|-22|-66|CG1287322|-23|-65|CG1287323|-37|-72|CG1287324|-44|-68|CG1287325|-27|-68|CG1287326|-25|-67
679|0|8|1000|2|CG1286964|-36|-68|CG1286965|-29|-55
679|0|9|1000|1|CG1286966|-24|-67
679|0|10|799|6|CG1286958|-27|-68|CG1286959|-32|-74|CG1286960|-37|-76|CG1286961|-36|-74|CG1286962|-47|-72|CG1286963|-62|-49
679|1|0|986|4|CG1287016|-17|-68|CG1287017|-17|-68|CG1287018|-17|-69|CG1287019|-17|-69
679|1|1|1000|6|CG1287022|-20|-69|CG1287023|-21|-70|CG1287024|-19|-71|CG1287025|-16|-69|CG1287026|-17|-70|CG1287027|-22|-72
679|1|2|600|5|CG1325413|-100|-113|CG1325414|-102|-107|CG1325415|-90|-159|CG1325416|-142|-98|CG1325417|-131|-103
679|1|3|493|6|CG1287346|-23|-74|CG1287347|-28|-74|CG1287348|-18|-75|CG1287349|-13|-74|CG1287350|-18|-74|CG1287351|-28|-74
679|1|4|
679|1|5|986|9|CG1286989|-17|-68|CG1286990|-21|-88|CG1286991|-17|-75|CG1286992|-16|-78|CG1286993|-16|-78|CG1286994|-17|-79|CG1286994|-17|-79|CG1286995|-16|-72|CG1286996|-17|-70
679|1|6|2295|19|CG1287016|-17|-68|CG1287017|-17|-68|CG1287018|-17|-69|CG1287019|-17|-69|CG1287010|-28|-73|CG1287011|-17|-67|CG1287012|-24|-62|CG1287012|-24|-62|CG1287012|-24|-62|CG1287012|-24|-62|CG1287012|-24|-62|CG1287012|-24|-62|CG1287012|-24|-62|CG1287012|-24|-62|CG1287012|-24|-62|CG1287012|-24|-62|CG1287012|-24|-62|CG1287011|-17|-67|CG1287010|-28|-73
679|1|7|1000|8|CG1287381|-20|-69|CG1287382|-20|-67|CG1287383|-20|-65|CG1287384|-20|-63|CG1287385|-24|-77|CG1287386|-30|-75|CG1287387|-29|-70|CG1287388|-21|-67
679|1|8|1000|2|CG1287005|-23|-70|CG1287006|-18|-59
679|1|9|1000|1|CG1287007|-18|-65
679|1|10|799|6|CG1286999|-17|-68|CG1287000|-16|-75|CG1287001|-16|-78|CG1287002|-18|-75|CG1287003|-23|-77|CG1287004|-32|-58
679|2|0|986|4|CG1287057|-13|-68|CG1287058|-13|-69|CG1287059|-17|-69|CG1287060|-16|-69
679|2|1|1000|6|CG1287063|-27|-69|CG1287064|-26|-70|CG1287065|-20|-72|CG1287066|-28|-70|CG1287067|-23|-70|CG1287068|-20|-72
679|2|2|600|5|CG1325469|-119|-113|CG1325470|-90|-142|CG1325471|-82|-174|CG1325472|-99|-116|CG1325473|-109|-103
679|2|3|493|6|CG1287408|-31|-73|CG1287409|-22|-73|CG1287410|-24|-74|CG1287411|-33|-73|CG1287412|-25|-73|CG1287413|-23|-73
679|2|4|
679|2|5|986|9|CG1287030|-13|-68|CG1287031|-10|-88|CG1287032|-8|-74|CG1287033|-8|-73|CG1287034|-8|-73|CG1287035|-8|-74|CG1287035|-8|-74|CG1287036|-8|-67|CG1287037|-11|-69
679|2|6|2295|19|CG1287057|-13|-68|CG1287058|-13|-69|CG1287059|-17|-69|CG1287060|-16|-69|CG1287051|-20|-74|CG1287052|-16|-63|CG1287053|-17|-53|CG1287053|-17|-53|CG1287053|-17|-53|CG1287053|-17|-53|CG1287053|-17|-53|CG1287053|-17|-53|CG1287053|-17|-53|CG1287053|-17|-53|CG1287053|-17|-53|CG1287053|-17|-53|CG1287053|-17|-53|CG1287052|-16|-63|CG1287051|-20|-74
679|2|7|1000|8|CG1287443|-16|-69|CG1287444|-15|-67|CG1287445|-17|-65|CG1287446|-19|-64|CG1287447|-17|-76|CG1287448|-22|-77|CG1287449|-21|-71|CG1287450|-17|-67
679|2|8|1000|2|CG1287046|-9|-65|CG1287047|-40|-62
679|2|9|1000|1|CG1287048|-24|-65
679|2|10|799|6|CG1287040|-22|-67|CG1287041|-12|-75|CG1287042|-12|-76|CG1287043|-13|-72|CG1287044|-6|-70|CG1287045|-12|-47
679|3|0|986|4|CG1287098|-25|-67|CG1287099|-26|-69|CG1287100|-33|-68|CG1287101|-37|-70
679|3|1|1000|6|CG1287104|-32|-72|CG1287105|-21|-72|CG1287106|-21|-74|CG1287107|-29|-71|CG1287108|-23|-72|CG1287109|-21|-74
679|3|2|600|5|CG1325525|-125|-117|CG1325526|-119|-165|CG1325527|-116|-175|CG1325528|-58|-136|CG1325529|-81|-129
679|3|3|493|6|CG1287470|-44|-69|CG1287471|-25|-69|CG1287472|-27|-70|CG1287473|-41|-69|CG1287474|-29|-69|CG1287475|-28|-69
679|3|4|
679|3|5|986|9|CG1287071|-25|-67|CG1287072|-3|-78|CG1287073|0|-68|CG1287074|0|-66|CG1287075|0|-66|CG1287076|0|-66|CG1287076|0|-66|CG1287077|-3|-63|CG1287078|-21|-68
679|3|6|2295|19|CG1287098|-25|-67|CG1287099|-26|-69|CG1287100|-33|-68|CG1287101|-37|-70|CG1287092|-15|-75|CG1287093|-13|-61|CG1287094|-25|-49|CG1287094|-25|-49|CG1287094|-25|-49|CG1287094|-25|-49|CG1287094|-25|-49|CG1287094|-25|-49|CG1287094|-25|-49|CG1287094|-25|-49|CG1287094|-25|-49|CG1287094|-25|-49|CG1287094|-25|-49|CG1287093|-13|-61|CG1287092|-15|-75
679|3|7|1000|8|CG1287505|-21|-70|CG1287506|-24|-69|CG1287507|-29|-67|CG1287508|-30|-67|CG1287509|-23|-68|CG1287510|-25|-69|CG1287511|-21|-68|CG1287512|-21|-68
679|3|8|1000|2|CG1287087|-7|-56|CG1287088|-50|-63
679|3|9|1000|1|CG1287089|-24|-66
679|3|10|799|6|CG1287081|-29|-70|CG1287082|-18|-72|CG1287083|-8|-68|CG1287084|-13|-71|CG1287085|2|-52|CG1287086|1|-28
679|4|0|986|4|CG1287139|-39|-67|CG1287140|-37|-70|CG1287141|-34|-67|CG1287142|-40|-70
679|4|1|1000|6|CG1287145|-29|-74|CG1287146|-21|-75|CG1287147|-30|-76|CG1287148|-33|-74|CG1287149|-34|-74|CG1287150|-26|-76
679|4|2|600|5|CG1325581|-118|-123|CG1325582|-92|-162|CG1325583|-82|-152|CG1325584|-98|-119|CG1325585|-112|-122
679|4|3|493|6|CG1287532|-35|-63|CG1287533|-26|-63|CG1287534|-24|-63|CG1287535|-30|-62|CG1287536|-24|-62|CG1287537|-24|-62
679|4|4|
679|4|5|986|9|CG1287112|-26|-67|CG1287113|-10|-69|CG1287114|-7|-60|CG1287115|-2|-59|CG1287116|-2|-59|CG1287117|-2|-56|CG1287117|-2|-56|CG1287118|-12|-60|CG1287119|-25|-68
679|4|6|2295|19|CG1287139|-39|-67|CG1287140|-37|-70|CG1287141|-34|-67|CG1287142|-40|-70|CG1287133|-31|-76|CG1287134|-39|-63|CG1287135|-55|-53|CG1287135|-55|-53|CG1287135|-55|-53|CG1287135|-55|-53|CG1287135|-55|-53|CG1287135|-55|-53|CG1287135|-55|-53|CG1287135|-55|-53|CG1287135|-55|-53|CG1287135|-55|-53|CG1287135|-55|-53|CG1287134|-39|-63|CG1287133|-31|-76
679|4|7|1000|8|CG1287567|-22|-70|CG1287568|-35|-70|CG1287569|-36|-69|CG1287570|-34|-70|CG1287571|-21|-57|CG1287572|-18|-56|CG1287573|-15|-62|CG1287574|-19|-68
679|4|8|1000|2|CG1287128|-20|-52|CG1287129|-43|-64
679|4|9|1000|1|CG1287130|-26|-65
679|4|10|799|6|CG1287122|-35|-72|CG1287123|-29|-68|CG1287124|-22|-57|CG1287125|-24|-69|CG1287126|-11|-35|CG1287127|-14|-20
679|5|0|986|4|CG1287180|-35|-67|CG1287181|-33|-69|CG1287182|-28|-66|CG1287183|-32|-70
679|5|1|1000|6|CG1287186|-29|-74|CG1287187|-29|-75|CG1287188|-29|-77|CG1287189|-29|-74|CG1287190|-29|-75|CG1287191|-32|-76
679|5|2|600|5|CG1325637|-87|-102|CG1325638|-101|-134|CG1325639|-81|-118|CG1325640|-146|-102|CG1325641|-132|-115
679|5|3|493|6|CG1287594|-13|-60|CG1287595|-19|-59|CG1287596|-28|-60|CG1287597|-18|-59|CG1287598|-28|-59|CG1287599|-19|-59
679|5|4|
679|5|5|986|9|CG1287153|-37|-67|CG1287154|-37|-66|CG1287155|-38|-56|CG1287156|-36|-56|CG1287157|-36|-56|CG1287158|-33|-52|CG1287158|-33|-52|CG1287159|-41|-61|CG1287160|-43|-69
679|5|6|2295|19|CG1287180|-35|-67|CG1287181|-33|-69|CG1287182|-28|-66|CG1287183|-32|-70|CG1287174|-35|-76|CG1287175|-46|-66|CG1287176|-61|-63|CG1287176|-61|-63|CG1287176|-61|-63|CG1287176|-61|-63|CG1287176|-61|-63|CG1287176|-61|-63|CG1287176|-61|-63|CG1287176|-61|-63|CG1287176|-61|-63|CG1287176|-61|-63|CG1287176|-61|-63|CG1287175|-46|-66|CG1287174|-35|-76
679|5|7|1000|8|CG1287629|-22|-70|CG1287630|-32|-70|CG1287631|-28|-71|CG1287632|-26|-72|CG1287633|-13|-51|CG1287634|-4|-46|CG1287635|-13|-58|CG1287636|-22|-67
679|5|8|1000|2|CG1287169|-31|-49|CG1287170|-37|-63
679|5|9|1000|1|CG1287171|-24|-65
679|5|10|799|6|CG1287163|-32|-73|CG1287164|-33|-65|CG1287165|-34|-54|CG1287166|-31|-69|CG1287167|-40|-28|CG1287168|-44|-12
679|6|0|986|4|CG1287221|-30|-69|CG1287222|-24|-71|CG1287223|-26|-67|CG1287224|-23|-71
679|6|1|1000|6|CG1287227|-29|-73|CG1287228|-30|-74|CG1287229|-27|-76|CG1287230|-28|-74|CG1287231|-27|-74|CG1287232|-30|-76
679|6|2|600|5|CG1325693|-56|-115|CG1325694|-66|-158|CG1325695|-93|-143|CG1325696|-109|-126|CG1325697|-81|-115
679|6|3|493|6|CG1287656|-27|-63|CG1287657|-32|-62|CG1287658|-27|-63|CG1287659|-28|-63|CG1287660|-27|-62|CG1287661|-33|-62
679|6|4|
679|6|5|986|9|CG1287194|-37|-69|CG1287195|-43|-68|CG1287196|-64|-59|CG1287197|-59|-60|CG1287198|-59|-60|CG1287199|-56|-57|CG1287199|-56|-57|CG1287200|-48|-64|CG1287201|-40|-71
679|6|6|2295|19|CG1287221|-30|-69|CG1287222|-24|-71|CG1287223|-26|-67|CG1287224|-23|-71|CG1287215|-33|-75|CG1287216|-40|-70|CG1287217|-48|-74|CG1287217|-48|-74|CG1287217|-48|-74|CG1287217|-48|-74|CG1287217|-48|-74|CG1287217|-48|-74|CG1287217|-48|-74|CG1287217|-48|-74|CG1287217|-48|-74|CG1287217|-48|-74|CG1287217|-48|-74|CG1287216|-40|-70|CG1287215|-33|-75
679|6|7|1000|8|CG1287691|-21|-71|CG1287692|-23|-71|CG1287693|-15|-71|CG1287694|-19|-72|CG1287695|-36|-52|CG1287696|-28|-45|CG1287697|-24|-59|CG1287698|-18|-69
679|6|8|1000|2|CG1287210|-40|-50|CG1287211|-21|-58
679|6|9|1000|1|CG1287212|-33|-67
679|6|10|799|6|CG1287204|-32|-73|CG1287205|-38|-67|CG1287206|-44|-57|CG1287207|-45|-70|CG1287208|-68|-37|CG1287209|-75|-22
679|7|0|986|4|CG1287262|-25|-70|CG1287263|-26|-70|CG1287264|-30|-67|CG1287265|-26|-71
679|7|1|1000|6|CG1287268|-29|-71|CG1287269|-23|-72|CG1287270|-21|-74|CG1287271|-30|-72|CG1287272|-20|-72|CG1287273|-23|-74
679|7|2|600|5|CG1325749|-65|-111|CG1325750|-73|-164|CG1325751|-68|-170|CG1325752|-60|-150|CG1325753|-60|-127
679|7|3|493|6|CG1287718|-36|-69|CG1287719|-32|-69|CG1287720|-34|-70|CG1287721|-37|-69|CG1287722|-33|-69|CG1287723|-32|-69
679|7|4|
679|7|5|986|9|CG1287235|-27|-70|CG1287236|-41|-71|CG1287237|-52|-66|CG1287238|-69|-68|CG1287239|-69|-68|CG1287240|-73|-67|CG1287240|-73|-67|CG1287241|-44|-68|CG1287242|-32|-71
679|7|6|2295|19|CG1287262|-25|-70|CG1287263|-26|-70|CG1287264|-30|-67|CG1287265|-26|-71|CG1287256|-25|-73|CG1287257|-34|-73|CG1287258|-33|-76|CG1287258|-33|-76|CG1287258|-33|-76|CG1287258|-33|-76|CG1287258|-33|-76|CG1287258|-33|-76|CG1287258|-33|-76|CG1287258|-33|-76|CG1287258|-33|-76|CG1287258|-33|-76|CG1287258|-33|-76|CG1287257|-34|-73|CG1287256|-25|-73
679|7|7|1000|8|CG1287753|-25|-70|CG1287754|-23|-70|CG1287755|-23|-69|CG1287756|-23|-68|CG1287757|-42|-63|CG1287758|-45|-56|CG1287759|-28|-64|CG1287760|-24|-69
679|7|8|1000|2|CG1287251|-42|-59|CG1287252|-31|-55
679|7|9|1000|1|CG1287253|-29|-68
679|7|10|799|6|CG1287245|-25|-71|CG1287246|-33|-72|CG1287247|-41|-68|CG1287248|-36|-72|CG1287249|-68|-56|CG1287250|-84|-33
