682|0|0|986|4|CG1288181|-27|-70|CG1288182|-24|-70|CG1288183|-24|-68|CG1288184|-24|-70
682|0|1|1000|6|CG1288187|-39|-69|CG1288188|-36|-70|CG1288189|-27|-72|CG1288190|-19|-70|CG1288191|-24|-70|CG1288192|-36|-72
682|0|2|600|5|CG1325357|-54|-113|CG1325358|-66|-144|CG1325359|-95|-176|CG1325360|-103|-137|CG1325361|-78|-106
682|0|3|493|6|CG1288156|-41|-72|CG1288157|-36|-73|CG1288158|-32|-74|CG1288159|-28|-73|CG1288160|-31|-73|CG1288161|-36|-74
682|0|4|
682|0|5|799|10|CG1288148|-35|-70|CG1288148|-35|-70|CG1288149|-26|-63|CG1288149|-26|-63|CG1288150|-43|-75|CG1288151|-70|-75|CG1288152|-63|-77|CG1288153|-52|-74|CG1288154|-50|-72|CG1288155|-45|-70
682|0|6|2000|19|CG1288181|-27|-70|CG1288182|-24|-70|CG1288183|-24|-68|CG1288184|-24|-70|CG1288175|-34|-73|CG1288176|-31|-71|CG1288177|-18|-71|CG1288177|-18|-71|CG1288177|-18|-71|CG1288177|-18|-71|CG1288177|-18|-71|CG1288177|-18|-71|CG1288177|-18|-71|CG1288177|-18|-71|CG1288177|-18|-71|CG1288177|-18|-71|CG1288177|-18|-71|CG1288176|-31|-71|CG1288175|-34|-73
682|0|7|1000|8|CG1287319|-23|-70|CG1287320|-23|-68|CG1287321|-22|-66|CG1287322|-23|-65|CG1287323|-37|-72|CG1287324|-44|-68|CG1287325|-27|-68|CG1287326|-25|-67
682|0|8|1000|2|CG1288170|-38|-68|CG1288171|-29|-55
682|0|9|1000|1|CG1288172|-36|-68
682|0|10|799|5|CG1288164|-27|-68|CG1288165|-32|-74|CG1288166|-37|-76|CG1288168|-59|-72|CG1288169|-62|-56
682|1|0|986|4|CG1288228|-17|-68|CG1288229|-17|-69|CG1288230|-17|-69|CG1288231|-17|-69
682|1|1|1000|6|CG1288234|-24|-72|CG1288235|-21|-74|CG1288236|-19|-74|CG1288237|-16|-69|CG1288238|-17|-70|CG1288239|-22|-72
682|1|2|600|5|CG1325413|-100|-113|CG1325414|-102|-107|CG1325415|-90|-159|CG1325416|-142|-98|CG1325417|-131|-103
682|1|3|493|6|CG1288203|-24|-74|CG1288204|-30|-74|CG1288205|-17|-75|CG1288206|-13|-74|CG1288207|-19|-75|CG1288208|-28|-75
682|1|4|
682|1|5|799|10|CG1288195|-17|-74|CG1288195|-17|-74|CG1288196|-18|-62|CG1288196|-18|-62|CG1288197|-17|-77|CG1288198|-21|-86|CG1288199|-19|-86|CG1288200|-23|-80|CG1288201|-22|-73|CG1288202|-26|-68
682|1|6|2000|19|CG1288228|-17|-68|CG1288229|-17|-69|CG1288230|-17|-69|CG1288231|-17|-69|CG1288222|-28|-73|CG1288223|-17|-67|CG1288224|-24|-62|CG1288224|-24|-62|CG1288224|-24|-62|CG1288224|-24|-62|CG1288224|-24|-62|CG1288224|-24|-62|CG1288224|-24|-62|CG1288224|-24|-62|CG1288224|-24|-62|CG1288224|-24|-62|CG1288224|-24|-62|CG1288223|-17|-67|CG1288222|-28|-73
682|1|7|1000|8|CG1287381|-20|-69|CG1287382|-20|-67|CG1287383|-20|-65|CG1287384|-20|-63|CG1287385|-24|-77|CG1287386|-30|-75|CG1287387|-29|-70|CG1287388|-21|-67
682|1|8|1000|2|CG1288217|-23|-70|CG1288218|-18|-59
682|1|9|1000|1|CG1288219|-17|-70
682|1|10|799|5|CG1288211|-17|-68|CG1288212|-16|-75|CG1288213|-16|-78|CG1288215|-23|-78|CG1288216|-32|-57
682|2|0|986|4|CG1288275|-13|-68|CG1288276|-13|-69|CG1288277|-12|-69|CG1288278|-13|-69
682|2|1|1000|6|CG1288281|-27|-75|CG1288282|-26|-76|CG1288283|-20|-72|CG1288284|-28|-70|CG1288285|-23|-70|CG1288286|-20|-72
682|2|2|600|5|CG1325469|-119|-113|CG1325470|-90|-142|CG1325471|-82|-174|CG1325472|-99|-116|CG1325473|-109|-103
682|2|3|493|6|CG1288250|-30|-72|CG1288251|-20|-74|CG1288252|-24|-74|CG1288253|-33|-72|CG1288254|-22|-73|CG1288255|-24|-74
682|2|4|
682|2|5|799|10|CG1288242|-12|-71|CG1288242|-12|-71|CG1288243|-24|-66|CG1288243|-24|-66|CG1288244|-8|-73|CG1288245|-8|-77|CG1288246|-7|-77|CG1288247|-16|-79|CG1288248|-16|-73|CG1288249|-14|-68
682|2|6|2000|19|CG1288275|-13|-68|CG1288276|-13|-69|CG1288277|-12|-69|CG1288278|-13|-69|CG1288269|-20|-74|CG1288270|-16|-64|CG1288271|-17|-53|CG1288271|-17|-53|CG1288271|-17|-53|CG1288271|-17|-53|CG1288271|-17|-53|CG1288271|-17|-53|CG1288271|-17|-53|CG1288271|-17|-53|CG1288271|-17|-53|CG1288271|-17|-53|CG1288271|-17|-53|CG1288270|-16|-64|CG1288269|-20|-74
682|2|7|1000|8|CG1287443|-16|-69|CG1287444|-15|-67|CG1287445|-17|-65|CG1287446|-19|-64|CG1287447|-17|-76|CG1287448|-22|-77|CG1287449|-21|-71|CG1287450|-17|-67
682|2|8|1000|2|CG1288264|-9|-65|CG1288265|-40|-62
682|2|9|1000|1|CG1288266|-12|-70
682|2|10|799|5|CG1288258|-22|-67|CG1288259|-12|-74|CG1288260|-12|-76|CG1288262|-7|-70|CG1288263|-12|-46
682|3|0|986|4|CG1288322|-25|-67|CG1288323|-25|-69|CG1288324|-24|-68|CG1288325|-24|-70
682|3|1|1000|6|CG1288328|-32|-72|CG1288329|-21|-72|CG1288330|-21|-74|CG1288331|-29|-71|CG1288332|-22|-72|CG1288333|-21|-74
682|3|2|600|5|CG1325525|-125|-117|CG1325526|-119|-165|CG1325527|-116|-175|CG1325528|-58|-136|CG1325529|-81|-129
682|3|3|493|6|CG1288297|-42|-69|CG1288298|-19|-69|CG1288299|-29|-70|CG1288300|-41|-68|CG1288301|-21|-69|CG1288302|-29|-70
682|3|4|
682|3|5|799|10|CG1288289|-23|-67|CG1288289|-23|-67|CG1288290|-24|-70|CG1288290|-24|-70|CG1288291|0|-66|CG1288292|0|-68|CG1288293|0|-69|CG1288294|-10|-75|CG1288295|-23|-71|CG1288296|-26|-67
682|3|6|2000|19|CG1288322|-25|-67|CG1288323|-25|-69|CG1288324|-24|-68|CG1288325|-24|-70|CG1288316|-15|-75|CG1288317|-13|-61|CG1288318|-29|-49|CG1288318|-29|-49|CG1288318|-29|-49|CG1288318|-29|-49|CG1288318|-29|-49|CG1288318|-29|-49|CG1288318|-29|-49|CG1288318|-29|-49|CG1288318|-29|-49|CG1288318|-29|-49|CG1288318|-29|-49|CG1288317|-13|-61|CG1288316|-15|-75
682|3|7|1000|8|CG1287505|-21|-70|CG1287506|-24|-69|CG1287507|-29|-67|CG1287508|-30|-67|CG1287509|-23|-68|CG1287510|-25|-69|CG1287511|-21|-68|CG1287512|-21|-68
682|3|8|1000|2|CG1288311|-7|-56|CG1288312|-50|-63
682|3|9|1000|1|CG1288313|-25|-63
682|3|10|799|5|CG1288305|-22|-70|CG1288306|-7|-72|CG1288307|-8|-68|CG1288309|1|-53|CG1288310|1|-29
682|4|0|986|4|CG1288369|-27|-67|CG1288370|-26|-70|CG1288371|-25|-68|CG1288372|-28|-70
682|4|1|1000|6|CG1288375|-29|-74|CG1288376|-21|-75|CG1288377|-17|-76|CG1288378|-19|-74|CG1288379|-19|-74|CG1288380|-20|-76
682|4|2|600|5|CG1325581|-118|-123|CG1325582|-92|-162|CG1325583|-82|-152|CG1325584|-98|-119|CG1325585|-112|-122
682|4|3|493|6|CG1288344|-32|-63|CG1288345|-19|-63|CG1288346|-25|-64|CG1288347|-30|-62|CG1288348|-25|-63|CG1288349|-26|-64
682|4|4|
682|4|5|799|10|CG1288336|-24|-68|CG1288336|-24|-68|CG1288337|-21|-74|CG1288337|-21|-74|CG1288338|-4|-59|CG1288339|1|-53|CG1288340|0|-56|CG1288341|-19|-67|CG1288342|-26|-66|CG1288343|-27|-66
682|4|6|2000|19|CG1288369|-27|-67|CG1288370|-26|-70|CG1288371|-25|-68|CG1288372|-28|-70|CG1288363|-15|-76|CG1288364|-26|-63|CG1288365|-64|-53|CG1288365|-64|-53|CG1288365|-64|-53|CG1288365|-64|-53|CG1288365|-64|-53|CG1288365|-64|-53|CG1288365|-64|-53|CG1288365|-64|-53|CG1288365|-64|-53|CG1288365|-64|-53|CG1288365|-64|-53|CG1288364|-26|-63|CG1288363|-15|-76
682|4|7|1000|8|CG1287567|-22|-70|CG1287568|-35|-70|CG1287569|-36|-69|CG1287570|-34|-70|CG1287571|-21|-57|CG1287572|-18|-56|CG1287573|-15|-62|CG1287574|-19|-68
682|4|8|1000|2|CG1288358|-13|-46|CG1288359|-39|-64
682|4|9|1000|1|CG1288360|-26|-59
682|4|10|799|5|CG1288352|-23|-72|CG1288353|-13|-68|CG1288354|-13|-57|CG1288356|-11|-37|CG1288357|-14|-20
682|5|0|986|4|CG1288416|-24|-67|CG1288417|-27|-69|CG1288418|-39|-66|CG1288419|-26|-70
682|5|1|1000|6|CG1288422|-16|-74|CG1288423|-17|-75|CG1288424|-20|-77|CG1288425|-21|-74|CG1288426|-21|-75|CG1288427|-18|-76
682|5|2|600|5|CG1325637|-87|-102|CG1325638|-101|-134|CG1325639|-81|-118|CG1325640|-146|-102|CG1325641|-132|-115
682|5|3|493|6|CG1288391|-20|-60|CG1288392|-24|-59|CG1288393|-26|-60|CG1288394|-30|-59|CG1288395|-25|-59|CG1288396|-25|-60
682|5|4|
682|5|5|799|10|CG1288383|-23|-67|CG1288383|-23|-67|CG1288384|-39|-73|CG1288384|-39|-73|CG1288385|-23|-57|CG1288386|-22|-45|CG1288387|-22|-48|CG1288388|-23|-59|CG1288389|-23|-63|CG1288390|-26|-65
682|5|6|2000|19|CG1288416|-24|-67|CG1288417|-27|-69|CG1288418|-39|-66|CG1288419|-26|-70|CG1288410|-26|-76|CG1288411|-44|-66|CG1288412|-85|-61|CG1288412|-85|-61|CG1288412|-85|-61|CG1288412|-85|-61|CG1288412|-85|-61|CG1288412|-85|-61|CG1288412|-85|-61|CG1288412|-85|-61|CG1288412|-85|-61|CG1288412|-85|-61|CG1288412|-85|-61|CG1288411|-44|-66|CG1288410|-26|-76
682|5|7|1000|8|CG1287629|-22|-70|CG1287630|-32|-70|CG1287631|-28|-71|CG1287632|-26|-72|CG1287633|-13|-51|CG1287634|-4|-46|CG1287635|-13|-58|CG1287636|-22|-67
682|5|8|1000|2|CG1288405|-27|-43|CG1288406|-50|-63
682|5|9|1000|1|CG1288407|-22|-59
682|5|10|799|5|CG1288399|-29|-73|CG1288400|-27|-65|CG1288401|-27|-54|CG1288403|-31|-30|CG1288404|-64|-11
682|6|0|986|4|CG1288463|-31|-69|CG1288464|-39|-71|CG1288465|-43|-67|CG1288466|-41|-71
682|6|1|1000|6|CG1288469|-21|-73|CG1288470|-22|-74|CG1288471|-33|-76|CG1288472|-38|-74|CG1288473|-36|-74|CG1288474|-24|-76
682|6|2|600|5|CG1325693|-56|-115|CG1325694|-66|-158|CG1325695|-93|-143|CG1325696|-109|-126|CG1325697|-81|-115
682|6|3|493|6|CG1288438|-29|-63|CG1288439|-34|-62|CG1288440|-41|-63|CG1288441|-40|-63|CG1288442|-40|-62|CG1288443|-35|-64
682|6|4|
682|6|5|799|10|CG1288430|-32|-69|CG1288430|-32|-69|CG1288431|-38|-70|CG1288431|-38|-70|CG1288432|-65|-62|CG1288433|-83|-51|CG1288434|-86|-53|CG1288435|-75|-61|CG1288436|-46|-65|CG1288437|-32|-67
682|6|6|2000|19|CG1288463|-31|-69|CG1288464|-39|-71|CG1288465|-43|-67|CG1288466|-41|-71|CG1288457|-38|-75|CG1288458|-45|-70|CG1288459|-61|-72|CG1288459|-61|-72|CG1288459|-61|-72|CG1288459|-61|-72|CG1288459|-61|-72|CG1288459|-61|-72|CG1288459|-61|-72|CG1288459|-61|-72|CG1288459|-61|-72|CG1288459|-61|-72|CG1288459|-61|-72|CG1288458|-45|-70|CG1288457|-38|-75
682|6|7|1000|8|CG1287691|-21|-71|CG1287692|-23|-71|CG1287693|-15|-71|CG1287694|-19|-72|CG1287695|-36|-52|CG1287696|-28|-45|CG1287697|-24|-59|CG1287698|-18|-69
682|6|8|1000|2|CG1288452|-50|-48|CG1288453|-37|-58
682|6|9|1000|1|CG1288454|-28|-61
682|6|10|799|5|CG1288446|-44|-73|CG1288447|-54|-67|CG1288448|-58|-57|CG1288450|-75|-39|CG1288451|-101|-22
682|7|0|986|4|CG1288510|-38|-70|CG1288511|-36|-70|CG1288512|-30|-67|CG1288513|-32|-71
682|7|1|1000|6|CG1288516|-35|-71|CG1288517|-37|-72|CG1288518|-40|-74|CG1288519|-38|-72|CG1288520|-40|-72|CG1288521|-40|-74
682|7|2|600|5|CG1325749|-65|-111|CG1325750|-73|-164|CG1325751|-68|-170|CG1325752|-60|-150|CG1325753|-60|-127
682|7|3|493|6|CG1288485|-47|-68|CG1288486|-47|-69|CG1288487|-41|-70|CG1288488|-37|-69|CG1288489|-40|-69|CG1288490|-47|-70
682|7|4|
682|7|5|799|10|CG1288477|-44|-70|CG1288477|-44|-70|CG1288478|-26|-66|CG1288478|-26|-66|CG1288479|-74|-69|CG1288480|-103|-63|CG1288481|-100|-65|CG1288482|-85|-67|CG1288483|-63|-69|CG1288484|-44|-70
682|7|6|2000|19|CG1288510|-38|-70|CG1288511|-36|-70|CG1288512|-30|-67|CG1288513|-32|-71|CG1288504|-48|-73|CG1288505|-49|-73|CG1288506|-33|-76|CG1288506|-33|-76|CG1288506|-33|-76|CG1288506|-33|-76|CG1288506|-33|-76|CG1288506|-33|-76|CG1288506|-33|-76|CG1288506|-33|-76|CG1288506|-33|-76|CG1288506|-33|-76|CG1288506|-33|-76|CG1288505|-49|-73|CG1288504|-48|-73
682|7|7|1000|8|CG1287753|-25|-70|CG1287754|-23|-70|CG1287755|-23|-69|CG1287756|-23|-68|CG1287757|-42|-63|CG1287758|-45|-56|CG1287759|-28|-64|CG1287760|-24|-69
682|7|8|1000|2|CG1288499|-59|-59|CG1288500|-31|-53
682|7|9|1000|1|CG1288501|-38|-66
682|7|10|799|5|CG1288493|-38|-71|CG1288494|-53|-72|CG1288495|-61|-68|CG1288497|-90|-57|CG1288498|-84|-37
