652|0|0|1598|4|CG1275230|-27|-64|CG1275229|-27|-64|CG1275231|-25|-64|CG1275229|-27|-64
652|0|1|1000|6|CG1275234|-28|-62|CG1275235|-30|-65|CG1275236|-27|-68|CG1275237|-28|-67|CG1275238|-23|-68|CG1275239|-30|-64
652|0|2|600|5|CG1325357|-54|-113|CG1325358|-66|-144|CG1325359|-95|-176|CG1325360|-103|-137|CG1325361|-78|-106
652|0|3|510|6|CG1275197|-27|-69|CG1275198|-26|-72|CG1275199|-25|-75|CG1275200|-27|-69|CG1275201|-27|-71|CG1275202|-25|-73
652|0|4|
652|0|5|1717|27|CG1275188|-31|-67|CG1275188|-31|-67|CG1275189|-37|-65|CG1275190|-43|-64|CG1275190|-43|-64|CG1275190|-43|-64|CG1275191|-41|-80|CG1275191|-41|-80|CG1275192|-41|-79|CG1275192|-41|-79|CG1275192|-41|-79|CG1275193|-46|-85|CG1275193|-46|-85|CG1275194|-49|-91|CG1275194|-49|-91|CG1275193|-46|-85|CG1275193|-46|-85|CG1275194|-49|-91|CG1275194|-49|-91|CG1275193|-46|-85|CG1275193|-46|-85|CG1275194|-49|-91|CG1275194|-49|-91|CG1275195|-51|-85|CG1275195|-51|-85|CG1275196|-48|-65|CG1275196|-48|-65
652|0|6|2499|27|CG1275216|-35|-66|CG1275218|-31|-66|CG1275219|-20|-65|CG1275220|-19|-64|CG1275221|-20|-65|CG1275222|-22|-65|CG1275219|-20|-65|CG1275220|-19|-64|CG1275221|-20|-65|CG1275222|-22|-65|CG1275219|-20|-65|CG1275220|-19|-64|CG1275221|-20|-65|CG1275222|-22|-65|CG1275219|-20|-65|CG1275223|-26|-64|CG1275224|-35|-63|CG1275225|-33|-122|CG1275225|-33|-122|CG1275225|-33|-122|CG1275217|-41|-67|CG1275223|-26|-64|CG1275219|-20|-65|CG1275219|-20|-65|CG1275218|-31|-66|CG1275216|-35|-66|CG1275216|-35|-66
652|0|7|1394|18|CG1274274|-35|-66|CG1274276|-31|-66|CG1274277|-20|-65|CG1274278|-19|-64|CG1274279|-20|-65|CG1274280|-22|-65|CG1274277|-20|-65|CG1274278|-19|-64|CG1274279|-20|-65|CG1274280|-22|-65|CG1274277|-20|-65|CG1274278|-19|-64|CG1274291|-25|-60|CG1274292|-38|-74|CG1274293|-45|-75|CG1274294|-61|-72|CG1274295|-41|-69|CG1274296|-35|-66
652|0|8|1000|2|CG1275211|-35|-68|CG1275212|-23|-66
652|0|9|1000|1|CG1275213|-50|-69
652|0|10|1000|6|CG1275205|-25|-64|CG1275206|-40|-67|CG1275207|-45|-77|CG1275208|-76|-61|CG1275209|-75|-59|CG1275210|-74|-51
652|1|0|1598|4|CG1275284|-39|-65|CG1275283|-40|-65|CG1275285|-39|-65|CG1275283|-40|-65
652|1|1|1000|6|CG1275288|-37|-61|CG1275289|-37|-64|CG1275290|-37|-69|CG1275291|-37|-69|CG1275292|-37|-69|CG1275293|-37|-64
652|1|2|600|5|CG1325413|-100|-113|CG1325414|-102|-107|CG1325415|-90|-159|CG1325416|-142|-98|CG1325417|-131|-103
652|1|3|510|6|CG1275251|-37|-67|CG1275252|-36|-69|CG1275253|-36|-72|CG1275254|-36|-67|CG1275255|-36|-68|CG1275256|-37|-69
652|1|4|
652|1|5|1717|27|CG1275242|-37|-66|CG1275242|-37|-66|CG1275243|-36|-67|CG1275244|-37|-68|CG1275244|-37|-68|CG1275244|-37|-68|CG1275245|-40|-74|CG1275245|-40|-74|CG1275246|-42|-73|CG1275246|-42|-73|CG1275246|-42|-73|CG1275247|-43|-84|CG1275247|-43|-84|CG1275248|-39|-91|CG1275248|-39|-91|CG1275247|-43|-84|CG1275247|-43|-84|CG1275248|-39|-91|CG1275248|-39|-91|CG1275247|-43|-84|CG1275247|-43|-84|CG1275248|-39|-91|CG1275248|-39|-91|CG1275249|-36|-86|CG1275249|-36|-86|CG1275250|-35|-66|CG1275250|-35|-66
652|1|6|2499|27|CG1275270|-39|-64|CG1275272|-27|-61|CG1275273|-15|-61|CG1275274|-17|-62|CG1275275|-17|-59|CG1275276|-14|-59|CG1275273|-15|-61|CG1275274|-17|-62|CG1275275|-17|-59|CG1275276|-14|-59|CG1275273|-15|-61|CG1275274|-17|-62|CG1275275|-17|-59|CG1275276|-14|-59|CG1275273|-15|-61|CG1275277|-25|-66|CG1275278|-22|-66|CG1275279|-42|-114|CG1275279|-42|-114|CG1275279|-42|-114|CG1275271|-33|-68|CG1275277|-25|-66|CG1275273|-15|-61|CG1275273|-15|-61|CG1275272|-27|-61|CG1275270|-39|-64|CG1275270|-39|-64
652|1|7|1394|18|CG1274338|-39|-64|CG1274340|-27|-61|CG1274341|-15|-61|CG1274342|-17|-62|CG1274343|-17|-59|CG1274344|-14|-59|CG1274341|-15|-61|CG1274342|-17|-62|CG1274343|-17|-59|CG1274344|-14|-59|CG1274341|-15|-61|CG1274342|-17|-62|CG1274355|-31|-57|CG1274356|-37|-70|CG1274357|-36|-78|CG1274358|-39|-79|CG1274359|-34|-72|CG1274360|-39|-64
652|1|8|1000|2|CG1275265|-38|-67|CG1275266|-39|-60
652|1|9|1000|1|CG1275267|-38|-65
652|1|10|1000|6|CG1275259|-38|-65|CG1275260|-34|-67|CG1275261|-32|-75|CG1275262|-44|-67|CG1275263|-42|-63|CG1275264|-36|-57
652|2|0|1598|4|CG1275338|-30|-66|CG1275337|-30|-66|CG1275339|-31|-65|CG1275337|-30|-66
652|2|1|1000|6|CG1275342|-31|-61|CG1275343|-32|-64|CG1275344|-31|-64|CG1275345|-34|-61|CG1275346|-31|-65|CG1275347|-31|-64
652|2|2|600|5|CG1325469|-119|-113|CG1325470|-90|-142|CG1325471|-82|-174|CG1325472|-99|-116|CG1325473|-109|-103
652|2|3|510|6|CG1275305|-35|-61|CG1275306|-34|-63|CG1275307|-34|-67|CG1275308|-36|-62|CG1275309|-31|-63|CG1275310|-34|-66
652|2|4|
652|2|5|1717|27|CG1275296|-25|-67|CG1275296|-25|-67|CG1275297|-26|-68|CG1275298|-27|-65|CG1275298|-27|-65|CG1275298|-27|-65|CG1275299|-30|-77|CG1275299|-30|-77|CG1275300|-42|-78|CG1275300|-42|-78|CG1275300|-42|-78|CG1275301|-31|-82|CG1275301|-31|-82|CG1275302|-24|-89|CG1275302|-24|-89|CG1275301|-31|-82|CG1275301|-31|-82|CG1275302|-24|-89|CG1275302|-24|-89|CG1275301|-31|-82|CG1275301|-31|-82|CG1275302|-24|-89|CG1275302|-24|-89|CG1275303|-22|-82|CG1275303|-22|-82|CG1275304|-18|-63|CG1275304|-18|-63
652|2|6|2499|27|CG1275324|-30|-64|CG1275326|-28|-66|CG1275327|-32|-63|CG1275328|-44|-63|CG1275329|-32|-62|CG1275330|-27|-62|CG1275327|-32|-63|CG1275328|-44|-63|CG1275329|-32|-62|CG1275330|-27|-62|CG1275327|-32|-63|CG1275328|-44|-63|CG1275329|-32|-62|CG1275330|-27|-62|CG1275327|-32|-63|CG1275331|-41|-65|CG1275332|-31|-66|CG1275333|-30|-106|CG1275333|-30|-106|CG1275333|-30|-106|CG1275325|-20|-65|CG1275331|-41|-65|CG1275327|-32|-63|CG1275327|-32|-63|CG1275326|-28|-66|CG1275324|-30|-64|CG1275324|-30|-64
652|2|7|1394|18|CG1274402|-30|-64|CG1274404|-28|-66|CG1274405|-28|-63|CG1274406|-35|-63|CG1274407|-32|-62|CG1274408|-27|-62|CG1274405|-28|-63|CG1274406|-35|-63|CG1274407|-32|-62|CG1274408|-27|-62|CG1274405|-28|-63|CG1274406|-35|-63|CG1274419|-25|-61|CG1274420|-34|-69|CG1274421|-22|-74|CG1274422|-14|-76|CG1274423|-24|-70|CG1274424|-30|-64
652|2|8|1000|2|CG1275319|-24|-65|CG1275320|-59|-50
652|2|9|1000|1|CG1275321|-36|-68
652|2|10|1000|6|CG1275313|-35|-64|CG1275314|-27|-66|CG1275315|-20|-67|CG1275316|-11|-58|CG1275317|-7|-62|CG1275318|-4|-47
652|3|0|1598|4|CG1275392|-30|-72|CG1275391|-29|-73|CG1275393|-26|-72|CG1275391|-29|-73
652|3|1|1000|6|CG1275396|-34|-68|CG1275397|-24|-71|CG1275398|-35|-71|CG1275399|-42|-68|CG1275400|-41|-71|CG1275401|-27|-71
652|3|2|600|5|CG1325525|-125|-117|CG1325526|-119|-165|CG1325527|-116|-175|CG1325528|-58|-136|CG1325529|-81|-129
652|3|3|510|6|CG1275359|-43|-68|CG1275360|-37|-70|CG1275361|-41|-73|CG1275362|-43|-68|CG1275363|-33|-70|CG1275364|-41|-73
652|3|4|
652|3|5|1717|27|CG1275350|-22|-72|CG1275350|-22|-72|CG1275351|-26|-68|CG1275352|-24|-63|CG1275352|-24|-63|CG1275352|-24|-63|CG1275353|-33|-77|CG1275353|-33|-77|CG1275354|-62|-84|CG1275354|-62|-84|CG1275354|-62|-84|CG1275355|-54|-82|CG1275355|-54|-82|CG1275356|-13|-89|CG1275356|-13|-89|CG1275355|-54|-82|CG1275355|-54|-82|CG1275356|-13|-89|CG1275356|-13|-89|CG1275355|-54|-82|CG1275355|-54|-82|CG1275356|-13|-89|CG1275356|-13|-89|CG1275357|-13|-75|CG1275357|-13|-75|CG1275358|-18|-58|CG1275358|-18|-58
652|3|6|2499|27|CG1275378|-30|-70|CG1275380|-41|-67|CG1275381|-67|-62|CG1275382|-85|-61|CG1275383|-47|-62|CG1275384|-42|-62|CG1275381|-67|-62|CG1275382|-85|-61|CG1275383|-47|-62|CG1275384|-42|-62|CG1275381|-67|-62|CG1275382|-85|-61|CG1275383|-47|-62|CG1275384|-42|-62|CG1275381|-67|-62|CG1275385|-65|-59|CG1275386|-59|-61|CG1275387|-29|-105|CG1275387|-29|-105|CG1275387|-29|-105|CG1275379|-19|-62|CG1275385|-65|-59|CG1275381|-67|-62|CG1275381|-67|-62|CG1275380|-41|-67|CG1275378|-30|-70|CG1275378|-30|-70
652|3|7|1394|18|CG1274466|-21|-70|CG1274468|-31|-67|CG1274469|-37|-62|CG1274470|-53|-61|CG1274471|-40|-62|CG1274472|-37|-62|CG1274469|-37|-62|CG1274470|-53|-61|CG1274471|-40|-62|CG1274472|-37|-62|CG1274469|-37|-62|CG1274470|-53|-61|CG1274483|-30|-66|CG1274484|-36|-68|CG1274485|-11|-69|CG1274486|-5|-69|CG1274487|-25|-70|CG1274488|-21|-70
652|3|8|1000|2|CG1275373|-22|-69|CG1275374|-58|-51
652|3|9|1000|1|CG1275375|-36|-68
652|3|10|1000|6|CG1275367|-38|-70|CG1275368|-32|-71|CG1275369|-23|-70|CG1275370|5|-44|CG1275371|2|-50|CG1275372|-4|-27
652|4|0|1598|4|CG1275446|-30|-68|CG1275445|-29|-68|CG1275447|-29|-69|CG1275445|-29|-68
652|4|1|1000|6|CG1275450|-31|-66|CG1275451|-31|-69|CG1275452|-32|-68|CG1275453|-33|-65|CG1275454|-32|-69|CG1275455|-32|-69
652|4|2|600|5|CG1325581|-118|-123|CG1325582|-92|-162|CG1325583|-82|-152|CG1325584|-98|-119|CG1325585|-112|-122
652|4|3|510|6|CG1275413|-36|-65|CG1275414|-33|-68|CG1275415|-37|-70|CG1275416|-33|-66|CG1275417|-33|-68|CG1275418|-37|-70
652|4|4|
652|4|5|1717|27|CG1275404|-26|-66|CG1275404|-26|-66|CG1275405|-29|-58|CG1275406|-28|-51|CG1275406|-28|-51|CG1275406|-28|-51|CG1275407|-39|-81|CG1275407|-39|-81|CG1275408|-46|-86|CG1275408|-46|-86|CG1275408|-46|-86|CG1275409|-46|-87|CG1275409|-46|-87|CG1275410|-21|-87|CG1275410|-21|-87|CG1275409|-46|-87|CG1275409|-46|-87|CG1275410|-21|-87|CG1275410|-21|-87|CG1275409|-46|-87|CG1275409|-46|-87|CG1275410|-21|-87|CG1275410|-21|-87|CG1275411|-15|-68|CG1275411|-15|-68|CG1275412|-18|-54|CG1275412|-18|-54
652|4|6|2499|27|CG1275432|-40|-66|CG1275434|-60|-64|CG1275435|-82|-62|CG1275436|-78|-63|CG1275437|-85|-63|CG1275438|-69|-62|CG1275435|-82|-62|CG1275436|-78|-63|CG1275437|-85|-63|CG1275438|-69|-62|CG1275435|-82|-62|CG1275436|-78|-63|CG1275437|-85|-63|CG1275438|-69|-62|CG1275435|-82|-62|CG1275439|-69|-53|CG1275440|-72|-53|CG1275441|-28|-111|CG1275441|-28|-111|CG1275441|-28|-111|CG1275433|-25|-57|CG1275439|-69|-53|CG1275435|-82|-62|CG1275435|-82|-62|CG1275434|-60|-64|CG1275432|-40|-66|CG1275432|-40|-66
652|4|7|1394|18|CG1274530|-35|-66|CG1274532|-44|-64|CG1274533|-57|-62|CG1274534|-59|-63|CG1274535|-56|-63|CG1274536|-55|-62|CG1274533|-57|-62|CG1274534|-59|-63|CG1274535|-56|-63|CG1274536|-55|-62|CG1274533|-57|-62|CG1274534|-59|-63|CG1274547|-43|-64|CG1274548|-39|-65|CG1274549|-19|-58|CG1274550|-11|-56|CG1274551|-22|-61|CG1274552|-35|-66
652|4|8|1000|2|CG1275427|-23|-62|CG1275428|-58|-66
652|4|9|1000|1|CG1275429|-30|-64
652|4|10|1000|6|CG1275421|-33|-67|CG1275422|-30|-68|CG1275423|-21|-64|CG1275424|-4|-29|CG1275425|-7|-26|CG1275426|-9|-15
652|5|0|1598|4|CG1275500|-43|-67|CG1275499|-42|-67|CG1275501|-41|-67|CG1275499|-42|-67
652|5|1|1000|6|CG1275504|-36|-65|CG1275505|-37|-69|CG1275506|-37|-68|CG1275507|-36|-65|CG1275508|-37|-69|CG1275509|-37|-68
652|5|2|600|5|CG1325637|-87|-102|CG1325638|-101|-134|CG1325639|-81|-118|CG1325640|-146|-102|CG1325641|-132|-115
652|5|3|510|6|CG1275467|-37|-65|CG1275468|-37|-67|CG1275469|-38|-70|CG1275470|-38|-65|CG1275471|-37|-67|CG1275472|-37|-70
652|5|4|
652|5|5|1717|27|CG1275458|-37|-67|CG1275458|-37|-67|CG1275459|-38|-54|CG1275460|-37|-48|CG1275460|-37|-48|CG1275460|-37|-48|CG1275461|-28|-91|CG1275461|-28|-91|CG1275462|-17|-92|CG1275462|-17|-92|CG1275462|-17|-92|CG1275463|-18|-98|CG1275463|-18|-98|CG1275464|-33|-85|CG1275464|-33|-85|CG1275463|-18|-98|CG1275463|-18|-98|CG1275464|-33|-85|CG1275464|-33|-85|CG1275463|-18|-98|CG1275463|-18|-98|CG1275464|-33|-85|CG1275464|-33|-85|CG1275465|-37|-67|CG1275465|-37|-67|CG1275466|-38|-56|CG1275466|-38|-56
652|5|6|2499|27|CG1275486|-50|-67|CG1275488|-64|-69|CG1275489|-57|-70|CG1275490|-46|-71|CG1275491|-74|-70|CG1275492|-78|-70|CG1275489|-57|-70|CG1275490|-46|-71|CG1275491|-74|-70|CG1275492|-78|-70|CG1275489|-57|-70|CG1275490|-46|-71|CG1275491|-74|-70|CG1275492|-78|-70|CG1275489|-57|-70|CG1275493|-49|-62|CG1275494|-51|-56|CG1275495|-27|-118|CG1275495|-27|-118|CG1275495|-27|-118|CG1275487|-40|-57|CG1275493|-49|-62|CG1275489|-57|-70|CG1275489|-57|-70|CG1275488|-64|-69|CG1275486|-50|-67|CG1275486|-50|-67
652|5|7|1394|18|CG1274594|-35|-67|CG1274596|-45|-69|CG1274597|-49|-70|CG1274598|-46|-71|CG1274599|-47|-70|CG1274600|-50|-70|CG1274597|-49|-70|CG1274598|-46|-71|CG1274599|-47|-70|CG1274600|-50|-70|CG1274597|-49|-70|CG1274598|-46|-71|CG1274611|-41|-66|CG1274612|-38|-66|CG1274613|-29|-56|CG1274614|-34|-50|CG1274615|-40|-57|CG1274616|-35|-67
652|5|8|1000|2|CG1275481|-35|-60|CG1275482|-35|-71
652|5|9|1000|1|CG1275483|-34|-63
652|5|10|1000|6|CG1275475|-37|-67|CG1275476|-44|-63|CG1275477|-40|-54|CG1275478|-44|-18|CG1275479|-40|-27|CG1275480|-56|-12
652|6|0|1598|4|CG1275554|-41|-68|CG1275553|-43|-67|CG1275555|-47|-67|CG1275553|-43|-67
652|6|1|1000|6|CG1275558|-41|-66|CG1275559|-42|-69|CG1275560|-39|-69|CG1275561|-37|-66|CG1275562|-40|-69|CG1275563|-42|-69
652|6|2|600|5|CG1325693|-56|-115|CG1325694|-66|-158|CG1325695|-93|-143|CG1325696|-109|-126|CG1325697|-81|-115
652|6|3|510|6|CG1275521|-32|-65|CG1275522|-34|-66|CG1275523|-35|-68|CG1275524|-33|-64|CG1275525|-35|-66|CG1275526|-38|-69
652|6|4|
652|6|5|1717|27|CG1275512|-39|-66|CG1275512|-39|-66|CG1275513|-40|-56|CG1275514|-43|-51|CG1275514|-43|-51|CG1275514|-43|-51|CG1275515|-34|-95|CG1275515|-34|-95|CG1275516|-26|-92|CG1275516|-26|-92|CG1275516|-26|-92|CG1275517|-20|-96|CG1275517|-20|-96|CG1275518|-53|-87|CG1275518|-53|-87|CG1275517|-20|-96|CG1275517|-20|-96|CG1275518|-53|-87|CG1275518|-53|-87|CG1275517|-20|-96|CG1275517|-20|-96|CG1275518|-53|-87|CG1275518|-53|-87|CG1275519|-52|-71|CG1275519|-52|-71|CG1275520|-45|-60|CG1275520|-45|-60
652|6|6|2499|27|CG1275540|-53|-68|CG1275542|-40|-70|CG1275543|-30|-73|CG1275544|-32|-73|CG1275545|-36|-81|CG1275546|-49|-72|CG1275543|-30|-73|CG1275544|-32|-73|CG1275545|-36|-81|CG1275546|-49|-72|CG1275543|-30|-73|CG1275544|-32|-73|CG1275545|-36|-81|CG1275546|-49|-72|CG1275543|-30|-73|CG1275547|-30|-69|CG1275548|-31|-63|CG1275549|-31|-124|CG1275549|-31|-124|CG1275549|-31|-124|CG1275541|-55|-56|CG1275547|-30|-69|CG1275543|-30|-73|CG1275543|-30|-73|CG1275542|-40|-70|CG1275540|-53|-68|CG1275540|-53|-68
652|6|7|1394|18|CG1274658|-24|-68|CG1274660|-26|-70|CG1274661|-30|-73|CG1274662|-32|-73|CG1274663|-29|-73|CG1274664|-28|-72|CG1274661|-30|-73|CG1274662|-32|-73|CG1274663|-29|-73|CG1274664|-28|-72|CG1274661|-30|-73|CG1274662|-32|-73|CG1274675|-28|-68|CG1274676|-30|-75|CG1274677|-58|-65|CG1274678|-58|-50|CG1274679|-37|-60|CG1274680|-24|-68
652|6|8|1000|2|CG1275535|-36|-61|CG1275536|-43|-69
652|6|9|1000|1|CG1275537|-46|-62
652|6|10|1000|6|CG1275529|-46|-67|CG1275530|-45|-64|CG1275531|-58|-57|CG1275532|-79|-25|CG1275533|-81|-32|CG1275534|-94|-16
652|7|0|1598|4|CG1275608|-25|-70|CG1275607|-27|-70|CG1275609|-32|-70|CG1275607|-27|-70
652|7|1|1000|6|CG1275612|-38|-68|CG1275613|-41|-72|CG1275614|-42|-71|CG1275615|-42|-68|CG1275616|-42|-72|CG1275617|-41|-71
652|7|2|600|5|CG1325749|-65|-111|CG1325750|-73|-164|CG1325751|-68|-170|CG1325752|-60|-150|CG1325753|-60|-127
652|7|3|510|6|CG1275575|-28|-67|CG1275576|-28|-69|CG1275577|-29|-72|CG1275578|-30|-67|CG1275579|-30|-69|CG1275580|-30|-72
652|7|4|
652|7|5|1717|27|CG1275566|-48|-72|CG1275566|-48|-72|CG1275567|-45|-63|CG1275568|-47|-59|CG1275568|-47|-59|CG1275568|-47|-59|CG1275569|-31|-90|CG1275569|-31|-90|CG1275570|-23|-86|CG1275570|-23|-86|CG1275570|-23|-86|CG1275571|-30|-84|CG1275571|-30|-84|CG1275572|-51|-89|CG1275572|-51|-89|CG1275571|-30|-84|CG1275571|-30|-84|CG1275572|-51|-89|CG1275572|-51|-89|CG1275571|-30|-84|CG1275571|-30|-84|CG1275572|-51|-89|CG1275572|-51|-89|CG1275573|-56|-78|CG1275573|-56|-78|CG1275574|-56|-63|CG1275574|-56|-63
652|7|6|2499|27|CG1275594|-33|-71|CG1275596|-30|-72|CG1275597|-30|-71|CG1275598|-30|-71|CG1275599|-30|-78|CG1275600|-30|-71|CG1275597|-30|-71|CG1275598|-30|-71|CG1275599|-30|-78|CG1275600|-30|-71|CG1275597|-30|-71|CG1275598|-30|-71|CG1275599|-30|-78|CG1275600|-30|-71|CG1275597|-30|-71|CG1275601|-34|-68|CG1275602|-36|-66|CG1275603|-28|-126|CG1275603|-28|-126|CG1275603|-28|-126|CG1275595|-63|-64|CG1275601|-34|-68|CG1275597|-30|-71|CG1275597|-30|-71|CG1275596|-30|-72|CG1275594|-33|-71|CG1275594|-33|-71
652|7|7|1394|18|CG1274722|-23|-71|CG1274724|-30|-72|CG1274725|-30|-71|CG1274726|-30|-71|CG1274727|-30|-71|CG1274728|-30|-71|CG1274725|-30|-71|CG1274726|-30|-71|CG1274727|-30|-71|CG1274728|-30|-71|CG1274725|-30|-71|CG1274726|-30|-71|CG1274739|-33|-67|CG1274740|-41|-78|CG1274741|-61|-71|CG1274742|-60|-61|CG1274743|-40|-70|CG1274744|-23|-71
652|7|8|1000|2|CG1275589|-49|-67|CG1275590|-28|-64
652|7|9|1000|1|CG1275591|-39|-69
652|7|10|1000|6|CG1275583|-42|-70|CG1275584|-48|-68|CG1275585|-51|-65|CG1275586|-92|-45|CG1275587|-82|-44|CG1275588|-84|-31
