670|0|0|1598|4|CG1283054|-27|-64|CG1283053|-27|-64|CG1283055|-25|-64|CG1283053|-27|-64
670|0|1|1000|6|CG1283058|-28|-62|CG1283059|-30|-65|CG1283060|-27|-68|CG1283061|-28|-67|CG1283062|-23|-68|CG1283063|-30|-64
670|0|2|600|5|CG1325357|-54|-113|CG1325358|-66|-144|CG1325359|-95|-176|CG1325360|-103|-137|CG1325361|-78|-106
670|0|3|510|6|CG1283021|-27|-69|CG1283022|-26|-72|CG1283023|-25|-75|CG1283024|-27|-69|CG1283025|-27|-71|CG1283026|-25|-73
670|0|4|
670|0|5|1717|27|CG1283012|-31|-67|CG1283012|-31|-67|CG1283013|-37|-65|CG1283014|-43|-64|CG1283014|-43|-64|CG1283014|-43|-64|CG1283015|-41|-80|CG1283015|-41|-80|CG1283016|-41|-79|CG1283016|-41|-79|CG1283016|-41|-79|CG1283017|-46|-85|CG1283017|-46|-85|CG1283018|-49|-91|CG1283018|-49|-91|CG1283017|-46|-85|CG1283017|-46|-85|CG1283018|-49|-91|CG1283018|-49|-91|CG1283017|-46|-85|CG1283017|-46|-85|CG1283018|-49|-91|CG1283018|-49|-91|CG1283019|-51|-85|CG1283019|-51|-85|CG1283020|-48|-65|CG1283020|-48|-65
670|0|6|2499|27|CG1283040|-35|-66|CG1283042|-31|-66|CG1283043|-20|-65|CG1283044|-19|-64|CG1283045|-20|-65|CG1283046|-22|-65|CG1283043|-20|-65|CG1283044|-19|-64|CG1283045|-20|-65|CG1283046|-22|-65|CG1283043|-20|-65|CG1283044|-19|-64|CG1283045|-20|-65|CG1283046|-22|-65|CG1283043|-20|-65|CG1283047|-26|-64|CG1283048|-35|-63|CG1283049|-33|-122|CG1283049|-33|-122|CG1283049|-33|-122|CG1283041|-41|-67|CG1283047|-26|-64|CG1283043|-20|-65|CG1283043|-20|-65|CG1283042|-31|-66|CG1283040|-35|-66|CG1283040|-35|-66
670|0|7|1394|18|CG1282098|-35|-66|CG1282100|-31|-66|CG1282101|-20|-65|CG1282102|-19|-64|CG1282103|-20|-65|CG1282104|-22|-65|CG1282101|-20|-65|CG1282102|-19|-64|CG1282103|-20|-65|CG1282104|-22|-65|CG1282101|-20|-65|CG1282102|-19|-64|CG1282115|-25|-60|CG1282116|-38|-74|CG1282117|-45|-75|CG1282118|-61|-72|CG1282119|-41|-69|CG1282120|-35|-66
670|0|8|1000|2|CG1283035|-35|-68|CG1283036|-23|-66
670|0|9|1000|1|CG1283037|-50|-69
670|0|10|1000|6|CG1283029|-25|-64|CG1283030|-40|-67|CG1283031|-45|-77|CG1283032|-76|-61|CG1283033|-75|-59|CG1283034|-74|-51
670|1|0|1598|4|CG1283108|-39|-65|CG1283107|-40|-65|CG1283109|-39|-65|CG1283107|-40|-65
670|1|1|1000|6|CG1283112|-37|-61|CG1283113|-37|-64|CG1283114|-37|-69|CG1283115|-37|-69|CG1283116|-37|-69|CG1283117|-37|-64
670|1|2|600|5|CG1325413|-100|-113|CG1325414|-102|-107|CG1325415|-90|-159|CG1325416|-142|-98|CG1325417|-131|-103
670|1|3|510|6|CG1283075|-37|-67|CG1283076|-36|-69|CG1283077|-36|-72|CG1283078|-36|-67|CG1283079|-36|-68|CG1283080|-37|-69
670|1|4|
670|1|5|1717|27|CG1283066|-37|-66|CG1283066|-37|-66|CG1283067|-36|-67|CG1283068|-37|-68|CG1283068|-37|-68|CG1283068|-37|-68|CG1283069|-40|-74|CG1283069|-40|-74|CG1283070|-42|-73|CG1283070|-42|-73|CG1283070|-42|-73|CG1283071|-43|-84|CG1283071|-43|-84|CG1283072|-39|-91|CG1283072|-39|-91|CG1283071|-43|-84|CG1283071|-43|-84|CG1283072|-39|-91|CG1283072|-39|-91|CG1283071|-43|-84|CG1283071|-43|-84|CG1283072|-39|-91|CG1283072|-39|-91|CG1283073|-36|-86|CG1283073|-36|-86|CG1283074|-35|-66|CG1283074|-35|-66
670|1|6|2499|27|CG1283094|-39|-64|CG1283096|-27|-61|CG1283097|-15|-61|CG1283098|-17|-62|CG1283099|-17|-59|CG1283100|-14|-59|CG1283097|-15|-61|CG1283098|-17|-62|CG1283099|-17|-59|CG1283100|-14|-59|CG1283097|-15|-61|CG1283098|-17|-62|CG1283099|-17|-59|CG1283100|-14|-59|CG1283097|-15|-61|CG1283101|-25|-66|CG1283102|-22|-66|CG1283103|-42|-114|CG1283103|-42|-114|CG1283103|-42|-114|CG1283095|-33|-68|CG1283101|-25|-66|CG1283097|-15|-61|CG1283097|-15|-61|CG1283096|-27|-61|CG1283094|-39|-64|CG1283094|-39|-64
670|1|7|1394|18|CG1282162|-39|-64|CG1282164|-27|-61|CG1282165|-15|-61|CG1282166|-17|-62|CG1282167|-17|-59|CG1282168|-14|-59|CG1282165|-15|-61|CG1282166|-17|-62|CG1282167|-17|-59|CG1282168|-14|-59|CG1282165|-15|-61|CG1282166|-17|-62|CG1282179|-31|-57|CG1282180|-37|-70|CG1282181|-36|-78|CG1282182|-39|-79|CG1282183|-34|-72|CG1282184|-39|-64
670|1|8|1000|2|CG1283089|-38|-67|CG1283090|-39|-60
670|1|9|1000|1|CG1283091|-38|-65
670|1|10|1000|6|CG1283083|-38|-65|CG1283084|-34|-67|CG1283085|-32|-75|CG1283086|-44|-67|CG1283087|-42|-63|CG1283088|-36|-57
670|2|0|1598|4|CG1283162|-30|-66|CG1283161|-30|-66|CG1283163|-31|-65|CG1283161|-30|-66
670|2|1|1000|6|CG1283166|-31|-61|CG1283167|-32|-64|CG1283168|-31|-64|CG1283169|-34|-61|CG1283170|-31|-65|CG1283171|-31|-64
670|2|2|600|5|CG1325469|-119|-113|CG1325470|-90|-142|CG1325471|-82|-174|CG1325472|-99|-116|CG1325473|-109|-103
670|2|3|510|6|CG1283129|-35|-61|CG1283130|-34|-63|CG1283131|-34|-67|CG1283132|-36|-62|CG1283133|-31|-63|CG1283134|-34|-66
670|2|4|
670|2|5|1717|27|CG1283120|-25|-67|CG1283120|-25|-67|CG1283121|-26|-68|CG1283122|-27|-65|CG1283122|-27|-65|CG1283122|-27|-65|CG1283123|-30|-77|CG1283123|-30|-77|CG1283124|-42|-78|CG1283124|-42|-78|CG1283124|-42|-78|CG1283125|-31|-82|CG1283125|-31|-82|CG1283126|-24|-89|CG1283126|-24|-89|CG1283125|-31|-82|CG1283125|-31|-82|CG1283126|-24|-89|CG1283126|-24|-89|CG1283125|-31|-82|CG1283125|-31|-82|CG1283126|-24|-89|CG1283126|-24|-89|CG1283127|-22|-82|CG1283127|-22|-82|CG1283128|-18|-63|CG1283128|-18|-63
670|2|6|2499|27|CG1283148|-30|-64|CG1283150|-28|-66|CG1283151|-32|-63|CG1283152|-44|-63|CG1283153|-32|-62|CG1283154|-27|-62|CG1283151|-32|-63|CG1283152|-44|-63|CG1283153|-32|-62|CG1283154|-27|-62|CG1283151|-32|-63|CG1283152|-44|-63|CG1283153|-32|-62|CG1283154|-27|-62|CG1283151|-32|-63|CG1283155|-41|-65|CG1283156|-31|-66|CG1283157|-30|-106|CG1283157|-30|-106|CG1283157|-30|-106|CG1283149|-20|-65|CG1283155|-41|-65|CG1283151|-32|-63|CG1283151|-32|-63|CG1283150|-28|-66|CG1283148|-30|-64|CG1283148|-30|-64
670|2|7|1394|18|CG1282226|-30|-64|CG1282228|-28|-66|CG1282229|-28|-63|CG1282230|-35|-63|CG1282231|-32|-62|CG1282232|-27|-62|CG1282229|-28|-63|CG1282230|-35|-63|CG1282231|-32|-62|CG1282232|-27|-62|CG1282229|-28|-63|CG1282230|-35|-63|CG1282243|-25|-61|CG1282244|-34|-69|CG1282245|-22|-74|CG1282246|-14|-76|CG1282247|-24|-70|CG1282248|-30|-64
670|2|8|1000|2|CG1283143|-24|-65|CG1283144|-59|-50
670|2|9|1000|1|CG1283145|-36|-68
670|2|10|1000|6|CG1283137|-35|-64|CG1283138|-27|-66|CG1283139|-20|-67|CG1283140|-11|-58|CG1283141|-7|-62|CG1283142|-4|-47
670|3|0|1598|4|CG1283216|-30|-72|CG1283215|-29|-73|CG1283217|-26|-72|CG1283215|-29|-73
670|3|1|1000|6|CG1283220|-34|-68|CG1283221|-24|-71|CG1283222|-35|-71|CG1283223|-42|-68|CG1283224|-41|-71|CG1283225|-27|-71
670|3|2|600|5|CG1325525|-125|-117|CG1325526|-119|-165|CG1325527|-116|-175|CG1325528|-58|-136|CG1325529|-81|-129
670|3|3|510|6|CG1283183|-43|-68|CG1283184|-37|-70|CG1283185|-41|-73|CG1283186|-43|-68|CG1283187|-33|-70|CG1283188|-41|-73
670|3|4|
670|3|5|1717|27|CG1283174|-22|-72|CG1283174|-22|-72|CG1283175|-26|-68|CG1283176|-24|-63|CG1283176|-24|-63|CG1283176|-24|-63|CG1283177|-33|-77|CG1283177|-33|-77|CG1283178|-62|-84|CG1283178|-62|-84|CG1283178|-62|-84|CG1283179|-54|-82|CG1283179|-54|-82|CG1283180|-13|-89|CG1283180|-13|-89|CG1283179|-54|-82|CG1283179|-54|-82|CG1283180|-13|-89|CG1283180|-13|-89|CG1283179|-54|-82|CG1283179|-54|-82|CG1283180|-13|-89|CG1283180|-13|-89|CG1283181|-13|-75|CG1283181|-13|-75|CG1283182|-18|-58|CG1283182|-18|-58
670|3|6|2499|27|CG1283202|-30|-70|CG1283204|-41|-67|CG1283205|-67|-62|CG1283206|-85|-61|CG1283207|-47|-62|CG1283208|-42|-62|CG1283205|-67|-62|CG1283206|-85|-61|CG1283207|-47|-62|CG1283208|-42|-62|CG1283205|-67|-62|CG1283206|-85|-61|CG1283207|-47|-62|CG1283208|-42|-62|CG1283205|-67|-62|CG1283209|-65|-59|CG1283210|-59|-61|CG1283211|-29|-105|CG1283211|-29|-105|CG1283211|-29|-105|CG1283203|-19|-62|CG1283209|-65|-59|CG1283205|-67|-62|CG1283205|-67|-62|CG1283204|-41|-67|CG1283202|-30|-70|CG1283202|-30|-70
670|3|7|1394|18|CG1282290|-21|-70|CG1282292|-31|-67|CG1282293|-37|-62|CG1282294|-53|-61|CG1282295|-40|-62|CG1282296|-37|-62|CG1282293|-37|-62|CG1282294|-53|-61|CG1282295|-40|-62|CG1282296|-37|-62|CG1282293|-37|-62|CG1282294|-53|-61|CG1282307|-30|-66|CG1282308|-36|-68|CG1282309|-11|-69|CG1282310|-5|-69|CG1282311|-25|-70|CG1282312|-21|-70
670|3|8|1000|2|CG1283197|-22|-69|CG1283198|-58|-51
670|3|9|1000|1|CG1283199|-36|-68
670|3|10|1000|6|CG1283191|-38|-70|CG1283192|-32|-71|CG1283193|-23|-70|CG1283194|5|-44|CG1283195|2|-50|CG1283196|-4|-27
670|4|0|1598|4|CG1283270|-30|-68|CG1283269|-29|-68|CG1283271|-29|-69|CG1283269|-29|-68
670|4|1|1000|6|CG1283274|-31|-66|CG1283275|-31|-69|CG1283276|-32|-68|CG1283277|-33|-65|CG1283278|-32|-69|CG1283279|-32|-69
670|4|2|600|5|CG1325581|-118|-123|CG1325582|-92|-162|CG1325583|-82|-152|CG1325584|-98|-119|CG1325585|-112|-122
670|4|3|510|6|CG1283237|-36|-65|CG1283238|-33|-68|CG1283239|-37|-70|CG1283240|-33|-66|CG1283241|-33|-68|CG1283242|-37|-70
670|4|4|
670|4|5|1717|27|CG1283228|-26|-66|CG1283228|-26|-66|CG1283229|-29|-58|CG1283230|-28|-51|CG1283230|-28|-51|CG1283230|-28|-51|CG1283231|-39|-81|CG1283231|-39|-81|CG1283232|-46|-86|CG1283232|-46|-86|CG1283232|-46|-86|CG1283233|-46|-87|CG1283233|-46|-87|CG1283234|-21|-87|CG1283234|-21|-87|CG1283233|-46|-87|CG1283233|-46|-87|CG1283234|-21|-87|CG1283234|-21|-87|CG1283233|-46|-87|CG1283233|-46|-87|CG1283234|-21|-87|CG1283234|-21|-87|CG1283235|-15|-68|CG1283235|-15|-68|CG1283236|-18|-54|CG1283236|-18|-54
670|4|6|2499|27|CG1283256|-40|-66|CG1283258|-60|-64|CG1283259|-82|-62|CG1283260|-78|-63|CG1283261|-85|-63|CG1283262|-69|-62|CG1283259|-82|-62|CG1283260|-78|-63|CG1283261|-85|-63|CG1283262|-69|-62|CG1283259|-82|-62|CG1283260|-78|-63|CG1283261|-85|-63|CG1283262|-69|-62|CG1283259|-82|-62|CG1283263|-69|-53|CG1283264|-72|-53|CG1283265|-28|-111|CG1283265|-28|-111|CG1283265|-28|-111|CG1283257|-25|-57|CG1283263|-69|-53|CG1283259|-82|-62|CG1283259|-82|-62|CG1283258|-60|-64|CG1283256|-40|-66|CG1283256|-40|-66
670|4|7|1394|18|CG1282354|-35|-66|CG1282356|-44|-64|CG1282357|-57|-62|CG1282358|-59|-63|CG1282359|-56|-63|CG1282360|-55|-62|CG1282357|-57|-62|CG1282358|-59|-63|CG1282359|-56|-63|CG1282360|-55|-62|CG1282357|-57|-62|CG1282358|-59|-63|CG1282371|-43|-64|CG1282372|-39|-65|CG1282373|-19|-58|CG1282374|-11|-56|CG1282375|-22|-61|CG1282376|-35|-66
670|4|8|1000|2|CG1283251|-23|-62|CG1283252|-58|-66
670|4|9|1000|1|CG1283253|-30|-64
670|4|10|1000|6|CG1283245|-33|-67|CG1283246|-30|-68|CG1283247|-21|-64|CG1283248|-4|-29|CG1283249|-7|-26|CG1283250|-9|-15
670|5|0|1598|4|CG1283324|-43|-67|CG1283323|-42|-67|CG1283325|-41|-67|CG1283323|-42|-67
670|5|1|1000|6|CG1283328|-36|-65|CG1283329|-37|-69|CG1283330|-37|-68|CG1283331|-36|-65|CG1283332|-37|-69|CG1283333|-37|-68
670|5|2|600|5|CG1325637|-87|-102|CG1325638|-101|-134|CG1325639|-81|-118|CG1325640|-146|-102|CG1325641|-132|-115
670|5|3|510|6|CG1283291|-37|-65|CG1283292|-37|-67|CG1283293|-38|-70|CG1283294|-38|-65|CG1283295|-37|-67|CG1283296|-37|-70
670|5|4|
670|5|5|1717|27|CG1283282|-37|-67|CG1283282|-37|-67|CG1283283|-38|-54|CG1283284|-37|-48|CG1283284|-37|-48|CG1283284|-37|-48|CG1283285|-28|-91|CG1283285|-28|-91|CG1283286|-17|-92|CG1283286|-17|-92|CG1283286|-17|-92|CG1283287|-18|-98|CG1283287|-18|-98|CG1283288|-33|-85|CG1283288|-33|-85|CG1283287|-18|-98|CG1283287|-18|-98|CG1283288|-33|-85|CG1283288|-33|-85|CG1283287|-18|-98|CG1283287|-18|-98|CG1283288|-33|-85|CG1283288|-33|-85|CG1283289|-37|-67|CG1283289|-37|-67|CG1283290|-38|-56|CG1283290|-38|-56
670|5|6|2499|27|CG1283310|-50|-67|CG1283312|-64|-69|CG1283313|-57|-70|CG1283314|-46|-71|CG1283315|-74|-70|CG1283316|-78|-70|CG1283313|-57|-70|CG1283314|-46|-71|CG1283315|-74|-70|CG1283316|-78|-70|CG1283313|-57|-70|CG1283314|-46|-71|CG1283315|-74|-70|CG1283316|-78|-70|CG1283313|-57|-70|CG1283317|-49|-62|CG1283318|-51|-56|CG1283319|-27|-118|CG1283319|-27|-118|CG1283319|-27|-118|CG1283311|-40|-57|CG1283317|-49|-62|CG1283313|-57|-70|CG1283313|-57|-70|CG1283312|-64|-69|CG1283310|-50|-67|CG1283310|-50|-67
670|5|7|1394|18|CG1282418|-35|-67|CG1282420|-45|-69|CG1282421|-49|-70|CG1282422|-46|-71|CG1282423|-47|-70|CG1282424|-50|-70|CG1282421|-49|-70|CG1282422|-46|-71|CG1282423|-47|-70|CG1282424|-50|-70|CG1282421|-49|-70|CG1282422|-46|-71|CG1282435|-41|-66|CG1282436|-38|-66|CG1282437|-29|-56|CG1282438|-34|-50|CG1282439|-40|-57|CG1282440|-35|-67
670|5|8|1000|2|CG1283305|-35|-60|CG1283306|-35|-71
670|5|9|1000|1|CG1283307|-34|-63
670|5|10|1000|6|CG1283299|-37|-67|CG1283300|-44|-63|CG1283301|-40|-54|CG1283302|-44|-18|CG1283303|-40|-27|CG1283304|-56|-12
670|6|0|1598|4|CG1283378|-41|-68|CG1283377|-43|-67|CG1283379|-47|-67|CG1283377|-43|-67
670|6|1|1000|6|CG1283382|-41|-66|CG1283383|-42|-69|CG1283384|-39|-69|CG1283385|-37|-66|CG1283386|-40|-69|CG1283387|-42|-69
670|6|2|600|5|CG1325693|-56|-115|CG1325694|-66|-158|CG1325695|-93|-143|CG1325696|-109|-126|CG1325697|-81|-115
670|6|3|510|6|CG1283345|-32|-65|CG1283346|-34|-66|CG1283347|-35|-68|CG1283348|-33|-64|CG1283349|-35|-66|CG1283350|-38|-69
670|6|4|
670|6|5|1717|27|CG1283336|-39|-66|CG1283336|-39|-66|CG1283337|-40|-56|CG1283338|-43|-51|CG1283338|-43|-51|CG1283338|-43|-51|CG1283339|-34|-95|CG1283339|-34|-95|CG1283340|-26|-92|CG1283340|-26|-92|CG1283340|-26|-92|CG1283341|-20|-96|CG1283341|-20|-96|CG1283342|-53|-87|CG1283342|-53|-87|CG1283341|-20|-96|CG1283341|-20|-96|CG1283342|-53|-87|CG1283342|-53|-87|CG1283341|-20|-96|CG1283341|-20|-96|CG1283342|-53|-87|CG1283342|-53|-87|CG1283343|-52|-71|CG1283343|-52|-71|CG1283344|-45|-60|CG1283344|-45|-60
670|6|6|2499|27|CG1283364|-53|-68|CG1283366|-40|-70|CG1283367|-30|-73|CG1283368|-32|-73|CG1283369|-36|-81|CG1283370|-49|-72|CG1283367|-30|-73|CG1283368|-32|-73|CG1283369|-36|-81|CG1283370|-49|-72|CG1283367|-30|-73|CG1283368|-32|-73|CG1283369|-36|-81|CG1283370|-49|-72|CG1283367|-30|-73|CG1283371|-30|-69|CG1283372|-31|-63|CG1283373|-31|-124|CG1283373|-31|-124|CG1283373|-31|-124|CG1283365|-55|-56|CG1283371|-30|-69|CG1283367|-30|-73|CG1283367|-30|-73|CG1283366|-40|-70|CG1283364|-53|-68|CG1283364|-53|-68
670|6|7|1394|18|CG1282482|-24|-68|CG1282484|-26|-70|CG1282485|-30|-73|CG1282486|-32|-73|CG1282487|-29|-73|CG1282488|-28|-72|CG1282485|-30|-73|CG1282486|-32|-73|CG1282487|-29|-73|CG1282488|-28|-72|CG1282485|-30|-73|CG1282486|-32|-73|CG1282499|-28|-68|CG1282500|-30|-75|CG1282501|-58|-65|CG1282502|-58|-50|CG1282503|-37|-60|CG1282504|-24|-68
670|6|8|1000|2|CG1283359|-36|-61|CG1283360|-43|-69
670|6|9|1000|1|CG1283361|-46|-62
670|6|10|1000|6|CG1283353|-46|-67|CG1283354|-45|-64|CG1283355|-58|-57|CG1283356|-79|-25|CG1283357|-81|-32|CG1283358|-94|-16
670|7|0|1598|4|CG1283432|-25|-70|CG1283431|-27|-70|CG1283433|-32|-70|CG1283431|-27|-70
670|7|1|1000|6|CG1283436|-38|-68|CG1283437|-41|-72|CG1283438|-42|-71|CG1283439|-42|-68|CG1283440|-42|-72|CG1283441|-41|-71
670|7|2|600|5|CG1325749|-65|-111|CG1325750|-73|-164|CG1325751|-68|-170|CG1325752|-60|-150|CG1325753|-60|-127
670|7|3|510|6|CG1283399|-28|-67|CG1283400|-28|-69|CG1283401|-29|-72|CG1283402|-30|-67|CG1283403|-30|-69|CG1283404|-30|-72
670|7|4|
670|7|5|1717|27|CG1283390|-48|-72|CG1283390|-48|-72|CG1283391|-45|-63|CG1283392|-47|-59|CG1283392|-47|-59|CG1283392|-47|-59|CG1283393|-31|-90|CG1283393|-31|-90|CG1283394|-23|-86|CG1283394|-23|-86|CG1283394|-23|-86|CG1283395|-30|-84|CG1283395|-30|-84|CG1283396|-51|-89|CG1283396|-51|-89|CG1283395|-30|-84|CG1283395|-30|-84|CG1283396|-51|-89|CG1283396|-51|-89|CG1283395|-30|-84|CG1283395|-30|-84|CG1283396|-51|-89|CG1283396|-51|-89|CG1283397|-56|-78|CG1283397|-56|-78|CG1283398|-56|-63|CG1283398|-56|-63
670|7|6|2499|27|CG1283418|-33|-71|CG1283420|-30|-72|CG1283421|-30|-71|CG1283422|-30|-71|CG1283423|-30|-78|CG1283424|-30|-71|CG1283421|-30|-71|CG1283422|-30|-71|CG1283423|-30|-78|CG1283424|-30|-71|CG1283421|-30|-71|CG1283422|-30|-71|CG1283423|-30|-78|CG1283424|-30|-71|CG1283421|-30|-71|CG1283425|-34|-68|CG1283426|-36|-66|CG1283427|-28|-126|CG1283427|-28|-126|CG1283427|-28|-126|CG1283419|-63|-64|CG1283425|-34|-68|CG1283421|-30|-71|CG1283421|-30|-71|CG1283420|-30|-72|CG1283418|-33|-71|CG1283418|-33|-71
670|7|7|1394|18|CG1282546|-23|-71|CG1282548|-30|-72|CG1282549|-30|-71|CG1282550|-30|-71|CG1282551|-30|-71|CG1282552|-30|-71|CG1282549|-30|-71|CG1282550|-30|-71|CG1282551|-30|-71|CG1282552|-30|-71|CG1282549|-30|-71|CG1282550|-30|-71|CG1282563|-33|-67|CG1282564|-41|-79|CG1282565|-61|-71|CG1282566|-60|-61|CG1282567|-40|-70|CG1282568|-23|-71
670|7|8|1000|2|CG1283413|-49|-67|CG1283414|-28|-64
670|7|9|1000|1|CG1283415|-39|-69
670|7|10|1000|6|CG1283407|-42|-70|CG1283408|-48|-68|CG1283409|-51|-65|CG1283410|-92|-45|CG1283411|-82|-44|CG1283412|-84|-31
