694|0|0|1190|4|CG1293021|-23|-78|CG1293022|-24|-78|CG1293023|-25|-78|CG1293024|-24|-78
694|0|1|1000|6|CG1293027|-22|-76|CG1293028|-22|-78|CG1293029|-23|-78|CG1293030|-26|-77|CG1293031|-23|-78|CG1293032|-22|-78
694|0|2|600|5|CG1325357|-54|-113|CG1325358|-66|-144|CG1325359|-95|-176|CG1325360|-103|-137|CG1325361|-78|-106
694|0|3|510|6|CG1292994|-26|-80|CG1292995|-26|-81|CG1292996|-26|-84|CG1292997|-24|-80|CG1292998|-26|-81|CG1292999|-27|-84
694|0|4|
694|0|5|986|14|CG1292988|-26|-71|CG1292988|-26|-71|CG1292989|-39|-63|CG1292989|-39|-63|CG1292989|-39|-63|CG1292990|-39|-75|CG1292991|-64|-84|CG1292992|-62|-84|CG1292992|-62|-84|CG1292991|-64|-84|CG1292991|-64|-84|CG1292991|-64|-84|CG1292993|-25|-82|CG1292993|-25|-82
694|0|6|2295|23|CG1293013|-34|-78|CG1293013|-34|-78|CG1293014|-30|-80|CG1293014|-30|-80|CG1293015|-35|-77|CG1293015|-35|-77|CG1293016|-35|-78|CG1293017|-35|-78|CG1293016|-35|-78|CG1293017|-35|-78|CG1293016|-35|-78|CG1293017|-35|-78|CG1293016|-35|-78|CG1293017|-35|-78|CG1293016|-35|-78|CG1293017|-35|-78|CG1293016|-35|-78|CG1293017|-35|-78|CG1293016|-35|-78|CG1293017|-35|-78|CG1293015|-35|-77|CG1293014|-30|-80|CG1293013|-34|-78
694|0|7|1088|9|CG1292131|-30|-78|CG1292132|-4|-64|CG1292133|-1|-61|CG1292133|-1|-61|CG1292134|-26|-68|CG1292135|-57|-70|CG1292136|-58|-69|CG1292137|-37|-71|CG1292138|-25|-75
694|0|8|1000|2|CG1293008|-29|-72|CG1293009|-33|-59
694|0|9|1000|1|CG1293010|-28|-79
694|0|10|1088|6|CG1293002|-34|-73|CG1293003|-31|-66|CG1293004|-68|-53|CG1293005|-64|-61|CG1293006|-59|-58|CG1293007|-62|-55
694|1|0|1190|4|CG1293068|-16|-77|CG1293069|-18|-77|CG1293070|-20|-77|CG1293071|-19|-77
694|1|1|1000|6|CG1293074|-17|-73|CG1293075|-19|-75|CG1293076|-21|-74|CG1293077|-22|-73|CG1293078|-21|-75|CG1293079|-19|-74
694|1|2|600|5|CG1325413|-100|-113|CG1325414|-102|-107|CG1325415|-90|-159|CG1325416|-142|-98|CG1325417|-131|-103
694|1|3|510|6|CG1293041|-22|-80|CG1293042|-21|-81|CG1293043|-20|-84|CG1293044|-21|-80|CG1293045|-19|-81|CG1293046|-21|-84
694|1|4|
694|1|5|986|14|CG1293035|-18|-69|CG1293035|-18|-69|CG1293036|-22|-65|CG1293036|-22|-65|CG1293036|-22|-65|CG1293037|-15|-73|CG1293038|-15|-89|CG1293039|-14|-90|CG1293039|-14|-90|CG1293038|-15|-89|CG1293038|-15|-89|CG1293038|-15|-89|CG1293040|-21|-84|CG1293040|-21|-84
694|1|6|2295|23|CG1293060|-29|-77|CG1293060|-29|-77|CG1293061|-17|-80|CG1293061|-17|-80|CG1293062|-21|-78|CG1293062|-21|-78|CG1293063|-22|-78|CG1293064|-22|-78|CG1293063|-22|-78|CG1293064|-22|-78|CG1293063|-22|-78|CG1293064|-22|-78|CG1293063|-22|-78|CG1293064|-22|-78|CG1293063|-22|-78|CG1293064|-22|-78|CG1293063|-22|-78|CG1293064|-22|-78|CG1293063|-22|-78|CG1293064|-22|-78|CG1293062|-21|-78|CG1293061|-17|-80|CG1293060|-29|-77
694|1|7|1088|9|CG1292197|-18|-77|CG1292198|-16|-58|CG1292199|-33|-55|CG1292199|-33|-55|CG1292200|-14|-67|CG1292201|-34|-82|CG1292202|-34|-81|CG1292203|-24|-77|CG1292204|-33|-76
694|1|8|1000|2|CG1293055|-26|-72|CG1293056|-34|-50
694|1|9|1000|1|CG1293057|-16|-79
694|1|10|1088|6|CG1293049|-29|-71|CG1293050|-34|-66|CG1293051|-40|-58|CG1293052|-38|-69|CG1293053|-36|-66|CG1293054|-38|-59
694|2|0|1190|4|CG1293115|-18|-79|CG1293116|-18|-79|CG1293117|-18|-79|CG1293118|-18|-79
694|2|1|1000|6|CG1293121|-22|-75|CG1293122|-27|-77|CG1293123|-21|-76|CG1293124|-20|-75|CG1293125|-21|-77|CG1293126|-21|-76
694|2|2|600|5|CG1325469|-119|-113|CG1325470|-90|-142|CG1325471|-82|-174|CG1325472|-99|-116|CG1325473|-109|-103
694|2|3|510|6|CG1293088|-19|-80|CG1293089|-13|-81|CG1293090|-18|-84|CG1293091|-26|-80|CG1293092|-14|-81|CG1293093|-13|-84
694|2|4|
694|2|5|986|14|CG1293082|-29|-69|CG1293082|-29|-69|CG1293083|-35|-66|CG1293083|-35|-66|CG1293083|-35|-66|CG1293084|-8|-70|CG1293085|-6|-82|CG1293086|-6|-83|CG1293086|-6|-83|CG1293085|-6|-82|CG1293085|-6|-82|CG1293085|-6|-82|CG1293087|-14|-80|CG1293087|-14|-80
694|2|6|2295|23|CG1293107|-18|-78|CG1293107|-18|-78|CG1293108|-6|-78|CG1293108|-6|-78|CG1293109|-12|-76|CG1293109|-12|-76|CG1293110|-11|-76|CG1293111|-11|-76|CG1293110|-11|-76|CG1293111|-11|-76|CG1293110|-11|-76|CG1293111|-11|-76|CG1293110|-11|-76|CG1293111|-11|-76|CG1293110|-11|-76|CG1293111|-11|-76|CG1293110|-11|-76|CG1293111|-11|-76|CG1293110|-11|-76|CG1293111|-11|-76|CG1293109|-12|-76|CG1293108|-6|-78|CG1293107|-18|-78
694|2|7|1088|9|CG1292263|-14|-78|CG1292264|-43|-61|CG1292265|-49|-59|CG1292265|-49|-59|CG1292266|-21|-69|CG1292267|-17|-81|CG1292268|-17|-81|CG1292269|-35|-77|CG1292270|-28|-75
694|2|8|1000|2|CG1293102|-19|-71|CG1293103|-42|-54
694|2|9|1000|1|CG1293104|-21|-79
694|2|10|1088|6|CG1293096|-24|-73|CG1293097|-20|-67|CG1293098|-18|-44|CG1293099|-19|-58|CG1293100|-19|-54|CG1293101|-18|-45
694|3|0|1190|4|CG1293162|-18|-80|CG1293163|-18|-80|CG1293164|-18|-80|CG1293165|-18|-80
694|3|1|1000|6|CG1293168|-21|-77|CG1293169|-29|-79|CG1293170|-21|-79|CG1293171|-21|-77|CG1293172|-28|-79|CG1293173|-21|-79
694|3|2|600|5|CG1325525|-125|-117|CG1325526|-119|-165|CG1325527|-116|-175|CG1325528|-58|-136|CG1325529|-81|-129
694|3|3|510|6|CG1293135|-28|-79|CG1293136|-18|-79|CG1293137|-19|-82|CG1293138|-26|-79|CG1293139|-20|-79|CG1293140|-18|-82
694|3|4|
694|3|5|986|14|CG1293129|-64|-70|CG1293129|-64|-70|CG1293130|-43|-66|CG1293130|-43|-66|CG1293130|-43|-66|CG1293131|-17|-71|CG1293132|1|-67|CG1293133|1|-68|CG1293133|1|-68|CG1293132|1|-67|CG1293132|1|-67|CG1293132|1|-67|CG1293134|-15|-75|CG1293134|-15|-75
694|3|6|2295|23|CG1293154|-19|-79|CG1293154|-19|-79|CG1293155|-21|-75|CG1293155|-21|-75|CG1293156|-26|-71|CG1293156|-26|-71|CG1293157|-26|-70|CG1293158|-26|-70|CG1293157|-26|-70|CG1293158|-26|-70|CG1293157|-26|-70|CG1293158|-26|-70|CG1293157|-26|-70|CG1293158|-26|-70|CG1293157|-26|-70|CG1293158|-26|-70|CG1293157|-26|-70|CG1293158|-26|-70|CG1293157|-26|-70|CG1293158|-26|-70|CG1293156|-26|-71|CG1293155|-21|-75|CG1293154|-19|-79
694|3|7|1088|9|CG1292329|-20|-77|CG1292330|-50|-70|CG1292331|-47|-69|CG1292331|-47|-69|CG1292332|-35|-72|CG1292333|-24|-70|CG1292334|-24|-70|CG1292335|-28|-71|CG1292336|-20|-74
694|3|8|1000|2|CG1293149|-21|-69|CG1293150|-49|-68
694|3|9|1000|1|CG1293151|-26|-79
694|3|10|1088|6|CG1293143|-27|-78|CG1293144|-17|-69|CG1293145|-1|-25|CG1293146|-3|-36|CG1293147|-2|-26|CG1293148|-2|-26
694|4|0|1190|4|CG1293209|-21|-80|CG1293210|-20|-80|CG1293211|-20|-80|CG1293212|-20|-80
694|4|1|1000|6|CG1293215|-21|-79|CG1293216|-21|-81|CG1293217|-21|-80|CG1293218|-21|-79|CG1293219|-25|-81|CG1293220|-21|-80
694|4|2|600|5|CG1325581|-118|-123|CG1325582|-92|-162|CG1325583|-82|-152|CG1325584|-98|-119|CG1325585|-112|-122
694|4|3|510|6|CG1293182|-26|-78|CG1293183|-22|-78|CG1293184|-22|-81|CG1293185|-22|-78|CG1293186|-22|-78|CG1293187|-22|-81
694|4|4|
694|4|5|986|14|CG1293176|-69|-72|CG1293176|-69|-72|CG1293177|-29|-65|CG1293177|-29|-65|CG1293177|-29|-65|CG1293178|-21|-74|CG1293179|4|-48|CG1293180|4|-49|CG1293180|4|-49|CG1293179|4|-48|CG1293179|4|-48|CG1293179|4|-48|CG1293181|-17|-67|CG1293181|-17|-67
694|4|6|2295|23|CG1293201|-38|-80|CG1293201|-38|-80|CG1293202|-44|-72|CG1293202|-44|-72|CG1293203|-46|-64|CG1293203|-46|-64|CG1293204|-43|-62|CG1293205|-43|-62|CG1293204|-43|-62|CG1293205|-43|-62|CG1293204|-43|-62|CG1293205|-43|-62|CG1293204|-43|-62|CG1293205|-43|-62|CG1293204|-43|-62|CG1293205|-43|-62|CG1293204|-43|-62|CG1293205|-43|-62|CG1293204|-43|-62|CG1293205|-43|-62|CG1293203|-46|-64|CG1293202|-44|-72|CG1293201|-38|-80
694|4|7|1088|9|CG1292395|-25|-77|CG1292396|-44|-78|CG1292397|-43|-78|CG1292397|-43|-78|CG1292398|-34|-75|CG1292399|-22|-58|CG1292400|-23|-60|CG1292401|-16|-59|CG1292402|-17|-70
694|4|8|1000|2|CG1293196|-25|-64|CG1293197|-41|-80
694|4|9|1000|1|CG1293198|-29|-77
694|4|10|1088|6|CG1293190|-30|-82|CG1293191|-25|-69|CG1293192|-16|-21|CG1293193|-17|-18|CG1293194|-16|-20|CG1293195|-16|-20
694|5|0|1190|4|CG1293256|-27|-81|CG1293257|-27|-81|CG1293258|-27|-81|CG1293259|-27|-81
694|5|1|1000|6|CG1293262|-29|-80|CG1293263|-28|-81|CG1293264|-26|-81|CG1293265|-25|-80|CG1293266|-26|-81|CG1293267|-28|-81
694|5|2|600|5|CG1325637|-87|-102|CG1325638|-101|-134|CG1325639|-81|-118|CG1325640|-146|-102|CG1325641|-132|-115
694|5|3|510|6|CG1293229|-29|-78|CG1293230|-30|-78|CG1293231|-33|-81|CG1293232|-34|-78|CG1293233|-33|-78|CG1293234|-31|-81
694|5|4|
694|5|5|986|14|CG1293223|-41|-75|CG1293223|-41|-75|CG1293224|-20|-62|CG1293224|-20|-62|CG1293224|-20|-62|CG1293225|-21|-77|CG1293226|-19|-41|CG1293227|-16|-42|CG1293227|-16|-42|CG1293226|-19|-41|CG1293226|-19|-41|CG1293226|-19|-41|CG1293228|-35|-65|CG1293228|-35|-65
694|5|6|2295|23|CG1293248|-60|-81|CG1293248|-60|-81|CG1293249|-62|-71|CG1293249|-62|-71|CG1293250|-57|-63|CG1293250|-57|-63|CG1293251|-56|-62|CG1293252|-56|-62|CG1293251|-56|-62|CG1293252|-56|-62|CG1293251|-56|-62|CG1293252|-56|-62|CG1293251|-56|-62|CG1293252|-56|-62|CG1293251|-56|-62|CG1293252|-56|-62|CG1293251|-56|-62|CG1293252|-56|-62|CG1293251|-56|-62|CG1293252|-56|-62|CG1293250|-57|-63|CG1293249|-62|-71|CG1293248|-60|-81
694|5|7|1088|9|CG1292461|-27|-77|CG1292462|-35|-84|CG1292463|-44|-84|CG1292463|-44|-84|CG1292464|-18|-76|CG1292465|-11|-58|CG1292466|-11|-60|CG1292467|-10|-56|CG1292468|-26|-67
694|5|8|1000|2|CG1293243|-32|-63|CG1293244|-44|-84
694|5|9|1000|1|CG1293245|-39|-76
694|5|10|1088|6|CG1293237|-46|-82|CG1293238|-52|-68|CG1293239|-60|-15|CG1293240|-57|-13|CG1293241|-60|-14|CG1293242|-61|-15
694|6|0|1190|4|CG1293303|-28|-80|CG1293304|-28|-80|CG1293305|-28|-80|CG1293306|-28|-80
694|6|1|1000|6|CG1293309|-27|-79|CG1293310|-26|-81|CG1293311|-25|-81|CG1293312|-26|-79|CG1293313|-25|-81|CG1293314|-25|-80
694|6|2|600|5|CG1325693|-56|-115|CG1325694|-66|-158|CG1325695|-93|-143|CG1325696|-109|-126|CG1325697|-81|-115
694|6|3|510|6|CG1293276|-43|-79|CG1293277|-42|-79|CG1293278|-43|-82|CG1293279|-43|-79|CG1293280|-43|-78|CG1293281|-43|-82
694|6|4|
694|6|5|986|14|CG1293270|-16|-79|CG1293270|-16|-79|CG1293271|-44|-63|CG1293271|-44|-63|CG1293271|-44|-63|CG1293272|-49|-79|CG1293273|-76|-49|CG1293274|-75|-50|CG1293274|-75|-50|CG1293273|-76|-49|CG1293273|-76|-49|CG1293273|-76|-49|CG1293275|-59|-69|CG1293275|-59|-69
694|6|6|2295|23|CG1293295|-53|-81|CG1293295|-53|-81|CG1293296|-52|-75|CG1293296|-52|-75|CG1293297|-42|-68|CG1293297|-42|-68|CG1293298|-44|-68|CG1293299|-44|-68|CG1293298|-44|-68|CG1293299|-44|-68|CG1293298|-44|-68|CG1293299|-44|-68|CG1293298|-44|-68|CG1293299|-44|-68|CG1293298|-44|-68|CG1293299|-44|-68|CG1293298|-44|-68|CG1293299|-44|-68|CG1293298|-44|-68|CG1293299|-44|-68|CG1293297|-42|-68|CG1293296|-52|-75|CG1293295|-53|-81
694|6|7|1088|9|CG1292527|-22|-77|CG1292528|-16|-82|CG1292529|-25|-82|CG1292529|-25|-82|CG1292530|-29|-75|CG1292531|-37|-59|CG1292532|-37|-59|CG1292533|-27|-53|CG1292534|-31|-69
694|6|8|1000|2|CG1293290|-46|-64|CG1293291|-46|-80
694|6|9|1000|1|CG1293292|-34|-76
694|6|10|1088|6|CG1293284|-45|-82|CG1293285|-55|-68|CG1293286|-86|-19|CG1293287|-86|-17|CG1293288|-87|-18|CG1293289|-86|-18
694|7|0|1190|4|CG1293350|-21|-79|CG1293351|-22|-79|CG1293352|-22|-79|CG1293353|-22|-79
694|7|1|1000|6|CG1293356|-30|-77|CG1293357|-21|-78|CG1293358|-25|-78|CG1293359|-30|-77|CG1293360|-20|-78|CG1293361|-18|-78
694|7|2|600|5|CG1325749|-65|-111|CG1325750|-73|-164|CG1325751|-68|-170|CG1325752|-60|-150|CG1325753|-60|-127
694|7|3|510|6|CG1293323|-39|-79|CG1293324|-38|-80|CG1293325|-37|-83|CG1293326|-35|-79|CG1293327|-35|-80|CG1293328|-38|-83
694|7|4|
694|7|5|986|14|CG1293317|-27|-73|CG1293317|-27|-73|CG1293318|-55|-63|CG1293318|-55|-63|CG1293318|-55|-63|CG1293319|-57|-78|CG1293320|-94|-69|CG1293321|-92|-70|CG1293321|-92|-70|CG1293320|-94|-69|CG1293320|-94|-69|CG1293320|-94|-69|CG1293322|-55|-76|CG1293322|-55|-76
694|7|6|2295|23|CG1293342|-23|-79|CG1293342|-23|-79|CG1293343|-40|-77|CG1293343|-40|-77|CG1293344|-36|-73|CG1293344|-36|-73|CG1293345|-37|-73|CG1293346|-36|-73|CG1293345|-37|-73|CG1293346|-36|-73|CG1293345|-37|-73|CG1293346|-36|-73|CG1293345|-37|-73|CG1293346|-36|-73|CG1293345|-37|-73|CG1293346|-36|-73|CG1293345|-37|-73|CG1293346|-36|-73|CG1293345|-37|-73|CG1293346|-36|-73|CG1293344|-36|-73|CG1293343|-40|-77|CG1293342|-23|-79
694|7|7|1088|9|CG1292593|-35|-77|CG1292594|-8|-74|CG1292595|1|-72|CG1292595|1|-72|CG1292596|-34|-72|CG1292597|-60|-59|CG1292598|-61|-57|CG1292599|-41|-62|CG1292600|-27|-73
694|7|8|1000|2|CG1293337|-45|-70|CG1293338|-31|-67
694|7|9|1000|1|CG1293339|-31|-77
694|7|10|1088|6|CG1293331|-26|-77|CG1293332|-32|-67|CG1293333|-86|-41|CG1293334|-85|-43|CG1293335|-86|-42|CG1293336|-86|-43
