696|0|0|6086|40|CG1293810|-23|-57|CG1293811|-20|-56|CG1293812|-17|-56|CG1293811|-20|-56|CG1293810|-23|-57|CG1293813|-22|-56|CG1293814|-22|-55|CG1293814|-22|-55|CG1293814|-22|-55|CG1293814|-22|-55|CG1293813|-22|-56|CG1293810|-23|-57|CG1293811|-20|-56|CG1293812|-17|-56|CG1293811|-20|-56|CG1293810|-23|-57|CG1293811|-20|-56|CG1293812|-17|-56|CG1293811|-20|-56|CG1293810|-23|-57|CG1293813|-22|-56|CG1293814|-22|-55|CG1293814|-22|-55|CG1293814|-22|-55|CG1293813|-22|-56|CG1293810|-23|-57|CG1293813|-22|-56|CG1293814|-22|-55|CG1293814|-22|-55|CG1293814|-22|-55|CG1293814|-22|-55|CG1293813|-22|-56|CG1293810|-23|-57|CG1293811|-20|-56|CG1293812|-17|-56|CG1293811|-20|-56|CG1293810|-23|-57|CG1293811|-20|-56|CG1293812|-17|-56|CG1293811|-20|-56
696|0|1|1000|6|CG1293817|-24|-54|CG1293818|-23|-57|CG1293819|-20|-55|CG1293820|-25|-54|CG1293821|-20|-57|CG1293822|-24|-55
696|0|2|600|5|CG1325357|-54|-113|CG1325358|-66|-144|CG1325359|-95|-176|CG1325360|-103|-137|CG1325361|-78|-106
696|0|3|510|6|CG1293780|-24|-58|CG1293781|-27|-56|CG1293782|-38|-56|CG1293783|-42|-57|CG1293784|-38|-56|CG1293785|-29|-55
696|0|4|
696|0|5|1000|8|CG1293772|-18|-56|CG1293773|-23|-51|CG1293774|-34|-86|CG1293775|-29|-82|CG1293776|-45|-98|CG1293777|-48|-67|CG1293778|-50|-60|CG1293779|-41|-58
696|0|6|2091|24|CG1293799|-19|-54|CG1293799|-19|-54|CG1293800|-27|-71|CG1293800|-27|-71|CG1293801|-20|-58|CG1293801|-20|-58|CG1293802|-19|-39|CG1293802|-19|-39|CG1293803|-19|-38|CG1293803|-19|-38|CG1293803|-19|-38|CG1293803|-19|-38|CG1293803|-19|-38|CG1293803|-19|-38|CG1293804|-20|-38|CG1293805|-20|-35|CG1293806|-19|-31|CG1293806|-19|-31|CG1293806|-19|-31|CG1293806|-19|-31|CG1293805|-20|-35|CG1293805|-20|-35|CG1293804|-20|-38|CG1293804|-20|-38
696|0|7|1394|13|CG1294605|-23|-56|CG1294605|-23|-56|CG1294606|-22|-58|CG1294606|-22|-58|CG1294607|-24|-58|CG1294607|-24|-58|CG1294608|-26|-58|CG1294609|-39|-53|CG1294610|-29|-46|CG1294611|-25|-54|CG1294611|-25|-54|CG1294612|-26|-58|CG1294612|-26|-58
696|0|8|1000|2|CG1293794|-26|-55|CG1293795|-16|-45
696|0|9|1000|1|CG1293796|-24|-62
696|0|10|1190|6|CG1293788|-23|-57|CG1293789|-18|-54|CG1293790|-30|-69|CG1293791|-43|-59|CG1293792|-43|-41|CG1293793|-44|-40
696|1|0|6086|40|CG1293863|-26|-57|CG1293864|-28|-57|CG1293865|-28|-56|CG1293864|-28|-57|CG1293863|-26|-57|CG1293866|-27|-57|CG1293867|-28|-55|CG1293867|-28|-55|CG1293867|-28|-55|CG1293867|-28|-55|CG1293866|-27|-57|CG1293863|-26|-57|CG1293864|-28|-57|CG1293865|-28|-56|CG1293864|-28|-57|CG1293863|-26|-57|CG1293864|-28|-57|CG1293865|-28|-56|CG1293864|-28|-57|CG1293863|-26|-57|CG1293866|-27|-57|CG1293867|-28|-55|CG1293867|-28|-55|CG1293867|-28|-55|CG1293866|-27|-57|CG1293863|-26|-57|CG1293866|-27|-57|CG1293867|-28|-55|CG1293867|-28|-55|CG1293867|-28|-55|CG1293867|-28|-55|CG1293866|-27|-57|CG1293863|-26|-57|CG1293864|-28|-57|CG1293865|-28|-56|CG1293864|-28|-57|CG1293863|-26|-57|CG1293864|-28|-57|CG1293865|-28|-56|CG1293864|-28|-57
696|1|1|1000|6|CG1293870|-24|-54|CG1293871|-24|-57|CG1293872|-25|-56|CG1293873|-26|-54|CG1293874|-27|-57|CG1293875|-26|-56
696|1|2|600|5|CG1325413|-100|-113|CG1325414|-102|-107|CG1325415|-90|-159|CG1325416|-142|-98|CG1325417|-131|-103
696|1|3|510|6|CG1293833|-17|-58|CG1293834|-20|-57|CG1293835|-27|-57|CG1293836|-37|-58|CG1293837|-29|-58|CG1293838|-22|-57
696|1|4|
696|1|5|1000|8|CG1293825|-28|-56|CG1293826|-26|-53|CG1293827|-27|-85|CG1293828|-21|-85|CG1293829|-22|-103|CG1293830|-22|-73|CG1293831|-20|-65|CG1293832|-25|-62
696|1|6|2091|24|CG1293852|-26|-55|CG1293852|-26|-55|CG1293853|-36|-59|CG1293853|-36|-59|CG1293854|-32|-51|CG1293854|-32|-51|CG1293855|-22|-37|CG1293855|-22|-37|CG1293856|-20|-37|CG1293856|-20|-37|CG1293856|-20|-37|CG1293856|-20|-37|CG1293856|-20|-37|CG1293856|-20|-37|CG1293857|-22|-36|CG1293858|-23|-39|CG1293859|-27|-26|CG1293859|-27|-26|CG1293859|-27|-26|CG1293859|-27|-26|CG1293858|-23|-39|CG1293858|-23|-39|CG1293857|-22|-36|CG1293857|-22|-36
696|1|7|1394|13|CG1294673|-18|-56|CG1294673|-18|-56|CG1294674|-17|-58|CG1294674|-17|-58|CG1294675|-17|-58|CG1294675|-17|-58|CG1294676|-19|-60|CG1294677|-38|-56|CG1294678|-39|-50|CG1294679|-38|-55|CG1294679|-38|-55|CG1294680|-28|-58|CG1294680|-28|-58
696|1|8|1000|2|CG1293847|-22|-54|CG1293848|-18|-37
696|1|9|1000|1|CG1293849|-19|-63
696|1|10|1190|6|CG1293841|-29|-57|CG1293842|-28|-53|CG1293843|-30|-63|CG1293844|-28|-49|CG1293845|-28|-46|CG1293846|-29|-45
696|2|0|6086|40|CG1293916|-21|-57|CG1293917|-25|-56|CG1293918|-28|-56|CG1293917|-25|-56|CG1293916|-21|-57|CG1293919|-23|-56|CG1293920|-24|-55|CG1293920|-24|-55|CG1293920|-24|-55|CG1293920|-24|-55|CG1293919|-23|-56|CG1293916|-21|-57|CG1293917|-25|-56|CG1293918|-28|-56|CG1293917|-25|-56|CG1293916|-21|-57|CG1293917|-25|-56|CG1293918|-28|-56|CG1293917|-25|-56|CG1293916|-21|-57|CG1293919|-23|-56|CG1293920|-24|-55|CG1293920|-24|-55|CG1293920|-24|-55|CG1293919|-23|-56|CG1293916|-21|-57|CG1293919|-23|-56|CG1293920|-24|-55|CG1293920|-24|-55|CG1293920|-24|-55|CG1293920|-24|-55|CG1293919|-23|-56|CG1293916|-21|-57|CG1293917|-25|-56|CG1293918|-28|-56|CG1293917|-25|-56|CG1293916|-21|-57|CG1293917|-25|-56|CG1293918|-28|-56|CG1293917|-25|-56
696|2|1|1000|6|CG1293923|-20|-54|CG1293924|-17|-57|CG1293925|-23|-55|CG1293926|-26|-53|CG1293927|-24|-57|CG1293928|-17|-55
696|2|2|600|5|CG1325469|-119|-113|CG1325470|-90|-142|CG1325471|-82|-174|CG1325472|-99|-116|CG1325473|-109|-103
696|2|3|510|6|CG1293886|-23|-57|CG1293887|-16|-56|CG1293888|-29|-55|CG1293889|-30|-58|CG1293890|-29|-56|CG1293891|-19|-56
696|2|4|
696|2|5|1000|8|CG1293878|-28|-56|CG1293879|-31|-51|CG1293880|-13|-78|CG1293881|-12|-82|CG1293882|-5|-91|CG1293883|-1|-67|CG1293884|-2|-60|CG1293885|-9|-60
696|2|6|2091|24|CG1293905|-28|-54|CG1293905|-28|-54|CG1293906|-31|-56|CG1293906|-31|-56|CG1293907|-34|-45|CG1293907|-34|-45|CG1293908|-24|-39|CG1293908|-24|-39|CG1293909|-23|-38|CG1293909|-23|-38|CG1293909|-23|-38|CG1293909|-23|-38|CG1293909|-23|-38|CG1293909|-23|-38|CG1293910|-24|-38|CG1293911|-30|-45|CG1293912|-49|-31|CG1293912|-49|-31|CG1293912|-49|-31|CG1293912|-49|-31|CG1293911|-30|-45|CG1293911|-30|-45|CG1293910|-24|-38|CG1293910|-24|-38
696|2|7|1394|13|CG1294741|-14|-56|CG1294741|-14|-56|CG1294742|-16|-58|CG1294742|-16|-58|CG1294743|-15|-58|CG1294743|-15|-58|CG1294744|-13|-59|CG1294745|-19|-59|CG1294746|-33|-53|CG1294747|-35|-57|CG1294747|-35|-57|CG1294748|-19|-58|CG1294748|-19|-58
696|2|8|1000|2|CG1293900|-15|-54|CG1293901|-41|-37
696|2|9|1000|1|CG1293902|-22|-54
696|2|10|1190|6|CG1293894|-23|-57|CG1293895|-27|-54|CG1293896|-22|-60|CG1293897|-14|-42|CG1293898|-16|-39|CG1293899|-16|-38
696|3|0|6086|40|CG1293969|-14|-56|CG1293970|-16|-56|CG1293971|-19|-56|CG1293970|-16|-56|CG1293969|-14|-56|CG1293972|-14|-57|CG1293973|-16|-57|CG1293973|-16|-57|CG1293973|-16|-57|CG1293973|-16|-57|CG1293972|-14|-57|CG1293969|-14|-56|CG1293970|-16|-56|CG1293971|-19|-56|CG1293970|-16|-56|CG1293969|-14|-56|CG1293970|-16|-56|CG1293971|-19|-56|CG1293970|-16|-56|CG1293969|-14|-56|CG1293972|-14|-57|CG1293973|-16|-57|CG1293973|-16|-57|CG1293973|-16|-57|CG1293972|-14|-57|CG1293969|-14|-56|CG1293972|-14|-57|CG1293973|-16|-57|CG1293973|-16|-57|CG1293973|-16|-57|CG1293973|-16|-57|CG1293972|-14|-57|CG1293969|-14|-56|CG1293970|-16|-56|CG1293971|-19|-56|CG1293970|-16|-56|CG1293969|-14|-56|CG1293970|-16|-56|CG1293971|-19|-56|CG1293970|-16|-56
696|3|1|1000|6|CG1293976|-21|-54|CG1293977|-16|-57|CG1293978|-15|-55|CG1293979|-21|-53|CG1293980|-16|-58|CG1293981|-15|-56
696|3|2|600|5|CG1325525|-125|-117|CG1325526|-119|-165|CG1325527|-116|-175|CG1325528|-58|-136|CG1325529|-81|-129
696|3|3|510|6|CG1293939|-27|-54|CG1293940|-20|-52|CG1293941|-21|-52|CG1293942|-27|-55|CG1293943|-20|-52|CG1293944|-22|-52
696|3|4|
696|3|5|1000|8|CG1293931|-19|-55|CG1293932|-25|-46|CG1293933|-12|-67|CG1293934|-33|-79|CG1293935|-2|-73|CG1293936|13|-57|CG1293937|3|-47|CG1293938|-2|-51
696|3|6|2091|24|CG1293958|-19|-52|CG1293958|-19|-52|CG1293959|-23|-57|CG1293959|-23|-57|CG1293960|-39|-43|CG1293960|-39|-43|CG1293961|-32|-42|CG1293961|-32|-42|CG1293962|-31|-38|CG1293962|-31|-38|CG1293962|-31|-38|CG1293962|-31|-38|CG1293962|-31|-38|CG1293962|-31|-38|CG1293963|-32|-43|CG1293964|-35|-50|CG1293965|-45|-41|CG1293965|-45|-41|CG1293965|-45|-41|CG1293965|-45|-41|CG1293964|-35|-50|CG1293964|-35|-50|CG1293963|-32|-43|CG1293963|-32|-43
696|3|7|1394|13|CG1294809|-14|-56|CG1294809|-14|-56|CG1294810|-15|-55|CG1294810|-15|-55|CG1294811|-14|-56|CG1294811|-14|-56|CG1294812|-9|-54|CG1294813|-11|-59|CG1294814|-24|-56|CG1294815|-17|-59|CG1294815|-17|-59|CG1294816|-13|-56|CG1294816|-13|-56
696|3|8|1000|2|CG1293953|-17|-50|CG1293954|-53|-43
696|3|9|1000|1|CG1293955|-26|-46
696|3|10|1190|6|CG1293947|-14|-57|CG1293948|-18|-55|CG1293949|-8|-52|CG1293950|-10|-32|CG1293951|-12|-29|CG1293952|-12|-22
696|4|0|6086|40|CG1294022|-21|-56|CG1294023|-26|-56|CG1294024|-27|-56|CG1294023|-26|-56|CG1294022|-21|-56|CG1294025|-23|-57|CG1294026|-24|-57|CG1294026|-24|-57|CG1294026|-24|-57|CG1294026|-24|-57|CG1294025|-23|-57|CG1294022|-21|-56|CG1294023|-26|-56|CG1294024|-27|-56|CG1294023|-26|-56|CG1294022|-21|-56|CG1294023|-26|-56|CG1294024|-27|-56|CG1294023|-26|-56|CG1294022|-21|-56|CG1294025|-23|-57|CG1294026|-24|-57|CG1294026|-24|-57|CG1294026|-24|-57|CG1294025|-23|-57|CG1294022|-21|-56|CG1294025|-23|-57|CG1294026|-24|-57|CG1294026|-24|-57|CG1294026|-24|-57|CG1294026|-24|-57|CG1294025|-23|-57|CG1294022|-21|-56|CG1294023|-26|-56|CG1294024|-27|-56|CG1294023|-26|-56|CG1294022|-21|-56|CG1294023|-26|-56|CG1294024|-27|-56|CG1294023|-26|-56
696|4|1|1000|6|CG1294029|-23|-53|CG1294030|-21|-57|CG1294031|-16|-55|CG1294032|-19|-53|CG1294033|-17|-57|CG1294034|-21|-55
696|4|2|600|5|CG1325581|-118|-123|CG1325582|-92|-162|CG1325583|-82|-152|CG1325584|-98|-119|CG1325585|-112|-122
696|4|3|510|6|CG1293992|-40|-51|CG1293993|-28|-47|CG1293994|-19|-48|CG1293995|-23|-52|CG1293996|-16|-48|CG1293997|-27|-48
696|4|4|
696|4|5|1000|8|CG1293984|-29|-54|CG1293985|-35|-46|CG1293986|-19|-63|CG1293987|-36|-74|CG1293988|-4|-62|CG1293989|4|-50|CG1293990|-1|-33|CG1293991|-8|-42
696|4|6|2091|24|CG1294011|-26|-50|CG1294011|-26|-50|CG1294012|-30|-58|CG1294012|-30|-58|CG1294013|-45|-45|CG1294013|-45|-45|CG1294014|-49|-46|CG1294014|-49|-46|CG1294015|-49|-38|CG1294015|-49|-38|CG1294015|-49|-38|CG1294015|-49|-38|CG1294015|-49|-38|CG1294015|-49|-38|CG1294016|-49|-48|CG1294017|-49|-50|CG1294018|-48|-50|CG1294018|-48|-50|CG1294018|-48|-50|CG1294018|-48|-50|CG1294017|-49|-50|CG1294017|-49|-50|CG1294016|-49|-48|CG1294016|-49|-48
696|4|7|1394|13|CG1294877|-14|-56|CG1294877|-14|-56|CG1294878|-14|-53|CG1294878|-14|-53|CG1294879|-13|-55|CG1294879|-13|-55|CG1294880|-8|-48|CG1294881|-11|-57|CG1294882|-28|-57|CG1294883|-30|-59|CG1294883|-30|-59|CG1294884|-20|-55|CG1294884|-20|-55
696|4|8|1000|2|CG1294006|-18|-45|CG1294007|-42|-50
696|4|9|1000|1|CG1294008|-22|-43
696|4|10|1190|6|CG1294000|-24|-57|CG1294001|-32|-56|CG1294002|-40|-44|CG1294003|-15|-24|CG1294004|-16|-23|CG1294005|-16|-17
696|5|0|6086|40|CG1294075|-27|-56|CG1294076|-36|-56|CG1294077|-39|-56|CG1294076|-36|-56|CG1294075|-27|-56|CG1294078|-33|-57|CG1294079|-39|-57|CG1294079|-39|-57|CG1294079|-39|-57|CG1294079|-39|-57|CG1294078|-33|-57|CG1294075|-27|-56|CG1294076|-36|-56|CG1294077|-39|-56|CG1294076|-36|-56|CG1294075|-27|-56|CG1294076|-36|-56|CG1294077|-39|-56|CG1294076|-36|-56|CG1294075|-27|-56|CG1294078|-33|-57|CG1294079|-39|-57|CG1294079|-39|-57|CG1294079|-39|-57|CG1294078|-33|-57|CG1294075|-27|-56|CG1294078|-33|-57|CG1294079|-39|-57|CG1294079|-39|-57|CG1294079|-39|-57|CG1294079|-39|-57|CG1294078|-33|-57|CG1294075|-27|-56|CG1294076|-36|-56|CG1294077|-39|-56|CG1294076|-36|-56|CG1294075|-27|-56|CG1294076|-36|-56|CG1294077|-39|-56|CG1294076|-36|-56
696|5|1|1000|6|CG1294082|-29|-53|CG1294083|-27|-57|CG1294084|-24|-55|CG1294085|-22|-53|CG1294086|-23|-57|CG1294087|-26|-55
696|5|2|600|5|CG1325637|-87|-102|CG1325638|-101|-134|CG1325639|-81|-118|CG1325640|-146|-102|CG1325641|-132|-115
696|5|3|510|6|CG1294045|-50|-50|CG1294046|-41|-46|CG1294047|-19|-47|CG1294048|-13|-50|CG1294049|-18|-45|CG1294050|-39|-46
696|5|4|
696|5|5|1000|8|CG1294037|-34|-53|CG1294038|-39|-41|CG1294039|-27|-70|CG1294040|-21|-82|CG1294041|-24|-57|CG1294042|-25|-45|CG1294043|-21|-29|CG1294044|-16|-38
696|5|6|2091|24|CG1294064|-37|-49|CG1294064|-37|-49|CG1294065|-47|-58|CG1294065|-47|-58|CG1294066|-47|-54|CG1294066|-47|-54|CG1294067|-54|-47|CG1294067|-54|-47|CG1294068|-54|-38|CG1294068|-54|-38|CG1294068|-54|-38|CG1294068|-54|-38|CG1294068|-54|-38|CG1294068|-54|-38|CG1294069|-54|-50|CG1294070|-54|-53|CG1294071|-53|-54|CG1294071|-53|-54|CG1294071|-53|-54|CG1294071|-53|-54|CG1294070|-54|-53|CG1294070|-54|-53|CG1294069|-54|-50|CG1294069|-54|-50
696|5|7|1394|13|CG1294945|-15|-56|CG1294945|-15|-56|CG1294946|-15|-52|CG1294946|-15|-52|CG1294947|-15|-55|CG1294947|-15|-55|CG1294948|-14|-45|CG1294949|-26|-54|CG1294950|-20|-54|CG1294951|-31|-58|CG1294951|-31|-58|CG1294952|-28|-55|CG1294952|-28|-55
696|5|8|1000|2|CG1294059|-28|-43|CG1294060|-34|-55
696|5|9|1000|1|CG1294061|-38|-42
696|5|10|1190|6|CG1294053|-28|-57|CG1294054|-49|-57|CG1294055|-60|-40|CG1294056|-51|-20|CG1294057|-53|-19|CG1294058|-55|-15
696|6|0|6086|40|CG1294128|-44|-56|CG1294129|-40|-56|CG1294130|-39|-56|CG1294129|-40|-56|CG1294128|-44|-56|CG1294131|-45|-57|CG1294132|-46|-57|CG1294132|-46|-57|CG1294132|-46|-57|CG1294132|-46|-57|CG1294131|-45|-57|CG1294128|-44|-56|CG1294129|-40|-56|CG1294130|-39|-56|CG1294129|-40|-56|CG1294128|-44|-56|CG1294129|-40|-56|CG1294130|-39|-56|CG1294129|-40|-56|CG1294128|-44|-56|CG1294131|-45|-57|CG1294132|-46|-57|CG1294132|-46|-57|CG1294132|-46|-57|CG1294131|-45|-57|CG1294128|-44|-56|CG1294131|-45|-57|CG1294132|-46|-57|CG1294132|-46|-57|CG1294132|-46|-57|CG1294132|-46|-57|CG1294131|-45|-57|CG1294128|-44|-56|CG1294129|-40|-56|CG1294130|-39|-56|CG1294129|-40|-56|CG1294128|-44|-56|CG1294129|-40|-56|CG1294130|-39|-56|CG1294129|-40|-56
696|6|1|1000|6|CG1294135|-38|-53|CG1294136|-43|-57|CG1294137|-43|-55|CG1294138|-41|-53|CG1294139|-43|-57|CG1294140|-40|-55
696|6|2|600|5|CG1325693|-56|-115|CG1325694|-66|-158|CG1325695|-93|-143|CG1325696|-109|-126|CG1325697|-81|-115
696|6|3|510|6|CG1294098|-34|-52|CG1294099|-42|-48|CG1294100|-23|-48|CG1294101|-20|-51|CG1294102|-22|-47|CG1294103|-43|-48
696|6|4|
696|6|5|1000|8|CG1294090|-38|-54|CG1294091|-33|-44|CG1294092|-33|-75|CG1294093|-29|-85|CG1294094|-63|-71|CG1294095|-61|-49|CG1294096|-56|-33|CG1294097|-38|-41
696|6|6|2091|24|CG1294117|-40|-50|CG1294117|-40|-50|CG1294118|-48|-58|CG1294118|-48|-58|CG1294119|-24|-68|CG1294119|-24|-68|CG1294120|-31|-46|CG1294120|-31|-46|CG1294121|-31|-38|CG1294121|-31|-38|CG1294121|-31|-38|CG1294121|-31|-38|CG1294121|-31|-38|CG1294121|-31|-38|CG1294122|-31|-48|CG1294123|-31|-50|CG1294124|-30|-50|CG1294124|-30|-50|CG1294124|-30|-50|CG1294124|-30|-50|CG1294123|-31|-50|CG1294123|-31|-50|CG1294122|-31|-48|CG1294122|-31|-48
696|6|7|1394|13|CG1295013|-24|-56|CG1295013|-24|-56|CG1295014|-23|-53|CG1295014|-23|-53|CG1295015|-24|-55|CG1295015|-24|-55|CG1295016|-26|-47|CG1295017|-30|-51|CG1295018|-22|-50|CG1295019|-26|-56|CG1295019|-26|-56|CG1295020|-25|-55|CG1295020|-25|-55
696|6|8|1000|2|CG1294112|-47|-44|CG1294113|-35|-50
696|6|9|1000|1|CG1294114|-38|-43
696|6|10|1190|6|CG1294106|-38|-57|CG1294107|-41|-57|CG1294108|-48|-50|CG1294109|-62|-33|CG1294110|-61|-23|CG1294111|-65|-18
696|7|0|6086|40|CG1294181|-35|-56|CG1294182|-29|-56|CG1294183|-24|-56|CG1294182|-29|-56|CG1294181|-35|-56|CG1294184|-32|-57|CG1294185|-30|-57|CG1294185|-30|-57|CG1294185|-30|-57|CG1294185|-30|-57|CG1294184|-32|-57|CG1294181|-35|-56|CG1294182|-29|-56|CG1294183|-24|-56|CG1294182|-29|-56|CG1294181|-35|-56|CG1294182|-29|-56|CG1294183|-24|-56|CG1294182|-29|-56|CG1294181|-35|-56|CG1294184|-32|-57|CG1294185|-30|-57|CG1294185|-30|-57|CG1294185|-30|-57|CG1294184|-32|-57|CG1294181|-35|-56|CG1294184|-32|-57|CG1294185|-30|-57|CG1294185|-30|-57|CG1294185|-30|-57|CG1294185|-30|-57|CG1294184|-32|-57|CG1294181|-35|-56|CG1294182|-29|-56|CG1294183|-24|-56|CG1294182|-29|-56|CG1294181|-35|-56|CG1294182|-29|-56|CG1294183|-24|-56|CG1294182|-29|-56
696|7|1|1000|6|CG1294188|-27|-53|CG1294189|-34|-57|CG1294190|-42|-55|CG1294191|-45|-54|CG1294192|-43|-57|CG1294193|-33|-55
696|7|2|600|5|CG1325749|-65|-111|CG1325750|-73|-164|CG1325751|-68|-170|CG1325752|-60|-150|CG1325753|-60|-127
696|7|3|510|6|CG1294151|-28|-55|CG1294152|-28|-52|CG1294153|-36|-52|CG1294154|-25|-54|CG1294155|-37|-51|CG1294156|-28|-52
696|7|4|
696|7|5|1000|8|CG1294143|-26|-55|CG1294144|-27|-46|CG1294145|-30|-79|CG1294146|-31|-80|CG1294147|-72|-87|CG1294148|-72|-55|CG1294149|-74|-47|CG1294150|-52|-49
696|7|6|2091|24|CG1294170|-28|-52|CG1294170|-28|-52|CG1294171|-26|-69|CG1294171|-26|-69|CG1294172|-13|-69|CG1294172|-13|-69|CG1294173|-12|-42|CG1294173|-12|-42|CG1294174|-13|-38|CG1294174|-13|-38|CG1294174|-13|-38|CG1294174|-13|-38|CG1294174|-13|-38|CG1294174|-13|-38|CG1294175|-12|-43|CG1294176|-12|-42|CG1294177|-12|-41|CG1294177|-12|-41|CG1294177|-12|-41|CG1294177|-12|-41|CG1294176|-12|-42|CG1294176|-12|-42|CG1294175|-12|-43|CG1294175|-12|-43
696|7|7|1394|13|CG1295081|-28|-56|CG1295081|-28|-56|CG1295082|-27|-55|CG1295082|-27|-55|CG1295083|-28|-56|CG1295083|-28|-56|CG1295084|-31|-52|CG1295085|-33|-51|CG1295086|-33|-47|CG1295087|-30|-55|CG1295087|-30|-55|CG1295088|-17|-56|CG1295088|-17|-56
696|7|8|1000|2|CG1294165|-40|-49|CG1294166|-17|-49
696|7|9|1000|1|CG1294167|-38|-53
696|7|10|1190|6|CG1294159|-32|-57|CG1294160|-26|-55|CG1294161|-37|-65|CG1294162|-58|-52|CG1294163|-58|-30|CG1294164|-59|-33
