709|0|0|1394|4|CG1299283|-41|-73|CG1299284|-41|-72|CG1299285|-40|-72|CG1299286|-41|-72
709|0|1|1000|6|CG1299289|-31|-74|CG1299290|-36|-75|CG1299291|-44|-73|CG1299292|-46|-72|CG1299293|-42|-74|CG1299294|-35|-74
709|0|2|600|5|CG1325357|-54|-113|CG1325358|-66|-144|CG1325359|-95|-176|CG1325360|-103|-137|CG1325361|-78|-106
709|0|3|510|6|CG1299621|-34|-76|CG1299622|-41|-75|CG1299623|-41|-79|CG1299624|-39|-75|CG1299625|-42|-75|CG1299626|-38|-79
709|0|4|
709|0|5|1394|15|CG1299252|-33|-71|CG1299252|-33|-71|CG1299253|-59|-73|CG1299253|-59|-73|CG1299254|-61|-76|CG1299255|-38|-91|CG1299255|-38|-91|CG1299256|-34|-84|CG1299256|-34|-84|CG1299256|-34|-84|CG1299257|-46|-73|CG1299258|-61|-69|CG1299258|-61|-69|CG1299259|-57|-73|CG1299259|-57|-73
709|0|6|2091|21|CG1299273|-37|-76|CG1299273|-37|-76|CG1299274|-40|-76|CG1299274|-40|-76|CG1299275|-43|-76|CG1299275|-43|-76|CG1299276|-51|-77|CG1299277|-54|-77|CG1299277|-54|-77|CG1299277|-54|-77|CG1299277|-54|-77|CG1299277|-54|-77|CG1299277|-54|-77|CG1299277|-54|-77|CG1299277|-54|-77|CG1299277|-54|-77|CG1299278|-48|-78|CG1299279|-45|-79|CG1299279|-45|-79|CG1299279|-45|-79|CG1299279|-45|-79
709|0|7|1190|9|CG1299660|-36|-75|CG1299661|-40|-68|CG1299662|-36|-60|CG1299663|-23|-71|CG1299664|-38|-70|CG1299665|-46|-78|CG1299666|-52|-72|CG1299667|-45|-79|CG1299668|-38|-77
709|0|8|1000|2|CG1299268|-39|-68|CG1299269|-43|-51
709|0|9|1000|1|CG1299270|-34|-73
709|0|10|1000|6|CG1299262|-43|-67|CG1299263|-54|-73|CG1299264|-64|-52|CG1299265|-63|-63|CG1299266|-61|-60|CG1299267|-64|-48
709|1|0|1394|4|CG1299328|-35|-63|CG1299329|-35|-63|CG1299330|-35|-63|CG1299331|-35|-63
709|1|1|1000|6|CG1299334|-33|-65|CG1299335|-42|-67|CG1299336|-39|-70|CG1299337|-34|-68|CG1299338|-42|-71|CG1299339|-40|-66
709|1|2|600|5|CG1325413|-100|-113|CG1325414|-102|-107|CG1325415|-90|-159|CG1325416|-142|-98|CG1325417|-131|-103
709|1|3|510|6|CG1299689|-31|-67|CG1299690|-33|-68|CG1299691|-38|-71|CG1299692|-38|-67|CG1299693|-39|-68|CG1299694|-33|-71
709|1|4|
709|1|5|1394|15|CG1299297|-34|-67|CG1299297|-34|-67|CG1299298|-45|-69|CG1299298|-45|-69|CG1299299|-42|-68|CG1299300|-34|-95|CG1299300|-34|-95|CG1299301|-28|-81|CG1299301|-28|-81|CG1299301|-28|-81|CG1299302|-31|-79|CG1299303|-40|-73|CG1299303|-40|-73|CG1299304|-45|-68|CG1299304|-45|-68
709|1|6|2091|21|CG1299318|-33|-67|CG1299318|-33|-67|CG1299319|-28|-77|CG1299319|-28|-77|CG1299320|-31|-78|CG1299320|-31|-78|CG1299321|-42|-77|CG1299322|-48|-77|CG1299322|-48|-77|CG1299322|-48|-77|CG1299322|-48|-77|CG1299322|-48|-77|CG1299322|-48|-77|CG1299322|-48|-77|CG1299322|-48|-77|CG1299322|-48|-77|CG1299323|-50|-71|CG1299324|-50|-72|CG1299324|-50|-72|CG1299324|-50|-72|CG1299324|-50|-72
709|1|7|1190|9|CG1299728|-30|-69|CG1299729|-26|-66|CG1299730|-33|-65|CG1299731|-34|-72|CG1299732|-27|-75|CG1299733|-39|-79|CG1299734|-35|-73|CG1299735|-34|-73|CG1299736|-30|-73
709|1|8|1000|2|CG1299313|-35|-64|CG1299314|-38|-53
709|1|9|1000|1|CG1299315|-31|-70
709|1|10|1000|6|CG1299307|-41|-60|CG1299308|-46|-69|CG1299309|-53|-54|CG1299310|-44|-68|CG1299311|-42|-57|CG1299312|-42|-50
709|2|0|1394|4|CG1299373|-36|-71|CG1299374|-37|-72|CG1299375|-37|-72|CG1299376|-37|-72
709|2|1|1000|6|CG1299379|-42|-73|CG1299380|-44|-76|CG1299381|-27|-76|CG1299382|-30|-75|CG1299383|-27|-76|CG1299384|-43|-74
709|2|2|600|5|CG1325469|-119|-113|CG1325470|-90|-142|CG1325471|-82|-174|CG1325472|-99|-116|CG1325473|-109|-103
709|2|3|510|6|CG1299757|-34|-75|CG1299758|-31|-75|CG1299759|-38|-79|CG1299760|-42|-76|CG1299761|-32|-76|CG1299762|-28|-79
709|2|4|
709|2|5|1394|15|CG1299342|-33|-77|CG1299342|-33|-77|CG1299343|-21|-77|CG1299343|-21|-77|CG1299344|-26|-77|CG1299345|-22|-82|CG1299345|-22|-82|CG1299346|-22|-81|CG1299346|-22|-81|CG1299346|-22|-81|CG1299347|-33|-79|CG1299348|-33|-79|CG1299348|-33|-79|CG1299349|-26|-77|CG1299349|-26|-77
709|2|6|2091|21|CG1299363|-36|-77|CG1299363|-36|-77|CG1299364|-21|-78|CG1299364|-21|-78|CG1299365|-20|-83|CG1299365|-20|-83|CG1299366|-21|-83|CG1299367|-22|-83|CG1299367|-22|-83|CG1299367|-22|-83|CG1299367|-22|-83|CG1299367|-22|-83|CG1299367|-22|-83|CG1299367|-22|-83|CG1299367|-22|-83|CG1299367|-22|-83|CG1299368|-29|-77|CG1299369|-35|-72|CG1299369|-35|-72|CG1299369|-35|-72|CG1299369|-35|-72
709|2|7|1190|9|CG1299796|-23|-78|CG1299797|-34|-74|CG1299798|-34|-69|CG1299799|-44|-69|CG1299800|-49|-77|CG1299801|-20|-75|CG1299802|-16|-79|CG1299803|-17|-78|CG1299804|-18|-80
709|2|8|1000|2|CG1299358|-53|-72|CG1299359|-58|-61
709|2|9|1000|1|CG1299360|-43|-78
709|2|10|1000|6|CG1299352|-39|-64|CG1299353|-36|-74|CG1299354|-30|-52|CG1299355|-32|-64|CG1299356|-32|-60|CG1299357|-33|-48
709|3|0|1394|4|CG1299418|-39|-79|CG1299419|-38|-79|CG1299420|-38|-79|CG1299421|-38|-79
709|3|1|1000|6|CG1299424|-51|-79|CG1299425|-33|-82|CG1299426|-27|-82|CG1299427|-37|-80|CG1299428|-30|-82|CG1299429|-35|-81
709|3|2|600|5|CG1325525|-125|-117|CG1325526|-119|-165|CG1325527|-116|-175|CG1325528|-58|-136|CG1325529|-81|-129
709|3|3|510|6|CG1299825|-46|-74|CG1299826|-41|-71|CG1299827|-38|-77|CG1299828|-45|-75|CG1299829|-39|-73|CG1299830|-38|-77
709|3|4|
709|3|5|1394|15|CG1299387|-27|-80|CG1299387|-27|-80|CG1299388|-27|-77|CG1299388|-27|-77|CG1299389|-38|-78|CG1299390|-23|-77|CG1299390|-23|-77|CG1299391|-23|-80|CG1299391|-23|-80|CG1299391|-23|-80|CG1299392|-50|-77|CG1299393|-50|-77|CG1299393|-50|-77|CG1299394|-38|-80|CG1299394|-38|-80
709|3|6|2091|21|CG1299408|-30|-80|CG1299408|-30|-80|CG1299409|-33|-80|CG1299409|-33|-80|CG1299410|-33|-80|CG1299410|-33|-80|CG1299411|-33|-79|CG1299412|-40|-79|CG1299412|-40|-79|CG1299412|-40|-79|CG1299412|-40|-79|CG1299412|-40|-79|CG1299412|-40|-79|CG1299412|-40|-79|CG1299412|-40|-79|CG1299412|-40|-79|CG1299413|-39|-77|CG1299414|-25|-77|CG1299414|-25|-77|CG1299414|-25|-77|CG1299414|-25|-77
709|3|7|1190|9|CG1299864|-30|-80|CG1299865|-36|-77|CG1299866|-55|-73|CG1299867|-61|-69|CG1299868|-43|-75|CG1299869|-21|-72|CG1299870|-10|-72|CG1299871|-20|-74|CG1299872|-21|-77
709|3|8|1000|2|CG1299403|-46|-70|CG1299404|-50|-70
709|3|9|1000|1|CG1299405|-34|-79
709|3|10|1000|6|CG1299397|-36|-75|CG1299398|-35|-76|CG1299399|-27|-46|CG1299400|-24|-53|CG1299401|-25|-48|CG1299402|-27|-35
709|4|0|1394|4|CG1299463|-33|-78|CG1299464|-33|-78|CG1299465|-33|-78|CG1299466|-33|-78
709|4|1|1000|6|CG1299469|-32|-75|CG1299470|-28|-80|CG1299471|-38|-79|CG1299472|-42|-75|CG1299473|-36|-79|CG1299474|-29|-79
709|4|2|600|5|CG1325581|-118|-123|CG1325582|-92|-162|CG1325583|-82|-152|CG1325584|-98|-119|CG1325585|-112|-122
709|4|3|510|6|CG1299893|-41|-64|CG1299894|-30|-59|CG1299895|-29|-65|CG1299896|-32|-65|CG1299897|-28|-61|CG1299898|-32|-66
709|4|4|
709|4|5|1394|15|CG1299432|-34|-74|CG1299432|-34|-74|CG1299433|-35|-70|CG1299433|-35|-70|CG1299434|-31|-70|CG1299435|-27|-71|CG1299435|-27|-71|CG1299436|-33|-71|CG1299436|-33|-71|CG1299436|-33|-71|CG1299437|-46|-68|CG1299438|-44|-70|CG1299438|-44|-70|CG1299439|-52|-76|CG1299439|-52|-76
709|4|6|2091|21|CG1299453|-44|-74|CG1299453|-44|-74|CG1299454|-46|-76|CG1299454|-46|-76|CG1299455|-46|-77|CG1299455|-46|-77|CG1299456|-43|-77|CG1299457|-42|-76|CG1299457|-42|-76|CG1299457|-42|-76|CG1299457|-42|-76|CG1299457|-42|-76|CG1299457|-42|-76|CG1299457|-42|-76|CG1299457|-42|-76|CG1299457|-42|-76|CG1299458|-37|-74|CG1299459|-37|-73|CG1299459|-37|-73|CG1299459|-37|-73|CG1299459|-37|-73
709|4|7|1190|9|CG1299932|-40|-73|CG1299933|-51|-73|CG1299934|-57|-71|CG1299935|-52|-69|CG1299936|-49|-67|CG1299937|-26|-59|CG1299938|-6|-54|CG1299939|-21|-60|CG1299940|-37|-67
709|4|8|1000|2|CG1299448|-31|-66|CG1299449|-55|-80
709|4|9|1000|1|CG1299450|-42|-72
709|4|10|1000|6|CG1299442|-37|-78|CG1299443|-33|-70|CG1299444|-32|-44|CG1299445|-30|-42|CG1299446|-31|-48|CG1299447|-32|-29
709|5|0|1394|4|CG1299508|-39|-69|CG1299509|-39|-69|CG1299510|-39|-69|CG1299511|-39|-69
709|5|1|1000|6|CG1299514|-36|-65|CG1299515|-41|-70|CG1299516|-41|-68|CG1299517|-35|-65|CG1299518|-42|-69|CG1299519|-42|-69
709|5|2|600|5|CG1325637|-87|-102|CG1325638|-101|-134|CG1325639|-81|-118|CG1325640|-146|-102|CG1325641|-132|-115
709|5|3|510|6|CG1299961|-40|-64|CG1299962|-36|-58|CG1299963|-33|-62|CG1299964|-32|-64|CG1299965|-33|-62|CG1299966|-36|-62
709|5|4|
709|5|5|1394|15|CG1299477|-36|-68|CG1299477|-36|-68|CG1299478|-42|-66|CG1299478|-42|-66|CG1299479|-41|-60|CG1299480|-38|-64|CG1299480|-38|-64|CG1299481|-37|-62|CG1299481|-37|-62|CG1299481|-37|-62|CG1299482|-29|-70|CG1299483|-37|-64|CG1299483|-37|-64|CG1299484|-41|-68|CG1299484|-41|-68
709|5|6|2091|21|CG1299498|-40|-64|CG1299498|-40|-64|CG1299499|-42|-67|CG1299499|-42|-67|CG1299500|-42|-69|CG1299500|-42|-69|CG1299501|-40|-69|CG1299502|-38|-67|CG1299502|-38|-67|CG1299502|-38|-67|CG1299502|-38|-67|CG1299502|-38|-67|CG1299502|-38|-67|CG1299502|-38|-67|CG1299502|-38|-67|CG1299502|-38|-67|CG1299503|-37|-65|CG1299504|-37|-63|CG1299504|-37|-63|CG1299504|-37|-63|CG1299504|-37|-63
709|5|7|1190|9|CG1300000|-38|-64|CG1300001|-42|-69|CG1300002|-35|-77|CG1300003|-29|-84|CG1300004|-32|-76|CG1300005|-26|-64|CG1300006|-25|-47|CG1300007|-50|-54|CG1300008|-50|-59
709|5|8|1000|2|CG1299493|-40|-63|CG1299494|-38|-75
709|5|9|1000|1|CG1299495|-36|-65
709|5|10|1000|6|CG1299487|-44|-70|CG1299488|-42|-58|CG1299489|-38|-45|CG1299490|-45|-38|CG1299491|-48|-48|CG1299492|-47|-28
709|6|0|1394|4|CG1299553|-30|-78|CG1299554|-30|-78|CG1299555|-30|-78|CG1299556|-30|-78
709|6|1|1000|6|CG1299559|-47|-75|CG1299560|-41|-77|CG1299561|-30|-77|CG1299562|-30|-75|CG1299563|-30|-78|CG1299564|-42|-77
709|6|2|600|5|CG1325693|-56|-115|CG1325694|-66|-158|CG1325695|-93|-143|CG1325696|-109|-126|CG1325697|-81|-115
709|6|3|510|6|CG1300029|-38|-65|CG1300030|-42|-61|CG1300031|-37|-65|CG1300032|-33|-64|CG1300033|-39|-61|CG1300034|-39|-67
709|6|4|
709|6|5|1394|15|CG1299522|-37|-78|CG1299522|-37|-78|CG1299523|-39|-77|CG1299523|-39|-77|CG1299524|-51|-73|CG1299525|-63|-75|CG1299525|-63|-75|CG1299526|-51|-71|CG1299526|-51|-71|CG1299526|-51|-71|CG1299527|-53|-74|CG1299528|-64|-74|CG1299528|-64|-74|CG1299529|-49|-78|CG1299529|-49|-78
709|6|6|2091|21|CG1299543|-31|-71|CG1299543|-31|-71|CG1299544|-31|-74|CG1299544|-31|-74|CG1299545|-35|-75|CG1299545|-35|-75|CG1299546|-41|-70|CG1299547|-40|-64|CG1299547|-40|-64|CG1299547|-40|-64|CG1299547|-40|-64|CG1299547|-40|-64|CG1299547|-40|-64|CG1299547|-40|-64|CG1299547|-40|-64|CG1299547|-40|-64|CG1299548|-40|-63|CG1299549|-36|-65|CG1299549|-36|-65|CG1299549|-36|-65|CG1299549|-36|-65
709|6|7|1190|9|CG1300068|-29|-72|CG1300069|-22|-79|CG1300070|-27|-84|CG1300071|-29|-85|CG1300072|-43|-78|CG1300073|-65|-67|CG1300074|-68|-52|CG1300075|-61|-57|CG1300076|-41|-66
709|6|8|1000|2|CG1299538|-34|-64|CG1299539|-25|-74
709|6|9|1000|1|CG1299540|-30|-76
709|6|10|1000|6|CG1299532|-39|-78|CG1299533|-37|-67|CG1299534|-67|-47|CG1299535|-66|-42|CG1299536|-62|-48|CG1299537|-67|-29
709|7|0|1394|4|CG1299598|-34|-80|CG1299599|-35|-79|CG1299600|-35|-79|CG1299601|-35|-79
709|7|1|1000|6|CG1299604|-38|-79|CG1299605|-26|-81|CG1299606|-33|-79|CG1299607|-41|-78|CG1299608|-30|-81|CG1299609|-29|-80
709|7|2|600|5|CG1325749|-65|-111|CG1325750|-73|-164|CG1325751|-68|-170|CG1325752|-60|-150|CG1325753|-60|-127
709|7|3|510|6|CG1300097|-35|-75|CG1300098|-30|-72|CG1300099|-31|-76|CG1300100|-35|-74|CG1300101|-29|-72|CG1300102|-31|-78
709|7|4|
709|7|5|1394|15|CG1299567|-42|-79|CG1299567|-42|-79|CG1299568|-45|-80|CG1299568|-45|-80|CG1299569|-57|-79|CG1299570|-70|-79|CG1299570|-70|-79|CG1299571|-52|-76|CG1299571|-52|-76|CG1299571|-52|-76|CG1299572|-64|-69|CG1299573|-61|-75|CG1299573|-61|-75|CG1299574|-44|-80|CG1299574|-44|-80
709|7|6|2091|21|CG1299588|-40|-78|CG1299588|-40|-78|CG1299589|-43|-80|CG1299589|-43|-80|CG1299590|-44|-81|CG1299590|-44|-81|CG1299591|-47|-79|CG1299592|-48|-75|CG1299592|-48|-75|CG1299592|-48|-75|CG1299592|-48|-75|CG1299592|-48|-75|CG1299592|-48|-75|CG1299592|-48|-75|CG1299592|-48|-75|CG1299592|-48|-75|CG1299593|-44|-75|CG1299594|-43|-76|CG1299594|-43|-76|CG1299594|-43|-76|CG1299594|-43|-76
709|7|7|1190|9|CG1300136|-34|-79|CG1300137|-40|-79|CG1300138|-37|-77|CG1300139|-29|-73|CG1300140|-52|-69|CG1300141|-69|-64|CG1300142|-77|-59|CG1300143|-44|-72|CG1300144|-31|-77
709|7|8|1000|2|CG1299583|-26|-67|CG1299584|-29|-63
709|7|9|1000|1|CG1299585|-38|-79
709|7|10|1000|6|CG1299577|-32|-77|CG1299578|-45|-75|CG1299579|-63|-50|CG1299580|-61|-53|CG1299581|-58|-47|CG1299582|-63|-36
