690|0|0|1190|4|CG1291413|-23|-78|CG1291414|-24|-78|CG1291415|-25|-78|CG1291416|-24|-78
690|0|1|1000|6|CG1291419|-22|-86|CG1291420|-22|-89|CG1291421|-23|-90|CG1291422|-26|-90|CG1291423|-23|-91|CG1291424|-22|-89
690|0|2|600|5|CG1325357|-54|-113|CG1325358|-66|-144|CG1325359|-95|-176|CG1325360|-103|-137|CG1325361|-78|-106
690|0|3|510|6|CG1291386|-27|-80|CG1291387|-26|-81|CG1291388|-26|-84|CG1291389|-24|-80|CG1291390|-26|-81|CG1291391|-27|-84
690|0|4|
690|0|5|986|14|CG1291380|-26|-71|CG1291380|-26|-71|CG1291381|-39|-63|CG1291381|-39|-63|CG1291381|-39|-63|CG1291382|-39|-85|CG1291383|-80|-85|CG1291384|-81|-84|CG1291384|-81|-84|CG1291383|-80|-85|CG1291383|-80|-85|CG1291383|-80|-85|CG1291385|-47|-82|CG1291385|-47|-82
690|0|6|2295|23|CG1291405|-34|-82|CG1291405|-34|-82|CG1291406|-30|-80|CG1291406|-30|-80|CG1291407|-35|-77|CG1291407|-35|-77|CG1291408|-35|-78|CG1291409|-35|-78|CG1291408|-35|-78|CG1291409|-35|-78|CG1291408|-35|-78|CG1291409|-35|-78|CG1291408|-35|-78|CG1291409|-35|-78|CG1291408|-35|-78|CG1291409|-35|-78|CG1291408|-35|-78|CG1291409|-35|-78|CG1291408|-35|-78|CG1291409|-35|-78|CG1291407|-35|-77|CG1291406|-30|-80|CG1291405|-34|-82
690|0|7|1088|9|CG1292131|-30|-78|CG1292132|-4|-64|CG1292133|-1|-61|CG1292133|-1|-61|CG1292134|-26|-68|CG1292135|-57|-70|CG1292136|-58|-69|CG1292137|-37|-71|CG1292138|-25|-75
690|0|8|1000|2|CG1291400|-51|-72|CG1291401|-33|-60
690|0|9|1000|1|CG1291402|-28|-79
690|0|10|1088|6|CG1291394|-34|-73|CG1291395|-31|-66|CG1291396|-68|-65|CG1291397|-64|-74|CG1291398|-59|-58|CG1291399|-62|-64
690|1|0|1190|4|CG1291460|-16|-77|CG1291461|-18|-77|CG1291462|-20|-77|CG1291463|-19|-77
690|1|1|1000|6|CG1291466|-17|-80|CG1291467|-19|-82|CG1291468|-21|-82|CG1291469|-22|-81|CG1291470|-21|-83|CG1291471|-19|-82
690|1|2|600|5|CG1325413|-100|-113|CG1325414|-102|-107|CG1325415|-90|-159|CG1325416|-142|-98|CG1325417|-131|-103
690|1|3|510|6|CG1291433|-22|-80|CG1291434|-21|-81|CG1291435|-20|-84|CG1291436|-21|-80|CG1291437|-19|-81|CG1291438|-21|-84
690|1|4|
690|1|5|986|14|CG1291427|-18|-69|CG1291427|-18|-69|CG1291428|-28|-65|CG1291428|-28|-65|CG1291428|-28|-65|CG1291429|-15|-82|CG1291430|-15|-89|CG1291431|-14|-90|CG1291431|-14|-90|CG1291430|-15|-89|CG1291430|-15|-89|CG1291430|-15|-89|CG1291432|-20|-84|CG1291432|-20|-84
690|1|6|2295|23|CG1291452|-29|-77|CG1291452|-29|-77|CG1291453|-17|-80|CG1291453|-17|-80|CG1291454|-21|-78|CG1291454|-21|-78|CG1291455|-22|-78|CG1291456|-22|-78|CG1291455|-22|-78|CG1291456|-22|-78|CG1291455|-22|-78|CG1291456|-22|-78|CG1291455|-22|-78|CG1291456|-22|-78|CG1291455|-22|-78|CG1291456|-22|-78|CG1291455|-22|-78|CG1291456|-22|-78|CG1291455|-22|-78|CG1291456|-22|-78|CG1291454|-21|-78|CG1291453|-17|-80|CG1291452|-29|-77
690|1|7|1088|9|CG1292197|-18|-77|CG1292198|-16|-58|CG1292199|-33|-55|CG1292199|-33|-55|CG1292200|-14|-67|CG1292201|-34|-82|CG1292202|-34|-81|CG1292203|-24|-77|CG1292204|-33|-76
690|1|8|1000|2|CG1291447|-26|-72|CG1291448|-34|-56
690|1|9|1000|1|CG1291449|-16|-79
690|1|10|1088|6|CG1291441|-29|-71|CG1291442|-34|-66|CG1291443|-40|-58|CG1291444|-38|-69|CG1291445|-36|-66|CG1291446|-38|-59
690|2|0|1190|4|CG1291507|-18|-79|CG1291508|-18|-79|CG1291509|-18|-79|CG1291510|-18|-79
690|2|1|1000|6|CG1291513|-22|-78|CG1291514|-27|-79|CG1291515|-21|-78|CG1291516|-20|-76|CG1291517|-21|-78|CG1291518|-21|-79
690|2|2|600|5|CG1325469|-119|-113|CG1325470|-90|-142|CG1325471|-82|-174|CG1325472|-99|-116|CG1325473|-109|-103
690|2|3|510|6|CG1291480|-19|-80|CG1291481|-13|-81|CG1291482|-18|-84|CG1291483|-26|-80|CG1291484|-14|-81|CG1291485|-13|-84
690|2|4|
690|2|5|986|14|CG1291474|-30|-69|CG1291474|-30|-69|CG1291475|-61|-66|CG1291475|-61|-66|CG1291475|-61|-66|CG1291476|-19|-82|CG1291477|-6|-82|CG1291478|-6|-83|CG1291478|-6|-83|CG1291477|-6|-82|CG1291477|-6|-82|CG1291477|-6|-82|CG1291479|-14|-80|CG1291479|-14|-80
690|2|6|2295|23|CG1291499|-18|-78|CG1291499|-18|-78|CG1291500|-6|-78|CG1291500|-6|-78|CG1291501|-16|-76|CG1291501|-16|-76|CG1291502|-15|-76|CG1291503|-15|-76|CG1291502|-15|-76|CG1291503|-15|-76|CG1291502|-15|-76|CG1291503|-15|-76|CG1291502|-15|-76|CG1291503|-15|-76|CG1291502|-15|-76|CG1291503|-15|-76|CG1291502|-15|-76|CG1291503|-15|-76|CG1291502|-15|-76|CG1291503|-15|-76|CG1291501|-16|-76|CG1291500|-6|-78|CG1291499|-18|-78
690|2|7|1088|9|CG1292263|-14|-78|CG1292264|-43|-61|CG1292265|-49|-59|CG1292265|-49|-59|CG1292266|-21|-69|CG1292267|-17|-81|CG1292268|-17|-81|CG1292269|-35|-77|CG1292270|-28|-75
690|2|8|1000|2|CG1291494|-19|-71|CG1291495|-42|-54
690|2|9|1000|1|CG1291496|-23|-79
690|2|10|1088|6|CG1291488|-24|-73|CG1291489|-20|-67|CG1291490|-18|-44|CG1291491|-19|-58|CG1291492|-19|-54|CG1291493|-18|-45
690|3|0|1190|4|CG1291554|-18|-80|CG1291555|-18|-80|CG1291556|-18|-80|CG1291557|-18|-80
690|3|1|1000|6|CG1291560|-31|-81|CG1291561|-30|-81|CG1291562|-28|-79|CG1291563|-27|-77|CG1291564|-28|-80|CG1291565|-30|-81
690|3|2|600|5|CG1325525|-125|-117|CG1325526|-119|-165|CG1325527|-116|-175|CG1325528|-58|-136|CG1325529|-81|-129
690|3|3|510|6|CG1291527|-28|-79|CG1291528|-22|-79|CG1291529|-23|-82|CG1291530|-26|-79|CG1291531|-24|-79|CG1291532|-22|-82
690|3|4|
690|3|5|986|14|CG1291521|-75|-70|CG1291521|-75|-70|CG1291522|-60|-66|CG1291522|-60|-66|CG1291522|-60|-66|CG1291523|-32|-86|CG1291524|1|-67|CG1291525|1|-68|CG1291525|1|-68|CG1291524|1|-67|CG1291524|1|-67|CG1291524|1|-67|CG1291526|-15|-74|CG1291526|-15|-74
690|3|6|2295|23|CG1291546|-22|-79|CG1291546|-22|-79|CG1291547|-24|-75|CG1291547|-24|-75|CG1291548|-29|-71|CG1291548|-29|-71|CG1291549|-29|-70|CG1291550|-29|-70|CG1291549|-29|-70|CG1291550|-29|-70|CG1291549|-29|-70|CG1291550|-29|-70|CG1291549|-29|-70|CG1291550|-29|-70|CG1291549|-29|-70|CG1291550|-29|-70|CG1291549|-29|-70|CG1291550|-29|-70|CG1291549|-29|-70|CG1291550|-29|-70|CG1291548|-29|-71|CG1291547|-24|-75|CG1291546|-22|-79
690|3|7|1088|9|CG1292329|-20|-77|CG1292330|-50|-70|CG1292331|-47|-69|CG1292331|-47|-69|CG1292332|-35|-72|CG1292333|-24|-70|CG1292334|-24|-70|CG1292335|-28|-71|CG1292336|-20|-74
690|3|8|1000|2|CG1291541|-21|-69|CG1291542|-49|-68
690|3|9|1000|1|CG1291543|-29|-79
690|3|10|1088|6|CG1291535|-30|-78|CG1291536|-20|-69|CG1291537|-1|-25|CG1291538|-3|-36|CG1291539|-2|-26|CG1291540|-2|-26
690|4|0|1190|4|CG1291601|-23|-80|CG1291602|-23|-80|CG1291603|-22|-80|CG1291604|-23|-80
690|4|1|1000|6|CG1291607|-31|-87|CG1291608|-33|-87|CG1291609|-34|-86|CG1291610|-34|-83|CG1291611|-34|-86|CG1291612|-33|-87
690|4|2|600|5|CG1325581|-118|-123|CG1325582|-92|-162|CG1325583|-82|-152|CG1325584|-98|-119|CG1325585|-112|-122
690|4|3|510|6|CG1291574|-26|-78|CG1291575|-25|-78|CG1291576|-23|-81|CG1291577|-22|-78|CG1291578|-23|-78|CG1291579|-24|-81
690|4|4|
690|4|5|986|14|CG1291568|-94|-72|CG1291568|-94|-72|CG1291569|-30|-65|CG1291569|-30|-65|CG1291569|-30|-65|CG1291570|-31|-96|CG1291571|4|-50|CG1291572|4|-49|CG1291572|4|-49|CG1291571|4|-50|CG1291571|4|-50|CG1291571|4|-50|CG1291573|-17|-65|CG1291573|-17|-65
690|4|6|2295|23|CG1291593|-33|-80|CG1291593|-33|-80|CG1291594|-42|-72|CG1291594|-42|-72|CG1291595|-50|-64|CG1291595|-50|-64|CG1291596|-45|-62|CG1291597|-45|-62|CG1291596|-45|-62|CG1291597|-45|-62|CG1291596|-45|-62|CG1291597|-45|-62|CG1291596|-45|-62|CG1291597|-45|-62|CG1291596|-45|-62|CG1291597|-45|-62|CG1291596|-45|-62|CG1291597|-45|-62|CG1291596|-45|-62|CG1291597|-45|-62|CG1291595|-50|-64|CG1291594|-42|-72|CG1291593|-33|-80
690|4|7|1088|9|CG1292395|-25|-77|CG1292396|-44|-78|CG1292397|-43|-78|CG1292397|-43|-78|CG1292398|-34|-75|CG1292399|-22|-58|CG1292400|-23|-60|CG1292401|-16|-59|CG1292402|-17|-70
690|4|8|1000|2|CG1291588|-27|-64|CG1291589|-41|-80
690|4|9|1000|1|CG1291590|-23|-77
690|4|10|1088|6|CG1291582|-32|-82|CG1291583|-26|-69|CG1291584|-16|-21|CG1291585|-17|-18|CG1291586|-16|-20|CG1291587|-16|-20
690|5|0|1190|4|CG1291648|-41|-81|CG1291649|-41|-81|CG1291650|-41|-81|CG1291651|-41|-81
690|5|1|1000|6|CG1291654|-23|-93|CG1291655|-23|-94|CG1291656|-23|-93|CG1291657|-24|-91|CG1291658|-23|-94|CG1291659|-23|-94
690|5|2|600|5|CG1325637|-87|-102|CG1325638|-101|-134|CG1325639|-81|-118|CG1325640|-146|-102|CG1325641|-132|-115
690|5|3|510|6|CG1291621|-25|-78|CG1291622|-27|-78|CG1291623|-32|-81|CG1291624|-35|-78|CG1291625|-33|-78|CG1291626|-29|-81
690|5|4|
690|5|5|986|14|CG1291615|-60|-86|CG1291615|-60|-86|CG1291616|-21|-62|CG1291616|-21|-62|CG1291616|-21|-62|CG1291617|-19|-102|CG1291618|-21|-43|CG1291619|-16|-42|CG1291619|-16|-42|CG1291618|-21|-43|CG1291618|-21|-43|CG1291618|-21|-43|CG1291620|-24|-61|CG1291620|-24|-61
690|5|6|2295|23|CG1291640|-77|-81|CG1291640|-77|-81|CG1291641|-84|-71|CG1291641|-84|-71|CG1291642|-79|-63|CG1291642|-79|-63|CG1291643|-78|-62|CG1291644|-78|-62|CG1291643|-78|-62|CG1291644|-78|-62|CG1291643|-78|-62|CG1291644|-78|-62|CG1291643|-78|-62|CG1291644|-78|-62|CG1291643|-78|-62|CG1291644|-78|-62|CG1291643|-78|-62|CG1291644|-78|-62|CG1291643|-78|-62|CG1291644|-78|-62|CG1291642|-79|-63|CG1291641|-84|-71|CG1291640|-77|-81
690|5|7|1088|9|CG1292461|-27|-77|CG1292462|-35|-84|CG1292463|-44|-84|CG1292463|-44|-84|CG1292464|-18|-76|CG1292465|-11|-58|CG1292466|-11|-60|CG1292467|-10|-56|CG1292468|-26|-67
690|5|8|1000|2|CG1291635|-33|-63|CG1291636|-33|-84
690|5|9|1000|1|CG1291637|-54|-76
690|5|10|1088|6|CG1291629|-53|-82|CG1291630|-59|-68|CG1291631|-82|-15|CG1291632|-84|-13|CG1291633|-79|-14|CG1291634|-84|-15
690|6|0|1190|4|CG1291695|-40|-80|CG1291696|-40|-80|CG1291697|-40|-80|CG1291698|-40|-80
690|6|1|1000|6|CG1291701|-27|-95|CG1291702|-25|-98|CG1291703|-24|-98|CG1291704|-24|-96|CG1291705|-24|-98|CG1291706|-25|-97
690|6|2|600|5|CG1325693|-56|-115|CG1325694|-66|-158|CG1325695|-93|-143|CG1325696|-109|-126|CG1325697|-81|-115
690|6|3|510|6|CG1291668|-59|-79|CG1291669|-58|-79|CG1291670|-61|-82|CG1291671|-62|-79|CG1291672|-61|-78|CG1291673|-60|-82
690|6|4|
690|6|5|986|14|CG1291662|-16|-93|CG1291662|-16|-93|CG1291663|-44|-63|CG1291663|-44|-63|CG1291663|-44|-63|CG1291664|-49|-99|CG1291665|-91|-52|CG1291666|-88|-50|CG1291666|-88|-50|CG1291665|-91|-52|CG1291665|-91|-52|CG1291665|-91|-52|CG1291667|-72|-66|CG1291667|-72|-66
690|6|6|2295|23|CG1291687|-78|-81|CG1291687|-78|-81|CG1291688|-74|-75|CG1291688|-74|-75|CG1291689|-62|-68|CG1291689|-62|-68|CG1291690|-65|-68|CG1291691|-65|-68|CG1291690|-65|-68|CG1291691|-65|-68|CG1291690|-65|-68|CG1291691|-65|-68|CG1291690|-65|-68|CG1291691|-65|-68|CG1291690|-65|-68|CG1291691|-65|-68|CG1291690|-65|-68|CG1291691|-65|-68|CG1291690|-65|-68|CG1291691|-65|-68|CG1291689|-62|-68|CG1291688|-74|-75|CG1291687|-78|-81
690|6|7|1088|9|CG1292527|-22|-77|CG1292528|-16|-82|CG1292529|-25|-82|CG1292529|-25|-82|CG1292530|-29|-75|CG1292531|-37|-59|CG1292532|-37|-59|CG1292533|-27|-53|CG1292534|-31|-69
690|6|8|1000|2|CG1291682|-45|-64|CG1291683|-55|-80
690|6|9|1000|1|CG1291684|-55|-76
690|6|10|1088|6|CG1291676|-61|-82|CG1291677|-73|-68|CG1291678|-109|-19|CG1291679|-108|-24|CG1291680|-110|-18|CG1291681|-108|-18
690|7|0|1190|4|CG1291742|-21|-79|CG1291743|-21|-79|CG1291744|-20|-79|CG1291745|-21|-79
690|7|1|1000|6|CG1291748|-30|-92|CG1291749|-21|-95|CG1291750|-25|-96|CG1291751|-30|-95|CG1291752|-22|-97|CG1291753|-20|-95
690|7|2|600|5|CG1325749|-65|-111|CG1325750|-73|-164|CG1325751|-68|-170|CG1325752|-60|-150|CG1325753|-60|-127
690|7|3|510|6|CG1291715|-59|-79|CG1291716|-57|-80|CG1291717|-55|-83|CG1291718|-53|-79|CG1291719|-53|-80|CG1291720|-57|-83
690|7|4|
690|7|5|986|14|CG1291709|-27|-81|CG1291709|-27|-81|CG1291710|-55|-63|CG1291710|-55|-63|CG1291710|-55|-63|CG1291711|-57|-91|CG1291712|-117|-71|CG1291713|-116|-70|CG1291713|-116|-70|CG1291712|-117|-71|CG1291712|-117|-71|CG1291712|-117|-71|CG1291714|-80|-76|CG1291714|-80|-76
690|7|6|2295|23|CG1291734|-36|-82|CG1291734|-36|-82|CG1291735|-40|-80|CG1291735|-40|-80|CG1291736|-36|-74|CG1291736|-36|-74|CG1291737|-37|-73|CG1291738|-36|-73|CG1291737|-37|-73|CG1291738|-36|-73|CG1291737|-37|-73|CG1291738|-36|-73|CG1291737|-37|-73|CG1291738|-36|-73|CG1291737|-37|-73|CG1291738|-36|-73|CG1291737|-37|-73|CG1291738|-36|-73|CG1291737|-37|-73|CG1291738|-36|-73|CG1291736|-36|-74|CG1291735|-40|-80|CG1291734|-36|-82
690|7|7|1088|9|CG1292593|-35|-77|CG1292594|-8|-74|CG1292595|1|-72|CG1292595|1|-72|CG1292596|-34|-72|CG1292597|-60|-59|CG1292598|-61|-57|CG1292599|-41|-62|CG1292600|-27|-73
690|7|8|1000|2|CG1291729|-67|-70|CG1291730|-53|-67
690|7|9|1000|1|CG1291731|-31|-77
690|7|10|1088|6|CG1291723|-41|-77|CG1291724|-46|-67|CG1291725|-86|-47|CG1291726|-85|-59|CG1291727|-86|-40|CG1291728|-86|-46
