705|0|0|1292|4|CG1297626|-69|-77|CG1297627|-69|-77|CG1297628|-69|-77|CG1297627|-69|-77
705|0|1|1000|6|CG1297631|-44|-77|CG1297632|-45|-78|CG1297633|-40|-78|CG1297634|-38|-77|CG1297635|-38|-78|CG1297636|-41|-78
705|0|2|600|5|CG1325357|-54|-113|CG1325358|-66|-144|CG1325359|-95|-176|CG1325360|-103|-137|CG1325361|-78|-106
705|0|3|600|12|CG1297596|-49|-80|CG1297597|-55|-83|CG1297597|-55|-83|CG1297598|-53|-83|CG1297598|-53|-83|CG1297599|-40|-89|CG1297600|-27|-80|CG1297601|-25|-84|CG1297601|-25|-84|CG1297602|-24|-84|CG1297602|-24|-84|CG1297603|-27|-82
705|0|4|
705|0|5|1000|18|CG1297588|-28|-70|CG1297588|-28|-70|CG1297589|-25|-65|CG1297589|-25|-65|CG1297589|-25|-65|CG1297589|-25|-65|CG1297590|-31|-70|CG1297590|-31|-70|CG1297591|-67|-84|CG1297591|-67|-84|CG1297592|-27|-126|CG1297592|-27|-126|CG1297593|-26|-127|CG1297593|-26|-127|CG1297594|-22|-124|CG1297594|-22|-124|CG1297595|-29|-117|CG1297595|-29|-117
705|0|6|2689|26|CG1297617|-24|-104|CG1297618|-24|-104|CG1297619|-24|-104|CG1297617|-24|-104|CG1297618|-24|-104|CG1297619|-24|-104|CG1297617|-24|-104|CG1297618|-24|-104|CG1297619|-24|-104|CG1297617|-24|-104|CG1297618|-24|-104|CG1297619|-24|-104|CG1297617|-24|-104|CG1297618|-24|-104|CG1297619|-24|-104|CG1297617|-24|-104|CG1297618|-24|-104|CG1297619|-24|-104|CG1297617|-24|-104|CG1297620|-42|-79|CG1297620|-42|-79|CG1297621|-44|-123|CG1297621|-44|-123|CG1297621|-44|-123|CG1297622|-68|-85|CG1297622|-68|-85
705|0|7|697|12|CG1297137|-27|-79|CG1297137|-27|-79|CG1297138|-19|-81|CG1297138|-19|-81|CG1297138|-19|-81|CG1297139|-25|-79|CG1297140|-28|-78|CG1297141|-25|-78|CG1297141|-25|-78|CG1297141|-25|-78|CG1297142|-24|-78|CG1297142|-24|-78
705|0|8|1000|2|CG1297612|-60|-69|CG1297613|-26|-57
705|0|9|1000|1|CG1297614|-59|-78
705|0|10|986|6|CG1297606|-33|-93|CG1297607|-59|-92|CG1297608|-59|-101|CG1297609|-66|-109|CG1297610|-70|-91|CG1297611|-70|-54
705|1|0|1292|4|CG1297677|-38|-76|CG1297678|-38|-76|CG1297679|-38|-76|CG1297678|-38|-76
705|1|1|1000|6|CG1297682|-18|-76|CG1297683|-19|-77|CG1297684|-19|-77|CG1297685|-19|-76|CG1297686|-19|-77|CG1297687|-18|-77
705|1|2|600|5|CG1325413|-100|-113|CG1325414|-102|-107|CG1325415|-90|-159|CG1325416|-142|-98|CG1325417|-131|-103
705|1|3|600|12|CG1297647|-23|-81|CG1297648|-30|-93|CG1297648|-30|-93|CG1297649|-33|-92|CG1297649|-33|-92|CG1297650|-25|-95|CG1297651|-19|-81|CG1297652|-18|-84|CG1297652|-18|-84|CG1297653|-19|-84|CG1297653|-19|-84|CG1297654|-22|-82
705|1|4|
705|1|5|1000|18|CG1297639|-27|-74|CG1297639|-27|-74|CG1297640|-32|-65|CG1297640|-32|-65|CG1297640|-32|-65|CG1297640|-32|-65|CG1297641|-39|-71|CG1297641|-39|-71|CG1297642|-24|-93|CG1297642|-24|-93|CG1297643|-24|-122|CG1297643|-24|-122|CG1297644|-23|-122|CG1297644|-23|-122|CG1297645|-24|-120|CG1297645|-24|-120|CG1297646|-26|-119|CG1297646|-26|-119
705|1|6|2689|26|CG1297668|-21|-109|CG1297669|-21|-109|CG1297670|-21|-109|CG1297668|-21|-109|CG1297669|-21|-109|CG1297670|-21|-109|CG1297668|-21|-109|CG1297669|-21|-109|CG1297670|-21|-109|CG1297668|-21|-109|CG1297669|-21|-109|CG1297670|-21|-109|CG1297668|-21|-109|CG1297669|-21|-109|CG1297670|-21|-109|CG1297668|-21|-109|CG1297669|-21|-109|CG1297670|-21|-109|CG1297668|-21|-109|CG1297671|-49|-78|CG1297671|-49|-78|CG1297672|-18|-127|CG1297672|-18|-127|CG1297672|-18|-127|CG1297673|-24|-102|CG1297673|-24|-102
705|1|7|697|12|CG1297199|-21|-77|CG1297199|-21|-77|CG1297200|-23|-79|CG1297200|-23|-79|CG1297200|-23|-79|CG1297201|-17|-78|CG1297202|-16|-77|CG1297203|-16|-79|CG1297203|-16|-79|CG1297203|-16|-79|CG1297204|-16|-76|CG1297204|-16|-76
705|1|8|1000|2|CG1297663|-58|-74|CG1297664|-54|-57
705|1|9|1000|1|CG1297665|-62|-78
705|1|10|986|6|CG1297657|-30|-88|CG1297658|-27|-90|CG1297659|-27|-112|CG1297660|-29|-114|CG1297661|-25|-92|CG1297662|-30|-62
705|2|0|1292|4|CG1297728|-21|-76|CG1297729|-21|-76|CG1297730|-21|-76|CG1297729|-21|-76
705|2|1|1000|6|CG1297733|-20|-77|CG1297734|-16|-78|CG1297735|-17|-78|CG1297736|-19|-77|CG1297737|-19|-78|CG1297738|-16|-78
705|2|2|600|5|CG1325469|-119|-113|CG1325470|-90|-142|CG1325471|-82|-174|CG1325472|-99|-116|CG1325473|-109|-103
705|2|3|600|12|CG1297698|-29|-80|CG1297699|-27|-97|CG1297699|-27|-97|CG1297700|-28|-97|CG1297700|-28|-97|CG1297701|-31|-85|CG1297702|-29|-80|CG1297703|-35|-83|CG1297703|-35|-83|CG1297704|-31|-83|CG1297704|-31|-83|CG1297705|-32|-82
705|2|4|
705|2|5|1000|18|CG1297690|-30|-84|CG1297690|-30|-84|CG1297691|-27|-65|CG1297691|-27|-65|CG1297691|-27|-65|CG1297691|-27|-65|CG1297692|-42|-72|CG1297692|-42|-72|CG1297693|-14|-87|CG1297693|-14|-87|CG1297694|-20|-96|CG1297694|-20|-96|CG1297695|-20|-99|CG1297695|-20|-99|CG1297696|-18|-104|CG1297696|-18|-104|CG1297697|-23|-106|CG1297697|-23|-106
705|2|6|2689|26|CG1297719|-18|-113|CG1297720|-18|-113|CG1297721|-18|-113|CG1297719|-18|-113|CG1297720|-18|-113|CG1297721|-18|-113|CG1297719|-18|-113|CG1297720|-18|-113|CG1297721|-18|-113|CG1297719|-18|-113|CG1297720|-18|-113|CG1297721|-18|-113|CG1297719|-18|-113|CG1297720|-18|-113|CG1297721|-18|-113|CG1297719|-18|-113|CG1297720|-18|-113|CG1297721|-18|-113|CG1297719|-18|-113|CG1297722|-54|-78|CG1297722|-54|-78|CG1297723|-24|-110|CG1297723|-24|-110|CG1297723|-24|-110|CG1297724|-19|-100|CG1297724|-19|-100
705|2|7|697|12|CG1297261|-17|-76|CG1297261|-17|-76|CG1297262|-18|-77|CG1297262|-18|-77|CG1297262|-18|-77|CG1297263|-19|-77|CG1297264|-20|-76|CG1297265|-20|-76|CG1297265|-20|-76|CG1297265|-20|-76|CG1297266|-20|-76|CG1297266|-20|-76
705|2|8|1000|2|CG1297714|-27|-75|CG1297715|-59|-56
705|2|9|1000|1|CG1297716|-31|-82
705|2|10|986|6|CG1297708|-25|-81|CG1297709|-12|-86|CG1297710|-10|-109|CG1297711|-3|-99|CG1297712|-3|-68|CG1297713|-3|-50
705|3|0|1292|4|CG1297779|-21|-77|CG1297780|-21|-77|CG1297781|-21|-77|CG1297780|-21|-77
705|3|1|1000|6|CG1297784|-20|-78|CG1297785|-19|-78|CG1297786|-16|-79|CG1297787|-19|-78|CG1297788|-19|-78|CG1297789|-16|-78
705|3|2|600|5|CG1325525|-125|-117|CG1325526|-119|-165|CG1325527|-116|-175|CG1325528|-58|-136|CG1325529|-81|-129
705|3|3|600|12|CG1297749|-38|-79|CG1297750|-39|-86|CG1297750|-39|-86|CG1297751|-39|-89|CG1297751|-39|-89|CG1297752|-42|-81|CG1297753|-38|-79|CG1297754|-39|-81|CG1297754|-39|-81|CG1297755|-39|-82|CG1297755|-39|-82|CG1297756|-41|-81
705|3|4|
705|3|5|1000|18|CG1297741|-27|-93|CG1297741|-27|-93|CG1297742|-38|-75|CG1297742|-38|-75|CG1297742|-38|-75|CG1297742|-38|-75|CG1297743|-32|-71|CG1297743|-32|-71|CG1297744|-17|-84|CG1297744|-17|-84|CG1297745|-28|-85|CG1297745|-28|-85|CG1297746|-27|-84|CG1297746|-27|-84|CG1297747|-23|-83|CG1297747|-23|-83|CG1297748|-23|-84|CG1297748|-23|-84
705|3|6|2689|26|CG1297770|-22|-112|CG1297771|-22|-112|CG1297772|-22|-112|CG1297770|-22|-112|CG1297771|-22|-112|CG1297772|-22|-112|CG1297770|-22|-112|CG1297771|-22|-112|CG1297772|-22|-112|CG1297770|-22|-112|CG1297771|-22|-112|CG1297772|-22|-112|CG1297770|-22|-112|CG1297771|-22|-112|CG1297772|-22|-112|CG1297770|-22|-112|CG1297771|-22|-112|CG1297772|-22|-112|CG1297770|-22|-112|CG1297773|-30|-79|CG1297773|-30|-79|CG1297774|-31|-80|CG1297774|-31|-80|CG1297774|-31|-80|CG1297775|-23|-81|CG1297775|-23|-81
705|3|7|697|12|CG1297323|-21|-76|CG1297323|-21|-76|CG1297324|-21|-75|CG1297324|-21|-75|CG1297324|-21|-75|CG1297325|-18|-76|CG1297326|-18|-76|CG1297327|-19|-76|CG1297327|-19|-76|CG1297327|-19|-76|CG1297328|-20|-76|CG1297328|-20|-76
705|3|8|1000|2|CG1297765|-22|-72|CG1297766|-41|-65
705|3|9|1000|1|CG1297767|-28|-84
705|3|10|986|6|CG1297759|-25|-78|CG1297760|-10|-83|CG1297761|-1|-93|CG1297762|-3|-70|CG1297763|0|-43|CG1297764|-1|-27
705|4|0|1292|4|CG1297830|-19|-79|CG1297831|-19|-79|CG1297832|-18|-79|CG1297831|-19|-79
705|4|1|1000|6|CG1297835|-19|-79|CG1297836|-18|-79|CG1297837|-17|-80|CG1297838|-21|-79|CG1297839|-20|-79|CG1297840|-17|-79
705|4|2|600|5|CG1325581|-118|-123|CG1325582|-92|-162|CG1325583|-82|-152|CG1325584|-98|-119|CG1325585|-112|-122
705|4|3|600|12|CG1297800|-30|-78|CG1297801|-34|-81|CG1297801|-34|-81|CG1297802|-29|-82|CG1297802|-29|-82|CG1297803|-31|-81|CG1297804|-38|-78|CG1297805|-38|-80|CG1297805|-38|-80|CG1297806|-39|-81|CG1297806|-39|-81|CG1297807|-37|-81
705|4|4|
705|4|5|1000|18|CG1297792|-23|-96|CG1297792|-23|-96|CG1297793|-28|-87|CG1297793|-28|-87|CG1297793|-28|-87|CG1297793|-28|-87|CG1297794|-22|-69|CG1297794|-22|-69|CG1297795|-21|-80|CG1297795|-21|-80|CG1297796|-23|-81|CG1297796|-23|-81|CG1297797|-21|-80|CG1297797|-21|-80|CG1297798|-19|-78|CG1297798|-19|-78|CG1297799|-20|-79|CG1297799|-20|-79
705|4|6|2689|26|CG1297821|-30|-107|CG1297822|-17|-107|CG1297823|-27|-107|CG1297821|-30|-107|CG1297822|-17|-107|CG1297823|-27|-107|CG1297821|-30|-107|CG1297822|-17|-107|CG1297823|-27|-107|CG1297821|-30|-107|CG1297822|-17|-107|CG1297823|-27|-107|CG1297821|-30|-107|CG1297822|-17|-107|CG1297823|-27|-107|CG1297821|-30|-107|CG1297822|-17|-107|CG1297823|-27|-107|CG1297821|-30|-107|CG1297824|-27|-83|CG1297824|-27|-83|CG1297825|-35|-77|CG1297825|-35|-77|CG1297825|-35|-77|CG1297826|-27|-78|CG1297826|-27|-78
705|4|7|697|12|CG1297385|-18|-76|CG1297385|-18|-76|CG1297386|-18|-75|CG1297386|-18|-75|CG1297386|-18|-75|CG1297387|-20|-77|CG1297388|-25|-77|CG1297389|-22|-77|CG1297389|-22|-77|CG1297389|-22|-77|CG1297390|-19|-78|CG1297390|-19|-78
705|4|8|1000|2|CG1297816|-16|-67|CG1297817|-35|-73
705|4|9|1000|1|CG1297818|-24|-77
705|4|10|986|6|CG1297810|-19|-80|CG1297811|-4|-81|CG1297812|-7|-72|CG1297813|-7|-42|CG1297814|-1|-19|CG1297815|-8|-13
705|5|0|1292|4|CG1297881|-20|-80|CG1297882|-20|-79|CG1297883|-21|-79|CG1297882|-20|-79
705|5|1|1000|6|CG1297886|-19|-79|CG1297887|-19|-79|CG1297888|-20|-80|CG1297889|-21|-79|CG1297890|-21|-79|CG1297891|-19|-80
705|5|2|600|5|CG1325637|-87|-102|CG1325638|-101|-134|CG1325639|-81|-118|CG1325640|-146|-102|CG1325641|-132|-115
705|5|3|600|12|CG1297851|-39|-77|CG1297852|-35|-80|CG1297852|-35|-80|CG1297853|-37|-81|CG1297853|-37|-81|CG1297854|-40|-80|CG1297855|-59|-77|CG1297856|-68|-80|CG1297856|-68|-80|CG1297857|-71|-81|CG1297857|-71|-81|CG1297858|-40|-80
705|5|4|
705|5|5|1000|18|CG1297843|-17|-91|CG1297843|-17|-91|CG1297844|-17|-93|CG1297844|-17|-93|CG1297844|-17|-93|CG1297844|-17|-93|CG1297845|-19|-68|CG1297845|-19|-68|CG1297846|-43|-76|CG1297846|-43|-76|CG1297847|-57|-76|CG1297847|-57|-76|CG1297848|-53|-76|CG1297848|-53|-76|CG1297849|-36|-76|CG1297849|-36|-76|CG1297850|-22|-77|CG1297850|-22|-77
705|5|6|2689|26|CG1297872|-31|-101|CG1297873|-23|-101|CG1297874|-29|-101|CG1297872|-31|-101|CG1297873|-23|-101|CG1297874|-29|-101|CG1297872|-31|-101|CG1297873|-23|-101|CG1297874|-29|-101|CG1297872|-31|-101|CG1297873|-23|-101|CG1297874|-29|-101|CG1297872|-31|-101|CG1297873|-23|-101|CG1297874|-29|-101|CG1297872|-31|-101|CG1297873|-23|-101|CG1297874|-29|-101|CG1297872|-31|-101|CG1297875|-28|-77|CG1297875|-28|-77|CG1297876|-24|-77|CG1297876|-24|-77|CG1297876|-24|-77|CG1297877|-21|-79|CG1297877|-21|-79
705|5|7|697|12|CG1297447|-19|-78|CG1297447|-19|-78|CG1297448|-20|-77|CG1297448|-20|-77|CG1297448|-20|-77|CG1297449|-22|-77|CG1297450|-22|-78|CG1297451|-20|-78|CG1297451|-20|-78|CG1297451|-20|-78|CG1297452|-21|-79|CG1297452|-21|-79
705|5|8|1000|2|CG1297867|-23|-62|CG1297868|-20|-78
705|5|9|1000|1|CG1297869|-19|-78
705|5|10|986|6|CG1297861|-23|-85|CG1297862|-30|-83|CG1297863|-37|-59|CG1297864|-27|-35|CG1297865|-42|-16|CG1297866|-50|-7
705|6|0|1292|4|CG1297932|-22|-80|CG1297933|-22|-80|CG1297934|-22|-80|CG1297933|-22|-80
705|6|1|1000|6|CG1297937|-61|-79|CG1297938|-61|-79|CG1297939|-62|-79|CG1297940|-60|-79|CG1297941|-60|-79|CG1297942|-61|-80
705|6|2|600|5|CG1325693|-56|-115|CG1325694|-66|-158|CG1325695|-93|-143|CG1325696|-109|-126|CG1325697|-81|-115
705|6|3|600|12|CG1297902|-43|-78|CG1297903|-37|-80|CG1297903|-37|-80|CG1297904|-39|-81|CG1297904|-39|-81|CG1297905|-52|-81|CG1297906|-72|-78|CG1297907|-65|-81|CG1297907|-65|-81|CG1297908|-68|-82|CG1297908|-68|-82|CG1297909|-72|-81
705|6|4|
705|6|5|1000|18|CG1297894|-20|-82|CG1297894|-20|-82|CG1297895|-20|-89|CG1297895|-20|-89|CG1297895|-20|-89|CG1297895|-20|-89|CG1297896|-35|-67|CG1297896|-35|-67|CG1297897|-56|-76|CG1297897|-56|-76|CG1297898|-100|-76|CG1297898|-100|-76|CG1297899|-91|-79|CG1297899|-91|-79|CG1297900|-61|-93|CG1297900|-61|-93|CG1297901|-58|-78|CG1297901|-58|-78
705|6|6|2689|26|CG1297923|-22|-98|CG1297924|-21|-98|CG1297925|-21|-98|CG1297923|-22|-98|CG1297924|-21|-98|CG1297925|-21|-98|CG1297923|-22|-98|CG1297924|-21|-98|CG1297925|-21|-98|CG1297923|-22|-98|CG1297924|-21|-98|CG1297925|-21|-98|CG1297923|-22|-98|CG1297924|-21|-98|CG1297925|-21|-98|CG1297923|-22|-98|CG1297924|-21|-98|CG1297925|-21|-98|CG1297923|-22|-98|CG1297926|-25|-78|CG1297926|-25|-78|CG1297927|-81|-78|CG1297927|-81|-78|CG1297927|-81|-78|CG1297928|-38|-79|CG1297928|-38|-79
705|6|7|697|12|CG1297509|-21|-80|CG1297509|-21|-80|CG1297510|-22|-79|CG1297510|-22|-79|CG1297510|-22|-79|CG1297511|-22|-78|CG1297512|-24|-79|CG1297513|-41|-79|CG1297513|-41|-79|CG1297513|-41|-79|CG1297514|-33|-80|CG1297514|-33|-80
705|6|8|1000|2|CG1297918|-27|-61|CG1297919|-25|-75
705|6|9|1000|1|CG1297920|-42|-78
705|6|10|986|6|CG1297912|-45|-91|CG1297913|-61|-87|CG1297914|-56|-63|CG1297915|-75|-54|CG1297916|-100|-27|CG1297917|-95|-12
705|7|0|1292|4|CG1297983|-62|-78|CG1297984|-61|-78|CG1297985|-61|-78|CG1297984|-61|-78
705|7|1|1000|6|CG1297988|-73|-78|CG1297989|-74|-78|CG1297990|-71|-78|CG1297991|-68|-78|CG1297992|-68|-78|CG1297993|-71|-79
705|7|2|600|5|CG1325749|-65|-111|CG1325750|-73|-164|CG1325751|-68|-170|CG1325752|-60|-150|CG1325753|-60|-127
705|7|3|600|12|CG1297953|-65|-79|CG1297954|-49|-81|CG1297954|-49|-81|CG1297955|-42|-82|CG1297955|-42|-82|CG1297956|-64|-81|CG1297957|-44|-79|CG1297958|-28|-83|CG1297958|-28|-83|CG1297959|-29|-83|CG1297959|-29|-83|CG1297960|-62|-81
705|7|4|
705|7|5|1000|18|CG1297945|-22|-72|CG1297945|-22|-72|CG1297946|-22|-77|CG1297946|-22|-77|CG1297946|-22|-77|CG1297946|-22|-77|CG1297947|-45|-69|CG1297947|-45|-69|CG1297948|-86|-80|CG1297948|-86|-80|CG1297949|-82|-108|CG1297949|-82|-108|CG1297950|-74|-110|CG1297950|-74|-110|CG1297951|-49|-113|CG1297951|-49|-113|CG1297952|-60|-101|CG1297952|-60|-101
705|7|6|2689|26|CG1297974|-23|-99|CG1297975|-23|-99|CG1297976|-23|-99|CG1297974|-23|-99|CG1297975|-23|-99|CG1297976|-23|-99|CG1297974|-23|-99|CG1297975|-23|-99|CG1297976|-23|-99|CG1297974|-23|-99|CG1297975|-23|-99|CG1297976|-23|-99|CG1297974|-23|-99|CG1297975|-23|-99|CG1297976|-23|-99|CG1297974|-23|-99|CG1297975|-23|-99|CG1297976|-23|-99|CG1297974|-23|-99|CG1297977|-46|-79|CG1297977|-46|-79|CG1297978|-86|-99|CG1297978|-86|-99|CG1297978|-86|-99|CG1297979|-76|-78|CG1297979|-76|-78
705|7|7|697|12|CG1297571|-22|-80|CG1297571|-22|-80|CG1297572|-22|-81|CG1297572|-22|-81|CG1297572|-22|-81|CG1297573|-29|-79|CG1297574|-30|-79|CG1297575|-42|-78|CG1297575|-42|-78|CG1297575|-42|-78|CG1297576|-38|-79|CG1297576|-38|-79
705|7|8|1000|2|CG1297969|-27|-63|CG1297970|-34|-67
705|7|9|1000|1|CG1297971|-42|-78
705|7|10|986|6|CG1297963|-45|-95|CG1297964|-61|-91|CG1297965|-79|-81|CG1297966|-83|-85|CG1297967|-94|-66|CG1297968|-93|-28
