693|0|0|1190|4|CG1292645|-23|-78|CG1292646|-24|-78|CG1292647|-25|-78|CG1292648|-24|-78
693|0|1|1000|6|CG1292651|-22|-86|CG1292652|-22|-89|CG1292653|-23|-90|CG1292654|-26|-89|CG1292655|-23|-91|CG1292656|-22|-89
693|0|2|600|5|CG1325357|-54|-113|CG1325358|-66|-144|CG1325359|-95|-176|CG1325360|-103|-137|CG1325361|-78|-106
693|0|3|510|6|CG1292618|-34|-80|CG1292619|-31|-81|CG1292620|-26|-84|CG1292621|-24|-80|CG1292622|-26|-81|CG1292623|-30|-84
693|0|4|
693|0|5|986|14|CG1292612|-26|-71|CG1292612|-26|-71|CG1292613|-39|-63|CG1292613|-39|-63|CG1292613|-39|-63|CG1292614|-39|-77|CG1292615|-86|-85|CG1292616|-88|-84|CG1292616|-88|-84|CG1292615|-86|-85|CG1292615|-86|-85|CG1292615|-86|-85|CG1292617|-56|-82|CG1292617|-56|-82
693|0|6|2295|23|CG1292637|-34|-94|CG1292637|-34|-94|CG1292638|-30|-88|CG1292638|-30|-88|CG1292639|-35|-78|CG1292639|-35|-78|CG1292640|-35|-78|CG1292641|-35|-78|CG1292640|-35|-78|CG1292641|-35|-78|CG1292640|-35|-78|CG1292641|-35|-78|CG1292640|-35|-78|CG1292641|-35|-78|CG1292640|-35|-78|CG1292641|-35|-78|CG1292640|-35|-78|CG1292641|-35|-78|CG1292640|-35|-78|CG1292641|-35|-78|CG1292639|-35|-78|CG1292638|-30|-88|CG1292637|-34|-94
693|0|7|1088|9|CG1292131|-30|-78|CG1292132|-4|-64|CG1292133|-1|-61|CG1292133|-1|-61|CG1292134|-26|-68|CG1292135|-57|-70|CG1292136|-58|-69|CG1292137|-37|-71|CG1292138|-25|-75
693|0|8|1000|2|CG1292632|-52|-72|CG1292633|-33|-63
693|0|9|1000|1|CG1292634|-28|-79
693|0|10|1088|6|CG1292626|-34|-73|CG1292627|-31|-66|CG1292628|-68|-73|CG1292629|-64|-62|CG1292630|-59|-59|CG1292631|-62|-67
693|1|0|1190|4|CG1292692|-16|-77|CG1292693|-18|-77|CG1292694|-20|-77|CG1292695|-19|-77
693|1|1|1000|6|CG1292698|-17|-79|CG1292699|-19|-82|CG1292700|-21|-83|CG1292701|-22|-82|CG1292702|-21|-83|CG1292703|-19|-82
693|1|2|600|5|CG1325413|-100|-113|CG1325414|-102|-107|CG1325415|-90|-159|CG1325416|-142|-98|CG1325417|-131|-103
693|1|3|510|6|CG1292665|-22|-80|CG1292666|-21|-81|CG1292667|-20|-84|CG1292668|-21|-80|CG1292669|-19|-81|CG1292670|-21|-84
693|1|4|
693|1|5|986|14|CG1292659|-18|-69|CG1292659|-18|-69|CG1292660|-25|-65|CG1292660|-25|-65|CG1292660|-25|-65|CG1292661|-16|-76|CG1292662|-15|-89|CG1292663|-14|-90|CG1292663|-14|-90|CG1292662|-15|-89|CG1292662|-15|-89|CG1292662|-15|-89|CG1292664|-20|-84|CG1292664|-20|-84
693|1|6|2295|23|CG1292684|-29|-77|CG1292684|-29|-77|CG1292685|-17|-80|CG1292685|-17|-80|CG1292686|-21|-78|CG1292686|-21|-78|CG1292687|-22|-78|CG1292688|-22|-78|CG1292687|-22|-78|CG1292688|-22|-78|CG1292687|-22|-78|CG1292688|-22|-78|CG1292687|-22|-78|CG1292688|-22|-78|CG1292687|-22|-78|CG1292688|-22|-78|CG1292687|-22|-78|CG1292688|-22|-78|CG1292687|-22|-78|CG1292688|-22|-78|CG1292686|-21|-78|CG1292685|-17|-80|CG1292684|-29|-77
693|1|7|1088|9|CG1292197|-18|-77|CG1292198|-16|-58|CG1292199|-33|-55|CG1292199|-33|-55|CG1292200|-14|-67|CG1292201|-34|-82|CG1292202|-34|-81|CG1292203|-24|-77|CG1292204|-33|-76
693|1|8|1000|2|CG1292679|-26|-73|CG1292680|-34|-58
693|1|9|1000|1|CG1292681|-16|-79
693|1|10|1088|6|CG1292673|-29|-71|CG1292674|-34|-66|CG1292675|-40|-64|CG1292676|-38|-69|CG1292677|-36|-66|CG1292678|-38|-59
693|2|0|1190|4|CG1292739|-18|-79|CG1292740|-18|-79|CG1292741|-18|-79|CG1292742|-18|-79
693|2|1|1000|6|CG1292745|-22|-77|CG1292746|-27|-79|CG1292747|-21|-79|CG1292748|-20|-78|CG1292749|-21|-80|CG1292750|-21|-79
693|2|2|600|5|CG1325469|-119|-113|CG1325470|-90|-142|CG1325471|-82|-174|CG1325472|-99|-116|CG1325473|-109|-103
693|2|3|510|6|CG1292712|-19|-80|CG1292713|-13|-81|CG1292714|-18|-84|CG1292715|-26|-80|CG1292716|-14|-81|CG1292717|-13|-84
693|2|4|
693|2|5|986|14|CG1292706|-28|-68|CG1292706|-28|-68|CG1292707|-58|-66|CG1292707|-58|-66|CG1292707|-58|-66|CG1292708|-28|-71|CG1292709|-6|-82|CG1292710|-6|-83|CG1292710|-6|-83|CG1292709|-6|-82|CG1292709|-6|-82|CG1292709|-6|-82|CG1292711|-14|-80|CG1292711|-14|-80
693|2|6|2295|23|CG1292731|-18|-78|CG1292731|-18|-78|CG1292732|-6|-78|CG1292732|-6|-78|CG1292733|-10|-76|CG1292733|-10|-76|CG1292734|-9|-76|CG1292735|-9|-76|CG1292734|-9|-76|CG1292735|-9|-76|CG1292734|-9|-76|CG1292735|-9|-76|CG1292734|-9|-76|CG1292735|-9|-76|CG1292734|-9|-76|CG1292735|-9|-76|CG1292734|-9|-76|CG1292735|-9|-76|CG1292734|-9|-76|CG1292735|-9|-76|CG1292733|-10|-76|CG1292732|-6|-78|CG1292731|-18|-78
693|2|7|1088|9|CG1292263|-14|-78|CG1292264|-43|-61|CG1292265|-49|-59|CG1292265|-49|-59|CG1292266|-21|-69|CG1292267|-17|-81|CG1292268|-17|-81|CG1292269|-35|-77|CG1292270|-28|-75
693|2|8|1000|2|CG1292726|-19|-71|CG1292727|-42|-54
693|2|9|1000|1|CG1292728|-19|-79
693|2|10|1088|6|CG1292720|-24|-73|CG1292721|-20|-67|CG1292722|-18|-44|CG1292723|-19|-58|CG1292724|-19|-54|CG1292725|-18|-45
693|3|0|1190|4|CG1292786|-18|-80|CG1292787|-18|-80|CG1292788|-18|-80|CG1292789|-18|-80
693|3|1|1000|6|CG1292792|-38|-81|CG1292793|-37|-82|CG1292794|-35|-81|CG1292795|-33|-80|CG1292796|-35|-82|CG1292797|-37|-82
693|3|2|600|5|CG1325525|-125|-117|CG1325526|-119|-165|CG1325527|-116|-175|CG1325528|-58|-136|CG1325529|-81|-129
693|3|3|510|6|CG1292759|-28|-79|CG1292760|-16|-79|CG1292761|-18|-82|CG1292762|-26|-79|CG1292763|-18|-79|CG1292764|-17|-82
693|3|4|
693|3|5|986|14|CG1292753|-73|-70|CG1292753|-73|-70|CG1292754|-62|-66|CG1292754|-62|-66|CG1292754|-62|-66|CG1292755|-47|-81|CG1292756|1|-67|CG1292757|1|-68|CG1292757|1|-68|CG1292756|1|-67|CG1292756|1|-67|CG1292756|1|-67|CG1292758|-15|-74|CG1292758|-15|-74
693|3|6|2295|23|CG1292778|-19|-79|CG1292778|-19|-79|CG1292779|-20|-75|CG1292779|-20|-75|CG1292780|-25|-71|CG1292780|-25|-71|CG1292781|-25|-70|CG1292782|-25|-70|CG1292781|-25|-70|CG1292782|-25|-70|CG1292781|-25|-70|CG1292782|-25|-70|CG1292781|-25|-70|CG1292782|-25|-70|CG1292781|-25|-70|CG1292782|-25|-70|CG1292781|-25|-70|CG1292782|-25|-70|CG1292781|-25|-70|CG1292782|-25|-70|CG1292780|-25|-71|CG1292779|-20|-75|CG1292778|-19|-79
693|3|7|1088|9|CG1292329|-20|-77|CG1292330|-50|-70|CG1292331|-47|-69|CG1292331|-47|-69|CG1292332|-35|-72|CG1292333|-24|-70|CG1292334|-24|-70|CG1292335|-28|-71|CG1292336|-20|-74
693|3|8|1000|2|CG1292773|-21|-69|CG1292774|-49|-68
693|3|9|1000|1|CG1292775|-25|-79
693|3|10|1088|6|CG1292767|-25|-78|CG1292768|-15|-69|CG1292769|-1|-25|CG1292770|-3|-36|CG1292771|-2|-26|CG1292772|-2|-26
693|4|0|1190|4|CG1292833|-23|-80|CG1292834|-22|-80|CG1292835|-22|-80|CG1292836|-22|-80
693|4|1|1000|6|CG1292839|-35|-94|CG1292840|-36|-94|CG1292841|-37|-93|CG1292842|-38|-90|CG1292843|-37|-93|CG1292844|-36|-94
693|4|2|600|5|CG1325581|-118|-123|CG1325582|-92|-162|CG1325583|-82|-152|CG1325584|-98|-119|CG1325585|-112|-122
693|4|3|510|6|CG1292806|-26|-78|CG1292807|-22|-78|CG1292808|-22|-81|CG1292809|-22|-78|CG1292810|-22|-78|CG1292811|-22|-81
693|4|4|
693|4|5|986|14|CG1292800|-92|-72|CG1292800|-92|-72|CG1292801|-34|-65|CG1292801|-34|-65|CG1292801|-34|-65|CG1292802|-40|-93|CG1292803|4|-50|CG1292804|4|-50|CG1292804|4|-50|CG1292803|4|-50|CG1292803|4|-50|CG1292803|4|-50|CG1292805|-17|-65|CG1292805|-17|-65
693|4|6|2295|23|CG1292825|-31|-80|CG1292825|-31|-80|CG1292826|-41|-72|CG1292826|-41|-72|CG1292827|-49|-64|CG1292827|-49|-64|CG1292828|-43|-62|CG1292829|-43|-62|CG1292828|-43|-62|CG1292829|-43|-62|CG1292828|-43|-62|CG1292829|-43|-62|CG1292828|-43|-62|CG1292829|-43|-62|CG1292828|-43|-62|CG1292829|-43|-62|CG1292828|-43|-62|CG1292829|-43|-62|CG1292828|-43|-62|CG1292829|-43|-62|CG1292827|-49|-64|CG1292826|-41|-72|CG1292825|-31|-80
693|4|7|1088|9|CG1292395|-25|-77|CG1292396|-44|-78|CG1292397|-43|-78|CG1292397|-43|-78|CG1292398|-34|-75|CG1292399|-22|-58|CG1292400|-23|-60|CG1292401|-16|-59|CG1292402|-17|-70
693|4|8|1000|2|CG1292820|-24|-64|CG1292821|-41|-80
693|4|9|1000|1|CG1292822|-23|-77
693|4|10|1088|6|CG1292814|-29|-82|CG1292815|-24|-69|CG1292816|-16|-21|CG1292817|-17|-18|CG1292818|-16|-20|CG1292819|-16|-20
693|5|0|1190|4|CG1292880|-41|-81|CG1292881|-40|-81|CG1292882|-40|-81|CG1292883|-40|-81
693|5|1|1000|6|CG1292886|-24|-101|CG1292887|-24|-103|CG1292888|-23|-102|CG1292889|-23|-100|CG1292890|-23|-102|CG1292891|-24|-103
693|5|2|600|5|CG1325637|-87|-102|CG1325638|-101|-134|CG1325639|-81|-118|CG1325640|-146|-102|CG1325641|-132|-115
693|5|3|510|6|CG1292853|-25|-78|CG1292854|-27|-78|CG1292855|-33|-81|CG1292856|-38|-78|CG1292857|-36|-78|CG1292858|-29|-81
693|5|4|
693|5|5|986|14|CG1292847|-60|-95|CG1292847|-60|-95|CG1292848|-20|-62|CG1292848|-20|-62|CG1292848|-20|-62|CG1292849|-19|-99|CG1292850|-21|-43|CG1292851|-16|-42|CG1292851|-16|-42|CG1292850|-21|-43|CG1292850|-21|-43|CG1292850|-21|-43|CG1292852|-26|-61|CG1292852|-26|-61
693|5|6|2295|23|CG1292872|-78|-81|CG1292872|-78|-81|CG1292873|-84|-71|CG1292873|-84|-71|CG1292874|-81|-63|CG1292874|-81|-63|CG1292875|-79|-62|CG1292876|-79|-62|CG1292875|-79|-62|CG1292876|-79|-62|CG1292875|-79|-62|CG1292876|-79|-62|CG1292875|-79|-62|CG1292876|-79|-62|CG1292875|-79|-62|CG1292876|-79|-62|CG1292875|-79|-62|CG1292876|-79|-62|CG1292875|-79|-62|CG1292876|-79|-62|CG1292874|-81|-63|CG1292873|-84|-71|CG1292872|-78|-81
693|5|7|1088|9|CG1292461|-27|-77|CG1292462|-35|-84|CG1292463|-44|-84|CG1292463|-44|-84|CG1292464|-18|-76|CG1292465|-11|-58|CG1292466|-11|-60|CG1292467|-10|-56|CG1292468|-26|-67
693|5|8|1000|2|CG1292867|-31|-63|CG1292868|-41|-84
693|5|9|1000|1|CG1292869|-62|-76
693|5|10|1088|6|CG1292861|-60|-82|CG1292862|-66|-68|CG1292863|-80|-15|CG1292864|-75|-13|CG1292865|-75|-14|CG1292866|-79|-15
693|6|0|1190|4|CG1292927|-43|-80|CG1292928|-43|-80|CG1292929|-42|-80|CG1292930|-43|-80
693|6|1|1000|6|CG1292933|-27|-100|CG1292934|-22|-103|CG1292935|-22|-103|CG1292936|-22|-102|CG1292937|-22|-104|CG1292938|-22|-102
693|6|2|600|5|CG1325693|-56|-115|CG1325694|-66|-158|CG1325695|-93|-143|CG1325696|-109|-126|CG1325697|-81|-115
693|6|3|510|6|CG1292900|-67|-79|CG1292901|-67|-79|CG1292902|-70|-82|CG1292903|-71|-79|CG1292904|-70|-78|CG1292905|-68|-82
693|6|4|
693|6|5|986|14|CG1292894|-16|-106|CG1292894|-16|-106|CG1292895|-44|-63|CG1292895|-44|-63|CG1292895|-44|-63|CG1292896|-50|-97|CG1292897|-99|-52|CG1292898|-97|-50|CG1292898|-97|-50|CG1292897|-99|-52|CG1292897|-99|-52|CG1292897|-99|-52|CG1292899|-63|-66|CG1292899|-63|-66
693|6|6|2295|23|CG1292919|-78|-81|CG1292919|-78|-81|CG1292920|-78|-75|CG1292920|-78|-75|CG1292921|-68|-68|CG1292921|-68|-68|CG1292922|-72|-68|CG1292923|-72|-68|CG1292922|-72|-68|CG1292923|-72|-68|CG1292922|-72|-68|CG1292923|-72|-68|CG1292922|-72|-68|CG1292923|-72|-68|CG1292922|-72|-68|CG1292923|-72|-68|CG1292922|-72|-68|CG1292923|-72|-68|CG1292922|-72|-68|CG1292923|-72|-68|CG1292921|-68|-68|CG1292920|-78|-75|CG1292919|-78|-81
693|6|7|1088|9|CG1292527|-22|-77|CG1292528|-16|-82|CG1292529|-25|-82|CG1292529|-25|-82|CG1292530|-29|-75|CG1292531|-37|-59|CG1292532|-37|-59|CG1292533|-27|-53|CG1292534|-31|-69
693|6|8|1000|2|CG1292914|-52|-64|CG1292915|-69|-80
693|6|9|1000|1|CG1292916|-63|-76
693|6|10|1088|6|CG1292908|-73|-82|CG1292909|-83|-68|CG1292910|-114|-19|CG1292911|-115|-17|CG1292912|-114|-18|CG1292913|-115|-18
693|7|0|1190|4|CG1292974|-22|-79|CG1292975|-22|-79|CG1292976|-22|-79|CG1292977|-22|-79
693|7|1|1000|6|CG1292980|-30|-94|CG1292981|-21|-96|CG1292982|-25|-97|CG1292983|-30|-95|CG1292984|-18|-97|CG1292985|-18|-96
693|7|2|600|5|CG1325749|-65|-111|CG1325750|-73|-164|CG1325751|-68|-170|CG1325752|-60|-150|CG1325753|-60|-127
693|7|3|510|6|CG1292947|-68|-79|CG1292948|-67|-80|CG1292949|-64|-83|CG1292950|-62|-79|CG1292951|-63|-80|CG1292952|-66|-83
693|7|4|
693|7|5|986|14|CG1292941|-27|-94|CG1292941|-27|-94|CG1292942|-55|-63|CG1292942|-55|-63|CG1292942|-55|-63|CG1292943|-57|-87|CG1292944|-128|-71|CG1292945|-128|-70|CG1292945|-128|-70|CG1292944|-128|-71|CG1292944|-128|-71|CG1292944|-128|-71|CG1292946|-83|-75|CG1292946|-83|-75
693|7|6|2295|23|CG1292966|-37|-92|CG1292966|-37|-92|CG1292967|-40|-89|CG1292967|-40|-89|CG1292968|-36|-82|CG1292968|-36|-82|CG1292969|-37|-79|CG1292970|-36|-80|CG1292969|-37|-79|CG1292970|-36|-80|CG1292969|-37|-79|CG1292970|-36|-80|CG1292969|-37|-79|CG1292970|-36|-80|CG1292969|-37|-79|CG1292970|-36|-80|CG1292969|-37|-79|CG1292970|-36|-80|CG1292969|-37|-79|CG1292970|-36|-80|CG1292968|-36|-82|CG1292967|-40|-89|CG1292966|-37|-92
693|7|7|1088|9|CG1292593|-35|-77|CG1292594|-8|-74|CG1292595|1|-72|CG1292595|1|-72|CG1292596|-34|-72|CG1292597|-60|-59|CG1292598|-61|-57|CG1292599|-41|-62|CG1292600|-27|-73
693|7|8|1000|2|CG1292961|-72|-70|CG1292962|-57|-67
693|7|9|1000|1|CG1292963|-31|-77
693|7|10|1088|6|CG1292955|-51|-77|CG1292956|-55|-67|CG1292957|-87|-53|CG1292958|-95|-39|CG1292959|-94|-37|CG1292960|-88|-46
