699|0|0|6086|40|CG1295138|-23|-57|CG1295139|-20|-56|CG1295140|-17|-56|CG1295139|-20|-56|CG1295138|-23|-57|CG1295141|-22|-56|CG1295142|-22|-55|CG1295142|-22|-55|CG1295142|-22|-55|CG1295142|-22|-55|CG1295141|-22|-56|CG1295138|-23|-57|CG1295139|-20|-56|CG1295140|-17|-56|CG1295139|-20|-56|CG1295138|-23|-57|CG1295139|-20|-56|CG1295140|-17|-56|CG1295139|-20|-56|CG1295138|-23|-57|CG1295141|-22|-56|CG1295142|-22|-55|CG1295142|-22|-55|CG1295142|-22|-55|CG1295141|-22|-56|CG1295138|-23|-57|CG1295141|-22|-56|CG1295142|-22|-55|CG1295142|-22|-55|CG1295142|-22|-55|CG1295142|-22|-55|CG1295141|-22|-56|CG1295138|-23|-57|CG1295139|-20|-56|CG1295140|-17|-56|CG1295139|-20|-56|CG1295138|-23|-57|CG1295139|-20|-56|CG1295140|-17|-56|CG1295139|-20|-56
699|0|1|1000|6|CG1295145|-24|-54|CG1295146|-23|-57|CG1295147|-25|-55|CG1295148|-29|-54|CG1295149|-25|-57|CG1295150|-24|-55
699|0|2|600|5|CG1325357|-54|-113|CG1325358|-66|-144|CG1325359|-95|-176|CG1325360|-103|-137|CG1325361|-78|-106
699|0|3|510|6|CG1295108|-24|-58|CG1295109|-27|-56|CG1295110|-40|-56|CG1295111|-36|-57|CG1295112|-41|-56|CG1295113|-29|-55
699|0|4|
699|0|5|1000|16|CG1295100|-18|-56|CG1295100|-18|-56|CG1295101|-23|-51|CG1295101|-23|-51|CG1295102|-34|-83|CG1295102|-34|-83|CG1295103|-29|-82|CG1295103|-29|-82|CG1295104|-45|-106|CG1295104|-45|-106|CG1295105|-52|-59|CG1295105|-52|-59|CG1295106|-52|-60|CG1295106|-52|-60|CG1295107|-44|-58|CG1295107|-44|-58
699|0|6|2091|24|CG1295127|-19|-54|CG1295127|-19|-54|CG1295128|-27|-69|CG1295128|-27|-69|CG1295129|-20|-67|CG1295129|-20|-67|CG1295130|-19|-39|CG1295130|-19|-39|CG1295131|-19|-38|CG1295131|-19|-38|CG1295131|-19|-38|CG1295131|-19|-38|CG1295131|-19|-38|CG1295131|-19|-38|CG1295132|-20|-38|CG1295133|-20|-35|CG1295134|-19|-31|CG1295134|-19|-31|CG1295134|-19|-31|CG1295134|-19|-31|CG1295133|-20|-35|CG1295133|-20|-35|CG1295132|-20|-38|CG1295132|-20|-38
699|0|7|1394|13|CG1294605|-23|-56|CG1294605|-23|-56|CG1294606|-22|-58|CG1294606|-22|-58|CG1294607|-24|-58|CG1294607|-24|-58|CG1294608|-26|-58|CG1294609|-39|-53|CG1294610|-29|-46|CG1294611|-25|-54|CG1294611|-25|-54|CG1294612|-26|-58|CG1294612|-26|-58
699|0|8|1000|2|CG1295122|-26|-57|CG1295123|-16|-45
699|0|9|1000|1|CG1295124|-24|-63
699|0|10|1190|6|CG1295116|-23|-57|CG1295117|-18|-54|CG1295118|-30|-67|CG1295119|-43|-54|CG1295120|-43|-39|CG1295121|-44|-40
699|1|0|6086|40|CG1295191|-26|-57|CG1295192|-28|-57|CG1295193|-28|-56|CG1295192|-28|-57|CG1295191|-26|-57|CG1295194|-27|-57|CG1295195|-28|-55|CG1295195|-28|-55|CG1295195|-28|-55|CG1295195|-28|-55|CG1295194|-27|-57|CG1295191|-26|-57|CG1295192|-28|-57|CG1295193|-28|-56|CG1295192|-28|-57|CG1295191|-26|-57|CG1295192|-28|-57|CG1295193|-28|-56|CG1295192|-28|-57|CG1295191|-26|-57|CG1295194|-27|-57|CG1295195|-28|-55|CG1295195|-28|-55|CG1295195|-28|-55|CG1295194|-27|-57|CG1295191|-26|-57|CG1295194|-27|-57|CG1295195|-28|-55|CG1295195|-28|-55|CG1295195|-28|-55|CG1295195|-28|-55|CG1295194|-27|-57|CG1295191|-26|-57|CG1295192|-28|-57|CG1295193|-28|-56|CG1295192|-28|-57|CG1295191|-26|-57|CG1295192|-28|-57|CG1295193|-28|-56|CG1295192|-28|-57
699|1|1|1000|6|CG1295198|-24|-54|CG1295199|-24|-57|CG1295200|-25|-56|CG1295201|-26|-54|CG1295202|-27|-57|CG1295203|-26|-56
699|1|2|600|5|CG1325413|-100|-113|CG1325414|-102|-107|CG1325415|-90|-159|CG1325416|-142|-98|CG1325417|-131|-103
699|1|3|510|6|CG1295161|-17|-58|CG1295162|-20|-57|CG1295163|-27|-57|CG1295164|-39|-58|CG1295165|-29|-58|CG1295166|-22|-57
699|1|4|
699|1|5|1000|16|CG1295153|-28|-56|CG1295153|-28|-56|CG1295154|-26|-53|CG1295154|-26|-53|CG1295155|-27|-81|CG1295155|-27|-81|CG1295156|-21|-85|CG1295156|-21|-85|CG1295157|-22|-108|CG1295157|-22|-108|CG1295158|-22|-66|CG1295158|-22|-66|CG1295159|-20|-65|CG1295159|-20|-65|CG1295160|-25|-62|CG1295160|-25|-62
699|1|6|2091|24|CG1295180|-26|-55|CG1295180|-26|-55|CG1295181|-36|-65|CG1295181|-36|-65|CG1295182|-32|-55|CG1295182|-32|-55|CG1295183|-22|-37|CG1295183|-22|-37|CG1295184|-20|-37|CG1295184|-20|-37|CG1295184|-20|-37|CG1295184|-20|-37|CG1295184|-20|-37|CG1295184|-20|-37|CG1295185|-22|-36|CG1295186|-23|-39|CG1295187|-27|-26|CG1295187|-27|-26|CG1295187|-27|-26|CG1295187|-27|-26|CG1295186|-23|-39|CG1295186|-23|-39|CG1295185|-22|-36|CG1295185|-22|-36
699|1|7|1394|13|CG1294673|-18|-56|CG1294673|-18|-56|CG1294674|-17|-58|CG1294674|-17|-58|CG1294675|-17|-58|CG1294675|-17|-58|CG1294676|-19|-60|CG1294677|-38|-56|CG1294678|-39|-50|CG1294679|-38|-55|CG1294679|-38|-55|CG1294680|-28|-58|CG1294680|-28|-58
699|1|8|1000|2|CG1295175|-22|-58|CG1295176|-18|-37
699|1|9|1000|1|CG1295177|-19|-55
699|1|10|1190|6|CG1295169|-29|-57|CG1295170|-28|-53|CG1295171|-30|-63|CG1295172|-28|-49|CG1295173|-28|-46|CG1295174|-29|-45
699|2|0|6086|40|CG1295244|-21|-57|CG1295245|-25|-56|CG1295246|-28|-56|CG1295245|-25|-56|CG1295244|-21|-57|CG1295247|-23|-56|CG1295248|-24|-55|CG1295248|-24|-55|CG1295248|-24|-55|CG1295248|-24|-55|CG1295247|-23|-56|CG1295244|-21|-57|CG1295245|-25|-56|CG1295246|-28|-56|CG1295245|-25|-56|CG1295244|-21|-57|CG1295245|-25|-56|CG1295246|-28|-56|CG1295245|-25|-56|CG1295244|-21|-57|CG1295247|-23|-56|CG1295248|-24|-55|CG1295248|-24|-55|CG1295248|-24|-55|CG1295247|-23|-56|CG1295244|-21|-57|CG1295247|-23|-56|CG1295248|-24|-55|CG1295248|-24|-55|CG1295248|-24|-55|CG1295248|-24|-55|CG1295247|-23|-56|CG1295244|-21|-57|CG1295245|-25|-56|CG1295246|-28|-56|CG1295245|-25|-56|CG1295244|-21|-57|CG1295245|-25|-56|CG1295246|-28|-56|CG1295245|-25|-56
699|2|1|1000|6|CG1295251|-20|-54|CG1295252|-17|-57|CG1295253|-23|-55|CG1295254|-26|-53|CG1295255|-24|-57|CG1295256|-17|-55
699|2|2|600|5|CG1325469|-119|-113|CG1325470|-90|-142|CG1325471|-82|-174|CG1325472|-99|-116|CG1325473|-109|-103
699|2|3|510|6|CG1295214|-23|-57|CG1295215|-16|-56|CG1295216|-29|-55|CG1295217|-30|-58|CG1295218|-29|-56|CG1295219|-19|-56
699|2|4|
699|2|5|1000|16|CG1295206|-28|-56|CG1295206|-28|-56|CG1295207|-31|-51|CG1295207|-31|-51|CG1295208|-13|-75|CG1295208|-13|-75|CG1295209|-12|-82|CG1295209|-12|-82|CG1295210|-5|-96|CG1295210|-5|-96|CG1295211|-1|-59|CG1295211|-1|-59|CG1295212|-2|-60|CG1295212|-2|-60|CG1295213|-9|-60|CG1295213|-9|-60
699|2|6|2091|24|CG1295233|-28|-54|CG1295233|-28|-54|CG1295234|-31|-56|CG1295234|-31|-56|CG1295235|-34|-40|CG1295235|-34|-40|CG1295236|-24|-39|CG1295236|-24|-39|CG1295237|-23|-38|CG1295237|-23|-38|CG1295237|-23|-38|CG1295237|-23|-38|CG1295237|-23|-38|CG1295237|-23|-38|CG1295238|-24|-38|CG1295239|-30|-45|CG1295240|-49|-31|CG1295240|-49|-31|CG1295240|-49|-31|CG1295240|-49|-31|CG1295239|-30|-45|CG1295239|-30|-45|CG1295238|-24|-38|CG1295238|-24|-38
699|2|7|1394|13|CG1294741|-14|-56|CG1294741|-14|-56|CG1294742|-16|-58|CG1294742|-16|-58|CG1294743|-15|-58|CG1294743|-15|-58|CG1294744|-13|-59|CG1294745|-19|-59|CG1294746|-33|-53|CG1294747|-35|-57|CG1294747|-35|-57|CG1294748|-19|-58|CG1294748|-19|-58
699|2|8|1000|2|CG1295228|-15|-54|CG1295229|-41|-37
699|2|9|1000|1|CG1295230|-22|-50
699|2|10|1190|6|CG1295222|-23|-57|CG1295223|-27|-54|CG1295224|-22|-60|CG1295225|-14|-42|CG1295226|-16|-39|CG1295227|-16|-38
699|3|0|6086|40|CG1295297|-14|-56|CG1295298|-16|-56|CG1295299|-19|-56|CG1295298|-16|-56|CG1295297|-14|-56|CG1295300|-14|-57|CG1295301|-16|-57|CG1295301|-16|-57|CG1295301|-16|-57|CG1295301|-16|-57|CG1295300|-14|-57|CG1295297|-14|-56|CG1295298|-16|-56|CG1295299|-19|-56|CG1295298|-16|-56|CG1295297|-14|-56|CG1295298|-16|-56|CG1295299|-19|-56|CG1295298|-16|-56|CG1295297|-14|-56|CG1295300|-14|-57|CG1295301|-16|-57|CG1295301|-16|-57|CG1295301|-16|-57|CG1295300|-14|-57|CG1295297|-14|-56|CG1295300|-14|-57|CG1295301|-16|-57|CG1295301|-16|-57|CG1295301|-16|-57|CG1295301|-16|-57|CG1295300|-14|-57|CG1295297|-14|-56|CG1295298|-16|-56|CG1295299|-19|-56|CG1295298|-16|-56|CG1295297|-14|-56|CG1295298|-16|-56|CG1295299|-19|-56|CG1295298|-16|-56
699|3|1|1000|6|CG1295304|-21|-54|CG1295305|-16|-57|CG1295306|-15|-55|CG1295307|-21|-53|CG1295308|-16|-58|CG1295309|-15|-56
699|3|2|600|5|CG1325525|-125|-117|CG1325526|-119|-165|CG1325527|-116|-175|CG1325528|-58|-136|CG1325529|-81|-129
699|3|3|510|6|CG1295267|-26|-54|CG1295268|-20|-52|CG1295269|-21|-52|CG1295270|-27|-55|CG1295271|-20|-52|CG1295272|-22|-52
699|3|4|
699|3|5|1000|16|CG1295259|-20|-55|CG1295259|-20|-55|CG1295260|-25|-46|CG1295260|-25|-46|CG1295261|-12|-72|CG1295261|-12|-72|CG1295262|-31|-79|CG1295262|-31|-79|CG1295263|-2|-75|CG1295263|-2|-75|CG1295264|13|-49|CG1295264|13|-49|CG1295265|3|-47|CG1295265|3|-47|CG1295266|-2|-51|CG1295266|-2|-51
699|3|6|2091|24|CG1295286|-19|-52|CG1295286|-19|-52|CG1295287|-23|-57|CG1295287|-23|-57|CG1295288|-39|-43|CG1295288|-39|-43|CG1295289|-31|-42|CG1295289|-31|-42|CG1295290|-30|-38|CG1295290|-30|-38|CG1295290|-30|-38|CG1295290|-30|-38|CG1295290|-30|-38|CG1295290|-30|-38|CG1295291|-31|-43|CG1295292|-35|-50|CG1295293|-45|-41|CG1295293|-45|-41|CG1295293|-45|-41|CG1295293|-45|-41|CG1295292|-35|-50|CG1295292|-35|-50|CG1295291|-31|-43|CG1295291|-31|-43
699|3|7|1394|13|CG1294809|-14|-56|CG1294809|-14|-56|CG1294810|-15|-55|CG1294810|-15|-55|CG1294811|-14|-56|CG1294811|-14|-56|CG1294812|-9|-54|CG1294813|-11|-59|CG1294814|-24|-56|CG1294815|-17|-59|CG1294815|-17|-59|CG1294816|-13|-56|CG1294816|-13|-56
699|3|8|1000|2|CG1295281|-17|-50|CG1295282|-53|-43
699|3|9|1000|1|CG1295283|-26|-46
699|3|10|1190|6|CG1295275|-14|-57|CG1295276|-18|-55|CG1295277|-8|-52|CG1295278|-10|-32|CG1295279|-12|-29|CG1295280|-12|-22
699|4|0|6086|40|CG1295350|-21|-56|CG1295351|-26|-56|CG1295352|-27|-56|CG1295351|-26|-56|CG1295350|-21|-56|CG1295353|-23|-57|CG1295354|-24|-57|CG1295354|-24|-57|CG1295354|-24|-57|CG1295354|-24|-57|CG1295353|-23|-57|CG1295350|-21|-56|CG1295351|-26|-56|CG1295352|-27|-56|CG1295351|-26|-56|CG1295350|-21|-56|CG1295351|-26|-56|CG1295352|-27|-56|CG1295351|-26|-56|CG1295350|-21|-56|CG1295353|-23|-57|CG1295354|-24|-57|CG1295354|-24|-57|CG1295354|-24|-57|CG1295353|-23|-57|CG1295350|-21|-56|CG1295353|-23|-57|CG1295354|-24|-57|CG1295354|-24|-57|CG1295354|-24|-57|CG1295354|-24|-57|CG1295353|-23|-57|CG1295350|-21|-56|CG1295351|-26|-56|CG1295352|-27|-56|CG1295351|-26|-56|CG1295350|-21|-56|CG1295351|-26|-56|CG1295352|-27|-56|CG1295351|-26|-56
699|4|1|1000|6|CG1295357|-23|-53|CG1295358|-21|-57|CG1295359|-16|-55|CG1295360|-19|-53|CG1295361|-17|-57|CG1295362|-21|-55
699|4|2|600|5|CG1325581|-118|-123|CG1325582|-92|-162|CG1325583|-82|-152|CG1325584|-98|-119|CG1325585|-112|-122
699|4|3|510|6|CG1295320|-30|-51|CG1295321|-28|-47|CG1295322|-19|-48|CG1295323|-23|-52|CG1295324|-16|-48|CG1295325|-27|-48
699|4|4|
699|4|5|1000|16|CG1295312|-28|-54|CG1295312|-28|-54|CG1295313|-31|-46|CG1295313|-31|-46|CG1295314|-11|-71|CG1295314|-11|-71|CG1295315|-34|-74|CG1295315|-34|-74|CG1295316|-4|-62|CG1295316|-4|-62|CG1295317|4|-41|CG1295317|4|-41|CG1295318|-1|-33|CG1295318|-1|-33|CG1295319|-8|-42|CG1295319|-8|-42
699|4|6|2091|24|CG1295339|-26|-50|CG1295339|-26|-50|CG1295340|-29|-58|CG1295340|-29|-58|CG1295341|-33|-44|CG1295341|-33|-44|CG1295342|-39|-46|CG1295342|-39|-46|CG1295343|-39|-38|CG1295343|-39|-38|CG1295343|-39|-38|CG1295343|-39|-38|CG1295343|-39|-38|CG1295343|-39|-38|CG1295344|-40|-48|CG1295345|-40|-50|CG1295346|-40|-50|CG1295346|-40|-50|CG1295346|-40|-50|CG1295346|-40|-50|CG1295345|-40|-50|CG1295345|-40|-50|CG1295344|-40|-48|CG1295344|-40|-48
699|4|7|1394|13|CG1294877|-14|-56|CG1294877|-14|-56|CG1294878|-14|-53|CG1294878|-14|-53|CG1294879|-13|-55|CG1294879|-13|-55|CG1294880|-8|-48|CG1294881|-11|-57|CG1294882|-28|-57|CG1294883|-30|-59|CG1294883|-30|-59|CG1294884|-20|-55|CG1294884|-20|-55
699|4|8|1000|2|CG1295334|-15|-45|CG1295335|-42|-50
699|4|9|1000|1|CG1295336|-22|-43
699|4|10|1190|6|CG1295328|-24|-57|CG1295329|-26|-56|CG1295330|-32|-44|CG1295331|-15|-24|CG1295332|-16|-23|CG1295333|-16|-17
699|5|0|6086|40|CG1295403|-26|-56|CG1295404|-31|-56|CG1295405|-36|-56|CG1295404|-31|-56|CG1295403|-26|-56|CG1295406|-28|-57|CG1295407|-34|-57|CG1295407|-34|-57|CG1295407|-34|-57|CG1295407|-34|-57|CG1295406|-28|-57|CG1295403|-26|-56|CG1295404|-31|-56|CG1295405|-36|-56|CG1295404|-31|-56|CG1295403|-26|-56|CG1295404|-31|-56|CG1295405|-36|-56|CG1295404|-31|-56|CG1295403|-26|-56|CG1295406|-28|-57|CG1295407|-34|-57|CG1295407|-34|-57|CG1295407|-34|-57|CG1295406|-28|-57|CG1295403|-26|-56|CG1295406|-28|-57|CG1295407|-34|-57|CG1295407|-34|-57|CG1295407|-34|-57|CG1295407|-34|-57|CG1295406|-28|-57|CG1295403|-26|-56|CG1295404|-31|-56|CG1295405|-36|-56|CG1295404|-31|-56|CG1295403|-26|-56|CG1295404|-31|-56|CG1295405|-36|-56|CG1295404|-31|-56
699|5|1|1000|6|CG1295410|-26|-53|CG1295411|-24|-57|CG1295412|-24|-55|CG1295413|-22|-53|CG1295414|-23|-57|CG1295415|-23|-55
699|5|2|600|5|CG1325637|-87|-102|CG1325638|-101|-134|CG1325639|-81|-118|CG1325640|-146|-102|CG1325641|-132|-115
699|5|3|510|6|CG1295373|-44|-50|CG1295374|-34|-46|CG1295375|-19|-47|CG1295376|-13|-50|CG1295377|-18|-45|CG1295378|-31|-46
699|5|4|
699|5|5|1000|16|CG1295365|-27|-53|CG1295365|-27|-53|CG1295366|-37|-42|CG1295366|-37|-42|CG1295367|-27|-74|CG1295367|-27|-74|CG1295368|-20|-73|CG1295368|-20|-73|CG1295369|-24|-57|CG1295369|-24|-57|CG1295370|-25|-37|CG1295370|-25|-37|CG1295371|-21|-29|CG1295371|-21|-29|CG1295372|-16|-38|CG1295372|-16|-38
699|5|6|2091|24|CG1295392|-29|-49|CG1295392|-29|-49|CG1295393|-38|-58|CG1295393|-38|-58|CG1295394|-44|-47|CG1295394|-44|-47|CG1295395|-49|-47|CG1295395|-49|-47|CG1295396|-49|-38|CG1295396|-49|-38|CG1295396|-49|-38|CG1295396|-49|-38|CG1295396|-49|-38|CG1295396|-49|-38|CG1295397|-50|-50|CG1295398|-50|-53|CG1295399|-50|-54|CG1295399|-50|-54|CG1295399|-50|-54|CG1295399|-50|-54|CG1295398|-50|-53|CG1295398|-50|-53|CG1295397|-50|-50|CG1295397|-50|-50
699|5|7|1394|13|CG1294945|-15|-56|CG1294945|-15|-56|CG1294946|-15|-52|CG1294946|-15|-52|CG1294947|-15|-55|CG1294947|-15|-55|CG1294948|-14|-45|CG1294949|-26|-54|CG1294950|-20|-54|CG1294951|-31|-58|CG1294951|-31|-58|CG1294952|-28|-55|CG1294952|-28|-55
699|5|8|1000|2|CG1295387|-24|-43|CG1295388|-32|-55
699|5|9|1000|1|CG1295389|-36|-42
699|5|10|1190|6|CG1295381|-27|-57|CG1295382|-45|-57|CG1295383|-58|-40|CG1295384|-46|-20|CG1295385|-48|-19|CG1295386|-48|-15
699|6|0|6086|40|CG1295456|-42|-56|CG1295457|-44|-56|CG1295458|-44|-56|CG1295457|-44|-56|CG1295456|-42|-56|CG1295459|-45|-57|CG1295460|-48|-57|CG1295460|-48|-57|CG1295460|-48|-57|CG1295460|-48|-57|CG1295459|-45|-57|CG1295456|-42|-56|CG1295457|-44|-56|CG1295458|-44|-56|CG1295457|-44|-56|CG1295456|-42|-56|CG1295457|-44|-56|CG1295458|-44|-56|CG1295457|-44|-56|CG1295456|-42|-56|CG1295459|-45|-57|CG1295460|-48|-57|CG1295460|-48|-57|CG1295460|-48|-57|CG1295459|-45|-57|CG1295456|-42|-56|CG1295459|-45|-57|CG1295460|-48|-57|CG1295460|-48|-57|CG1295460|-48|-57|CG1295460|-48|-57|CG1295459|-45|-57|CG1295456|-42|-56|CG1295457|-44|-56|CG1295458|-44|-56|CG1295457|-44|-56|CG1295456|-42|-56|CG1295457|-44|-56|CG1295458|-44|-56|CG1295457|-44|-56
699|6|1|1000|6|CG1295463|-40|-53|CG1295464|-41|-57|CG1295465|-39|-55|CG1295466|-38|-53|CG1295467|-39|-57|CG1295468|-40|-55
699|6|2|600|5|CG1325693|-56|-115|CG1325694|-66|-158|CG1325695|-93|-143|CG1325696|-109|-126|CG1325697|-81|-115
699|6|3|510|6|CG1295426|-40|-52|CG1295427|-42|-48|CG1295428|-23|-48|CG1295429|-20|-51|CG1295430|-22|-47|CG1295431|-40|-48
699|6|4|
699|6|5|1000|16|CG1295418|-36|-54|CG1295418|-36|-54|CG1295419|-34|-44|CG1295419|-34|-44|CG1295420|-33|-79|CG1295420|-33|-79|CG1295421|-29|-75|CG1295421|-29|-75|CG1295422|-57|-69|CG1295422|-57|-69|CG1295423|-62|-40|CG1295423|-62|-40|CG1295424|-59|-33|CG1295424|-59|-33|CG1295425|-35|-41|CG1295425|-35|-41
699|6|6|2091|24|CG1295445|-39|-50|CG1295445|-39|-50|CG1295446|-44|-58|CG1295446|-44|-58|CG1295447|-34|-61|CG1295447|-34|-61|CG1295448|-38|-46|CG1295448|-38|-46|CG1295449|-39|-38|CG1295449|-39|-38|CG1295449|-39|-38|CG1295449|-39|-38|CG1295449|-39|-38|CG1295449|-39|-38|CG1295450|-39|-48|CG1295451|-39|-50|CG1295452|-38|-50|CG1295452|-38|-50|CG1295452|-38|-50|CG1295452|-38|-50|CG1295451|-39|-50|CG1295451|-39|-50|CG1295450|-39|-48|CG1295450|-39|-48
699|6|7|1394|13|CG1295013|-24|-56|CG1295013|-24|-56|CG1295014|-23|-53|CG1295014|-23|-53|CG1295015|-24|-55|CG1295015|-24|-55|CG1295016|-26|-47|CG1295017|-30|-51|CG1295018|-22|-50|CG1295019|-26|-56|CG1295019|-26|-56|CG1295020|-25|-55|CG1295020|-25|-55
699|6|8|1000|2|CG1295440|-38|-44|CG1295441|-30|-50
699|6|9|1000|1|CG1295442|-34|-56
699|6|10|1190|6|CG1295434|-36|-57|CG1295435|-48|-57|CG1295436|-55|-52|CG1295437|-69|-24|CG1295438|-68|-23|CG1295439|-69|-18
699|7|0|6086|40|CG1295509|-42|-56|CG1295510|-35|-56|CG1295511|-30|-56|CG1295510|-35|-56|CG1295509|-42|-56|CG1295512|-40|-57|CG1295513|-38|-57|CG1295513|-38|-57|CG1295513|-38|-57|CG1295513|-38|-57|CG1295512|-40|-57|CG1295509|-42|-56|CG1295510|-35|-56|CG1295511|-30|-56|CG1295510|-35|-56|CG1295509|-42|-56|CG1295510|-35|-56|CG1295511|-30|-56|CG1295510|-35|-56|CG1295509|-42|-56|CG1295512|-40|-57|CG1295513|-38|-57|CG1295513|-38|-57|CG1295513|-38|-57|CG1295512|-40|-57|CG1295509|-42|-56|CG1295512|-40|-57|CG1295513|-38|-57|CG1295513|-38|-57|CG1295513|-38|-57|CG1295513|-38|-57|CG1295512|-40|-57|CG1295509|-42|-56|CG1295510|-35|-56|CG1295511|-30|-56|CG1295510|-35|-56|CG1295509|-42|-56|CG1295510|-35|-56|CG1295511|-30|-56|CG1295510|-35|-56
699|7|1|1000|6|CG1295516|-33|-53|CG1295517|-38|-57|CG1295518|-44|-55|CG1295519|-46|-54|CG1295520|-44|-57|CG1295521|-37|-55
699|7|2|600|5|CG1325749|-65|-111|CG1325750|-73|-164|CG1325751|-68|-170|CG1325752|-60|-150|CG1325753|-60|-127
699|7|3|510|6|CG1295479|-28|-55|CG1295480|-33|-52|CG1295481|-32|-52|CG1295482|-25|-54|CG1295483|-32|-51|CG1295484|-34|-52
699|7|4|
699|7|5|1000|16|CG1295471|-32|-55|CG1295471|-32|-55|CG1295472|-27|-46|CG1295472|-27|-46|CG1295473|-28|-82|CG1295473|-28|-82|CG1295474|-31|-79|CG1295474|-31|-79|CG1295475|-63|-90|CG1295475|-63|-90|CG1295476|-79|-47|CG1295476|-79|-47|CG1295477|-77|-47|CG1295477|-77|-47|CG1295478|-55|-49|CG1295478|-55|-49
699|7|6|2091|24|CG1295498|-33|-52|CG1295498|-33|-52|CG1295499|-33|-64|CG1295499|-33|-64|CG1295500|-13|-69|CG1295500|-13|-69|CG1295501|-11|-42|CG1295501|-11|-42|CG1295502|-13|-38|CG1295502|-13|-38|CG1295502|-13|-38|CG1295502|-13|-38|CG1295502|-13|-38|CG1295502|-13|-38|CG1295503|-12|-43|CG1295504|-10|-42|CG1295505|-10|-41|CG1295505|-10|-41|CG1295505|-10|-41|CG1295505|-10|-41|CG1295504|-10|-42|CG1295504|-10|-42|CG1295503|-12|-43|CG1295503|-12|-43
699|7|7|1394|13|CG1295081|-28|-56|CG1295081|-28|-56|CG1295082|-27|-55|CG1295082|-27|-55|CG1295083|-28|-56|CG1295083|-28|-56|CG1295084|-31|-52|CG1295085|-33|-51|CG1295086|-33|-47|CG1295087|-30|-55|CG1295087|-30|-55|CG1295088|-17|-56|CG1295088|-17|-56
699|7|8|1000|2|CG1295493|-40|-48|CG1295494|-13|-44
699|7|9|1000|1|CG1295495|-23|-64
699|7|10|1190|6|CG1295487|-38|-57|CG1295488|-25|-55|CG1295489|-37|-68|CG1295490|-58|-45|CG1295491|-58|-28|CG1295492|-59|-29
