724|0|0|1088|4|CG1305808|-25|-71|CG1305809|-27|-71|CG1305810|-28|-71|CG1305811|-27|-71
724|0|1|799|6|CG1305814|-21|-69|CG1305815|-19|-71|CG1305816|-23|-71|CG1305817|-29|-69|CG1305818|-28|-70|CG1305819|-23|-70
724|0|2|600|5|CG1325357|-54|-113|CG1325358|-66|-144|CG1325359|-95|-176|CG1325360|-103|-137|CG1325361|-78|-106
724|0|3|493|6|CG1305780|-24|-71|CG1305781|-20|-73|CG1305782|-16|-73|CG1305783|-21|-71|CG1305784|-23|-73|CG1305785|-27|-73
724|0|4|
724|0|5|986|9|CG1305772|-23|-83|CG1305772|-23|-83|CG1305773|-19|-75|CG1305774|-49|-62|CG1305775|-62|-62|CG1305776|-62|-66|CG1305777|-73|-68|CG1305778|-64|-66|CG1305779|-29|-78
724|0|6|2295|25|CG1305799|-29|-88|CG1305800|-37|-68|CG1305801|-41|-77|CG1305802|-18|-104|CG1305803|-25|-102|CG1305804|-29|-101|CG1305803|-25|-102|CG1305804|-29|-101|CG1305803|-25|-102|CG1305804|-29|-101|CG1305803|-25|-102|CG1305804|-29|-101|CG1305803|-25|-102|CG1305804|-29|-101|CG1305803|-25|-102|CG1305804|-29|-101|CG1305803|-25|-102|CG1305804|-29|-101|CG1305803|-25|-102|CG1305804|-29|-101|CG1305803|-25|-102|CG1305804|-29|-101|CG1305803|-25|-102|CG1305802|-18|-104|CG1305801|-41|-77
724|0|7|799|6|CG1304914|-16|-67|CG1304915|-20|-61|CG1304916|-23|-64|CG1304917|-21|-75|CG1304918|-26|-79|CG1304919|-32|-72
724|0|8|1000|2|CG1305794|-50|-71|CG1305795|-9|-87
724|0|9|1000|1|CG1305796|-41|-60
724|0|10|799|6|CG1305788|-48|-70|CG1305789|-59|-69|CG1305790|-75|-81|CG1305791|-96|-67|CG1305792|-105|-62|CG1305793|-115|-57
724|1|0|1088|4|CG1305858|-14|-70|CG1305859|-14|-70|CG1305860|-15|-70|CG1305861|-14|-70
724|1|1|799|6|CG1305864|-13|-69|CG1305865|-16|-70|CG1305866|-18|-70|CG1305867|-18|-69|CG1305868|-21|-70|CG1305869|-16|-70
724|1|2|600|5|CG1325413|-100|-113|CG1325414|-102|-107|CG1325415|-90|-159|CG1325416|-142|-98|CG1325417|-131|-103
724|1|3|493|6|CG1305830|-21|-71|CG1305831|-21|-73|CG1305832|-22|-73|CG1305833|-22|-71|CG1305834|-25|-73|CG1305835|-20|-73
724|1|4|
724|1|5|986|9|CG1305822|-27|-68|CG1305822|-27|-68|CG1305823|-29|-70|CG1305824|-17|-63|CG1305825|-23|-64|CG1305826|-17|-79|CG1305827|-17|-80|CG1305828|-17|-79|CG1305829|-28|-70
724|1|6|2295|25|CG1305849|-49|-86|CG1305850|-48|-67|CG1305851|-25|-86|CG1305852|-23|-101|CG1305853|-19|-104|CG1305854|-19|-103|CG1305853|-19|-104|CG1305854|-19|-103|CG1305853|-19|-104|CG1305854|-19|-103|CG1305853|-19|-104|CG1305854|-19|-103|CG1305853|-19|-104|CG1305854|-19|-103|CG1305853|-19|-104|CG1305854|-19|-103|CG1305853|-19|-104|CG1305854|-19|-103|CG1305853|-19|-104|CG1305854|-19|-103|CG1305853|-19|-104|CG1305854|-19|-103|CG1305853|-19|-104|CG1305852|-23|-101|CG1305851|-25|-86
724|1|7|799|6|CG1304977|-16|-66|CG1304978|-19|-61|CG1304979|-21|-64|CG1304980|-27|-77|CG1304981|-25|-82|CG1304982|-28|-75
724|1|8|1000|2|CG1305844|-26|-80|CG1305845|-35|-87
724|1|9|1000|1|CG1305846|-31|-67
724|1|10|799|6|CG1305838|-25|-70|CG1305839|-29|-72|CG1305840|-29|-96|CG1305841|-40|-86|CG1305842|-56|-68|CG1305843|-57|-65
724|2|0|1088|4|CG1305908|-27|-71|CG1305909|-26|-71|CG1305910|-25|-71|CG1305911|-26|-71
724|2|1|799|6|CG1305914|-31|-69|CG1305915|-28|-70|CG1305916|-25|-70|CG1305917|-23|-69|CG1305918|-25|-71|CG1305919|-28|-71
724|2|2|600|5|CG1325469|-119|-113|CG1325470|-90|-142|CG1325471|-82|-174|CG1325472|-99|-116|CG1325473|-109|-103
724|2|3|493|6|CG1305880|-31|-71|CG1305881|-29|-73|CG1305882|-29|-73|CG1305883|-28|-71|CG1305884|-28|-73|CG1305885|-28|-73
724|2|4|
724|2|5|986|9|CG1305872|-22|-68|CG1305872|-22|-68|CG1305873|-30|-66|CG1305874|-32|-62|CG1305875|-30|-62|CG1305876|-21|-68|CG1305877|-20|-71|CG1305878|-21|-68|CG1305879|-21|-65
724|2|6|2295|25|CG1305899|-45|-74|CG1305900|-37|-78|CG1305901|-22|-88|CG1305902|-28|-95|CG1305903|-30|-100|CG1305904|-31|-98|CG1305903|-30|-100|CG1305904|-31|-98|CG1305903|-30|-100|CG1305904|-31|-98|CG1305903|-30|-100|CG1305904|-31|-98|CG1305903|-30|-100|CG1305904|-31|-98|CG1305903|-30|-100|CG1305904|-31|-98|CG1305903|-30|-100|CG1305904|-31|-98|CG1305903|-30|-100|CG1305904|-31|-98|CG1305903|-30|-100|CG1305904|-31|-98|CG1305903|-30|-100|CG1305902|-28|-95|CG1305901|-22|-88
724|2|7|799|6|CG1305040|-23|-66|CG1305041|-24|-62|CG1305042|-22|-62|CG1305043|-20|-78|CG1305044|-21|-80|CG1305045|-20|-74
724|2|8|1000|2|CG1305894|-22|-79|CG1305895|-45|-98
724|2|9|1000|1|CG1305896|-26|-72
724|2|10|799|6|CG1305888|-25|-70|CG1305889|-26|-69|CG1305890|-8|-92|CG1305891|-1|-84|CG1305892|1|-69|CG1305893|-3|-62
724|3|0|1088|4|CG1305958|-41|-70|CG1305959|-41|-71|CG1305960|-41|-70|CG1305961|-41|-71
724|3|1|799|6|CG1305964|-40|-69|CG1305965|-41|-69|CG1305966|-41|-69|CG1305967|-39|-69|CG1305968|-41|-70|CG1305969|-41|-70
724|3|2|600|5|CG1325525|-125|-117|CG1325526|-119|-165|CG1325527|-116|-175|CG1325528|-58|-136|CG1325529|-81|-129
724|3|3|493|6|CG1305930|-43|-70|CG1305931|-44|-71|CG1305932|-43|-72|CG1305933|-41|-72|CG1305934|-44|-72|CG1305935|-44|-72
724|3|4|
724|3|5|986|9|CG1305922|-22|-68|CG1305922|-22|-68|CG1305923|-22|-66|CG1305924|-31|-59|CG1305925|-30|-58|CG1305926|-20|-62|CG1305927|-19|-62|CG1305928|-20|-62|CG1305929|-21|-61
724|3|6|2295|25|CG1305949|-30|-68|CG1305950|-30|-81|CG1305951|-22|-82|CG1305952|-29|-87|CG1305953|-34|-93|CG1305954|-36|-90|CG1305953|-34|-93|CG1305954|-36|-90|CG1305953|-34|-93|CG1305954|-36|-90|CG1305953|-34|-93|CG1305954|-36|-90|CG1305953|-34|-93|CG1305954|-36|-90|CG1305953|-34|-93|CG1305954|-36|-90|CG1305953|-34|-93|CG1305954|-36|-90|CG1305953|-34|-93|CG1305954|-36|-90|CG1305953|-34|-93|CG1305954|-36|-90|CG1305953|-34|-93|CG1305952|-29|-87|CG1305951|-22|-82
724|3|7|799|6|CG1305103|-26|-68|CG1305104|-39|-63|CG1305105|-34|-61|CG1305106|-17|-75|CG1305107|-14|-77|CG1305108|-18|-71
724|3|8|1000|2|CG1305944|-21|-68|CG1305945|-55|-109
724|3|9|1000|1|CG1305946|-33|-67
724|3|10|799|6|CG1305938|-30|-68|CG1305939|-31|-66|CG1305940|-1|-71|CG1305941|11|-58|CG1305942|11|-43|CG1305943|11|-35
724|4|0|1088|4|CG1306008|-32|-72|CG1306009|-33|-72|CG1306010|-34|-72|CG1306011|-33|-72
724|4|1|799|6|CG1306014|-27|-71|CG1306015|-31|-71|CG1306016|-34|-71|CG1306017|-33|-71|CG1306018|-33|-72|CG1306019|-31|-72
724|4|2|600|5|CG1325581|-118|-123|CG1325582|-92|-162|CG1325583|-82|-152|CG1325584|-98|-119|CG1325585|-112|-122
724|4|3|493|6|CG1305980|-31|-72|CG1305981|-35|-73|CG1305982|-34|-75|CG1305983|-33|-75|CG1305984|-35|-75|CG1305985|-35|-73
724|4|4|
724|4|5|986|9|CG1305972|-33|-70|CG1305972|-33|-70|CG1305973|-16|-66|CG1305974|-14|-58|CG1305975|-14|-56|CG1305976|-17|-61|CG1305977|-12|-57|CG1305978|-11|-58|CG1305979|-12|-58
724|4|6|2295|25|CG1305999|-26|-70|CG1306000|-24|-77|CG1306001|-34|-71|CG1306002|-26|-82|CG1306003|-29|-87|CG1306004|-30|-80|CG1306003|-29|-87|CG1306004|-30|-80|CG1306003|-29|-87|CG1306004|-30|-80|CG1306003|-29|-87|CG1306004|-30|-80|CG1306003|-29|-87|CG1306004|-30|-80|CG1306003|-29|-87|CG1306004|-30|-80|CG1306003|-29|-87|CG1306004|-30|-80|CG1306003|-29|-87|CG1306004|-30|-80|CG1306003|-29|-87|CG1306004|-30|-80|CG1306003|-29|-87|CG1306002|-26|-82|CG1306001|-34|-71
724|4|7|799|6|CG1305166|-24|-71|CG1305167|-34|-66|CG1305168|-32|-64|CG1305169|-20|-72|CG1305170|-12|-75|CG1305171|-17|-70
724|4|8|1000|2|CG1305994|-33|-66|CG1305995|-46|-114
724|4|9|1000|1|CG1305996|-43|-63
724|4|10|799|6|CG1305988|-41|-67|CG1305989|-35|-62|CG1305990|-6|-47|CG1305991|3|-19|CG1305992|4|-14|CG1305993|5|-8
724|5|0|1088|4|CG1306058|-32|-73|CG1306059|-32|-73|CG1306060|-30|-73|CG1306061|-32|-73
724|5|1|799|6|CG1306064|-36|-71|CG1306065|-36|-72|CG1306066|-36|-72|CG1306067|-26|-71|CG1306068|-27|-72|CG1306069|-35|-72
724|5|2|600|5|CG1325637|-87|-102|CG1325638|-101|-134|CG1325639|-81|-118|CG1325640|-146|-102|CG1325641|-132|-115
724|5|3|493|6|CG1306030|-40|-71|CG1306031|-42|-72|CG1306032|-44|-73|CG1306033|-41|-74|CG1306034|-36|-74|CG1306035|-34|-72
724|5|4|
724|5|5|986|9|CG1306022|-57|-70|CG1306022|-57|-70|CG1306023|-45|-66|CG1306024|-18|-57|CG1306025|-19|-55|CG1306026|-20|-62|CG1306027|-22|-55|CG1306028|-14|-56|CG1306029|-53|-56
724|5|6|2295|25|CG1306049|-25|-70|CG1306050|-44|-69|CG1306051|-35|-66|CG1306052|-30|-84|CG1306053|-21|-85|CG1306054|-22|-77|CG1306053|-21|-85|CG1306054|-22|-77|CG1306053|-21|-85|CG1306054|-22|-77|CG1306053|-21|-85|CG1306054|-22|-77|CG1306053|-21|-85|CG1306054|-22|-77|CG1306053|-21|-85|CG1306054|-22|-77|CG1306053|-21|-85|CG1306054|-22|-77|CG1306053|-21|-85|CG1306054|-22|-77|CG1306053|-21|-85|CG1306054|-22|-77|CG1306053|-21|-85|CG1306052|-30|-84|CG1306051|-35|-66
724|5|7|799|6|CG1305229|-18|-73|CG1305230|-16|-67|CG1305231|-24|-64|CG1305232|-22|-70|CG1305233|-19|-73|CG1305234|-14|-68
724|5|8|1000|2|CG1306044|-38|-64|CG1306045|-27|-112
724|5|9|1000|1|CG1306046|-48|-66
724|5|10|799|6|CG1306038|-34|-68|CG1306039|-50|-69|CG1306040|-45|-45|CG1306041|-49|-16|CG1306042|-49|-5|CG1306043|-49|0
724|6|0|1088|4|CG1306108|-56|-72|CG1306109|-55|-72|CG1306110|-53|-72|CG1306111|-55|-72
724|6|1|799|6|CG1306114|-60|-71|CG1306115|-59|-72|CG1306116|-58|-72|CG1306117|-57|-71|CG1306118|-57|-71|CG1306119|-59|-71
724|6|2|600|5|CG1325693|-56|-115|CG1325694|-66|-158|CG1325695|-93|-143|CG1325696|-109|-126|CG1325697|-81|-115
724|6|3|493|6|CG1306080|-58|-72|CG1306081|-59|-73|CG1306082|-60|-74|CG1306083|-60|-74|CG1306084|-56|-74|CG1306085|-56|-73
724|6|4|
724|6|5|986|9|CG1306072|-50|-73|CG1306072|-50|-73|CG1306073|-62|-65|CG1306074|-49|-58|CG1306075|-43|-56|CG1306076|-67|-60|CG1306077|-79|-56|CG1306078|-71|-57|CG1306079|-72|-57
724|6|6|2295|25|CG1306099|-46|-70|CG1306100|-53|-68|CG1306101|-23|-67|CG1306102|-37|-94|CG1306103|-29|-89|CG1306104|-28|-83|CG1306103|-29|-89|CG1306104|-28|-83|CG1306103|-29|-89|CG1306104|-28|-83|CG1306103|-29|-89|CG1306104|-28|-83|CG1306103|-29|-89|CG1306104|-28|-83|CG1306103|-29|-89|CG1306104|-28|-83|CG1306103|-29|-89|CG1306104|-28|-83|CG1306103|-29|-89|CG1306104|-28|-83|CG1306103|-29|-89|CG1306104|-28|-83|CG1306103|-29|-89|CG1306102|-37|-94|CG1306101|-23|-67
724|6|7|799|6|CG1305292|-12|-72|CG1305293|-13|-65|CG1305294|-19|-66|CG1305295|-36|-68|CG1305296|-25|-72|CG1305297|-26|-68
724|6|8|1000|2|CG1306094|-37|-65|CG1306095|-27|-105
724|6|9|1000|1|CG1306096|-27|-65
724|6|10|799|6|CG1306088|-59|-67|CG1306089|-45|-69|CG1306090|-63|-50|CG1306091|-89|-30|CG1306092|-95|-15|CG1306093|-95|-7
724|7|0|1088|4|CG1306158|-53|-70|CG1306159|-53|-71|CG1306160|-53|-70|CG1306161|-53|-71
724|7|1|799|6|CG1306164|-52|-69|CG1306165|-49|-70|CG1306166|-52|-70|CG1306167|-57|-69|CG1306168|-55|-69|CG1306169|-52|-69
724|7|2|600|5|CG1325749|-65|-111|CG1325750|-73|-164|CG1325751|-68|-170|CG1325752|-60|-150|CG1325753|-60|-127
724|7|3|493|6|CG1306130|-46|-70|CG1306131|-45|-71|CG1306132|-44|-72|CG1306133|-49|-71|CG1306134|-48|-71|CG1306135|-48|-71
724|7|4|
724|7|5|986|9|CG1306122|-23|-85|CG1306122|-23|-85|CG1306123|-48|-64|CG1306124|-64|-59|CG1306125|-70|-58|CG1306126|-90|-61|CG1306127|-102|-61|CG1306128|-90|-61|CG1306129|-54|-67
724|7|6|2295|25|CG1306149|-40|-79|CG1306150|-32|-67|CG1306151|-43|-66|CG1306152|-26|-102|CG1306153|-33|-98|CG1306154|-35|-93|CG1306153|-33|-98|CG1306154|-35|-93|CG1306153|-33|-98|CG1306154|-35|-93|CG1306153|-33|-98|CG1306154|-35|-93|CG1306153|-33|-98|CG1306154|-35|-93|CG1306153|-33|-98|CG1306154|-35|-93|CG1306153|-33|-98|CG1306154|-35|-93|CG1306153|-33|-98|CG1306154|-35|-93|CG1306153|-33|-98|CG1306154|-35|-93|CG1306153|-33|-98|CG1306152|-26|-102|CG1306151|-43|-66
724|7|7|799|6|CG1305355|-16|-69|CG1305356|-22|-62|CG1305357|-24|-64|CG1305358|-37|-71|CG1305359|-29|-72|CG1305360|-31|-68
724|7|8|1000|2|CG1306144|-56|-67|CG1306145|-12|-95
724|7|9|1000|1|CG1306146|-33|-63
724|7|10|799|6|CG1306138|-67|-68|CG1306139|-65|-66|CG1306140|-86|-57|CG1306141|-106|-53|CG1306142|-108|-39|CG1306143|-121|-34
