736|0|0|1088|6|CG1311157|-49|-75|CG1311158|-50|-74|CG1311159|-50|-74|CG1311160|-50|-74|CG1311161|-49|-74|CG1311162|-49|-74
736|0|1|1000|6|CG1311165|-28|-71|CG1311166|-25|-71|CG1311167|-22|-71|CG1311168|-20|-70|CG1311169|-19|-71|CG1311170|-23|-72
736|0|2|600|5|CG1325357|-54|-113|CG1325358|-66|-144|CG1325359|-95|-176|CG1325360|-103|-137|CG1325361|-78|-106
736|0|3|986|8|CG1311127|-26|-72|CG1311128|-23|-75|CG1311129|-23|-78|CG1311130|-23|-73|CG1311131|-15|-72|CG1311132|-16|-76|CG1311133|-15|-79|CG1311134|-14|-82
736|0|4|
736|0|5|799|19|CG1311116|-21|-75|CG1311116|-21|-75|CG1311119|-22|-80|CG1311119|-22|-80|CG1311120|-48|-88|CG1311120|-48|-88|CG1311121|-51|-89|CG1311121|-51|-89|CG1311122|-44|-82|CG1311123|-32|-82|CG1311124|-33|-80|CG1311125|-16|-77|CG1311125|-16|-77|CG1311126|-20|-79|CG1311126|-20|-79|CG1311117|-16|-78|CG1311117|-16|-78|CG1311118|-15|-76|CG1311118|-15|-76
736|0|6|2397|18|CG1311148|-19|-78|CG1311149|-16|-72|CG1311150|-14|-74|CG1311151|-14|-84|CG1311152|-16|-92|CG1311153|-20|-88|CG1311148|-19|-78|CG1311149|-16|-72|CG1311150|-14|-74|CG1311151|-14|-84|CG1311152|-16|-92|CG1311153|-20|-88|CG1311148|-19|-78|CG1311149|-16|-72|CG1311150|-14|-74|CG1311151|-14|-84|CG1311152|-16|-92|CG1311153|-20|-88
736|0|7|1326|16|CG1310114|-15|-75|CG1310114|-15|-75|CG1310116|-17|-76|CG1310117|-16|-77|CG1310118|-20|-80|CG1310118|-20|-80|CG1310119|-29|-84|CG1310119|-29|-84|CG1310120|-36|-82|CG1310120|-36|-82|CG1310121|-25|-79|CG1310121|-25|-79|CG1310122|-15|-74|CG1310122|-15|-74|CG1310123|-16|-74|CG1310123|-16|-74
736|0|8|1000|2|CG1311143|-19|-69|CG1311144|-22|-47
736|0|9|1000|1|CG1311145|-22|-71
736|0|10|1000|6|CG1311137|-14|-70|CG1311138|-21|-75|CG1311139|-25|-78|CG1311140|-27|-77|CG1311141|-29|-59|CG1311142|-23|-48
736|1|0|1088|6|CG1311214|-26|-74|CG1311215|-27|-73|CG1311216|-26|-73|CG1311217|-22|-74|CG1311218|-22|-74|CG1311219|-24|-74
736|1|1|1000|6|CG1311222|-13|-70|CG1311223|-13|-71|CG1311224|-14|-71|CG1311225|-15|-70|CG1311226|-14|-71|CG1311227|-13|-71
736|1|2|600|5|CG1325413|-100|-113|CG1325414|-102|-107|CG1325415|-90|-159|CG1325416|-142|-98|CG1325417|-131|-103
736|1|3|986|8|CG1311184|-26|-73|CG1311185|-25|-75|CG1311186|-26|-77|CG1311187|-18|-73|CG1311188|-28|-73|CG1311189|-17|-75|CG1311190|-18|-77|CG1311191|-21|-73
736|1|4|
736|1|5|799|19|CG1311173|-16|-76|CG1311173|-16|-76|CG1311176|-17|-82|CG1311176|-17|-82|CG1311177|-41|-89|CG1311177|-41|-89|CG1311178|-41|-90|CG1311178|-41|-90|CG1311179|-50|-82|CG1311180|-23|-80|CG1311181|-18|-79|CG1311182|-18|-77|CG1311182|-18|-77|CG1311183|-38|-79|CG1311183|-38|-79|CG1311174|-12|-78|CG1311174|-12|-78|CG1311175|-12|-75|CG1311175|-12|-75
736|1|6|2397|18|CG1311205|-34|-79|CG1311206|-33|-70|CG1311207|-19|-72|CG1311208|-20|-80|CG1311209|-23|-86|CG1311210|-29|-88|CG1311205|-34|-79|CG1311206|-33|-70|CG1311207|-19|-72|CG1311208|-20|-80|CG1311209|-23|-86|CG1311210|-29|-88|CG1311205|-34|-79|CG1311206|-33|-70|CG1311207|-19|-72|CG1311208|-20|-80|CG1311209|-23|-86|CG1311210|-29|-88
736|1|7|1326|16|CG1310189|-11|-75|CG1310189|-11|-75|CG1310191|-11|-75|CG1310192|-24|-75|CG1310193|-10|-79|CG1310193|-10|-79|CG1310194|-14|-84|CG1310194|-14|-84|CG1310195|-25|-83|CG1310195|-25|-83|CG1310196|-13|-79|CG1310196|-13|-79|CG1310197|-14|-72|CG1310197|-14|-72|CG1310198|-10|-73|CG1310198|-10|-73
736|1|8|1000|2|CG1311200|-12|-69|CG1311201|-17|-42
736|1|9|1000|1|CG1311202|-13|-73
736|1|10|1000|6|CG1311194|-13|-69|CG1311195|-16|-70|CG1311196|-16|-69|CG1311197|-20|-63|CG1311198|-22|-49|CG1311199|-24|-38
736|2|0|1088|6|CG1311271|-12|-73|CG1311272|-12|-72|CG1311273|-12|-72|CG1311274|-13|-72|CG1311275|-13|-72|CG1311276|-13|-72
736|2|1|1000|6|CG1311279|-16|-70|CG1311280|-19|-71|CG1311281|-24|-72|CG1311282|-27|-71|CG1311283|-26|-71|CG1311284|-21|-71
736|2|2|600|5|CG1325469|-119|-113|CG1325470|-90|-142|CG1325471|-82|-174|CG1325472|-99|-116|CG1325473|-109|-103
736|2|3|986|8|CG1311241|-27|-72|CG1311242|-29|-76|CG1311243|-28|-79|CG1311244|-30|-73|CG1311245|-29|-72|CG1311246|-30|-75|CG1311247|-34|-78|CG1311248|-32|-73
736|2|4|
736|2|5|799|19|CG1311230|-13|-77|CG1311230|-13|-77|CG1311233|-33|-82|CG1311233|-33|-82|CG1311234|-13|-92|CG1311234|-13|-92|CG1311235|-21|-90|CG1311235|-21|-90|CG1311236|-35|-94|CG1311237|-23|-78|CG1311238|-18|-77|CG1311239|-35|-75|CG1311239|-35|-75|CG1311240|-38|-85|CG1311240|-38|-85|CG1311231|-35|-77|CG1311231|-35|-77|CG1311232|-24|-75|CG1311232|-24|-75
736|2|6|2397|18|CG1311262|-33|-74|CG1311263|-35|-70|CG1311264|-30|-73|CG1311265|-26|-74|CG1311266|-29|-74|CG1311267|-29|-81|CG1311262|-33|-74|CG1311263|-35|-70|CG1311264|-30|-73|CG1311265|-26|-74|CG1311266|-29|-74|CG1311267|-29|-81|CG1311262|-33|-74|CG1311263|-35|-70|CG1311264|-30|-73|CG1311265|-26|-74|CG1311266|-29|-74|CG1311267|-29|-81
736|2|7|1326|16|CG1310264|-10|-74|CG1310264|-10|-74|CG1310266|-12|-74|CG1310267|-20|-73|CG1310268|-8|-77|CG1310268|-8|-77|CG1310269|-9|-80|CG1310269|-9|-80|CG1310270|-12|-79|CG1310270|-12|-79|CG1310271|-8|-77|CG1310271|-8|-77|CG1310272|-14|-70|CG1310272|-14|-70|CG1310273|-10|-71|CG1310273|-10|-71
736|2|8|1000|2|CG1311257|-13|-66|CG1311258|-43|-42
736|2|9|1000|1|CG1311259|-33|-71
736|2|10|1000|6|CG1311251|-13|-65|CG1311252|-16|-62|CG1311253|-16|-59|CG1311254|-22|-41|CG1311255|-23|-32|CG1311256|-24|-19
736|3|0|1088|6|CG1311328|-14|-71|CG1311329|-14|-71|CG1311330|-15|-71|CG1311331|-16|-71|CG1311332|-16|-71|CG1311333|-15|-71
736|3|1|1000|6|CG1311336|-37|-71|CG1311337|-38|-72|CG1311338|-40|-73|CG1311339|-40|-72|CG1311340|-41|-72|CG1311341|-41|-72
736|3|2|600|5|CG1325525|-125|-117|CG1325526|-119|-165|CG1325527|-116|-175|CG1325528|-58|-136|CG1325529|-81|-129
736|3|3|986|8|CG1311298|-29|-73|CG1311299|-49|-78|CG1311300|-56|-82|CG1311301|-28|-75|CG1311302|-31|-73|CG1311303|-29|-77|CG1311304|-35|-80|CG1311305|-28|-75
736|3|4|
736|3|5|799|19|CG1311287|-39|-76|CG1311287|-39|-76|CG1311290|-31|-87|CG1311290|-31|-87|CG1311291|-31|-89|CG1311291|-31|-89|CG1311292|-35|-86|CG1311292|-35|-86|CG1311293|-25|-98|CG1311294|-28|-80|CG1311295|-20|-75|CG1311296|-40|-74|CG1311296|-40|-74|CG1311297|-17|-94|CG1311297|-17|-94|CG1311288|-52|-75|CG1311288|-52|-75|CG1311289|-42|-73|CG1311289|-42|-73
736|3|6|2397|18|CG1311319|-51|-70|CG1311320|-51|-72|CG1311321|-50|-77|CG1311322|-46|-76|CG1311323|-46|-72|CG1311324|-48|-72|CG1311319|-51|-70|CG1311320|-51|-72|CG1311321|-50|-77|CG1311322|-46|-76|CG1311323|-46|-72|CG1311324|-48|-72|CG1311319|-51|-70|CG1311320|-51|-72|CG1311321|-50|-77|CG1311322|-46|-76|CG1311323|-46|-72|CG1311324|-48|-72
736|3|7|1326|16|CG1310339|-26|-71|CG1310339|-26|-71|CG1310341|-16|-72|CG1310342|-15|-72|CG1310343|-14|-74|CG1310343|-14|-74|CG1310344|-9|-74|CG1310344|-9|-74|CG1310345|-9|-73|CG1310345|-9|-73|CG1310346|-10|-72|CG1310346|-10|-72|CG1310347|-14|-68|CG1310347|-14|-68|CG1310348|-15|-69|CG1310348|-15|-69
736|3|8|1000|2|CG1311314|-41|-61|CG1311315|-60|-50
736|3|9|1000|1|CG1311316|-35|-70
736|3|10|1000|6|CG1311308|-28|-64|CG1311309|-18|-56|CG1311310|-17|-53|CG1311311|-16|-33|CG1311312|-16|-22|CG1311313|-19|-19
736|4|0|1088|6|CG1311385|-30|-71|CG1311386|-30|-71|CG1311387|-30|-71|CG1311388|-30|-71|CG1311389|-30|-71|CG1311390|-30|-71
736|4|1|1000|6|CG1311393|-39|-73|CG1311394|-37|-74|CG1311395|-34|-75|CG1311396|-33|-73|CG1311397|-34|-74|CG1311398|-38|-74
736|4|2|600|5|CG1325581|-118|-123|CG1325582|-92|-162|CG1325583|-82|-152|CG1325584|-98|-119|CG1325585|-112|-122
736|4|3|986|8|CG1311355|-43|-73|CG1311356|-65|-80|CG1311357|-66|-85|CG1311358|-59|-76|CG1311359|-43|-73|CG1311360|-37|-79|CG1311361|-33|-83|CG1311362|-34|-76
736|4|4|
736|4|5|799|19|CG1311344|-45|-74|CG1311344|-45|-74|CG1311347|-25|-94|CG1311347|-25|-94|CG1311348|-36|-76|CG1311348|-36|-76|CG1311349|-33|-89|CG1311349|-33|-89|CG1311350|-24|-92|CG1311351|-33|-84|CG1311352|-39|-74|CG1311353|-48|-73|CG1311353|-48|-73|CG1311354|-34|-94|CG1311354|-34|-94|CG1311345|-41|-73|CG1311345|-41|-73|CG1311346|-37|-73|CG1311346|-37|-73
736|4|6|2397|18|CG1311376|-43|-68|CG1311377|-40|-81|CG1311378|-43|-82|CG1311379|-45|-76|CG1311380|-43|-71|CG1311381|-43|-70|CG1311376|-43|-68|CG1311377|-40|-81|CG1311378|-43|-82|CG1311379|-45|-76|CG1311380|-43|-71|CG1311381|-43|-70|CG1311376|-43|-68|CG1311377|-40|-81|CG1311378|-43|-82|CG1311379|-45|-76|CG1311380|-43|-71|CG1311381|-43|-70
736|4|7|1326|16|CG1310414|-30|-70|CG1310414|-30|-70|CG1310416|-21|-71|CG1310417|-17|-72|CG1310418|-20|-70|CG1310418|-20|-70|CG1310419|-15|-70|CG1310419|-15|-70|CG1310420|-18|-69|CG1310420|-18|-69|CG1310421|-20|-68|CG1310421|-20|-68|CG1310422|-22|-68|CG1310422|-22|-68|CG1310423|-18|-69|CG1310423|-18|-69
736|4|8|1000|2|CG1311371|-47|-58|CG1311372|-50|-63
736|4|9|1000|1|CG1311373|-20|-70
736|4|10|1000|6|CG1311365|-33|-64|CG1311366|-38|-56|CG1311367|-27|-55|CG1311368|-32|-33|CG1311369|-29|-20|CG1311370|-24|-17
736|5|0|1088|6|CG1311442|-30|-72|CG1311443|-30|-72|CG1311444|-30|-72|CG1311445|-28|-72|CG1311446|-28|-72|CG1311447|-29|-72
736|5|1|1000|6|CG1311450|-20|-73|CG1311451|-19|-74|CG1311452|-21|-75|CG1311453|-22|-73|CG1311454|-24|-74|CG1311455|-21|-75
736|5|2|600|5|CG1325637|-87|-102|CG1325638|-101|-134|CG1325639|-81|-118|CG1325640|-146|-102|CG1325641|-132|-115
736|5|3|986|8|CG1311412|-57|-74|CG1311413|-51|-80|CG1311414|-43|-85|CG1311415|-62|-77|CG1311416|-59|-74|CG1311417|-64|-80|CG1311418|-62|-85|CG1311419|-59|-77
736|5|4|
736|5|5|799|19|CG1311401|-27|-78|CG1311401|-27|-78|CG1311404|-35|-93|CG1311404|-35|-93|CG1311405|-32|-82|CG1311405|-32|-82|CG1311406|-28|-94|CG1311406|-28|-94|CG1311407|-23|-90|CG1311408|-29|-84|CG1311409|-56|-75|CG1311410|-59|-75|CG1311410|-59|-75|CG1311411|-40|-85|CG1311411|-40|-85|CG1311402|-40|-72|CG1311402|-40|-72|CG1311403|-38|-73|CG1311403|-38|-73
736|5|6|2397|18|CG1311433|-15|-76|CG1311434|-22|-87|CG1311435|-29|-91|CG1311436|-33|-81|CG1311437|-31|-73|CG1311438|-18|-74|CG1311433|-15|-76|CG1311434|-22|-87|CG1311435|-29|-91|CG1311436|-33|-81|CG1311437|-31|-73|CG1311438|-18|-74|CG1311433|-15|-76|CG1311434|-22|-87|CG1311435|-29|-91|CG1311436|-33|-81|CG1311437|-31|-73|CG1311438|-18|-74
736|5|7|1326|16|CG1310489|-20|-70|CG1310489|-20|-70|CG1310491|-26|-72|CG1310492|-30|-73|CG1310493|-28|-71|CG1310493|-28|-71|CG1310494|-34|-70|CG1310494|-34|-70|CG1310495|-29|-68|CG1310495|-29|-68|CG1310496|-30|-67|CG1310496|-30|-67|CG1310497|-28|-69|CG1310497|-28|-69|CG1310498|-20|-70|CG1310498|-20|-70
736|5|8|1000|2|CG1311428|-27|-58|CG1311429|-48|-68
736|5|9|1000|1|CG1311430|-37|-69
736|5|10|1000|6|CG1311422|-29|-65|CG1311423|-42|-58|CG1311424|-48|-63|CG1311425|-60|-44|CG1311426|-66|-30|CG1311427|-58|-16
736|6|0|1088|6|CG1311499|-22|-73|CG1311500|-23|-73|CG1311501|-25|-73|CG1311502|-29|-73|CG1311503|-28|-73|CG1311504|-26|-73
736|6|1|1000|6|CG1311507|-39|-73|CG1311508|-40|-74|CG1311509|-41|-74|CG1311510|-41|-73|CG1311511|-41|-74|CG1311512|-40|-75
736|6|2|600|5|CG1325693|-56|-115|CG1325694|-66|-158|CG1325695|-93|-143|CG1325696|-109|-126|CG1325697|-81|-115
736|6|3|986|8|CG1311469|-45|-73|CG1311470|-23|-79|CG1311471|-18|-83|CG1311472|-35|-76|CG1311473|-49|-73|CG1311474|-60|-80|CG1311475|-61|-84|CG1311476|-56|-76
736|6|4|
736|6|5|799|19|CG1311458|-36|-81|CG1311458|-36|-81|CG1311461|-40|-86|CG1311461|-40|-86|CG1311462|-30|-84|CG1311462|-30|-84|CG1311463|-27|-93|CG1311463|-27|-93|CG1311464|-33|-88|CG1311465|-54|-82|CG1311466|-47|-76|CG1311467|-43|-73|CG1311467|-43|-73|CG1311468|-27|-76|CG1311468|-27|-76|CG1311459|-41|-73|CG1311459|-41|-73|CG1311460|-45|-73|CG1311460|-45|-73
736|6|6|2397|18|CG1311490|-26|-73|CG1311491|-37|-83|CG1311492|-42|-90|CG1311493|-47|-82|CG1311494|-42|-74|CG1311495|-28|-74|CG1311490|-26|-73|CG1311491|-37|-83|CG1311492|-42|-90|CG1311493|-47|-82|CG1311494|-42|-74|CG1311495|-28|-74|CG1311490|-26|-73|CG1311491|-37|-83|CG1311492|-42|-90|CG1311493|-47|-82|CG1311494|-42|-74|CG1311495|-28|-74
736|6|7|1326|16|CG1310564|-22|-72|CG1310564|-22|-72|CG1310566|-21|-73|CG1310567|-36|-76|CG1310568|-31|-74|CG1310568|-31|-74|CG1310569|-45|-74|CG1310569|-45|-74|CG1310570|-37|-73|CG1310570|-37|-73|CG1310571|-30|-70|CG1310571|-30|-70|CG1310572|-28|-71|CG1310572|-28|-71|CG1310573|-25|-72|CG1310573|-25|-72
736|6|8|1000|2|CG1311485|-39|-61|CG1311486|-38|-61
736|6|9|1000|1|CG1311487|-48|-70
736|6|10|1000|6|CG1311479|-39|-67|CG1311480|-32|-67|CG1311481|-49|-74|CG1311482|-58|-64|CG1311483|-70|-47|CG1311484|-73|-27
736|7|0|1088|6|CG1311556|-46|-74|CG1311557|-47|-74|CG1311558|-49|-73|CG1311559|-52|-74|CG1311560|-51|-74|CG1311561|-49|-74
736|7|1|1000|6|CG1311564|-44|-72|CG1311565|-44|-72|CG1311566|-42|-72|CG1311567|-41|-71|CG1311568|-40|-72|CG1311569|-42|-73
736|7|2|600|5|CG1325749|-65|-111|CG1325750|-73|-164|CG1325751|-68|-170|CG1325752|-60|-150|CG1325753|-60|-127
736|7|3|986|8|CG1311526|-18|-73|CG1311527|-30|-77|CG1311528|-27|-80|CG1311529|-22|-75|CG1311530|-18|-73|CG1311531|-26|-78|CG1311532|-30|-82|CG1311533|-26|-81
736|7|4|
736|7|5|799|19|CG1311515|-35|-73|CG1311515|-35|-73|CG1311518|-34|-76|CG1311518|-34|-76|CG1311519|-30|-85|CG1311519|-30|-85|CG1311520|-34|-86|CG1311520|-34|-86|CG1311521|-36|-83|CG1311522|-57|-83|CG1311523|-32|-78|CG1311524|-27|-75|CG1311524|-27|-75|CG1311525|-21|-79|CG1311525|-21|-79|CG1311516|-27|-76|CG1311516|-27|-76|CG1311517|-34|-75|CG1311517|-34|-75
736|7|6|2397|18|CG1311547|-29|-69|CG1311548|-31|-70|CG1311549|-32|-79|CG1311550|-35|-77|CG1311551|-30|-86|CG1311552|-27|-81|CG1311547|-29|-69|CG1311548|-31|-70|CG1311549|-32|-79|CG1311550|-35|-77|CG1311551|-30|-86|CG1311552|-27|-81|CG1311547|-29|-69|CG1311548|-31|-70|CG1311549|-32|-79|CG1311550|-35|-77|CG1311551|-30|-86|CG1311552|-27|-81
736|7|7|1326|16|CG1310639|-19|-74|CG1310639|-19|-74|CG1310641|-20|-75|CG1310642|-24|-77|CG1310643|-30|-77|CG1310643|-30|-77|CG1310644|-45|-80|CG1310644|-45|-80|CG1310645|-39|-79|CG1310645|-39|-79|CG1310646|-29|-75|CG1310646|-29|-75|CG1310647|-29|-73|CG1310647|-29|-73|CG1310648|-24|-74|CG1310648|-24|-74
736|7|8|1000|2|CG1311542|-36|-65|CG1311543|-33|-50
736|7|9|1000|1|CG1311544|-34|-70
736|7|10|1000|6|CG1311536|-31|-68|CG1311537|-34|-74|CG1311538|-33|-80|CG1311539|-46|-76|CG1311540|-41|-59|CG1311541|-54|-44
