717|0|0|1190|4|CG1302844|-22|-64|CG1302845|-22|-64|CG1302846|-22|-64|CG1302847|-22|-64
717|0|1|986|6|CG1302850|-48|-58|CG1302851|-44|-60|CG1302852|-44|-60|CG1302853|-46|-59|CG1302854|-51|-62|CG1302855|-53|-60
717|0|2|600|5|CG1325357|-54|-113|CG1325358|-66|-144|CG1325359|-95|-176|CG1325360|-103|-137|CG1325361|-78|-106
717|0|3|510|6|CG1302812|-22|-63|CG1302813|-21|-63|CG1302814|-21|-65|CG1302815|-21|-63|CG1302816|-21|-63|CG1302817|-20|-65
717|0|4|
717|0|5|799|8|CG1302804|-24|-60|CG1302805|-64|-59|CG1302806|-72|-61|CG1302807|-71|-60|CG1302807|-71|-60|CG1302808|-59|-58|CG1302809|-59|-55|CG1302810|-58|-54
717|0|6|1190|10|CG1302831|-35|-60|CG1302833|-28|-58|CG1302834|-30|-56|CG1302834|-30|-56|CG1302835|-46|-69|CG1302836|-27|-98|CG1302837|-27|-84|CG1302838|-29|-77|CG1302839|-48|-70|CG1302840|-28|-66
717|0|7|1000|9|CG1302286|-16|-62|CG1302288|-16|-59|CG1302289|-16|-55|CG1302290|-33|-71|CG1302291|-37|-66|CG1302292|-40|-73|CG1302293|-40|-72|CG1302294|-35|-73|CG1302295|-36|-73
717|0|8|1000|2|CG1302826|-41|-62|CG1302827|-36|-56
717|0|9|1000|1|CG1302828|-43|-55
717|0|10|986|6|CG1302820|-31|-63|CG1302821|-51|-64|CG1302822|-60|-57|CG1302823|-78|-58|CG1302824|-76|-53|CG1302825|-75|-44
717|1|0|1190|4|CG1302898|-43|-64|CG1302899|-43|-64|CG1302900|-43|-64|CG1302901|-43|-64
717|1|1|986|6|CG1302904|-52|-58|CG1302905|-49|-60|CG1302906|-48|-59|CG1302907|-52|-58|CG1302908|-52|-60|CG1302909|-52|-59
717|1|2|600|5|CG1325413|-100|-113|CG1325414|-102|-107|CG1325415|-90|-159|CG1325416|-142|-98|CG1325417|-131|-103
717|1|3|510|6|CG1302866|-24|-66|CG1302867|-24|-66|CG1302868|-24|-68|CG1302869|-23|-65|CG1302870|-24|-66|CG1302871|-24|-68
717|1|4|
717|1|5|799|8|CG1302858|-28|-65|CG1302859|-26|-66|CG1302860|-50|-85|CG1302861|-55|-84|CG1302861|-55|-84|CG1302862|-58|-62|CG1302863|-58|-61|CG1302864|-58|-60
717|1|6|1190|10|CG1302885|-50|-61|CG1302887|-49|-59|CG1302888|-43|-57|CG1302888|-43|-57|CG1302889|-25|-72|CG1302890|-25|-87|CG1302891|-20|-82|CG1302892|-38|-75|CG1302893|-35|-72|CG1302894|-21|-66
717|1|7|1000|9|CG1302357|-20|-61|CG1302359|-22|-57|CG1302360|-23|-54|CG1302361|-25|-75|CG1302362|-23|-71|CG1302363|-24|-78|CG1302364|-22|-76|CG1302365|-19|-77|CG1302366|-19|-77
717|1|8|1000|2|CG1302880|-42|-62|CG1302881|-37|-51
717|1|9|1000|1|CG1302882|-40|-57
717|1|10|986|6|CG1302874|-18|-63|CG1302875|-19|-62|CG1302876|-24|-57|CG1302877|-45|-61|CG1302878|-46|-58|CG1302879|-35|-51
717|2|0|1190|4|CG1302952|-39|-64|CG1302953|-39|-64|CG1302954|-39|-64|CG1302955|-39|-64
717|2|1|986|6|CG1302958|-28|-59|CG1302959|-29|-62|CG1302960|-27|-60|CG1302961|-30|-58|CG1302962|-26|-60|CG1302963|-25|-60
717|2|2|600|5|CG1325469|-119|-113|CG1325470|-90|-142|CG1325471|-82|-174|CG1325472|-99|-116|CG1325473|-109|-103
717|2|3|510|6|CG1302920|-23|-66|CG1302921|-23|-66|CG1302922|-23|-68|CG1302923|-26|-66|CG1302924|-22|-66|CG1302925|-23|-68
717|2|4|
717|2|5|799|8|CG1302912|-24|-66|CG1302913|-21|-65|CG1302914|-23|-93|CG1302915|-24|-96|CG1302915|-24|-96|CG1302916|-28|-62|CG1302917|-28|-61|CG1302918|-28|-60
717|2|6|1190|10|CG1302939|-37|-61|CG1302941|-44|-59|CG1302942|-46|-57|CG1302942|-46|-57|CG1302943|-16|-70|CG1302944|-22|-80|CG1302945|-32|-79|CG1302946|-48|-80|CG1302947|-25|-71|CG1302948|-19|-64
717|2|7|1000|9|CG1302428|-24|-61|CG1302430|-28|-59|CG1302431|-30|-57|CG1302432|-19|-75|CG1302433|-16|-69|CG1302434|-7|-76|CG1302435|-3|-73|CG1302436|1|-73|CG1302437|3|-73
717|2|8|1000|2|CG1302934|-24|-63|CG1302935|-39|-58
717|2|9|1000|1|CG1302936|-18|-60
717|2|10|986|6|CG1302928|-19|-62|CG1302929|-10|-61|CG1302930|-5|-51|CG1302931|-7|-55|CG1302932|-11|-61|CG1302933|-7|-43
717|3|0|1190|4|CG1303006|-17|-65|CG1303007|-17|-64|CG1303008|-17|-64|CG1303009|-17|-64
717|3|1|986|6|CG1303012|-23|-63|CG1303013|-24|-65|CG1303014|-24|-64|CG1303015|-23|-64|CG1303016|-24|-64|CG1303017|-24|-62
717|3|2|600|5|CG1325525|-125|-117|CG1325526|-119|-165|CG1325527|-116|-175|CG1325528|-58|-136|CG1325529|-81|-129
717|3|3|510|6|CG1302974|-42|-65|CG1302975|-43|-66|CG1302976|-43|-67|CG1302977|-43|-65|CG1302978|-42|-66|CG1302979|-43|-67
717|3|4|
717|3|5|799|8|CG1302966|-36|-65|CG1302967|-23|-60|CG1302968|-23|-85|CG1302969|-23|-91|CG1302969|-23|-91|CG1302970|-11|-57|CG1302971|-11|-58|CG1302972|-11|-58
717|3|6|1190|10|CG1302993|-14|-62|CG1302995|-16|-59|CG1302996|-26|-56|CG1302996|-26|-56|CG1302997|-14|-64|CG1302998|-18|-78|CG1302999|-55|-80|CG1303000|-32|-95|CG1303001|-19|-70|CG1303002|-20|-63
717|3|7|1000|9|CG1302499|-23|-65|CG1302501|-28|-64|CG1302502|-32|-62|CG1302503|-20|-73|CG1302504|-13|-64|CG1302505|-2|-68|CG1302506|2|-65|CG1302507|7|-63|CG1302508|9|-63
717|3|8|1000|2|CG1302988|-20|-64|CG1302989|-44|-67
717|3|9|1000|1|CG1302990|-18|-58
717|3|10|986|6|CG1302982|-15|-61|CG1302983|-11|-57|CG1302984|-8|-46|CG1302985|-5|-43|CG1302986|-10|-47|CG1302987|-10|-25
717|4|0|1190|4|CG1303060|-21|-66|CG1303061|-21|-65|CG1303062|-20|-65|CG1303063|-21|-65
717|4|1|986|6|CG1303066|-23|-66|CG1303067|-23|-68|CG1303068|-25|-67|CG1303069|-27|-66|CG1303070|-28|-66|CG1303071|-25|-66
717|4|2|600|5|CG1325581|-118|-123|CG1325582|-92|-162|CG1325583|-82|-152|CG1325584|-98|-119|CG1325585|-112|-122
717|4|3|510|6|CG1303028|-48|-62|CG1303029|-49|-63|CG1303030|-49|-64|CG1303031|-48|-62|CG1303032|-49|-63|CG1303033|-49|-64
717|4|4|
717|4|5|799|8|CG1303020|-55|-62|CG1303021|-20|-59|CG1303022|-20|-63|CG1303023|-17|-70|CG1303023|-17|-70|CG1303024|-16|-52|CG1303025|-15|-53|CG1303026|-15|-53
717|4|6|1190|10|CG1303047|-16|-62|CG1303049|-15|-59|CG1303050|-15|-56|CG1303050|-15|-56|CG1303051|-17|-60|CG1303052|-30|-74|CG1303053|-48|-97|CG1303054|-26|-101|CG1303055|-23|-67|CG1303056|-30|-60
717|4|7|1000|9|CG1302570|-25|-68|CG1302572|-28|-67|CG1302573|-30|-68|CG1302574|-21|-69|CG1302575|-10|-55|CG1302576|-8|-60|CG1302577|-6|-55|CG1302578|1|-52|CG1302579|1|-51
717|4|8|1000|2|CG1303042|-19|-63|CG1303043|-41|-70
717|4|9|1000|1|CG1303044|-18|-49
717|4|10|986|6|CG1303036|-17|-62|CG1303037|-14|-53|CG1303038|-13|-41|CG1303039|-14|-33|CG1303040|-16|-23|CG1303041|-19|-11
717|5|0|1190|4|CG1303114|-20|-65|CG1303115|-20|-65|CG1303116|-21|-65|CG1303117|-20|-65
717|5|1|986|6|CG1303120|-21|-67|CG1303121|-18|-68|CG1303122|-16|-67|CG1303123|-18|-67|CG1303124|-21|-68|CG1303125|-21|-67
717|5|2|600|5|CG1325637|-87|-102|CG1325638|-101|-134|CG1325639|-81|-118|CG1325640|-146|-102|CG1325641|-132|-115
717|5|3|510|6|CG1303082|-28|-59|CG1303083|-29|-60|CG1303084|-27|-62|CG1303085|-26|-59|CG1303086|-29|-60|CG1303087|-28|-62
717|5|4|
717|5|5|799|8|CG1303074|-42|-58|CG1303075|-20|-59|CG1303076|-19|-59|CG1303077|-20|-59|CG1303077|-20|-59|CG1303078|-22|-49|CG1303079|-20|-50|CG1303080|-20|-50
717|5|6|1190|10|CG1303101|-18|-61|CG1303103|-18|-58|CG1303104|-19|-55|CG1303104|-19|-55|CG1303105|-25|-57|CG1303106|-56|-72|CG1303107|-31|-109|CG1303108|-30|-96|CG1303109|-28|-66|CG1303110|-34|-60
717|5|7|1000|9|CG1302641|-19|-69|CG1302643|-22|-69|CG1302644|-19|-69|CG1302645|-16|-66|CG1302646|-15|-48|CG1302647|-19|-53|CG1302648|-19|-50|CG1302649|-20|-48|CG1302650|-20|-47
717|5|8|1000|2|CG1303096|-25|-59|CG1303097|-28|-72
717|5|9|1000|1|CG1303098|-22|-47
717|5|10|986|6|CG1303090|-27|-62|CG1303091|-29|-52|CG1303092|-33|-39|CG1303093|-26|-30|CG1303094|-29|-18|CG1303095|-33|-12
717|6|0|1190|4|CG1303168|-16|-65|CG1303169|-16|-65|CG1303170|-16|-66|CG1303171|-16|-65
717|6|1|986|6|CG1303174|-19|-66|CG1303175|-19|-66|CG1303176|-20|-66|CG1303177|-23|-66|CG1303178|-19|-67|CG1303179|-19|-67
717|6|2|600|5|CG1325693|-56|-115|CG1325694|-66|-158|CG1325695|-93|-143|CG1325696|-109|-126|CG1325697|-81|-115
717|6|3|510|6|CG1303136|-19|-59|CG1303137|-20|-60|CG1303138|-19|-61|CG1303139|-22|-59|CG1303140|-21|-60|CG1303141|-19|-61
717|6|4|
717|6|5|799|8|CG1303128|-25|-58|CG1303129|-46|-57|CG1303130|-27|-57|CG1303131|-26|-57|CG1303131|-26|-57|CG1303132|-33|-49|CG1303133|-28|-48|CG1303134|-27|-47
717|6|6|1190|10|CG1303155|-20|-61|CG1303157|-20|-58|CG1303158|-19|-55|CG1303158|-19|-55|CG1303159|-32|-62|CG1303160|-56|-80|CG1303161|-26|-107|CG1303162|-28|-82|CG1303163|-32|-66|CG1303164|-51|-61
717|6|7|1000|9|CG1302712|-20|-68|CG1302714|-17|-68|CG1302715|-8|-67|CG1302716|-34|-67|CG1302717|-34|-50|CG1302718|-40|-56|CG1302719|-38|-53|CG1302720|-36|-52|CG1302721|-38|-51
717|6|8|1000|2|CG1303150|-29|-60|CG1303151|-19|-69
717|6|9|1000|1|CG1303152|-29|-48
717|6|10|986|6|CG1303144|-50|-63|CG1303145|-46|-54|CG1303146|-47|-43|CG1303147|-37|-37|CG1303148|-48|-25|CG1303149|-59|-17
717|7|0|1190|4|CG1303222|-15|-64|CG1303223|-14|-65|CG1303224|-14|-65|CG1303225|-14|-65
717|7|1|986|6|CG1303228|-26|-63|CG1303229|-25|-64|CG1303230|-26|-62|CG1303231|-24|-63|CG1303232|-26|-65|CG1303233|-27|-64
717|7|2|600|5|CG1325749|-65|-111|CG1325750|-73|-164|CG1325751|-68|-170|CG1325752|-60|-150|CG1325753|-60|-127
717|7|3|510|6|CG1303190|-22|-61|CG1303191|-20|-61|CG1303192|-21|-63|CG1303193|-22|-61|CG1303194|-20|-61|CG1303195|-20|-63
717|7|4|
717|7|5|799|8|CG1303182|-23|-58|CG1303183|-76|-60|CG1303184|-57|-58|CG1303185|-50|-58|CG1303185|-50|-58|CG1303186|-36|-52|CG1303187|-34|-51|CG1303188|-34|-50
717|7|6|1190|10|CG1303209|-24|-61|CG1303211|-23|-58|CG1303212|-27|-56|CG1303212|-27|-56|CG1303213|-45|-66|CG1303214|-32|-96|CG1303215|-27|-95|CG1303216|-22|-78|CG1303217|-37|-69|CG1303218|-44|-64
717|7|7|1000|9|CG1302783|-15|-65|CG1302785|-13|-63|CG1302786|-13|-60|CG1302787|-35|-69|CG1302788|-43|-58|CG1302789|-45|-64|CG1302790|-43|-63|CG1302791|-46|-63|CG1302792|-48|-63
717|7|8|1000|2|CG1303204|-25|-62|CG1303205|-19|-60
717|7|9|1000|1|CG1303206|-26|-54
717|7|10|986|6|CG1303198|-55|-64|CG1303199|-66|-60|CG1303200|-66|-49|CG1303201|-69|-48|CG1303202|-68|-42|CG1303203|-79|-26
