716|0|0|1190|4|CG1302282|-15|-64|CG1302283|-15|-64|CG1302284|-15|-64|CG1302285|-15|-64
716|0|1|986|6|CG1302299|-22|-63|CG1302300|-20|-63|CG1302301|-21|-63|CG1302302|-21|-63|CG1302303|-21|-65|CG1302304|-20|-64
716|0|2|600|5|CG1325357|-54|-113|CG1325358|-66|-144|CG1325359|-95|-176|CG1325360|-103|-137|CG1325361|-78|-106
716|0|3|510|6|CG1302244|-22|-64|CG1302245|-18|-65|CG1302246|-19|-66|CG1302247|-18|-64|CG1302248|-19|-65|CG1302249|-18|-67
716|0|4|
716|0|5|799|13|CG1302236|-16|-62|CG1302237|-16|-61|CG1302238|-16|-61|CG1302238|-16|-61|CG1302238|-16|-61|CG1302239|-40|-70|CG1302239|-40|-70|CG1302240|-41|-70|CG1302240|-41|-70|CG1302240|-41|-70|CG1302241|-43|-70|CG1302242|-38|-71|CG1302243|-21|-66
716|0|6|1190|10|CG1302268|-19|-60|CG1302270|-22|-58|CG1302271|-19|-56|CG1302271|-19|-56|CG1302272|-28|-65|CG1302273|-27|-76|CG1302274|-27|-84|CG1302275|-18|-77|CG1302276|-26|-70|CG1302277|-28|-66
716|0|7|1000|9|CG1302286|-16|-62|CG1302288|-16|-59|CG1302289|-16|-55|CG1302290|-33|-71|CG1302291|-37|-66|CG1302292|-40|-73|CG1302293|-40|-72|CG1302294|-35|-73|CG1302295|-36|-73
716|0|8|1000|2|CG1302259|-23|-62|CG1302260|-13|-56
716|0|9|1000|1|CG1302265|-21|-55
716|0|10|986|6|CG1302253|-24|-63|CG1302254|-27|-64|CG1302255|-24|-57|CG1302256|-34|-58|CG1302257|-46|-53|CG1302258|-46|-44
716|1|0|1190|4|CG1302353|-21|-64|CG1302354|-20|-64|CG1302355|-18|-64|CG1302356|-20|-64
716|1|1|986|6|CG1302370|-21|-63|CG1302371|-21|-64|CG1302372|-22|-63|CG1302373|-20|-63|CG1302374|-18|-64|CG1302375|-20|-63
716|1|2|600|5|CG1325413|-100|-113|CG1325414|-102|-107|CG1325415|-90|-159|CG1325416|-142|-98|CG1325417|-131|-103
716|1|3|510|6|CG1302315|-19|-64|CG1302316|-20|-65|CG1302317|-20|-67|CG1302318|-20|-64|CG1302319|-19|-65|CG1302320|-19|-67
716|1|4|
716|1|5|799|13|CG1302307|-20|-61|CG1302308|-21|-60|CG1302309|-20|-59|CG1302309|-20|-59|CG1302309|-20|-59|CG1302310|-19|-74|CG1302310|-19|-74|CG1302311|-19|-74|CG1302311|-19|-74|CG1302311|-19|-74|CG1302312|-19|-74|CG1302313|-19|-75|CG1302314|-20|-68
716|1|6|1190|10|CG1302339|-21|-61|CG1302341|-20|-59|CG1302342|-19|-57|CG1302342|-19|-57|CG1302343|-23|-67|CG1302344|-25|-79|CG1302345|-20|-82|CG1302346|-22|-77|CG1302347|-33|-72|CG1302348|-21|-66
716|1|7|1000|9|CG1302357|-20|-61|CG1302359|-22|-57|CG1302360|-23|-54|CG1302361|-25|-75|CG1302362|-23|-71|CG1302363|-24|-78|CG1302364|-22|-76|CG1302365|-19|-77|CG1302366|-19|-77
716|1|8|1000|2|CG1302330|-18|-62|CG1302331|-24|-48
716|1|9|1000|1|CG1302336|-19|-57
716|1|10|986|6|CG1302324|-18|-63|CG1302325|-19|-62|CG1302326|-14|-57|CG1302327|-16|-61|CG1302328|-17|-58|CG1302329|-13|-51
716|2|0|1190|4|CG1302424|-20|-64|CG1302425|-20|-64|CG1302426|-20|-64|CG1302427|-20|-64
716|2|1|986|6|CG1302441|-22|-63|CG1302442|-23|-65|CG1302443|-21|-64|CG1302444|-20|-63|CG1302445|-21|-63|CG1302446|-20|-63
716|2|2|600|5|CG1325469|-119|-113|CG1325470|-90|-142|CG1325471|-82|-174|CG1325472|-99|-116|CG1325473|-109|-103
716|2|3|510|6|CG1302386|-25|-64|CG1302387|-25|-65|CG1302388|-24|-67|CG1302389|-26|-64|CG1302390|-23|-65|CG1302391|-24|-66
716|2|4|
716|2|5|799|13|CG1302378|-24|-61|CG1302379|-22|-61|CG1302380|-22|-61|CG1302380|-22|-61|CG1302380|-22|-61|CG1302381|-14|-70|CG1302381|-14|-70|CG1302382|-8|-70|CG1302382|-8|-70|CG1302382|-8|-70|CG1302383|-2|-70|CG1302384|-7|-71|CG1302385|-16|-67
716|2|6|1190|10|CG1302410|-21|-61|CG1302412|-21|-59|CG1302413|-20|-57|CG1302413|-20|-57|CG1302414|-20|-69|CG1302415|-22|-80|CG1302416|-17|-83|CG1302417|-21|-77|CG1302418|-25|-71|CG1302419|-19|-64
716|2|7|1000|9|CG1302428|-24|-61|CG1302430|-28|-59|CG1302431|-30|-57|CG1302432|-19|-75|CG1302433|-16|-69|CG1302434|-7|-76|CG1302435|-3|-73|CG1302436|1|-73|CG1302437|3|-73
716|2|8|1000|2|CG1302401|-24|-63|CG1302402|-39|-58
716|2|9|1000|1|CG1302407|-19|-55
716|2|10|986|6|CG1302395|-19|-62|CG1302396|-10|-61|CG1302397|-5|-51|CG1302398|-7|-55|CG1302399|-11|-51|CG1302400|-7|-43
716|3|0|1190|4|CG1302495|-17|-65|CG1302496|-17|-64|CG1302497|-17|-64|CG1302498|-17|-64
716|3|1|986|6|CG1302512|-21|-64|CG1302513|-17|-66|CG1302514|-18|-66|CG1302515|-20|-65|CG1302516|-17|-66|CG1302517|-17|-64
716|3|2|600|5|CG1325525|-125|-117|CG1325526|-119|-165|CG1325527|-116|-175|CG1325528|-58|-136|CG1325529|-81|-129
716|3|3|510|6|CG1302457|-27|-65|CG1302458|-25|-66|CG1302459|-26|-67|CG1302460|-27|-65|CG1302461|-25|-65|CG1302462|-26|-67
716|3|4|
716|3|5|799|13|CG1302449|-23|-65|CG1302450|-22|-65|CG1302451|-27|-64|CG1302451|-27|-64|CG1302451|-27|-64|CG1302452|-10|-62|CG1302452|-10|-62|CG1302453|-2|-62|CG1302453|-2|-62|CG1302453|-2|-62|CG1302454|3|-60|CG1302455|4|-63|CG1302456|-8|-65
716|3|6|1190|10|CG1302481|-14|-62|CG1302483|-14|-59|CG1302484|-14|-56|CG1302484|-14|-56|CG1302485|-20|-70|CG1302486|-16|-78|CG1302487|-21|-83|CG1302488|-31|-75|CG1302489|-19|-70|CG1302490|-16|-63
716|3|7|1000|9|CG1302499|-23|-65|CG1302501|-28|-64|CG1302502|-32|-62|CG1302503|-20|-73|CG1302504|-13|-64|CG1302505|-2|-68|CG1302506|2|-65|CG1302507|7|-63|CG1302508|9|-63
716|3|8|1000|2|CG1302472|-20|-64|CG1302473|-44|-67
716|3|9|1000|1|CG1302478|-18|-53
716|3|10|986|6|CG1302466|-15|-61|CG1302467|-11|-57|CG1302468|-8|-46|CG1302469|-5|-43|CG1302470|-10|-37|CG1302471|-10|-25
716|4|0|1190|4|CG1302566|-21|-66|CG1302567|-21|-65|CG1302568|-20|-65|CG1302569|-21|-65
716|4|1|986|6|CG1302583|-19|-65|CG1302584|-21|-67|CG1302585|-20|-66|CG1302586|-22|-65|CG1302587|-23|-66|CG1302588|-21|-65
716|4|2|600|5|CG1325581|-118|-123|CG1325582|-92|-162|CG1325583|-82|-152|CG1325584|-98|-119|CG1325585|-112|-122
716|4|3|510|6|CG1302528|-25|-65|CG1302529|-23|-66|CG1302530|-23|-67|CG1302531|-24|-65|CG1302532|-23|-66|CG1302533|-24|-67
716|4|4|
716|4|5|799|13|CG1302520|-25|-68|CG1302521|-25|-68|CG1302522|-27|-68|CG1302522|-27|-68|CG1302522|-27|-68|CG1302523|-6|-52|CG1302523|-6|-52|CG1302524|-5|-52|CG1302524|-5|-52|CG1302524|-5|-52|CG1302525|-5|-49|CG1302526|-7|-54|CG1302527|-16|-63
716|4|6|1190|10|CG1302552|-16|-62|CG1302554|-15|-59|CG1302555|-15|-56|CG1302555|-15|-56|CG1302556|-14|-69|CG1302557|-14|-78|CG1302558|-21|-80|CG1302559|-26|-76|CG1302560|-23|-67|CG1302561|-19|-60
716|4|7|1000|9|CG1302570|-25|-68|CG1302572|-28|-67|CG1302573|-30|-68|CG1302574|-21|-69|CG1302575|-10|-55|CG1302576|-8|-60|CG1302577|-6|-55|CG1302578|1|-52|CG1302579|1|-51
716|4|8|1000|2|CG1302543|-19|-63|CG1302544|-41|-70
716|4|9|1000|1|CG1302549|-19|-49
716|4|10|986|6|CG1302537|-17|-62|CG1302538|-14|-53|CG1302539|-13|-41|CG1302540|-14|-33|CG1302541|-16|-23|CG1302542|-19|-11
716|5|0|1190|4|CG1302637|-18|-65|CG1302638|-19|-65|CG1302639|-21|-65|CG1302640|-19|-65
716|5|1|986|6|CG1302654|-20|-65|CG1302655|-18|-67|CG1302656|-16|-66|CG1302657|-17|-65|CG1302658|-21|-67|CG1302659|-22|-66
716|5|2|600|5|CG1325637|-87|-102|CG1325638|-101|-134|CG1325639|-81|-118|CG1325640|-146|-102|CG1325641|-132|-115
716|5|3|510|6|CG1302599|-20|-66|CG1302600|-19|-66|CG1302601|-19|-67|CG1302602|-19|-65|CG1302603|-20|-66|CG1302604|-20|-67
716|5|4|
716|5|5|799|13|CG1302591|-19|-69|CG1302592|-17|-69|CG1302593|-17|-69|CG1302593|-17|-69|CG1302593|-17|-69|CG1302594|-20|-48|CG1302594|-20|-48|CG1302595|-20|-48|CG1302595|-20|-48|CG1302595|-20|-48|CG1302596|-20|-44|CG1302597|-20|-50|CG1302598|-19|-62
716|5|6|1190|10|CG1302623|-18|-61|CG1302625|-18|-58|CG1302626|-19|-55|CG1302626|-19|-55|CG1302627|-17|-66|CG1302628|-15|-78|CG1302629|-31|-77|CG1302630|-30|-78|CG1302631|-20|-66|CG1302632|-27|-60
716|5|7|1000|9|CG1302641|-19|-69|CG1302643|-22|-69|CG1302644|-19|-69|CG1302645|-16|-66|CG1302646|-15|-48|CG1302647|-19|-53|CG1302648|-19|-50|CG1302649|-20|-48|CG1302650|-20|-47
716|5|8|1000|2|CG1302614|-23|-59|CG1302615|-26|-72
716|5|9|1000|1|CG1302620|-19|-47
716|5|10|986|6|CG1302608|-23|-62|CG1302609|-27|-52|CG1302610|-33|-39|CG1302611|-26|-30|CG1302612|-29|-18|CG1302613|-33|-12
716|6|0|1190|4|CG1302708|-16|-65|CG1302709|-16|-65|CG1302710|-16|-66|CG1302711|-16|-65
716|6|1|986|6|CG1302725|-15|-65|CG1302726|-17|-66|CG1302727|-18|-65|CG1302728|-23|-65|CG1302729|-16|-67|CG1302730|-13|-66
716|6|2|600|5|CG1325693|-56|-115|CG1325694|-66|-158|CG1325695|-93|-143|CG1325696|-109|-126|CG1325697|-81|-115
716|6|3|510|6|CG1302670|-16|-65|CG1302671|-19|-66|CG1302672|-18|-67|CG1302673|-22|-65|CG1302674|-15|-66|CG1302675|-16|-67
716|6|4|
716|6|5|799|13|CG1302662|-12|-68|CG1302663|-11|-68|CG1302664|-8|-70|CG1302664|-8|-70|CG1302664|-8|-70|CG1302665|-42|-52|CG1302665|-42|-52|CG1302666|-43|-52|CG1302666|-43|-52|CG1302666|-43|-52|CG1302667|-45|-49|CG1302668|-39|-54|CG1302669|-25|-63
716|6|6|1190|10|CG1302694|-18|-61|CG1302696|-20|-58|CG1302697|-18|-55|CG1302697|-18|-55|CG1302698|-24|-63|CG1302699|-27|-75|CG1302700|-26|-79|CG1302701|-28|-78|CG1302702|-23|-66|CG1302703|-24|-61
716|6|7|1000|9|CG1302712|-20|-68|CG1302714|-17|-68|CG1302715|-8|-67|CG1302716|-34|-67|CG1302717|-34|-50|CG1302718|-40|-56|CG1302719|-38|-53|CG1302720|-36|-52|CG1302721|-38|-51
716|6|8|1000|2|CG1302685|-22|-60|CG1302686|-18|-69
716|6|9|1000|1|CG1302691|-22|-48
716|6|10|986|6|CG1302679|-26|-63|CG1302680|-33|-54|CG1302681|-37|-43|CG1302682|-37|-37|CG1302683|-48|-25|CG1302684|-59|-17
716|7|0|1190|4|CG1302779|-15|-64|CG1302780|-14|-65|CG1302781|-14|-65|CG1302782|-14|-65
716|7|1|986|6|CG1302796|-23|-65|CG1302797|-14|-66|CG1302798|-18|-64|CG1302799|-23|-64|CG1302800|-15|-66|CG1302801|-19|-66
716|7|2|600|5|CG1325749|-65|-111|CG1325750|-73|-164|CG1325751|-68|-170|CG1325752|-60|-150|CG1325753|-60|-127
716|7|3|510|6|CG1302741|-22|-65|CG1302742|-17|-65|CG1302743|-20|-67|CG1302744|-22|-65|CG1302745|-17|-66|CG1302746|-20|-67
716|7|4|
716|7|5|799|13|CG1302733|-14|-65|CG1302734|-13|-65|CG1302735|-13|-65|CG1302735|-13|-65|CG1302735|-13|-65|CG1302736|-46|-62|CG1302736|-46|-62|CG1302737|-47|-62|CG1302737|-47|-62|CG1302737|-47|-62|CG1302738|-50|-60|CG1302739|-43|-63|CG1302740|-29|-65
716|7|6|1190|10|CG1302765|-18|-61|CG1302767|-21|-58|CG1302768|-19|-56|CG1302768|-19|-56|CG1302769|-24|-63|CG1302770|-32|-73|CG1302771|-27|-83|CG1302772|-22|-78|CG1302773|-26|-69|CG1302774|-28|-64
716|7|7|1000|9|CG1302783|-15|-65|CG1302785|-13|-63|CG1302786|-13|-60|CG1302787|-35|-69|CG1302788|-43|-58|CG1302789|-45|-64|CG1302790|-43|-63|CG1302791|-46|-63|CG1302792|-48|-63
716|7|8|1000|2|CG1302756|-20|-62|CG1302757|-19|-62
716|7|9|1000|1|CG1302762|-26|-54
716|7|10|986|6|CG1302750|-22|-64|CG1302751|-35|-60|CG1302752|-36|-49|CG1302753|-49|-48|CG1302754|-63|-42|CG1302755|-66|-26
