719|0|0|1190|4|CG1303709|-41|-64|CG1303710|-41|-64|CG1303711|-41|-64|CG1303712|-41|-64
719|0|1|986|6|CG1303715|-56|-58|CG1303716|-60|-60|CG1303717|-57|-60|CG1303718|-63|-59|CG1303719|-64|-62|CG1303720|-64|-60
719|0|2|600|5|CG1325357|-54|-113|CG1325358|-66|-144|CG1325359|-95|-176|CG1325360|-103|-137|CG1325361|-78|-106
719|0|3|510|6|CG1303677|-22|-63|CG1303678|-21|-63|CG1303679|-21|-65|CG1303680|-21|-63|CG1303681|-21|-63|CG1303682|-20|-65
719|0|4|
719|0|5|1020|12|CG1303704|-74|-70|CG1303705|-34|-66|CG1303668|-26|-85|CG1303668|-26|-85|CG1303669|-55|-110|CG1303670|-84|-76|CG1303671|-84|-79|CG1303672|-84|-77|CG1303673|-84|-77|CG1303674|-85|-77|CG1303675|-85|-76|CG1303675|-85|-76
719|0|6|1190|10|CG1303696|-24|-60|CG1303698|-20|-58|CG1303699|-27|-56|CG1303699|-27|-56|CG1303700|-71|-69|CG1303701|-27|-110|CG1303702|-27|-84|CG1303703|-24|-77|CG1303704|-74|-70|CG1303705|-34|-66
719|0|7|1000|9|CG1302286|-16|-62|CG1302288|-16|-59|CG1302289|-16|-55|CG1302290|-33|-71|CG1302291|-37|-66|CG1302292|-40|-73|CG1302293|-40|-72|CG1302294|-35|-73|CG1302295|-36|-73
719|0|8|1000|2|CG1303691|-37|-62|CG1303692|-61|-54
719|0|9|1000|1|CG1303693|-63|-55
719|0|10|986|6|CG1303685|-53|-63|CG1303686|-79|-64|CG1303687|-89|-57|CG1303688|-93|-58|CG1303689|-103|-53|CG1303690|-101|-44
719|1|0|1190|4|CG1303764|-73|-64|CG1303765|-73|-64|CG1303766|-73|-64|CG1303767|-73|-64
719|1|1|986|6|CG1303770|-75|-58|CG1303771|-75|-60|CG1303772|-73|-59|CG1303773|-76|-58|CG1303774|-76|-60|CG1303775|-75|-59
719|1|2|600|5|CG1325413|-100|-113|CG1325414|-102|-107|CG1325415|-90|-159|CG1325416|-142|-98|CG1325417|-131|-103
719|1|3|510|6|CG1303732|-24|-66|CG1303733|-24|-66|CG1303734|-24|-68|CG1303735|-23|-65|CG1303736|-24|-66|CG1303737|-24|-68
719|1|4|
719|1|5|1020|12|CG1303759|-60|-73|CG1303760|-21|-66|CG1303723|-27|-70|CG1303723|-27|-70|CG1303724|-25|-115|CG1303725|-21|-92|CG1303726|-23|-92|CG1303727|-20|-92|CG1303728|-22|-93|CG1303729|-20|-93|CG1303730|-15|-92|CG1303730|-15|-92
719|1|6|1190|10|CG1303751|-62|-61|CG1303753|-49|-59|CG1303754|-30|-57|CG1303754|-30|-57|CG1303755|-62|-72|CG1303756|-25|-96|CG1303757|-20|-82|CG1303758|-49|-75|CG1303759|-60|-73|CG1303760|-21|-66
719|1|7|1000|9|CG1302357|-20|-61|CG1302359|-22|-57|CG1302360|-23|-54|CG1302361|-25|-75|CG1302362|-23|-71|CG1302363|-24|-78|CG1302364|-22|-76|CG1302365|-19|-77|CG1302366|-19|-77
719|1|8|1000|2|CG1303746|-69|-62|CG1303747|-64|-48
719|1|9|1000|1|CG1303748|-66|-61
719|1|10|986|6|CG1303740|-18|-63|CG1303741|-27|-62|CG1303742|-55|-57|CG1303743|-73|-61|CG1303744|-62|-73|CG1303745|-44|-61
719|2|0|1190|4|CG1303819|-61|-64|CG1303820|-61|-64|CG1303821|-61|-64|CG1303822|-61|-64
719|2|1|986|6|CG1303825|-52|-59|CG1303826|-49|-62|CG1303827|-49|-60|CG1303828|-47|-58|CG1303829|-46|-60|CG1303830|-45|-60
719|2|2|600|5|CG1325469|-119|-113|CG1325470|-90|-142|CG1325471|-82|-174|CG1325472|-99|-116|CG1325473|-109|-103
719|2|3|510|6|CG1303787|-24|-66|CG1303788|-25|-66|CG1303789|-27|-68|CG1303790|-26|-66|CG1303791|-25|-66|CG1303792|-26|-68
719|2|4|
719|2|5|1020|12|CG1303814|-25|-88|CG1303815|-19|-64|CG1303778|-15|-70|CG1303778|-15|-70|CG1303779|-9|-93|CG1303780|-1|-78|CG1303781|3|-84|CG1303782|9|-82|CG1303783|10|-79|CG1303784|9|-79|CG1303785|11|-78|CG1303785|11|-78
719|2|6|1190|10|CG1303806|-67|-61|CG1303808|-70|-59|CG1303809|-66|-57|CG1303809|-66|-57|CG1303810|-20|-70|CG1303811|-22|-80|CG1303812|-58|-79|CG1303813|-81|-74|CG1303814|-25|-88|CG1303815|-19|-64
719|2|7|1000|9|CG1302428|-24|-61|CG1302430|-28|-59|CG1302431|-30|-57|CG1302432|-19|-75|CG1302433|-16|-69|CG1302434|-7|-76|CG1302435|-3|-73|CG1302436|1|-73|CG1302437|3|-73
719|2|8|1000|2|CG1303801|-61|-63|CG1303802|-39|-58
719|2|9|1000|1|CG1303803|-33|-79
719|2|10|986|6|CG1303795|-19|-62|CG1303796|-10|-61|CG1303797|-5|-66|CG1303798|-18|-78|CG1303799|-11|-82|CG1303800|-7|-61
719|3|0|1190|4|CG1303874|-20|-65|CG1303875|-20|-64|CG1303876|-20|-64|CG1303877|-20|-64
719|3|1|986|6|CG1303880|-23|-63|CG1303881|-24|-65|CG1303882|-24|-64|CG1303883|-23|-64|CG1303884|-24|-64|CG1303885|-24|-67
719|3|2|600|5|CG1325525|-125|-117|CG1325526|-119|-165|CG1325527|-116|-175|CG1325528|-58|-136|CG1325529|-81|-129
719|3|3|510|6|CG1303842|-73|-65|CG1303843|-74|-66|CG1303844|-76|-67|CG1303845|-74|-65|CG1303846|-74|-66|CG1303847|-75|-67
719|3|4|
719|3|5|1020|12|CG1303869|-19|-83|CG1303870|-22|-63|CG1303833|-19|-66|CG1303833|-19|-66|CG1303834|0|-70|CG1303835|8|-66|CG1303836|16|-68|CG1303837|25|-64|CG1303838|26|-60|CG1303839|26|-58|CG1303840|20|-59|CG1303840|20|-59
719|3|6|1190|10|CG1303861|-37|-62|CG1303863|-51|-59|CG1303864|-64|-56|CG1303864|-64|-56|CG1303865|-14|-64|CG1303866|-16|-78|CG1303867|-87|-86|CG1303868|-66|-93|CG1303869|-19|-83|CG1303870|-22|-63
719|3|7|1000|9|CG1302499|-23|-65|CG1302501|-28|-64|CG1302502|-32|-62|CG1302503|-20|-73|CG1302504|-13|-64|CG1302505|-2|-68|CG1302506|2|-65|CG1302507|7|-63|CG1302508|9|-63
719|3|8|1000|2|CG1303856|-21|-64|CG1303857|-44|-67
719|3|9|1000|1|CG1303858|-18|-81
719|3|10|986|6|CG1303850|-15|-61|CG1303851|-11|-57|CG1303852|-8|-52|CG1303853|-5|-71|CG1303854|-10|-65|CG1303855|-10|-34
719|4|0|1190|4|CG1303929|-21|-66|CG1303930|-21|-65|CG1303931|-20|-65|CG1303932|-21|-65
719|4|1|986|6|CG1303935|-23|-66|CG1303936|-23|-68|CG1303937|-25|-67|CG1303938|-27|-66|CG1303939|-28|-66|CG1303940|-25|-66
719|4|2|600|5|CG1325581|-118|-123|CG1325582|-92|-162|CG1325583|-82|-152|CG1325584|-98|-119|CG1325585|-112|-122
719|4|3|510|6|CG1303897|-76|-62|CG1303898|-76|-63|CG1303899|-77|-64|CG1303900|-76|-62|CG1303901|-76|-63|CG1303902|-77|-64
719|4|4|
719|4|5|1020|12|CG1303924|-23|-67|CG1303925|-30|-60|CG1303888|-68|-61|CG1303888|-68|-61|CG1303889|-5|-61|CG1303890|0|-48|CG1303891|5|-46|CG1303892|12|-46|CG1303893|20|-36|CG1303894|19|-34|CG1303895|3|-44|CG1303895|3|-44
719|4|6|1190|10|CG1303916|-16|-62|CG1303918|-15|-59|CG1303919|-29|-56|CG1303919|-29|-56|CG1303920|-17|-60|CG1303921|-25|-74|CG1303922|-65|-113|CG1303923|-26|-108|CG1303924|-23|-67|CG1303925|-30|-60
719|4|7|1000|9|CG1302570|-25|-68|CG1302572|-28|-67|CG1302573|-30|-68|CG1302574|-21|-69|CG1302575|-10|-55|CG1302576|-8|-60|CG1302577|-6|-55|CG1302578|1|-52|CG1302579|1|-51
719|4|8|1000|2|CG1303911|-19|-63|CG1303912|-41|-70
719|4|9|1000|1|CG1303913|-20|-66
719|4|10|986|6|CG1303905|-17|-62|CG1303906|-14|-53|CG1303907|-13|-41|CG1303908|-14|-43|CG1303909|-16|-28|CG1303910|-19|-11
719|5|0|1190|4|CG1303984|-22|-65|CG1303985|-22|-65|CG1303986|-22|-65|CG1303987|-22|-65
719|5|1|986|6|CG1303990|-22|-67|CG1303991|-22|-68|CG1303992|-21|-67|CG1303993|-22|-67|CG1303994|-23|-68|CG1303995|-23|-67
719|5|2|600|5|CG1325637|-87|-102|CG1325638|-101|-134|CG1325639|-81|-118|CG1325640|-146|-102|CG1325641|-132|-115
719|5|3|510|6|CG1303952|-37|-59|CG1303953|-37|-60|CG1303954|-37|-62|CG1303955|-37|-59|CG1303956|-37|-60|CG1303957|-38|-62
719|5|4|
719|5|5|1020|12|CG1303979|-29|-66|CG1303980|-34|-60|CG1303943|-77|-71|CG1303943|-77|-71|CG1303944|-36|-55|CG1303945|-17|-38|CG1303946|-17|-34|CG1303947|-17|-35|CG1303948|-17|-25|CG1303949|-18|-24|CG1303950|-29|-37|CG1303950|-29|-37
719|5|6|1190|10|CG1303971|-18|-61|CG1303973|-18|-58|CG1303974|-19|-55|CG1303974|-19|-55|CG1303975|-27|-57|CG1303976|-79|-72|CG1303977|-31|-126|CG1303978|-30|-104|CG1303979|-29|-66|CG1303980|-34|-60
719|5|7|1000|9|CG1302641|-19|-69|CG1302643|-22|-69|CG1302644|-19|-69|CG1302645|-16|-66|CG1302646|-15|-48|CG1302647|-19|-53|CG1302648|-19|-50|CG1302649|-20|-48|CG1302650|-20|-47
719|5|8|1000|2|CG1303966|-23|-59|CG1303967|-30|-72
719|5|9|1000|1|CG1303968|-24|-40
719|5|10|986|6|CG1303960|-23|-62|CG1303961|-27|-52|CG1303962|-33|-39|CG1303963|-26|-30|CG1303964|-29|-18|CG1303965|-33|-12
719|6|0|1190|4|CG1304039|-16|-65|CG1304040|-16|-65|CG1304041|-16|-66|CG1304042|-16|-65
719|6|1|986|6|CG1304045|-26|-66|CG1304046|-25|-66|CG1304047|-26|-66|CG1304048|-23|-66|CG1304049|-24|-67|CG1304050|-24|-67
719|6|2|600|5|CG1325693|-56|-115|CG1325694|-66|-158|CG1325695|-93|-143|CG1325696|-109|-126|CG1325697|-81|-115
719|6|3|510|6|CG1304007|-16|-59|CG1304008|-18|-60|CG1304009|-17|-61|CG1304010|-22|-59|CG1304011|-16|-60|CG1304012|-16|-61
719|6|4|
719|6|5|1020|12|CG1304034|-28|-66|CG1304035|-74|-61|CG1303998|-45|-93|CG1303998|-45|-93|CG1303999|-111|-57|CG1304000|-94|-43|CG1304001|-94|-39|CG1304002|-94|-41|CG1304003|-94|-34|CG1304004|-94|-33|CG1304005|-93|-45|CG1304005|-93|-45
719|6|6|1190|10|CG1304026|-27|-61|CG1304028|-23|-58|CG1304029|-18|-55|CG1304029|-18|-55|CG1304030|-26|-62|CG1304031|-88|-78|CG1304032|-26|-120|CG1304033|-28|-83|CG1304034|-28|-66|CG1304035|-74|-61
719|6|7|1000|9|CG1302712|-20|-68|CG1302714|-17|-68|CG1302715|-8|-67|CG1302716|-34|-67|CG1302717|-34|-50|CG1302718|-40|-56|CG1302719|-38|-53|CG1302720|-36|-52|CG1302721|-38|-51
719|6|8|1000|2|CG1304021|-28|-60|CG1304022|-20|-69
719|6|9|1000|1|CG1304023|-29|-43
719|6|10|986|6|CG1304015|-70|-63|CG1304016|-50|-54|CG1304017|-37|-43|CG1304018|-37|-37|CG1304019|-48|-25|CG1304020|-59|-17
719|7|0|1190|4|CG1304094|-15|-64|CG1304095|-14|-65|CG1304096|-14|-65|CG1304097|-14|-65
719|7|1|986|6|CG1304100|-23|-63|CG1304101|-16|-64|CG1304102|-18|-62|CG1304103|-23|-63|CG1304104|-20|-65|CG1304105|-20|-64
719|7|2|600|5|CG1325749|-65|-111|CG1325750|-73|-164|CG1325751|-68|-170|CG1325752|-60|-150|CG1325753|-60|-127
719|7|3|510|6|CG1304062|-22|-61|CG1304063|-20|-61|CG1304064|-21|-63|CG1304065|-22|-61|CG1304066|-20|-61|CG1304067|-20|-63
719|7|4|
719|7|5|1020|12|CG1304089|-46|-69|CG1304090|-72|-64|CG1304053|-37|-98|CG1304053|-37|-98|CG1304054|-113|-79|CG1304055|-125|-58|CG1304056|-125|-60|CG1304057|-125|-56|CG1304058|-125|-57|CG1304059|-125|-57|CG1304060|-125|-60|CG1304060|-125|-60
719|7|6|1190|10|CG1304081|-27|-61|CG1304083|-29|-58|CG1304084|-29|-56|CG1304084|-29|-56|CG1304085|-39|-66|CG1304086|-50|-103|CG1304087|-27|-96|CG1304088|-22|-78|CG1304089|-46|-69|CG1304090|-72|-64
719|7|7|1000|9|CG1302783|-15|-65|CG1302785|-13|-63|CG1302786|-13|-60|CG1302787|-35|-69|CG1302788|-43|-58|CG1302789|-45|-64|CG1302790|-43|-63|CG1302791|-46|-63|CG1302792|-48|-63
719|7|8|1000|2|CG1304076|-21|-62|CG1304077|-21|-60
719|7|9|1000|1|CG1304078|-29|-51
719|7|10|986|6|CG1304070|-85|-64|CG1304071|-91|-60|CG1304072|-74|-49|CG1304073|-58|-48|CG1304074|-88|-42|CG1304075|-108|-26
