741|0|0|8000|40|CG1313392|-20|-59|CG1313393|-19|-59|CG1313394|-18|-59|CG1313393|-19|-59|CG1313392|-20|-59|CG1313395|-21|-57|CG1313396|-22|-56|CG1313396|-22|-56|CG1313396|-22|-56|CG1313396|-22|-56|CG1313395|-21|-57|CG1313392|-20|-59|CG1313393|-19|-59|CG1313394|-18|-59|CG1313393|-19|-59|CG1313392|-20|-59|CG1313393|-19|-59|CG1313394|-18|-59|CG1313393|-19|-59|CG1313392|-20|-59|CG1313395|-21|-57|CG1313396|-22|-56|CG1313396|-22|-56|CG1313396|-22|-56|CG1313395|-21|-57|CG1313392|-20|-59|CG1313395|-21|-57|CG1313396|-22|-56|CG1313396|-22|-56|CG1313396|-22|-56|CG1313396|-22|-56|CG1313395|-21|-57|CG1313392|-20|-59|CG1313393|-19|-59|CG1313394|-18|-59|CG1313393|-19|-59|CG1313392|-20|-59|CG1313393|-19|-59|CG1313394|-18|-59|CG1313393|-19|-59
741|0|1|1000|6|CG1313399|-16|-56|CG1313400|-16|-60|CG1313401|-16|-57|CG1313402|-23|-55|CG1313403|-18|-60|CG1313404|-16|-58
741|0|2|600|5|CG1325357|-54|-113|CG1325358|-66|-144|CG1325359|-95|-176|CG1325360|-103|-137|CG1325361|-78|-106
741|0|3|510|6|CG1313362|-35|-61|CG1313363|-31|-62|CG1313364|-22|-62|CG1313365|-35|-64|CG1313366|-28|-62|CG1313367|-29|-61
741|0|4|
741|0|5|1190|21|CG1313356|-24|-62|CG1313356|-24|-62|CG1313357|-24|-75|CG1313357|-24|-75|CG1313358|-32|-75|CG1313359|-47|-56|CG1313360|-48|-56|CG1313359|-47|-56|CG1313358|-32|-75|CG1313359|-47|-56|CG1313360|-48|-56|CG1313359|-47|-56|CG1313358|-32|-75|CG1313359|-47|-56|CG1313360|-48|-56|CG1313359|-47|-56|CG1313358|-32|-75|CG1313359|-47|-56|CG1313360|-48|-56|CG1313361|-36|-62|CG1313361|-36|-62
741|0|6|2091|24|CG1313381|-18|-58|CG1313381|-18|-58|CG1313382|-26|-74|CG1313382|-26|-74|CG1313383|-18|-63|CG1313383|-18|-63|CG1313384|-18|-43|CG1313384|-18|-43|CG1313385|-18|-44|CG1313385|-18|-44|CG1313385|-18|-44|CG1313385|-18|-44|CG1313385|-18|-44|CG1313385|-18|-44|CG1313386|-19|-39|CG1313387|-20|-35|CG1313388|-19|-30|CG1313388|-19|-30|CG1313388|-19|-30|CG1313388|-19|-30|CG1313387|-20|-35|CG1313387|-20|-35|CG1313386|-19|-39|CG1313386|-19|-39
741|0|7|1088|13|CG1312861|-23|-59|CG1312861|-23|-59|CG1312862|-23|-60|CG1312862|-23|-60|CG1312863|-33|-61|CG1312863|-33|-61|CG1312864|-26|-73|CG1312865|-26|-72|CG1312866|-22|-83|CG1312867|-28|-77|CG1312867|-28|-77|CG1312868|-21|-58|CG1312868|-21|-58
741|0|8|1000|2|CG1313376|-25|-59|CG1313377|-15|-49
741|0|9|1000|1|CG1313378|-22|-61
741|0|10|1190|6|CG1313370|-23|-58|CG1313371|-18|-57|CG1313372|-26|-85|CG1313373|-49|-71|CG1313374|-57|-48|CG1313375|-59|-46
741|1|0|8000|40|CG1313443|-16|-58|CG1313444|-15|-58|CG1313445|-15|-58|CG1313444|-15|-58|CG1313443|-16|-58|CG1313446|-17|-56|CG1313447|-18|-56|CG1313447|-18|-56|CG1313447|-18|-56|CG1313447|-18|-56|CG1313446|-17|-56|CG1313443|-16|-58|CG1313444|-15|-58|CG1313445|-15|-58|CG1313444|-15|-58|CG1313443|-16|-58|CG1313444|-15|-58|CG1313445|-15|-58|CG1313444|-15|-58|CG1313443|-16|-58|CG1313446|-17|-56|CG1313447|-18|-56|CG1313447|-18|-56|CG1313447|-18|-56|CG1313446|-17|-56|CG1313443|-16|-58|CG1313446|-17|-56|CG1313447|-18|-56|CG1313447|-18|-56|CG1313447|-18|-56|CG1313447|-18|-56|CG1313446|-17|-56|CG1313443|-16|-58|CG1313444|-15|-58|CG1313445|-15|-58|CG1313444|-15|-58|CG1313443|-16|-58|CG1313444|-15|-58|CG1313445|-15|-58|CG1313444|-15|-58
741|1|1|1000|6|CG1313450|-25|-55|CG1313451|-24|-60|CG1313452|-24|-57|CG1313453|-24|-55|CG1313454|-25|-60|CG1313455|-26|-57
741|1|2|600|5|CG1325413|-100|-113|CG1325414|-102|-107|CG1325415|-90|-159|CG1325416|-142|-98|CG1325417|-131|-103
741|1|3|510|6|CG1313413|-25|-61|CG1313414|-31|-62|CG1313415|-30|-60|CG1313416|-22|-62|CG1313417|-29|-61|CG1313418|-33|-60
741|1|4|
741|1|5|1190|21|CG1313407|-16|-60|CG1313407|-16|-60|CG1313408|-18|-75|CG1313408|-18|-75|CG1313409|-18|-77|CG1313410|-20|-61|CG1313411|-20|-59|CG1313410|-20|-61|CG1313409|-18|-77|CG1313410|-20|-61|CG1313411|-20|-59|CG1313410|-20|-61|CG1313409|-18|-77|CG1313410|-20|-61|CG1313411|-20|-59|CG1313410|-20|-61|CG1313409|-18|-77|CG1313410|-20|-61|CG1313411|-20|-59|CG1313412|-19|-60|CG1313412|-19|-60
741|1|6|2091|24|CG1313432|-29|-56|CG1313432|-29|-56|CG1313433|-29|-68|CG1313433|-29|-68|CG1313434|-33|-55|CG1313434|-33|-55|CG1313435|-22|-38|CG1313435|-22|-38|CG1313436|-22|-41|CG1313436|-22|-41|CG1313436|-22|-41|CG1313436|-22|-41|CG1313436|-22|-41|CG1313436|-22|-41|CG1313437|-21|-37|CG1313438|-21|-39|CG1313439|-31|-25|CG1313439|-31|-25|CG1313439|-31|-25|CG1313439|-31|-25|CG1313438|-21|-39|CG1313438|-21|-39|CG1313437|-21|-37|CG1313437|-21|-37
741|1|7|1088|13|CG1312929|-19|-58|CG1312929|-19|-58|CG1312930|-17|-59|CG1312930|-17|-59|CG1312931|-18|-60|CG1312931|-18|-60|CG1312932|-20|-79|CG1312933|-20|-71|CG1312934|-23|-82|CG1312935|-20|-78|CG1312935|-20|-78|CG1312936|-25|-57|CG1312936|-25|-57
741|1|8|1000|2|CG1313427|-21|-58|CG1313428|-19|-43
741|1|9|1000|1|CG1313429|-18|-55
741|1|10|1190|6|CG1313421|-33|-57|CG1313422|-31|-58|CG1313423|-25|-79|CG1313424|-28|-70|CG1313425|-26|-54|CG1313426|-25|-55
741|2|0|8000|40|CG1313494|-15|-59|CG1313495|-15|-59|CG1313496|-15|-59|CG1313495|-15|-59|CG1313494|-15|-59|CG1313497|-19|-57|CG1313498|-20|-56|CG1313498|-20|-56|CG1313498|-20|-56|CG1313498|-20|-56|CG1313497|-19|-57|CG1313494|-15|-59|CG1313495|-15|-59|CG1313496|-15|-59|CG1313495|-15|-59|CG1313494|-15|-59|CG1313495|-15|-59|CG1313496|-15|-59|CG1313495|-15|-59|CG1313494|-15|-59|CG1313497|-19|-57|CG1313498|-20|-56|CG1313498|-20|-56|CG1313498|-20|-56|CG1313497|-19|-57|CG1313494|-15|-59|CG1313497|-19|-57|CG1313498|-20|-56|CG1313498|-20|-56|CG1313498|-20|-56|CG1313498|-20|-56|CG1313497|-19|-57|CG1313494|-15|-59|CG1313495|-15|-59|CG1313496|-15|-59|CG1313495|-15|-59|CG1313494|-15|-59|CG1313495|-15|-59|CG1313496|-15|-59|CG1313495|-15|-59
741|2|1|1000|6|CG1313501|-26|-55|CG1313502|-23|-60|CG1313503|-26|-58|CG1313504|-27|-56|CG1313505|-25|-60|CG1313506|-26|-57
741|2|2|600|5|CG1325469|-119|-113|CG1325470|-90|-142|CG1325471|-82|-174|CG1325472|-99|-116|CG1325473|-109|-103
741|2|3|510|6|CG1313464|-23|-64|CG1313465|-20|-62|CG1313466|-32|-61|CG1313467|-29|-62|CG1313468|-31|-63|CG1313469|-22|-62
741|2|4|
741|2|5|1190|21|CG1313458|-12|-60|CG1313458|-12|-60|CG1313459|-10|-64|CG1313459|-10|-64|CG1313460|-12|-66|CG1313461|-13|-60|CG1313462|-12|-60|CG1313461|-13|-60|CG1313460|-12|-66|CG1313461|-13|-60|CG1313462|-12|-60|CG1313461|-13|-60|CG1313460|-12|-66|CG1313461|-13|-60|CG1313462|-12|-60|CG1313461|-13|-60|CG1313460|-12|-66|CG1313461|-13|-60|CG1313462|-12|-60|CG1313463|-17|-59|CG1313463|-17|-59
741|2|6|2091|24|CG1313483|-30|-58|CG1313483|-30|-58|CG1313484|-37|-64|CG1313484|-37|-64|CG1313485|-34|-57|CG1313485|-34|-57|CG1313486|-23|-43|CG1313486|-23|-43|CG1313487|-24|-44|CG1313487|-24|-44|CG1313487|-24|-44|CG1313487|-24|-44|CG1313487|-24|-44|CG1313487|-24|-44|CG1313488|-28|-39|CG1313489|-36|-45|CG1313490|-48|-30|CG1313490|-48|-30|CG1313490|-48|-30|CG1313490|-48|-30|CG1313489|-36|-45|CG1313489|-36|-45|CG1313488|-28|-39|CG1313488|-28|-39
741|2|7|1088|13|CG1312997|-15|-60|CG1312997|-15|-60|CG1312998|-13|-61|CG1312998|-13|-61|CG1312999|-14|-61|CG1312999|-14|-61|CG1313000|-20|-80|CG1313001|-28|-74|CG1313002|-26|-82|CG1313003|-22|-79|CG1313003|-22|-79|CG1313004|-25|-58|CG1313004|-25|-58
741|2|8|1000|2|CG1313478|-12|-59|CG1313479|-49|-38
741|2|9|1000|1|CG1313480|-20|-50
741|2|10|1190|6|CG1313472|-29|-58|CG1313473|-32|-57|CG1313474|-15|-65|CG1313475|-14|-54|CG1313476|-15|-46|CG1313477|-16|-45
741|3|0|8000|40|CG1313545|-14|-62|CG1313546|-14|-63|CG1313547|-14|-63|CG1313546|-14|-63|CG1313545|-14|-62|CG1313548|-17|-61|CG1313549|-18|-59|CG1313549|-18|-59|CG1313549|-18|-59|CG1313549|-18|-59|CG1313548|-17|-61|CG1313545|-14|-62|CG1313546|-14|-63|CG1313547|-14|-63|CG1313546|-14|-63|CG1313545|-14|-62|CG1313546|-14|-63|CG1313547|-14|-63|CG1313546|-14|-63|CG1313545|-14|-62|CG1313548|-17|-61|CG1313549|-18|-59|CG1313549|-18|-59|CG1313549|-18|-59|CG1313548|-17|-61|CG1313545|-14|-62|CG1313548|-17|-61|CG1313549|-18|-59|CG1313549|-18|-59|CG1313549|-18|-59|CG1313549|-18|-59|CG1313548|-17|-61|CG1313545|-14|-62|CG1313546|-14|-63|CG1313547|-14|-63|CG1313546|-14|-63|CG1313545|-14|-62|CG1313546|-14|-63|CG1313547|-14|-63|CG1313546|-14|-63
741|3|1|1000|6|CG1313552|-22|-58|CG1313553|-20|-62|CG1313554|-18|-61|CG1313555|-23|-59|CG1313556|-20|-63|CG1313557|-19|-60
741|3|2|600|5|CG1325525|-125|-117|CG1325526|-119|-165|CG1325527|-116|-175|CG1325528|-58|-136|CG1325529|-81|-129
741|3|3|510|6|CG1313515|-24|-60|CG1313516|-22|-58|CG1313517|-21|-60|CG1313518|-27|-62|CG1313519|-21|-60|CG1313520|-22|-60
741|3|4|
741|3|5|1190|21|CG1313509|-10|-62|CG1313509|-10|-62|CG1313510|-9|-61|CG1313510|-9|-61|CG1313511|-11|-59|CG1313512|-12|-59|CG1313513|-12|-58|CG1313512|-12|-59|CG1313511|-11|-59|CG1313512|-12|-59|CG1313513|-12|-58|CG1313512|-12|-59|CG1313511|-11|-59|CG1313512|-12|-59|CG1313513|-12|-58|CG1313512|-12|-59|CG1313511|-11|-59|CG1313512|-12|-59|CG1313513|-12|-58|CG1313514|-12|-61|CG1313514|-12|-61
741|3|6|2091|24|CG1313534|-20|-59|CG1313534|-20|-59|CG1313535|-25|-65|CG1313535|-25|-65|CG1313536|-39|-61|CG1313536|-39|-61|CG1313537|-28|-49|CG1313537|-28|-49|CG1313538|-29|-45|CG1313538|-29|-45|CG1313538|-29|-45|CG1313538|-29|-45|CG1313538|-29|-45|CG1313538|-29|-45|CG1313539|-29|-47|CG1313540|-38|-50|CG1313541|-45|-41|CG1313541|-45|-41|CG1313541|-45|-41|CG1313541|-45|-41|CG1313540|-38|-50|CG1313540|-38|-50|CG1313539|-29|-47|CG1313539|-29|-47
741|3|7|1088|13|CG1313065|-17|-62|CG1313065|-17|-62|CG1313066|-25|-58|CG1313066|-25|-58|CG1313067|-14|-64|CG1313067|-14|-64|CG1313068|-22|-77|CG1313069|-30|-77|CG1313070|-18|-84|CG1313071|-29|-77|CG1313071|-29|-77|CG1313072|-23|-58|CG1313072|-23|-58
741|3|8|1000|2|CG1313529|-14|-57|CG1313530|-56|-42
741|3|9|1000|1|CG1313531|-21|-52
741|3|10|1190|6|CG1313523|-15|-61|CG1313524|-19|-59|CG1313525|-8|-56|CG1313526|-10|-38|CG1313527|-11|-26|CG1313528|-12|-22
741|4|0|8000|40|CG1313596|-17|-63|CG1313597|-18|-63|CG1313598|-19|-63|CG1313597|-18|-63|CG1313596|-17|-63|CG1313599|-19|-63|CG1313600|-20|-63|CG1313600|-20|-63|CG1313600|-20|-63|CG1313600|-20|-63|CG1313599|-19|-63|CG1313596|-17|-63|CG1313597|-18|-63|CG1313598|-19|-63|CG1313597|-18|-63|CG1313596|-17|-63|CG1313597|-18|-63|CG1313598|-19|-63|CG1313597|-18|-63|CG1313596|-17|-63|CG1313599|-19|-63|CG1313600|-20|-63|CG1313600|-20|-63|CG1313600|-20|-63|CG1313599|-19|-63|CG1313596|-17|-63|CG1313599|-19|-63|CG1313600|-20|-63|CG1313600|-20|-63|CG1313600|-20|-63|CG1313600|-20|-63|CG1313599|-19|-63|CG1313596|-17|-63|CG1313597|-18|-63|CG1313598|-19|-63|CG1313597|-18|-63|CG1313596|-17|-63|CG1313597|-18|-63|CG1313598|-19|-63|CG1313597|-18|-63
741|4|1|1000|6|CG1313603|-21|-59|CG1313604|-21|-62|CG1313605|-23|-60|CG1313606|-22|-58|CG1313607|-20|-62|CG1313608|-21|-61
741|4|2|600|5|CG1325581|-118|-123|CG1325582|-92|-162|CG1325583|-82|-152|CG1325584|-98|-119|CG1325585|-112|-122
741|4|3|510|6|CG1313566|-35|-55|CG1313567|-31|-50|CG1313568|-23|-55|CG1313569|-23|-59|CG1313570|-21|-54|CG1313571|-27|-53
741|4|4|
741|4|5|1190|21|CG1313560|-11|-60|CG1313560|-11|-60|CG1313561|-9|-57|CG1313561|-9|-57|CG1313562|-11|-58|CG1313563|-13|-55|CG1313564|-14|-54|CG1313563|-13|-55|CG1313562|-11|-58|CG1313563|-13|-55|CG1313564|-14|-54|CG1313563|-13|-55|CG1313562|-11|-58|CG1313563|-13|-55|CG1313564|-14|-54|CG1313563|-13|-55|CG1313562|-11|-58|CG1313563|-13|-55|CG1313564|-14|-54|CG1313565|-13|-59|CG1313565|-13|-59
741|4|6|2091|24|CG1313585|-26|-57|CG1313585|-26|-57|CG1313586|-35|-71|CG1313586|-35|-71|CG1313587|-31|-63|CG1313587|-31|-63|CG1313588|-33|-53|CG1313588|-33|-53|CG1313589|-33|-43|CG1313589|-33|-43|CG1313589|-33|-43|CG1313589|-33|-43|CG1313589|-33|-43|CG1313589|-33|-43|CG1313590|-33|-54|CG1313591|-35|-54|CG1313592|-39|-51|CG1313592|-39|-51|CG1313592|-39|-51|CG1313592|-39|-51|CG1313591|-35|-54|CG1313591|-35|-54|CG1313590|-33|-54|CG1313590|-33|-54
741|4|7|1088|13|CG1313133|-25|-60|CG1313133|-25|-60|CG1313134|-30|-50|CG1313134|-30|-50|CG1313135|-21|-64|CG1313135|-21|-64|CG1313136|-27|-77|CG1313137|-34|-79|CG1313138|-14|-81|CG1313139|-23|-70|CG1313139|-23|-70|CG1313140|-21|-55|CG1313140|-21|-55
741|4|8|1000|2|CG1313580|-17|-52|CG1313581|-45|-50
741|4|9|1000|1|CG1313582|-19|-52
741|4|10|1190|6|CG1313574|-26|-63|CG1313575|-34|-60|CG1313576|-14|-50|CG1313577|-15|-24|CG1313578|-16|-19|CG1313579|-16|-17
741|5|0|8000|40|CG1313647|-20|-60|CG1313648|-21|-60|CG1313649|-21|-60|CG1313648|-21|-60|CG1313647|-20|-60|CG1313650|-21|-61|CG1313651|-22|-61|CG1313651|-22|-61|CG1313651|-22|-61|CG1313651|-22|-61|CG1313650|-21|-61|CG1313647|-20|-60|CG1313648|-21|-60|CG1313649|-21|-60|CG1313648|-21|-60|CG1313647|-20|-60|CG1313648|-21|-60|CG1313649|-21|-60|CG1313648|-21|-60|CG1313647|-20|-60|CG1313650|-21|-61|CG1313651|-22|-61|CG1313651|-22|-61|CG1313651|-22|-61|CG1313650|-21|-61|CG1313647|-20|-60|CG1313650|-21|-61|CG1313651|-22|-61|CG1313651|-22|-61|CG1313651|-22|-61|CG1313651|-22|-61|CG1313650|-21|-61|CG1313647|-20|-60|CG1313648|-21|-60|CG1313649|-21|-60|CG1313648|-21|-60|CG1313647|-20|-60|CG1313648|-21|-60|CG1313649|-21|-60|CG1313648|-21|-60
741|5|1|1000|6|CG1313654|-26|-57|CG1313655|-28|-60|CG1313656|-26|-58|CG1313657|-23|-57|CG1313658|-24|-59|CG1313659|-26|-58
741|5|2|600|5|CG1325637|-87|-102|CG1325638|-101|-134|CG1325639|-81|-118|CG1325640|-146|-102|CG1325641|-132|-115
741|5|3|510|6|CG1313617|-44|-56|CG1313618|-43|-50|CG1313619|-28|-50|CG1313620|-27|-56|CG1313621|-30|-49|CG1313622|-35|-50
741|5|4|
741|5|5|1190|21|CG1313611|-25|-57|CG1313611|-25|-57|CG1313612|-22|-52|CG1313612|-22|-52|CG1313613|-17|-54|CG1313614|-16|-52|CG1313615|-17|-51|CG1313614|-16|-52|CG1313613|-17|-54|CG1313614|-16|-52|CG1313615|-17|-51|CG1313614|-16|-52|CG1313613|-17|-54|CG1313614|-16|-52|CG1313615|-17|-51|CG1313614|-16|-52|CG1313613|-17|-54|CG1313614|-16|-52|CG1313615|-17|-51|CG1313616|-17|-56|CG1313616|-17|-56
741|5|6|2091|24|CG1313636|-39|-53|CG1313636|-39|-53|CG1313637|-29|-79|CG1313637|-29|-79|CG1313638|-34|-60|CG1313638|-34|-60|CG1313639|-42|-51|CG1313639|-42|-51|CG1313640|-42|-40|CG1313640|-42|-40|CG1313640|-42|-40|CG1313640|-42|-40|CG1313640|-42|-40|CG1313640|-42|-40|CG1313641|-42|-54|CG1313642|-42|-55|CG1313643|-41|-55|CG1313643|-41|-55|CG1313643|-41|-55|CG1313643|-41|-55|CG1313642|-42|-55|CG1313642|-42|-55|CG1313641|-42|-54|CG1313641|-42|-54
741|5|7|1088|13|CG1313201|-24|-57|CG1313201|-24|-57|CG1313202|-22|-51|CG1313202|-22|-51|CG1313203|-22|-63|CG1313203|-22|-63|CG1313204|-23|-77|CG1313205|-21|-80|CG1313206|-20|-79|CG1313207|-20|-62|CG1313207|-20|-62|CG1313208|-22|-51|CG1313208|-22|-51
741|5|8|1000|2|CG1313631|-26|-45|CG1313632|-29|-56
741|5|9|1000|1|CG1313633|-34|-49
741|5|10|1190|6|CG1313625|-34|-60|CG1313626|-53|-57|CG1313627|-36|-51|CG1313628|-36|-20|CG1313629|-37|-15|CG1313630|-37|-15
741|6|0|8000|40|CG1313698|-37|-63|CG1313699|-35|-63|CG1313700|-34|-63|CG1313699|-35|-63|CG1313698|-37|-63|CG1313701|-38|-63|CG1313702|-40|-63|CG1313702|-40|-63|CG1313702|-40|-63|CG1313702|-40|-63|CG1313701|-38|-63|CG1313698|-37|-63|CG1313699|-35|-63|CG1313700|-34|-63|CG1313699|-35|-63|CG1313698|-37|-63|CG1313699|-35|-63|CG1313700|-34|-63|CG1313699|-35|-63|CG1313698|-37|-63|CG1313701|-38|-63|CG1313702|-40|-63|CG1313702|-40|-63|CG1313702|-40|-63|CG1313701|-38|-63|CG1313698|-37|-63|CG1313701|-38|-63|CG1313702|-40|-63|CG1313702|-40|-63|CG1313702|-40|-63|CG1313702|-40|-63|CG1313701|-38|-63|CG1313698|-37|-63|CG1313699|-35|-63|CG1313700|-34|-63|CG1313699|-35|-63|CG1313698|-37|-63|CG1313699|-35|-63|CG1313700|-34|-63|CG1313699|-35|-63
741|6|1|1000|6|CG1313705|-35|-58|CG1313706|-40|-62|CG1313707|-38|-61|CG1313708|-36|-59|CG1313709|-39|-62|CG1313710|-36|-60
741|6|2|600|5|CG1325693|-56|-115|CG1325694|-66|-158|CG1325695|-93|-143|CG1325696|-109|-126|CG1325697|-81|-115
741|6|3|510|6|CG1313668|-35|-59|CG1313669|-36|-54|CG1313670|-41|-53|CG1313671|-31|-54|CG1313672|-31|-50|CG1313673|-40|-55
741|6|4|
741|6|5|1190|21|CG1313662|-48|-60|CG1313662|-48|-60|CG1313663|-42|-56|CG1313663|-42|-56|CG1313664|-50|-52|CG1313665|-45|-51|CG1313666|-33|-50|CG1313665|-45|-51|CG1313664|-50|-52|CG1313665|-45|-51|CG1313666|-33|-50|CG1313665|-45|-51|CG1313664|-50|-52|CG1313665|-45|-51|CG1313666|-33|-50|CG1313665|-45|-51|CG1313664|-50|-52|CG1313665|-45|-51|CG1313666|-33|-50|CG1313667|-41|-56|CG1313667|-41|-56
741|6|6|2091|24|CG1313687|-40|-57|CG1313687|-40|-57|CG1313688|-26|-83|CG1313688|-26|-83|CG1313689|-25|-63|CG1313689|-25|-63|CG1313690|-37|-53|CG1313690|-37|-53|CG1313691|-38|-43|CG1313691|-38|-43|CG1313691|-38|-43|CG1313691|-38|-43|CG1313691|-38|-43|CG1313691|-38|-43|CG1313692|-38|-54|CG1313693|-38|-54|CG1313694|-37|-51|CG1313694|-37|-51|CG1313694|-37|-51|CG1313694|-37|-51|CG1313693|-38|-54|CG1313693|-38|-54|CG1313692|-38|-54|CG1313692|-38|-54
741|6|7|1088|13|CG1313269|-16|-60|CG1313269|-16|-60|CG1313270|-22|-55|CG1313270|-22|-55|CG1313271|-19|-64|CG1313271|-19|-64|CG1313272|-16|-76|CG1313273|-21|-79|CG1313274|-29|-81|CG1313275|-25|-63|CG1313275|-25|-63|CG1313276|-24|-55|CG1313276|-24|-55
741|6|8|1000|2|CG1313682|-43|-49|CG1313683|-23|-50
741|6|9|1000|1|CG1313684|-32|-53
741|6|10|1190|6|CG1313676|-20|-63|CG1313677|-47|-60|CG1313678|-48|-67|CG1313679|-65|-31|CG1313680|-84|-19|CG1313681|-85|-18
741|7|0|8000|40|CG1313749|-37|-62|CG1313750|-36|-63|CG1313751|-35|-63|CG1313750|-36|-63|CG1313749|-37|-62|CG1313752|-36|-61|CG1313753|-36|-59|CG1313753|-36|-59|CG1313753|-36|-59|CG1313753|-36|-59|CG1313752|-36|-61|CG1313749|-37|-62|CG1313750|-36|-63|CG1313751|-35|-63|CG1313750|-36|-63|CG1313749|-37|-62|CG1313750|-36|-63|CG1313751|-35|-63|CG1313750|-36|-63|CG1313749|-37|-62|CG1313752|-36|-61|CG1313753|-36|-59|CG1313753|-36|-59|CG1313753|-36|-59|CG1313752|-36|-61|CG1313749|-37|-62|CG1313752|-36|-61|CG1313753|-36|-59|CG1313753|-36|-59|CG1313753|-36|-59|CG1313753|-36|-59|CG1313752|-36|-61|CG1313749|-37|-62|CG1313750|-36|-63|CG1313751|-35|-63|CG1313750|-36|-63|CG1313749|-37|-62|CG1313750|-36|-63|CG1313751|-35|-63|CG1313750|-36|-63
741|7|1|1000|6|CG1313756|-26|-59|CG1313757|-31|-63|CG1313758|-32|-60|CG1313759|-33|-58|CG1313760|-34|-62|CG1313761|-28|-61
741|7|2|600|5|CG1325749|-65|-111|CG1325750|-73|-164|CG1325751|-68|-170|CG1325752|-60|-150|CG1325753|-60|-127
741|7|3|510|6|CG1313719|-27|-61|CG1313720|-27|-59|CG1313721|-39|-59|CG1313722|-37|-60|CG1313723|-37|-58|CG1313724|-28|-60
741|7|4|
741|7|5|1190|21|CG1313713|-44|-62|CG1313713|-44|-62|CG1313714|-40|-67|CG1313714|-40|-67|CG1313715|-56|-60|CG1313716|-63|-52|CG1313717|-57|-52|CG1313716|-63|-52|CG1313715|-56|-60|CG1313716|-63|-52|CG1313717|-57|-52|CG1313716|-63|-52|CG1313715|-56|-60|CG1313716|-63|-52|CG1313717|-57|-52|CG1313716|-63|-52|CG1313715|-56|-60|CG1313716|-63|-52|CG1313717|-57|-52|CG1313718|-54|-61|CG1313718|-54|-61
741|7|6|2091|24|CG1313738|-25|-59|CG1313738|-25|-59|CG1313739|-22|-81|CG1313739|-22|-81|CG1313740|-14|-67|CG1313740|-14|-67|CG1313741|-18|-49|CG1313741|-18|-49|CG1313742|-19|-45|CG1313742|-19|-45|CG1313742|-19|-45|CG1313742|-19|-45|CG1313742|-19|-45|CG1313742|-19|-45|CG1313743|-19|-47|CG1313744|-18|-44|CG1313745|-19|-41|CG1313745|-19|-41|CG1313745|-19|-41|CG1313745|-19|-41|CG1313744|-18|-44|CG1313744|-18|-44|CG1313743|-19|-47|CG1313743|-19|-47
741|7|7|1088|13|CG1313337|-19|-61|CG1313337|-19|-61|CG1313338|-27|-59|CG1313338|-27|-59|CG1313339|-33|-64|CG1313339|-33|-64|CG1313340|-22|-74|CG1313341|-30|-74|CG1313342|-24|-82|CG1313343|-33|-71|CG1313343|-33|-71|CG1313344|-22|-58|CG1313344|-22|-58
741|7|8|1000|2|CG1313733|-38|-56|CG1313734|-12|-50
741|7|9|1000|1|CG1313735|-23|-61
741|7|10|1190|6|CG1313727|-14|-61|CG1313728|-19|-59|CG1313729|-36|-80|CG1313730|-64|-56|CG1313731|-86|-27|CG1313732|-87|-25
