742|0|0|8000|40|CG1313802|-33|-59|CG1313803|-34|-59|CG1313804|-33|-59|CG1313803|-34|-59|CG1313802|-33|-59|CG1313805|-27|-56|CG1313806|-26|-56|CG1313806|-26|-56|CG1313806|-26|-56|CG1313806|-26|-56|CG1313805|-27|-56|CG1313802|-33|-59|CG1313803|-34|-59|CG1313804|-33|-59|CG1313803|-34|-59|CG1313802|-33|-59|CG1313803|-34|-59|CG1313804|-33|-59|CG1313803|-34|-59|CG1313802|-33|-59|CG1313805|-27|-56|CG1313806|-26|-56|CG1313806|-26|-56|CG1313806|-26|-56|CG1313805|-27|-56|CG1313802|-33|-59|CG1313805|-27|-56|CG1313806|-26|-56|CG1313806|-26|-56|CG1313806|-26|-56|CG1313806|-26|-56|CG1313805|-27|-56|CG1313802|-33|-59|CG1313803|-34|-59|CG1313804|-33|-59|CG1313803|-34|-59|CG1313802|-33|-59|CG1313803|-34|-59|CG1313804|-33|-59|CG1313803|-34|-59
742|0|1|1000|6|CG1313809|-19|-56|CG1313810|-23|-60|CG1313811|-26|-57|CG1313812|-29|-55|CG1313813|-27|-60|CG1313814|-22|-58
742|0|2|600|5|CG1325357|-54|-113|CG1325358|-66|-144|CG1325359|-95|-176|CG1325360|-103|-137|CG1325361|-78|-106
742|0|3|510|6|CG1313772|-35|-61|CG1313773|-31|-62|CG1313774|-36|-62|CG1313775|-43|-64|CG1313776|-42|-62|CG1313777|-29|-61
742|0|4|
742|0|5|1000|8|CG1313764|-27|-59|CG1313765|-23|-58|CG1313766|-34|-89|CG1313767|-24|-78|CG1313768|-43|-114|CG1313769|-58|-72|CG1313770|-56|-69|CG1313771|-49|-59
742|0|6|2091|24|CG1313791|-18|-58|CG1313791|-18|-58|CG1313792|-26|-86|CG1313792|-26|-86|CG1313793|-18|-75|CG1313793|-18|-75|CG1313794|-18|-43|CG1313794|-18|-43|CG1313795|-18|-44|CG1313795|-18|-44|CG1313795|-18|-44|CG1313795|-18|-44|CG1313795|-18|-44|CG1313795|-18|-44|CG1313796|-19|-39|CG1313797|-20|-35|CG1313798|-19|-31|CG1313798|-19|-31|CG1313798|-19|-31|CG1313798|-19|-31|CG1313797|-20|-35|CG1313797|-20|-35|CG1313796|-19|-39|CG1313796|-19|-39
742|0|7|1088|13|CG1312861|-23|-59|CG1312861|-23|-59|CG1312862|-23|-60|CG1312862|-23|-60|CG1312863|-33|-61|CG1312863|-33|-61|CG1312864|-26|-73|CG1312865|-26|-72|CG1312866|-22|-83|CG1312867|-28|-77|CG1312867|-28|-77|CG1312868|-21|-58|CG1312868|-21|-58
742|0|8|1000|2|CG1313786|-25|-62|CG1313787|-15|-53
742|0|9|1000|1|CG1313788|-22|-65
742|0|10|1190|6|CG1313780|-23|-58|CG1313781|-18|-65|CG1313782|-26|-95|CG1313783|-49|-79|CG1313784|-60|-57|CG1313785|-61|-54
742|1|0|8000|40|CG1313855|-16|-58|CG1313856|-15|-58|CG1313857|-15|-58|CG1313856|-15|-58|CG1313855|-16|-58|CG1313858|-17|-58|CG1313859|-18|-58|CG1313859|-18|-58|CG1313859|-18|-58|CG1313859|-18|-58|CG1313858|-17|-58|CG1313855|-16|-58|CG1313856|-15|-58|CG1313857|-15|-58|CG1313856|-15|-58|CG1313855|-16|-58|CG1313856|-15|-58|CG1313857|-15|-58|CG1313856|-15|-58|CG1313855|-16|-58|CG1313858|-17|-58|CG1313859|-18|-58|CG1313859|-18|-58|CG1313859|-18|-58|CG1313858|-17|-58|CG1313855|-16|-58|CG1313858|-17|-58|CG1313859|-18|-58|CG1313859|-18|-58|CG1313859|-18|-58|CG1313859|-18|-58|CG1313858|-17|-58|CG1313855|-16|-58|CG1313856|-15|-58|CG1313857|-15|-58|CG1313856|-15|-58|CG1313855|-16|-58|CG1313856|-15|-58|CG1313857|-15|-58|CG1313856|-15|-58
742|1|1|1000|6|CG1313862|-25|-55|CG1313863|-24|-60|CG1313864|-24|-57|CG1313865|-24|-55|CG1313866|-25|-60|CG1313867|-26|-57
742|1|2|600|5|CG1325413|-100|-113|CG1325414|-102|-107|CG1325415|-90|-159|CG1325416|-142|-98|CG1325417|-131|-103
742|1|3|510|6|CG1313825|-25|-61|CG1313826|-31|-62|CG1313827|-30|-60|CG1313828|-36|-62|CG1313829|-29|-61|CG1313830|-33|-60
742|1|4|
742|1|5|1000|8|CG1313817|-26|-57|CG1313818|-24|-57|CG1313819|-25|-88|CG1313820|-23|-79|CG1313821|-22|-113|CG1313822|-23|-75|CG1313823|-19|-79|CG1313824|-22|-65
742|1|6|2091|24|CG1313844|-29|-56|CG1313844|-29|-56|CG1313845|-29|-83|CG1313845|-29|-83|CG1313846|-33|-70|CG1313846|-33|-70|CG1313847|-22|-38|CG1313847|-22|-38|CG1313848|-22|-41|CG1313848|-22|-41|CG1313848|-22|-41|CG1313848|-22|-41|CG1313848|-22|-41|CG1313848|-22|-41|CG1313849|-21|-37|CG1313850|-21|-39|CG1313851|-31|-25|CG1313851|-31|-25|CG1313851|-31|-25|CG1313851|-31|-25|CG1313850|-21|-39|CG1313850|-21|-39|CG1313849|-21|-37|CG1313849|-21|-37
742|1|7|1088|13|CG1312929|-19|-58|CG1312929|-19|-58|CG1312930|-17|-59|CG1312930|-17|-59|CG1312931|-18|-60|CG1312931|-18|-60|CG1312932|-20|-79|CG1312933|-20|-71|CG1312934|-23|-82|CG1312935|-20|-78|CG1312935|-20|-78|CG1312936|-25|-57|CG1312936|-25|-57
742|1|8|1000|2|CG1313839|-21|-64|CG1313840|-19|-53
742|1|9|1000|1|CG1313841|-18|-60
742|1|10|1190|6|CG1313833|-33|-57|CG1313834|-31|-58|CG1313835|-25|-92|CG1313836|-28|-82|CG1313837|-26|-58|CG1313838|-25|-59
742|2|0|8000|40|CG1313908|-15|-59|CG1313909|-15|-59|CG1313910|-15|-59|CG1313909|-15|-59|CG1313908|-15|-59|CG1313911|-20|-56|CG1313912|-20|-56|CG1313912|-20|-56|CG1313912|-20|-56|CG1313912|-20|-56|CG1313911|-20|-56|CG1313908|-15|-59|CG1313909|-15|-59|CG1313910|-15|-59|CG1313909|-15|-59|CG1313908|-15|-59|CG1313909|-15|-59|CG1313910|-15|-59|CG1313909|-15|-59|CG1313908|-15|-59|CG1313911|-20|-56|CG1313912|-20|-56|CG1313912|-20|-56|CG1313912|-20|-56|CG1313911|-20|-56|CG1313908|-15|-59|CG1313911|-20|-56|CG1313912|-20|-56|CG1313912|-20|-56|CG1313912|-20|-56|CG1313912|-20|-56|CG1313911|-20|-56|CG1313908|-15|-59|CG1313909|-15|-59|CG1313910|-15|-59|CG1313909|-15|-59|CG1313908|-15|-59|CG1313909|-15|-59|CG1313910|-15|-59|CG1313909|-15|-59
742|2|1|1000|6|CG1313915|-26|-55|CG1313916|-23|-60|CG1313917|-26|-58|CG1313918|-27|-56|CG1313919|-25|-60|CG1313920|-26|-57
742|2|2|600|5|CG1325469|-119|-113|CG1325470|-90|-142|CG1325471|-82|-174|CG1325472|-99|-116|CG1325473|-109|-103
742|2|3|510|6|CG1313878|-23|-64|CG1313879|-20|-62|CG1313880|-32|-61|CG1313881|-29|-62|CG1313882|-31|-63|CG1313883|-22|-62
742|2|4|
742|2|5|1000|8|CG1313870|-27|-59|CG1313871|-30|-58|CG1313872|-13|-82|CG1313873|-17|-78|CG1313874|-6|-101|CG1313875|0|-72|CG1313876|1|-69|CG1313877|-6|-61
742|2|6|2091|24|CG1313897|-30|-58|CG1313897|-30|-58|CG1313898|-37|-81|CG1313898|-37|-81|CG1313899|-34|-60|CG1313899|-34|-60|CG1313900|-23|-43|CG1313900|-23|-43|CG1313901|-24|-44|CG1313901|-24|-44|CG1313901|-24|-44|CG1313901|-24|-44|CG1313901|-24|-44|CG1313901|-24|-44|CG1313902|-28|-39|CG1313903|-36|-45|CG1313904|-48|-30|CG1313904|-48|-30|CG1313904|-48|-30|CG1313904|-48|-30|CG1313903|-36|-45|CG1313903|-36|-45|CG1313902|-28|-39|CG1313902|-28|-39
742|2|7|1088|13|CG1312997|-15|-60|CG1312997|-15|-60|CG1312998|-13|-61|CG1312998|-13|-61|CG1312999|-14|-61|CG1312999|-14|-61|CG1313000|-20|-80|CG1313001|-28|-74|CG1313002|-26|-82|CG1313003|-22|-79|CG1313003|-22|-79|CG1313004|-25|-58|CG1313004|-25|-58
742|2|8|1000|2|CG1313892|-12|-59|CG1313893|-49|-51
742|2|9|1000|1|CG1313894|-20|-50
742|2|10|1190|6|CG1313886|-29|-58|CG1313887|-32|-57|CG1313888|-15|-75|CG1313889|-14|-67|CG1313890|-15|-46|CG1313891|-16|-45
742|3|0|8000|40|CG1313961|-14|-62|CG1313962|-14|-63|CG1313963|-14|-63|CG1313962|-14|-63|CG1313961|-14|-62|CG1313964|-17|-60|CG1313965|-18|-59|CG1313965|-18|-59|CG1313965|-18|-59|CG1313965|-18|-59|CG1313964|-17|-60|CG1313961|-14|-62|CG1313962|-14|-63|CG1313963|-14|-63|CG1313962|-14|-63|CG1313961|-14|-62|CG1313962|-14|-63|CG1313963|-14|-63|CG1313962|-14|-63|CG1313961|-14|-62|CG1313964|-17|-60|CG1313965|-18|-59|CG1313965|-18|-59|CG1313965|-18|-59|CG1313964|-17|-60|CG1313961|-14|-62|CG1313964|-17|-60|CG1313965|-18|-59|CG1313965|-18|-59|CG1313965|-18|-59|CG1313965|-18|-59|CG1313964|-17|-60|CG1313961|-14|-62|CG1313962|-14|-63|CG1313963|-14|-63|CG1313962|-14|-63|CG1313961|-14|-62|CG1313962|-14|-63|CG1313963|-14|-63|CG1313962|-14|-63
742|3|1|1000|6|CG1313968|-22|-58|CG1313969|-20|-62|CG1313970|-18|-61|CG1313971|-23|-59|CG1313972|-20|-63|CG1313973|-19|-60
742|3|2|600|5|CG1325525|-125|-117|CG1325526|-119|-165|CG1325527|-116|-175|CG1325528|-58|-136|CG1325529|-81|-129
742|3|3|510|6|CG1313931|-24|-60|CG1313932|-21|-58|CG1313933|-21|-60|CG1313934|-27|-62|CG1313935|-21|-60|CG1313936|-22|-60
742|3|4|
742|3|5|1000|8|CG1313923|-20|-62|CG1313924|-24|-54|CG1313925|-15|-77|CG1313926|-39|-77|CG1313927|-2|-85|CG1313928|14|-57|CG1313929|10|-57|CG1313930|-3|-58
742|3|6|2091|24|CG1313950|-20|-59|CG1313950|-20|-59|CG1313951|-30|-79|CG1313951|-30|-79|CG1313952|-39|-61|CG1313952|-39|-61|CG1313953|-28|-49|CG1313953|-28|-49|CG1313954|-29|-45|CG1313954|-29|-45|CG1313954|-29|-45|CG1313954|-29|-45|CG1313954|-29|-45|CG1313954|-29|-45|CG1313955|-29|-47|CG1313956|-38|-50|CG1313957|-45|-41|CG1313957|-45|-41|CG1313957|-45|-41|CG1313957|-45|-41|CG1313956|-38|-50|CG1313956|-38|-50|CG1313955|-29|-47|CG1313955|-29|-47
742|3|7|1088|13|CG1313065|-17|-62|CG1313065|-17|-62|CG1313066|-25|-58|CG1313066|-25|-58|CG1313067|-14|-64|CG1313067|-14|-64|CG1313068|-22|-77|CG1313069|-30|-77|CG1313070|-18|-84|CG1313071|-29|-77|CG1313071|-29|-77|CG1313072|-23|-58|CG1313072|-23|-58
742|3|8|1000|2|CG1313945|-14|-57|CG1313946|-56|-47
742|3|9|1000|1|CG1313947|-21|-52
742|3|10|1190|6|CG1313939|-15|-61|CG1313940|-19|-59|CG1313941|-8|-56|CG1313942|-10|-38|CG1313943|-11|-26|CG1313944|-12|-22
742|4|0|8000|40|CG1314014|-16|-63|CG1314015|-17|-63|CG1314016|-18|-63|CG1314015|-17|-63|CG1314014|-16|-63|CG1314017|-19|-63|CG1314018|-20|-63|CG1314018|-20|-63|CG1314018|-20|-63|CG1314018|-20|-63|CG1314017|-19|-63|CG1314014|-16|-63|CG1314015|-17|-63|CG1314016|-18|-63|CG1314015|-17|-63|CG1314014|-16|-63|CG1314015|-17|-63|CG1314016|-18|-63|CG1314015|-17|-63|CG1314014|-16|-63|CG1314017|-19|-63|CG1314018|-20|-63|CG1314018|-20|-63|CG1314018|-20|-63|CG1314017|-19|-63|CG1314014|-16|-63|CG1314017|-19|-63|CG1314018|-20|-63|CG1314018|-20|-63|CG1314018|-20|-63|CG1314018|-20|-63|CG1314017|-19|-63|CG1314014|-16|-63|CG1314015|-17|-63|CG1314016|-18|-63|CG1314015|-17|-63|CG1314014|-16|-63|CG1314015|-17|-63|CG1314016|-18|-63|CG1314015|-17|-63
742|4|1|1000|6|CG1314021|-21|-59|CG1314022|-21|-62|CG1314023|-22|-60|CG1314024|-22|-58|CG1314025|-20|-62|CG1314026|-21|-61
742|4|2|600|5|CG1325581|-118|-123|CG1325582|-92|-162|CG1325583|-82|-152|CG1325584|-98|-119|CG1325585|-112|-122
742|4|3|510|6|CG1313984|-45|-55|CG1313985|-40|-50|CG1313986|-23|-55|CG1313987|-23|-59|CG1313988|-21|-54|CG1313989|-27|-53
742|4|4|
742|4|5|1000|8|CG1313976|-28|-61|CG1313977|-30|-46|CG1313978|-18|-83|CG1313979|-40|-76|CG1313980|-5|-73|CG1313981|2|-46|CG1313982|0|-43|CG1313983|-9|-51
742|4|6|2091|24|CG1314003|-27|-57|CG1314003|-27|-57|CG1314004|-39|-80|CG1314004|-39|-80|CG1314005|-36|-63|CG1314005|-36|-63|CG1314006|-33|-53|CG1314006|-33|-53|CG1314007|-33|-43|CG1314007|-33|-43|CG1314007|-33|-43|CG1314007|-33|-43|CG1314007|-33|-43|CG1314007|-33|-43|CG1314008|-33|-54|CG1314009|-35|-54|CG1314010|-39|-51|CG1314010|-39|-51|CG1314010|-39|-51|CG1314010|-39|-51|CG1314009|-35|-54|CG1314009|-35|-54|CG1314008|-33|-54|CG1314008|-33|-54
742|4|7|1088|13|CG1313133|-25|-60|CG1313133|-25|-60|CG1313134|-30|-50|CG1313134|-30|-50|CG1313135|-21|-64|CG1313135|-21|-64|CG1313136|-27|-77|CG1313137|-34|-79|CG1313138|-14|-81|CG1313139|-23|-70|CG1313139|-23|-70|CG1313140|-21|-55|CG1313140|-21|-55
742|4|8|1000|2|CG1313998|-17|-52|CG1313999|-45|-50
742|4|9|1000|1|CG1314000|-31|-52
742|4|10|1190|6|CG1313992|-26|-63|CG1313993|-44|-60|CG1313994|-17|-50|CG1313995|-15|-24|CG1313996|-16|-19|CG1313997|-16|-17
742|5|0|8000|40|CG1314067|-20|-60|CG1314068|-20|-60|CG1314069|-21|-60|CG1314068|-20|-60|CG1314067|-20|-60|CG1314070|-23|-61|CG1314071|-25|-61|CG1314071|-25|-61|CG1314071|-25|-61|CG1314071|-25|-61|CG1314070|-23|-61|CG1314067|-20|-60|CG1314068|-20|-60|CG1314069|-21|-60|CG1314068|-20|-60|CG1314067|-20|-60|CG1314068|-20|-60|CG1314069|-21|-60|CG1314068|-20|-60|CG1314067|-20|-60|CG1314070|-23|-61|CG1314071|-25|-61|CG1314071|-25|-61|CG1314071|-25|-61|CG1314070|-23|-61|CG1314067|-20|-60|CG1314070|-23|-61|CG1314071|-25|-61|CG1314071|-25|-61|CG1314071|-25|-61|CG1314071|-25|-61|CG1314070|-23|-61|CG1314067|-20|-60|CG1314068|-20|-60|CG1314069|-21|-60|CG1314068|-20|-60|CG1314067|-20|-60|CG1314068|-20|-60|CG1314069|-21|-60|CG1314068|-20|-60
742|5|1|1000|6|CG1314074|-25|-57|CG1314075|-27|-60|CG1314076|-25|-58|CG1314077|-22|-57|CG1314078|-24|-59|CG1314079|-26|-58
742|5|2|600|5|CG1325637|-87|-102|CG1325638|-101|-134|CG1325639|-81|-118|CG1325640|-146|-102|CG1325641|-132|-115
742|5|3|510|6|CG1314037|-54|-56|CG1314038|-52|-50|CG1314039|-31|-50|CG1314040|-27|-56|CG1314041|-29|-49|CG1314042|-45|-50
742|5|4|
742|5|5|1000|8|CG1314029|-31|-57|CG1314030|-42|-42|CG1314031|-27|-87|CG1314032|-23|-74|CG1314033|-23|-74|CG1314034|-24|-42|CG1314035|-20|-33|CG1314036|-19|-44
742|5|6|2091|24|CG1314056|-49|-53|CG1314056|-49|-53|CG1314057|-29|-89|CG1314057|-29|-89|CG1314058|-40|-60|CG1314058|-40|-60|CG1314059|-53|-51|CG1314059|-53|-51|CG1314060|-53|-40|CG1314060|-53|-40|CG1314060|-53|-40|CG1314060|-53|-40|CG1314060|-53|-40|CG1314060|-53|-40|CG1314061|-53|-54|CG1314062|-53|-55|CG1314063|-53|-55|CG1314063|-53|-55|CG1314063|-53|-55|CG1314063|-53|-55|CG1314062|-53|-55|CG1314062|-53|-55|CG1314061|-53|-54|CG1314061|-53|-54
742|5|7|1088|13|CG1313201|-24|-57|CG1313201|-24|-57|CG1313202|-22|-51|CG1313202|-22|-51|CG1313203|-22|-63|CG1313203|-22|-63|CG1313204|-23|-77|CG1313205|-21|-80|CG1313206|-20|-79|CG1313207|-20|-62|CG1313207|-20|-62|CG1313208|-22|-51|CG1313208|-22|-51
742|5|8|1000|2|CG1314051|-30|-45|CG1314052|-32|-56
742|5|9|1000|1|CG1314053|-41|-49
742|5|10|1190|6|CG1314045|-42|-60|CG1314046|-63|-57|CG1314047|-43|-61|CG1314048|-43|-20|CG1314049|-43|-15|CG1314050|-45|-15
742|6|0|8000|40|CG1314120|-44|-63|CG1314121|-40|-63|CG1314122|-38|-63|CG1314121|-40|-63|CG1314120|-44|-63|CG1314123|-45|-63|CG1314124|-46|-63|CG1314124|-46|-63|CG1314124|-46|-63|CG1314124|-46|-63|CG1314123|-45|-63|CG1314120|-44|-63|CG1314121|-40|-63|CG1314122|-38|-63|CG1314121|-40|-63|CG1314120|-44|-63|CG1314121|-40|-63|CG1314122|-38|-63|CG1314121|-40|-63|CG1314120|-44|-63|CG1314123|-45|-63|CG1314124|-46|-63|CG1314124|-46|-63|CG1314124|-46|-63|CG1314123|-45|-63|CG1314120|-44|-63|CG1314123|-45|-63|CG1314124|-46|-63|CG1314124|-46|-63|CG1314124|-46|-63|CG1314124|-46|-63|CG1314123|-45|-63|CG1314120|-44|-63|CG1314121|-40|-63|CG1314122|-38|-63|CG1314121|-40|-63|CG1314120|-44|-63|CG1314121|-40|-63|CG1314122|-38|-63|CG1314121|-40|-63
742|6|1|1000|6|CG1314127|-42|-58|CG1314128|-44|-62|CG1314129|-42|-61|CG1314130|-40|-59|CG1314131|-44|-62|CG1314132|-41|-60
742|6|2|600|5|CG1325693|-56|-115|CG1325694|-66|-158|CG1325695|-93|-143|CG1325696|-109|-126|CG1325697|-81|-115
742|6|3|510|6|CG1314090|-49|-59|CG1314091|-50|-54|CG1314092|-51|-53|CG1314093|-31|-54|CG1314094|-40|-50|CG1314095|-48|-55
742|6|4|
742|6|5|1000|8|CG1314082|-41|-61|CG1314083|-45|-46|CG1314084|-31|-88|CG1314085|-22|-76|CG1314086|-63|-87|CG1314087|-72|-45|CG1314088|-64|-43|CG1314089|-49|-48
742|6|6|2091|24|CG1314109|-50|-57|CG1314109|-50|-57|CG1314110|-26|-93|CG1314110|-26|-93|CG1314111|-32|-72|CG1314111|-32|-72|CG1314112|-47|-53|CG1314112|-47|-53|CG1314113|-47|-43|CG1314113|-47|-43|CG1314113|-47|-43|CG1314113|-47|-43|CG1314113|-47|-43|CG1314113|-47|-43|CG1314114|-47|-54|CG1314115|-47|-54|CG1314116|-47|-51|CG1314116|-47|-51|CG1314116|-47|-51|CG1314116|-47|-51|CG1314115|-47|-54|CG1314115|-47|-54|CG1314114|-47|-54|CG1314114|-47|-54
742|6|7|1088|13|CG1313269|-16|-60|CG1313269|-16|-60|CG1313270|-22|-55|CG1313270|-22|-55|CG1313271|-19|-64|CG1313271|-19|-64|CG1313272|-16|-76|CG1313273|-21|-79|CG1313274|-29|-81|CG1313275|-25|-63|CG1313275|-25|-63|CG1313276|-24|-55|CG1313276|-24|-55
742|6|8|1000|2|CG1314104|-51|-49|CG1314105|-32|-50
742|6|9|1000|1|CG1314106|-35|-60
742|6|10|1190|6|CG1314098|-20|-63|CG1314099|-61|-60|CG1314100|-60|-77|CG1314101|-70|-41|CG1314102|-94|-19|CG1314103|-97|-18
742|7|0|8000|40|CG1314173|-53|-62|CG1314174|-52|-63|CG1314175|-50|-63|CG1314174|-52|-63|CG1314173|-53|-62|CG1314176|-49|-60|CG1314177|-50|-59|CG1314177|-50|-59|CG1314177|-50|-59|CG1314177|-50|-59|CG1314176|-49|-60|CG1314173|-53|-62|CG1314174|-52|-63|CG1314175|-50|-63|CG1314174|-52|-63|CG1314173|-53|-62|CG1314174|-52|-63|CG1314175|-50|-63|CG1314174|-52|-63|CG1314173|-53|-62|CG1314176|-49|-60|CG1314177|-50|-59|CG1314177|-50|-59|CG1314177|-50|-59|CG1314176|-49|-60|CG1314173|-53|-62|CG1314176|-49|-60|CG1314177|-50|-59|CG1314177|-50|-59|CG1314177|-50|-59|CG1314177|-50|-59|CG1314176|-49|-60|CG1314173|-53|-62|CG1314174|-52|-63|CG1314175|-50|-63|CG1314174|-52|-63|CG1314173|-53|-62|CG1314174|-52|-63|CG1314175|-50|-63|CG1314174|-52|-63
742|7|1|1000|6|CG1314180|-42|-59|CG1314181|-45|-63|CG1314182|-45|-60|CG1314183|-46|-58|CG1314184|-47|-62|CG1314185|-43|-61
742|7|2|600|5|CG1325749|-65|-111|CG1325750|-73|-164|CG1325751|-68|-170|CG1325752|-60|-150|CG1325753|-60|-127
742|7|3|510|6|CG1314143|-27|-61|CG1314144|-29|-59|CG1314145|-50|-59|CG1314146|-47|-60|CG1314147|-47|-58|CG1314148|-43|-60
742|7|4|
742|7|5|1000|8|CG1314135|-43|-62|CG1314136|-31|-54|CG1314137|-26|-86|CG1314138|-26|-77|CG1314139|-70|-104|CG1314140|-90|-57|CG1314141|-82|-57|CG1314142|-61|-55
742|7|6|2091|24|CG1314162|-40|-59|CG1314162|-40|-59|CG1314163|-22|-89|CG1314163|-22|-89|CG1314164|-22|-75|CG1314164|-22|-75|CG1314165|-34|-49|CG1314165|-34|-49|CG1314166|-35|-45|CG1314166|-35|-45|CG1314166|-35|-45|CG1314166|-35|-45|CG1314166|-35|-45|CG1314166|-35|-45|CG1314167|-35|-47|CG1314168|-34|-44|CG1314169|-35|-41|CG1314169|-35|-41|CG1314169|-35|-41|CG1314169|-35|-41|CG1314168|-34|-44|CG1314168|-34|-44|CG1314167|-35|-47|CG1314167|-35|-47
742|7|7|1088|13|CG1313337|-19|-61|CG1313337|-19|-61|CG1313338|-27|-59|CG1313338|-27|-59|CG1313339|-33|-64|CG1313339|-33|-64|CG1313340|-22|-74|CG1313341|-30|-74|CG1313342|-24|-82|CG1313343|-33|-71|CG1313343|-33|-71|CG1313344|-22|-58|CG1313344|-22|-58
742|7|8|1000|2|CG1314157|-44|-56|CG1314158|-16|-51
742|7|9|1000|1|CG1314159|-27|-65
742|7|10|1190|6|CG1314151|-14|-61|CG1314152|-34|-64|CG1314153|-52|-89|CG1314154|-78|-66|CG1314155|-98|-32|CG1314156|-100|-28
