751|0|0|1598|4|CG1317567|-27|-64|CG1317566|-27|-64|CG1317568|-25|-64|CG1317566|-27|-64
751|0|1|1000|6|CG1317571|-41|-64|CG1317572|-41|-65|CG1317573|-41|-64|CG1317574|-38|-61|CG1317575|-45|-64|CG1317576|-40|-64
751|0|2|600|5|CG1325357|-54|-113|CG1325358|-66|-144|CG1325359|-95|-176|CG1325360|-103|-137|CG1325361|-78|-106
751|0|3|510|6|CG1317914|-27|-60|CG1317915|-26|-62|CG1317916|-25|-65|CG1317917|-27|-60|CG1317918|-27|-62|CG1317919|-25|-65
751|0|4|
751|0|5|1496|26|CG1317532|-38|-66|CG1317532|-38|-66|CG1317533|-34|-71|CG1317534|-47|-70|CG1317534|-47|-70|CG1317534|-47|-70|CG1317535|-43|-73|CG1317535|-43|-73|CG1317535|-43|-73|CG1317535|-43|-73|CG1317536|-30|-71|CG1317536|-30|-71|CG1317536|-30|-71|CG1317537|-29|-71|CG1317537|-29|-71|CG1317536|-30|-71|CG1317537|-29|-71|CG1317536|-30|-71|CG1317537|-29|-71|CG1317536|-30|-71|CG1317537|-29|-71|CG1317538|-25|-70|CG1317538|-25|-70|CG1317538|-25|-70|CG1317539|-30|-59|CG1317539|-30|-59
751|0|6|2499|27|CG1317553|-38|-66|CG1317555|-35|-66|CG1317556|-32|-65|CG1317557|-30|-64|CG1317558|-31|-65|CG1317559|-32|-65|CG1317556|-32|-65|CG1317557|-30|-64|CG1317558|-31|-65|CG1317559|-32|-65|CG1317556|-32|-65|CG1317557|-30|-64|CG1317558|-31|-65|CG1317559|-32|-65|CG1317556|-32|-65|CG1317560|-38|-64|CG1317561|-44|-63|CG1317562|-36|-96|CG1317562|-36|-96|CG1317562|-36|-96|CG1317554|-42|-67|CG1317560|-38|-64|CG1317556|-32|-65|CG1317556|-32|-65|CG1317555|-35|-66|CG1317553|-38|-66|CG1317553|-38|-66
751|0|7|1394|18|CG1317938|-35|-66|CG1317940|-31|-66|CG1317941|-20|-65|CG1317942|-19|-64|CG1317943|-20|-65|CG1317944|-22|-65|CG1317941|-20|-65|CG1317942|-19|-64|CG1317943|-20|-65|CG1317944|-22|-65|CG1317941|-20|-65|CG1317942|-19|-64|CG1317955|-25|-60|CG1317956|-38|-74|CG1317957|-45|-75|CG1317958|-61|-72|CG1317959|-41|-69|CG1317960|-35|-66
751|0|8|1000|2|CG1317548|-31|-68|CG1317549|-32|-57
751|0|9|1000|1|CG1317550|-41|-69
751|0|10|1000|6|CG1317542|-32|-64|CG1317543|-45|-67|CG1317544|-58|-69|CG1317545|-76|-61|CG1317546|-75|-59|CG1317547|-74|-51
751|1|0|1598|4|CG1317614|-39|-65|CG1317613|-40|-65|CG1317615|-39|-65|CG1317613|-40|-65
751|1|1|1000|6|CG1317618|-51|-66|CG1317619|-38|-65|CG1317620|-42|-64|CG1317621|-50|-61|CG1317622|-42|-64|CG1317623|-39|-66
751|1|2|600|5|CG1325413|-100|-113|CG1325414|-102|-107|CG1325415|-90|-159|CG1325416|-142|-98|CG1325417|-131|-103
751|1|3|510|6|CG1317978|-37|-60|CG1317979|-36|-62|CG1317980|-36|-65|CG1317981|-36|-60|CG1317982|-36|-62|CG1317983|-37|-65
751|1|4|
751|1|5|1496|26|CG1317579|-39|-66|CG1317579|-39|-66|CG1317580|-32|-71|CG1317581|-26|-69|CG1317581|-26|-69|CG1317581|-26|-69|CG1317582|-27|-69|CG1317582|-27|-69|CG1317582|-27|-69|CG1317582|-27|-69|CG1317583|-33|-72|CG1317583|-33|-72|CG1317583|-33|-72|CG1317584|-33|-72|CG1317584|-33|-72|CG1317583|-33|-72|CG1317584|-33|-72|CG1317583|-33|-72|CG1317584|-33|-72|CG1317583|-33|-72|CG1317584|-33|-72|CG1317585|-32|-68|CG1317585|-32|-68|CG1317585|-32|-68|CG1317586|-33|-63|CG1317586|-33|-63
751|1|6|2499|27|CG1317600|-41|-64|CG1317602|-37|-61|CG1317603|-32|-61|CG1317604|-30|-62|CG1317605|-31|-59|CG1317606|-32|-59|CG1317603|-32|-61|CG1317604|-30|-62|CG1317605|-31|-59|CG1317606|-32|-59|CG1317603|-32|-61|CG1317604|-30|-62|CG1317605|-31|-59|CG1317606|-32|-59|CG1317603|-32|-61|CG1317607|-36|-66|CG1317608|-42|-66|CG1317609|-42|-92|CG1317609|-42|-92|CG1317609|-42|-92|CG1317601|-37|-68|CG1317607|-36|-66|CG1317603|-32|-61|CG1317603|-32|-61|CG1317602|-37|-61|CG1317600|-41|-64|CG1317600|-41|-64
751|1|7|1394|18|CG1318002|-39|-64|CG1318004|-27|-61|CG1318005|-15|-61|CG1318006|-17|-62|CG1318007|-17|-59|CG1318008|-14|-59|CG1318005|-15|-61|CG1318006|-17|-62|CG1318007|-17|-59|CG1318008|-14|-59|CG1318005|-15|-61|CG1318006|-17|-62|CG1318019|-31|-57|CG1318020|-37|-70|CG1318021|-36|-78|CG1318022|-39|-79|CG1318023|-34|-72|CG1318024|-39|-64
751|1|8|1000|2|CG1317595|-38|-67|CG1317596|-39|-54
751|1|9|1000|1|CG1317597|-38|-65
751|1|10|1000|6|CG1317589|-37|-65|CG1317590|-47|-67|CG1317591|-46|-70|CG1317592|-47|-67|CG1317593|-50|-63|CG1317594|-46|-57
751|2|0|1598|4|CG1317661|-46|-66|CG1317660|-46|-66|CG1317662|-46|-65|CG1317660|-46|-66
751|2|1|1000|6|CG1317665|-35|-62|CG1317666|-49|-70|CG1317667|-37|-64|CG1317668|-37|-61|CG1317669|-38|-65|CG1317670|-48|-68
751|2|2|600|5|CG1325469|-119|-113|CG1325470|-90|-142|CG1325471|-82|-174|CG1325472|-99|-116|CG1325473|-109|-103
751|2|3|510|6|CG1318042|-35|-61|CG1318043|-34|-63|CG1318044|-34|-67|CG1318045|-36|-62|CG1318046|-31|-63|CG1318047|-34|-66
751|2|4|
751|2|5|1496|26|CG1317626|-41|-68|CG1317626|-41|-68|CG1317627|-23|-68|CG1317628|-15|-64|CG1317628|-15|-64|CG1317628|-15|-64|CG1317629|-24|-66|CG1317629|-24|-66|CG1317629|-24|-66|CG1317629|-24|-66|CG1317630|-25|-63|CG1317630|-25|-63|CG1317630|-25|-63|CG1317631|-26|-64|CG1317631|-26|-64|CG1317630|-25|-63|CG1317631|-26|-64|CG1317630|-25|-63|CG1317631|-26|-64|CG1317630|-25|-63|CG1317631|-26|-64|CG1317632|-34|-67|CG1317632|-34|-67|CG1317632|-34|-67|CG1317633|-31|-67|CG1317633|-31|-67
751|2|6|2499|27|CG1317647|-43|-64|CG1317649|-35|-66|CG1317650|-28|-63|CG1317651|-35|-63|CG1317652|-32|-62|CG1317653|-27|-62|CG1317650|-28|-63|CG1317651|-35|-63|CG1317652|-32|-62|CG1317653|-27|-62|CG1317650|-28|-63|CG1317651|-35|-63|CG1317652|-32|-62|CG1317653|-27|-62|CG1317650|-28|-63|CG1317654|-32|-65|CG1317655|-29|-66|CG1317656|-30|-87|CG1317656|-30|-87|CG1317656|-30|-87|CG1317648|-32|-65|CG1317654|-32|-65|CG1317650|-28|-63|CG1317650|-28|-63|CG1317649|-35|-66|CG1317647|-43|-64|CG1317647|-43|-64
751|2|7|1394|18|CG1318066|-30|-64|CG1318068|-28|-66|CG1318069|-28|-63|CG1318070|-35|-63|CG1318071|-32|-62|CG1318072|-27|-62|CG1318069|-28|-63|CG1318070|-35|-63|CG1318071|-32|-62|CG1318072|-27|-62|CG1318069|-28|-63|CG1318070|-35|-63|CG1318083|-25|-61|CG1318084|-34|-69|CG1318085|-22|-74|CG1318086|-14|-76|CG1318087|-24|-70|CG1318088|-30|-64
751|2|8|1000|2|CG1317642|-40|-65|CG1317643|-59|-61
751|2|9|1000|1|CG1317644|-36|-65
751|2|10|1000|6|CG1317636|-43|-64|CG1317637|-42|-66|CG1317638|-20|-67|CG1317639|-15|-58|CG1317640|-17|-62|CG1317641|-12|-47
751|3|0|1598|4|CG1317708|-36|-72|CG1317707|-37|-73|CG1317709|-38|-72|CG1317707|-37|-73
751|3|1|1000|6|CG1317712|-34|-68|CG1317713|-36|-71|CG1317714|-46|-71|CG1317715|-42|-68|CG1317716|-44|-71|CG1317717|-30|-71
751|3|2|600|5|CG1325525|-125|-117|CG1325526|-119|-165|CG1325527|-116|-175|CG1325528|-58|-136|CG1325529|-81|-129
751|3|3|510|6|CG1318106|-43|-68|CG1318107|-37|-70|CG1318108|-41|-73|CG1318109|-43|-68|CG1318110|-33|-70|CG1318111|-41|-73
751|3|4|
751|3|5|1496|26|CG1317673|-23|-71|CG1317673|-23|-71|CG1317674|-21|-69|CG1317675|-19|-53|CG1317675|-19|-53|CG1317675|-19|-53|CG1317676|-25|-59|CG1317676|-25|-59|CG1317676|-25|-59|CG1317676|-25|-59|CG1317677|-27|-65|CG1317677|-27|-65|CG1317677|-27|-65|CG1317678|-28|-66|CG1317678|-28|-66|CG1317677|-27|-65|CG1317678|-28|-66|CG1317677|-27|-65|CG1317678|-28|-66|CG1317677|-27|-65|CG1317678|-28|-66|CG1317679|-51|-66|CG1317679|-51|-66|CG1317679|-51|-66|CG1317680|-45|-73|CG1317680|-45|-73
751|3|6|2499|27|CG1317694|-29|-70|CG1317696|-31|-67|CG1317697|-37|-62|CG1317698|-53|-61|CG1317699|-40|-62|CG1317700|-37|-62|CG1317697|-37|-62|CG1317698|-53|-61|CG1317699|-40|-62|CG1317700|-37|-62|CG1317697|-37|-62|CG1317698|-53|-61|CG1317699|-40|-62|CG1317700|-37|-62|CG1317697|-37|-62|CG1317701|-40|-59|CG1317702|-32|-61|CG1317703|-34|-88|CG1317703|-34|-88|CG1317703|-34|-88|CG1317695|-19|-62|CG1317701|-40|-59|CG1317697|-37|-62|CG1317697|-37|-62|CG1317696|-31|-67|CG1317694|-29|-70|CG1317694|-29|-70
751|3|7|1394|18|CG1318130|-21|-70|CG1318132|-31|-67|CG1318133|-37|-62|CG1318134|-53|-61|CG1318135|-40|-62|CG1318136|-37|-62|CG1318133|-37|-62|CG1318134|-53|-61|CG1318135|-40|-62|CG1318136|-37|-62|CG1318133|-37|-62|CG1318134|-53|-61|CG1318147|-30|-66|CG1318148|-36|-68|CG1318149|-11|-69|CG1318150|-5|-69|CG1318151|-25|-70|CG1318152|-21|-70
751|3|8|1000|2|CG1317689|-26|-69|CG1317690|-58|-65
751|3|9|1000|1|CG1317691|-36|-68
751|3|10|1000|6|CG1317683|-38|-70|CG1317684|-32|-71|CG1317685|-23|-70|CG1317686|5|-44|CG1317687|2|-50|CG1317688|-4|-28
751|4|0|1598|4|CG1317755|-40|-68|CG1317754|-39|-68|CG1317756|-39|-69|CG1317754|-39|-68
751|4|1|1000|6|CG1317759|-36|-66|CG1317760|-33|-69|CG1317761|-32|-68|CG1317762|-36|-65|CG1317763|-32|-69|CG1317764|-35|-69
751|4|2|600|5|CG1325581|-118|-123|CG1325582|-92|-162|CG1325583|-82|-152|CG1325584|-98|-119|CG1325585|-112|-122
751|4|3|510|6|CG1318170|-36|-65|CG1318171|-33|-68|CG1318172|-37|-70|CG1318173|-33|-66|CG1318174|-33|-68|CG1318175|-37|-70
751|4|4|
751|4|5|1496|26|CG1317720|-27|-67|CG1317720|-27|-67|CG1317721|-32|-63|CG1317722|-21|-44|CG1317722|-21|-44|CG1317722|-21|-44|CG1317723|-26|-52|CG1317723|-26|-52|CG1317723|-26|-52|CG1317723|-26|-52|CG1317724|-35|-63|CG1317724|-35|-63|CG1317724|-35|-63|CG1317725|-36|-63|CG1317725|-36|-63|CG1317724|-35|-63|CG1317725|-36|-63|CG1317724|-35|-63|CG1317725|-36|-63|CG1317724|-35|-63|CG1317725|-36|-63|CG1317726|-50|-75|CG1317726|-50|-75|CG1317726|-50|-75|CG1317727|-54|-73|CG1317727|-54|-73
751|4|6|2499|27|CG1317741|-35|-66|CG1317743|-44|-64|CG1317744|-57|-62|CG1317745|-59|-63|CG1317746|-56|-63|CG1317747|-55|-62|CG1317744|-57|-62|CG1317745|-59|-63|CG1317746|-56|-63|CG1317747|-55|-62|CG1317744|-57|-62|CG1317745|-59|-63|CG1317746|-56|-63|CG1317747|-55|-62|CG1317744|-57|-62|CG1317748|-53|-53|CG1317749|-43|-53|CG1317750|-28|-88|CG1317750|-28|-88|CG1317750|-28|-88|CG1317742|-25|-57|CG1317748|-53|-53|CG1317744|-57|-62|CG1317744|-57|-62|CG1317743|-44|-64|CG1317741|-35|-66|CG1317741|-35|-66
751|4|7|1394|18|CG1318194|-35|-66|CG1318196|-44|-64|CG1318197|-57|-62|CG1318198|-59|-63|CG1318199|-56|-63|CG1318200|-55|-62|CG1318197|-57|-62|CG1318198|-59|-63|CG1318199|-56|-63|CG1318200|-55|-62|CG1318197|-57|-62|CG1318198|-59|-63|CG1318211|-43|-64|CG1318212|-39|-65|CG1318213|-19|-58|CG1318214|-11|-56|CG1318215|-22|-61|CG1318216|-35|-66
751|4|8|1000|2|CG1317736|-24|-62|CG1317737|-58|-66
751|4|9|1000|1|CG1317738|-30|-64
751|4|10|1000|6|CG1317730|-30|-67|CG1317731|-26|-68|CG1317732|-18|-64|CG1317733|-4|-29|CG1317734|-4|-28|CG1317735|-9|-15
751|5|0|1598|4|CG1317802|-34|-67|CG1317801|-37|-67|CG1317803|-38|-67|CG1317801|-37|-67
751|5|1|1000|6|CG1317806|-36|-65|CG1317807|-37|-69|CG1317808|-37|-68|CG1317809|-36|-65|CG1317810|-37|-69|CG1317811|-37|-68
751|5|2|600|5|CG1325637|-87|-102|CG1325638|-101|-134|CG1325639|-81|-118|CG1325640|-146|-102|CG1325641|-132|-115
751|5|3|510|6|CG1318234|-37|-65|CG1318235|-37|-67|CG1318236|-38|-70|CG1318237|-38|-65|CG1318238|-37|-67|CG1318239|-37|-70
751|5|4|
751|5|5|1496|26|CG1317767|-35|-67|CG1317767|-35|-67|CG1317768|-40|-65|CG1317769|-42|-43|CG1317769|-42|-43|CG1317769|-42|-43|CG1317770|-40|-51|CG1317770|-40|-51|CG1317770|-40|-51|CG1317770|-40|-51|CG1317771|-39|-65|CG1317771|-39|-65|CG1317771|-39|-65|CG1317772|-39|-66|CG1317772|-39|-66|CG1317771|-39|-65|CG1317772|-39|-66|CG1317771|-39|-65|CG1317772|-39|-66|CG1317771|-39|-65|CG1317772|-39|-66|CG1317773|-34|-79|CG1317773|-34|-79|CG1317773|-34|-79|CG1317774|-35|-72|CG1317774|-35|-72
751|5|6|2499|27|CG1317788|-35|-67|CG1317790|-45|-69|CG1317791|-49|-70|CG1317792|-46|-71|CG1317793|-47|-70|CG1317794|-50|-70|CG1317791|-49|-70|CG1317792|-46|-71|CG1317793|-47|-70|CG1317794|-50|-70|CG1317791|-49|-70|CG1317792|-46|-71|CG1317793|-47|-70|CG1317794|-50|-70|CG1317791|-49|-70|CG1317795|-49|-62|CG1317796|-49|-56|CG1317797|-24|-93|CG1317797|-24|-93|CG1317797|-24|-93|CG1317789|-40|-57|CG1317795|-49|-62|CG1317791|-49|-70|CG1317791|-49|-70|CG1317790|-45|-69|CG1317788|-35|-67|CG1317788|-35|-67
751|5|7|1394|18|CG1318258|-35|-67|CG1318260|-45|-69|CG1318261|-49|-70|CG1318262|-46|-71|CG1318263|-47|-70|CG1318264|-50|-70|CG1318261|-49|-70|CG1318262|-46|-71|CG1318263|-47|-70|CG1318264|-50|-70|CG1318261|-49|-70|CG1318262|-46|-71|CG1318275|-41|-66|CG1318276|-38|-66|CG1318277|-29|-56|CG1318278|-34|-50|CG1318279|-40|-57|CG1318280|-35|-67
751|5|8|1000|2|CG1317783|-35|-60|CG1317784|-33|-71
751|5|9|1000|1|CG1317785|-34|-63
751|5|10|1000|6|CG1317777|-37|-67|CG1317778|-42|-63|CG1317779|-42|-54|CG1317780|-37|-18|CG1317781|-29|-27|CG1317782|-45|-12
751|6|0|1598|4|CG1317849|-24|-68|CG1317848|-24|-67|CG1317850|-24|-67|CG1317848|-24|-67
751|6|1|1000|6|CG1317853|-28|-66|CG1317854|-27|-69|CG1317855|-36|-69|CG1317856|-36|-66|CG1317857|-35|-69|CG1317858|-28|-69
751|6|2|600|5|CG1325693|-56|-115|CG1325694|-66|-158|CG1325695|-93|-143|CG1325696|-109|-126|CG1325697|-81|-115
751|6|3|510|6|CG1318298|-22|-65|CG1318299|-22|-66|CG1318300|-26|-68|CG1318301|-29|-64|CG1318302|-22|-66|CG1318303|-23|-69
751|6|4|
751|6|5|1496|26|CG1317814|-34|-68|CG1317814|-34|-68|CG1317815|-42|-68|CG1317816|-53|-56|CG1317816|-53|-56|CG1317816|-53|-56|CG1317817|-53|-65|CG1317817|-53|-65|CG1317817|-53|-65|CG1317817|-53|-65|CG1317818|-40|-69|CG1317818|-40|-69|CG1317818|-40|-69|CG1317819|-39|-69|CG1317819|-39|-69|CG1317818|-40|-69|CG1317819|-39|-69|CG1317818|-40|-69|CG1317819|-39|-69|CG1317818|-40|-69|CG1317819|-39|-69|CG1317820|-25|-75|CG1317820|-25|-75|CG1317820|-25|-75|CG1317821|-34|-71|CG1317821|-34|-71
751|6|6|2499|27|CG1317835|-27|-68|CG1317837|-31|-70|CG1317838|-39|-73|CG1317839|-40|-73|CG1317840|-39|-73|CG1317841|-39|-72|CG1317838|-39|-73|CG1317839|-40|-73|CG1317840|-39|-73|CG1317841|-39|-72|CG1317838|-39|-73|CG1317839|-40|-73|CG1317840|-39|-73|CG1317841|-39|-72|CG1317838|-39|-73|CG1317842|-39|-69|CG1317843|-35|-63|CG1317844|-34|-97|CG1317844|-34|-97|CG1317844|-34|-97|CG1317836|-45|-56|CG1317842|-39|-69|CG1317838|-39|-73|CG1317838|-39|-73|CG1317837|-31|-70|CG1317835|-27|-68|CG1317835|-27|-68
751|6|7|1394|18|CG1318322|-24|-68|CG1318324|-26|-70|CG1318325|-30|-73|CG1318326|-32|-73|CG1318327|-29|-73|CG1318328|-28|-72|CG1318325|-30|-73|CG1318326|-32|-73|CG1318327|-29|-73|CG1318328|-28|-72|CG1318325|-30|-73|CG1318326|-32|-73|CG1318339|-28|-68|CG1318340|-30|-75|CG1318341|-58|-65|CG1318342|-58|-50|CG1318343|-37|-60|CG1318344|-24|-68
751|6|8|1000|2|CG1317830|-36|-61|CG1317831|-24|-69
751|6|9|1000|1|CG1317832|-34|-62
751|6|10|1000|6|CG1317824|-27|-67|CG1317825|-40|-64|CG1317826|-51|-57|CG1317827|-74|-25|CG1317828|-75|-32|CG1317829|-78|-16
751|7|0|1598|4|CG1317896|-26|-70|CG1317895|-26|-70|CG1317897|-26|-70|CG1317895|-26|-70
751|7|1|1000|6|CG1317900|-38|-68|CG1317901|-30|-72|CG1317902|-28|-71|CG1317903|-30|-68|CG1317904|-23|-72|CG1317905|-35|-71
751|7|2|600|5|CG1325749|-65|-111|CG1325750|-73|-164|CG1325751|-68|-170|CG1325752|-60|-150|CG1325753|-60|-127
751|7|3|510|6|CG1318362|-27|-67|CG1318363|-19|-69|CG1318364|-27|-71|CG1318365|-30|-67|CG1318366|-20|-69|CG1318367|-27|-72
751|7|4|
751|7|5|1496|26|CG1317861|-35|-72|CG1317861|-35|-72|CG1317862|-43|-72|CG1317863|-63|-69|CG1317863|-63|-69|CG1317863|-63|-69|CG1317864|-53|-74|CG1317864|-53|-74|CG1317864|-53|-74|CG1317864|-53|-74|CG1317865|-47|-71|CG1317865|-47|-71|CG1317865|-47|-71|CG1317866|-46|-71|CG1317866|-46|-71|CG1317865|-47|-71|CG1317866|-46|-71|CG1317865|-47|-71|CG1317866|-46|-71|CG1317865|-47|-71|CG1317866|-46|-71|CG1317867|-30|-68|CG1317867|-30|-68|CG1317867|-30|-68|CG1317868|-42|-64|CG1317868|-42|-64
751|7|6|2499|27|CG1317882|-35|-71|CG1317884|-35|-72|CG1317885|-33|-71|CG1317886|-34|-71|CG1317887|-32|-71|CG1317888|-32|-71|CG1317885|-33|-71|CG1317886|-34|-71|CG1317887|-32|-71|CG1317888|-32|-71|CG1317885|-33|-71|CG1317886|-34|-71|CG1317887|-32|-71|CG1317888|-32|-71|CG1317885|-33|-71|CG1317889|-37|-68|CG1317890|-38|-66|CG1317891|-41|-99|CG1317891|-41|-99|CG1317891|-41|-99|CG1317883|-44|-64|CG1317889|-37|-68|CG1317885|-33|-71|CG1317885|-33|-71|CG1317884|-35|-72|CG1317882|-35|-71|CG1317882|-35|-71
751|7|7|1394|18|CG1318386|-23|-71|CG1318388|-30|-72|CG1318389|-30|-71|CG1318390|-30|-71|CG1318391|-30|-71|CG1318392|-30|-71|CG1318389|-30|-71|CG1318390|-30|-71|CG1318391|-30|-71|CG1318392|-30|-71|CG1318389|-30|-71|CG1318390|-30|-71|CG1318403|-33|-67|CG1318404|-41|-79|CG1318405|-61|-71|CG1318406|-60|-61|CG1318407|-40|-70|CG1318408|-23|-71
751|7|8|1000|2|CG1317877|-33|-67|CG1317878|-18|-61
751|7|9|1000|1|CG1317879|-35|-69
751|7|10|1000|6|CG1317871|-32|-70|CG1317872|-39|-68|CG1317873|-54|-63|CG1317874|-83|-45|CG1317875|-81|-44|CG1317876|-84|-31
