755|0|0|1598|4|CG1319325|-55|-64|CG1319324|-54|-64|CG1319326|-53|-64|CG1319324|-54|-64
755|0|1|1000|6|CG1319329|-58|-62|CG1319330|-51|-65|CG1319331|-48|-64|CG1319332|-53|-61|CG1319333|-55|-64|CG1319334|-57|-64
755|0|2|600|5|CG1325357|-54|-113|CG1325358|-66|-144|CG1325359|-95|-176|CG1325360|-103|-137|CG1325361|-78|-106
755|0|3|510|6|CG1319292|-49|-60|CG1319293|-47|-62|CG1319294|-47|-65|CG1319295|-49|-60|CG1319296|-48|-62|CG1319297|-46|-65
755|0|4|
755|0|5|1190|17|CG1319284|-61|-64|CG1319284|-61|-64|CG1319285|-36|-66|CG1319285|-36|-66|CG1319286|-19|-64|CG1319286|-19|-64|CG1319287|-25|-64|CG1319287|-25|-64|CG1319287|-25|-64|CG1319288|-46|-71|CG1319289|-63|-71|CG1319289|-63|-71|CG1319289|-63|-71|CG1319290|-58|-71|CG1319290|-58|-71|CG1319291|-46|-71|CG1319291|-46|-71
755|0|6|2499|27|CG1319311|-42|-66|CG1319313|-39|-66|CG1319314|-41|-65|CG1319315|-41|-64|CG1319316|-41|-65|CG1319317|-40|-66|CG1319314|-41|-65|CG1319315|-41|-64|CG1319316|-41|-65|CG1319317|-40|-66|CG1319314|-41|-65|CG1319315|-41|-64|CG1319316|-41|-65|CG1319317|-40|-66|CG1319314|-41|-65|CG1319318|-50|-64|CG1319319|-51|-63|CG1319320|-54|-96|CG1319320|-54|-96|CG1319320|-54|-96|CG1319312|-54|-67|CG1319318|-50|-64|CG1319314|-41|-65|CG1319314|-41|-65|CG1319313|-39|-66|CG1319311|-42|-66|CG1319311|-42|-66
755|0|7|1394|18|CG1317938|-35|-66|CG1317940|-31|-66|CG1317941|-20|-65|CG1317942|-19|-64|CG1317943|-20|-65|CG1317944|-22|-65|CG1317941|-20|-65|CG1317942|-19|-64|CG1317943|-20|-65|CG1317944|-22|-65|CG1317941|-20|-65|CG1317942|-19|-64|CG1317955|-25|-60|CG1317956|-38|-74|CG1317957|-45|-75|CG1317958|-61|-72|CG1317959|-41|-69|CG1317960|-35|-66
755|0|8|1000|2|CG1319306|-66|-68|CG1319307|-36|-81
755|0|9|1000|1|CG1319308|-41|-69
755|0|10|1000|6|CG1319300|-58|-64|CG1319301|-56|-67|CG1319302|-43|-96|CG1319303|-85|-61|CG1319304|-75|-59|CG1319305|-74|-59
755|1|0|1598|4|CG1319378|-56|-65|CG1319377|-56|-65|CG1319379|-57|-65|CG1319377|-56|-65
755|1|1|1000|6|CG1319382|-55|-61|CG1319383|-56|-64|CG1319384|-54|-64|CG1319385|-52|-61|CG1319386|-55|-64|CG1319387|-55|-64
755|1|2|600|5|CG1325413|-100|-113|CG1325414|-102|-107|CG1325415|-90|-159|CG1325416|-142|-98|CG1325417|-131|-103
755|1|3|510|6|CG1319345|-57|-60|CG1319346|-56|-62|CG1319347|-56|-65|CG1319348|-57|-60|CG1319349|-56|-62|CG1319350|-55|-65
755|1|4|
755|1|5|1190|17|CG1319337|-38|-64|CG1319337|-38|-64|CG1319338|-27|-64|CG1319338|-27|-64|CG1319339|-17|-65|CG1319339|-17|-65|CG1319340|-20|-66|CG1319340|-20|-66|CG1319340|-20|-66|CG1319341|-33|-73|CG1319342|-35|-78|CG1319342|-35|-78|CG1319342|-35|-78|CG1319343|-33|-77|CG1319343|-33|-77|CG1319344|-32|-72|CG1319344|-32|-72
755|1|6|2499|27|CG1319364|-48|-64|CG1319366|-46|-61|CG1319367|-33|-61|CG1319368|-29|-62|CG1319369|-33|-59|CG1319370|-36|-59|CG1319367|-33|-61|CG1319368|-29|-62|CG1319369|-33|-59|CG1319370|-36|-59|CG1319367|-33|-61|CG1319368|-29|-62|CG1319369|-33|-59|CG1319370|-36|-59|CG1319367|-33|-61|CG1319371|-31|-66|CG1319372|-49|-66|CG1319373|-42|-92|CG1319373|-42|-92|CG1319373|-42|-92|CG1319365|-51|-68|CG1319371|-31|-66|CG1319367|-33|-61|CG1319367|-33|-61|CG1319366|-46|-61|CG1319364|-48|-64|CG1319364|-48|-64
755|1|7|1394|18|CG1318002|-39|-64|CG1318004|-27|-61|CG1318005|-15|-61|CG1318006|-17|-62|CG1318007|-17|-59|CG1318008|-14|-59|CG1318005|-15|-61|CG1318006|-17|-62|CG1318007|-17|-59|CG1318008|-14|-59|CG1318005|-15|-61|CG1318006|-17|-62|CG1318019|-31|-57|CG1318020|-37|-70|CG1318021|-36|-78|CG1318022|-39|-79|CG1318023|-34|-72|CG1318024|-39|-64
755|1|8|1000|2|CG1319359|-47|-67|CG1319360|-39|-88
755|1|9|1000|1|CG1319361|-57|-65
755|1|10|1000|6|CG1319353|-37|-65|CG1319354|-34|-80|CG1319355|-32|-102|CG1319356|-44|-67|CG1319357|-42|-63|CG1319358|-36|-59
755|2|0|1598|4|CG1319431|-30|-66|CG1319430|-30|-66|CG1319432|-31|-65|CG1319430|-30|-66
755|2|1|1000|6|CG1319435|-31|-61|CG1319436|-32|-64|CG1319437|-31|-64|CG1319438|-34|-61|CG1319439|-30|-65|CG1319440|-31|-64
755|2|2|600|5|CG1325469|-119|-113|CG1325470|-90|-142|CG1325471|-82|-174|CG1325472|-99|-116|CG1325473|-109|-103
755|2|3|510|6|CG1319398|-35|-61|CG1319399|-34|-63|CG1319400|-34|-67|CG1319401|-36|-62|CG1319402|-33|-63|CG1319403|-34|-66
755|2|4|
755|2|5|1190|17|CG1319390|-27|-65|CG1319390|-27|-65|CG1319391|-28|-65|CG1319391|-28|-65|CG1319392|-32|-66|CG1319392|-32|-66|CG1319393|-36|-65|CG1319393|-36|-65|CG1319393|-36|-65|CG1319394|-28|-73|CG1319395|-14|-72|CG1319395|-14|-72|CG1319395|-14|-72|CG1319396|-3|-70|CG1319396|-3|-70|CG1319397|-7|-74|CG1319397|-7|-74
755|2|6|2499|27|CG1319417|-46|-64|CG1319419|-29|-66|CG1319420|-28|-63|CG1319421|-35|-63|CG1319422|-32|-62|CG1319423|-27|-62|CG1319420|-28|-63|CG1319421|-35|-63|CG1319422|-32|-62|CG1319423|-27|-62|CG1319420|-28|-63|CG1319421|-35|-63|CG1319422|-32|-62|CG1319423|-27|-62|CG1319420|-28|-63|CG1319424|-32|-65|CG1319425|-29|-66|CG1319426|-34|-87|CG1319426|-34|-87|CG1319426|-34|-87|CG1319418|-21|-65|CG1319424|-32|-65|CG1319420|-28|-63|CG1319420|-28|-63|CG1319419|-29|-66|CG1319417|-46|-64|CG1319417|-46|-64
755|2|7|1394|18|CG1318066|-30|-64|CG1318068|-28|-66|CG1318069|-28|-63|CG1318070|-35|-63|CG1318071|-32|-62|CG1318072|-27|-62|CG1318069|-28|-63|CG1318070|-35|-63|CG1318071|-32|-62|CG1318072|-27|-62|CG1318069|-28|-63|CG1318070|-35|-63|CG1318083|-25|-61|CG1318084|-34|-69|CG1318085|-22|-74|CG1318086|-14|-76|CG1318087|-24|-70|CG1318088|-30|-64
755|2|8|1000|2|CG1319412|-24|-66|CG1319413|-59|-82
755|2|9|1000|1|CG1319414|-41|-69
755|2|10|1000|6|CG1319406|-33|-66|CG1319407|-27|-78|CG1319408|-20|-90|CG1319409|-11|-58|CG1319410|-7|-62|CG1319411|-4|-47
755|3|0|1598|4|CG1319484|-22|-72|CG1319483|-22|-73|CG1319485|-22|-72|CG1319483|-22|-73
755|3|1|1000|6|CG1319488|-34|-68|CG1319489|-25|-71|CG1319490|-33|-71|CG1319491|-37|-68|CG1319492|-42|-71|CG1319493|-42|-71
755|3|2|600|5|CG1325525|-125|-117|CG1325526|-119|-165|CG1325527|-116|-175|CG1325528|-58|-136|CG1325529|-81|-129
755|3|3|510|6|CG1319451|-43|-68|CG1319452|-37|-70|CG1319453|-41|-73|CG1319454|-43|-68|CG1319455|-33|-70|CG1319456|-41|-73
755|3|4|
755|3|5|1190|17|CG1319443|-21|-70|CG1319443|-21|-70|CG1319444|-31|-66|CG1319444|-31|-66|CG1319445|-40|-64|CG1319445|-40|-64|CG1319446|-39|-59|CG1319446|-39|-59|CG1319446|-39|-59|CG1319447|-26|-68|CG1319448|-5|-69|CG1319448|-5|-69|CG1319448|-5|-69|CG1319449|-4|-59|CG1319449|-4|-59|CG1319450|-13|-69|CG1319450|-13|-69
755|3|6|2499|27|CG1319470|-21|-70|CG1319472|-31|-67|CG1319473|-37|-62|CG1319474|-53|-61|CG1319475|-40|-62|CG1319476|-37|-62|CG1319473|-37|-62|CG1319474|-53|-61|CG1319475|-40|-62|CG1319476|-37|-62|CG1319473|-37|-62|CG1319474|-53|-61|CG1319475|-40|-62|CG1319476|-37|-62|CG1319473|-37|-62|CG1319477|-40|-59|CG1319478|-32|-61|CG1319479|-35|-88|CG1319479|-35|-88|CG1319479|-35|-88|CG1319471|-19|-62|CG1319477|-40|-59|CG1319473|-37|-62|CG1319473|-37|-62|CG1319472|-31|-67|CG1319470|-21|-70|CG1319470|-21|-70
755|3|7|1394|18|CG1318130|-21|-70|CG1318132|-31|-67|CG1318133|-37|-62|CG1318134|-53|-61|CG1318135|-40|-62|CG1318136|-37|-62|CG1318133|-37|-62|CG1318134|-53|-61|CG1318135|-40|-62|CG1318136|-37|-62|CG1318133|-37|-62|CG1318134|-53|-61|CG1318147|-30|-66|CG1318148|-36|-68|CG1318149|-11|-69|CG1318150|-5|-69|CG1318151|-25|-70|CG1318152|-21|-70
755|3|8|1000|2|CG1319465|-22|-69|CG1319466|-58|-67
755|3|9|1000|1|CG1319467|-36|-74
755|3|10|1000|6|CG1319459|-38|-70|CG1319460|-32|-71|CG1319461|-23|-70|CG1319462|5|-44|CG1319463|2|-50|CG1319464|-4|-27
755|4|0|1598|4|CG1319537|-30|-68|CG1319536|-29|-68|CG1319538|-29|-69|CG1319536|-29|-68
755|4|1|1000|6|CG1319541|-31|-66|CG1319542|-31|-69|CG1319543|-32|-68|CG1319544|-32|-65|CG1319545|-32|-69|CG1319546|-34|-69
755|4|2|600|5|CG1325581|-118|-123|CG1325582|-92|-162|CG1325583|-82|-152|CG1325584|-98|-119|CG1325585|-112|-122
755|4|3|510|6|CG1319504|-36|-65|CG1319505|-33|-68|CG1319506|-37|-70|CG1319507|-33|-66|CG1319508|-33|-68|CG1319509|-37|-70
755|4|4|
755|4|5|1190|17|CG1319496|-31|-66|CG1319496|-31|-66|CG1319497|-43|-64|CG1319497|-43|-64|CG1319498|-58|-63|CG1319498|-58|-63|CG1319499|-62|-60|CG1319499|-62|-60|CG1319499|-62|-60|CG1319500|-19|-56|CG1319501|-12|-66|CG1319501|-12|-66|CG1319501|-12|-66|CG1319502|-13|-44|CG1319502|-13|-44|CG1319503|-22|-58|CG1319503|-22|-58
755|4|6|2499|27|CG1319523|-35|-66|CG1319525|-44|-64|CG1319526|-57|-62|CG1319527|-59|-63|CG1319528|-56|-63|CG1319529|-55|-62|CG1319526|-57|-62|CG1319527|-59|-63|CG1319528|-56|-63|CG1319529|-55|-62|CG1319526|-57|-62|CG1319527|-59|-63|CG1319528|-56|-63|CG1319529|-55|-62|CG1319526|-57|-62|CG1319530|-53|-53|CG1319531|-43|-53|CG1319532|-28|-88|CG1319532|-28|-88|CG1319532|-28|-88|CG1319524|-25|-57|CG1319530|-53|-53|CG1319526|-57|-62|CG1319526|-57|-62|CG1319525|-44|-64|CG1319523|-35|-66|CG1319523|-35|-66
755|4|7|1394|18|CG1318194|-35|-66|CG1318196|-44|-64|CG1318197|-57|-62|CG1318198|-59|-63|CG1318199|-56|-63|CG1318200|-55|-62|CG1318197|-57|-62|CG1318198|-59|-63|CG1318199|-56|-63|CG1318200|-55|-62|CG1318197|-57|-62|CG1318198|-59|-63|CG1318211|-43|-64|CG1318212|-39|-65|CG1318213|-19|-58|CG1318214|-11|-56|CG1318215|-22|-61|CG1318216|-35|-66
755|4|8|1000|2|CG1319518|-23|-62|CG1319519|-58|-66
755|4|9|1000|1|CG1319520|-30|-68
755|4|10|1000|6|CG1319512|-30|-67|CG1319513|-29|-68|CG1319514|-21|-64|CG1319515|-4|-29|CG1319516|-6|-26|CG1319517|-9|-15
755|5|0|1598|4|CG1319590|-36|-67|CG1319589|-35|-67|CG1319591|-35|-67|CG1319589|-35|-67
755|5|1|1000|6|CG1319594|-37|-65|CG1319595|-37|-69|CG1319596|-37|-68|CG1319597|-40|-65|CG1319598|-38|-69|CG1319599|-37|-68
755|5|2|600|5|CG1325637|-87|-102|CG1325638|-101|-134|CG1325639|-81|-118|CG1325640|-146|-102|CG1325641|-132|-115
755|5|3|510|6|CG1319557|-37|-65|CG1319558|-37|-67|CG1319559|-38|-70|CG1319560|-38|-65|CG1319561|-37|-67|CG1319562|-37|-70
755|5|4|
755|5|5|1190|17|CG1319549|-35|-67|CG1319549|-35|-67|CG1319550|-45|-68|CG1319550|-45|-68|CG1319551|-69|-71|CG1319551|-69|-71|CG1319552|-73|-66|CG1319552|-73|-66|CG1319552|-73|-66|CG1319553|-38|-54|CG1319554|-37|-64|CG1319554|-37|-64|CG1319554|-37|-64|CG1319555|-39|-39|CG1319555|-39|-39|CG1319556|-40|-57|CG1319556|-40|-57
755|5|6|2499|27|CG1319576|-35|-67|CG1319578|-45|-69|CG1319579|-59|-70|CG1319580|-61|-71|CG1319581|-58|-70|CG1319582|-56|-70|CG1319579|-59|-70|CG1319580|-61|-71|CG1319581|-58|-70|CG1319582|-56|-70|CG1319579|-59|-70|CG1319580|-61|-71|CG1319581|-58|-70|CG1319582|-56|-70|CG1319579|-59|-70|CG1319583|-56|-62|CG1319584|-49|-56|CG1319585|-20|-93|CG1319585|-20|-93|CG1319585|-20|-93|CG1319577|-40|-57|CG1319583|-56|-62|CG1319579|-59|-70|CG1319579|-59|-70|CG1319578|-45|-69|CG1319576|-35|-67|CG1319576|-35|-67
755|5|7|1394|18|CG1318258|-35|-67|CG1318260|-45|-69|CG1318261|-49|-70|CG1318262|-46|-71|CG1318263|-47|-70|CG1318264|-50|-70|CG1318261|-49|-70|CG1318262|-46|-71|CG1318263|-47|-70|CG1318264|-50|-70|CG1318261|-49|-70|CG1318262|-46|-71|CG1318275|-41|-66|CG1318276|-38|-66|CG1318277|-29|-56|CG1318278|-34|-50|CG1318279|-40|-57|CG1318280|-35|-67
755|5|8|1000|2|CG1319571|-35|-60|CG1319572|-35|-71
755|5|9|1000|1|CG1319573|-34|-63
755|5|10|1000|6|CG1319565|-37|-67|CG1319566|-44|-63|CG1319567|-41|-54|CG1319568|-44|-18|CG1319569|-39|-27|CG1319570|-61|-12
755|6|0|1598|4|CG1319643|-31|-68|CG1319642|-31|-67|CG1319644|-32|-67|CG1319642|-31|-67
755|6|1|1000|6|CG1319647|-37|-66|CG1319648|-42|-69|CG1319649|-43|-69|CG1319650|-43|-66|CG1319651|-41|-69|CG1319652|-39|-69
755|6|2|600|5|CG1325693|-56|-115|CG1325694|-66|-158|CG1325695|-93|-143|CG1325696|-109|-126|CG1325697|-81|-115
755|6|3|510|6|CG1319610|-40|-65|CG1319611|-41|-66|CG1319612|-42|-68|CG1319613|-40|-64|CG1319614|-41|-66|CG1319615|-42|-69
755|6|4|
755|6|5|1190|17|CG1319602|-28|-69|CG1319602|-28|-69|CG1319603|-47|-71|CG1319603|-47|-71|CG1319604|-59|-74|CG1319604|-59|-74|CG1319605|-43|-68|CG1319605|-43|-68|CG1319605|-43|-68|CG1319606|-70|-59|CG1319607|-82|-64|CG1319607|-82|-64|CG1319607|-82|-64|CG1319608|-75|-45|CG1319608|-75|-45|CG1319609|-66|-61|CG1319609|-66|-61
755|6|6|2499|27|CG1319629|-42|-68|CG1319631|-54|-70|CG1319632|-54|-73|CG1319633|-52|-73|CG1319634|-54|-73|CG1319635|-55|-72|CG1319632|-54|-73|CG1319633|-52|-73|CG1319634|-54|-73|CG1319635|-55|-72|CG1319632|-54|-73|CG1319633|-52|-73|CG1319634|-54|-73|CG1319635|-55|-72|CG1319632|-54|-73|CG1319636|-46|-69|CG1319637|-54|-63|CG1319638|-29|-97|CG1319638|-29|-97|CG1319638|-29|-97|CG1319630|-52|-56|CG1319636|-46|-69|CG1319632|-54|-73|CG1319632|-54|-73|CG1319631|-54|-70|CG1319629|-42|-68|CG1319629|-42|-68
755|6|7|1394|18|CG1318322|-24|-68|CG1318324|-26|-70|CG1318325|-30|-73|CG1318326|-32|-73|CG1318327|-29|-73|CG1318328|-28|-72|CG1318325|-30|-73|CG1318326|-32|-73|CG1318327|-29|-73|CG1318328|-28|-72|CG1318325|-30|-73|CG1318326|-32|-73|CG1318339|-28|-68|CG1318340|-30|-75|CG1318341|-58|-65|CG1318342|-58|-50|CG1318343|-37|-60|CG1318344|-24|-68
755|6|8|1000|2|CG1319624|-36|-61|CG1319625|-41|-69
755|6|9|1000|1|CG1319626|-45|-62
755|6|10|1000|6|CG1319618|-31|-67|CG1319619|-50|-64|CG1319620|-63|-57|CG1319621|-84|-25|CG1319622|-90|-32|CG1319623|-117|-16
755|7|0|1598|4|CG1319696|-28|-70|CG1319695|-27|-70|CG1319697|-27|-70|CG1319695|-27|-70
755|7|1|1000|6|CG1319700|-36|-68|CG1319701|-35|-72|CG1319702|-35|-71|CG1319703|-37|-68|CG1319704|-38|-72|CG1319705|-38|-71
755|7|2|600|5|CG1325749|-65|-111|CG1325750|-73|-164|CG1325751|-68|-170|CG1325752|-60|-150|CG1325753|-60|-127
755|7|3|510|6|CG1319663|-28|-67|CG1319664|-29|-69|CG1319665|-29|-71|CG1319666|-30|-67|CG1319667|-28|-69|CG1319668|-29|-72
755|7|4|
755|7|5|1190|17|CG1319655|-53|-71|CG1319655|-53|-71|CG1319656|-58|-72|CG1319656|-58|-72|CG1319657|-26|-72|CG1319657|-26|-72|CG1319658|-31|-69|CG1319658|-31|-69|CG1319658|-31|-69|CG1319659|-79|-69|CG1319660|-94|-65|CG1319660|-94|-65|CG1319660|-94|-65|CG1319661|-88|-63|CG1319661|-88|-63|CG1319662|-78|-69|CG1319662|-78|-69
755|7|6|2499|27|CG1319682|-54|-71|CG1319684|-42|-72|CG1319685|-39|-71|CG1319686|-38|-71|CG1319687|-39|-71|CG1319688|-39|-71|CG1319685|-39|-71|CG1319686|-38|-71|CG1319687|-39|-71|CG1319688|-39|-71|CG1319685|-39|-71|CG1319686|-38|-71|CG1319687|-39|-71|CG1319688|-39|-71|CG1319685|-39|-71|CG1319689|-43|-68|CG1319690|-44|-66|CG1319691|-58|-99|CG1319691|-58|-99|CG1319691|-58|-99|CG1319683|-48|-64|CG1319689|-43|-68|CG1319685|-39|-71|CG1319685|-39|-71|CG1319684|-42|-72|CG1319682|-54|-71|CG1319682|-54|-71
755|7|7|1394|18|CG1318386|-23|-71|CG1318388|-30|-72|CG1318389|-30|-71|CG1318390|-30|-71|CG1318391|-30|-71|CG1318392|-30|-71|CG1318389|-30|-71|CG1318390|-30|-71|CG1318391|-30|-71|CG1318392|-30|-71|CG1318389|-30|-71|CG1318390|-30|-71|CG1318403|-33|-67|CG1318404|-41|-79|CG1318405|-61|-71|CG1318406|-60|-61|CG1318407|-40|-70|CG1318408|-23|-71
755|7|8|1000|2|CG1319677|-48|-67|CG1319678|-50|-65
755|7|9|1000|1|CG1319679|-40|-69
755|7|10|1000|6|CG1319671|-49|-70|CG1319672|-64|-68|CG1319673|-71|-75|CG1319674|-113|-45|CG1319675|-111|-44|CG1319676|-108|-31
