739|0|0|8000|40|CG1312482|-26|-59|CG1312483|-27|-59|CG1312484|-28|-59|CG1312483|-27|-59|CG1312482|-26|-59|CG1312485|-25|-57|CG1312486|-25|-56|CG1312486|-25|-56|CG1312486|-25|-56|CG1312486|-25|-56|CG1312485|-25|-57|CG1312482|-26|-59|CG1312483|-27|-59|CG1312484|-28|-59|CG1312483|-27|-59|CG1312482|-26|-59|CG1312483|-27|-59|CG1312484|-28|-59|CG1312483|-27|-59|CG1312482|-26|-59|CG1312485|-25|-57|CG1312486|-25|-56|CG1312486|-25|-56|CG1312486|-25|-56|CG1312485|-25|-57|CG1312482|-26|-59|CG1312485|-25|-57|CG1312486|-25|-56|CG1312486|-25|-56|CG1312486|-25|-56|CG1312486|-25|-56|CG1312485|-25|-57|CG1312482|-26|-59|CG1312483|-27|-59|CG1312484|-28|-59|CG1312483|-27|-59|CG1312482|-26|-59|CG1312483|-27|-59|CG1312484|-28|-59|CG1312483|-27|-59
739|0|1|1000|6|CG1312489|-36|-56|CG1312490|-37|-60|CG1312491|-33|-57|CG1312492|-32|-55|CG1312493|-35|-60|CG1312494|-36|-58
739|0|2|600|5|CG1325357|-54|-113|CG1325358|-66|-144|CG1325359|-95|-176|CG1325360|-103|-137|CG1325361|-78|-106
739|0|3|510|6|CG1312820|-35|-61|CG1312821|-31|-62|CG1312822|-22|-62|CG1312823|-24|-64|CG1312824|-24|-62|CG1312825|-29|-61
739|0|4|
739|0|5|1000|14|CG1312452|-22|-56|CG1312452|-22|-56|CG1312453|-25|-66|CG1312453|-25|-66|CG1312454|-20|-58|CG1312454|-20|-58|CG1312455|-20|-55|CG1312455|-20|-55|CG1312456|-17|-60|CG1312456|-17|-60|CG1312456|-17|-60|CG1312456|-17|-60|CG1312457|-24|-53|CG1312457|-24|-53
739|0|6|2091|24|CG1312471|-37|-58|CG1312471|-37|-58|CG1312472|-32|-60|CG1312472|-32|-60|CG1312473|-23|-56|CG1312473|-23|-56|CG1312474|-28|-43|CG1312474|-28|-43|CG1312475|-29|-44|CG1312475|-29|-44|CG1312475|-29|-44|CG1312475|-29|-44|CG1312475|-29|-44|CG1312475|-29|-44|CG1312476|-29|-39|CG1312477|-28|-45|CG1312478|-28|-30|CG1312478|-28|-30|CG1312478|-28|-30|CG1312478|-28|-30|CG1312477|-28|-45|CG1312477|-28|-45|CG1312476|-29|-39|CG1312476|-29|-39
739|0|7|1088|13|CG1312861|-23|-59|CG1312861|-23|-59|CG1312862|-23|-60|CG1312862|-23|-60|CG1312863|-33|-61|CG1312863|-33|-61|CG1312864|-26|-73|CG1312865|-26|-72|CG1312866|-22|-83|CG1312867|-28|-77|CG1312867|-28|-77|CG1312868|-21|-58|CG1312868|-21|-58
739|0|8|1000|2|CG1312466|-32|-59|CG1312467|-19|-35
739|0|9|1000|1|CG1312468|-23|-51
739|0|10|1190|6|CG1312460|-35|-58|CG1312461|-41|-57|CG1312462|-44|-57|CG1312463|-60|-50|CG1312464|-58|-48|CG1312465|-61|-47
739|1|0|8000|40|CG1312527|-39|-58|CG1312528|-38|-58|CG1312529|-38|-58|CG1312528|-38|-58|CG1312527|-39|-58|CG1312530|-40|-57|CG1312531|-41|-56|CG1312531|-41|-56|CG1312531|-41|-56|CG1312531|-41|-56|CG1312530|-40|-57|CG1312527|-39|-58|CG1312528|-38|-58|CG1312529|-38|-58|CG1312528|-38|-58|CG1312527|-39|-58|CG1312528|-38|-58|CG1312529|-38|-58|CG1312528|-38|-58|CG1312527|-39|-58|CG1312530|-40|-57|CG1312531|-41|-56|CG1312531|-41|-56|CG1312531|-41|-56|CG1312530|-40|-57|CG1312527|-39|-58|CG1312530|-40|-57|CG1312531|-41|-56|CG1312531|-41|-56|CG1312531|-41|-56|CG1312531|-41|-56|CG1312530|-40|-57|CG1312527|-39|-58|CG1312528|-38|-58|CG1312529|-38|-58|CG1312528|-38|-58|CG1312527|-39|-58|CG1312528|-38|-58|CG1312529|-38|-58|CG1312528|-38|-58
739|1|1|1000|6|CG1312534|-36|-55|CG1312535|-36|-60|CG1312536|-33|-57|CG1312537|-31|-55|CG1312538|-32|-60|CG1312539|-35|-57
739|1|2|600|5|CG1325413|-100|-113|CG1325414|-102|-107|CG1325415|-90|-159|CG1325416|-142|-98|CG1325417|-131|-103
739|1|3|510|6|CG1312888|-25|-61|CG1312889|-31|-62|CG1312890|-30|-60|CG1312891|-22|-62|CG1312892|-29|-61|CG1312893|-33|-60
739|1|4|
739|1|5|1000|14|CG1312497|-31|-54|CG1312497|-31|-54|CG1312498|-33|-56|CG1312498|-33|-56|CG1312499|-22|-58|CG1312499|-22|-58|CG1312500|-20|-54|CG1312500|-20|-54|CG1312501|-18|-57|CG1312501|-18|-57|CG1312501|-18|-57|CG1312501|-18|-57|CG1312502|-25|-53|CG1312502|-25|-53
739|1|6|2091|24|CG1312516|-39|-56|CG1312516|-39|-56|CG1312517|-38|-59|CG1312517|-38|-59|CG1312518|-31|-51|CG1312518|-31|-51|CG1312519|-37|-38|CG1312519|-37|-38|CG1312520|-37|-41|CG1312520|-37|-41|CG1312520|-37|-41|CG1312520|-37|-41|CG1312520|-37|-41|CG1312520|-37|-41|CG1312521|-37|-37|CG1312522|-37|-39|CG1312523|-37|-25|CG1312523|-37|-25|CG1312523|-37|-25|CG1312523|-37|-25|CG1312522|-37|-39|CG1312522|-37|-39|CG1312521|-37|-37|CG1312521|-37|-37
739|1|7|1088|13|CG1312929|-19|-58|CG1312929|-19|-58|CG1312930|-17|-59|CG1312930|-17|-59|CG1312931|-18|-60|CG1312931|-18|-60|CG1312932|-20|-79|CG1312933|-20|-71|CG1312934|-23|-82|CG1312935|-20|-78|CG1312935|-20|-78|CG1312936|-25|-57|CG1312936|-25|-57
739|1|8|1000|2|CG1312511|-27|-58|CG1312512|-44|-31
739|1|9|1000|1|CG1312513|-40|-50
739|1|10|1190|6|CG1312505|-32|-57|CG1312506|-44|-58|CG1312507|-27|-68|CG1312508|-33|-53|CG1312509|-33|-56|CG1312510|-38|-56
739|2|0|8000|40|CG1312572|-30|-59|CG1312573|-28|-59|CG1312574|-27|-59|CG1312573|-28|-59|CG1312572|-30|-59|CG1312575|-32|-57|CG1312576|-33|-56|CG1312576|-33|-56|CG1312576|-33|-56|CG1312576|-33|-56|CG1312575|-32|-57|CG1312572|-30|-59|CG1312573|-28|-59|CG1312574|-27|-59|CG1312573|-28|-59|CG1312572|-30|-59|CG1312573|-28|-59|CG1312574|-27|-59|CG1312573|-28|-59|CG1312572|-30|-59|CG1312575|-32|-57|CG1312576|-33|-56|CG1312576|-33|-56|CG1312576|-33|-56|CG1312575|-32|-57|CG1312572|-30|-59|CG1312575|-32|-57|CG1312576|-33|-56|CG1312576|-33|-56|CG1312576|-33|-56|CG1312576|-33|-56|CG1312575|-32|-57|CG1312572|-30|-59|CG1312573|-28|-59|CG1312574|-27|-59|CG1312573|-28|-59|CG1312572|-30|-59|CG1312573|-28|-59|CG1312574|-27|-59|CG1312573|-28|-59
739|2|1|1000|6|CG1312579|-30|-55|CG1312580|-27|-60|CG1312581|-27|-58|CG1312582|-27|-56|CG1312583|-24|-60|CG1312584|-29|-57
739|2|2|600|5|CG1325469|-119|-113|CG1325470|-90|-142|CG1325471|-82|-174|CG1325472|-99|-116|CG1325473|-109|-103
739|2|3|510|6|CG1312956|-23|-64|CG1312957|-20|-62|CG1312958|-32|-61|CG1312959|-29|-62|CG1312960|-31|-63|CG1312961|-22|-62
739|2|4|
739|2|5|1000|14|CG1312542|-39|-56|CG1312542|-39|-56|CG1312543|-30|-58|CG1312543|-30|-58|CG1312544|-22|-58|CG1312544|-22|-58|CG1312545|-21|-56|CG1312545|-21|-56|CG1312546|-25|-54|CG1312546|-25|-54|CG1312546|-25|-54|CG1312546|-25|-54|CG1312547|-25|-57|CG1312547|-25|-57
739|2|6|2091|24|CG1312561|-33|-58|CG1312561|-33|-58|CG1312562|-37|-63|CG1312562|-37|-63|CG1312563|-43|-57|CG1312563|-43|-57|CG1312564|-35|-43|CG1312564|-35|-43|CG1312565|-35|-44|CG1312565|-35|-44|CG1312565|-35|-44|CG1312565|-35|-44|CG1312565|-35|-44|CG1312565|-35|-44|CG1312566|-34|-39|CG1312567|-36|-35|CG1312568|-41|-30|CG1312568|-41|-30|CG1312568|-41|-30|CG1312568|-41|-30|CG1312567|-36|-35|CG1312567|-36|-35|CG1312566|-34|-39|CG1312566|-34|-39
739|2|7|1088|13|CG1312997|-15|-60|CG1312997|-15|-60|CG1312998|-13|-61|CG1312998|-13|-61|CG1312999|-14|-61|CG1312999|-14|-61|CG1313000|-20|-80|CG1313001|-28|-74|CG1313002|-26|-82|CG1313003|-22|-79|CG1313003|-22|-79|CG1313004|-25|-58|CG1313004|-25|-58
739|2|8|1000|2|CG1312556|-37|-59|CG1312557|-49|-33
739|2|9|1000|1|CG1312558|-36|-50
739|2|10|1190|6|CG1312550|-33|-58|CG1312551|-33|-65|CG1312552|-19|-72|CG1312553|-14|-51|CG1312554|-15|-48|CG1312555|-16|-46
739|3|0|8000|40|CG1312617|-17|-62|CG1312618|-17|-63|CG1312619|-17|-63|CG1312618|-17|-63|CG1312617|-17|-62|CG1312620|-17|-61|CG1312621|-18|-59|CG1312621|-18|-59|CG1312621|-18|-59|CG1312621|-18|-59|CG1312620|-17|-61|CG1312617|-17|-62|CG1312618|-17|-63|CG1312619|-17|-63|CG1312618|-17|-63|CG1312617|-17|-62|CG1312618|-17|-63|CG1312619|-17|-63|CG1312618|-17|-63|CG1312617|-17|-62|CG1312620|-17|-61|CG1312621|-18|-59|CG1312621|-18|-59|CG1312621|-18|-59|CG1312620|-17|-61|CG1312617|-17|-62|CG1312620|-17|-61|CG1312621|-18|-59|CG1312621|-18|-59|CG1312621|-18|-59|CG1312621|-18|-59|CG1312620|-17|-61|CG1312617|-17|-62|CG1312618|-17|-63|CG1312619|-17|-63|CG1312618|-17|-63|CG1312617|-17|-62|CG1312618|-17|-63|CG1312619|-17|-63|CG1312618|-17|-63
739|3|1|1000|6|CG1312624|-27|-58|CG1312625|-25|-62|CG1312626|-29|-61|CG1312627|-31|-59|CG1312628|-27|-63|CG1312629|-28|-60
739|3|2|600|5|CG1325525|-125|-117|CG1325526|-119|-165|CG1325527|-116|-175|CG1325528|-58|-136|CG1325529|-81|-129
739|3|3|510|6|CG1313024|-27|-60|CG1313025|-25|-58|CG1313026|-21|-60|CG1313027|-27|-62|CG1313028|-21|-60|CG1313029|-22|-60
739|3|4|
739|3|5|1000|14|CG1312587|-28|-62|CG1312587|-28|-62|CG1312588|-22|-61|CG1312588|-22|-61|CG1312589|-21|-59|CG1312589|-21|-59|CG1312590|-25|-62|CG1312590|-25|-62|CG1312591|-31|-62|CG1312591|-31|-62|CG1312591|-31|-62|CG1312591|-31|-62|CG1312592|-32|-62|CG1312592|-32|-62
739|3|6|2091|24|CG1312606|-33|-59|CG1312606|-33|-59|CG1312607|-36|-68|CG1312607|-36|-68|CG1312608|-38|-61|CG1312608|-38|-61|CG1312609|-39|-49|CG1312609|-39|-49|CG1312610|-37|-45|CG1312610|-37|-45|CG1312610|-37|-45|CG1312610|-37|-45|CG1312610|-37|-45|CG1312610|-37|-45|CG1312611|-38|-47|CG1312612|-40|-44|CG1312613|-45|-41|CG1312613|-45|-41|CG1312613|-45|-41|CG1312613|-45|-41|CG1312612|-40|-44|CG1312612|-40|-44|CG1312611|-38|-47|CG1312611|-38|-47
739|3|7|1088|13|CG1313065|-17|-62|CG1313065|-17|-62|CG1313066|-25|-58|CG1313066|-25|-58|CG1313067|-14|-64|CG1313067|-14|-64|CG1313068|-22|-77|CG1313069|-30|-77|CG1313070|-18|-84|CG1313071|-29|-77|CG1313071|-29|-77|CG1313072|-23|-58|CG1313072|-23|-58
739|3|8|1000|2|CG1312601|-32|-57|CG1312602|-56|-37
739|3|9|1000|1|CG1312603|-23|-52
739|3|10|1190|6|CG1312595|-31|-61|CG1312596|-23|-64|CG1312597|-9|-66|CG1312598|-10|-36|CG1312599|-11|-31|CG1312600|-12|-26
739|4|0|8000|40|CG1312662|-15|-63|CG1312663|-15|-63|CG1312664|-16|-63|CG1312663|-15|-63|CG1312662|-15|-63|CG1312665|-20|-63|CG1312666|-25|-63|CG1312666|-25|-63|CG1312666|-25|-63|CG1312666|-25|-63|CG1312665|-20|-63|CG1312662|-15|-63|CG1312663|-15|-63|CG1312664|-16|-63|CG1312663|-15|-63|CG1312662|-15|-63|CG1312663|-15|-63|CG1312664|-16|-63|CG1312663|-15|-63|CG1312662|-15|-63|CG1312665|-20|-63|CG1312666|-25|-63|CG1312666|-25|-63|CG1312666|-25|-63|CG1312665|-20|-63|CG1312662|-15|-63|CG1312665|-20|-63|CG1312666|-25|-63|CG1312666|-25|-63|CG1312666|-25|-63|CG1312666|-25|-63|CG1312665|-20|-63|CG1312662|-15|-63|CG1312663|-15|-63|CG1312664|-16|-63|CG1312663|-15|-63|CG1312662|-15|-63|CG1312663|-15|-63|CG1312664|-16|-63|CG1312663|-15|-63
739|4|1|1000|6|CG1312669|-30|-59|CG1312670|-29|-62|CG1312671|-32|-60|CG1312672|-33|-58|CG1312673|-31|-62|CG1312674|-30|-61
739|4|2|600|5|CG1325581|-118|-123|CG1325582|-92|-162|CG1325583|-82|-152|CG1325584|-98|-119|CG1325585|-112|-122
739|4|3|510|6|CG1313092|-29|-55|CG1313093|-30|-50|CG1313094|-25|-55|CG1313095|-23|-59|CG1313096|-20|-54|CG1313097|-32|-53
739|4|4|
739|4|5|1000|14|CG1312632|-26|-65|CG1312632|-26|-65|CG1312633|-41|-63|CG1312633|-41|-63|CG1312634|-23|-60|CG1312634|-23|-60|CG1312635|-24|-65|CG1312635|-24|-65|CG1312636|-29|-67|CG1312636|-29|-67|CG1312636|-29|-67|CG1312636|-29|-67|CG1312637|-33|-62|CG1312637|-33|-62
739|4|6|2091|24|CG1312651|-31|-57|CG1312651|-31|-57|CG1312652|-35|-67|CG1312652|-35|-67|CG1312653|-30|-63|CG1312653|-30|-63|CG1312654|-36|-53|CG1312654|-36|-53|CG1312655|-33|-43|CG1312655|-33|-43|CG1312655|-33|-43|CG1312655|-33|-43|CG1312655|-33|-43|CG1312655|-33|-43|CG1312656|-35|-54|CG1312657|-35|-54|CG1312658|-47|-51|CG1312658|-47|-51|CG1312658|-47|-51|CG1312658|-47|-51|CG1312657|-35|-54|CG1312657|-35|-54|CG1312656|-35|-54|CG1312656|-35|-54
739|4|7|1088|13|CG1313133|-25|-60|CG1313133|-25|-60|CG1313134|-30|-50|CG1313134|-30|-50|CG1313135|-21|-64|CG1313135|-21|-64|CG1313136|-27|-77|CG1313137|-34|-79|CG1313138|-14|-81|CG1313139|-23|-70|CG1313139|-23|-70|CG1313140|-21|-55|CG1313140|-21|-55
739|4|8|1000|2|CG1312646|-13|-52|CG1312647|-45|-50
739|4|9|1000|1|CG1312648|-19|-52
739|4|10|1190|6|CG1312640|-29|-63|CG1312641|-32|-60|CG1312642|-15|-54|CG1312643|-15|-24|CG1312644|-16|-21|CG1312645|-16|-17
739|5|0|8000|40|CG1312707|-20|-60|CG1312708|-20|-60|CG1312709|-20|-60|CG1312708|-20|-60|CG1312707|-20|-60|CG1312710|-23|-61|CG1312711|-25|-61|CG1312711|-25|-61|CG1312711|-25|-61|CG1312711|-25|-61|CG1312710|-23|-61|CG1312707|-20|-60|CG1312708|-20|-60|CG1312709|-20|-60|CG1312708|-20|-60|CG1312707|-20|-60|CG1312708|-20|-60|CG1312709|-20|-60|CG1312708|-20|-60|CG1312707|-20|-60|CG1312710|-23|-61|CG1312711|-25|-61|CG1312711|-25|-61|CG1312711|-25|-61|CG1312710|-23|-61|CG1312707|-20|-60|CG1312710|-23|-61|CG1312711|-25|-61|CG1312711|-25|-61|CG1312711|-25|-61|CG1312711|-25|-61|CG1312710|-23|-61|CG1312707|-20|-60|CG1312708|-20|-60|CG1312709|-20|-60|CG1312708|-20|-60|CG1312707|-20|-60|CG1312708|-20|-60|CG1312709|-20|-60|CG1312708|-20|-60
739|5|1|1000|6|CG1312714|-22|-57|CG1312715|-22|-60|CG1312716|-23|-58|CG1312717|-24|-57|CG1312718|-23|-59|CG1312719|-22|-58
739|5|2|600|5|CG1325637|-87|-102|CG1325638|-101|-134|CG1325639|-81|-118|CG1325640|-146|-102|CG1325641|-132|-115
739|5|3|510|6|CG1313160|-23|-56|CG1313161|-25|-50|CG1313162|-33|-50|CG1313163|-27|-56|CG1313164|-33|-49|CG1313165|-29|-50
739|5|4|
739|5|5|1000|14|CG1312677|-17|-63|CG1312677|-17|-63|CG1312678|-52|-62|CG1312678|-52|-62|CG1312679|-26|-61|CG1312679|-26|-61|CG1312680|-23|-64|CG1312680|-23|-64|CG1312681|-22|-65|CG1312681|-22|-65|CG1312681|-22|-65|CG1312681|-22|-65|CG1312682|-21|-62|CG1312682|-21|-62
739|5|6|2091|24|CG1312696|-33|-53|CG1312696|-33|-53|CG1312697|-27|-64|CG1312697|-27|-64|CG1312698|-32|-60|CG1312698|-32|-60|CG1312699|-21|-51|CG1312699|-21|-51|CG1312700|-21|-40|CG1312700|-21|-40|CG1312700|-21|-40|CG1312700|-21|-40|CG1312700|-21|-40|CG1312700|-21|-40|CG1312701|-20|-54|CG1312702|-20|-55|CG1312703|-29|-55|CG1312703|-29|-55|CG1312703|-29|-55|CG1312703|-29|-55|CG1312702|-20|-55|CG1312702|-20|-55|CG1312701|-20|-54|CG1312701|-20|-54
739|5|7|1088|13|CG1313201|-24|-57|CG1313201|-24|-57|CG1313202|-22|-51|CG1313202|-22|-51|CG1313203|-22|-63|CG1313203|-22|-63|CG1313204|-23|-77|CG1313205|-21|-80|CG1313206|-20|-79|CG1313207|-20|-62|CG1313207|-20|-62|CG1313208|-22|-51|CG1313208|-22|-51
739|5|8|1000|2|CG1312691|-21|-45|CG1312692|-25|-56
739|5|9|1000|1|CG1312693|-19|-49
739|5|10|1190|6|CG1312685|-33|-60|CG1312686|-31|-57|CG1312687|-25|-44|CG1312688|-28|-20|CG1312689|-27|-15|CG1312690|-27|-15
739|6|0|8000|40|CG1312752|-22|-63|CG1312753|-21|-63|CG1312754|-21|-63|CG1312753|-21|-63|CG1312752|-22|-63|CG1312755|-20|-63|CG1312756|-19|-63|CG1312756|-19|-63|CG1312756|-19|-63|CG1312756|-19|-63|CG1312755|-20|-63|CG1312752|-22|-63|CG1312753|-21|-63|CG1312754|-21|-63|CG1312753|-21|-63|CG1312752|-22|-63|CG1312753|-21|-63|CG1312754|-21|-63|CG1312753|-21|-63|CG1312752|-22|-63|CG1312755|-20|-63|CG1312756|-19|-63|CG1312756|-19|-63|CG1312756|-19|-63|CG1312755|-20|-63|CG1312752|-22|-63|CG1312755|-20|-63|CG1312756|-19|-63|CG1312756|-19|-63|CG1312756|-19|-63|CG1312756|-19|-63|CG1312755|-20|-63|CG1312752|-22|-63|CG1312753|-21|-63|CG1312754|-21|-63|CG1312753|-21|-63|CG1312752|-22|-63|CG1312753|-21|-63|CG1312754|-21|-63|CG1312753|-21|-63
739|6|1|1000|6|CG1312759|-23|-58|CG1312760|-16|-62|CG1312761|-15|-61|CG1312762|-16|-59|CG1312763|-15|-62|CG1312764|-17|-60
739|6|2|600|5|CG1325693|-56|-115|CG1325694|-66|-158|CG1325695|-93|-143|CG1325696|-109|-126|CG1325697|-81|-115
739|6|3|510|6|CG1313228|-23|-59|CG1313229|-23|-54|CG1313230|-26|-53|CG1313231|-35|-54|CG1313232|-30|-50|CG1313233|-21|-55
739|6|4|
739|6|5|1000|14|CG1312722|-28|-65|CG1312722|-28|-65|CG1312723|-34|-67|CG1312723|-34|-67|CG1312724|-34|-63|CG1312724|-34|-63|CG1312725|-29|-65|CG1312725|-29|-65|CG1312726|-25|-65|CG1312726|-25|-65|CG1312726|-25|-65|CG1312726|-25|-65|CG1312727|-29|-61|CG1312727|-29|-61
739|6|6|2091|24|CG1312741|-20|-57|CG1312741|-20|-57|CG1312742|-26|-67|CG1312742|-26|-67|CG1312743|-19|-63|CG1312743|-19|-63|CG1312744|-18|-53|CG1312744|-18|-53|CG1312745|-18|-43|CG1312745|-18|-43|CG1312745|-18|-43|CG1312745|-18|-43|CG1312745|-18|-43|CG1312745|-18|-43|CG1312746|-19|-54|CG1312747|-19|-54|CG1312748|-19|-51|CG1312748|-19|-51|CG1312748|-19|-51|CG1312748|-19|-51|CG1312747|-19|-54|CG1312747|-19|-54|CG1312746|-19|-54|CG1312746|-19|-54
739|6|7|1088|13|CG1313269|-16|-60|CG1313269|-16|-60|CG1313270|-22|-55|CG1313270|-22|-55|CG1313271|-19|-64|CG1313271|-19|-64|CG1313272|-16|-76|CG1313273|-21|-79|CG1313274|-29|-81|CG1313275|-25|-63|CG1313275|-25|-63|CG1313276|-24|-55|CG1313276|-24|-55
739|6|8|1000|2|CG1312736|-24|-49|CG1312737|-15|-50
739|6|9|1000|1|CG1312738|-28|-51
739|6|10|1190|6|CG1312730|-22|-63|CG1312731|-16|-60|CG1312732|-26|-50|CG1312733|-49|-23|CG1312734|-63|-19|CG1312735|-67|-18
739|7|0|8000|40|CG1312797|-21|-62|CG1312798|-19|-63|CG1312799|-18|-63|CG1312798|-19|-63|CG1312797|-21|-62|CG1312800|-21|-61|CG1312801|-22|-59|CG1312801|-22|-59|CG1312801|-22|-59|CG1312801|-22|-59|CG1312800|-21|-61|CG1312797|-21|-62|CG1312798|-19|-63|CG1312799|-18|-63|CG1312798|-19|-63|CG1312797|-21|-62|CG1312798|-19|-63|CG1312799|-18|-63|CG1312798|-19|-63|CG1312797|-21|-62|CG1312800|-21|-61|CG1312801|-22|-59|CG1312801|-22|-59|CG1312801|-22|-59|CG1312800|-21|-61|CG1312797|-21|-62|CG1312800|-21|-61|CG1312801|-22|-59|CG1312801|-22|-59|CG1312801|-22|-59|CG1312801|-22|-59|CG1312800|-21|-61|CG1312797|-21|-62|CG1312798|-19|-63|CG1312799|-18|-63|CG1312798|-19|-63|CG1312797|-21|-62|CG1312798|-19|-63|CG1312799|-18|-63|CG1312798|-19|-63
739|7|1|1000|6|CG1312804|-25|-59|CG1312805|-21|-63|CG1312806|-18|-60|CG1312807|-25|-58|CG1312808|-20|-62|CG1312809|-18|-61
739|7|2|600|5|CG1325749|-65|-111|CG1325750|-73|-164|CG1325751|-68|-170|CG1325752|-60|-150|CG1325753|-60|-127
739|7|3|510|6|CG1313296|-27|-61|CG1313297|-27|-59|CG1313298|-24|-59|CG1313299|-26|-60|CG1313300|-27|-58|CG1313301|-24|-60
739|7|4|
739|7|5|1000|14|CG1312767|-26|-61|CG1312767|-26|-61|CG1312768|-27|-73|CG1312768|-27|-73|CG1312769|-35|-62|CG1312769|-35|-62|CG1312770|-33|-62|CG1312770|-33|-62|CG1312771|-24|-63|CG1312771|-24|-63|CG1312771|-24|-63|CG1312771|-24|-63|CG1312772|-33|-57|CG1312772|-33|-57
739|7|6|2091|24|CG1312786|-29|-59|CG1312786|-29|-59|CG1312787|-22|-65|CG1312787|-22|-65|CG1312788|-14|-61|CG1312788|-14|-61|CG1312789|-18|-49|CG1312789|-18|-49|CG1312790|-19|-45|CG1312790|-19|-45|CG1312790|-19|-45|CG1312790|-19|-45|CG1312790|-19|-45|CG1312790|-19|-45|CG1312791|-19|-47|CG1312792|-19|-50|CG1312793|-19|-41|CG1312793|-19|-41|CG1312793|-19|-41|CG1312793|-19|-41|CG1312792|-19|-50|CG1312792|-19|-50|CG1312791|-19|-47|CG1312791|-19|-47
739|7|7|1088|13|CG1313337|-19|-61|CG1313337|-19|-61|CG1313338|-27|-59|CG1313338|-27|-59|CG1313339|-33|-64|CG1313339|-33|-64|CG1313340|-22|-74|CG1313341|-30|-74|CG1313342|-24|-82|CG1313343|-33|-71|CG1313343|-33|-71|CG1313344|-22|-58|CG1313344|-22|-58
739|7|8|1000|2|CG1312781|-31|-56|CG1312782|-12|-39
739|7|9|1000|1|CG1312783|-29|-53
739|7|10|1190|6|CG1312775|-31|-61|CG1312776|-22|-59|CG1312777|-48|-56|CG1312778|-66|-38|CG1312779|-74|-26|CG1312780|-83|-22
