763|0|0|11998|55|CG1322576|-43|-52|CG1322576|-43|-52|CG1322576|-43|-52|CG1322576|-43|-52|CG1322576|-43|-52|CG1322576|-43|-52|CG1322576|-43|-52|CG1322576|-43|-52|CG1322576|-43|-52|CG1322576|-43|-52|CG1322576|-43|-52|CG1322576|-43|-52|CG1322576|-43|-52|CG1322576|-43|-52|CG1322577|-43|-51|CG1322578|-43|-51|CG1322577|-43|-51|CG1322576|-43|-52|CG1322575|-43|-53|CG1322574|-43|-53|CG1322573|-43|-53|CG1322574|-43|-53|CG1322575|-43|-53|CG1322576|-43|-52|CG1322577|-43|-51|CG1322578|-43|-51|CG1322577|-43|-51|CG1322576|-43|-52|CG1322575|-43|-53|CG1322574|-43|-53|CG1322573|-43|-53|CG1322574|-43|-53|CG1322575|-43|-53|CG1322576|-43|-52|CG1322576|-43|-52|CG1322576|-43|-52|CG1322576|-43|-52|CG1322576|-43|-52|CG1322576|-43|-52|CG1322576|-43|-52|CG1322576|-43|-52|CG1322576|-43|-52|CG1322576|-43|-52|CG1322576|-43|-52|CG1322576|-43|-52|CG1322576|-43|-52|CG1322577|-43|-51|CG1322578|-43|-51|CG1322577|-43|-51|CG1322576|-43|-52|CG1322575|-43|-53|CG1322574|-43|-53|CG1322573|-43|-53|CG1322574|-43|-53|CG1322575|-43|-53
763|0|1|994|6|CG1322579|-47|-53|CG1322580|-46|-53|CG1322581|-41|-53|CG1322582|-39|-53|CG1322583|-41|-53|CG1322584|-46|-53
763|0|2|600|5|CG1325357|-54|-113|CG1325358|-66|-144|CG1325359|-95|-176|CG1325360|-103|-137|CG1325361|-78|-106
763|0|3|420|6|CG1322556|-39|-56|CG1322557|-37|-58|CG1322558|-48|-61|CG1322559|-55|-67|CG1322560|-53|-58|CG1322561|-46|-57
763|0|4|
763|0|5|994|15|CG1322548|-46|-51|CG1322549|-47|-51|CG1322550|-50|-53|CG1322551|-63|-60|CG1322552|-71|-61|CG1322552|-71|-61|CG1322552|-71|-61|CG1322552|-71|-61|CG1322553|-63|-57|CG1322553|-63|-57|CG1322554|-56|-53|CG1322554|-56|-53|CG1322555|-48|-54|CG1322555|-48|-54|CG1322555|-48|-54
763|0|6|2000|49|CG1322572|-32|-41|CG1322572|-32|-41|CG1322572|-32|-41|CG1322609|-33|-42|CG1322609|-33|-42|CG1322609|-33|-42|CG1322646|-35|-41|CG1322646|-35|-41|CG1322646|-35|-41|CG1322683|-35|-41|CG1322683|-35|-41|CG1322683|-35|-41|CG1322720|-35|-41|CG1322720|-35|-41|CG1322720|-35|-41|CG1322757|-33|-43|CG1322757|-33|-43|CG1322757|-33|-43|CG1322794|-32|-41|CG1322794|-32|-41|CG1322794|-32|-41|CG1322831|-32|-41|CG1322831|-32|-41|CG1322831|-32|-41|CG1322572|-32|-41|CG1322572|-32|-41|CG1322609|-33|-42|CG1322609|-33|-42|CG1322646|-35|-41|CG1322646|-35|-41|CG1322683|-35|-41|CG1322683|-35|-41|CG1322720|-35|-41|CG1322720|-35|-41|CG1322757|-33|-43|CG1322757|-33|-43|CG1322794|-32|-41|CG1322794|-32|-41|CG1322831|-32|-41|CG1322831|-32|-41|CG1322572|-32|-41|CG1322609|-33|-42|CG1322646|-35|-41|CG1322683|-35|-41|CG1322720|-35|-41|CG1322757|-33|-43|CG1322794|-32|-41|CG1322831|-32|-41|CG1322572|-32|-41
763|0|7|1000|6|CG1346212|0|0|CG1346213|0|0|CG1346214|0|0|CG1346215|0|0|CG1346216|0|0|CG1346217|0|0
763|0|8|1000|2|CG1322570|-47|-53|CG1322571|-45|-72
763|0|9|1000|1|CG1322572|-32|-41
763|0|10|1000|8|CG1322562|-48|-54|CG1322563|-53|-54|CG1322564|-53|-52|CG1322565|-53|-53|CG1322566|-53|-53|CG1322567|-53|-48|CG1322568|-53|-42|CG1322569|-53|-43
763|1|0|11998|55|CG1322613|-33|-59|CG1322613|-33|-59|CG1322613|-33|-59|CG1322613|-33|-59|CG1322613|-33|-59|CG1322613|-33|-59|CG1322613|-33|-59|CG1322613|-33|-59|CG1322613|-33|-59|CG1322613|-33|-59|CG1322613|-33|-59|CG1322613|-33|-59|CG1322613|-33|-59|CG1322613|-33|-59|CG1322614|-33|-59|CG1322615|-33|-59|CG1322614|-33|-59|CG1322613|-33|-59|CG1322612|-33|-59|CG1322611|-33|-59|CG1322610|-33|-59|CG1322611|-33|-59|CG1322612|-33|-59|CG1322613|-33|-59|CG1322614|-33|-59|CG1322615|-33|-59|CG1322614|-33|-59|CG1322613|-33|-59|CG1322612|-33|-59|CG1322611|-33|-59|CG1322610|-33|-59|CG1322611|-33|-59|CG1322612|-33|-59|CG1322613|-33|-59|CG1322613|-33|-59|CG1322613|-33|-59|CG1322613|-33|-59|CG1322613|-33|-59|CG1322613|-33|-59|CG1322613|-33|-59|CG1322613|-33|-59|CG1322613|-33|-59|CG1322613|-33|-59|CG1322613|-33|-59|CG1322613|-33|-59|CG1322613|-33|-59|CG1322614|-33|-59|CG1322615|-33|-59|CG1322614|-33|-59|CG1322613|-33|-59|CG1322612|-33|-59|CG1322611|-33|-59|CG1322610|-33|-59|CG1322611|-33|-59|CG1322612|-33|-59
763|1|1|994|6|CG1322616|-33|-60|CG1322617|-33|-60|CG1322618|-32|-60|CG1322619|-32|-60|CG1322620|-32|-61|CG1322621|-33|-60
763|1|2|600|5|CG1325413|-100|-113|CG1325414|-102|-107|CG1325415|-90|-159|CG1325416|-142|-98|CG1325417|-131|-103
763|1|3|420|6|CG1322593|-32|-63|CG1322594|-32|-65|CG1322595|-32|-68|CG1322596|-34|-74|CG1322597|-30|-66|CG1322598|-30|-65
763|1|4|
763|1|5|994|15|CG1322585|-33|-51|CG1322586|-32|-53|CG1322587|-32|-57|CG1322588|-32|-66|CG1322589|-29|-68|CG1322589|-29|-68|CG1322589|-29|-68|CG1322589|-29|-68|CG1322590|-30|-62|CG1322590|-30|-62|CG1322591|-32|-62|CG1322591|-32|-62|CG1322592|-33|-62|CG1322592|-33|-62|CG1322592|-33|-62
763|1|6|2000|49|CG1322609|-33|-42|CG1322609|-33|-42|CG1322609|-33|-42|CG1322646|-35|-41|CG1322646|-35|-41|CG1322646|-35|-41|CG1322683|-35|-41|CG1322683|-35|-41|CG1322683|-35|-41|CG1322720|-35|-41|CG1322720|-35|-41|CG1322720|-35|-41|CG1322757|-33|-43|CG1322757|-33|-43|CG1322757|-33|-43|CG1322794|-32|-41|CG1322794|-32|-41|CG1322794|-32|-41|CG1322831|-32|-41|CG1322831|-32|-41|CG1322831|-32|-41|CG1322572|-32|-41|CG1322572|-32|-41|CG1322572|-32|-41|CG1322609|-33|-42|CG1322609|-33|-42|CG1322646|-35|-41|CG1322646|-35|-41|CG1322683|-35|-41|CG1322683|-35|-41|CG1322720|-35|-41|CG1322720|-35|-41|CG1322757|-33|-43|CG1322757|-33|-43|CG1322794|-32|-41|CG1322794|-32|-41|CG1322831|-32|-41|CG1322831|-32|-41|CG1322572|-32|-41|CG1322572|-32|-41|CG1322609|-33|-42|CG1322646|-35|-41|CG1322683|-35|-41|CG1322720|-35|-41|CG1322757|-33|-43|CG1322794|-32|-41|CG1322831|-32|-41|CG1322572|-32|-41|CG1322609|-33|-42
763|1|7|1000|6|CG1346272|0|0|CG1346273|0|0|CG1346274|0|0|CG1346275|0|0|CG1346276|0|0|CG1346277|0|0
763|1|8|1000|2|CG1322607|-32|-55|CG1322608|-38|-72
763|1|9|1000|1|CG1322609|-33|-42
763|1|10|1000|8|CG1322599|-36|-62|CG1322600|-39|-62|CG1322601|-41|-59|CG1322602|-41|-59|CG1322603|-41|-60|CG1322604|-41|-55|CG1322605|-41|-47|CG1322606|-40|-46
763|2|0|11998|55|CG1322650|-38|-53|CG1322650|-38|-53|CG1322650|-38|-53|CG1322650|-38|-53|CG1322650|-38|-53|CG1322650|-38|-53|CG1322650|-38|-53|CG1322650|-38|-53|CG1322650|-38|-53|CG1322650|-38|-53|CG1322650|-38|-53|CG1322650|-38|-53|CG1322650|-38|-53|CG1322650|-38|-53|CG1322651|-38|-53|CG1322652|-38|-53|CG1322651|-38|-53|CG1322650|-38|-53|CG1322649|-38|-52|CG1322648|-38|-51|CG1322647|-38|-51|CG1322648|-38|-51|CG1322649|-38|-52|CG1322650|-38|-53|CG1322651|-38|-53|CG1322652|-38|-53|CG1322651|-38|-53|CG1322650|-38|-53|CG1322649|-38|-52|CG1322648|-38|-51|CG1322647|-38|-51|CG1322648|-38|-51|CG1322649|-38|-52|CG1322650|-38|-53|CG1322650|-38|-53|CG1322650|-38|-53|CG1322650|-38|-53|CG1322650|-38|-53|CG1322650|-38|-53|CG1322650|-38|-53|CG1322650|-38|-53|CG1322650|-38|-53|CG1322650|-38|-53|CG1322650|-38|-53|CG1322650|-38|-53|CG1322650|-38|-53|CG1322651|-38|-53|CG1322652|-38|-53|CG1322651|-38|-53|CG1322650|-38|-53|CG1322649|-38|-52|CG1322648|-38|-51|CG1322647|-38|-51|CG1322648|-38|-51|CG1322649|-38|-52
763|2|1|994|6|CG1322653|-40|-53|CG1322654|-42|-53|CG1322655|-43|-53|CG1322656|-36|-53|CG1322657|-34|-53|CG1322658|-36|-53
763|2|2|600|5|CG1325469|-119|-113|CG1325470|-90|-142|CG1325471|-82|-174|CG1325472|-99|-116|CG1325473|-109|-103
763|2|3|420|6|CG1322630|-34|-56|CG1322631|-37|-58|CG1322632|-41|-61|CG1322633|-40|-67|CG1322634|-41|-58|CG1322635|-37|-56
763|2|4|
763|2|5|994|15|CG1322622|-41|-50|CG1322623|-34|-51|CG1322624|-20|-53|CG1322625|-12|-60|CG1322626|-11|-62|CG1322626|-11|-62|CG1322626|-11|-62|CG1322626|-11|-62|CG1322627|-14|-57|CG1322627|-14|-57|CG1322628|-27|-53|CG1322628|-27|-53|CG1322629|-32|-55|CG1322629|-32|-55|CG1322629|-32|-55
763|2|6|2000|49|CG1322646|-35|-41|CG1322646|-35|-41|CG1322646|-35|-41|CG1322683|-35|-41|CG1322683|-35|-41|CG1322683|-35|-41|CG1322720|-35|-41|CG1322720|-35|-41|CG1322720|-35|-41|CG1322757|-33|-43|CG1322757|-33|-43|CG1322757|-33|-43|CG1322794|-32|-41|CG1322794|-32|-41|CG1322794|-32|-41|CG1322831|-32|-41|CG1322831|-32|-41|CG1322831|-32|-41|CG1322572|-32|-41|CG1322572|-32|-41|CG1322572|-32|-41|CG1322609|-33|-42|CG1322609|-33|-42|CG1322609|-33|-42|CG1322646|-35|-41|CG1322646|-35|-41|CG1322683|-35|-41|CG1322683|-35|-41|CG1322720|-35|-41|CG1322720|-35|-41|CG1322757|-33|-43|CG1322757|-33|-43|CG1322794|-32|-41|CG1322794|-32|-41|CG1322831|-32|-41|CG1322831|-32|-41|CG1322572|-32|-41|CG1322572|-32|-41|CG1322609|-33|-42|CG1322609|-33|-42|CG1322646|-35|-41|CG1322683|-35|-41|CG1322720|-35|-41|CG1322757|-33|-43|CG1322794|-32|-41|CG1322831|-32|-41|CG1322572|-32|-41|CG1322609|-33|-42|CG1322646|-35|-41
763|2|7|1000|6|CG1346332|0|0|CG1346333|0|0|CG1346334|0|0|CG1346335|0|0|CG1346336|0|0|CG1346337|0|0
763|2|8|1000|2|CG1322644|-35|-53|CG1322645|-47|-64
763|2|9|1000|1|CG1322646|-35|-41
763|2|10|1000|8|CG1322636|-42|-54|CG1322637|-44|-54|CG1322638|-44|-52|CG1322639|-45|-53|CG1322640|-45|-53|CG1322641|-45|-48|CG1322642|-45|-44|CG1322643|-44|-43
763|3|0|11998|55|CG1322687|-45|-46|CG1322687|-45|-46|CG1322687|-45|-46|CG1322687|-45|-46|CG1322687|-45|-46|CG1322687|-45|-46|CG1322687|-45|-46|CG1322687|-45|-46|CG1322687|-45|-46|CG1322687|-45|-46|CG1322687|-45|-46|CG1322687|-45|-46|CG1322687|-45|-46|CG1322687|-45|-46|CG1322688|-45|-46|CG1322689|-44|-47|CG1322688|-45|-46|CG1322687|-45|-46|CG1322686|-46|-45|CG1322685|-46|-45|CG1322684|-46|-45|CG1322685|-46|-45|CG1322686|-46|-45|CG1322687|-45|-46|CG1322688|-45|-46|CG1322689|-44|-47|CG1322688|-45|-46|CG1322687|-45|-46|CG1322686|-46|-45|CG1322685|-46|-45|CG1322684|-46|-45|CG1322685|-46|-45|CG1322686|-46|-45|CG1322687|-45|-46|CG1322687|-45|-46|CG1322687|-45|-46|CG1322687|-45|-46|CG1322687|-45|-46|CG1322687|-45|-46|CG1322687|-45|-46|CG1322687|-45|-46|CG1322687|-45|-46|CG1322687|-45|-46|CG1322687|-45|-46|CG1322687|-45|-46|CG1322687|-45|-46|CG1322688|-45|-46|CG1322689|-44|-47|CG1322688|-45|-46|CG1322687|-45|-46|CG1322686|-46|-45|CG1322685|-46|-45|CG1322684|-46|-45|CG1322685|-46|-45|CG1322686|-46|-45
763|3|1|994|6|CG1322690|-45|-44|CG1322691|-46|-44|CG1322692|-45|-45|CG1322693|-46|-46|CG1322694|-45|-45|CG1322695|-45|-44
763|3|2|600|5|CG1325525|-125|-117|CG1325526|-119|-165|CG1325527|-116|-175|CG1325528|-58|-136|CG1325529|-81|-129
763|3|3|420|6|CG1322667|-44|-47|CG1322668|-44|-48|CG1322669|-42|-50|CG1322670|-41|-56|CG1322671|-40|-52|CG1322672|-39|-47
763|3|4|
763|3|5|994|15|CG1322659|-46|-50|CG1322660|-40|-49|CG1322661|-29|-48|CG1322662|-10|-48|CG1322663|-5|-47|CG1322663|-5|-47|CG1322663|-5|-47|CG1322663|-5|-47|CG1322664|-18|-47|CG1322664|-18|-47|CG1322665|-32|-48|CG1322665|-32|-48|CG1322666|-38|-47|CG1322666|-38|-47|CG1322666|-38|-47
763|3|6|2000|49|CG1322683|-35|-41|CG1322683|-35|-41|CG1322683|-35|-41|CG1322720|-35|-41|CG1322720|-35|-41|CG1322720|-35|-41|CG1322757|-33|-43|CG1322757|-33|-43|CG1322757|-33|-43|CG1322794|-32|-41|CG1322794|-32|-41|CG1322794|-32|-41|CG1322831|-32|-41|CG1322831|-32|-41|CG1322831|-32|-41|CG1322572|-32|-41|CG1322572|-32|-41|CG1322572|-32|-41|CG1322609|-33|-42|CG1322609|-33|-42|CG1322609|-33|-42|CG1322646|-35|-41|CG1322646|-35|-41|CG1322646|-35|-41|CG1322683|-35|-41|CG1322683|-35|-41|CG1322720|-35|-41|CG1322720|-35|-41|CG1322757|-33|-43|CG1322757|-33|-43|CG1322794|-32|-41|CG1322794|-32|-41|CG1322831|-32|-41|CG1322831|-32|-41|CG1322572|-32|-41|CG1322572|-32|-41|CG1322609|-33|-42|CG1322609|-33|-42|CG1322646|-35|-41|CG1322646|-35|-41|CG1322683|-35|-41|CG1322720|-35|-41|CG1322757|-33|-43|CG1322794|-32|-41|CG1322831|-32|-41|CG1322572|-32|-41|CG1322609|-33|-42|CG1322646|-35|-41|CG1322683|-35|-41
763|3|7|1000|6|CG1346392|0|0|CG1346393|0|0|CG1346394|0|0|CG1346395|0|0|CG1346396|0|0|CG1346397|0|0
763|3|8|1000|2|CG1322681|-38|-50|CG1322682|-47|-52
763|3|9|1000|1|CG1322683|-35|-41
763|3|10|1000|8|CG1322673|-44|-44|CG1322674|-44|-43|CG1322675|-43|-41|CG1322676|-44|-43|CG1322677|-45|-44|CG1322678|-45|-43|CG1322679|-44|-41|CG1322680|-43|-41
763|4|0|11998|55|CG1322724|-38|-45|CG1322724|-38|-45|CG1322724|-38|-45|CG1322724|-38|-45|CG1322724|-38|-45|CG1322724|-38|-45|CG1322724|-38|-45|CG1322724|-38|-45|CG1322724|-38|-45|CG1322724|-38|-45|CG1322724|-38|-45|CG1322724|-38|-45|CG1322724|-38|-45|CG1322724|-38|-45|CG1322725|-38|-45|CG1322726|-38|-46|CG1322725|-38|-45|CG1322724|-38|-45|CG1322723|-38|-44|CG1322722|-38|-44|CG1322721|-38|-44|CG1322722|-38|-44|CG1322723|-38|-44|CG1322724|-38|-45|CG1322725|-38|-45|CG1322726|-38|-46|CG1322725|-38|-45|CG1322724|-38|-45|CG1322723|-38|-44|CG1322722|-38|-44|CG1322721|-38|-44|CG1322722|-38|-44|CG1322723|-38|-44|CG1322724|-38|-45|CG1322724|-38|-45|CG1322724|-38|-45|CG1322724|-38|-45|CG1322724|-38|-45|CG1322724|-38|-45|CG1322724|-38|-45|CG1322724|-38|-45|CG1322724|-38|-45|CG1322724|-38|-45|CG1322724|-38|-45|CG1322724|-38|-45|CG1322724|-38|-45|CG1322725|-38|-45|CG1322726|-38|-46|CG1322725|-38|-45|CG1322724|-38|-45|CG1322723|-38|-44|CG1322722|-38|-44|CG1322721|-38|-44|CG1322722|-38|-44|CG1322723|-38|-44
763|4|1|994|6|CG1322727|-38|-44|CG1322728|-35|-44|CG1322729|-35|-45|CG1322730|-39|-46|CG1322731|-41|-45|CG1322732|-42|-44
763|4|2|600|5|CG1325581|-118|-123|CG1325582|-92|-162|CG1325583|-82|-152|CG1325584|-98|-119|CG1325585|-112|-122
763|4|3|420|6|CG1322704|-35|-48|CG1322705|-38|-50|CG1322706|-41|-52|CG1322707|-41|-55|CG1322708|-41|-48|CG1322709|-38|-46
763|4|4|
763|4|5|994|15|CG1322696|-32|-49|CG1322697|-30|-46|CG1322698|-29|-41|CG1322699|-11|-34|CG1322700|-7|-32|CG1322700|-7|-32|CG1322700|-7|-32|CG1322700|-7|-32|CG1322701|-12|-36|CG1322701|-12|-36|CG1322702|-23|-42|CG1322702|-23|-42|CG1322703|-31|-44|CG1322703|-31|-44|CG1322703|-31|-44
763|4|6|2000|49|CG1322720|-35|-41|CG1322720|-35|-41|CG1322720|-35|-41|CG1322757|-33|-43|CG1322757|-33|-43|CG1322757|-33|-43|CG1322794|-32|-41|CG1322794|-32|-41|CG1322794|-32|-41|CG1322831|-32|-41|CG1322831|-32|-41|CG1322831|-32|-41|CG1322572|-32|-41|CG1322572|-32|-41|CG1322572|-32|-41|CG1322609|-33|-42|CG1322609|-33|-42|CG1322609|-33|-42|CG1322646|-35|-41|CG1322646|-35|-41|CG1322646|-35|-41|CG1322683|-35|-41|CG1322683|-35|-41|CG1322683|-35|-41|CG1322720|-35|-41|CG1322720|-35|-41|CG1322757|-33|-43|CG1322757|-33|-43|CG1322794|-32|-41|CG1322794|-32|-41|CG1322831|-32|-41|CG1322831|-32|-41|CG1322572|-32|-41|CG1322572|-32|-41|CG1322609|-33|-42|CG1322609|-33|-42|CG1322646|-35|-41|CG1322646|-35|-41|CG1322683|-35|-41|CG1322683|-35|-41|CG1322720|-35|-41|CG1322757|-33|-43|CG1322794|-32|-41|CG1322831|-32|-41|CG1322572|-32|-41|CG1322609|-33|-42|CG1322646|-35|-41|CG1322683|-35|-41|CG1322720|-35|-41
763|4|7|1000|6|CG1346452|0|0|CG1346453|0|0|CG1346454|0|0|CG1346455|0|0|CG1346456|0|0|CG1346457|0|0
763|4|8|1000|2|CG1322718|-35|-46|CG1322719|-41|-56
763|4|9|1000|1|CG1322720|-35|-41
763|4|10|1000|8|CG1322710|-43|-44|CG1322711|-45|-42|CG1322712|-44|-41|CG1322713|-45|-42|CG1322714|-46|-43|CG1322715|-45|-42|CG1322716|-45|-40|CG1322717|-44|-40
763|5|0|11998|55|CG1322761|-33|-46|CG1322761|-33|-46|CG1322761|-33|-46|CG1322761|-33|-46|CG1322761|-33|-46|CG1322761|-33|-46|CG1322761|-33|-46|CG1322761|-33|-46|CG1322761|-33|-46|CG1322761|-33|-46|CG1322761|-33|-46|CG1322761|-33|-46|CG1322761|-33|-46|CG1322761|-33|-46|CG1322762|-33|-46|CG1322763|-33|-46|CG1322762|-33|-46|CG1322761|-33|-46|CG1322760|-32|-46|CG1322759|-33|-46|CG1322758|-33|-46|CG1322759|-33|-46|CG1322760|-32|-46|CG1322761|-33|-46|CG1322762|-33|-46|CG1322763|-33|-46|CG1322762|-33|-46|CG1322761|-33|-46|CG1322760|-32|-46|CG1322759|-33|-46|CG1322758|-33|-46|CG1322759|-33|-46|CG1322760|-32|-46|CG1322761|-33|-46|CG1322761|-33|-46|CG1322761|-33|-46|CG1322761|-33|-46|CG1322761|-33|-46|CG1322761|-33|-46|CG1322761|-33|-46|CG1322761|-33|-46|CG1322761|-33|-46|CG1322761|-33|-46|CG1322761|-33|-46|CG1322761|-33|-46|CG1322761|-33|-46|CG1322762|-33|-46|CG1322763|-33|-46|CG1322762|-33|-46|CG1322761|-33|-46|CG1322760|-32|-46|CG1322759|-33|-46|CG1322758|-33|-46|CG1322759|-33|-46|CG1322760|-32|-46
763|5|1|994|6|CG1322764|-32|-45|CG1322765|-33|-45|CG1322766|-34|-46|CG1322767|-34|-47|CG1322768|-33|-46|CG1322769|-33|-45
763|5|2|600|5|CG1325637|-87|-102|CG1325638|-101|-134|CG1325639|-81|-118|CG1325640|-146|-102|CG1325641|-132|-115
763|5|3|420|6|CG1322741|-31|-49|CG1322742|-30|-51|CG1322743|-31|-53|CG1322744|-36|-56|CG1322745|-31|-48|CG1322746|-31|-46
763|5|4|
763|5|5|994|15|CG1322733|-33|-50|CG1322734|-33|-47|CG1322735|-33|-39|CG1322736|-34|-32|CG1322737|-36|-30|CG1322737|-36|-30|CG1322737|-36|-30|CG1322737|-36|-30|CG1322738|-36|-34|CG1322738|-36|-34|CG1322739|-34|-41|CG1322739|-34|-41|CG1322740|-34|-44|CG1322740|-34|-44|CG1322740|-34|-44
763|5|6|2000|49|CG1322757|-33|-43|CG1322757|-33|-43|CG1322757|-33|-43|CG1322794|-32|-41|CG1322794|-32|-41|CG1322794|-32|-41|CG1322831|-32|-41|CG1322831|-32|-41|CG1322831|-32|-41|CG1322572|-32|-41|CG1322572|-32|-41|CG1322572|-32|-41|CG1322609|-33|-42|CG1322609|-33|-42|CG1322609|-33|-42|CG1322646|-35|-41|CG1322646|-35|-41|CG1322646|-35|-41|CG1322683|-35|-41|CG1322683|-35|-41|CG1322683|-35|-41|CG1322720|-35|-41|CG1322720|-35|-41|CG1322720|-35|-41|CG1322757|-33|-43|CG1322757|-33|-43|CG1322794|-32|-41|CG1322794|-32|-41|CG1322831|-32|-41|CG1322831|-32|-41|CG1322572|-32|-41|CG1322572|-32|-41|CG1322609|-33|-42|CG1322609|-33|-42|CG1322646|-35|-41|CG1322646|-35|-41|CG1322683|-35|-41|CG1322683|-35|-41|CG1322720|-35|-41|CG1322720|-35|-41|CG1322757|-33|-43|CG1322794|-32|-41|CG1322831|-32|-41|CG1322572|-32|-41|CG1322609|-33|-42|CG1322646|-35|-41|CG1322683|-35|-41|CG1322720|-35|-41|CG1322757|-33|-43
763|5|7|1000|6|CG1346032|0|0|CG1346033|0|0|CG1346034|0|0|CG1346035|0|0|CG1346036|0|0|CG1346037|0|0
763|5|8|1000|2|CG1322755|-32|-46|CG1322756|-44|-58
763|5|9|1000|1|CG1322757|-33|-43
763|5|10|1000|8|CG1322747|-37|-44|CG1322748|-40|-43|CG1322749|-41|-41|CG1322750|-41|-43|CG1322751|-41|-44|CG1322752|-41|-43|CG1322753|-41|-41|CG1322754|-43|-41
763|6|0|11998|55|CG1322798|-42|-44|CG1322798|-42|-44|CG1322798|-42|-44|CG1322798|-42|-44|CG1322798|-42|-44|CG1322798|-42|-44|CG1322798|-42|-44|CG1322798|-42|-44|CG1322798|-42|-44|CG1322798|-42|-44|CG1322798|-42|-44|CG1322798|-42|-44|CG1322798|-42|-44|CG1322798|-42|-44|CG1322799|-42|-44|CG1322800|-42|-44|CG1322799|-42|-44|CG1322798|-42|-44|CG1322797|-43|-45|CG1322796|-44|-45|CG1322795|-44|-45|CG1322796|-44|-45|CG1322797|-43|-45|CG1322798|-42|-44|CG1322799|-42|-44|CG1322800|-42|-44|CG1322799|-42|-44|CG1322798|-42|-44|CG1322797|-43|-45|CG1322796|-44|-45|CG1322795|-44|-45|CG1322796|-44|-45|CG1322797|-43|-45|CG1322798|-42|-44|CG1322798|-42|-44|CG1322798|-42|-44|CG1322798|-42|-44|CG1322798|-42|-44|CG1322798|-42|-44|CG1322798|-42|-44|CG1322798|-42|-44|CG1322798|-42|-44|CG1322798|-42|-44|CG1322798|-42|-44|CG1322798|-42|-44|CG1322798|-42|-44|CG1322799|-42|-44|CG1322800|-42|-44|CG1322799|-42|-44|CG1322798|-42|-44|CG1322797|-43|-45|CG1322796|-44|-45|CG1322795|-44|-45|CG1322796|-44|-45|CG1322797|-43|-45
763|6|1|994|6|CG1322801|-41|-44|CG1322802|-41|-44|CG1322803|-44|-45|CG1322804|-48|-45|CG1322805|-47|-45|CG1322806|-42|-44
763|6|2|600|5|CG1325693|-56|-115|CG1325694|-66|-158|CG1325695|-93|-143|CG1325696|-109|-126|CG1325697|-81|-115
763|6|3|420|6|CG1322778|-41|-48|CG1322779|-39|-50|CG1322780|-47|-52|CG1322781|-55|-55|CG1322782|-53|-48|CG1322783|-47|-46
763|6|4|
763|6|5|994|15|CG1322770|-42|-50|CG1322771|-45|-47|CG1322772|-53|-40|CG1322773|-71|-34|CG1322774|-74|-32|CG1322774|-74|-32|CG1322774|-74|-32|CG1322774|-74|-32|CG1322775|-67|-36|CG1322775|-67|-36|CG1322776|-61|-42|CG1322776|-61|-42|CG1322777|-54|-44|CG1322777|-54|-44|CG1322777|-54|-44
763|6|6|2000|49|CG1322794|-32|-41|CG1322794|-32|-41|CG1322794|-32|-41|CG1322831|-32|-41|CG1322831|-32|-41|CG1322831|-32|-41|CG1322572|-32|-41|CG1322572|-32|-41|CG1322572|-32|-41|CG1322609|-33|-42|CG1322609|-33|-42|CG1322609|-33|-42|CG1322646|-35|-41|CG1322646|-35|-41|CG1322646|-35|-41|CG1322683|-35|-41|CG1322683|-35|-41|CG1322683|-35|-41|CG1322720|-35|-41|CG1322720|-35|-41|CG1322720|-35|-41|CG1322757|-33|-43|CG1322757|-33|-43|CG1322757|-33|-43|CG1322794|-32|-41|CG1322794|-32|-41|CG1322831|-32|-41|CG1322831|-32|-41|CG1322572|-32|-41|CG1322572|-32|-41|CG1322609|-33|-42|CG1322609|-33|-42|CG1322646|-35|-41|CG1322646|-35|-41|CG1322683|-35|-41|CG1322683|-35|-41|CG1322720|-35|-41|CG1322720|-35|-41|CG1322757|-33|-43|CG1322757|-33|-43|CG1322794|-32|-41|CG1322831|-32|-41|CG1322572|-32|-41|CG1322609|-33|-42|CG1322646|-35|-41|CG1322683|-35|-41|CG1322720|-35|-41|CG1322757|-33|-43|CG1322794|-32|-41
763|6|7|1000|6|CG1346092|0|0|CG1346093|0|0|CG1346094|0|0|CG1346095|0|0|CG1346096|0|0|CG1346097|0|0
763|6|8|1000|2|CG1322792|-47|-46|CG1322793|-44|-56
763|6|9|1000|1|CG1322794|-32|-41
763|6|10|1000|8|CG1322784|-47|-44|CG1322785|-52|-42|CG1322786|-53|-41|CG1322787|-53|-42|CG1322788|-53|-43|CG1322789|-53|-42|CG1322790|-53|-40|CG1322791|-52|-40
763|7|0|11998|55|CG1322835|-56|-45|CG1322835|-56|-45|CG1322835|-56|-45|CG1322835|-56|-45|CG1322835|-56|-45|CG1322835|-56|-45|CG1322835|-56|-45|CG1322835|-56|-45|CG1322835|-56|-45|CG1322835|-56|-45|CG1322835|-56|-45|CG1322835|-56|-45|CG1322835|-56|-45|CG1322835|-56|-45|CG1322836|-56|-44|CG1322837|-56|-44|CG1322836|-56|-44|CG1322835|-56|-45|CG1322834|-56|-46|CG1322833|-56|-46|CG1322832|-56|-46|CG1322833|-56|-46|CG1322834|-56|-46|CG1322835|-56|-45|CG1322836|-56|-44|CG1322837|-56|-44|CG1322836|-56|-44|CG1322835|-56|-45|CG1322834|-56|-46|CG1322833|-56|-46|CG1322832|-56|-46|CG1322833|-56|-46|CG1322834|-56|-46|CG1322835|-56|-45|CG1322835|-56|-45|CG1322835|-56|-45|CG1322835|-56|-45|CG1322835|-56|-45|CG1322835|-56|-45|CG1322835|-56|-45|CG1322835|-56|-45|CG1322835|-56|-45|CG1322835|-56|-45|CG1322835|-56|-45|CG1322835|-56|-45|CG1322835|-56|-45|CG1322836|-56|-44|CG1322837|-56|-44|CG1322836|-56|-44|CG1322835|-56|-45|CG1322834|-56|-46|CG1322833|-56|-46|CG1322832|-56|-46|CG1322833|-56|-46|CG1322834|-56|-46
763|7|1|994|6|CG1322838|-55|-45|CG1322839|-55|-44|CG1322840|-55|-45|CG1322841|-55|-45|CG1322842|-55|-45|CG1322843|-55|-45
763|7|2|600|5|CG1325749|-65|-111|CG1325750|-73|-164|CG1325751|-68|-170|CG1325752|-60|-150|CG1325753|-60|-127
763|7|3|420|6|CG1322815|-55|-47|CG1322816|-52|-48|CG1322817|-53|-50|CG1322818|-59|-56|CG1322819|-64|-52|CG1322820|-62|-47
763|7|4|
763|7|5|994|15|CG1322807|-53|-51|CG1322808|-58|-50|CG1322809|-69|-47|CG1322810|-86|-47|CG1322811|-90|-47|CG1322811|-90|-47|CG1322811|-90|-47|CG1322811|-90|-47|CG1322812|-80|-47|CG1322812|-80|-47|CG1322813|-68|-48|CG1322813|-68|-48|CG1322814|-62|-48|CG1322814|-62|-48|CG1322814|-62|-48
763|7|6|2000|49|CG1322831|-32|-41|CG1322831|-32|-41|CG1322831|-32|-41|CG1322572|-32|-41|CG1322572|-32|-41|CG1322572|-32|-41|CG1322609|-33|-42|CG1322609|-33|-42|CG1322609|-33|-42|CG1322646|-35|-41|CG1322646|-35|-41|CG1322646|-35|-41|CG1322683|-35|-41|CG1322683|-35|-41|CG1322683|-35|-41|CG1322720|-35|-41|CG1322720|-35|-41|CG1322720|-35|-41|CG1322757|-33|-43|CG1322757|-33|-43|CG1322757|-33|-43|CG1322794|-32|-41|CG1322794|-32|-41|CG1322794|-32|-41|CG1322831|-32|-41|CG1322831|-32|-41|CG1322572|-32|-41|CG1322572|-32|-41|CG1322609|-33|-42|CG1322609|-33|-42|CG1322646|-35|-41|CG1322646|-35|-41|CG1322683|-35|-41|CG1322683|-35|-41|CG1322720|-35|-41|CG1322720|-35|-41|CG1322757|-33|-43|CG1322757|-33|-43|CG1322794|-32|-41|CG1322794|-32|-41|CG1322831|-32|-41|CG1322572|-32|-41|CG1322609|-33|-42|CG1322646|-35|-41|CG1322683|-35|-41|CG1322720|-35|-41|CG1322757|-33|-43|CG1322794|-32|-41|CG1322831|-32|-41
763|7|7|1000|6|CG1346152|0|0|CG1346153|0|0|CG1346154|0|0|CG1346155|0|0|CG1346156|0|0|CG1346157|0|0
763|7|8|1000|2|CG1322829|-62|-48|CG1322830|-39|-65
763|7|9|1000|1|CG1322831|-32|-41
763|7|10|1000|8|CG1322821|-56|-44|CG1322822|-58|-43|CG1322823|-57|-41|CG1322824|-56|-43|CG1322825|-56|-44|CG1322826|-56|-43|CG1322827|-55|-41|CG1322828|-55|-41
