759|0|0|5000|32|CG1321117|-59|-101|CG1321118|-60|-98|CG1321119|-60|-99|CG1321120|-60|-100|CG1321117|-59|-101|CG1321118|-60|-98|CG1321119|-60|-99|CG1321120|-60|-100|CG1321117|-59|-101|CG1321121|-59|-100|CG1321122|-58|-100|CG1321123|-58|-100|CG1321124|-59|-100|CG1321117|-59|-101|CG1321118|-60|-98|CG1321119|-60|-99|CG1321120|-60|-100|CG1321117|-59|-101|CG1321121|-59|-100|CG1321122|-58|-100|CG1321123|-58|-100|CG1321124|-59|-100|CG1321117|-59|-101|CG1321121|-59|-100|CG1321122|-58|-100|CG1321123|-58|-100|CG1321124|-59|-100|CG1321117|-59|-101|CG1321121|-59|-100|CG1321122|-58|-100|CG1321123|-58|-100|CG1321124|-59|-100
759|0|1|1000|8|CG1321125|-63|-105|CG1321126|-62|-103|CG1321127|-63|-104|CG1321128|-64|-105|CG1321129|-63|-104|CG1321130|-62|-103|CG1321131|-63|-105|CG1321132|-64|-105
759|0|2|600|5|CG1325357|-54|-113|CG1325358|-66|-144|CG1325359|-95|-176|CG1325360|-103|-137|CG1325361|-78|-106
759|0|3|450|8|CG1321086|-60|-139|CG1321087|-59|-143|CG1321088|-60|-142|CG1321089|-62|-133|CG1321090|-62|-128|CG1321091|-62|-128|CG1321092|-61|-131|CG1321093|-61|-135
759|0|4|
759|0|5|1700|40|CG1321076|-55|-106|CG1321076|-55|-106|CG1321078|-49|-104|CG1321078|-49|-104|CG1321079|-48|-101|CG1321079|-48|-101|CG1321080|-47|-98|CG1321080|-47|-98|CG1321081|-42|-92|CG1321081|-42|-92|CG1321081|-42|-92|CG1321081|-42|-92|CG1321082|-82|-105|CG1321083|-80|-109|CG1321084|-80|-109|CG1321085|-71|-103|CG1321077|-64|-103|CG1321077|-64|-103|CG1321076|-55|-106|CG1321078|-49|-104|CG1321079|-48|-101|CG1321080|-47|-98|CG1321081|-42|-92|CG1321082|-82|-105|CG1321083|-80|-109|CG1321084|-80|-109|CG1321085|-71|-103|CG1321077|-64|-103|CG1321077|-64|-103|CG1321076|-55|-106|CG1321078|-49|-104|CG1321079|-48|-101|CG1321080|-47|-98|CG1321081|-42|-92|CG1321082|-82|-105|CG1321083|-80|-109|CG1321084|-80|-109|CG1321085|-71|-103|CG1321077|-64|-103|CG1321077|-64|-103
759|0|6|2000|18|CG1321107|-66|-109|CG1321109|-59|-105|CG1321110|-57|-126|CG1321111|-16|-131|CG1321112|-32|-134|CG1321113|-27|-137|CG1321114|-19|-135|CG1321111|-16|-131|CG1321112|-32|-134|CG1321113|-27|-137|CG1321114|-19|-135|CG1321111|-16|-131|CG1321112|-32|-134|CG1321113|-27|-137|CG1321114|-19|-135|CG1321115|-32|-144|CG1321116|-64|-113|CG1321108|-54|-92
759|0|7|1000|6|CG1346212|0|0|CG1346213|0|0|CG1346214|0|0|CG1346215|0|0|CG1346216|0|0|CG1346217|0|0
759|0|8|1000|2|CG1321104|-29|-110|CG1321105|-57|-114
759|0|9|1000|1|CG1321106|-69|-103
759|0|10|1500|10|CG1321094|-60|-101|CG1321096|-60|-103|CG1321097|-59|-103|CG1321098|-58|-100|CG1321099|-64|-96|CG1321100|-50|-99|CG1321101|-41|-91|CG1321102|-39|-88|CG1321103|-39|-84|CG1321095|-37|-67
759|1|0|5000|32|CG1321174|-68|-109|CG1321175|-67|-105|CG1321176|-67|-106|CG1321177|-67|-108|CG1321174|-68|-109|CG1321175|-67|-105|CG1321176|-67|-106|CG1321177|-67|-108|CG1321174|-68|-109|CG1321178|-68|-108|CG1321179|-68|-108|CG1321180|-68|-108|CG1321181|-68|-109|CG1321174|-68|-109|CG1321175|-67|-105|CG1321176|-67|-106|CG1321177|-67|-108|CG1321174|-68|-109|CG1321178|-68|-108|CG1321179|-68|-108|CG1321180|-68|-108|CG1321181|-68|-109|CG1321174|-68|-109|CG1321178|-68|-108|CG1321179|-68|-108|CG1321180|-68|-108|CG1321181|-68|-109|CG1321174|-68|-109|CG1321178|-68|-108|CG1321179|-68|-108|CG1321180|-68|-108|CG1321181|-68|-109
759|1|1|1000|8|CG1321182|-68|-111|CG1321183|-68|-111|CG1321184|-68|-111|CG1321185|-69|-111|CG1321186|-66|-111|CG1321187|-67|-111|CG1321188|-67|-111|CG1321189|-67|-111
759|1|2|600|5|CG1325413|-100|-113|CG1325414|-102|-107|CG1325415|-90|-159|CG1325416|-142|-98|CG1325417|-131|-103
759|1|3|450|8|CG1321143|-53|-147|CG1321144|-66|-151|CG1321145|-65|-150|CG1321146|-63|-141|CG1321147|-66|-137|CG1321148|-65|-137|CG1321149|-60|-141|CG1321150|-57|-145
759|1|4|
759|1|5|1700|40|CG1321133|-57|-110|CG1321133|-57|-110|CG1321135|-57|-112|CG1321135|-57|-112|CG1321136|-54|-106|CG1321136|-54|-106|CG1321137|-51|-97|CG1321137|-51|-97|CG1321138|-45|-88|CG1321138|-45|-88|CG1321138|-45|-88|CG1321138|-45|-88|CG1321139|-62|-115|CG1321140|-60|-119|CG1321141|-61|-119|CG1321142|-62|-115|CG1321134|-54|-116|CG1321134|-54|-116|CG1321133|-57|-110|CG1321135|-57|-112|CG1321136|-54|-106|CG1321137|-51|-97|CG1321138|-45|-88|CG1321139|-62|-115|CG1321140|-60|-119|CG1321141|-61|-119|CG1321142|-62|-115|CG1321134|-54|-116|CG1321134|-54|-116|CG1321133|-57|-110|CG1321135|-57|-112|CG1321136|-54|-106|CG1321137|-51|-97|CG1321138|-45|-88|CG1321139|-62|-115|CG1321140|-60|-119|CG1321141|-61|-119|CG1321142|-62|-115|CG1321134|-54|-116|CG1321134|-54|-116
759|1|6|2000|18|CG1321164|-57|-123|CG1321166|-50|-116|CG1321167|-52|-137|CG1321168|-66|-128|CG1321169|-67|-129|CG1321170|-62|-128|CG1321171|-41|-128|CG1321168|-66|-128|CG1321169|-67|-129|CG1321170|-62|-128|CG1321171|-41|-128|CG1321168|-66|-128|CG1321169|-67|-129|CG1321170|-62|-128|CG1321171|-41|-128|CG1321172|-39|-142|CG1321173|-52|-116|CG1321165|-64|-103
759|1|7|1000|6|CG1346272|0|0|CG1346273|0|0|CG1346274|0|0|CG1346275|0|0|CG1346276|0|0|CG1346277|0|0
759|1|8|1000|2|CG1321161|-68|-102|CG1321162|-47|-125
759|1|9|1000|1|CG1321163|-39|-99
759|1|10|1500|10|CG1321151|-46|-87|CG1321153|-42|-90|CG1321154|-39|-92|CG1321155|-54|-90|CG1321156|-38|-90|CG1321157|-31|-90|CG1321158|-23|-73|CG1321159|-20|-77|CG1321160|-15|-72|CG1321152|-13|-58
759|2|0|5000|32|CG1321231|-79|-101|CG1321232|-80|-97|CG1321233|-85|-98|CG1321234|-80|-99|CG1321231|-79|-101|CG1321232|-80|-97|CG1321233|-85|-98|CG1321234|-80|-99|CG1321231|-79|-101|CG1321235|-93|-100|CG1321236|-116|-100|CG1321237|-105|-100|CG1321238|-77|-100|CG1321231|-79|-101|CG1321232|-80|-97|CG1321233|-85|-98|CG1321234|-80|-99|CG1321231|-79|-101|CG1321235|-93|-100|CG1321236|-116|-100|CG1321237|-105|-100|CG1321238|-77|-100|CG1321231|-79|-101|CG1321235|-93|-100|CG1321236|-116|-100|CG1321237|-105|-100|CG1321238|-77|-100|CG1321231|-79|-101|CG1321235|-93|-100|CG1321236|-116|-100|CG1321237|-105|-100|CG1321238|-77|-100
759|2|1|1000|8|CG1321239|-72|-105|CG1321240|-75|-104|CG1321241|-72|-105|CG1321242|-71|-105|CG1321243|-74|-105|CG1321244|-79|-104|CG1321245|-75|-104|CG1321246|-71|-105
759|2|2|600|5|CG1325469|-119|-113|CG1325470|-90|-142|CG1325471|-82|-174|CG1325472|-99|-116|CG1325473|-109|-103
759|2|3|450|8|CG1321200|-99|-138|CG1321201|-103|-144|CG1321202|-99|-142|CG1321203|-91|-133|CG1321204|-100|-129|CG1321205|-102|-128|CG1321206|-97|-132|CG1321207|-90|-135
759|2|4|
759|2|5|1700|40|CG1321190|-77|-106|CG1321190|-77|-106|CG1321192|-101|-103|CG1321192|-101|-103|CG1321193|-91|-102|CG1321193|-91|-102|CG1321194|-87|-99|CG1321194|-87|-99|CG1321195|-98|-94|CG1321195|-98|-94|CG1321195|-98|-94|CG1321195|-98|-94|CG1321196|-86|-106|CG1321197|-80|-110|CG1321198|-79|-110|CG1321199|-88|-104|CG1321191|-93|-103|CG1321191|-93|-103|CG1321190|-77|-106|CG1321192|-101|-103|CG1321193|-91|-102|CG1321194|-87|-99|CG1321195|-98|-94|CG1321196|-86|-106|CG1321197|-80|-110|CG1321198|-79|-110|CG1321199|-88|-104|CG1321191|-93|-103|CG1321191|-93|-103|CG1321190|-77|-106|CG1321192|-101|-103|CG1321193|-91|-102|CG1321194|-87|-99|CG1321195|-98|-94|CG1321196|-86|-106|CG1321197|-80|-110|CG1321198|-79|-110|CG1321199|-88|-104|CG1321191|-93|-103|CG1321191|-93|-103
759|2|6|2000|18|CG1321221|-72|-111|CG1321223|-77|-103|CG1321224|-79|-127|CG1321225|-91|-137|CG1321226|-102|-134|CG1321227|-99|-131|CG1321228|-96|-135|CG1321225|-91|-137|CG1321226|-102|-134|CG1321227|-99|-131|CG1321228|-96|-135|CG1321225|-91|-137|CG1321226|-102|-134|CG1321227|-99|-131|CG1321228|-96|-135|CG1321229|-93|-144|CG1321230|-87|-113|CG1321222|-79|-93
759|2|7|1000|6|CG1346332|0|0|CG1346333|0|0|CG1346334|0|0|CG1346335|0|0|CG1346336|0|0|CG1346337|0|0
759|2|8|1000|2|CG1321218|-128|-110|CG1321219|-62|-127
759|2|9|1000|1|CG1321220|-81|-104
759|2|10|1500|10|CG1321208|-72|-101|CG1321210|-74|-103|CG1321211|-76|-104|CG1321212|-79|-102|CG1321213|-81|-99|CG1321214|-62|-80|CG1321215|-46|-60|CG1321216|-50|-56|CG1321217|-50|-45|CG1321209|-56|-31
759|3|0|5000|32|CG1321288|-103|-103|CG1321289|-100|-103|CG1321290|-108|-104|CG1321291|-103|-104|CG1321288|-103|-103|CG1321289|-100|-103|CG1321290|-108|-104|CG1321291|-103|-104|CG1321288|-103|-103|CG1321292|-112|-103|CG1321293|-124|-103|CG1321294|-110|-103|CG1321295|-97|-103|CG1321288|-103|-103|CG1321289|-100|-103|CG1321290|-108|-104|CG1321291|-103|-104|CG1321288|-103|-103|CG1321292|-112|-103|CG1321293|-124|-103|CG1321294|-110|-103|CG1321295|-97|-103|CG1321288|-103|-103|CG1321292|-112|-103|CG1321293|-124|-103|CG1321294|-110|-103|CG1321295|-97|-103|CG1321288|-103|-103|CG1321292|-112|-103|CG1321293|-124|-103|CG1321294|-110|-103|CG1321295|-97|-103
759|3|1|1000|8|CG1321296|-88|-101|CG1321297|-97|-101|CG1321298|-92|-100|CG1321299|-86|-93|CG1321300|-88|-88|CG1321301|-96|-91|CG1321302|-92|-96|CG1321303|-87|-97
759|3|2|600|5|CG1325525|-125|-117|CG1325526|-119|-165|CG1325527|-116|-175|CG1325528|-58|-136|CG1325529|-81|-129
759|3|3|450|8|CG1321257|-130|-120|CG1321258|-132|-125|CG1321259|-124|-123|CG1321260|-121|-113|CG1321261|-127|-106|CG1321262|-131|-106|CG1321263|-123|-115|CG1321264|-120|-119
759|3|4|
759|3|5|1700|40|CG1321247|-105|-114|CG1321247|-105|-114|CG1321249|-128|-116|CG1321249|-128|-116|CG1321250|-119|-117|CG1321250|-119|-117|CG1321251|-117|-116|CG1321251|-117|-116|CG1321252|-120|-113|CG1321252|-120|-113|CG1321252|-120|-113|CG1321252|-120|-113|CG1321253|-115|-93|CG1321254|-100|-86|CG1321255|-98|-91|CG1321256|-113|-101|CG1321248|-112|-108|CG1321248|-112|-108|CG1321247|-105|-114|CG1321249|-128|-116|CG1321250|-119|-117|CG1321251|-117|-116|CG1321252|-120|-113|CG1321253|-115|-93|CG1321254|-100|-86|CG1321255|-98|-91|CG1321256|-113|-101|CG1321248|-112|-108|CG1321248|-112|-108|CG1321247|-105|-114|CG1321249|-128|-116|CG1321250|-119|-117|CG1321251|-117|-116|CG1321252|-120|-113|CG1321253|-115|-93|CG1321254|-100|-86|CG1321255|-98|-91|CG1321256|-113|-101|CG1321248|-112|-108|CG1321248|-112|-108
759|3|6|2000|18|CG1321278|-98|-107|CG1321280|-102|-106|CG1321281|-98|-118|CG1321282|-107|-153|CG1321283|-125|-152|CG1321284|-140|-151|CG1321285|-134|-150|CG1321282|-107|-153|CG1321283|-125|-152|CG1321284|-140|-151|CG1321285|-134|-150|CG1321282|-107|-153|CG1321283|-125|-152|CG1321284|-140|-151|CG1321285|-134|-150|CG1321286|-127|-148|CG1321287|-113|-124|CG1321279|-106|-95
759|3|7|1000|6|CG1346392|0|0|CG1346393|0|0|CG1346394|0|0|CG1346395|0|0|CG1346396|0|0|CG1346397|0|0
759|3|8|1000|2|CG1321275|-115|-113|CG1321276|-107|-127
759|3|9|1000|1|CG1321277|-98|-109
759|3|10|1500|10|CG1321265|-94|-106|CG1321267|-95|-107|CG1321268|-96|-109|CG1321269|-96|-108|CG1321270|-101|-103|CG1321271|-92|-76|CG1321272|-89|-49|CG1321273|-96|-33|CG1321274|-96|-23|CG1321266|-98|-20
759|4|0|5000|32|CG1321345|-73|-100|CG1321346|-71|-103|CG1321347|-75|-101|CG1321348|-72|-100|CG1321345|-73|-100|CG1321346|-71|-103|CG1321347|-75|-101|CG1321348|-72|-100|CG1321345|-73|-100|CG1321349|-72|-107|CG1321350|-70|-114|CG1321351|-68|-99|CG1321352|-71|-101|CG1321345|-73|-100|CG1321346|-71|-103|CG1321347|-75|-101|CG1321348|-72|-100|CG1321345|-73|-100|CG1321349|-72|-107|CG1321350|-70|-114|CG1321351|-68|-99|CG1321352|-71|-101|CG1321345|-73|-100|CG1321349|-72|-107|CG1321350|-70|-114|CG1321351|-68|-99|CG1321352|-71|-101|CG1321345|-73|-100|CG1321349|-72|-107|CG1321350|-70|-114|CG1321351|-68|-99|CG1321352|-71|-101
759|4|1|1000|8|CG1321353|-67|-98|CG1321354|-71|-98|CG1321355|-68|-99|CG1321356|-64|-100|CG1321357|-64|-98|CG1321358|-66|-98|CG1321359|-62|-99|CG1321360|-63|-100
759|4|2|600|5|CG1325581|-118|-123|CG1325582|-92|-162|CG1325583|-82|-152|CG1325584|-98|-119|CG1325585|-112|-122
759|4|3|450|8|CG1321314|-91|-122|CG1321315|-87|-118|CG1321316|-86|-121|CG1321317|-87|-112|CG1321318|-88|-118|CG1321319|-87|-127|CG1321320|-87|-124|CG1321321|-87|-116
759|4|4|
759|4|5|1700|40|CG1321304|-77|-107|CG1321304|-77|-107|CG1321306|-84|-115|CG1321306|-84|-115|CG1321307|-80|-119|CG1321307|-80|-119|CG1321308|-82|-121|CG1321308|-82|-121|CG1321309|-86|-121|CG1321309|-86|-121|CG1321309|-86|-121|CG1321309|-86|-121|CG1321310|-79|-103|CG1321311|-72|-114|CG1321312|-74|-120|CG1321313|-76|-103|CG1321305|-72|-100|CG1321305|-72|-100|CG1321304|-77|-107|CG1321306|-84|-115|CG1321307|-80|-119|CG1321308|-82|-121|CG1321309|-86|-121|CG1321310|-79|-103|CG1321311|-72|-114|CG1321312|-74|-120|CG1321313|-76|-103|CG1321305|-72|-100|CG1321305|-72|-100|CG1321304|-77|-107|CG1321306|-84|-115|CG1321307|-80|-119|CG1321308|-82|-121|CG1321309|-86|-121|CG1321310|-79|-103|CG1321311|-72|-114|CG1321312|-74|-120|CG1321313|-76|-103|CG1321305|-72|-100|CG1321305|-72|-100
759|4|6|2000|18|CG1321335|-74|-99|CG1321337|-74|-100|CG1321338|-72|-117|CG1321339|-79|-178|CG1321340|-83|-180|CG1321341|-106|-180|CG1321342|-95|-177|CG1321339|-79|-178|CG1321340|-83|-180|CG1321341|-106|-180|CG1321342|-95|-177|CG1321339|-79|-178|CG1321340|-83|-180|CG1321341|-106|-180|CG1321342|-95|-177|CG1321343|-94|-167|CG1321344|-78|-120|CG1321336|-73|-102
759|4|7|1000|6|CG1346452|0|0|CG1346453|0|0|CG1346454|0|0|CG1346455|0|0|CG1346456|0|0|CG1346457|0|0
759|4|8|1000|2|CG1321332|-61|-118|CG1321333|-99|-126
759|4|9|1000|1|CG1321334|-68|-103
759|4|10|1500|10|CG1321322|-70|-99|CG1321324|-68|-101|CG1321325|-67|-103|CG1321326|-68|-101|CG1321327|-71|-99|CG1321328|-88|-85|CG1321329|-96|-76|CG1321330|-100|-62|CG1321331|-105|-41|CG1321323|-105|-37
759|5|0|5000|32|CG1321402|-68|-109|CG1321403|-69|-113|CG1321404|-69|-111|CG1321405|-68|-110|CG1321402|-68|-109|CG1321403|-69|-113|CG1321404|-69|-111|CG1321405|-68|-110|CG1321402|-68|-109|CG1321406|-68|-115|CG1321407|-68|-123|CG1321408|-68|-109|CG1321409|-68|-111|CG1321402|-68|-109|CG1321403|-69|-113|CG1321404|-69|-111|CG1321405|-68|-110|CG1321402|-68|-109|CG1321406|-68|-115|CG1321407|-68|-123|CG1321408|-68|-109|CG1321409|-68|-111|CG1321402|-68|-109|CG1321406|-68|-115|CG1321407|-68|-123|CG1321408|-68|-109|CG1321409|-68|-111|CG1321402|-68|-109|CG1321406|-68|-115|CG1321407|-68|-123|CG1321408|-68|-109|CG1321409|-68|-111
759|5|1|1000|8|CG1321410|-68|-107|CG1321411|-68|-107|CG1321412|-68|-107|CG1321413|-67|-109|CG1321414|-65|-107|CG1321415|-67|-107|CG1321416|-68|-107|CG1321417|-69|-109
759|5|2|600|5|CG1325637|-87|-102|CG1325638|-101|-134|CG1325639|-81|-118|CG1325640|-146|-102|CG1325641|-132|-115
759|5|3|450|8|CG1321371|-54|-136|CG1321372|-67|-132|CG1321373|-66|-134|CG1321374|-63|-126|CG1321375|-65|-132|CG1321376|-66|-141|CG1321377|-60|-137|CG1321378|-58|-131
759|5|4|
759|5|5|1700|40|CG1321361|-57|-118|CG1321361|-57|-118|CG1321363|-53|-106|CG1321363|-53|-106|CG1321364|-48|-105|CG1321364|-48|-105|CG1321365|-44|-110|CG1321365|-44|-110|CG1321366|-38|-113|CG1321366|-38|-113|CG1321366|-38|-113|CG1321366|-38|-113|CG1321367|-65|-118|CG1321368|-62|-125|CG1321369|-64|-132|CG1321370|-63|-117|CG1321362|-54|-100|CG1321362|-54|-100|CG1321361|-57|-118|CG1321363|-53|-106|CG1321364|-48|-105|CG1321365|-44|-110|CG1321366|-38|-113|CG1321367|-65|-118|CG1321368|-62|-125|CG1321369|-64|-132|CG1321370|-63|-117|CG1321362|-54|-100|CG1321362|-54|-100|CG1321361|-57|-118|CG1321363|-53|-106|CG1321364|-48|-105|CG1321365|-44|-110|CG1321366|-38|-113|CG1321367|-65|-118|CG1321368|-62|-125|CG1321369|-64|-132|CG1321370|-63|-117|CG1321362|-54|-100|CG1321362|-54|-100
759|5|6|2000|18|CG1321392|-60|-105|CG1321394|-49|-103|CG1321395|-48|-103|CG1321396|-63|-190|CG1321397|-63|-191|CG1321398|-57|-190|CG1321399|-37|-189|CG1321396|-63|-190|CG1321397|-63|-191|CG1321398|-57|-190|CG1321399|-37|-189|CG1321396|-63|-190|CG1321397|-63|-191|CG1321398|-57|-190|CG1321399|-37|-189|CG1321400|-36|-175|CG1321401|-51|-110|CG1321393|-65|-112
759|5|7|1000|6|CG1346032|0|0|CG1346033|0|0|CG1346034|0|0|CG1346035|0|0|CG1346036|0|0|CG1346037|0|0
759|5|8|1000|2|CG1321389|-44|-122|CG1321390|-52|-122
759|5|9|1000|1|CG1321391|-35|-106
759|5|10|1500|10|CG1321379|-46|-98|CG1321381|-42|-97|CG1321382|-35|-98|CG1321383|-48|-98|CG1321384|-59|-95|CG1321385|-95|-96|CG1321386|-112|-95|CG1321387|-115|-78|CG1321388|-117|-61|CG1321380|-116|-60
759|6|0|5000|32|CG1321459|-64|-100|CG1321460|-60|-103|CG1321461|-62|-101|CG1321462|-63|-100|CG1321459|-64|-100|CG1321460|-60|-103|CG1321461|-62|-101|CG1321462|-63|-100|CG1321459|-64|-100|CG1321463|-63|-101|CG1321464|-62|-103|CG1321465|-63|-100|CG1321466|-63|-101|CG1321459|-64|-100|CG1321460|-60|-103|CG1321461|-62|-101|CG1321462|-63|-100|CG1321459|-64|-100|CG1321463|-63|-101|CG1321464|-62|-103|CG1321465|-63|-100|CG1321466|-63|-101|CG1321459|-64|-100|CG1321463|-63|-101|CG1321464|-62|-103|CG1321465|-63|-100|CG1321466|-63|-101|CG1321459|-64|-100|CG1321463|-63|-101|CG1321464|-62|-103|CG1321465|-63|-100|CG1321466|-63|-101
759|6|1|1000|8|CG1321467|-72|-98|CG1321468|-70|-98|CG1321469|-71|-99|CG1321470|-72|-100|CG1321471|-72|-98|CG1321472|-70|-98|CG1321473|-72|-99|CG1321474|-73|-100
759|6|2|600|5|CG1325693|-56|-115|CG1325694|-66|-158|CG1325695|-93|-143|CG1325696|-109|-126|CG1325697|-81|-115
759|6|3|450|8|CG1321428|-67|-121|CG1321429|-65|-115|CG1321430|-66|-117|CG1321431|-67|-113|CG1321432|-68|-116|CG1321433|-68|-124|CG1321434|-67|-120|CG1321435|-67|-118
759|6|4|
759|6|5|1700|40|CG1321418|-63|-110|CG1321418|-63|-110|CG1321420|-61|-114|CG1321420|-61|-114|CG1321421|-51|-118|CG1321421|-51|-118|CG1321422|-52|-120|CG1321422|-52|-120|CG1321423|-57|-119|CG1321423|-57|-119|CG1321423|-57|-119|CG1321423|-57|-119|CG1321424|-87|-105|CG1321425|-88|-110|CG1321426|-88|-121|CG1321427|-77|-102|CG1321419|-71|-100|CG1321419|-71|-100|CG1321418|-63|-110|CG1321420|-61|-114|CG1321421|-51|-118|CG1321422|-52|-120|CG1321423|-57|-119|CG1321424|-87|-105|CG1321425|-88|-110|CG1321426|-88|-121|CG1321427|-77|-102|CG1321419|-71|-100|CG1321419|-71|-100|CG1321418|-63|-110|CG1321420|-61|-114|CG1321421|-51|-118|CG1321422|-52|-120|CG1321423|-57|-119|CG1321424|-87|-105|CG1321425|-88|-110|CG1321426|-88|-121|CG1321427|-77|-102|CG1321419|-71|-100|CG1321419|-71|-100
759|6|6|2000|18|CG1321449|-66|-97|CG1321451|-62|-101|CG1321452|-58|-116|CG1321453|-32|-179|CG1321454|-27|-180|CG1321455|-19|-178|CG1321456|-16|-177|CG1321453|-32|-179|CG1321454|-27|-180|CG1321455|-19|-178|CG1321456|-16|-177|CG1321453|-32|-179|CG1321454|-27|-180|CG1321455|-19|-178|CG1321456|-16|-177|CG1321457|-45|-167|CG1321458|-66|-121|CG1321450|-57|-102
759|6|7|1000|6|CG1346092|0|0|CG1346093|0|0|CG1346094|0|0|CG1346095|0|0|CG1346096|0|0|CG1346097|0|0
759|6|8|1000|2|CG1321446|-77|-115|CG1321447|-37|-118
759|6|9|1000|1|CG1321448|-66|-103
759|6|10|1500|10|CG1321436|-56|-99|CG1321438|-56|-101|CG1321439|-58|-103|CG1321440|-60|-99|CG1321441|-68|-97|CG1321442|-98|-100|CG1321443|-111|-97|CG1321444|-114|-88|CG1321445|-112|-90|CG1321437|-111|-70
759|7|0|5000|32|CG1321516|-87|-103|CG1321517|-85|-102|CG1321518|-86|-101|CG1321519|-87|-103|CG1321516|-87|-103|CG1321517|-85|-102|CG1321518|-86|-101|CG1321519|-87|-103|CG1321516|-87|-103|CG1321520|-86|-103|CG1321521|-85|-103|CG1321522|-85|-103|CG1321523|-86|-103|CG1321516|-87|-103|CG1321517|-85|-102|CG1321518|-86|-101|CG1321519|-87|-103|CG1321516|-87|-103|CG1321520|-86|-103|CG1321521|-85|-103|CG1321522|-85|-103|CG1321523|-86|-103|CG1321516|-87|-103|CG1321520|-86|-103|CG1321521|-85|-103|CG1321522|-85|-103|CG1321523|-86|-103|CG1321516|-87|-103|CG1321520|-86|-103|CG1321521|-85|-103|CG1321522|-85|-103|CG1321523|-86|-103
759|7|1|1000|8|CG1321524|-95|-101|CG1321525|-93|-101|CG1321526|-95|-99|CG1321527|-96|-92|CG1321528|-95|-88|CG1321529|-93|-91|CG1321530|-95|-96|CG1321531|-96|-98
759|7|2|600|5|CG1325749|-65|-111|CG1325750|-73|-164|CG1325751|-68|-170|CG1325752|-60|-150|CG1325753|-60|-127
759|7|3|450|8|CG1321485|-89|-121|CG1321486|-88|-124|CG1321487|-89|-122|CG1321488|-91|-112|CG1321489|-92|-105|CG1321490|-91|-106|CG1321491|-91|-115|CG1321492|-90|-119
759|7|4|
759|7|5|1700|40|CG1321475|-83|-114|CG1321475|-83|-114|CG1321477|-77|-115|CG1321477|-77|-115|CG1321478|-68|-116|CG1321478|-68|-116|CG1321479|-70|-115|CG1321479|-70|-115|CG1321480|-69|-111|CG1321480|-69|-111|CG1321480|-69|-111|CG1321480|-69|-111|CG1321481|-119|-93|CG1321482|-119|-86|CG1321483|-118|-94|CG1321484|-104|-101|CG1321476|-95|-108|CG1321476|-95|-108|CG1321475|-83|-114|CG1321477|-77|-115|CG1321478|-68|-116|CG1321479|-70|-115|CG1321480|-69|-111|CG1321481|-119|-93|CG1321482|-119|-86|CG1321483|-118|-94|CG1321484|-104|-101|CG1321476|-95|-108|CG1321476|-95|-108|CG1321475|-83|-114|CG1321477|-77|-115|CG1321478|-68|-116|CG1321479|-70|-115|CG1321480|-69|-111|CG1321481|-119|-93|CG1321482|-119|-86|CG1321483|-118|-94|CG1321484|-104|-101|CG1321476|-95|-108|CG1321476|-95|-108
759|7|6|2000|18|CG1321506|-93|-105|CG1321508|-83|-107|CG1321509|-81|-116|CG1321510|-25|-151|CG1321511|-25|-151|CG1321512|-22|-152|CG1321513|-10|-150|CG1321510|-25|-151|CG1321511|-25|-151|CG1321512|-22|-152|CG1321513|-10|-150|CG1321510|-25|-151|CG1321511|-25|-151|CG1321512|-22|-152|CG1321513|-10|-150|CG1321514|-45|-148|CG1321515|-82|-124|CG1321507|-78|-95
759|7|7|1000|6|CG1346152|0|0|CG1346153|0|0|CG1346154|0|0|CG1346155|0|0|CG1346156|0|0|CG1346157|0|0
759|7|8|1000|2|CG1321503|-66|-116|CG1321504|-57|-113
759|7|9|1000|1|CG1321505|-93|-107
759|7|10|1500|10|CG1321493|-79|-106|CG1321495|-79|-107|CG1321496|-80|-107|CG1321497|-82|-105|CG1321498|-84|-104|CG1321499|-83|-103|CG1321500|-85|-105|CG1321501|-84|-96|CG1321502|-81|-100|CG1321494|-80|-76
