757|0|0|3000|32|CG1320205|-51|-86|CG1320206|-52|-84|CG1320207|-52|-85|CG1320208|-51|-85|CG1320205|-51|-86|CG1320206|-52|-84|CG1320207|-52|-85|CG1320208|-51|-85|CG1320205|-51|-86|CG1320209|-51|-86|CG1320210|-50|-85|CG1320211|-50|-86|CG1320212|-51|-86|CG1320205|-51|-86|CG1320206|-52|-84|CG1320207|-52|-85|CG1320208|-51|-85|CG1320205|-51|-86|CG1320209|-51|-86|CG1320210|-50|-85|CG1320211|-50|-86|CG1320212|-51|-86|CG1320205|-51|-86|CG1320209|-51|-86|CG1320210|-50|-85|CG1320211|-50|-86|CG1320212|-51|-86|CG1320205|-51|-86|CG1320209|-51|-86|CG1320210|-50|-85|CG1320211|-50|-86|CG1320212|-51|-86
757|0|1|1000|8|CG1320213|-55|-91|CG1320214|-54|-90|CG1320215|-55|-91|CG1320216|-56|-91|CG1320217|-55|-91|CG1320218|-54|-90|CG1320219|-55|-90|CG1320220|-55|-91
757|0|2|600|5|CG1325357|-54|-113|CG1325358|-66|-144|CG1325359|-95|-176|CG1325360|-103|-137|CG1325361|-78|-106
757|0|3|450|8|CG1320174|-52|-120|CG1320175|-52|-125|CG1320176|-52|-123|CG1320177|-54|-115|CG1320178|-54|-112|CG1320179|-54|-111|CG1320180|-54|-114|CG1320181|-53|-117
757|0|4|
757|0|5|800|13|CG1320164|-47|-85|CG1320166|-43|-88|CG1320167|-42|-82|CG1320168|-40|-79|CG1320169|-36|-74|CG1320169|-36|-74|CG1320169|-36|-74|CG1320169|-36|-74|CG1320170|-69|-89|CG1320171|-68|-93|CG1320172|-68|-93|CG1320173|-61|-88|CG1320165|-55|-88
757|0|6|2000|18|CG1320195|-57|-94|CG1320197|-51|-92|CG1320198|-49|-109|CG1320199|-14|-114|CG1320200|-27|-117|CG1320201|-24|-119|CG1320202|-16|-117|CG1320199|-14|-114|CG1320200|-27|-117|CG1320201|-24|-119|CG1320202|-16|-117|CG1320199|-14|-114|CG1320200|-27|-117|CG1320201|-24|-119|CG1320202|-16|-117|CG1320203|-28|-125|CG1320204|-55|-96|CG1320196|-46|-80
757|0|7|1000|6|CG1346212|0|0|CG1346213|0|0|CG1346214|0|0|CG1346215|0|0|CG1346216|0|0|CG1346217|0|0
757|0|8|1000|2|CG1320192|-25|-83|CG1320193|-41|-108
757|0|9|1000|1|CG1320194|-61|-75
757|0|10|1500|10|CG1320182|-53|-66|CG1320184|-52|-66|CG1320185|-51|-70|CG1320186|-51|-74|CG1320187|-56|-75|CG1320188|-44|-81|CG1320189|-36|-66|CG1320190|-35|-77|CG1320191|-34|-74|CG1320183|-33|-59
757|1|0|3000|32|CG1320262|-21|-93|CG1320263|-23|-90|CG1320264|-22|-91|CG1320265|-21|-92|CG1320262|-21|-93|CG1320263|-23|-90|CG1320264|-22|-91|CG1320265|-21|-92|CG1320262|-21|-93|CG1320266|-27|-92|CG1320267|-36|-92|CG1320268|-30|-92|CG1320269|-21|-92|CG1320262|-21|-93|CG1320263|-23|-90|CG1320264|-22|-91|CG1320265|-21|-92|CG1320262|-21|-93|CG1320266|-27|-92|CG1320267|-36|-92|CG1320268|-30|-92|CG1320269|-21|-92|CG1320262|-21|-93|CG1320266|-27|-92|CG1320267|-36|-92|CG1320268|-30|-92|CG1320269|-21|-92|CG1320262|-21|-93|CG1320266|-27|-92|CG1320267|-36|-92|CG1320268|-30|-92|CG1320269|-21|-92
757|1|1|1000|8|CG1320270|-22|-97|CG1320271|-22|-96|CG1320272|-23|-97|CG1320273|-23|-97|CG1320274|-22|-97|CG1320275|-22|-96|CG1320276|-22|-96|CG1320277|-21|-97
757|1|2|600|5|CG1325413|-100|-113|CG1325414|-102|-107|CG1325415|-90|-159|CG1325416|-142|-98|CG1325417|-131|-103
757|1|3|450|8|CG1320231|-21|-128|CG1320232|-23|-131|CG1320233|-22|-130|CG1320234|-25|-123|CG1320235|-20|-120|CG1320236|-22|-119|CG1320237|-22|-123|CG1320238|-25|-126
757|1|4|
757|1|5|800|13|CG1320221|-25|-93|CG1320223|-26|-95|CG1320224|-23|-90|CG1320225|-22|-82|CG1320226|-21|-75|CG1320226|-21|-75|CG1320226|-21|-75|CG1320226|-21|-75|CG1320227|-24|-97|CG1320228|-26|-101|CG1320229|-28|-101|CG1320230|-26|-97|CG1320222|-22|-98
757|1|6|2000|18|CG1320252|-29|-106|CG1320254|-27|-100|CG1320255|-22|-119|CG1320256|-32|-111|CG1320257|-22|-112|CG1320258|-29|-111|CG1320259|-23|-112|CG1320256|-32|-111|CG1320257|-22|-112|CG1320258|-29|-111|CG1320259|-23|-112|CG1320256|-32|-111|CG1320257|-22|-112|CG1320258|-29|-111|CG1320259|-23|-112|CG1320260|-28|-124|CG1320261|-28|-101|CG1320253|-21|-89
757|1|7|1000|6|CG1346272|0|0|CG1346273|0|0|CG1346274|0|0|CG1346275|0|0|CG1346276|0|0|CG1346277|0|0
757|1|8|1000|2|CG1320249|-58|-84|CG1320250|-31|-117
757|1|9|1000|1|CG1320251|-26|-87
757|1|10|1500|10|CG1320239|-26|-71|CG1320241|-25|-69|CG1320242|-23|-75|CG1320243|-23|-79|CG1320244|-33|-76|CG1320245|-27|-79|CG1320246|-21|-64|CG1320247|-18|-67|CG1320248|-13|-63|CG1320240|-12|-51
757|2|0|3000|32|CG1320319|-69|-86|CG1320320|-70|-83|CG1320321|-74|-84|CG1320322|-70|-85|CG1320319|-69|-86|CG1320320|-70|-83|CG1320321|-74|-84|CG1320322|-70|-85|CG1320319|-69|-86|CG1320323|-81|-86|CG1320324|-102|-85|CG1320325|-91|-85|CG1320326|-67|-86|CG1320319|-69|-86|CG1320320|-70|-83|CG1320321|-74|-84|CG1320322|-70|-85|CG1320319|-69|-86|CG1320323|-81|-86|CG1320324|-102|-85|CG1320325|-91|-85|CG1320326|-67|-86|CG1320319|-69|-86|CG1320323|-81|-86|CG1320324|-102|-85|CG1320325|-91|-85|CG1320326|-67|-86|CG1320319|-69|-86|CG1320323|-81|-86|CG1320324|-102|-85|CG1320325|-91|-85|CG1320326|-67|-86
757|2|1|1000|8|CG1320327|-62|-91|CG1320328|-65|-90|CG1320329|-62|-91|CG1320330|-61|-91|CG1320331|-64|-91|CG1320332|-69|-90|CG1320333|-65|-91|CG1320334|-61|-91
757|2|2|600|5|CG1325469|-119|-113|CG1325470|-90|-142|CG1325471|-82|-174|CG1325472|-99|-116|CG1325473|-109|-103
757|2|3|450|8|CG1320288|-86|-120|CG1320289|-89|-125|CG1320290|-85|-123|CG1320291|-78|-116|CG1320292|-86|-112|CG1320293|-87|-111|CG1320294|-84|-114|CG1320295|-77|-117
757|2|4|
757|2|5|800|13|CG1320278|-68|-86|CG1320280|-88|-85|CG1320281|-80|-84|CG1320282|-75|-75|CG1320283|-85|-69|CG1320283|-85|-69|CG1320283|-85|-69|CG1320283|-85|-69|CG1320284|-75|-90|CG1320285|-71|-94|CG1320286|-69|-94|CG1320287|-77|-89|CG1320279|-81|-88
757|2|6|2000|18|CG1320309|-63|-97|CG1320311|-67|-90|CG1320312|-68|-110|CG1320313|-79|-119|CG1320314|-89|-117|CG1320315|-86|-115|CG1320316|-83|-117|CG1320313|-79|-119|CG1320314|-89|-117|CG1320315|-86|-115|CG1320316|-83|-117|CG1320313|-79|-119|CG1320314|-89|-117|CG1320315|-86|-115|CG1320316|-83|-117|CG1320317|-81|-125|CG1320318|-75|-95|CG1320310|-69|-80
757|2|7|1000|6|CG1346332|0|0|CG1346333|0|0|CG1346334|0|0|CG1346335|0|0|CG1346336|0|0|CG1346337|0|0
757|2|8|1000|2|CG1320306|-112|-77|CG1320307|-55|-121
757|2|9|1000|1|CG1320308|-70|-80
757|2|10|1500|10|CG1320296|-62|-66|CG1320298|-63|-65|CG1320299|-66|-69|CG1320300|-68|-72|CG1320301|-70|-67|CG1320302|-53|-70|CG1320303|-40|-52|CG1320304|-43|-49|CG1320305|-43|-40|CG1320297|-48|-27
757|3|0|3000|32|CG1320376|-89|-71|CG1320377|-86|-68|CG1320378|-93|-69|CG1320379|-89|-70|CG1320376|-89|-71|CG1320377|-86|-68|CG1320378|-93|-69|CG1320379|-89|-70|CG1320376|-89|-71|CG1320380|-97|-71|CG1320381|-106|-73|CG1320382|-95|-70|CG1320383|-84|-71|CG1320376|-89|-71|CG1320377|-86|-68|CG1320378|-93|-69|CG1320379|-89|-70|CG1320376|-89|-71|CG1320380|-97|-71|CG1320381|-106|-73|CG1320382|-95|-70|CG1320383|-84|-71|CG1320376|-89|-71|CG1320380|-97|-71|CG1320381|-106|-73|CG1320382|-95|-70|CG1320383|-84|-71|CG1320376|-89|-71|CG1320380|-97|-71|CG1320381|-106|-73|CG1320382|-95|-70|CG1320383|-84|-71
757|3|1|1000|8|CG1320384|-77|-76|CG1320385|-84|-75|CG1320386|-80|-76|CG1320387|-75|-77|CG1320388|-77|-76|CG1320389|-84|-75|CG1320390|-80|-76|CG1320391|-75|-76
757|3|2|600|5|CG1325525|-125|-117|CG1325526|-119|-165|CG1325527|-116|-175|CG1325528|-58|-136|CG1325529|-81|-129
757|3|3|450|8|CG1320345|-113|-101|CG1320346|-115|-108|CG1320347|-107|-106|CG1320348|-105|-98|CG1320349|-110|-92|CG1320350|-114|-89|CG1320351|-106|-92|CG1320352|-104|-95
757|3|4|
757|3|5|800|13|CG1320335|-91|-71|CG1320337|-110|-74|CG1320338|-103|-69|CG1320339|-100|-65|CG1320340|-103|-60|CG1320340|-103|-60|CG1320340|-103|-60|CG1320340|-103|-60|CG1320341|-99|-70|CG1320342|-87|-74|CG1320343|-85|-78|CG1320344|-98|-73|CG1320336|-97|-72
757|3|6|2000|18|CG1320366|-85|-77|CG1320368|-88|-72|CG1320369|-85|-87|CG1320370|-93|-133|CG1320371|-108|-132|CG1320372|-121|-132|CG1320373|-116|-130|CG1320370|-93|-133|CG1320371|-108|-132|CG1320372|-121|-132|CG1320373|-116|-130|CG1320370|-93|-133|CG1320371|-108|-132|CG1320372|-121|-132|CG1320373|-116|-130|CG1320374|-110|-129|CG1320375|-98|-82|CG1320367|-91|-68
757|3|7|1000|6|CG1346392|0|0|CG1346393|0|0|CG1346394|0|0|CG1346395|0|0|CG1346396|0|0|CG1346397|0|0
757|3|8|1000|2|CG1320363|-100|-80|CG1320364|-91|-118
757|3|9|1000|1|CG1320365|-86|-69
757|3|10|1500|10|CG1320353|-82|-60|CG1320355|-83|-59|CG1320356|-83|-61|CG1320357|-84|-61|CG1320358|-87|-49|CG1320359|-80|-55|CG1320360|-76|-43|CG1320361|-83|-29|CG1320362|-84|-20|CG1320354|-85|-17
757|4|0|3000|32|CG1320433|-62|-85|CG1320434|-61|-88|CG1320435|-64|-86|CG1320436|-62|-85|CG1320433|-62|-85|CG1320434|-61|-88|CG1320435|-64|-86|CG1320436|-62|-85|CG1320433|-62|-85|CG1320437|-62|-91|CG1320438|-60|-96|CG1320439|-58|-85|CG1320440|-61|-86|CG1320433|-62|-85|CG1320434|-61|-88|CG1320435|-64|-86|CG1320436|-62|-85|CG1320433|-62|-85|CG1320437|-62|-91|CG1320438|-60|-96|CG1320439|-58|-85|CG1320440|-61|-86|CG1320433|-62|-85|CG1320437|-62|-91|CG1320438|-60|-96|CG1320439|-58|-85|CG1320440|-61|-86|CG1320433|-62|-85|CG1320437|-62|-91|CG1320438|-60|-96|CG1320439|-58|-85|CG1320440|-61|-86
757|4|1|1000|8|CG1320441|-58|-85|CG1320442|-62|-85|CG1320443|-59|-86|CG1320444|-55|-87|CG1320445|-56|-86|CG1320446|-58|-85|CG1320447|-54|-86|CG1320448|-56|-87
757|4|2|600|5|CG1325581|-118|-123|CG1325582|-92|-162|CG1325583|-82|-152|CG1325584|-98|-119|CG1325585|-112|-122
757|4|3|450|8|CG1320402|-79|-107|CG1320403|-76|-104|CG1320404|-75|-106|CG1320405|-76|-98|CG1320406|-77|-103|CG1320407|-76|-111|CG1320408|-76|-108|CG1320409|-76|-101
757|4|4|
757|4|5|800|13|CG1320392|-66|-91|CG1320394|-72|-82|CG1320395|-68|-78|CG1320396|-70|-75|CG1320397|-73|-73|CG1320397|-73|-73|CG1320397|-73|-73|CG1320397|-73|-73|CG1320398|-68|-87|CG1320399|-62|-97|CG1320400|-64|-102|CG1320401|-65|-87|CG1320393|-62|-78
757|4|6|2000|18|CG1320423|-63|-82|CG1320425|-64|-81|CG1320426|-62|-80|CG1320427|-68|-155|CG1320428|-72|-156|CG1320429|-92|-156|CG1320430|-82|-154|CG1320427|-68|-155|CG1320428|-72|-156|CG1320429|-92|-156|CG1320430|-82|-154|CG1320427|-68|-155|CG1320428|-72|-156|CG1320429|-92|-156|CG1320430|-82|-154|CG1320431|-81|-145|CG1320432|-67|-86|CG1320424|-63|-88
757|4|7|1000|6|CG1346452|0|0|CG1346453|0|0|CG1346454|0|0|CG1346455|0|0|CG1346456|0|0|CG1346457|0|0
757|4|8|1000|2|CG1320420|-53|-103|CG1320421|-83|-121
757|4|9|1000|1|CG1320422|-59|-87
757|4|10|1500|10|CG1320410|-61|-77|CG1320412|-59|-77|CG1320413|-59|-79|CG1320414|-60|-79|CG1320415|-62|-73|CG1320416|-76|-75|CG1320417|-83|-66|CG1320418|-87|-54|CG1320419|-92|-36|CG1320411|-91|-32
757|5|0|3000|32|CG1320490|-22|-93|CG1320491|-24|-96|CG1320492|-23|-94|CG1320493|-22|-93|CG1320490|-22|-93|CG1320491|-24|-96|CG1320492|-23|-94|CG1320493|-22|-93|CG1320490|-22|-93|CG1320494|-22|-97|CG1320495|-22|-104|CG1320496|-22|-93|CG1320497|-22|-94|CG1320490|-22|-93|CG1320491|-24|-96|CG1320492|-23|-94|CG1320493|-22|-93|CG1320490|-22|-93|CG1320494|-22|-97|CG1320495|-22|-104|CG1320496|-22|-93|CG1320497|-22|-94|CG1320490|-22|-93|CG1320494|-22|-97|CG1320495|-22|-104|CG1320496|-22|-93|CG1320497|-22|-94|CG1320490|-22|-93|CG1320494|-22|-97|CG1320495|-22|-104|CG1320496|-22|-93|CG1320497|-22|-94
757|5|1|1000|8|CG1320498|-23|-93|CG1320499|-23|-93|CG1320500|-22|-94|CG1320501|-22|-95|CG1320502|-23|-93|CG1320503|-23|-93|CG1320504|-22|-94|CG1320505|-23|-95
757|5|2|600|5|CG1325637|-87|-102|CG1325638|-101|-134|CG1325639|-81|-118|CG1325640|-146|-102|CG1325641|-132|-115
757|5|3|450|8|CG1320459|-22|-120|CG1320460|-22|-116|CG1320461|-23|-118|CG1320462|-25|-110|CG1320463|-20|-115|CG1320464|-21|-124|CG1320465|-23|-120|CG1320466|-25|-115
757|5|4|
757|5|5|800|13|CG1320449|-26|-100|CG1320451|-23|-90|CG1320452|-21|-87|CG1320453|-22|-84|CG1320454|-27|-83|CG1320454|-27|-83|CG1320454|-27|-83|CG1320454|-27|-83|CG1320455|-25|-100|CG1320456|-29|-106|CG1320457|-28|-112|CG1320458|-26|-98|CG1320450|-21|-85
757|5|6|2000|18|CG1320480|-26|-91|CG1320482|-25|-89|CG1320483|-20|-88|CG1320484|-21|-165|CG1320485|-21|-166|CG1320486|-23|-165|CG1320487|-23|-164|CG1320484|-21|-165|CG1320485|-21|-166|CG1320486|-23|-165|CG1320487|-23|-164|CG1320484|-21|-165|CG1320485|-21|-166|CG1320486|-23|-165|CG1320487|-23|-164|CG1320488|-28|-152|CG1320489|-28|-95|CG1320481|-21|-97
757|5|7|1000|6|CG1346032|0|0|CG1346033|0|0|CG1346034|0|0|CG1346035|0|0|CG1346036|0|0|CG1346037|0|0
757|5|8|1000|2|CG1320477|-38|-107|CG1320478|-45|-120
757|5|9|1000|1|CG1320479|-23|-93
757|5|10|1500|10|CG1320467|-27|-85|CG1320469|-25|-85|CG1320470|-21|-85|CG1320471|-24|-86|CG1320472|-36|-83|CG1320473|-57|-84|CG1320474|-72|-83|CG1320475|-75|-68|CG1320476|-76|-54|CG1320468|-76|-53
757|6|0|3000|32|CG1320547|-56|-85|CG1320548|-53|-88|CG1320549|-55|-86|CG1320550|-56|-86|CG1320547|-56|-85|CG1320548|-53|-88|CG1320549|-55|-86|CG1320550|-56|-86|CG1320547|-56|-85|CG1320551|-56|-86|CG1320552|-55|-87|CG1320553|-55|-85|CG1320554|-56|-86|CG1320547|-56|-85|CG1320548|-53|-88|CG1320549|-55|-86|CG1320550|-56|-86|CG1320547|-56|-85|CG1320551|-56|-86|CG1320552|-55|-87|CG1320553|-55|-85|CG1320554|-56|-86|CG1320547|-56|-85|CG1320551|-56|-86|CG1320552|-55|-87|CG1320553|-55|-85|CG1320554|-56|-86|CG1320547|-56|-85|CG1320551|-56|-86|CG1320552|-55|-87|CG1320553|-55|-85|CG1320554|-56|-86
757|6|1|1000|8|CG1320555|-62|-86|CG1320556|-60|-86|CG1320557|-61|-86|CG1320558|-62|-87|CG1320559|-61|-85|CG1320560|-60|-85|CG1320561|-61|-86|CG1320562|-63|-87
757|6|2|600|5|CG1325693|-56|-115|CG1325694|-66|-158|CG1325695|-93|-143|CG1325696|-109|-126|CG1325697|-81|-115
757|6|3|450|8|CG1320516|-57|-106|CG1320517|-56|-100|CG1320518|-56|-102|CG1320519|-58|-99|CG1320520|-58|-101|CG1320521|-58|-108|CG1320522|-58|-105|CG1320523|-58|-103
757|6|4|
757|6|5|800|13|CG1320506|-56|-93|CG1320508|-53|-81|CG1320509|-44|-77|CG1320510|-46|-74|CG1320511|-49|-72|CG1320511|-49|-72|CG1320511|-49|-72|CG1320511|-49|-72|CG1320512|-77|-89|CG1320513|-78|-94|CG1320514|-78|-103|CG1320515|-68|-86|CG1320507|-62|-77
757|6|6|2000|18|CG1320537|-57|-84|CG1320539|-54|-81|CG1320540|-51|-78|CG1320541|-27|-156|CG1320542|-24|-156|CG1320543|-16|-154|CG1320544|-14|-154|CG1320541|-27|-156|CG1320542|-24|-156|CG1320543|-16|-154|CG1320544|-14|-154|CG1320541|-27|-156|CG1320542|-24|-156|CG1320543|-16|-154|CG1320544|-14|-154|CG1320545|-39|-145|CG1320546|-57|-85|CG1320538|-49|-89
757|6|7|1000|6|CG1346092|0|0|CG1346093|0|0|CG1346094|0|0|CG1346095|0|0|CG1346096|0|0|CG1346097|0|0
757|6|8|1000|2|CG1320534|-67|-94|CG1320535|-27|-113
757|6|9|1000|1|CG1320536|-56|-84
757|6|10|1500|10|CG1320524|-48|-79|CG1320526|-48|-77|CG1320527|-50|-77|CG1320528|-52|-77|CG1320529|-59|-77|CG1320530|-85|-80|CG1320531|-97|-85|CG1320532|-99|-69|CG1320533|-97|-60|CG1320525|-97|-61
757|7|0|3000|32|CG1320604|-76|-70|CG1320605|-74|-69|CG1320606|-75|-69|CG1320607|-75|-70|CG1320604|-76|-70|CG1320605|-74|-69|CG1320606|-75|-69|CG1320607|-75|-70|CG1320604|-76|-70|CG1320608|-75|-71|CG1320609|-74|-70|CG1320610|-74|-70|CG1320611|-75|-70|CG1320604|-76|-70|CG1320605|-74|-69|CG1320606|-75|-69|CG1320607|-75|-70|CG1320604|-76|-70|CG1320608|-75|-71|CG1320609|-74|-70|CG1320610|-74|-70|CG1320611|-75|-70|CG1320604|-76|-70|CG1320608|-75|-71|CG1320609|-74|-70|CG1320610|-74|-70|CG1320611|-75|-70|CG1320604|-76|-70|CG1320608|-75|-71|CG1320609|-74|-70|CG1320610|-74|-70|CG1320611|-75|-70
757|7|1|1000|8|CG1320612|-82|-76|CG1320613|-81|-75|CG1320614|-82|-76|CG1320615|-83|-76|CG1320616|-82|-76|CG1320617|-81|-75|CG1320618|-82|-76|CG1320619|-83|-77
757|7|2|600|5|CG1325749|-65|-111|CG1325750|-73|-164|CG1325751|-68|-170|CG1325752|-60|-150|CG1325753|-60|-127
757|7|3|450|8|CG1320573|-77|-101|CG1320574|-76|-107|CG1320575|-77|-106|CG1320576|-79|-97|CG1320577|-79|-91|CG1320578|-79|-89|CG1320579|-79|-92|CG1320580|-78|-95
757|7|4|
757|7|5|800|13|CG1320563|-72|-71|CG1320565|-67|-74|CG1320566|-59|-73|CG1320567|-61|-71|CG1320568|-60|-68|CG1320568|-60|-68|CG1320568|-60|-68|CG1320568|-60|-68|CG1320569|-103|-69|CG1320570|-103|-74|CG1320571|-103|-81|CG1320572|-90|-72|CG1320564|-82|-70
757|7|6|2000|18|CG1320594|-81|-73|CG1320596|-72|-69|CG1320597|-70|-85|CG1320598|-21|-131|CG1320599|-22|-132|CG1320600|-19|-133|CG1320601|-9|-130|CG1320598|-21|-131|CG1320599|-22|-132|CG1320600|-19|-133|CG1320601|-9|-130|CG1320598|-21|-131|CG1320599|-22|-132|CG1320600|-19|-133|CG1320601|-9|-130|CG1320602|-39|-128|CG1320603|-71|-83|CG1320595|-67|-68
757|7|7|1000|6|CG1346152|0|0|CG1346153|0|0|CG1346154|0|0|CG1346155|0|0|CG1346156|0|0|CG1346157|0|0
757|7|8|1000|2|CG1320591|-57|-75|CG1320592|-37|-104
757|7|9|1000|1|CG1320593|-81|-62
757|7|10|1500|10|CG1320581|-69|-60|CG1320583|-68|-59|CG1320584|-70|-58|CG1320585|-71|-58|CG1320586|-73|-61|CG1320587|-73|-69|CG1320588|-74|-69|CG1320589|-73|-65|CG1320590|-71|-60|CG1320582|-70|-56
