776|0|0|3997|50|CG1327253|-28|-95|CG1327252|-28|-95|CG1327251|-28|-95|CG1327251|-28|-95|CG1327251|-28|-95|CG1327251|-28|-95|CG1327251|-28|-95|CG1327252|-28|-95|CG1327253|-28|-95|CG1327254|-28|-95|CG1327255|-28|-94|CG1327256|-28|-94|CG1327256|-28|-94|CG1327256|-28|-94|CG1327256|-28|-94|CG1327256|-28|-94|CG1327255|-28|-94|CG1327254|-28|-95|CG1327253|-28|-95|CG1327252|-28|-95|CG1327251|-28|-95|CG1327251|-28|-95|CG1327251|-28|-95|CG1327252|-28|-95|CG1327253|-28|-95|CG1327254|-28|-95|CG1327255|-28|-94|CG1327256|-28|-94|CG1327255|-28|-94|CG1327254|-28|-95|CG1327253|-28|-95|CG1327252|-28|-95|CG1327252|-28|-95|CG1327251|-28|-95|CG1327251|-28|-95|CG1327251|-28|-95|CG1327251|-28|-95|CG1327251|-28|-95|CG1327252|-28|-95|CG1327253|-28|-95|CG1327254|-28|-95|CG1327255|-28|-94|CG1327255|-28|-94|CG1327256|-28|-94|CG1327256|-28|-94|CG1327256|-28|-94|CG1327256|-28|-94|CG1327256|-28|-94|CG1327255|-28|-94|CG1327254|-28|-95
776|0|1|896|6|CG1327257|-26|-94|CG1327258|-25|-89|CG1327259|-22|-94|CG1327260|-29|-98|CG1327261|-35|-93|CG1327262|-28|-95
776|0|2|
776|0|3|497|6|CG1327226|-29|-95|CG1327227|-36|-90|CG1327228|-35|-95|CG1327229|-33|-98|CG1327230|-45|-92|CG1327231|-36|-92
776|0|4|
776|0|5|777|11|CG1327220|-24|-97|CG1327220|-24|-97|CG1327221|-26|-95|CG1327221|-26|-95|CG1327221|-26|-95|CG1327221|-26|-95|CG1327222|-34|-101|CG1327223|-53|-110|CG1327223|-53|-110|CG1327224|-43|-107|CG1327225|-41|-101
776|0|6|2296|22|CG1327243|-26|-98|CG1327244|-26|-96|CG1327245|-21|-97|CG1327246|-27|-92|CG1327247|-33|-92|CG1327248|-32|-92|CG1327249|-27|-96|CG1327250|-26|-95|CG1327243|-26|-98|CG1327244|-26|-96|CG1327245|-21|-97|CG1327246|-27|-92|CG1327247|-33|-92|CG1327248|-32|-92|CG1327249|-27|-96|CG1327250|-26|-95|CG1327220|-24|-97|CG1327221|-26|-95|CG1327222|-34|-101|CG1327223|-53|-110|CG1327224|-43|-107|CG1327225|-41|-101
776|0|7|1000|6|CG1346212|0|0|CG1346213|0|0|CG1346214|0|0|CG1346215|0|0|CG1346216|0|0|CG1346217|0|0
776|0|8|1000|2|CG1327240|-35|-83|CG1327241|-45|-71
776|0|9|1000|1|CG1327242|-30|-60
776|0|10|994|8|CG1327232|-25|-82|CG1327233|-26|-80|CG1327234|-26|-87|CG1327235|-26|-92|CG1327236|-25|-84|CG1327237|-24|-56|CG1327238|-23|-51|CG1327239|-24|-51
776|1|0|3997|50|CG1327296|-17|-95|CG1327295|-17|-95|CG1327294|-17|-95|CG1327294|-17|-95|CG1327294|-17|-95|CG1327294|-17|-95|CG1327294|-17|-95|CG1327295|-17|-95|CG1327296|-17|-95|CG1327297|-17|-95|CG1327298|-17|-95|CG1327299|-17|-95|CG1327299|-17|-95|CG1327299|-17|-95|CG1327299|-17|-95|CG1327299|-17|-95|CG1327298|-17|-95|CG1327297|-17|-95|CG1327296|-17|-95|CG1327295|-17|-95|CG1327294|-17|-95|CG1327294|-17|-95|CG1327294|-17|-95|CG1327295|-17|-95|CG1327296|-17|-95|CG1327297|-17|-95|CG1327298|-17|-95|CG1327299|-17|-95|CG1327298|-17|-95|CG1327297|-17|-95|CG1327296|-17|-95|CG1327295|-17|-95|CG1327295|-17|-95|CG1327294|-17|-95|CG1327294|-17|-95|CG1327294|-17|-95|CG1327294|-17|-95|CG1327294|-17|-95|CG1327295|-17|-95|CG1327296|-17|-95|CG1327297|-17|-95|CG1327298|-17|-95|CG1327298|-17|-95|CG1327299|-17|-95|CG1327299|-17|-95|CG1327299|-17|-95|CG1327299|-17|-95|CG1327299|-17|-95|CG1327298|-17|-95|CG1327297|-17|-95
776|1|1|896|6|CG1327300|-17|-95|CG1327301|-17|-91|CG1327302|-15|-95|CG1327303|-15|-98|CG1327304|-18|-93|CG1327305|-19|-95
776|1|2|
776|1|3|497|6|CG1327269|-23|-98|CG1327270|-23|-95|CG1327271|-24|-98|CG1327272|-25|-98|CG1327273|-24|-96|CG1327274|-23|-96
776|1|4|
776|1|5|777|11|CG1327263|-20|-95|CG1327263|-20|-95|CG1327264|-22|-93|CG1327264|-22|-93|CG1327264|-22|-93|CG1327264|-22|-93|CG1327265|-25|-103|CG1327266|-23|-116|CG1327266|-23|-116|CG1327267|-23|-111|CG1327268|-21|-104
776|1|6|2296|22|CG1327286|-17|-95|CG1327287|-18|-96|CG1327288|-24|-98|CG1327289|-25|-96|CG1327290|-30|-97|CG1327291|-25|-95|CG1327292|-23|-98|CG1327293|-20|-95|CG1327286|-17|-95|CG1327287|-18|-96|CG1327288|-24|-98|CG1327289|-25|-96|CG1327290|-30|-97|CG1327291|-25|-95|CG1327292|-23|-98|CG1327293|-20|-95|CG1327263|-20|-95|CG1327264|-22|-93|CG1327265|-25|-103|CG1327266|-23|-116|CG1327267|-23|-111|CG1327268|-21|-104
776|1|7|1000|6|CG1346272|0|0|CG1346273|0|0|CG1346274|0|0|CG1346275|0|0|CG1346276|0|0|CG1346277|0|0
776|1|8|1000|2|CG1327283|-17|-86|CG1327284|-35|-69
776|1|9|1000|1|CG1327285|-17|-62
776|1|10|994|8|CG1327275|-26|-88|CG1327276|-18|-83|CG1327277|-17|-88|CG1327278|-17|-91|CG1327279|-14|-74|CG1327280|-14|-47|CG1327281|-11|-38|CG1327282|-13|-35
776|2|0|3997|50|CG1327339|-24|-95|CG1327338|-24|-95|CG1327337|-24|-95|CG1327337|-24|-95|CG1327337|-24|-95|CG1327337|-24|-95|CG1327337|-24|-95|CG1327338|-24|-95|CG1327339|-24|-95|CG1327340|-23|-95|CG1327341|-23|-95|CG1327342|-23|-95|CG1327342|-23|-95|CG1327342|-23|-95|CG1327342|-23|-95|CG1327342|-23|-95|CG1327341|-23|-95|CG1327340|-23|-95|CG1327339|-24|-95|CG1327338|-24|-95|CG1327337|-24|-95|CG1327337|-24|-95|CG1327337|-24|-95|CG1327338|-24|-95|CG1327339|-24|-95|CG1327340|-23|-95|CG1327341|-23|-95|CG1327342|-23|-95|CG1327341|-23|-95|CG1327340|-23|-95|CG1327339|-24|-95|CG1327338|-24|-95|CG1327338|-24|-95|CG1327337|-24|-95|CG1327337|-24|-95|CG1327337|-24|-95|CG1327337|-24|-95|CG1327337|-24|-95|CG1327338|-24|-95|CG1327339|-24|-95|CG1327340|-23|-95|CG1327341|-23|-95|CG1327341|-23|-95|CG1327342|-23|-95|CG1327342|-23|-95|CG1327342|-23|-95|CG1327342|-23|-95|CG1327342|-23|-95|CG1327341|-23|-95|CG1327340|-23|-95
776|2|1|896|6|CG1327343|-22|-95|CG1327344|-27|-90|CG1327345|-23|-94|CG1327346|-22|-97|CG1327347|-23|-92|CG1327348|-23|-94
776|2|2|
776|2|3|497|6|CG1327312|-33|-97|CG1327313|-50|-92|CG1327314|-29|-95|CG1327315|-32|-96|CG1327316|-41|-92|CG1327317|-23|-93
776|2|4|
776|2|5|777|11|CG1327306|-17|-87|CG1327306|-17|-87|CG1327307|-16|-86|CG1327307|-16|-86|CG1327307|-16|-86|CG1327307|-16|-86|CG1327308|-14|-98|CG1327309|-14|-110|CG1327309|-14|-110|CG1327310|-13|-107|CG1327311|-15|-101
776|2|6|2296|22|CG1327329|-21|-91|CG1327330|-20|-92|CG1327331|-27|-97|CG1327332|-28|-98|CG1327333|-28|-101|CG1327334|-27|-97|CG1327335|-29|-98|CG1327336|-25|-93|CG1327329|-21|-91|CG1327330|-20|-92|CG1327331|-27|-97|CG1327332|-28|-98|CG1327333|-28|-101|CG1327334|-27|-97|CG1327335|-29|-98|CG1327336|-25|-93|CG1327306|-17|-87|CG1327307|-16|-86|CG1327308|-14|-98|CG1327309|-14|-110|CG1327310|-13|-107|CG1327311|-15|-101
776|2|7|1000|6|CG1346332|0|0|CG1346333|0|0|CG1346334|0|0|CG1346335|0|0|CG1346336|0|0|CG1346337|0|0
776|2|8|1000|2|CG1327326|-19|-78|CG1327327|-38|-77
776|2|9|1000|1|CG1327328|-23|-60
776|2|10|994|8|CG1327318|-29|-89|CG1327319|-33|-83|CG1327320|-22|-86|CG1327321|-21|-85|CG1327322|-14|-50|CG1327323|-14|-29|CG1327324|-14|-18|CG1327325|-14|-19
776|3|0|3997|50|CG1327382|-26|-95|CG1327381|-26|-95|CG1327380|-26|-95|CG1327380|-26|-95|CG1327380|-26|-95|CG1327380|-26|-95|CG1327380|-26|-95|CG1327381|-26|-95|CG1327382|-26|-95|CG1327383|-26|-95|CG1327384|-26|-95|CG1327385|-26|-95|CG1327385|-26|-95|CG1327385|-26|-95|CG1327385|-26|-95|CG1327385|-26|-95|CG1327384|-26|-95|CG1327383|-26|-95|CG1327382|-26|-95|CG1327381|-26|-95|CG1327380|-26|-95|CG1327380|-26|-95|CG1327380|-26|-95|CG1327381|-26|-95|CG1327382|-26|-95|CG1327383|-26|-95|CG1327384|-26|-95|CG1327385|-26|-95|CG1327384|-26|-95|CG1327383|-26|-95|CG1327382|-26|-95|CG1327381|-26|-95|CG1327381|-26|-95|CG1327380|-26|-95|CG1327380|-26|-95|CG1327380|-26|-95|CG1327380|-26|-95|CG1327380|-26|-95|CG1327381|-26|-95|CG1327382|-26|-95|CG1327383|-26|-95|CG1327384|-26|-95|CG1327384|-26|-95|CG1327385|-26|-95|CG1327385|-26|-95|CG1327385|-26|-95|CG1327385|-26|-95|CG1327385|-26|-95|CG1327384|-26|-95|CG1327383|-26|-95
776|3|1|896|6|CG1327386|-23|-95|CG1327387|-30|-91|CG1327388|-25|-95|CG1327389|-27|-98|CG1327390|-31|-93|CG1327391|-25|-95
776|3|2|
776|3|3|497|6|CG1327355|-38|-95|CG1327356|-54|-86|CG1327357|-30|-87|CG1327358|-44|-92|CG1327359|-59|-85|CG1327360|-30|-86
776|3|4|
776|3|5|777|11|CG1327349|-15|-85|CG1327349|-15|-85|CG1327350|-16|-83|CG1327350|-16|-83|CG1327350|-16|-83|CG1327350|-16|-83|CG1327351|-11|-92|CG1327352|-9|-92|CG1327352|-9|-92|CG1327353|-8|-96|CG1327354|-10|-92
776|3|6|2296|22|CG1327372|-26|-90|CG1327373|-22|-88|CG1327374|-28|-99|CG1327375|-26|-100|CG1327376|-21|-101|CG1327377|-23|-97|CG1327378|-29|-100|CG1327379|-26|-94|CG1327372|-26|-90|CG1327373|-22|-88|CG1327374|-28|-99|CG1327375|-26|-100|CG1327376|-21|-101|CG1327377|-23|-97|CG1327378|-29|-100|CG1327379|-26|-94|CG1327349|-15|-85|CG1327350|-16|-83|CG1327351|-11|-92|CG1327352|-9|-92|CG1327353|-8|-96|CG1327354|-10|-92
776|3|7|1000|6|CG1346392|0|0|CG1346393|0|0|CG1346394|0|0|CG1346395|0|0|CG1346396|0|0|CG1346397|0|0
776|3|8|1000|2|CG1327369|-27|-60|CG1327370|-43|-88
776|3|9|1000|1|CG1327371|-26|-53
776|3|10|994|8|CG1327361|-25|-92|CG1327362|-32|-84|CG1327363|-26|-82|CG1327364|-24|-75|CG1327365|-24|-41|CG1327366|-24|-26|CG1327367|-29|-14|CG1327368|-30|-15
776|4|0|3997|50|CG1327425|-23|-95|CG1327424|-23|-95|CG1327423|-22|-94|CG1327423|-22|-94|CG1327423|-22|-94|CG1327423|-22|-94|CG1327423|-22|-94|CG1327424|-23|-95|CG1327425|-23|-95|CG1327426|-23|-95|CG1327427|-24|-95|CG1327428|-24|-96|CG1327428|-24|-96|CG1327428|-24|-96|CG1327428|-24|-96|CG1327428|-24|-96|CG1327427|-24|-95|CG1327426|-23|-95|CG1327425|-23|-95|CG1327424|-23|-95|CG1327423|-22|-94|CG1327423|-22|-94|CG1327423|-22|-94|CG1327424|-23|-95|CG1327425|-23|-95|CG1327426|-23|-95|CG1327427|-24|-95|CG1327428|-24|-96|CG1327427|-24|-95|CG1327426|-23|-95|CG1327425|-23|-95|CG1327424|-23|-95|CG1327424|-23|-95|CG1327423|-22|-94|CG1327423|-22|-94|CG1327423|-22|-94|CG1327423|-22|-94|CG1327423|-22|-94|CG1327424|-23|-95|CG1327425|-23|-95|CG1327426|-23|-95|CG1327427|-24|-95|CG1327427|-24|-95|CG1327428|-24|-96|CG1327428|-24|-96|CG1327428|-24|-96|CG1327428|-24|-96|CG1327428|-24|-96|CG1327427|-24|-95|CG1327426|-23|-95
776|4|1|896|6|CG1327429|-22|-95|CG1327430|-22|-91|CG1327431|-23|-95|CG1327432|-23|-98|CG1327433|-27|-93|CG1327434|-22|-95
776|4|2|
776|4|3|497|6|CG1327398|-26|-91|CG1327399|-35|-80|CG1327400|-24|-78|CG1327401|-34|-89|CG1327402|-50|-76|CG1327403|-28|-77
776|4|4|
776|4|5|777|11|CG1327392|-18|-88|CG1327392|-18|-88|CG1327393|-20|-88|CG1327393|-20|-88|CG1327393|-20|-88|CG1327393|-20|-88|CG1327394|-13|-86|CG1327395|-5|-73|CG1327395|-5|-73|CG1327396|-6|-84|CG1327397|-12|-85
776|4|6|2296|22|CG1327415|-29|-91|CG1327416|-24|-86|CG1327417|-27|-101|CG1327418|-23|-100|CG1327419|-16|-95|CG1327420|-20|-92|CG1327421|-27|-104|CG1327422|-26|-96|CG1327415|-29|-91|CG1327416|-24|-86|CG1327417|-27|-101|CG1327418|-23|-100|CG1327419|-16|-95|CG1327420|-20|-92|CG1327421|-27|-104|CG1327422|-26|-96|CG1327392|-18|-88|CG1327393|-20|-88|CG1327394|-13|-86|CG1327395|-5|-73|CG1327396|-6|-84|CG1327397|-12|-85
776|4|7|1000|6|CG1346452|0|0|CG1346453|0|0|CG1346454|0|0|CG1346455|0|0|CG1346456|0|0|CG1346457|0|0
776|4|8|1000|2|CG1327412|-24|-55|CG1327413|-32|-95
776|4|9|1000|1|CG1327414|-23|-44
776|4|10|994|8|CG1327404|-22|-92|CG1327405|-21|-89|CG1327406|-26|-80|CG1327407|-22|-69|CG1327408|-33|-45|CG1327409|-36|-30|CG1327410|-46|-18|CG1327411|-46|-19
776|5|0|3997|50|CG1327468|-17|-93|CG1327467|-17|-93|CG1327466|-17|-94|CG1327466|-17|-94|CG1327466|-17|-94|CG1327466|-17|-94|CG1327466|-17|-94|CG1327467|-17|-93|CG1327468|-17|-93|CG1327469|-17|-93|CG1327470|-17|-93|CG1327471|-17|-94|CG1327471|-17|-94|CG1327471|-17|-94|CG1327471|-17|-94|CG1327471|-17|-94|CG1327470|-17|-93|CG1327469|-17|-93|CG1327468|-17|-93|CG1327467|-17|-93|CG1327466|-17|-94|CG1327466|-17|-94|CG1327466|-17|-94|CG1327467|-17|-93|CG1327468|-17|-93|CG1327469|-17|-93|CG1327470|-17|-93|CG1327471|-17|-94|CG1327470|-17|-93|CG1327469|-17|-93|CG1327468|-17|-93|CG1327467|-17|-93|CG1327467|-17|-93|CG1327466|-17|-94|CG1327466|-17|-94|CG1327466|-17|-94|CG1327466|-17|-94|CG1327466|-17|-94|CG1327467|-17|-93|CG1327468|-17|-93|CG1327469|-17|-93|CG1327470|-17|-93|CG1327470|-17|-93|CG1327471|-17|-94|CG1327471|-17|-94|CG1327471|-17|-94|CG1327471|-17|-94|CG1327471|-17|-94|CG1327470|-17|-93|CG1327469|-17|-93
776|5|1|896|6|CG1327472|-16|-93|CG1327473|-17|-89|CG1327474|-18|-93|CG1327475|-18|-97|CG1327476|-15|-92|CG1327477|-15|-95
776|5|2|
776|5|3|497|6|CG1327441|-25|-86|CG1327442|-25|-74|CG1327443|-24|-74|CG1327444|-23|-86|CG1327445|-24|-71|CG1327446|-25|-72
776|5|4|
776|5|5|777|11|CG1327435|-21|-89|CG1327435|-21|-89|CG1327436|-20|-89|CG1327436|-20|-89|CG1327436|-20|-89|CG1327436|-20|-89|CG1327437|-21|-84|CG1327438|-24|-63|CG1327438|-24|-63|CG1327439|-24|-77|CG1327440|-22|-80
776|5|6|2296|22|CG1327458|-29|-93|CG1327459|-24|-85|CG1327460|-23|-101|CG1327461|-18|-96|CG1327462|-17|-88|CG1327463|-18|-87|CG1327464|-23|-104|CG1327465|-23|-96|CG1327458|-29|-93|CG1327459|-24|-85|CG1327460|-23|-101|CG1327461|-18|-96|CG1327462|-17|-88|CG1327463|-18|-87|CG1327464|-23|-104|CG1327465|-23|-96|CG1327435|-21|-89|CG1327436|-20|-89|CG1327437|-21|-84|CG1327438|-24|-63|CG1327439|-24|-77|CG1327440|-22|-80
776|5|7|1000|6|CG1346032|0|0|CG1346033|0|0|CG1346034|0|0|CG1346035|0|0|CG1346036|0|0|CG1346037|0|0
776|5|8|1000|2|CG1327455|-26|-53|CG1327456|-17|-100
776|5|9|1000|1|CG1327457|-17|-41
776|5|10|994|8|CG1327447|-17|-90|CG1327448|-16|-89|CG1327449|-16|-83|CG1327450|-26|-71|CG1327451|-59|-50|CG1327452|-60|-41|CG1327453|-74|-30|CG1327454|-76|-30
776|6|0|3997|50|CG1327511|-30|-95|CG1327510|-30|-95|CG1327509|-30|-95|CG1327509|-30|-95|CG1327509|-30|-95|CG1327509|-30|-95|CG1327509|-30|-95|CG1327510|-30|-95|CG1327511|-30|-95|CG1327512|-30|-95|CG1327513|-30|-95|CG1327514|-30|-94|CG1327514|-30|-94|CG1327514|-30|-94|CG1327514|-30|-94|CG1327514|-30|-94|CG1327513|-30|-95|CG1327512|-30|-95|CG1327511|-30|-95|CG1327510|-30|-95|CG1327509|-30|-95|CG1327509|-30|-95|CG1327509|-30|-95|CG1327510|-30|-95|CG1327511|-30|-95|CG1327512|-30|-95|CG1327513|-30|-95|CG1327514|-30|-94|CG1327513|-30|-95|CG1327512|-30|-95|CG1327511|-30|-95|CG1327510|-30|-95|CG1327510|-30|-95|CG1327509|-30|-95|CG1327509|-30|-95|CG1327509|-30|-95|CG1327509|-30|-95|CG1327509|-30|-95|CG1327510|-30|-95|CG1327511|-30|-95|CG1327512|-30|-95|CG1327513|-30|-95|CG1327513|-30|-95|CG1327514|-30|-94|CG1327514|-30|-94|CG1327514|-30|-94|CG1327514|-30|-94|CG1327514|-30|-94|CG1327513|-30|-95|CG1327512|-30|-95
776|6|1|896|6|CG1327515|-29|-94|CG1327516|-36|-90|CG1327517|-29|-95|CG1327518|-26|-99|CG1327519|-26|-94|CG1327520|-23|-95
776|6|2|
776|6|3|497|6|CG1327484|-35|-89|CG1327485|-44|-78|CG1327486|-39|-79|CG1327487|-31|-91|CG1327488|-40|-77|CG1327489|-38|-77
776|6|4|
776|6|5|777|11|CG1327478|-39|-92|CG1327478|-39|-92|CG1327479|-39|-92|CG1327479|-39|-92|CG1327479|-39|-92|CG1327479|-39|-92|CG1327480|-45|-88|CG1327481|-60|-74|CG1327481|-60|-74|CG1327482|-50|-83|CG1327483|-41|-86
776|6|6|2296|22|CG1327501|-28|-98|CG1327502|-33|-89|CG1327503|-26|-101|CG1327504|-27|-95|CG1327505|-26|-86|CG1327506|-26|-87|CG1327507|-22|-103|CG1327508|-26|-98|CG1327501|-28|-98|CG1327502|-33|-89|CG1327503|-26|-101|CG1327504|-27|-95|CG1327505|-26|-86|CG1327506|-26|-87|CG1327507|-22|-103|CG1327508|-26|-98|CG1327478|-39|-92|CG1327479|-39|-92|CG1327480|-45|-88|CG1327481|-60|-74|CG1327482|-50|-83|CG1327483|-41|-86
776|6|7|1000|6|CG1346092|0|0|CG1346093|0|0|CG1346094|0|0|CG1346095|0|0|CG1346096|0|0|CG1346097|0|0
776|6|8|1000|2|CG1327498|-59|-55|CG1327499|-23|-94
776|6|9|1000|1|CG1327500|-32|-44
776|6|10|994|8|CG1327490|-25|-83|CG1327491|-25|-83|CG1327492|-25|-83|CG1327493|-29|-77|CG1327494|-66|-59|CG1327495|-74|-50|CG1327496|-78|-41|CG1327497|-77|-41
776|7|0|3997|50|CG1327554|-28|-95|CG1327553|-28|-95|CG1327552|-28|-96|CG1327552|-28|-96|CG1327552|-28|-96|CG1327552|-28|-96|CG1327552|-28|-96|CG1327553|-28|-95|CG1327554|-28|-95|CG1327555|-28|-95|CG1327556|-28|-95|CG1327557|-28|-95|CG1327557|-28|-95|CG1327557|-28|-95|CG1327557|-28|-95|CG1327557|-28|-95|CG1327556|-28|-95|CG1327555|-28|-95|CG1327554|-28|-95|CG1327553|-28|-95|CG1327552|-28|-96|CG1327552|-28|-96|CG1327552|-28|-96|CG1327553|-28|-95|CG1327554|-28|-95|CG1327555|-28|-95|CG1327556|-28|-95|CG1327557|-28|-95|CG1327556|-28|-95|CG1327555|-28|-95|CG1327554|-28|-95|CG1327553|-28|-95|CG1327553|-28|-95|CG1327552|-28|-96|CG1327552|-28|-96|CG1327552|-28|-96|CG1327552|-28|-96|CG1327552|-28|-96|CG1327553|-28|-95|CG1327554|-28|-95|CG1327555|-28|-95|CG1327556|-28|-95|CG1327556|-28|-95|CG1327557|-28|-95|CG1327557|-28|-95|CG1327557|-28|-95|CG1327557|-28|-95|CG1327557|-28|-95|CG1327556|-28|-95|CG1327555|-28|-95
776|7|1|896|6|CG1327558|-33|-94|CG1327559|-37|-90|CG1327560|-32|-95|CG1327561|-31|-99|CG1327562|-38|-94|CG1327563|-32|-95
776|7|2|
776|7|3|497|6|CG1327527|-38|-93|CG1327528|-50|-85|CG1327529|-52|-89|CG1327530|-38|-95|CG1327531|-53|-86|CG1327532|-50|-85
776|7|4|
776|7|5|777|11|CG1327521|-39|-92|CG1327521|-39|-92|CG1327522|-40|-92|CG1327522|-40|-92|CG1327522|-40|-92|CG1327522|-40|-92|CG1327523|-52|-94|CG1327524|-79|-93|CG1327524|-79|-93|CG1327525|-63|-96|CG1327526|-57|-93
776|7|6|2296|22|CG1327544|-29|-101|CG1327545|-38|-95|CG1327546|-28|-98|CG1327547|-32|-92|CG1327548|-35|-88|CG1327549|-36|-89|CG1327550|-26|-99|CG1327551|-31|-97|CG1327544|-29|-101|CG1327545|-38|-95|CG1327546|-28|-98|CG1327547|-32|-92|CG1327548|-35|-88|CG1327549|-36|-89|CG1327550|-26|-99|CG1327551|-31|-97|CG1327521|-39|-92|CG1327522|-40|-92|CG1327523|-52|-94|CG1327524|-79|-93|CG1327525|-63|-96|CG1327526|-57|-93
776|7|7|1000|6|CG1346152|0|0|CG1346153|0|0|CG1346154|0|0|CG1346155|0|0|CG1346156|0|0|CG1346157|0|0
776|7|8|1000|2|CG1327541|-58|-69|CG1327542|-35|-82
776|7|9|1000|1|CG1327543|-42|-53
776|7|10|994|8|CG1327533|-24|-79|CG1327534|-23|-78|CG1327535|-23|-84|CG1327536|-29|-86|CG1327537|-44|-78|CG1327538|-52|-50|CG1327539|-53|-50|CG1327540|-52|-52
