798|0|0|70000|8|CG1334369|-33|-65|CG1334365|-33|-65|CG1334369|-33|-65|CG1334366|-33|-65|CG1334369|-33|-65|CG1334367|-33|-65|CG1334369|-33|-65|CG1334368|-33|-65
798|0|1|700|6|CG1334369|-33|-65|CG1334370|-32|-60|CG1334371|-34|-61|CG1334372|-36|-62|CG1334373|-33|-63|CG1334374|-32|-58
798|0|2|
798|0|3|1000|18|CG1334369|-33|-65|CG1334370|-32|-60|CG1334371|-34|-61|CG1334372|-36|-62|CG1334373|-33|-63|CG1334374|-32|-58|CG1334369|-33|-65|CG1334370|-32|-60|CG1334371|-34|-61|CG1334372|-36|-62|CG1334373|-33|-63|CG1334374|-32|-58|CG1334369|-33|-65|CG1334370|-32|-60|CG1334371|-34|-61|CG1334372|-36|-62|CG1334373|-33|-63|CG1334374|-32|-58
798|0|4|
798|0|5|798|14|CG1334332|-39|-74|CG1334333|-48|-93|CG1334334|-69|-129|CG1334335|-90|-151|CG1334335|-90|-151|CG1334336|-102|-106|CG1334336|-102|-106|CG1334336|-102|-106|CG1334336|-102|-106|CG1334336|-102|-106|CG1334337|-74|-101|CG1334337|-74|-101|CG1334338|-65|-97|CG1334339|-44|-73
798|0|6|2000|16|CG1334357|-80|-83|CG1334358|-32|-94|CG1334359|12|-87|CG1334360|31|-60|CG1334361|14|-36|CG1334362|-35|-22|CG1334363|-83|-36|CG1334364|-102|-57|CG1334357|-80|-83|CG1334358|-32|-94|CG1334359|12|-87|CG1334360|31|-60|CG1334361|14|-36|CG1334362|-35|-22|CG1334363|-83|-36|CG1334364|-102|-57
798|0|7|1000|6|CG1346212|0|0|CG1346213|0|0|CG1346214|0|0|CG1346215|0|0|CG1346216|0|0|CG1346217|0|0
798|0|8|1000|2|CG1334354|-26|-57|CG1334355|-20|-51
798|0|9|1000|1|CG1334356|-33|-59
798|0|10|994|8|CG1334346|-31|-62|CG1334347|-22|-52|CG1334348|-40|-58|CG1334349|-82|-100|CG1334350|-119|-107|CG1334351|-141|-111|CG1334352|-160|-112|CG1334353|-46|-28
798|1|0|70000|8|CG1334412|-35|-62|CG1334408|-35|-62|CG1334412|-35|-62|CG1334409|-35|-62|CG1334412|-35|-62|CG1334410|-35|-62|CG1334412|-35|-62|CG1334411|-35|-62
798|1|1|700|6|CG1334412|-35|-62|CG1334413|-35|-61|CG1334414|-35|-62|CG1334415|-35|-62|CG1334416|-35|-60|CG1334417|-35|-57
798|1|2|
798|1|3|1000|18|CG1334412|-35|-62|CG1334413|-35|-61|CG1334414|-35|-62|CG1334415|-35|-62|CG1334416|-35|-60|CG1334417|-35|-57|CG1334412|-35|-62|CG1334413|-35|-61|CG1334414|-35|-62|CG1334415|-35|-62|CG1334416|-35|-60|CG1334417|-35|-57|CG1334412|-35|-62|CG1334413|-35|-61|CG1334414|-35|-62|CG1334415|-35|-62|CG1334416|-35|-60|CG1334417|-35|-57
798|1|4|
798|1|5|798|14|CG1334375|-35|-74|CG1334376|-36|-93|CG1334377|-37|-128|CG1334378|-38|-153|CG1334378|-38|-153|CG1334379|-37|-112|CG1334379|-37|-112|CG1334379|-37|-112|CG1334379|-37|-112|CG1334379|-37|-112|CG1334380|-37|-103|CG1334380|-37|-103|CG1334381|-35|-99|CG1334382|-35|-74
798|1|6|2000|16|CG1334400|-32|-95|CG1334401|13|-84|CG1334402|31|-64|CG1334403|14|-34|CG1334404|-35|-26|CG1334405|-85|-35|CG1334406|-102|-60|CG1334407|-80|-80|CG1334400|-32|-95|CG1334401|13|-84|CG1334402|31|-64|CG1334403|14|-34|CG1334404|-35|-26|CG1334405|-85|-35|CG1334406|-102|-60|CG1334407|-80|-80
798|1|7|1000|6|CG1346272|0|0|CG1346273|0|0|CG1346274|0|0|CG1346275|0|0|CG1346276|0|0|CG1346277|0|0
798|1|8|1000|2|CG1334397|-26|-53|CG1334398|-41|-49
798|1|9|1000|1|CG1334399|-35|-61
798|1|10|994|8|CG1334389|-33|-60|CG1334390|-24|-51|CG1334391|-40|-58|CG1334392|-81|-100|CG1334393|-119|-104|CG1334394|-141|-105|CG1334395|-160|-106|CG1334396|-38|-26
798|2|0|70000|8|CG1334455|-36|-60|CG1334451|-36|-60|CG1334455|-36|-60|CG1334452|-36|-60|CG1334455|-36|-60|CG1334453|-36|-60|CG1334455|-36|-60|CG1334454|-36|-60
798|2|1|700|6|CG1334455|-36|-60|CG1334456|-36|-60|CG1334457|-36|-63|CG1334458|-36|-63|CG1334459|-36|-61|CG1334460|-36|-58
798|2|2|
798|2|3|1000|18|CG1334455|-36|-60|CG1334456|-36|-60|CG1334457|-36|-63|CG1334458|-36|-63|CG1334459|-36|-61|CG1334460|-36|-58|CG1334455|-36|-60|CG1334456|-36|-60|CG1334457|-36|-63|CG1334458|-36|-63|CG1334459|-36|-61|CG1334460|-36|-58|CG1334455|-36|-60|CG1334456|-36|-60|CG1334457|-36|-63|CG1334458|-36|-63|CG1334459|-36|-61|CG1334460|-36|-58
798|2|4|
798|2|5|798|14|CG1334418|-29|-71|CG1334419|-21|-87|CG1334420|-4|-121|CG1334421|13|-141|CG1334421|13|-141|CG1334422|29|-98|CG1334422|29|-98|CG1334422|29|-98|CG1334422|29|-98|CG1334422|29|-98|CG1334423|1|-94|CG1334423|1|-94|CG1334424|-5|-91|CG1334425|-24|-70
798|2|6|2000|16|CG1334443|14|-86|CG1334444|32|-58|CG1334445|11|-37|CG1334446|-35|-23|CG1334447|-87|-36|CG1334448|-103|-60|CG1334449|-81|-84|CG1334450|-32|-91|CG1334443|14|-86|CG1334444|32|-58|CG1334445|11|-37|CG1334446|-35|-23|CG1334447|-87|-36|CG1334448|-103|-60|CG1334449|-81|-84|CG1334450|-32|-91
798|2|7|1000|6|CG1346332|0|0|CG1346333|0|0|CG1346334|0|0|CG1346335|0|0|CG1346336|0|0|CG1346337|0|0
798|2|8|1000|2|CG1334440|-31|-50|CG1334441|-59|-56
798|2|9|1000|1|CG1334442|-35|-59
798|2|10|994|8|CG1334432|-34|-58|CG1334433|-24|-50|CG1334434|-40|-59|CG1334435|-81|-100|CG1334436|-118|-104|CG1334437|-140|-105|CG1334438|-159|-107|CG1334439|-48|-30
798|3|0|70000|8|CG1334498|-34|-60|CG1334494|-34|-60|CG1334498|-34|-60|CG1334495|-34|-60|CG1334498|-34|-60|CG1334496|-34|-60|CG1334498|-34|-60|CG1334497|-34|-60
798|3|1|700|6|CG1334498|-34|-60|CG1334499|-33|-62|CG1334500|-33|-63|CG1334501|-33|-62|CG1334502|-35|-61|CG1334503|-36|-59
798|3|2|
798|3|3|1000|18|CG1334498|-34|-60|CG1334499|-33|-62|CG1334500|-33|-63|CG1334501|-33|-62|CG1334502|-35|-61|CG1334503|-36|-59|CG1334498|-34|-60|CG1334499|-33|-62|CG1334500|-33|-63|CG1334501|-33|-62|CG1334502|-35|-61|CG1334503|-36|-59|CG1334498|-34|-60|CG1334499|-33|-62|CG1334500|-33|-63|CG1334501|-33|-62|CG1334502|-35|-61|CG1334503|-36|-59
798|3|4|
798|3|5|798|14|CG1334461|-24|-66|CG1334462|-12|-79|CG1334463|13|-104|CG1334464|38|-117|CG1334464|38|-117|CG1334465|61|-64|CG1334465|61|-64|CG1334465|61|-64|CG1334465|61|-64|CG1334465|61|-64|CG1334466|19|-74|CG1334466|19|-74|CG1334467|10|-75|CG1334468|-17|-62
798|3|6|2000|16|CG1334486|33|-60|CG1334487|14|-33|CG1334488|-35|-27|CG1334489|-88|-36|CG1334490|-103|-63|CG1334491|-78|-86|CG1334492|-32|-93|CG1334493|11|-83|CG1334486|33|-60|CG1334487|14|-33|CG1334488|-35|-27|CG1334489|-88|-36|CG1334490|-103|-63|CG1334491|-78|-86|CG1334492|-32|-93|CG1334493|11|-83
798|3|7|1000|6|CG1346392|0|0|CG1346393|0|0|CG1346394|0|0|CG1346395|0|0|CG1346396|0|0|CG1346397|0|0
798|3|8|1000|2|CG1334483|-35|-51|CG1334484|-63|-65
798|3|9|1000|1|CG1334485|-32|-58
798|3|10|994|8|CG1334475|-32|-58|CG1334476|-23|-49|CG1334477|-40|-59|CG1334478|-81|-100|CG1334479|-118|-105|CG1334480|-140|-105|CG1334481|-159|-107|CG1334482|-36|-27
798|4|0|70000|8|CG1334541|-36|-61|CG1334537|-36|-61|CG1334541|-36|-61|CG1334538|-36|-61|CG1334541|-36|-61|CG1334539|-36|-61|CG1334541|-36|-61|CG1334540|-36|-61
798|4|1|700|6|CG1334541|-36|-61|CG1334542|-35|-62|CG1334543|-35|-62|CG1334544|-35|-61|CG1334545|-36|-60|CG1334546|-37|-59
798|4|2|
798|4|3|1000|18|CG1334541|-36|-61|CG1334542|-35|-62|CG1334543|-35|-62|CG1334544|-35|-61|CG1334545|-36|-60|CG1334546|-37|-59|CG1334541|-36|-61|CG1334542|-35|-62|CG1334543|-35|-62|CG1334544|-35|-61|CG1334545|-36|-60|CG1334546|-37|-59|CG1334541|-36|-61|CG1334542|-35|-62|CG1334543|-35|-62|CG1334544|-35|-61|CG1334545|-36|-60|CG1334546|-37|-59
798|4|4|
798|4|5|798|14|CG1334504|-31|-65|CG1334505|-23|-73|CG1334506|-4|-87|CG1334507|14|-90|CG1334507|14|-90|CG1334508|32|-29|CG1334508|32|-29|CG1334508|32|-29|CG1334508|32|-29|CG1334508|32|-29|CG1334509|1|-56|CG1334509|1|-56|CG1334510|-5|-59|CG1334511|-26|-58
798|4|6|2000|16|CG1334529|12|-37|CG1334530|-36|-23|CG1334531|-84|-36|CG1334532|-102|-62|CG1334533|-77|-87|CG1334534|-33|-96|CG1334535|13|-83|CG1334536|33|-61|CG1334529|12|-37|CG1334530|-36|-23|CG1334531|-84|-36|CG1334532|-102|-62|CG1334533|-77|-87|CG1334534|-33|-96|CG1334535|13|-83|CG1334536|33|-61
798|4|7|1000|6|CG1346452|0|0|CG1346453|0|0|CG1346454|0|0|CG1346455|0|0|CG1346456|0|0|CG1346457|0|0
798|4|8|1000|2|CG1334526|-41|-53|CG1334527|-50|-76
798|4|9|1000|1|CG1334528|-34|-60
798|4|10|994|8|CG1334518|-34|-59|CG1334519|-24|-50|CG1334520|-40|-59|CG1334521|-82|-100|CG1334522|-119|-104|CG1334523|-141|-105|CG1334524|-160|-107|CG1334525|-39|-32
798|5|0|70000|8|CG1334584|-35|-63|CG1334580|-35|-63|CG1334584|-35|-63|CG1334581|-35|-63|CG1334584|-35|-63|CG1334582|-35|-63|CG1334584|-35|-63|CG1334583|-35|-63
798|5|1|700|6|CG1334584|-35|-63|CG1334585|-35|-59|CG1334586|-35|-61|CG1334587|-35|-60|CG1334588|-35|-59|CG1334589|-35|-61
798|5|2|
798|5|3|1000|18|CG1334584|-35|-63|CG1334585|-35|-59|CG1334586|-35|-61|CG1334587|-35|-60|CG1334588|-35|-59|CG1334589|-35|-61|CG1334584|-35|-63|CG1334585|-35|-59|CG1334586|-35|-61|CG1334587|-35|-60|CG1334588|-35|-59|CG1334589|-35|-61|CG1334584|-35|-63|CG1334585|-35|-59|CG1334586|-35|-61|CG1334587|-35|-60|CG1334588|-35|-59|CG1334589|-35|-61
798|5|4|
798|5|5|798|14|CG1334547|-36|-64|CG1334548|-37|-71|CG1334549|-40|-82|CG1334550|-42|-80|CG1334550|-42|-80|CG1334551|-42|-10|CG1334551|-42|-10|CG1334551|-42|-10|CG1334551|-42|-10|CG1334551|-42|-10|CG1334552|-40|-47|CG1334552|-40|-47|CG1334553|-38|-54|CG1334554|-36|-56
798|5|6|2000|16|CG1334572|-34|-26|CG1334573|-83|-35|CG1334574|-102|-61|CG1334575|-78|-87|CG1334576|-31|-96|CG1334577|11|-84|CG1334578|33|-61|CG1334579|16|-35|CG1334572|-34|-26|CG1334573|-83|-35|CG1334574|-102|-61|CG1334575|-78|-87|CG1334576|-31|-96|CG1334577|11|-84|CG1334578|33|-61|CG1334579|16|-35
798|5|7|1000|6|CG1346032|0|0|CG1346033|0|0|CG1346034|0|0|CG1346035|0|0|CG1346036|0|0|CG1346037|0|0
798|5|8|1000|2|CG1334569|-40|-55|CG1334570|-26|-80
798|5|9|1000|1|CG1334571|-35|-60
798|5|10|994|8|CG1334561|-33|-61|CG1334562|-24|-51|CG1334563|-40|-58|CG1334564|-82|-100|CG1334565|-119|-104|CG1334566|-141|-105|CG1334567|-160|-106|CG1334568|-35|-28
798|6|0|70000|8|CG1334627|-34|-62|CG1334623|-34|-62|CG1334627|-34|-62|CG1334624|-34|-62|CG1334627|-34|-62|CG1334625|-34|-62|CG1334627|-34|-62|CG1334626|-34|-62
798|6|1|700|6|CG1334627|-34|-62|CG1334628|-36|-60|CG1334629|-37|-61|CG1334630|-36|-61|CG1334631|-34|-60|CG1334632|-35|-63
798|6|2|
798|6|3|1000|18|CG1334627|-34|-62|CG1334628|-36|-60|CG1334629|-37|-61|CG1334630|-36|-61|CG1334631|-34|-60|CG1334632|-35|-63|CG1334627|-34|-62|CG1334628|-36|-60|CG1334629|-37|-61|CG1334630|-36|-61|CG1334631|-34|-60|CG1334632|-35|-63|CG1334627|-34|-62|CG1334628|-36|-60|CG1334629|-37|-61|CG1334630|-36|-61|CG1334631|-34|-60|CG1334632|-35|-63
798|6|4|
798|6|5|798|14|CG1334590|-41|-66|CG1334591|-50|-73|CG1334592|-72|-88|CG1334593|-96|-91|CG1334593|-96|-91|CG1334594|-112|-29|CG1334594|-112|-29|CG1334594|-112|-29|CG1334594|-112|-29|CG1334594|-112|-29|CG1334595|-78|-56|CG1334595|-78|-56|CG1334596|-68|-60|CG1334597|-47|-59
798|6|6|2000|16|CG1334615|-84|-36|CG1334616|-102|-59|CG1334617|-79|-87|CG1334618|-30|-95|CG1334619|14|-87|CG1334620|33|-60|CG1334621|15|-37|CG1334622|-33|-24|CG1334615|-84|-36|CG1334616|-102|-59|CG1334617|-79|-87|CG1334618|-30|-95|CG1334619|14|-87|CG1334620|33|-60|CG1334621|15|-37|CG1334622|-33|-24
798|6|7|1000|6|CG1346092|0|0|CG1346093|0|0|CG1346094|0|0|CG1346095|0|0|CG1346096|0|0|CG1346097|0|0
798|6|8|1000|2|CG1334612|-38|-57|CG1334613|-14|-72
798|6|9|1000|1|CG1334614|-34|-60
798|6|10|994|8|CG1334604|-31|-60|CG1334605|-23|-51|CG1334606|-40|-58|CG1334607|-82|-100|CG1334608|-118|-104|CG1334609|-140|-105|CG1334610|-159|-106|CG1334611|-42|-27
798|7|0|70000|8|CG1334670|-31|-62|CG1334666|-31|-62|CG1334670|-31|-62|CG1334667|-31|-62|CG1334670|-31|-62|CG1334668|-31|-62|CG1334670|-31|-62|CG1334669|-31|-62
798|7|1|700|6|CG1334670|-31|-62|CG1334671|-35|-62|CG1334672|-36|-61|CG1334673|-34|-61|CG1334674|-34|-63|CG1334675|-31|-60
798|7|2|
798|7|3|1000|18|CG1334670|-31|-62|CG1334671|-35|-62|CG1334672|-36|-61|CG1334673|-34|-61|CG1334674|-34|-63|CG1334675|-31|-60|CG1334670|-31|-62|CG1334671|-35|-62|CG1334672|-36|-61|CG1334673|-34|-61|CG1334674|-34|-63|CG1334675|-31|-60|CG1334670|-31|-62|CG1334671|-35|-62|CG1334672|-36|-61|CG1334673|-34|-61|CG1334674|-34|-63|CG1334675|-31|-60
798|7|4|
798|7|5|798|14|CG1334633|-40|-72|CG1334634|-59|-90|CG1334635|-85|-109|CG1334636|-111|-116|CG1334636|-111|-116|CG1334637|-133|-67|CG1334637|-133|-67|CG1334637|-133|-67|CG1334637|-133|-67|CG1334637|-133|-67|CG1334638|-90|-76|CG1334638|-90|-76|CG1334639|-77|-76|CG1334640|-48|-68
798|7|6|2000|16|CG1334658|-100|-61|CG1334659|-78|-85|CG1334660|-32|-97|CG1334661|14|-84|CG1334662|33|-62|CG1334663|13|-37|CG1334664|-35|-26|CG1334665|-84|-34|CG1334658|-100|-61|CG1334659|-78|-85|CG1334660|-32|-97|CG1334661|14|-84|CG1334662|33|-62|CG1334663|13|-37|CG1334664|-35|-26|CG1334665|-84|-34
798|7|7|1000|6|CG1346152|0|0|CG1346153|0|0|CG1346154|0|0|CG1346155|0|0|CG1346156|0|0|CG1346157|0|0
798|7|8|1000|2|CG1334655|-31|-57|CG1334656|-11|-62
798|7|9|1000|1|CG1334657|-35|-60
798|7|10|994|8|CG1334647|-29|-59|CG1334648|-21|-50|CG1334649|-40|-58|CG1334650|-81|-100|CG1334651|-118|-104|CG1334652|-140|-105|CG1334653|-159|-106|CG1334654|-37|-27
