821|0|0|1100|6|CG1343145|-106|-189|CG1343146|-34|-209|CG1343147|-91|-203|CG1343148|-95|-166|CG1343149|-66|-172|CG1343150|-91|-173
821|0|1|1000|6|CG1343151|-60|-175|CG1343152|-43|-238|CG1343153|-77|-226|CG1343154|-98|-172|CG1343155|-49|-176|CG1343156|-60|-178
821|0|2|
821|0|3|300|6|CG1343120|-130|-238|CG1343121|-95|-241|CG1343122|-95|-246|CG1343123|-131|-203|CG1343124|-121|-155|CG1343125|-108|-173
821|0|4|
821|0|5|2400|32|CG1343108|-133|-178|CG1343108|-133|-178|CG1343108|-133|-178|CG1343112|-120|-173|CG1343113|-76|-261|CG1343113|-76|-261|CG1343114|-31|-269|CG1343114|-31|-269|CG1343115|-29|-277|CG1343115|-29|-277|CG1343114|-31|-269|CG1343114|-31|-269|CG1343115|-29|-277|CG1343115|-29|-277|CG1343114|-31|-269|CG1343114|-31|-269|CG1343115|-29|-277|CG1343114|-31|-269|CG1343114|-31|-269|CG1343115|-29|-277|CG1343115|-29|-277|CG1343116|-99|-196|CG1343117|-176|-175|CG1343118|-178|-183|CG1343118|-178|-183|CG1343119|-202|-234|CG1343109|-128|-219|CG1343109|-128|-219|CG1343110|-114|-174|CG1343110|-114|-174|CG1343111|-118|-174|CG1343111|-118|-174
821|0|6|2600|27|CG1343137|-65|-228|CG1343137|-65|-228|CG1343138|-114|-190|CG1343138|-114|-190|CG1343139|-63|-174|CG1343139|-63|-174|CG1343140|-46|-197|CG1343141|-26|-182|CG1343142|-25|-181|CG1343141|-26|-182|CG1343142|-25|-181|CG1343141|-26|-182|CG1343142|-25|-181|CG1343141|-26|-182|CG1343142|-25|-181|CG1343141|-26|-182|CG1343142|-25|-181|CG1343141|-26|-182|CG1343142|-25|-181|CG1343141|-26|-182|CG1343142|-25|-181|CG1343141|-26|-182|CG1343142|-25|-181|CG1343141|-26|-182|CG1343142|-25|-181|CG1343143|-105|-178|CG1343144|-78|-170
821|0|7|1000|6|CG1346212|0|0|CG1346213|0|0|CG1346214|0|0|CG1346215|0|0|CG1346216|0|0|CG1346217|0|0
821|0|8|1000|2|CG1343134|-120|-158|CG1343135|-36|-146
821|0|9|1000|1|CG1343136|-124|-183
821|0|10|1000|13|CG1343126|-82|-167|CG1343127|-73|-167|CG1343128|-39|-214|CG1343129|-40|-214|CG1343128|-39|-214|CG1343129|-40|-214|CG1343128|-39|-214|CG1343129|-40|-214|CG1343130|-38|-219|CG1343131|-32|-236|CG1343132|-20|-269|CG1343500|-3|-1|CG1343500|-3|-1
821|1|0|1100|6|CG1343194|-117|-171|CG1343195|-78|-174|CG1343196|-131|-160|CG1343197|-95|-161|CG1343198|-54|-167|CG1343199|-81|-169
821|1|1|1000|6|CG1343200|-115|-174|CG1343201|-65|-212|CG1343202|-116|-188|CG1343203|-100|-172|CG1343204|-53|-176|CG1343205|-71|-177
821|1|2|
821|1|3|300|6|CG1343169|-141|-211|CG1343170|-65|-248|CG1343171|-102|-231|CG1343172|-137|-170|CG1343173|-95|-166|CG1343174|-114|-168
821|1|4|
821|1|5|2400|32|CG1343157|-95|-176|CG1343157|-95|-176|CG1343157|-95|-176|CG1343161|-121|-182|CG1343162|-131|-252|CG1343162|-131|-252|CG1343163|-123|-269|CG1343163|-123|-269|CG1343164|-122|-276|CG1343164|-122|-276|CG1343163|-123|-269|CG1343163|-123|-269|CG1343164|-122|-276|CG1343164|-122|-276|CG1343163|-123|-269|CG1343163|-123|-269|CG1343164|-122|-276|CG1343163|-123|-269|CG1343163|-123|-269|CG1343164|-122|-276|CG1343164|-122|-276|CG1343165|-133|-222|CG1343166|-107|-183|CG1343167|-116|-183|CG1343167|-116|-183|CG1343168|-138|-213|CG1343158|-124|-179|CG1343158|-124|-179|CG1343159|-67|-183|CG1343159|-67|-183|CG1343160|-51|-198|CG1343160|-51|-198
821|1|6|2600|27|CG1343186|-96|-194|CG1343186|-96|-194|CG1343187|-139|-170|CG1343187|-139|-170|CG1343188|-53|-173|CG1343188|-53|-173|CG1343189|-94|-195|CG1343190|-95|-179|CG1343191|-96|-178|CG1343190|-95|-179|CG1343191|-96|-178|CG1343190|-95|-179|CG1343191|-96|-178|CG1343190|-95|-179|CG1343191|-96|-178|CG1343190|-95|-179|CG1343191|-96|-178|CG1343190|-95|-179|CG1343191|-96|-178|CG1343190|-95|-179|CG1343191|-96|-178|CG1343190|-95|-179|CG1343191|-96|-178|CG1343190|-95|-179|CG1343191|-96|-178|CG1343192|-96|-175|CG1343193|-73|-164
821|1|7|1000|6|CG1346272|0|0|CG1346273|0|0|CG1346274|0|0|CG1346275|0|0|CG1346276|0|0|CG1346277|0|0
821|1|8|1000|2|CG1343183|-115|-141|CG1343184|-93|-116
821|1|9|1000|1|CG1343185|-75|-197
821|1|10|1000|13|CG1343175|-74|-163|CG1343176|-117|-165|CG1343177|-93|-222|CG1343178|-91|-223|CG1343177|-93|-222|CG1343178|-91|-223|CG1343177|-93|-222|CG1343178|-91|-223|CG1343179|-89|-228|CG1343180|-70|-244|CG1343181|-47|-273|CG1343501|-5|-1|CG1343501|-5|-1
821|2|0|1100|6|CG1343243|-70|-189|CG1343244|-116|-209|CG1343245|-112|-203|CG1343246|-78|-166|CG1343247|-59|-172|CG1343248|-67|-173
821|2|1|1000|6|CG1343249|-107|-175|CG1343250|-89|-237|CG1343251|-105|-227|CG1343252|-78|-172|CG1343253|-59|-176|CG1343254|-86|-178
821|2|2|
821|2|3|300|6|CG1343218|-92|-184|CG1343219|-95|-255|CG1343220|-97|-245|CG1343221|-98|-208|CG1343222|-99|-154|CG1343223|-98|-156
821|2|4|
821|2|5|2400|32|CG1343206|-61|-192|CG1343206|-61|-192|CG1343206|-61|-192|CG1343210|-74|-196|CG1343211|-113|-240|CG1343211|-113|-240|CG1343212|-144|-276|CG1343212|-144|-276|CG1343213|-144|-277|CG1343213|-144|-277|CG1343212|-144|-276|CG1343212|-144|-276|CG1343213|-144|-277|CG1343213|-144|-277|CG1343212|-144|-276|CG1343212|-144|-276|CG1343213|-144|-277|CG1343212|-144|-276|CG1343212|-144|-276|CG1343213|-144|-277|CG1343213|-144|-277|CG1343214|-152|-225|CG1343215|-182|-195|CG1343216|-181|-195|CG1343216|-181|-195|CG1343217|-128|-224|CG1343207|-116|-199|CG1343207|-116|-199|CG1343208|-86|-173|CG1343208|-86|-173|CG1343209|-33|-189|CG1343209|-33|-189
821|2|6|2600|27|CG1343235|-119|-226|CG1343235|-119|-226|CG1343236|-106|-186|CG1343236|-106|-186|CG1343237|-54|-174|CG1343237|-54|-174|CG1343238|-88|-197|CG1343239|-168|-178|CG1343240|-168|-180|CG1343239|-168|-178|CG1343240|-168|-180|CG1343239|-168|-178|CG1343240|-168|-180|CG1343239|-168|-178|CG1343240|-168|-180|CG1343239|-168|-178|CG1343240|-168|-180|CG1343239|-168|-178|CG1343240|-168|-180|CG1343239|-168|-178|CG1343240|-168|-180|CG1343239|-168|-178|CG1343240|-168|-180|CG1343239|-168|-178|CG1343240|-168|-180|CG1343241|-97|-178|CG1343242|-55|-170
821|2|7|1000|6|CG1346332|0|0|CG1346333|0|0|CG1346334|0|0|CG1346335|0|0|CG1346336|0|0|CG1346337|0|0
821|2|8|1000|2|CG1343232|-72|-157|CG1343233|-193|-150
821|2|9|1000|1|CG1343234|-70|-198
821|2|10|1000|13|CG1343224|-54|-168|CG1343225|-94|-167|CG1343226|-122|-225|CG1343227|-121|-226|CG1343226|-122|-225|CG1343227|-121|-226|CG1343226|-122|-225|CG1343227|-121|-226|CG1343228|-117|-230|CG1343229|-95|-245|CG1343230|-62|-275|CG1343502|-7|-1|CG1343502|-7|-1
821|3|0|1100|6|CG1343292|-69|-195|CG1343293|-95|-243|CG1343294|-68|-222|CG1343295|-74|-170|CG1343296|-76|-174|CG1343297|-75|-177
821|3|1|1000|6|CG1343298|-89|-182|CG1343299|-93|-259|CG1343300|-96|-245|CG1343301|-78|-166|CG1343302|-81|-169|CG1343303|-86|-172
821|3|2|
821|3|3|300|6|CG1343267|-111|-191|CG1343268|-108|-260|CG1343269|-106|-249|CG1343270|-105|-214|CG1343271|-107|-142|CG1343272|-110|-157
821|3|4|
821|3|5|2400|32|CG1343255|-71|-183|CG1343255|-71|-183|CG1343255|-71|-183|CG1343259|-96|-198|CG1343260|-112|-241|CG1343260|-112|-241|CG1343261|-115|-289|CG1343261|-115|-289|CG1343262|-114|-280|CG1343262|-114|-280|CG1343261|-115|-289|CG1343261|-115|-289|CG1343262|-114|-280|CG1343262|-114|-280|CG1343261|-115|-289|CG1343261|-115|-289|CG1343262|-114|-280|CG1343261|-115|-289|CG1343261|-115|-289|CG1343262|-114|-280|CG1343262|-114|-280|CG1343263|-190|-245|CG1343264|-231|-220|CG1343265|-231|-220|CG1343265|-231|-220|CG1343266|-154|-248|CG1343256|-126|-197|CG1343256|-126|-197|CG1343257|-89|-169|CG1343257|-89|-169|CG1343258|-39|-169|CG1343258|-39|-169
821|3|6|2600|27|CG1343284|-86|-254|CG1343284|-86|-254|CG1343285|-74|-199|CG1343285|-74|-199|CG1343286|-77|-173|CG1343286|-77|-173|CG1343287|-70|-195|CG1343288|-153|-199|CG1343289|-152|-199|CG1343288|-153|-199|CG1343289|-152|-199|CG1343288|-153|-199|CG1343289|-152|-199|CG1343288|-153|-199|CG1343289|-152|-199|CG1343288|-153|-199|CG1343289|-152|-199|CG1343288|-153|-199|CG1343289|-152|-199|CG1343288|-153|-199|CG1343289|-152|-199|CG1343288|-153|-199|CG1343289|-152|-199|CG1343288|-153|-199|CG1343289|-152|-199|CG1343290|-91|-203|CG1343291|-75|-178
821|3|7|1000|6|CG1346392|0|0|CG1346393|0|0|CG1346394|0|0|CG1346395|0|0|CG1346396|0|0|CG1346397|0|0
821|3|8|1000|2|CG1343281|-104|-159|CG1343282|-213|-175
821|3|9|1000|1|CG1343283|-63|-172
821|3|10|1000|13|CG1343273|-88|-164|CG1343274|-96|-177|CG1343275|-126|-243|CG1343276|-124|-242|CG1343275|-126|-243|CG1343276|-124|-242|CG1343275|-126|-243|CG1343276|-124|-242|CG1343277|-116|-247|CG1343278|-100|-255|CG1343279|-64|-281|CG1343503|-7|-2|CG1343503|-7|-2
821|4|0|1100|6|CG1343341|-76|-185|CG1343342|-114|-259|CG1343343|-117|-208|CG1343344|-81|-171|CG1343345|-63|-176|CG1343346|-63|-178
821|4|1|1000|6|CG1343347|-112|-177|CG1343348|-88|-265|CG1343349|-109|-235|CG1343350|-82|-163|CG1343351|-65|-163|CG1343352|-68|-166
821|4|2|
821|4|3|300|6|CG1343316|-80|-187|CG1343317|-82|-251|CG1343318|-80|-229|CG1343319|-103|-190|CG1343320|-89|-158|CG1343321|-103|-157
821|4|4|
821|4|5|2400|32|CG1343304|-114|-169|CG1343304|-114|-169|CG1343304|-114|-169|CG1343308|-122|-172|CG1343309|-147|-238|CG1343309|-147|-238|CG1343310|-150|-293|CG1343310|-150|-293|CG1343311|-151|-284|CG1343311|-151|-284|CG1343310|-150|-293|CG1343310|-150|-293|CG1343311|-151|-284|CG1343311|-151|-284|CG1343310|-150|-293|CG1343310|-150|-293|CG1343311|-151|-284|CG1343310|-150|-293|CG1343310|-150|-293|CG1343311|-151|-284|CG1343311|-151|-284|CG1343312|-120|-280|CG1343313|-177|-267|CG1343314|-177|-267|CG1343314|-177|-267|CG1343315|-103|-281|CG1343305|-115|-199|CG1343305|-115|-199|CG1343306|-122|-164|CG1343306|-122|-164|CG1343307|-64|-162|CG1343307|-64|-162
821|4|6|2600|27|CG1343333|-118|-260|CG1343333|-118|-260|CG1343334|-111|-184|CG1343334|-111|-184|CG1343335|-72|-168|CG1343335|-72|-168|CG1343336|-91|-194|CG1343337|-161|-227|CG1343338|-161|-229|CG1343337|-161|-227|CG1343338|-161|-229|CG1343337|-161|-227|CG1343338|-161|-229|CG1343337|-161|-227|CG1343338|-161|-229|CG1343337|-161|-227|CG1343338|-161|-229|CG1343337|-161|-227|CG1343338|-161|-229|CG1343337|-161|-227|CG1343338|-161|-229|CG1343337|-161|-227|CG1343338|-161|-229|CG1343337|-161|-227|CG1343338|-161|-229|CG1343339|-105|-206|CG1343340|-60|-182
821|4|7|1000|6|CG1346452|0|0|CG1346453|0|0|CG1346454|0|0|CG1346455|0|0|CG1346456|0|0|CG1346457|0|0
821|4|8|1000|2|CG1343330|-89|-146|CG1343331|-162|-204
821|4|9|1000|1|CG1343332|-96|-164
821|4|10|1000|13|CG1343322|-92|-154|CG1343323|-127|-170|CG1343324|-99|-261|CG1343325|-105|-259|CG1343324|-99|-261|CG1343325|-105|-259|CG1343324|-99|-261|CG1343325|-105|-259|CG1343326|-98|-264|CG1343327|-78|-270|CG1343328|-51|-289|CG1343504|-7|-4|CG1343504|-7|-4
821|5|0|1100|6|CG1343390|-120|-168|CG1343391|-72|-247|CG1343392|-130|-170|CG1343393|-96|-168|CG1343394|-54|-172|CG1343395|-84|-174
821|5|1|1000|6|CG1343396|-112|-159|CG1343397|-61|-252|CG1343398|-115|-203|CG1343399|-103|-170|CG1343400|-52|-159|CG1343401|-69|-158
821|5|2|
821|5|3|300|6|CG1343365|-88|-217|CG1343366|-53|-240|CG1343367|-53|-233|CG1343368|-125|-178|CG1343369|-128|-163|CG1343370|-124|-164
821|5|4|
821|5|5|2400|32|CG1343353|-103|-185|CG1343353|-103|-185|CG1343353|-103|-185|CG1343357|-114|-172|CG1343358|-106|-238|CG1343358|-106|-238|CG1343359|-113|-291|CG1343359|-113|-291|CG1343360|-113|-283|CG1343360|-113|-283|CG1343359|-113|-291|CG1343359|-113|-291|CG1343360|-113|-283|CG1343360|-113|-283|CG1343359|-113|-291|CG1343359|-113|-291|CG1343360|-113|-283|CG1343359|-113|-291|CG1343359|-113|-291|CG1343360|-113|-283|CG1343360|-113|-283|CG1343361|-32|-300|CG1343362|-101|-305|CG1343363|-119|-304|CG1343363|-119|-304|CG1343364|-146|-300|CG1343354|-101|-226|CG1343354|-101|-226|CG1343355|-108|-172|CG1343355|-108|-172|CG1343356|-107|-161|CG1343356|-107|-161
821|5|6|2600|27|CG1343382|-85|-244|CG1343382|-85|-244|CG1343383|-141|-162|CG1343383|-141|-162|CG1343384|-52|-161|CG1343384|-52|-161|CG1343385|-91|-189|CG1343386|-82|-219|CG1343387|-83|-221|CG1343386|-82|-219|CG1343387|-83|-221|CG1343386|-82|-219|CG1343387|-83|-221|CG1343386|-82|-219|CG1343387|-83|-221|CG1343386|-82|-219|CG1343387|-83|-221|CG1343386|-82|-219|CG1343387|-83|-221|CG1343386|-82|-219|CG1343387|-83|-221|CG1343386|-82|-219|CG1343387|-83|-221|CG1343386|-82|-219|CG1343387|-83|-221|CG1343388|-96|-195|CG1343389|-75|-180
821|5|7|1000|6|CG1346032|0|0|CG1346033|0|0|CG1346034|0|0|CG1346035|0|0|CG1346036|0|0|CG1346037|0|0
821|5|8|1000|2|CG1343379|-110|-133|CG1343380|-92|-217
821|5|9|1000|1|CG1343381|-118|-181
821|5|10|1000|13|CG1343371|-74|-145|CG1343372|-87|-179|CG1343373|-36|-249|CG1343374|-37|-246|CG1343373|-36|-249|CG1343374|-37|-246|CG1343373|-36|-249|CG1343374|-37|-246|CG1343375|-35|-254|CG1343376|-29|-260|CG1343377|-19|-283|CG1343505|-5|-4|CG1343505|-5|-4
821|6|0|1100|6|CG1343439|-100|-185|CG1343440|-56|-258|CG1343441|-82|-209|CG1343442|-92|-172|CG1343443|-66|-176|CG1343444|-89|-178
821|6|1|1000|6|CG1343445|-58|-178|CG1343446|-57|-265|CG1343447|-70|-236|CG1343448|-94|-164|CG1343449|-56|-163|CG1343450|-54|-166
821|6|2|
821|6|3|300|6|CG1343414|-90|-242|CG1343415|-90|-236|CG1343416|-90|-247|CG1343417|-89|-210|CG1343418|-97|-151|CG1343419|-90|-175
821|6|4|
821|6|5|2400|32|CG1343402|-51|-211|CG1343402|-51|-211|CG1343402|-51|-211|CG1343406|-52|-203|CG1343407|-44|-249|CG1343407|-44|-249|CG1343408|-21|-285|CG1343408|-21|-285|CG1343409|-20|-282|CG1343409|-20|-282|CG1343408|-21|-285|CG1343408|-21|-285|CG1343409|-20|-282|CG1343409|-20|-282|CG1343408|-21|-285|CG1343408|-21|-285|CG1343409|-20|-282|CG1343408|-21|-285|CG1343408|-21|-285|CG1343409|-20|-282|CG1343409|-20|-282|CG1343410|-45|-275|CG1343411|-203|-289|CG1343412|-192|-288|CG1343412|-192|-288|CG1343413|-213|-294|CG1343403|-45|-249|CG1343403|-45|-249|CG1343404|-71|-192|CG1343404|-71|-192|CG1343405|-86|-165|CG1343405|-86|-165
821|6|6|2600|27|CG1343431|-64|-263|CG1343431|-64|-263|CG1343432|-106|-187|CG1343432|-106|-187|CG1343433|-69|-168|CG1343433|-69|-168|CG1343434|-43|-194|CG1343435|-30|-227|CG1343436|-30|-229|CG1343435|-30|-227|CG1343436|-30|-229|CG1343435|-30|-227|CG1343436|-30|-229|CG1343435|-30|-227|CG1343436|-30|-229|CG1343435|-30|-227|CG1343436|-30|-229|CG1343435|-30|-227|CG1343436|-30|-229|CG1343435|-30|-227|CG1343436|-30|-229|CG1343435|-30|-227|CG1343436|-30|-229|CG1343435|-30|-227|CG1343436|-30|-229|CG1343437|-96|-206|CG1343438|-80|-182
821|6|7|1000|6|CG1346092|0|0|CG1346093|0|0|CG1346094|0|0|CG1346095|0|0|CG1346096|0|0|CG1346097|0|0
821|6|8|1000|2|CG1343428|-110|-145|CG1343429|-28|-203
821|6|9|1000|1|CG1343430|-118|-194
821|6|10|1000|13|CG1343420|-82|-154|CG1343421|-48|-187|CG1343422|-48|-240|CG1343423|-47|-241|CG1343422|-48|-240|CG1343423|-47|-241|CG1343422|-48|-240|CG1343423|-47|-241|CG1343424|-46|-249|CG1343425|-37|-251|CG1343426|-24|-269|CG1343506|-3|-4|CG1343506|-3|-4
821|7|0|1100|6|CG1343488|-55|-195|CG1343489|-53|-243|CG1343490|-53|-222|CG1343491|-50|-170|CG1343492|-53|-174|CG1343493|-52|-177
821|7|1|1000|6|CG1343494|-48|-184|CG1343495|-50|-259|CG1343496|-52|-245|CG1343497|-51|-166|CG1343498|-51|-169|CG1343499|-49|-172
821|7|2|
821|7|3|300|6|CG1343463|-125|-251|CG1343464|-125|-236|CG1343465|-126|-253|CG1343466|-126|-221|CG1343467|-126|-160|CG1343468|-125|-184
821|7|4|
821|7|5|2400|32|CG1343451|-94|-209|CG1343451|-94|-209|CG1343451|-94|-209|CG1343455|-49|-202|CG1343456|-21|-260|CG1343456|-21|-260|CG1343457|-5|-275|CG1343457|-5|-275|CG1343458|5|-279|CG1343458|5|-279|CG1343457|-5|-275|CG1343457|-5|-275|CG1343458|5|-279|CG1343458|5|-279|CG1343457|-5|-275|CG1343457|-5|-275|CG1343458|5|-279|CG1343457|-5|-275|CG1343457|-5|-275|CG1343458|5|-279|CG1343458|5|-279|CG1343459|-93|-217|CG1343460|-220|-226|CG1343461|-205|-224|CG1343461|-205|-224|CG1343462|-200|-268|CG1343452|-62|-247|CG1343452|-62|-247|CG1343453|-119|-189|CG1343453|-119|-189|CG1343454|-142|-169|CG1343454|-142|-169
821|7|6|2600|27|CG1343480|-42|-256|CG1343480|-42|-256|CG1343481|-48|-203|CG1343481|-48|-203|CG1343482|-55|-173|CG1343482|-55|-173|CG1343483|-33|-194|CG1343484|-16|-198|CG1343485|-15|-198|CG1343484|-16|-198|CG1343485|-15|-198|CG1343484|-16|-198|CG1343485|-15|-198|CG1343484|-16|-198|CG1343485|-15|-198|CG1343484|-16|-198|CG1343485|-15|-198|CG1343484|-16|-198|CG1343485|-15|-198|CG1343484|-16|-198|CG1343485|-15|-198|CG1343484|-16|-198|CG1343485|-15|-198|CG1343484|-16|-198|CG1343485|-15|-198|CG1343486|-60|-202|CG1343487|-84|-178
821|7|7|1000|6|CG1346152|0|0|CG1346153|0|0|CG1346154|0|0|CG1346155|0|0|CG1346156|0|0|CG1346157|0|0
821|7|8|1000|2|CG1343477|-51|-159|CG1343478|21|-174
821|7|9|1000|1|CG1343479|-128|-201
821|7|10|1000|13|CG1343469|-45|-164|CG1343470|-77|-177|CG1343471|-40|-204|CG1343472|-40|-207|CG1343471|-40|-204|CG1343472|-40|-207|CG1343471|-40|-204|CG1343472|-40|-207|CG1343473|-39|-217|CG1343474|-32|-229|CG1343475|-21|-265|CG1343507|-2|-3|CG1343507|-2|-3
