866|0|0|10000|65|CG1358508|-41|-125|CG1358509|-41|-124|CG1358510|-41|-123|CG1358511|-41|-124|CG1358512|-41|-125|CG1358513|-40|-125|CG1358508|-41|-125|CG1358509|-41|-124|CG1358510|-41|-123|CG1358511|-41|-124|CG1358512|-41|-125|CG1358513|-40|-125|CG1358508|-41|-125|CG1358509|-41|-124|CG1358510|-41|-123|CG1358511|-41|-124|CG1358512|-41|-125|CG1358513|-40|-125|CG1358508|-41|-125|CG1358509|-41|-124|CG1358510|-41|-123|CG1358511|-41|-124|CG1358512|-41|-125|CG1358513|-40|-125|CG1358508|-41|-125|CG1358509|-41|-124|CG1358510|-41|-123|CG1358511|-41|-124|CG1358512|-41|-125|CG1358513|-40|-125|CG1358508|-41|-125|CG1358508|-41|-125|CG1358508|-41|-125|CG1358508|-41|-125|CG1358508|-41|-125|CG1358514|-44|-119|CG1358514|-44|-119|CG1358514|-44|-119|CG1358514|-44|-119|CG1358514|-44|-119|CG1358514|-44|-119|CG1358514|-44|-119|CG1358514|-44|-119|CG1358514|-44|-119|CG1358514|-44|-119|CG1358515|-36|-108|CG1358515|-36|-108|CG1358515|-36|-108|CG1358515|-36|-108|CG1358515|-36|-108|CG1358515|-36|-108|CG1358515|-36|-108|CG1358515|-36|-108|CG1358515|-36|-108|CG1358515|-36|-108|CG1358516|-36|-108|CG1358517|-36|-108|CG1358516|-36|-108|CG1358517|-36|-108|CG1358517|-36|-108|CG1358517|-36|-108|CG1358517|-36|-108|CG1358517|-36|-108|CG1358517|-36|-108|CG1358517|-36|-108
866|0|1|600|6|CG1358518|-42|-132|CG1358519|-44|-129|CG1358520|-48|-127|CG1358521|-50|-124|CG1358522|-44|-124|CG1358523|-43|-129
866|0|2|
866|0|3|400|6|CG1358518|-42|-132|CG1358519|-44|-129|CG1358520|-48|-127|CG1358521|-50|-124|CG1358522|-44|-124|CG1358523|-43|-129
866|0|4|
866|0|5|600|8|CG1358489|-42|-121|CG1358490|-40|-122|CG1358491|-55|-124|CG1358492|-50|-125|CG1358493|-29|-123|CG1358494|-45|-116|CG1358495|-76|-116|CG1358496|-50|-106
866|0|6|600|8|CG1358489|-42|-121|CG1358490|-40|-122|CG1358491|-55|-124|CG1358492|-50|-125|CG1358493|-29|-123|CG1358494|-45|-116|CG1358495|-76|-116|CG1358496|-50|-106
866|0|7|1000|6|CG1406333|-37|-61|CG1406334|-45|-75|CG1406335|-50|-105|CG1406336|-47|-109|CG1406337|-32|-98|CG1406338|-25|-90
866|0|8|500|2|CG1358505|-41|-125|CG1358506|-31|-99
866|0|9|1000|1|CG1358507|-72|-117
866|0|10|600|8|CG1358497|-41|-124|CG1358498|-48|-126|CG1358499|-52|-126|CG1358500|-64|-129|CG1358501|-104|-132|CG1358502|-109|-133|CG1358503|-112|-133|CG1358504|-113|-133
866|1|0|10000|65|CG1358543|-36|-109|CG1358544|-34|-110|CG1358545|-34|-110|CG1358546|-34|-110|CG1358547|-36|-109|CG1358548|-39|-108|CG1358543|-36|-109|CG1358544|-34|-110|CG1358545|-34|-110|CG1358546|-34|-110|CG1358547|-36|-109|CG1358548|-39|-108|CG1358543|-36|-109|CG1358544|-34|-110|CG1358545|-34|-110|CG1358546|-34|-110|CG1358547|-36|-109|CG1358548|-39|-108|CG1358543|-36|-109|CG1358544|-34|-110|CG1358545|-34|-110|CG1358546|-34|-110|CG1358547|-36|-109|CG1358548|-39|-108|CG1358543|-36|-109|CG1358544|-34|-110|CG1358545|-34|-110|CG1358546|-34|-110|CG1358547|-36|-109|CG1358548|-39|-108|CG1358543|-36|-109|CG1358543|-36|-109|CG1358543|-36|-109|CG1358543|-36|-109|CG1358543|-36|-109|CG1358549|-37|-100|CG1358549|-37|-100|CG1358549|-37|-100|CG1358549|-37|-100|CG1358549|-37|-100|CG1358549|-37|-100|CG1358549|-37|-100|CG1358549|-37|-100|CG1358549|-37|-100|CG1358549|-37|-100|CG1358550|-64|-100|CG1358550|-64|-100|CG1358550|-64|-100|CG1358550|-64|-100|CG1358550|-64|-100|CG1358550|-64|-100|CG1358550|-64|-100|CG1358550|-64|-100|CG1358550|-64|-100|CG1358550|-64|-100|CG1358551|-64|-100|CG1358552|-64|-100|CG1358551|-64|-100|CG1358552|-64|-100|CG1358552|-64|-100|CG1358552|-64|-100|CG1358552|-64|-100|CG1358552|-64|-100|CG1358552|-64|-100|CG1358552|-64|-100
866|1|1|600|6|CG1358553|-50|-115|CG1358554|-56|-108|CG1358555|-62|-105|CG1358556|-66|-103|CG1358557|-40|-111|CG1358558|-43|-114
866|1|2|
866|1|3|400|6|CG1358553|-50|-115|CG1358554|-56|-108|CG1358555|-62|-105|CG1358556|-66|-103|CG1358557|-40|-111|CG1358558|-43|-114
866|1|4|
866|1|5|600|8|CG1358524|-36|-104|CG1358525|-46|-103|CG1358526|-56|-103|CG1358527|-61|-103|CG1358528|-65|-98|CG1358529|-66|-94|CG1358530|-62|-103|CG1358531|-36|-93
866|1|6|600|8|CG1358524|-36|-104|CG1358525|-46|-103|CG1358526|-56|-103|CG1358527|-61|-103|CG1358528|-65|-98|CG1358529|-66|-94|CG1358530|-62|-103|CG1358531|-36|-93
866|1|7|1000|6|CG1406399|-53|-65|CG1406400|-52|-71|CG1406401|-30|-90|CG1406402|-30|-95|CG1406403|-35|-82|CG1406404|-37|-74
866|1|8|500|2|CG1358540|-36|-109|CG1358541|-53|-91
866|1|9|1000|1|CG1358542|-51|-98
866|1|10|600|8|CG1358532|-43|-106|CG1358533|-50|-106|CG1358534|-57|-105|CG1358535|-62|-108|CG1358536|-40|-131|CG1358537|-38|-128|CG1358538|-38|-128|CG1358539|-38|-128
866|2|0|10000|65|CG1358578|-54|-126|CG1358579|-54|-125|CG1358580|-54|-125|CG1358581|-54|-125|CG1358582|-54|-126|CG1358583|-54|-126|CG1358578|-54|-126|CG1358579|-54|-125|CG1358580|-54|-125|CG1358581|-54|-125|CG1358582|-54|-126|CG1358583|-54|-126|CG1358578|-54|-126|CG1358579|-54|-125|CG1358580|-54|-125|CG1358581|-54|-125|CG1358582|-54|-126|CG1358583|-54|-126|CG1358578|-54|-126|CG1358579|-54|-125|CG1358580|-54|-125|CG1358581|-54|-125|CG1358582|-54|-126|CG1358583|-54|-126|CG1358578|-54|-126|CG1358579|-54|-125|CG1358580|-54|-125|CG1358581|-54|-125|CG1358582|-54|-126|CG1358583|-54|-126|CG1358578|-54|-126|CG1358578|-54|-126|CG1358578|-54|-126|CG1358578|-54|-126|CG1358578|-54|-126|CG1358584|-54|-109|CG1358584|-54|-109|CG1358584|-54|-109|CG1358584|-54|-109|CG1358584|-54|-109|CG1358584|-54|-109|CG1358584|-54|-109|CG1358584|-54|-109|CG1358584|-54|-109|CG1358584|-54|-109|CG1358585|-62|-120|CG1358585|-62|-120|CG1358585|-62|-120|CG1358585|-62|-120|CG1358585|-62|-120|CG1358585|-62|-120|CG1358585|-62|-120|CG1358585|-62|-120|CG1358585|-62|-120|CG1358585|-62|-120|CG1358586|-62|-120|CG1358587|-62|-120|CG1358586|-62|-120|CG1358587|-62|-120|CG1358587|-62|-120|CG1358587|-62|-120|CG1358587|-62|-120|CG1358587|-62|-120|CG1358587|-62|-120|CG1358587|-62|-120
866|2|1|600|6|CG1358588|-56|-133|CG1358589|-56|-130|CG1358590|-62|-128|CG1358591|-68|-126|CG1358592|-52|-126|CG1358593|-54|-130
866|2|2|
866|2|3|400|6|CG1358588|-56|-133|CG1358589|-56|-130|CG1358590|-62|-128|CG1358591|-68|-126|CG1358592|-52|-126|CG1358593|-54|-130
866|2|4|
866|2|5|600|8|CG1358559|-54|-122|CG1358560|-56|-124|CG1358561|-58|-126|CG1358562|-60|-127|CG1358563|-77|-124|CG1358564|-71|-118|CG1358565|-50|-117|CG1358566|-51|-108
866|2|6|600|8|CG1358559|-54|-122|CG1358560|-56|-124|CG1358561|-58|-126|CG1358562|-60|-127|CG1358563|-77|-124|CG1358564|-71|-118|CG1358565|-50|-117|CG1358566|-51|-108
866|2|7|1000|6|CG1406465|-56|-87|CG1406466|-57|-80|CG1406467|-31|-101|CG1406468|-33|-104|CG1406469|-45|-94|CG1406470|-47|-90
866|2|8|500|2|CG1358575|-54|-126|CG1358576|-87|-93
866|2|9|1000|1|CG1358577|-55|-107
866|2|10|600|8|CG1358567|-54|-126|CG1358568|-54|-127|CG1358569|-53|-127|CG1358570|-51|-130|CG1358571|-62|-133|CG1358572|-60|-134|CG1358573|-60|-134|CG1358574|-60|-134
866|3|0|10000|65|CG1358613|-71|-140|CG1358614|-71|-140|CG1358615|-71|-139|CG1358616|-71|-140|CG1358617|-71|-140|CG1358618|-71|-140|CG1358613|-71|-140|CG1358614|-71|-140|CG1358615|-71|-139|CG1358616|-71|-140|CG1358617|-71|-140|CG1358618|-71|-140|CG1358613|-71|-140|CG1358614|-71|-140|CG1358615|-71|-139|CG1358616|-71|-140|CG1358617|-71|-140|CG1358618|-71|-140|CG1358613|-71|-140|CG1358614|-71|-140|CG1358615|-71|-139|CG1358616|-71|-140|CG1358617|-71|-140|CG1358618|-71|-140|CG1358613|-71|-140|CG1358614|-71|-140|CG1358615|-71|-139|CG1358616|-71|-140|CG1358617|-71|-140|CG1358618|-71|-140|CG1358613|-71|-140|CG1358613|-71|-140|CG1358613|-71|-140|CG1358613|-71|-140|CG1358613|-71|-140|CG1358619|-71|-127|CG1358619|-71|-127|CG1358619|-71|-127|CG1358619|-71|-127|CG1358619|-71|-127|CG1358619|-71|-127|CG1358619|-71|-127|CG1358619|-71|-127|CG1358619|-71|-127|CG1358619|-71|-127|CG1358620|-71|-138|CG1358620|-71|-138|CG1358620|-71|-138|CG1358620|-71|-138|CG1358620|-71|-138|CG1358620|-71|-138|CG1358620|-71|-138|CG1358620|-71|-138|CG1358620|-71|-138|CG1358620|-71|-138|CG1358621|-71|-138|CG1358622|-71|-138|CG1358621|-71|-138|CG1358622|-71|-138|CG1358622|-71|-138|CG1358622|-71|-138|CG1358622|-71|-138|CG1358622|-71|-138|CG1358622|-71|-138|CG1358622|-71|-138
866|3|1|600|6|CG1358623|-70|-141|CG1358624|-68|-142|CG1358625|-64|-141|CG1358626|-71|-138|CG1358627|-69|-135|CG1358628|-69|-139
866|3|2|
866|3|3|400|6|CG1358623|-70|-141|CG1358624|-68|-142|CG1358625|-64|-141|CG1358626|-71|-138|CG1358627|-69|-135|CG1358628|-69|-139
866|3|4|
866|3|5|600|8|CG1358594|-71|-139|CG1358595|-74|-142|CG1358596|-77|-144|CG1358597|-79|-145|CG1358598|-81|-146|CG1358599|-65|-137|CG1358600|-59|-117|CG1358601|-61|-126
866|3|6|600|8|CG1358594|-71|-139|CG1358595|-74|-142|CG1358596|-77|-144|CG1358597|-79|-145|CG1358598|-81|-146|CG1358599|-65|-137|CG1358600|-59|-117|CG1358601|-61|-126
866|3|7|1000|6|CG1406531|-60|-95|CG1406532|-41|-89|CG1406533|-41|-95|CG1406534|-38|-96|CG1406535|-46|-96|CG1406536|-48|-95
866|3|8|500|2|CG1358610|-71|-140|CG1358611|-110|-127
866|3|9|1000|1|CG1358612|-70|-97
866|3|10|600|8|CG1358602|-71|-141|CG1358603|-61|-142|CG1358604|-55|-142|CG1358605|-49|-142|CG1358606|-62|-119|CG1358607|-59|-124|CG1358608|-59|-124|CG1358609|-59|-124
866|4|0|10000|65|CG1358648|-51|-144|CG1358649|-51|-144|CG1358650|-51|-144|CG1358651|-51|-144|CG1358652|-51|-144|CG1358653|-51|-143|CG1358648|-51|-144|CG1358649|-51|-144|CG1358650|-51|-144|CG1358651|-51|-144|CG1358652|-51|-144|CG1358653|-51|-143|CG1358648|-51|-144|CG1358649|-51|-144|CG1358650|-51|-144|CG1358651|-51|-144|CG1358652|-51|-144|CG1358653|-51|-143|CG1358648|-51|-144|CG1358649|-51|-144|CG1358650|-51|-144|CG1358651|-51|-144|CG1358652|-51|-144|CG1358653|-51|-143|CG1358648|-51|-144|CG1358649|-51|-144|CG1358650|-51|-144|CG1358651|-51|-144|CG1358652|-51|-144|CG1358653|-51|-143|CG1358648|-51|-144|CG1358648|-51|-144|CG1358648|-51|-144|CG1358648|-51|-144|CG1358648|-51|-144|CG1358654|-60|-142|CG1358654|-60|-142|CG1358654|-60|-142|CG1358654|-60|-142|CG1358654|-60|-142|CG1358654|-60|-142|CG1358654|-60|-142|CG1358654|-60|-142|CG1358654|-60|-142|CG1358654|-60|-142|CG1358655|-51|-139|CG1358655|-51|-139|CG1358655|-51|-139|CG1358655|-51|-139|CG1358655|-51|-139|CG1358655|-51|-139|CG1358655|-51|-139|CG1358655|-51|-139|CG1358655|-51|-139|CG1358655|-51|-139|CG1358656|-51|-139|CG1358657|-51|-139|CG1358656|-51|-139|CG1358657|-51|-139|CG1358657|-51|-139|CG1358657|-51|-139|CG1358657|-51|-139|CG1358657|-51|-139|CG1358657|-51|-139|CG1358657|-51|-139
866|4|1|600|6|CG1358658|-52|-135|CG1358659|-52|-137|CG1358660|-59|-136|CG1358661|-65|-131|CG1358662|-48|-134|CG1358663|-51|-134
866|4|2|
866|4|3|400|6|CG1358658|-52|-135|CG1358659|-52|-137|CG1358660|-59|-136|CG1358661|-65|-131|CG1358662|-48|-134|CG1358663|-51|-134
866|4|4|
866|4|5|600|8|CG1358629|-51|-146|CG1358630|-53|-147|CG1358631|-55|-149|CG1358632|-56|-149|CG1358633|-75|-151|CG1358634|-69|-139|CG1358635|-46|-134|CG1358636|-47|-136
866|4|6|600|8|CG1358629|-51|-146|CG1358630|-53|-147|CG1358631|-55|-149|CG1358632|-56|-149|CG1358633|-75|-151|CG1358634|-69|-139|CG1358635|-46|-134|CG1358636|-47|-136
866|4|7|1000|6|CG1406597|-49|-101|CG1406598|-42|-97|CG1406599|-38|-90|CG1406600|-36|-90|CG1406601|-43|-98|CG1406602|-47|-101
866|4|8|500|2|CG1358645|-51|-144|CG1358646|-80|-147
866|4|9|1000|1|CG1358647|-51|-75
866|4|10|600|8|CG1358637|-51|-143|CG1358638|-50|-142|CG1358639|-50|-139|CG1358640|-49|-137|CG1358641|-59|-97|CG1358642|-57|-103|CG1358643|-57|-103|CG1358644|-57|-103
866|5|0|10000|65|CG1358403|-31|-134|CG1358404|-30|-136|CG1358405|-30|-138|CG1358406|-30|-136|CG1358407|-31|-134|CG1358408|-34|-132|CG1358403|-31|-134|CG1358404|-30|-136|CG1358405|-30|-138|CG1358406|-30|-136|CG1358407|-31|-134|CG1358408|-34|-132|CG1358403|-31|-134|CG1358404|-30|-136|CG1358405|-30|-138|CG1358406|-30|-136|CG1358407|-31|-134|CG1358408|-34|-132|CG1358403|-31|-134|CG1358404|-30|-136|CG1358405|-30|-138|CG1358406|-30|-136|CG1358407|-31|-134|CG1358408|-34|-132|CG1358403|-31|-134|CG1358404|-30|-136|CG1358405|-30|-138|CG1358406|-30|-136|CG1358407|-31|-134|CG1358408|-34|-132|CG1358403|-31|-134|CG1358403|-31|-134|CG1358403|-31|-134|CG1358403|-31|-134|CG1358403|-31|-134|CG1358409|-58|-146|CG1358409|-58|-146|CG1358409|-58|-146|CG1358409|-58|-146|CG1358409|-58|-146|CG1358409|-58|-146|CG1358409|-58|-146|CG1358409|-58|-146|CG1358409|-58|-146|CG1358409|-58|-146|CG1358410|-34|-146|CG1358410|-34|-146|CG1358410|-34|-146|CG1358410|-34|-146|CG1358410|-34|-146|CG1358410|-34|-146|CG1358410|-34|-146|CG1358410|-34|-146|CG1358410|-34|-146|CG1358410|-34|-146|CG1358411|-34|-146|CG1358412|-34|-146|CG1358411|-34|-146|CG1358412|-34|-146|CG1358412|-34|-146|CG1358412|-34|-146|CG1358412|-34|-146|CG1358412|-34|-146|CG1358412|-34|-146|CG1358412|-34|-146
866|5|1|600|6|CG1358413|-46|-117|CG1358414|-52|-118|CG1358415|-57|-115|CG1358416|-61|-109|CG1358417|-36|-123|CG1358418|-39|-120
866|5|2|
866|5|3|400|6|CG1358413|-46|-117|CG1358414|-52|-118|CG1358415|-57|-115|CG1358416|-61|-109|CG1358417|-36|-123|CG1358418|-39|-120
866|5|4|
866|5|5|600|8|CG1358384|-31|-137|CG1358385|-43|-137|CG1358386|-52|-136|CG1358387|-58|-135|CG1358388|-60|-136|CG1358389|-61|-123|CG1358390|-60|-138|CG1358391|-33|-133
866|5|6|600|8|CG1358384|-31|-137|CG1358385|-43|-137|CG1358386|-52|-136|CG1358387|-58|-135|CG1358388|-60|-136|CG1358389|-61|-123|CG1358390|-60|-138|CG1358391|-33|-133
866|5|7|1000|6|CG1406135|-28|-91|CG1406136|-44|-91|CG1406137|-41|-76|CG1406138|-44|-74|CG1406139|-38|-83|CG1406140|-36|-86
866|5|8|500|2|CG1358400|-31|-134|CG1358401|-46|-149
866|5|9|1000|1|CG1358402|-61|-92
866|5|10|600|8|CG1358392|-39|-131|CG1358393|-46|-127|CG1358394|-52|-121|CG1358395|-57|-116|CG1358396|-37|-79|CG1358397|-35|-83|CG1358398|-35|-83|CG1358399|-35|-83
866|6|0|10000|65|CG1358438|-38|-142|CG1358439|-39|-143|CG1358440|-39|-143|CG1358441|-39|-143|CG1358442|-38|-142|CG1358443|-38|-142|CG1358438|-38|-142|CG1358439|-39|-143|CG1358440|-39|-143|CG1358441|-39|-143|CG1358442|-38|-142|CG1358443|-38|-142|CG1358438|-38|-142|CG1358439|-39|-143|CG1358440|-39|-143|CG1358441|-39|-143|CG1358442|-38|-142|CG1358443|-38|-142|CG1358438|-38|-142|CG1358439|-39|-143|CG1358440|-39|-143|CG1358441|-39|-143|CG1358442|-38|-142|CG1358443|-38|-142|CG1358438|-38|-142|CG1358439|-39|-143|CG1358440|-39|-143|CG1358441|-39|-143|CG1358442|-38|-142|CG1358443|-38|-142|CG1358438|-38|-142|CG1358438|-38|-142|CG1358438|-38|-142|CG1358438|-38|-142|CG1358438|-38|-142|CG1358444|-33|-137|CG1358444|-33|-137|CG1358444|-33|-137|CG1358444|-33|-137|CG1358444|-33|-137|CG1358444|-33|-137|CG1358444|-33|-137|CG1358444|-33|-137|CG1358444|-33|-137|CG1358444|-33|-137|CG1358445|-41|-141|CG1358445|-41|-141|CG1358445|-41|-141|CG1358445|-41|-141|CG1358445|-41|-141|CG1358445|-41|-141|CG1358445|-41|-141|CG1358445|-41|-141|CG1358445|-41|-141|CG1358445|-41|-141|CG1358446|-41|-141|CG1358447|-41|-141|CG1358446|-41|-141|CG1358447|-41|-141|CG1358447|-41|-141|CG1358447|-41|-141|CG1358447|-41|-141|CG1358447|-41|-141|CG1358447|-41|-141|CG1358447|-41|-141
866|6|1|600|6|CG1358448|-40|-133|CG1358449|-42|-135|CG1358450|-46|-134|CG1358451|-48|-130|CG1358452|-41|-133|CG1358453|-41|-133
866|6|2|
866|6|3|400|6|CG1358448|-40|-133|CG1358449|-42|-135|CG1358450|-46|-134|CG1358451|-48|-130|CG1358452|-41|-133|CG1358453|-41|-133
866|6|4|
866|6|5|600|8|CG1358419|-38|-144|CG1358420|-38|-146|CG1358421|-52|-147|CG1358422|-46|-147|CG1358423|-27|-149|CG1358424|-42|-137|CG1358425|-74|-133|CG1358426|-48|-135
866|6|6|600|8|CG1358419|-38|-144|CG1358420|-38|-146|CG1358421|-52|-147|CG1358422|-46|-147|CG1358423|-27|-149|CG1358424|-42|-137|CG1358425|-74|-133|CG1358426|-48|-135
866|6|7|1000|6|CG1406201|-25|-91|CG1406202|-32|-98|CG1406203|-57|-77|CG1406204|-61|-73|CG1406205|-43|-95|CG1406206|-25|-100
866|6|8|500|2|CG1358435|-38|-142|CG1358436|-52|-135
866|6|9|1000|1|CG1358437|-58|-113
866|6|10|600|8|CG1358427|-38|-141|CG1358428|-45|-140|CG1358429|-50|-138|CG1358430|-55|-135|CG1358431|-84|-96|CG1358432|-89|-101|CG1358433|-92|-101|CG1358434|-95|-101
866|7|0|10000|65|CG1358473|-46|-138|CG1358474|-46|-138|CG1358475|-47|-137|CG1358476|-46|-138|CG1358477|-46|-138|CG1358478|-45|-138|CG1358473|-46|-138|CG1358474|-46|-138|CG1358475|-47|-137|CG1358476|-46|-138|CG1358477|-46|-138|CG1358478|-45|-138|CG1358473|-46|-138|CG1358474|-46|-138|CG1358475|-47|-137|CG1358476|-46|-138|CG1358477|-46|-138|CG1358478|-45|-138|CG1358473|-46|-138|CG1358474|-46|-138|CG1358475|-47|-137|CG1358476|-46|-138|CG1358477|-46|-138|CG1358478|-45|-138|CG1358473|-46|-138|CG1358474|-46|-138|CG1358475|-47|-137|CG1358476|-46|-138|CG1358477|-46|-138|CG1358478|-45|-138|CG1358473|-46|-138|CG1358473|-46|-138|CG1358473|-46|-138|CG1358473|-46|-138|CG1358473|-46|-138|CG1358479|-43|-136|CG1358479|-43|-136|CG1358479|-43|-136|CG1358479|-43|-136|CG1358479|-43|-136|CG1358479|-43|-136|CG1358479|-43|-136|CG1358479|-43|-136|CG1358479|-43|-136|CG1358479|-43|-136|CG1358480|-42|-125|CG1358480|-42|-125|CG1358480|-42|-125|CG1358480|-42|-125|CG1358480|-42|-125|CG1358480|-42|-125|CG1358480|-42|-125|CG1358480|-42|-125|CG1358480|-42|-125|CG1358480|-42|-125|CG1358481|-42|-125|CG1358482|-42|-125|CG1358481|-42|-125|CG1358482|-42|-125|CG1358482|-42|-125|CG1358482|-42|-125|CG1358482|-42|-125|CG1358482|-42|-125|CG1358482|-42|-125|CG1358482|-42|-125
866|7|1|600|6|CG1358483|-48|-139|CG1358484|-51|-140|CG1358485|-56|-139|CG1358486|-59|-136|CG1358487|-50|-133|CG1358488|-49|-137
866|7|2|
866|7|3|400|6|CG1358483|-48|-139|CG1358484|-51|-140|CG1358485|-56|-139|CG1358486|-59|-136|CG1358487|-50|-133|CG1358488|-49|-137
866|7|4|
866|7|5|600|8|CG1358454|-48|-137|CG1358455|-43|-140|CG1358456|-37|-142|CG1358457|-34|-143|CG1358458|-29|-144|CG1358459|-51|-135|CG1358460|-71|-115|CG1358461|-63|-124
866|7|6|600|8|CG1358454|-48|-137|CG1358455|-43|-140|CG1358456|-37|-142|CG1358457|-34|-143|CG1358458|-29|-144|CG1358459|-51|-135|CG1358460|-71|-115|CG1358461|-63|-124
866|7|7|1000|6|CG1406267|-30|-67|CG1406268|-37|-85|CG1406269|-58|-92|CG1406270|-55|-91|CG1406271|-32|-96|CG1406272|-20|-95
866|7|8|500|2|CG1358470|-46|-138|CG1358471|-45|-103
866|7|9|1000|1|CG1358472|-55|-123
866|7|10|600|8|CG1358462|-46|-139|CG1358463|-55|-140|CG1358464|-61|-140|CG1358465|-67|-141|CG1358466|-125|-117|CG1358467|-132|-122|CG1358468|-136|-122|CG1358469|-137|-122
