867|0|0|5300|36|CG1358796|-63|-117|CG1358797|-63|-116|CG1358798|-64|-115|CG1358799|-65|-113|CG1358800|-65|-114|CG1358801|-65|-115|CG1358796|-63|-117|CG1358797|-63|-116|CG1358798|-64|-115|CG1358799|-65|-113|CG1358800|-65|-114|CG1358801|-65|-115|CG1358796|-63|-117|CG1358797|-63|-116|CG1358798|-64|-115|CG1358799|-65|-113|CG1358800|-65|-114|CG1358801|-65|-115|CG1358796|-63|-117|CG1358797|-63|-116|CG1358798|-64|-115|CG1358799|-65|-113|CG1358800|-65|-114|CG1358801|-65|-115|CG1358802|-63|-101|CG1358803|-63|-103|CG1358802|-63|-101|CG1358803|-63|-103|CG1358802|-63|-101|CG1358803|-63|-103|CG1358802|-63|-101|CG1358803|-63|-103|CG1358802|-63|-101|CG1358803|-63|-103|CG1358802|-63|-101|CG1358803|-63|-103
867|0|1|700|8|CG1358804|-58|-109|CG1358805|-58|-110|CG1358806|-59|-110|CG1358807|-60|-108|CG1358808|-62|-107|CG1358809|-61|-108|CG1358810|-60|-110|CG1358811|-59|-110
867|0|2|
867|0|3|400|8|CG1358804|-58|-109|CG1358805|-58|-110|CG1358806|-59|-110|CG1358807|-60|-108|CG1358808|-62|-107|CG1358809|-61|-108|CG1358810|-60|-110|CG1358811|-59|-110
867|0|4|
867|0|5|600|10|CG1358775|-68|-121|CG1358776|-70|-126|CG1358777|-63|-144|CG1358778|-51|-149|CG1358779|-29|-148|CG1358780|-28|-152|CG1358781|-91|-221|CG1358782|-119|-234|CG1358783|-143|-197|CG1358784|-109|-100
867|0|6|600|10|CG1358775|-68|-121|CG1358776|-70|-126|CG1358777|-63|-144|CG1358778|-51|-149|CG1358779|-29|-148|CG1358780|-28|-152|CG1358781|-91|-221|CG1358782|-119|-234|CG1358783|-143|-197|CG1358784|-109|-100
867|0|7|1000|6|CG1406333|-37|-61|CG1406334|-45|-75|CG1406335|-50|-105|CG1406336|-47|-109|CG1406337|-32|-98|CG1406338|-25|-90
867|0|8|200|2|CG1358793|-68|-117|CG1358794|-83|-138
867|0|9|1000|1|CG1358795|-60|-100
867|0|10|1800|18|CG1358785|-68|-117|CG1358786|-73|-121|CG1358787|-73|-120|CG1358788|-57|-121|CG1358789|-46|-65|CG1358790|-45|-65|CG1358791|-45|-65|CG1358791|-45|-65|CG1358791|-45|-65|CG1358792|-45|-65|CG1358791|-45|-65|CG1358792|-45|-65|CG1358791|-45|-65|CG1358792|-45|-65|CG1358791|-45|-65|CG1358792|-45|-65|CG1358791|-45|-65|CG1358792|-45|-65
867|1|0|5300|36|CG1358833|-43|-121|CG1358834|-43|-120|CG1358835|-43|-119|CG1358836|-43|-118|CG1358837|-43|-119|CG1358838|-43|-120|CG1358833|-43|-121|CG1358834|-43|-120|CG1358835|-43|-119|CG1358836|-43|-118|CG1358837|-43|-119|CG1358838|-43|-120|CG1358833|-43|-121|CG1358834|-43|-120|CG1358835|-43|-119|CG1358836|-43|-118|CG1358837|-43|-119|CG1358838|-43|-120|CG1358833|-43|-121|CG1358834|-43|-120|CG1358835|-43|-119|CG1358836|-43|-118|CG1358837|-43|-119|CG1358838|-43|-120|CG1358839|-43|-100|CG1358840|-43|-100|CG1358839|-43|-100|CG1358840|-43|-100|CG1358839|-43|-100|CG1358840|-43|-100|CG1358839|-43|-100|CG1358840|-43|-100|CG1358839|-43|-100|CG1358840|-43|-100|CG1358839|-43|-100|CG1358840|-43|-100
867|1|1|700|8|CG1358841|-42|-114|CG1358842|-43|-115|CG1358843|-43|-116|CG1358844|-44|-115|CG1358845|-45|-113|CG1358846|-45|-114|CG1358847|-46|-116|CG1358848|-44|-116
867|1|2|
867|1|3|400|8|CG1358841|-42|-114|CG1358842|-43|-115|CG1358843|-43|-116|CG1358844|-44|-115|CG1358845|-45|-113|CG1358846|-45|-114|CG1358847|-46|-116|CG1358848|-44|-116
867|1|4|
867|1|5|600|10|CG1358812|-43|-124|CG1358813|-43|-128|CG1358814|-43|-139|CG1358815|-47|-138|CG1358816|-44|-139|CG1358817|-44|-146|CG1358818|-61|-212|CG1358819|-75|-226|CG1358820|-64|-193|CG1358821|-33|-110
867|1|6|600|10|CG1358812|-43|-124|CG1358813|-43|-128|CG1358814|-43|-139|CG1358815|-47|-138|CG1358816|-44|-139|CG1358817|-44|-146|CG1358818|-61|-212|CG1358819|-75|-226|CG1358820|-64|-193|CG1358821|-33|-110
867|1|7|1000|6|CG1406399|-53|-65|CG1406400|-52|-71|CG1406401|-30|-90|CG1406402|-30|-95|CG1406403|-35|-82|CG1406404|-37|-74
867|1|8|200|2|CG1358830|-43|-121|CG1358831|-53|-149
867|1|9|1000|1|CG1358832|-43|-91
867|1|10|1800|18|CG1358822|-43|-121|CG1358823|-61|-124|CG1358824|-63|-119|CG1358825|-40|-113|CG1358826|-44|-52|CG1358827|-42|-53|CG1358828|-42|-53|CG1358828|-42|-53|CG1358828|-42|-53|CG1358829|-42|-53|CG1358828|-42|-53|CG1358829|-42|-53|CG1358828|-42|-53|CG1358829|-42|-53|CG1358828|-42|-53|CG1358829|-42|-53|CG1358828|-42|-53|CG1358829|-42|-53
867|2|0|5300|36|CG1358870|-71|-117|CG1358871|-70|-116|CG1358872|-70|-114|CG1358873|-70|-113|CG1358874|-71|-114|CG1358875|-73|-116|CG1358870|-71|-117|CG1358871|-70|-116|CG1358872|-70|-114|CG1358873|-70|-113|CG1358874|-71|-114|CG1358875|-73|-116|CG1358870|-71|-117|CG1358871|-70|-116|CG1358872|-70|-114|CG1358873|-70|-113|CG1358874|-71|-114|CG1358875|-73|-116|CG1358870|-71|-117|CG1358871|-70|-116|CG1358872|-70|-114|CG1358873|-70|-113|CG1358874|-71|-114|CG1358875|-73|-116|CG1358876|-58|-101|CG1358877|-59|-104|CG1358876|-58|-101|CG1358877|-59|-104|CG1358876|-58|-101|CG1358877|-59|-104|CG1358876|-58|-101|CG1358877|-59|-104|CG1358876|-58|-101|CG1358877|-59|-104|CG1358876|-58|-101|CG1358877|-59|-104
867|2|1|700|8|CG1358878|-74|-108|CG1358879|-73|-109|CG1358880|-73|-110|CG1358881|-75|-109|CG1358882|-81|-108|CG1358883|-73|-109|CG1358884|-73|-110|CG1358885|-74|-110
867|2|2|
867|2|3|400|8|CG1358878|-74|-108|CG1358879|-73|-109|CG1358880|-73|-110|CG1358881|-75|-109|CG1358882|-81|-108|CG1358883|-73|-109|CG1358884|-73|-110|CG1358885|-74|-110
867|2|4|
867|2|5|600|10|CG1358849|-71|-121|CG1358850|-78|-126|CG1358851|-87|-144|CG1358852|-96|-150|CG1358853|-108|-148|CG1358854|-110|-152|CG1358855|-70|-220|CG1358856|-59|-234|CG1358857|-51|-197|CG1358858|-51|-100
867|2|6|600|10|CG1358849|-71|-121|CG1358850|-78|-126|CG1358851|-87|-144|CG1358852|-96|-150|CG1358853|-108|-148|CG1358854|-110|-152|CG1358855|-70|-220|CG1358856|-59|-234|CG1358857|-51|-197|CG1358858|-51|-100
867|2|7|1000|6|CG1406465|-56|-87|CG1406466|-57|-80|CG1406467|-31|-101|CG1406468|-33|-104|CG1406469|-45|-94|CG1406470|-47|-90
867|2|8|200|2|CG1358867|-67|-117|CG1358868|-67|-154
867|2|9|1000|1|CG1358869|-72|-108
867|2|10|1800|18|CG1358859|-74|-117|CG1358860|-70|-117|CG1358861|-61|-111|CG1358862|-46|-109|CG1358863|-58|-29|CG1358864|-58|-30|CG1358865|-58|-30|CG1358865|-58|-30|CG1358865|-58|-30|CG1358866|-58|-30|CG1358865|-58|-30|CG1358866|-58|-30|CG1358865|-58|-30|CG1358866|-58|-30|CG1358865|-58|-30|CG1358866|-58|-30|CG1358865|-58|-30|CG1358866|-58|-30
867|3|0|5300|36|CG1358907|-92|-102|CG1358908|-91|-100|CG1358909|-91|-99|CG1358910|-91|-98|CG1358911|-91|-99|CG1358912|-92|-101|CG1358907|-92|-102|CG1358908|-91|-100|CG1358909|-91|-99|CG1358910|-91|-98|CG1358911|-91|-99|CG1358912|-92|-101|CG1358907|-92|-102|CG1358908|-91|-100|CG1358909|-91|-99|CG1358910|-91|-98|CG1358911|-91|-99|CG1358912|-92|-101|CG1358907|-92|-102|CG1358908|-91|-100|CG1358909|-91|-99|CG1358910|-91|-98|CG1358911|-91|-99|CG1358912|-92|-101|CG1358913|-72|-119|CG1358914|-69|-118|CG1358913|-72|-119|CG1358914|-69|-118|CG1358913|-72|-119|CG1358914|-69|-118|CG1358913|-72|-119|CG1358914|-69|-118|CG1358913|-72|-119|CG1358914|-69|-118|CG1358913|-72|-119|CG1358914|-69|-118
867|3|1|700|8|CG1358915|-90|-101|CG1358916|-92|-101|CG1358917|-93|-99|CG1358918|-92|-97|CG1358919|-91|-97|CG1358920|-92|-100|CG1358921|-93|-100|CG1358922|-92|-98
867|3|2|
867|3|3|400|8|CG1358915|-90|-101|CG1358916|-92|-101|CG1358917|-93|-99|CG1358918|-92|-97|CG1358919|-91|-97|CG1358920|-92|-100|CG1358921|-93|-100|CG1358922|-92|-98
867|3|4|
867|3|5|600|10|CG1358886|-91|-109|CG1358887|-97|-118|CG1358888|-104|-138|CG1358889|-111|-152|CG1358890|-120|-161|CG1358891|-119|-172|CG1358892|-92|-212|CG1358893|-59|-229|CG1358894|-57|-184|CG1358895|-57|-107
867|3|6|600|10|CG1358886|-91|-109|CG1358887|-97|-118|CG1358888|-104|-138|CG1358889|-111|-152|CG1358890|-120|-161|CG1358891|-119|-172|CG1358892|-92|-212|CG1358893|-59|-229|CG1358894|-57|-184|CG1358895|-57|-107
867|3|7|1000|6|CG1406531|-60|-95|CG1406532|-41|-89|CG1406533|-41|-95|CG1406534|-38|-96|CG1406535|-46|-96|CG1406536|-48|-95
867|3|8|200|2|CG1358904|-88|-102|CG1358905|-92|-143
867|3|9|1000|1|CG1358906|-82|-126
867|3|10|1800|18|CG1358896|-90|-102|CG1358897|-91|-102|CG1358898|-84|-95|CG1358899|-84|-105|CG1358900|-93|-24|CG1358901|-91|-24|CG1358902|-92|-24|CG1358902|-92|-24|CG1358902|-92|-24|CG1358903|-91|-24|CG1358902|-92|-24|CG1358903|-91|-24|CG1358902|-92|-24|CG1358903|-91|-24|CG1358902|-92|-24|CG1358903|-91|-24|CG1358902|-92|-24|CG1358903|-91|-24
867|4|0|5300|36|CG1358944|-63|-99|CG1358945|-63|-100|CG1358946|-64|-99|CG1358947|-64|-100|CG1358948|-63|-99|CG1358949|-64|-99|CG1358944|-63|-99|CG1358945|-63|-100|CG1358946|-64|-99|CG1358947|-64|-100|CG1358948|-63|-99|CG1358949|-64|-99|CG1358944|-63|-99|CG1358945|-63|-100|CG1358946|-64|-99|CG1358947|-64|-100|CG1358948|-63|-99|CG1358949|-64|-99|CG1358944|-63|-99|CG1358945|-63|-100|CG1358946|-64|-99|CG1358947|-64|-100|CG1358948|-63|-99|CG1358949|-64|-99|CG1358950|-58|-130|CG1358951|-58|-130|CG1358950|-58|-130|CG1358951|-58|-130|CG1358950|-58|-130|CG1358951|-58|-130|CG1358950|-58|-130|CG1358951|-58|-130|CG1358950|-58|-130|CG1358951|-58|-130|CG1358950|-58|-130|CG1358951|-58|-130
867|4|1|700|8|CG1358952|-77|-124|CG1358953|-67|-124|CG1358954|-67|-123|CG1358955|-68|-121|CG1358956|-67|-121|CG1358957|-67|-124|CG1358958|-67|-123|CG1358959|-68|-122
867|4|2|
867|4|3|400|8|CG1358952|-77|-124|CG1358953|-67|-124|CG1358954|-67|-123|CG1358955|-68|-121|CG1358956|-67|-121|CG1358957|-67|-124|CG1358958|-67|-123|CG1358959|-68|-122
867|4|4|
867|4|5|600|10|CG1358923|-63|-101|CG1358924|-70|-110|CG1358925|-78|-123|CG1358926|-86|-145|CG1358927|-96|-165|CG1358928|-98|-182|CG1358929|-65|-193|CG1358930|-60|-209|CG1358931|-50|-155|CG1358932|-50|-117
867|4|6|600|10|CG1358923|-63|-101|CG1358924|-70|-110|CG1358925|-78|-123|CG1358926|-86|-145|CG1358927|-96|-165|CG1358928|-98|-182|CG1358929|-65|-193|CG1358930|-60|-209|CG1358931|-50|-155|CG1358932|-50|-117
867|4|7|1000|6|CG1406597|-49|-101|CG1406598|-42|-97|CG1406599|-38|-90|CG1406600|-36|-90|CG1406601|-43|-98|CG1406602|-47|-101
867|4|8|200|2|CG1358941|-60|-110|CG1358942|-82|-136
867|4|9|1000|1|CG1358943|-61|-138
867|4|10|1800|18|CG1358933|-59|-104|CG1358934|-64|-115|CG1358935|-70|-118|CG1358936|-88|-112|CG1358937|-120|-40|CG1358938|-120|-41|CG1358939|-120|-41|CG1358939|-120|-41|CG1358939|-120|-41|CG1358940|-120|-41|CG1358939|-120|-41|CG1358940|-120|-41|CG1358939|-120|-41|CG1358940|-120|-41|CG1358939|-120|-41|CG1358940|-120|-41|CG1358939|-120|-41|CG1358940|-120|-41
867|5|0|5300|36|CG1358685|-39|-110|CG1358686|-39|-110|CG1358687|-39|-110|CG1358688|-39|-110|CG1358689|-39|-110|CG1358690|-39|-110|CG1358685|-39|-110|CG1358686|-39|-110|CG1358687|-39|-110|CG1358688|-39|-110|CG1358689|-39|-110|CG1358690|-39|-110|CG1358685|-39|-110|CG1358686|-39|-110|CG1358687|-39|-110|CG1358688|-39|-110|CG1358689|-39|-110|CG1358690|-39|-110|CG1358685|-39|-110|CG1358686|-39|-110|CG1358687|-39|-110|CG1358688|-39|-110|CG1358689|-39|-110|CG1358690|-39|-110|CG1358691|-39|-129|CG1358692|-39|-133|CG1358691|-39|-129|CG1358692|-39|-133|CG1358691|-39|-129|CG1358692|-39|-133|CG1358691|-39|-129|CG1358692|-39|-133|CG1358691|-39|-129|CG1358692|-39|-133|CG1358691|-39|-129|CG1358692|-39|-133
867|5|1|700|8|CG1358693|-38|-128|CG1358694|-40|-130|CG1358695|-42|-129|CG1358696|-41|-127|CG1358697|-40|-128|CG1358698|-40|-130|CG1358699|-39|-129|CG1358700|-39|-127
867|5|2|
867|5|3|400|8|CG1358693|-38|-128|CG1358694|-40|-130|CG1358695|-42|-129|CG1358696|-41|-127|CG1358697|-40|-128|CG1358698|-40|-130|CG1358699|-39|-129|CG1358700|-39|-127
867|5|4|
867|5|5|600|10|CG1358664|-39|-112|CG1358665|-40|-119|CG1358666|-41|-127|CG1358667|-48|-136|CG1358668|-40|-159|CG1358669|-40|-179|CG1358670|-69|-170|CG1358671|-80|-192|CG1358672|-77|-124|CG1358673|-30|-120
867|5|6|600|10|CG1358664|-39|-112|CG1358665|-40|-119|CG1358666|-41|-127|CG1358667|-48|-136|CG1358668|-40|-159|CG1358669|-40|-179|CG1358670|-69|-170|CG1358671|-80|-192|CG1358672|-77|-124|CG1358673|-30|-120
867|5|7|1000|6|CG1406135|-28|-91|CG1406136|-44|-91|CG1406137|-41|-76|CG1406138|-44|-74|CG1406139|-38|-83|CG1406140|-36|-86
867|5|8|200|2|CG1358682|-39|-120|CG1358683|-66|-140
867|5|9|1000|1|CG1358684|-39|-138
867|5|10|1800|18|CG1358674|-39|-113|CG1358675|-41|-124|CG1358676|-55|-127|CG1358677|-72|-130|CG1358678|-102|-61|CG1358679|-102|-61|CG1358680|-102|-61|CG1358680|-102|-61|CG1358680|-102|-61|CG1358681|-102|-61|CG1358680|-102|-61|CG1358681|-102|-61|CG1358680|-102|-61|CG1358681|-102|-61|CG1358680|-102|-61|CG1358681|-102|-61|CG1358680|-102|-61|CG1358681|-102|-61
867|6|0|5300|36|CG1358722|-69|-99|CG1358723|-70|-100|CG1358724|-71|-100|CG1358725|-71|-100|CG1358726|-70|-99|CG1358727|-69|-99|CG1358722|-69|-99|CG1358723|-70|-100|CG1358724|-71|-100|CG1358725|-71|-100|CG1358726|-70|-99|CG1358727|-69|-99|CG1358722|-69|-99|CG1358723|-70|-100|CG1358724|-71|-100|CG1358725|-71|-100|CG1358726|-70|-99|CG1358727|-69|-99|CG1358722|-69|-99|CG1358723|-70|-100|CG1358724|-71|-100|CG1358725|-71|-100|CG1358726|-70|-99|CG1358727|-69|-99|CG1358728|-67|-130|CG1358729|-66|-129|CG1358728|-67|-130|CG1358729|-66|-129|CG1358728|-67|-130|CG1358729|-66|-129|CG1358728|-67|-130|CG1358729|-66|-129|CG1358728|-67|-130|CG1358729|-66|-129|CG1358728|-67|-130|CG1358729|-66|-129
867|6|1|700|8|CG1358730|-67|-122|CG1358731|-66|-124|CG1358732|-65|-123|CG1358733|-64|-122|CG1358734|-62|-122|CG1358735|-63|-124|CG1358736|-64|-124|CG1358737|-66|-121
867|6|2|
867|6|3|400|8|CG1358730|-67|-122|CG1358731|-66|-124|CG1358732|-65|-123|CG1358733|-64|-122|CG1358734|-62|-122|CG1358735|-63|-124|CG1358736|-64|-124|CG1358737|-66|-121
867|6|4|
867|6|5|600|10|CG1358701|-73|-101|CG1358702|-73|-109|CG1358703|-64|-123|CG1358704|-49|-145|CG1358705|-28|-164|CG1358706|-28|-182|CG1358707|-91|-192|CG1358708|-134|-209|CG1358709|-165|-154|CG1358710|-129|-117
867|6|6|600|10|CG1358701|-73|-101|CG1358702|-73|-109|CG1358703|-64|-123|CG1358704|-49|-145|CG1358705|-28|-164|CG1358706|-28|-182|CG1358707|-91|-192|CG1358708|-134|-209|CG1358709|-165|-154|CG1358710|-129|-117
867|6|7|1000|6|CG1406201|-25|-91|CG1406202|-32|-98|CG1406203|-57|-77|CG1406204|-61|-73|CG1406205|-43|-95|CG1406206|-25|-100
867|6|8|200|2|CG1358719|-73|-110|CG1358720|-108|-129
867|6|9|1000|1|CG1358721|-75|-136
867|6|10|1800|18|CG1358711|-73|-100|CG1358712|-73|-113|CG1358713|-77|-122|CG1358714|-94|-132|CG1358715|-122|-72|CG1358716|-123|-70|CG1358717|-123|-71|CG1358717|-123|-71|CG1358717|-123|-71|CG1358718|-123|-70|CG1358717|-123|-71|CG1358718|-123|-70|CG1358717|-123|-71|CG1358718|-123|-70|CG1358717|-123|-71|CG1358718|-123|-70|CG1358717|-123|-71|CG1358718|-123|-70
867|7|0|5300|36|CG1358759|-81|-101|CG1358760|-82|-101|CG1358761|-83|-100|CG1358762|-84|-98|CG1358763|-83|-99|CG1358764|-82|-100|CG1358759|-81|-101|CG1358760|-82|-101|CG1358761|-83|-100|CG1358762|-84|-98|CG1358763|-83|-99|CG1358764|-82|-100|CG1358759|-81|-101|CG1358760|-82|-101|CG1358761|-83|-100|CG1358762|-84|-98|CG1358763|-83|-99|CG1358764|-82|-100|CG1358759|-81|-101|CG1358760|-82|-101|CG1358761|-83|-100|CG1358762|-84|-98|CG1358763|-83|-99|CG1358764|-82|-100|CG1358765|-85|-118|CG1358766|-85|-117|CG1358765|-85|-118|CG1358766|-85|-117|CG1358765|-85|-118|CG1358766|-85|-117|CG1358765|-85|-118|CG1358766|-85|-117|CG1358765|-85|-118|CG1358766|-85|-117|CG1358765|-85|-118|CG1358766|-85|-117
867|7|1|700|8|CG1358767|-79|-97|CG1358768|-79|-100|CG1358769|-79|-100|CG1358770|-80|-98|CG1358771|-81|-99|CG1358772|-81|-101|CG1358773|-79|-100|CG1358774|-78|-97
867|7|2|
867|7|3|400|8|CG1358767|-79|-97|CG1358768|-79|-100|CG1358769|-79|-100|CG1358770|-80|-98|CG1358771|-81|-99|CG1358772|-81|-101|CG1358773|-79|-100|CG1358774|-78|-97
867|7|4|
867|7|5|600|10|CG1358738|-81|-108|CG1358739|-72|-117|CG1358740|-54|-137|CG1358741|-37|-152|CG1358742|-22|-161|CG1358743|-18|-171|CG1358744|-68|-212|CG1358745|-155|-229|CG1358746|-173|-183|CG1358747|-150|-107
867|7|6|600|10|CG1358738|-81|-108|CG1358739|-72|-117|CG1358740|-54|-137|CG1358741|-37|-152|CG1358742|-22|-161|CG1358743|-18|-171|CG1358744|-68|-212|CG1358745|-155|-229|CG1358746|-173|-183|CG1358747|-150|-107
867|7|7|1000|6|CG1406267|-30|-67|CG1406268|-37|-85|CG1406269|-58|-92|CG1406270|-55|-91|CG1406271|-32|-96|CG1406272|-20|-95
867|7|8|200|2|CG1358756|-81|-101|CG1358757|-85|-122
867|7|9|1000|1|CG1358758|-92|-120
867|7|10|1800|18|CG1358748|-81|-101|CG1358749|-83|-107|CG1358750|-83|-110|CG1358751|-78|-126|CG1358752|-94|-63|CG1358753|-95|-63|CG1358754|-94|-63|CG1358754|-94|-63|CG1358754|-94|-63|CG1358755|-95|-63|CG1358754|-94|-63|CG1358755|-95|-63|CG1358754|-94|-63|CG1358755|-95|-63|CG1358754|-94|-63|CG1358755|-95|-63|CG1358754|-94|-63|CG1358755|-95|-63
