948|0|0|5000|41|CG1385731|-50|-83|CG1385732|-50|-84|CG1385733|-50|-84|CG1385734|-50|-83|CG1385735|-50|-83|CG1385736|-50|-84|CG1385737|-50|-84|CG1385736|-50|-84|CG1385735|-50|-83|CG1385736|-50|-84|CG1385737|-50|-84|CG1385736|-50|-84|CG1385735|-50|-83|CG1385736|-50|-84|CG1385737|-50|-84|CG1385736|-50|-84|CG1385735|-50|-83|CG1385732|-50|-84|CG1385733|-50|-84|CG1385734|-50|-83|CG1385735|-50|-83|CG1385736|-50|-84|CG1385737|-50|-84|CG1385736|-50|-84|CG1385735|-50|-83|CG1385736|-50|-84|CG1385737|-50|-84|CG1385738|-49|-84|CG1385738|-49|-84|CG1385739|-48|-83|CG1385739|-48|-83|CG1385740|-49|-82|CG1385740|-49|-82|CG1385741|-53|-83|CG1385741|-53|-83|CG1385742|-49|-83|CG1385742|-49|-83|CG1385735|-50|-83|CG1385736|-50|-84|CG1385737|-50|-84|CG1385736|-50|-84
948|0|1|300|8|CG1385743|-49|-82|CG1385744|-50|-82|CG1385745|-50|-83|CG1385746|-50|-83|CG1385747|-49|-83|CG1385748|-48|-82|CG1385749|-48|-83|CG1385750|-49|-82
948|0|2|
948|0|3|400|8|CG1385743|-49|-82|CG1385744|-50|-82|CG1385745|-50|-83|CG1385746|-50|-83|CG1385747|-49|-83|CG1385748|-48|-82|CG1385749|-48|-83|CG1385750|-49|-82
948|0|4|
948|0|5|1500|12|CG1385706|-49|-83|CG1385707|-39|-82|CG1385708|-45|-81|CG1385709|-48|-82|CG1385710|-47|-84|CG1385711|-47|-85|CG1385712|-50|-85|CG1385713|-54|-84|CG1385714|-59|-82|CG1385715|-65|-79|CG1385716|-63|-81|CG1385717|-52|-91
948|0|6|1500|12|CG1385706|-49|-83|CG1385707|-39|-82|CG1385708|-45|-81|CG1385709|-48|-82|CG1385710|-47|-84|CG1385711|-47|-85|CG1385712|-50|-85|CG1385713|-54|-84|CG1385714|-59|-82|CG1385715|-65|-79|CG1385716|-63|-81|CG1385717|-52|-91
948|0|7|1000|6|CG1406333|-37|-61|CG1406334|-45|-75|CG1406335|-50|-105|CG1406336|-47|-109|CG1406337|-32|-98|CG1406338|-25|-90
948|0|8|250|2|CG1385728|-30|-84|CG1385729|-28|-89
948|0|9|1500|1|CG1385730|-26|-75
948|0|10|1500|16|CG1385718|-49|-83|CG1385719|-61|-75|CG1385720|-61|-75|CG1385719|-61|-75|CG1385720|-61|-75|CG1385719|-61|-75|CG1385720|-61|-75|CG1385719|-61|-75|CG1385720|-61|-75|CG1385721|-84|-43|CG1385722|-92|-40|CG1385723|-92|-43|CG1385724|-92|-41|CG1385725|-91|-35|CG1385726|-90|-30|CG1385727|-91|-30
948|1|0|5000|41|CG1385776|-27|-82|CG1385777|-27|-83|CG1385778|-27|-83|CG1385779|-27|-83|CG1385780|-27|-82|CG1385781|-27|-83|CG1385782|-26|-83|CG1385781|-27|-83|CG1385780|-27|-82|CG1385781|-27|-83|CG1385782|-26|-83|CG1385781|-27|-83|CG1385780|-27|-82|CG1385781|-27|-83|CG1385782|-26|-83|CG1385781|-27|-83|CG1385780|-27|-82|CG1385777|-27|-83|CG1385778|-27|-83|CG1385779|-27|-83|CG1385780|-27|-82|CG1385781|-27|-83|CG1385782|-26|-83|CG1385781|-27|-83|CG1385780|-27|-82|CG1385781|-27|-83|CG1385782|-26|-83|CG1385783|-26|-83|CG1385783|-26|-83|CG1385784|-28|-83|CG1385784|-28|-83|CG1385785|-27|-81|CG1385785|-27|-81|CG1385786|-25|-83|CG1385786|-25|-83|CG1385787|-27|-82|CG1385787|-27|-82|CG1385780|-27|-82|CG1385781|-27|-83|CG1385782|-26|-83|CG1385781|-27|-83
948|1|1|300|8|CG1385788|-28|-81|CG1385789|-27|-81|CG1385790|-27|-81|CG1385791|-26|-81|CG1385792|-26|-81|CG1385793|-26|-81|CG1385794|-27|-82|CG1385795|-28|-81
948|1|2|
948|1|3|400|8|CG1385788|-28|-81|CG1385789|-27|-81|CG1385790|-27|-81|CG1385791|-26|-81|CG1385792|-26|-81|CG1385793|-26|-81|CG1385794|-27|-82|CG1385795|-28|-81
948|1|4|
948|1|5|1500|12|CG1385751|-27|-82|CG1385752|-19|-80|CG1385753|-20|-80|CG1385754|-20|-83|CG1385755|-24|-84|CG1385756|-26|-85|CG1385757|-24|-84|CG1385758|-22|-83|CG1385759|-24|-81|CG1385760|-24|-83|CG1385761|-24|-87|CG1385762|-25|-97
948|1|6|1500|12|CG1385751|-27|-82|CG1385752|-19|-80|CG1385753|-20|-80|CG1385754|-20|-83|CG1385755|-24|-84|CG1385756|-26|-85|CG1385757|-24|-84|CG1385758|-22|-83|CG1385759|-24|-81|CG1385760|-24|-83|CG1385761|-24|-87|CG1385762|-25|-97
948|1|7|1000|6|CG1406399|-53|-65|CG1406400|-52|-71|CG1406401|-30|-90|CG1406402|-30|-95|CG1406403|-35|-82|CG1406404|-37|-74
948|1|8|250|2|CG1385773|-25|-86|CG1385774|-23|-82
948|1|9|1500|1|CG1385775|-26|-69
948|1|10|1500|16|CG1385763|-27|-82|CG1385764|-47|-87|CG1385765|-47|-87|CG1385764|-47|-87|CG1385765|-47|-87|CG1385764|-47|-87|CG1385765|-47|-87|CG1385764|-47|-87|CG1385765|-47|-87|CG1385766|-83|-66|CG1385767|-87|-55|CG1385768|-87|-56|CG1385769|-82|-54|CG1385770|-80|-51|CG1385771|-80|-51|CG1385772|-80|-51
948|2|0|5000|41|CG1385821|-28|-84|CG1385822|-29|-84|CG1385823|-30|-84|CG1385824|-29|-84|CG1385825|-28|-84|CG1385826|-28|-84|CG1385827|-28|-84|CG1385826|-28|-84|CG1385825|-28|-84|CG1385826|-28|-84|CG1385827|-28|-84|CG1385826|-28|-84|CG1385825|-28|-84|CG1385826|-28|-84|CG1385827|-28|-84|CG1385826|-28|-84|CG1385825|-28|-84|CG1385822|-29|-84|CG1385823|-30|-84|CG1385824|-29|-84|CG1385825|-28|-84|CG1385826|-28|-84|CG1385827|-28|-84|CG1385826|-28|-84|CG1385825|-28|-84|CG1385826|-28|-84|CG1385827|-28|-84|CG1385828|-28|-84|CG1385828|-28|-84|CG1385829|-29|-84|CG1385829|-29|-84|CG1385830|-31|-83|CG1385830|-31|-83|CG1385831|-30|-83|CG1385831|-30|-83|CG1385832|-28|-84|CG1385832|-28|-84|CG1385825|-28|-84|CG1385826|-28|-84|CG1385827|-28|-84|CG1385826|-28|-84
948|2|1|300|8|CG1385833|-37|-83|CG1385834|-36|-82|CG1385835|-33|-82|CG1385836|-33|-82|CG1385837|-35|-82|CG1385838|-34|-83|CG1385839|-35|-84|CG1385840|-36|-83
948|2|2|
948|2|3|400|8|CG1385833|-37|-83|CG1385834|-36|-82|CG1385835|-33|-82|CG1385836|-33|-82|CG1385837|-35|-82|CG1385838|-34|-83|CG1385839|-35|-84|CG1385840|-36|-83
948|2|4|
948|2|5|1500|12|CG1385796|-28|-83|CG1385797|-30|-75|CG1385798|-28|-73|CG1385799|-27|-74|CG1385800|-26|-79|CG1385801|-26|-83|CG1385802|-29|-84|CG1385803|-33|-83|CG1385804|-36|-81|CG1385805|-36|-79|CG1385806|-36|-82|CG1385807|-32|-90
948|2|6|1500|12|CG1385796|-28|-83|CG1385797|-30|-75|CG1385798|-28|-73|CG1385799|-27|-74|CG1385800|-26|-79|CG1385801|-26|-83|CG1385802|-29|-84|CG1385803|-33|-83|CG1385804|-36|-81|CG1385805|-36|-79|CG1385806|-36|-82|CG1385807|-32|-90
948|2|7|1000|6|CG1406465|-56|-87|CG1406466|-57|-80|CG1406467|-31|-101|CG1406468|-33|-104|CG1406469|-45|-94|CG1406470|-47|-90
948|2|8|250|2|CG1385818|-64|-81|CG1385819|-60|-73
948|2|9|1500|1|CG1385820|-61|-76
948|2|10|1500|16|CG1385808|-28|-83|CG1385809|-40|-87|CG1385810|-40|-87|CG1385809|-40|-87|CG1385810|-40|-87|CG1385809|-40|-87|CG1385810|-40|-87|CG1385809|-40|-87|CG1385810|-40|-87|CG1385811|-62|-80|CG1385812|-66|-70|CG1385813|-62|-73|CG1385814|-70|-70|CG1385815|-73|-67|CG1385816|-71|-67|CG1385817|-70|-67
948|3|0|5000|41|CG1385866|-37|-77|CG1385867|-40|-77|CG1385868|-42|-77|CG1385869|-39|-77|CG1385870|-37|-77|CG1385871|-36|-77|CG1385872|-36|-77|CG1385871|-36|-77|CG1385870|-37|-77|CG1385871|-36|-77|CG1385872|-36|-77|CG1385871|-36|-77|CG1385870|-37|-77|CG1385871|-36|-77|CG1385872|-36|-77|CG1385871|-36|-77|CG1385870|-37|-77|CG1385867|-40|-77|CG1385868|-42|-77|CG1385869|-39|-77|CG1385870|-37|-77|CG1385871|-36|-77|CG1385872|-36|-77|CG1385871|-36|-77|CG1385870|-37|-77|CG1385871|-36|-77|CG1385872|-36|-77|CG1385873|-37|-77|CG1385873|-37|-77|CG1385874|-40|-77|CG1385874|-40|-77|CG1385875|-43|-77|CG1385875|-43|-77|CG1385876|-40|-77|CG1385876|-40|-77|CG1385877|-37|-77|CG1385877|-37|-77|CG1385870|-37|-77|CG1385871|-36|-77|CG1385872|-36|-77|CG1385871|-36|-77
948|3|1|300|8|CG1385878|-47|-77|CG1385879|-44|-77|CG1385880|-42|-77|CG1385881|-45|-77|CG1385882|-49|-77|CG1385883|-51|-77|CG1385884|-51|-78|CG1385885|-50|-78
948|3|2|
948|3|3|400|8|CG1385878|-47|-77|CG1385879|-44|-77|CG1385880|-42|-77|CG1385881|-45|-77|CG1385882|-49|-77|CG1385883|-51|-77|CG1385884|-51|-78|CG1385885|-50|-78
948|3|4|
948|3|5|1500|12|CG1385841|-37|-76|CG1385842|-38|-63|CG1385843|-36|-60|CG1385844|-36|-60|CG1385845|-39|-64|CG1385846|-41|-71|CG1385847|-47|-74|CG1385848|-50|-75|CG1385849|-48|-75|CG1385850|-43|-74|CG1385851|-39|-71|CG1385852|-37|-71
948|3|6|1500|12|CG1385841|-37|-76|CG1385842|-38|-63|CG1385843|-36|-60|CG1385844|-36|-60|CG1385845|-39|-64|CG1385846|-41|-71|CG1385847|-47|-74|CG1385848|-50|-75|CG1385849|-48|-75|CG1385850|-43|-74|CG1385851|-39|-71|CG1385852|-37|-71
948|3|7|1000|6|CG1406531|-60|-95|CG1406532|-41|-89|CG1406533|-41|-95|CG1406534|-38|-96|CG1406535|-46|-96|CG1406536|-48|-95
948|3|8|250|2|CG1385863|-64|-80|CG1385864|-62|-78
948|3|9|1500|1|CG1385865|-63|-86
948|3|10|1500|16|CG1385853|-37|-76|CG1385854|-58|-79|CG1385855|-59|-79|CG1385854|-58|-79|CG1385855|-59|-79|CG1385854|-58|-79|CG1385855|-59|-79|CG1385854|-58|-79|CG1385855|-59|-79|CG1385856|-49|-79|CG1385857|-54|-71|CG1385858|-50|-70|CG1385859|-59|-68|CG1385860|-60|-67|CG1385861|-58|-67|CG1385862|-58|-67
948|4|0|5000|41|CG1385911|-27|-65|CG1385912|-28|-65|CG1385913|-30|-65|CG1385914|-28|-65|CG1385915|-27|-65|CG1385916|-27|-65|CG1385917|-27|-65|CG1385916|-27|-65|CG1385915|-27|-65|CG1385916|-27|-65|CG1385917|-27|-65|CG1385916|-27|-65|CG1385915|-27|-65|CG1385916|-27|-65|CG1385917|-27|-65|CG1385916|-27|-65|CG1385915|-27|-65|CG1385912|-28|-65|CG1385913|-30|-65|CG1385914|-28|-65|CG1385915|-27|-65|CG1385916|-27|-65|CG1385917|-27|-65|CG1385916|-27|-65|CG1385915|-27|-65|CG1385916|-27|-65|CG1385917|-27|-65|CG1385918|-27|-65|CG1385918|-27|-65|CG1385919|-29|-65|CG1385919|-29|-65|CG1385920|-31|-66|CG1385920|-31|-66|CG1385921|-29|-66|CG1385921|-29|-66|CG1385922|-27|-65|CG1385922|-27|-65|CG1385915|-27|-65|CG1385916|-27|-65|CG1385917|-27|-65|CG1385916|-27|-65
948|4|1|300|8|CG1385923|-32|-67|CG1385924|-35|-67|CG1385925|-35|-67|CG1385926|-31|-67|CG1385927|-36|-67|CG1385928|-38|-67|CG1385929|-38|-67|CG1385930|-35|-67
948|4|2|
948|4|3|400|8|CG1385923|-32|-67|CG1385924|-35|-67|CG1385925|-35|-67|CG1385926|-31|-67|CG1385927|-36|-67|CG1385928|-38|-67|CG1385929|-38|-67|CG1385930|-35|-67
948|4|4|
948|4|5|1500|12|CG1385886|-27|-64|CG1385887|-29|-53|CG1385888|-28|-53|CG1385889|-29|-53|CG1385890|-32|-53|CG1385891|-35|-54|CG1385892|-39|-61|CG1385893|-39|-64|CG1385894|-33|-65|CG1385895|-27|-66|CG1385896|-25|-66|CG1385897|-25|-64
948|4|6|1500|12|CG1385886|-27|-64|CG1385887|-29|-53|CG1385888|-28|-53|CG1385889|-29|-53|CG1385890|-32|-53|CG1385891|-35|-54|CG1385892|-39|-61|CG1385893|-39|-64|CG1385894|-33|-65|CG1385895|-27|-66|CG1385896|-25|-66|CG1385897|-25|-64
948|4|7|1000|6|CG1406597|-49|-101|CG1406598|-42|-97|CG1406599|-38|-90|CG1406600|-36|-90|CG1406601|-43|-98|CG1406602|-47|-101
948|4|8|250|2|CG1385908|-33|-77|CG1385909|-44|-85
948|4|9|1500|1|CG1385910|-37|-93
948|4|10|1500|16|CG1385898|-27|-64|CG1385899|-46|-74|CG1385900|-46|-74|CG1385899|-46|-74|CG1385900|-46|-74|CG1385899|-46|-74|CG1385900|-46|-74|CG1385899|-46|-74|CG1385900|-46|-74|CG1385901|-20|-66|CG1385902|-17|-57|CG1385903|-16|-60|CG1385904|-18|-57|CG1385905|-18|-55|CG1385906|-18|-55|CG1385907|-18|-55
948|5|0|5000|41|CG1385596|-27|-56|CG1385597|-28|-56|CG1385598|-28|-55|CG1385599|-27|-56|CG1385600|-27|-56|CG1385601|-27|-56|CG1385602|-27|-56|CG1385601|-27|-56|CG1385600|-27|-56|CG1385601|-27|-56|CG1385602|-27|-56|CG1385601|-27|-56|CG1385600|-27|-56|CG1385601|-27|-56|CG1385602|-27|-56|CG1385601|-27|-56|CG1385600|-27|-56|CG1385597|-28|-56|CG1385598|-28|-55|CG1385599|-27|-56|CG1385600|-27|-56|CG1385601|-27|-56|CG1385602|-27|-56|CG1385601|-27|-56|CG1385600|-27|-56|CG1385601|-27|-56|CG1385602|-27|-56|CG1385603|-27|-56|CG1385603|-27|-56|CG1385604|-25|-57|CG1385604|-25|-57|CG1385605|-26|-57|CG1385605|-26|-57|CG1385606|-28|-57|CG1385606|-28|-57|CG1385607|-27|-56|CG1385607|-27|-56|CG1385600|-27|-56|CG1385601|-27|-56|CG1385602|-27|-56|CG1385601|-27|-56
948|5|1|300|8|CG1385608|-27|-58|CG1385609|-27|-58|CG1385610|-27|-59|CG1385611|-27|-59|CG1385612|-28|-59|CG1385613|-28|-59|CG1385614|-27|-59|CG1385615|-27|-58
948|5|2|
948|5|3|400|8|CG1385608|-27|-58|CG1385609|-27|-58|CG1385610|-27|-59|CG1385611|-27|-59|CG1385612|-28|-59|CG1385613|-28|-59|CG1385614|-27|-59|CG1385615|-27|-58
948|5|4|
948|5|5|1500|12|CG1385571|-27|-55|CG1385572|-30|-56|CG1385573|-31|-55|CG1385574|-30|-54|CG1385575|-27|-54|CG1385576|-31|-54|CG1385577|-29|-54|CG1385578|-26|-55|CG1385579|-28|-58|CG1385580|-31|-60|CG1385581|-31|-61|CG1385582|-24|-60
948|5|6|1500|12|CG1385571|-27|-55|CG1385572|-30|-56|CG1385573|-31|-55|CG1385574|-30|-54|CG1385575|-27|-54|CG1385576|-31|-54|CG1385577|-29|-54|CG1385578|-26|-55|CG1385579|-28|-58|CG1385580|-31|-60|CG1385581|-31|-61|CG1385582|-24|-60
948|5|7|1000|6|CG1406135|-28|-91|CG1406136|-44|-91|CG1406137|-41|-76|CG1406138|-44|-74|CG1406139|-38|-83|CG1406140|-36|-86
948|5|8|250|2|CG1385593|-34|-75|CG1385594|-45|-89
948|5|9|1500|1|CG1385595|-29|-92
948|5|10|1500|16|CG1385583|-27|-55|CG1385584|-26|-75|CG1385585|-26|-75|CG1385584|-26|-75|CG1385585|-26|-75|CG1385584|-26|-75|CG1385585|-26|-75|CG1385584|-26|-75|CG1385585|-26|-75|CG1385586|-1|-62|CG1385587|2|-50|CG1385588|4|-57|CG1385589|1|-47|CG1385590|0|-41|CG1385591|0|-41|CG1385592|0|-41
948|6|0|5000|41|CG1385641|-52|-65|CG1385642|-52|-64|CG1385643|-52|-64|CG1385644|-52|-64|CG1385645|-52|-65|CG1385646|-52|-65|CG1385647|-52|-65|CG1385646|-52|-65|CG1385645|-52|-65|CG1385646|-52|-65|CG1385647|-52|-65|CG1385646|-52|-65|CG1385645|-52|-65|CG1385646|-52|-65|CG1385647|-52|-65|CG1385646|-52|-65|CG1385645|-52|-65|CG1385642|-52|-64|CG1385643|-52|-64|CG1385644|-52|-64|CG1385645|-52|-65|CG1385646|-52|-65|CG1385647|-52|-65|CG1385646|-52|-65|CG1385645|-52|-65|CG1385646|-52|-65|CG1385647|-52|-65|CG1385648|-51|-65|CG1385648|-51|-65|CG1385649|-55|-65|CG1385649|-55|-65|CG1385650|-51|-66|CG1385650|-51|-66|CG1385651|-51|-64|CG1385651|-51|-64|CG1385652|-51|-65|CG1385652|-51|-65|CG1385645|-52|-65|CG1385646|-52|-65|CG1385647|-52|-65|CG1385646|-52|-65
948|6|1|300|8|CG1385653|-50|-66|CG1385654|-50|-66|CG1385655|-50|-66|CG1385656|-50|-66|CG1385657|-51|-66|CG1385658|-51|-67|CG1385659|-51|-67|CG1385660|-51|-66
948|6|2|
948|6|3|400|8|CG1385653|-50|-66|CG1385654|-50|-66|CG1385655|-50|-66|CG1385656|-50|-66|CG1385657|-51|-66|CG1385658|-51|-67|CG1385659|-51|-67|CG1385660|-51|-66
948|6|4|
948|6|5|1500|12|CG1385616|-52|-64|CG1385617|-52|-60|CG1385618|-52|-57|CG1385619|-53|-56|CG1385620|-54|-57|CG1385621|-55|-57|CG1385622|-53|-61|CG1385623|-53|-63|CG1385624|-53|-64|CG1385625|-60|-65|CG1385626|-66|-65|CG1385627|-61|-61
948|6|6|1500|12|CG1385616|-52|-64|CG1385617|-52|-60|CG1385618|-52|-57|CG1385619|-53|-56|CG1385620|-54|-57|CG1385621|-55|-57|CG1385622|-53|-61|CG1385623|-53|-63|CG1385624|-53|-64|CG1385625|-60|-65|CG1385626|-66|-65|CG1385627|-61|-61
948|6|7|1000|6|CG1406201|-25|-91|CG1406202|-32|-98|CG1406203|-57|-77|CG1406204|-61|-73|CG1406205|-43|-95|CG1406206|-25|-100
948|6|8|250|2|CG1385638|-49|-80|CG1385639|-44|-87
948|6|9|1500|1|CG1385640|-24|-91
948|6|10|1500|16|CG1385628|-52|-64|CG1385629|-37|-70|CG1385630|-37|-70|CG1385629|-37|-70|CG1385630|-37|-70|CG1385629|-37|-70|CG1385630|-37|-70|CG1385629|-37|-70|CG1385630|-37|-70|CG1385631|-17|-44|CG1385632|-16|-41|CG1385633|-16|-46|CG1385634|-17|-40|CG1385635|-17|-28|CG1385636|-17|-28|CG1385637|-17|-28
948|7|0|5000|41|CG1385686|-62|-76|CG1385687|-62|-76|CG1385688|-63|-76|CG1385689|-62|-76|CG1385690|-62|-76|CG1385691|-62|-76|CG1385692|-62|-77|CG1385691|-62|-76|CG1385690|-62|-76|CG1385691|-62|-76|CG1385692|-62|-77|CG1385691|-62|-76|CG1385690|-62|-76|CG1385691|-62|-76|CG1385692|-62|-77|CG1385691|-62|-76|CG1385690|-62|-76|CG1385687|-62|-76|CG1385688|-63|-76|CG1385689|-62|-76|CG1385690|-62|-76|CG1385691|-62|-76|CG1385692|-62|-77|CG1385691|-62|-76|CG1385690|-62|-76|CG1385691|-62|-76|CG1385692|-62|-77|CG1385693|-62|-76|CG1385693|-62|-76|CG1385694|-62|-76|CG1385694|-62|-76|CG1385695|-63|-76|CG1385695|-63|-76|CG1385696|-62|-76|CG1385696|-62|-76|CG1385697|-62|-76|CG1385697|-62|-76|CG1385690|-62|-76|CG1385691|-62|-76|CG1385692|-62|-77|CG1385691|-62|-76
948|7|1|300|8|CG1385698|-62|-76|CG1385699|-62|-76|CG1385700|-62|-76|CG1385701|-62|-76|CG1385702|-62|-77|CG1385703|-62|-77|CG1385704|-62|-77|CG1385705|-62|-76
948|7|2|
948|7|3|400|8|CG1385698|-62|-76|CG1385699|-62|-76|CG1385700|-62|-76|CG1385701|-62|-76|CG1385702|-62|-77|CG1385703|-62|-77|CG1385704|-62|-77|CG1385705|-62|-76
948|7|4|
948|7|5|1500|12|CG1385661|-62|-75|CG1385662|-52|-73|CG1385663|-56|-70|CG1385664|-59|-69|CG1385665|-57|-71|CG1385666|-61|-74|CG1385667|-63|-75|CG1385668|-64|-76|CG1385669|-66|-76|CG1385670|-75|-75|CG1385671|-81|-72|CG1385672|-67|-73
948|7|6|1500|12|CG1385661|-62|-75|CG1385662|-52|-73|CG1385663|-56|-70|CG1385664|-59|-69|CG1385665|-57|-71|CG1385666|-61|-74|CG1385667|-63|-75|CG1385668|-64|-76|CG1385669|-66|-76|CG1385670|-75|-75|CG1385671|-81|-72|CG1385672|-67|-73
948|7|7|1000|6|CG1406267|-30|-67|CG1406268|-37|-85|CG1406269|-58|-92|CG1406270|-55|-91|CG1406271|-32|-96|CG1406272|-20|-95
948|7|8|250|2|CG1385683|-47|-81|CG1385684|-35|-91
948|7|9|1500|1|CG1385685|-16|-86
948|7|10|1500|16|CG1385673|-62|-75|CG1385674|-59|-62|CG1385675|-59|-62|CG1385674|-59|-62|CG1385675|-59|-62|CG1385674|-59|-62|CG1385675|-59|-62|CG1385674|-59|-62|CG1385675|-59|-62|CG1385676|-60|-26|CG1385677|-70|-30|CG1385678|-68|-35|CG1385679|-70|-30|CG1385680|-70|-25|CG1385681|-71|-21|CG1385682|-71|-21
