0|0|0|1000|8|CG3000585|-34|-84|CG3000586|-35|-84|CG3000587|-35|-83|CG3000588|-36|-83|CG3000589|-35|-83|CG3000590|-35|-83|CG3000591|-34|-83|CG3000592|-33|-83
0|0|1|1000|8|CG3000593|-37|-89|CG3000594|-31|-94|CG3000595|-29|-90|CG3000596|-30|-85|CG3000597|-29|-90|CG3000598|-31|-94|CG3000599|-37|-89|CG3000600|-41|-81
0|0|2|
0|0|3|1000|8|CG3000542|-20|-74|CG3000543|-5|-78|CG3000544|-25|-89|CG3000545|-45|-102|CG3000546|-47|-105|CG3000547|-49|-103|CG3000548|-45|-95|CG3000549|-33|-75
0|0|4|
0|0|5|1000|8|CG3000534|-34|-90|CG3000535|-29|-96|CG3000536|-13|-95|CG3000537|-76|-131|CG3000538|-65|-104|CG3000539|-49|-84|CG3000540|-35|-83|CG3000541|-33|-83
0|0|6|1000|12|CG3000573|-33|-88|CG3000577|-31|-95|CG3000578|-48|-108|CG3000579|-43|-137|CG3000580|-32|-163|CG3000581|-32|-174|CG3000582|-31|-181|CG3000583|-30|-186|CG3000584|-28|-102|CG3000574|-38|-73|CG3000575|-36|-73|CG3000576|-33|-83
0|0|7|
0|0|8|1000|2|CG3000570|-36|-78|CG3000571|-7|-63
0|0|9|1000|1|CG3000572|-28|-71
0|0|10|1000|20|CG3000550|-30|-78|CG3000561|-29|-83|CG3000563|-29|-96|CG3000564|-32|-102|CG3000565|-33|-102|CG3000566|-39|-99|CG3000567|-65|-105|CG3000568|-83|-79|CG3000569|-92|-65|CG3000551|-90|-63|CG3000552|-88|-64|CG3000553|-90|-67|CG3000554|-93|-69|CG3000555|-92|-70|CG3000556|-91|-71|CG3000557|-92|-71|CG3000558|-92|-70|CG3000559|-92|-69|CG3000560|-92|-68|CG3000562|-92|-67
0|1|0|1000|8|CG3000652|-32|-81|CG3000653|-33|-81|CG3000654|-34|-81|CG3000655|-34|-80|CG3000656|-34|-80|CG3000657|-33|-80|CG3000658|-32|-81|CG3000659|-32|-81
0|1|1|1000|8|CG3000660|-38|-89|CG3000661|-30|-92|CG3000662|-26|-88|CG3000663|-26|-82|CG3000664|-26|-88|CG3000665|-29|-92|CG3000666|-37|-89|CG3000667|-42|-82
0|1|2|
0|1|3|1000|8|CG3000609|-33|-72|CG3000610|-32|-74|CG3000611|-31|-86|CG3000612|-29|-100|CG3000613|-29|-104|CG3000614|-30|-103|CG3000615|-36|-96|CG3000616|-32|-75
0|1|4|
0|1|5|1000|8|CG3000601|-33|-90|CG3000602|-35|-95|CG3000603|-33|-93|CG3000604|-29|-134|CG3000605|-28|-107|CG3000606|-34|-83|CG3000607|-33|-82|CG3000608|-32|-81
0|1|6|1000|12|CG3000640|-32|-86|CG3000644|-48|-94|CG3000645|-53|-113|CG3000646|-32|-144|CG3000647|-32|-157|CG3000648|-32|-163|CG3000649|-30|-172|CG3000650|-29|-180|CG3000651|-27|-100|CG3000641|-36|-73|CG3000642|-34|-73|CG3000643|-32|-81
0|1|7|
0|1|8|1000|2|CG3000637|-32|-78|CG3000638|-32|-58
0|1|9|1000|1|CG3000639|-28|-71
0|1|10|1000|20|CG3000617|-32|-78|CG3000628|-28|-81|CG3000630|-22|-91|CG3000631|-16|-93|CG3000632|-13|-93|CG3000633|-17|-94|CG3000634|-27|-112|CG3000635|-60|-93|CG3000636|-107|-74|CG3000618|-114|-73|CG3000619|-108|-74|CG3000620|-106|-74|CG3000621|-104|-75|CG3000622|-104|-77|CG3000623|-104|-77|CG3000624|-104|-76|CG3000625|-104|-75|CG3000626|-104|-74|CG3000627|-103|-74|CG3000629|-102|-74
0|2|0|1000|8|CG3000719|-40|-78|CG3000720|-41|-78|CG3000721|-42|-78|CG3000722|-43|-77|CG3000723|-42|-77|CG3000724|-41|-77|CG3000725|-40|-77|CG3000726|-40|-78
0|2|1|1000|8|CG3000727|-42|-87|CG3000728|-38|-90|CG3000729|-40|-84|CG3000730|-43|-79|CG3000731|-39|-84|CG3000732|-38|-90|CG3000733|-42|-87|CG3000734|-46|-81
0|2|2|
0|2|3|1000|8|CG3000676|-55|-75|CG3000677|-68|-80|CG3000678|-58|-89|CG3000679|-46|-98|CG3000680|-40|-101|CG3000681|-38|-101|CG3000682|-40|-92|CG3000683|-41|-76
0|2|4|
0|2|5|1000|8|CG3000668|-38|-89|CG3000669|-41|-96|CG3000670|-59|-95|CG3000671|-5|-125|CG3000672|-14|-100|CG3000673|-31|-80|CG3000674|-37|-77|CG3000675|-39|-78
0|2|6|1000|12|CG3000707|-52|-83|CG3000711|-58|-94|CG3000712|-32|-124|CG3000713|-33|-141|CG3000714|-33|-144|CG3000715|-30|-154|CG3000716|-29|-169|CG3000717|-28|-178|CG3000718|-32|-104|CG3000708|-40|-75|CG3000709|-40|-73|CG3000710|-40|-78
0|2|7|
0|2|8|1000|2|CG3000704|-37|-78|CG3000705|-83|-66
0|2|9|1000|1|CG3000706|-47|-71
0|2|10|1000|20|CG3000684|-43|-79|CG3000695|-30|-81|CG3000697|-22|-85|CG3000698|-11|-86|CG3000699|-3|-82|CG3000700|-2|-86|CG3000701|-7|-106|CG3000702|-18|-102|CG3000703|-68|-75|CG3000685|-75|-77|CG3000686|-72|-76|CG3000687|-70|-74|CG3000688|-71|-75|CG3000689|-71|-73|CG3000690|-71|-71|CG3000691|-71|-71|CG3000692|-71|-73|CG3000693|-71|-74|CG3000694|-71|-74|CG3000696|-71|-74
0|3|0|1000|8|CG3000786|-51|-78|CG3000787|-53|-78|CG3000788|-55|-77|CG3000789|-56|-77|CG3000790|-55|-77|CG3000791|-53|-77|CG3000792|-51|-78|CG3000793|-48|-79
0|3|1|1000|8|CG3000794|-47|-89|CG3000795|-45|-90|CG3000796|-48|-83|CG3000797|-53|-78|CG3000798|-48|-83|CG3000799|-45|-90|CG3000800|-47|-89|CG3000801|-53|-84
0|3|2|
0|3|3|1000|8|CG3000743|-70|-83|CG3000744|-89|-92|CG3000745|-77|-97|CG3000746|-60|-99|CG3000747|-54|-100|CG3000748|-48|-97|CG3000749|-51|-87|CG3000750|-51|-78
0|3|4|
0|3|5|1000|8|CG3000735|-50|-90|CG3000736|-53|-98|CG3000737|-72|-100|CG3000738|-4|-108|CG3000739|-12|-91|CG3000740|-34|-78|CG3000741|-45|-77|CG3000742|-48|-79
0|3|6|1000|12|CG3000774|-57|-84|CG3000778|-38|-96|CG3000779|-33|-125|CG3000780|-33|-128|CG3000781|-31|-141|CG3000782|-29|-154|CG3000783|-40|-172|CG3000784|-34|-183|CG3000785|-33|-111|CG3000775|-49|-77|CG3000776|-47|-76|CG3000777|-48|-79
0|3|7|
0|3|8|1000|2|CG3000771|-51|-78|CG3000772|-111|-88
0|3|9|1000|1|CG3000773|-62|-70
0|3|10|1000|20|CG3000751|-56|-81|CG3000762|-53|-81|CG3000764|-54|-77|CG3000765|-18|-84|CG3000766|-14|-75|CG3000767|-8|-77|CG3000768|-2|-89|CG3000769|-2|-97|CG3000770|-11|-76|CG3000752|-13|-70|CG3000753|-9|-69|CG3000754|-9|-68|CG3000755|-7|-64|CG3000756|-5|-62|CG3000757|-4|-62|CG3000758|-4|-62|CG3000759|-4|-63|CG3000760|-5|-65|CG3000761|-6|-67|CG3000763|-6|-67
0|4|0|1000|8|CG3000853|-39|-80|CG3000854|-40|-79|CG3000855|-40|-79|CG3000856|-41|-78|CG3000857|-40|-78|CG3000858|-40|-79|CG3000859|-39|-80|CG3000860|-38|-81
0|4|1|1000|8|CG3000861|-34|-89|CG3000862|-37|-92|CG3000863|-41|-85|CG3000864|-43|-79|CG3000865|-41|-85|CG3000866|-37|-92|CG3000867|-34|-89|CG3000868|-35|-84
0|4|2|
0|4|3|1000|8|CG3000810|-53|-91|CG3000811|-66|-106|CG3000812|-53|-105|CG3000813|-43|-100|CG3000814|-40|-99|CG3000815|-35|-95|CG3000816|-34|-85|CG3000817|-40|-81
0|4|4|
0|4|5|1000|8|CG3000802|-38|-92|CG3000803|-43|-101|CG3000804|-61|-105|CG3000805|-5|-93|CG3000806|-14|-82|CG3000807|-31|-76|CG3000808|-36|-77|CG3000809|-38|-81
0|4|6|1000|12|CG3000841|-33|-86|CG3000845|-33|-100|CG3000846|-33|-115|CG3000847|-33|-125|CG3000848|-30|-141|CG3000849|-47|-158|CG3000850|-47|-181|CG3000851|-34|-192|CG3000852|-28|-118|CG3000842|-39|-80|CG3000843|-39|-80|CG3000844|-38|-81
0|4|7|
0|4|8|1000|2|CG3000838|-38|-78|CG3000839|-76|-107
0|4|9|1000|1|CG3000840|-46|-77
0|4|10|1000|20|CG3000818|-46|-85|CG3000829|-56|-83|CG3000831|-63|-79|CG3000832|-34|-89|CG3000833|-33|-76|CG3000834|-27|-75|CG3000835|-16|-73|CG3000836|-7|-84|CG3000837|-1|-66|CG3000819|0|-61|CG3000820|0|-60|CG3000821|-3|-59|CG3000822|-7|-56|CG3000823|-11|-54|CG3000824|-12|-54|CG3000825|-11|-54|CG3000826|-9|-55|CG3000827|-6|-56|CG3000828|-4|-58|CG3000830|-4|-59
0|5|0|1000|8|CG3000920|-33|-82|CG3000921|-34|-82|CG3000922|-34|-81|CG3000923|-35|-81|CG3000924|-34|-81|CG3000925|-34|-81|CG3000926|-33|-82|CG3000927|-33|-83
0|5|1|1000|8|CG3000928|-27|-90|CG3000929|-30|-94|CG3000930|-38|-89|CG3000931|-43|-86|CG3000932|-38|-89|CG3000933|-30|-94|CG3000934|-27|-90|CG3000935|-27|-82
0|5|2|
0|5|3|1000|8|CG3000877|-34|-94|CG3000878|-33|-111|CG3000879|-31|-108|CG3000880|-30|-101|CG3000881|-30|-100|CG3000882|-31|-96|CG3000883|-37|-85|CG3000884|-33|-81
0|5|4|
0|5|5|1000|8|CG3000869|-34|-93|CG3000870|-36|-101|CG3000871|-34|-111|CG3000872|-27|-89|CG3000873|-29|-79|CG3000874|-36|-76|CG3000875|-34|-78|CG3000876|-33|-83
0|5|6|1000|12|CG3000908|-33|-86|CG3000912|-34|-94|CG3000913|-33|-109|CG3000914|-31|-125|CG3000915|-43|-139|CG3000916|-48|-169|CG3000917|-30|-189|CG3000918|-30|-198|CG3000919|-27|-119|CG3000909|-37|-79|CG3000910|-35|-81|CG3000911|-33|-83
0|5|7|
0|5|8|1000|2|CG3000905|-33|-77|CG3000906|-33|-112
0|5|9|1000|1|CG3000907|-29|-80
0|5|10|1000|20|CG3000885|-33|-86|CG3000896|-37|-87|CG3000898|-45|-91|CG3000899|-56|-98|CG3000900|-61|-85|CG3000901|-57|-78|CG3000902|-39|-68|CG3000903|-26|-70|CG3000904|-16|-53|CG3000886|-13|-54|CG3000887|-15|-53|CG3000888|-20|-52|CG3000889|-26|-51|CG3000890|-32|-50|CG3000891|-34|-51|CG3000892|-33|-51|CG3000893|-30|-51|CG3000894|-25|-51|CG3000895|-22|-52|CG3000897|-21|-52
0|6|0|1000|8|CG3000987|-35|-82|CG3000988|-35|-84|CG3000989|-36|-83|CG3000990|-36|-83|CG3000991|-36|-82|CG3000992|-35|-82|CG3000993|-35|-82|CG3000994|-34|-82
0|6|1|1000|8|CG3000995|-30|-88|CG3000996|-31|-93|CG3000997|-38|-93|CG3000998|-42|-89|CG3000999|-38|-93|CG3001000|-31|-93|CG3001001|-30|-88|CG3001002|-31|-80
0|6|2|
0|6|3|1000|8|CG3000944|-21|-89|CG3000945|-5|-104|CG3000946|-26|-104|CG3000947|-46|-100|CG3000948|-48|-103|CG3000949|-49|-98|CG3000950|-46|-88|CG3000951|-34|-79
0|6|4|
0|6|5|1000|8|CG3000936|-35|-91|CG3000937|-30|-99|CG3000938|-12|-105|CG3000939|-77|-98|CG3000940|-66|-82|CG3000941|-50|-77|CG3000942|-36|-82|CG3000943|-34|-82
0|6|6|1000|12|CG3000975|-34|-86|CG3000979|-34|-96|CG3000980|-32|-109|CG3000981|-35|-124|CG3000982|-52|-147|CG3000983|-31|-179|CG3000984|-31|-193|CG3000985|-31|-198|CG3000986|-29|-116|CG3000976|-38|-78|CG3000977|-36|-78|CG3000978|-34|-82
0|6|7|
0|6|8|1000|2|CG3000972|-37|-78|CG3000973|-7|-101
0|6|9|1000|1|CG3000974|-28|-73
0|6|10|1000|20|CG3000952|-30|-83|CG3000963|-35|-88|CG3000965|-44|-95|CG3000966|-72|-105|CG3000967|-87|-96|CG3000968|-92|-89|CG3000969|-77|-78|CG3000970|-49|-63|CG3000971|-39|-51|CG3000953|-34|-50|CG3000954|-37|-51|CG3000955|-44|-52|CG3000956|-53|-53|CG3000957|-61|-54|CG3000958|-62|-55|CG3000959|-59|-55|CG3000960|-53|-54|CG3000961|-49|-53|CG3000962|-45|-52|CG3000964|-44|-52
0|7|0|1000|8|CG3001054|-34|-84|CG3001055|-35|-85|CG3001056|-35|-85|CG3001057|-36|-84|CG3001058|-35|-83|CG3001059|-35|-83|CG3001060|-34|-83|CG3001061|-34|-83
0|7|1|1000|8|CG3001062|-33|-88|CG3001063|-31|-94|CG3001064|-34|-91|CG3001065|-37|-87|CG3001066|-34|-91|CG3001067|-31|-94|CG3001068|-33|-88|CG3001069|-36|-81
0|7|2|
0|7|3|1000|8|CG3001011|-14|-82|CG3001012|7|-91|CG3001013|-22|-95|CG3001014|-52|-102|CG3001015|-55|-105|CG3001016|-56|-102|CG3001017|-49|-91|CG3001018|-34|-77
0|7|4|
0|7|5|1000|8|CG3001003|-33|-91|CG3001004|-27|-98|CG3001005|-8|-100|CG3001006|-97|-116|CG3001007|-80|-93|CG3001008|-55|-79|CG3001009|-35|-81|CG3001010|-34|-83
0|7|6|1000|12|CG3001042|-34|-86|CG3001046|-33|-97|CG3001047|-31|-108|CG3001048|-50|-123|CG3001049|-32|-159|CG3001050|-32|-181|CG3001051|-31|-190|CG3001052|-31|-194|CG3001053|-33|-108|CG3001043|-38|-74|CG3001044|-36|-75|CG3001045|-34|-83
0|7|7|
0|7|8|1000|2|CG3001039|-37|-77|CG3001040|5|-79
0|7|9|1000|1|CG3001041|-27|-70
0|7|10|1000|20|CG3001019|-29|-80|CG3001030|-30|-86|CG3001032|-37|-97|CG3001033|-60|-106|CG3001034|-74|-103|CG3001035|-83|-97|CG3001036|-89|-93|CG3001037|-82|-67|CG3001038|-61|-56|CG3001020|-63|-54|CG3001021|-65|-55|CG3001022|-66|-58|CG3001023|-66|-60|CG3001024|-63|-62|CG3001025|-60|-64|CG3001026|-60|-63|CG3001027|-61|-62|CG3001028|-62|-60|CG3001029|-63|-58|CG3001031|-63|-58
