2|0|0|1000|9|CG3007062|-30|-74|CG3007063|-30|-73|CG3007064|-31|-72|CG3007065|-31|-72|CG3007066|-32|-72|CG3007067|-31|-72|CG3007068|-31|-72|CG3007069|-30|-73|CG3007070|-30|-74
2|0|1|1000|8|CG3007071|-37|-70|CG3007072|-33|-79|CG3007073|-27|-84|CG3007074|-26|-79|CG3007075|-27|-73|CG3007076|-26|-79|CG3007077|-27|-84|CG3007078|-34|-79
2|0|2|
2|0|3|1000|8|CG3007017|-30|-77|CG3007018|-16|-75|CG3007019|-1|-79|CG3007020|-22|-86|CG3007021|-43|-92|CG3007022|-45|-90|CG3007023|-45|-90|CG3007024|-41|-83
2|0|4|
2|0|5|1000|9|CG3007008|-30|-74|CG3007009|-30|-89|CG3007010|-25|-95|CG3007011|-4|-98|CG3007012|-73|-116|CG3007013|-62|-99|CG3007014|-45|-86|CG3007015|-31|-75|CG3007016|-30|-74
2|0|6|1000|13|CG3007049|-30|-74|CG3007054|-30|-82|CG3007055|-30|-95|CG3007056|-48|-109|CG3007057|-43|-137|CG3007058|-29|-163|CG3007059|-28|-173|CG3007060|-28|-179|CG3007061|-27|-185|CG3007050|-25|-116|CG3007051|-34|-92|CG3007052|-32|-73|CG3007053|-30|-74
2|0|7|
2|0|8|1000|2|CG3007046|-31|-81|CG3007047|-1|-53
2|0|9|1000|1|CG3007048|-25|-59
2|0|10|1000|21|CG3007025|-30|-74|CG3007036|-27|-71|CG3007039|-25|-74|CG3007040|-25|-92|CG3007041|-29|-102|CG3007042|-30|-102|CG3007043|-35|-99|CG3007044|-63|-105|CG3007045|-85|-79|CG3007026|-88|-61|CG3007027|-89|-59|CG3007028|-85|-61|CG3007029|-83|-64|CG3007030|-83|-66|CG3007031|-87|-69|CG3007032|-99|-70|CG3007033|-98|-69|CG3007034|-97|-68|CG3007035|-94|-66|CG3007037|-95|-64|CG3007038|-94|-64
2|1|0|1000|9|CG3007133|-30|-71|CG3007134|-30|-70|CG3007135|-31|-69|CG3007136|-31|-69|CG3007137|-32|-69|CG3007138|-31|-69|CG3007139|-31|-70|CG3007140|-30|-71|CG3007141|-30|-71
2|1|1|1000|8|CG3007142|-39|-71|CG3007143|-34|-78|CG3007144|-28|-82|CG3007145|-24|-76|CG3007146|-24|-69|CG3007147|-24|-76|CG3007148|-28|-82|CG3007149|-34|-78
2|1|2|
2|1|3|1000|8|CG3007088|-30|-75|CG3007089|-31|-71|CG3007090|-30|-72|CG3007091|-29|-83|CG3007092|-27|-90|CG3007093|-27|-89|CG3007094|-28|-87|CG3007095|-33|-83
2|1|4|
2|1|5|1000|9|CG3007079|-30|-71|CG3007080|-31|-87|CG3007081|-32|-94|CG3007082|-31|-96|CG3007083|-24|-120|CG3007084|-26|-102|CG3007085|-32|-82|CG3007086|-31|-73|CG3007087|-30|-71
2|1|6|1000|13|CG3007120|-30|-71|CG3007125|-30|-81|CG3007126|-48|-95|CG3007127|-53|-114|CG3007128|-29|-144|CG3007129|-29|-157|CG3007130|-29|-164|CG3007131|-28|-173|CG3007132|-27|-183|CG3007121|-25|-118|CG3007122|-33|-90|CG3007123|-32|-71|CG3007124|-30|-71
2|1|7|
2|1|8|1000|2|CG3007117|-30|-81|CG3007118|-30|-43
2|1|9|1000|1|CG3007119|-27|-58
2|1|10|1000|21|CG3007096|-30|-71|CG3007107|-30|-70|CG3007110|-26|-70|CG3007111|-21|-87|CG3007112|-15|-93|CG3007113|-12|-93|CG3007114|-15|-94|CG3007115|-25|-112|CG3007116|-60|-93|CG3007097|-108|-69|CG3007098|-114|-67|CG3007099|-108|-68|CG3007100|-106|-71|CG3007101|-104|-72|CG3007102|-104|-72|CG3007103|-104|-72|CG3007104|-104|-72|CG3007105|-104|-72|CG3007106|-104|-72|CG3007108|-103|-71|CG3007109|-103|-71
2|2|0|1000|9|CG3007204|-40|-73|CG3007205|-40|-72|CG3007206|-41|-71|CG3007207|-42|-70|CG3007208|-43|-70|CG3007209|-42|-71|CG3007210|-41|-71|CG3007211|-40|-72|CG3007212|-40|-73
2|2|1|1000|8|CG3007213|-46|-75|CG3007214|-42|-82|CG3007215|-38|-84|CG3007216|-40|-76|CG3007217|-43|-70|CG3007218|-40|-76|CG3007219|-38|-84|CG3007220|-42|-82
2|2|2|
2|2|3|1000|8|CG3007159|-41|-76|CG3007160|-55|-75|CG3007161|-68|-78|CG3007162|-57|-86|CG3007163|-45|-92|CG3007164|-40|-90|CG3007165|-38|-90|CG3007166|-40|-83
2|2|4|
2|2|5|1000|9|CG3007150|-40|-73|CG3007151|-38|-88|CG3007152|-42|-94|CG3007153|-58|-97|CG3007154|-5|-114|CG3007155|-11|-98|CG3007156|-31|-82|CG3007157|-37|-73|CG3007158|-40|-73
2|2|6|1000|13|CG3007191|-40|-73|CG3007196|-52|-82|CG3007197|-58|-95|CG3007198|-30|-124|CG3007199|-29|-141|CG3007200|-29|-150|CG3007201|-28|-160|CG3007202|-28|-166|CG3007203|-27|-177|CG3007192|-29|-114|CG3007193|-40|-91|CG3007194|-41|-72|CG3007195|-40|-73
2|2|7|
2|2|8|1000|2|CG3007188|-37|-80|CG3007189|-89|-53
2|2|9|1000|1|CG3007190|-46|-58
2|2|10|1000|21|CG3007167|-40|-73|CG3007178|-43|-74|CG3007181|-29|-70|CG3007182|-22|-82|CG3007183|-10|-86|CG3007184|-4|-82|CG3007185|-4|-85|CG3007186|-8|-106|CG3007187|-18|-102|CG3007168|-68|-73|CG3007169|-75|-71|CG3007170|-72|-71|CG3007171|-70|-72|CG3007172|-71|-70|CG3007173|-71|-69|CG3007174|-71|-69|CG3007175|-71|-69|CG3007176|-71|-70|CG3007177|-71|-71|CG3007179|-71|-71|CG3007180|-71|-72
2|3|0|1000|9|CG3007275|-48|-77|CG3007276|-51|-76|CG3007277|-53|-76|CG3007278|-55|-75|CG3007279|-56|-75|CG3007280|-55|-75|CG3007281|-53|-76|CG3007282|-51|-76|CG3007283|-48|-77
2|3|1|1000|8|CG3007284|-53|-81|CG3007285|-47|-87|CG3007286|-45|-89|CG3007287|-49|-81|CG3007288|-53|-74|CG3007289|-49|-81|CG3007290|-45|-89|CG3007291|-47|-87
2|3|2|
2|3|3|1000|8|CG3007230|-51|-79|CG3007231|-70|-84|CG3007232|-89|-93|CG3007233|-75|-96|CG3007234|-58|-96|CG3007235|-54|-93|CG3007236|-48|-97|CG3007237|-51|-85
2|3|4|
2|3|5|1000|9|CG3007221|-48|-77|CG3007222|-50|-91|CG3007223|-55|-94|CG3007224|-73|-101|CG3007225|-5|-102|CG3007226|-8|-94|CG3007227|-34|-88|CG3007228|-46|-76|CG3007229|-48|-77
2|3|6|1000|13|CG3007262|-48|-77|CG3007267|-57|-85|CG3007268|-38|-97|CG3007269|-30|-125|CG3007270|-29|-132|CG3007271|-29|-146|CG3007272|-29|-155|CG3007273|-41|-170|CG3007274|-35|-180|CG3007263|-31|-115|CG3007264|-49|-94|CG3007265|-48|-79|CG3007266|-48|-77
2|3|7|
2|3|8|1000|2|CG3007259|-51|-79|CG3007260|-111|-75
2|3|9|1000|1|CG3007261|-62|-66
2|3|10|1000|21|CG3007238|-48|-77|CG3007249|-56|-81|CG3007252|-53|-76|CG3007253|-54|-81|CG3007254|-17|-84|CG3007255|-12|-75|CG3007256|-8|-78|CG3007257|-2|-89|CG3007258|-3|-97|CG3007239|-11|-76|CG3007240|-13|-70|CG3007241|-9|-67|CG3007242|-9|-66|CG3007243|-7|-63|CG3007244|-5|-61|CG3007245|-4|-60|CG3007246|-4|-61|CG3007247|-4|-62|CG3007248|-5|-64|CG3007250|-6|-65|CG3007251|-6|-66
2|4|0|1000|9|CG3007346|-38|-83|CG3007347|-39|-82|CG3007348|-40|-82|CG3007349|-40|-81|CG3007350|-41|-81|CG3007351|-41|-81|CG3007352|-40|-81|CG3007353|-39|-82|CG3007354|-38|-83
2|4|1|1000|8|CG3007355|-35|-85|CG3007356|-34|-92|CG3007357|-37|-95|CG3007358|-41|-87|CG3007359|-43|-81|CG3007360|-41|-87|CG3007361|-37|-95|CG3007362|-34|-92
2|4|2|
2|4|3|1000|8|CG3007301|-40|-83|CG3007302|-54|-93|CG3007303|-66|-108|CG3007304|-52|-107|CG3007305|-42|-102|CG3007306|-40|-102|CG3007307|-35|-104|CG3007308|-34|-92
2|4|4|
2|4|5|1000|9|CG3007292|-38|-83|CG3007293|-38|-94|CG3007294|-41|-96|CG3007295|-59|-107|CG3007296|-7|-91|CG3007297|-12|-94|CG3007298|-31|-94|CG3007299|-37|-85|CG3007300|-38|-83
2|4|6|1000|13|CG3007333|-38|-83|CG3007338|-33|-88|CG3007339|-30|-100|CG3007340|-29|-115|CG3007341|-29|-130|CG3007342|-29|-143|CG3007343|-47|-157|CG3007344|-47|-179|CG3007345|-34|-189|CG3007334|-29|-120|CG3007335|-39|-97|CG3007336|-39|-89|CG3007337|-38|-83
2|4|7|
2|4|8|1000|2|CG3007330|-38|-79|CG3007331|-76|-103
2|4|9|1000|1|CG3007332|-46|-74
2|4|10|1000|21|CG3007309|-38|-83|CG3007320|-47|-88|CG3007323|-56|-85|CG3007324|-64|-83|CG3007325|-32|-89|CG3007326|-30|-76|CG3007327|-24|-75|CG3007328|-14|-73|CG3007329|-6|-84|CG3007310|-2|-66|CG3007311|-2|-59|CG3007312|-2|-58|CG3007313|-3|-57|CG3007314|-5|-55|CG3007315|-9|-53|CG3007316|-11|-53|CG3007317|-9|-53|CG3007318|-7|-54|CG3007319|-5|-55|CG3007321|-4|-56|CG3007322|-3|-57
2|5|0|1000|9|CG3007417|-30|-86|CG3007418|-30|-86|CG3007419|-31|-85|CG3007420|-31|-85|CG3007421|-32|-84|CG3007422|-31|-84|CG3007423|-31|-84|CG3007424|-30|-85|CG3007425|-30|-86
2|5|1|1000|8|CG3007426|-24|-85|CG3007427|-24|-93|CG3007428|-28|-97|CG3007429|-34|-90|CG3007430|-39|-84|CG3007431|-34|-90|CG3007432|-28|-97|CG3007433|-24|-93
2|5|2|
2|5|3|1000|8|CG3007372|-30|-85|CG3007373|-31|-97|CG3007374|-30|-114|CG3007375|-29|-111|CG3007376|-27|-104|CG3007377|-27|-107|CG3007378|-28|-107|CG3007379|-33|-95
2|5|4|
2|5|5|1000|9|CG3007363|-30|-86|CG3007364|-31|-96|CG3007365|-32|-97|CG3007366|-31|-111|CG3007367|-25|-87|CG3007368|-26|-94|CG3007369|-33|-98|CG3007370|-31|-90|CG3007371|-30|-86
2|5|6|1000|13|CG3007404|-30|-86|CG3007409|-30|-90|CG3007410|-30|-99|CG3007411|-30|-113|CG3007412|-29|-129|CG3007413|-43|-140|CG3007414|-48|-168|CG3007415|-28|-187|CG3007416|-27|-196|CG3007405|-25|-123|CG3007406|-33|-99|CG3007407|-31|-95|CG3007408|-30|-86
2|5|7|
2|5|8|1000|2|CG3007401|-30|-79|CG3007402|-30|-111
2|5|9|1000|1|CG3007403|-27|-77
2|5|10|1000|21|CG3007380|-30|-86|CG3007391|-30|-90|CG3007394|-34|-90|CG3007395|-44|-91|CG3007396|-46|-98|CG3007397|-58|-85|CG3007398|-49|-78|CG3007399|-34|-68|CG3007400|-23|-70|CG3007381|-14|-51|CG3007382|-11|-51|CG3007383|-13|-51|CG3007384|-18|-51|CG3007385|-23|-50|CG3007386|-29|-49|CG3007387|-31|-50|CG3007388|-29|-50|CG3007389|-26|-50|CG3007390|-22|-50|CG3007392|-19|-50|CG3007393|-18|-51
2|6|0|1000|9|CG3007488|-30|-85|CG3007489|-30|-84|CG3007490|-31|-84|CG3007491|-31|-83|CG3007492|-32|-83|CG3007493|-31|-83|CG3007494|-31|-83|CG3007495|-30|-84|CG3007496|-30|-84
2|6|1|1000|8|CG3007497|-27|-81|CG3007498|-26|-89|CG3007499|-27|-94|CG3007500|-33|-88|CG3007501|-37|-82|CG3007502|-33|-88|CG3007503|-27|-94|CG3007504|-26|-89
2|6|2|
2|6|3|1000|8|CG3007443|-30|-83|CG3007444|-16|-94|CG3007445|-1|-108|CG3007446|-22|-107|CG3007447|-43|-102|CG3007448|-45|-104|CG3007449|-46|-104|CG3007450|-41|-92
2|6|4|
2|6|5|1000|9|CG3007434|-30|-85|CG3007435|-30|-96|CG3007436|-25|-97|CG3007437|-4|-108|CG3007438|-74|-93|CG3007439|-63|-96|CG3007440|-45|-97|CG3007441|-31|-88|CG3007442|-30|-85
2|6|6|1000|13|CG3007475|-30|-85|CG3007480|-30|-88|CG3007481|-30|-98|CG3007482|-30|-112|CG3007483|-35|-126|CG3007484|-52|-147|CG3007485|-28|-178|CG3007486|-28|-191|CG3007487|-28|-196|CG3007476|-28|-120|CG3007477|-34|-99|CG3007478|-32|-92|CG3007479|-30|-85
2|6|7|
2|6|8|1000|2|CG3007472|-31|-80|CG3007473|-1|-99
2|6|9|1000|1|CG3007474|-26|-72
2|6|10|1000|21|CG3007451|-30|-84|CG3007462|-27|-86|CG3007465|-30|-89|CG3007466|-38|-95|CG3007467|-60|-105|CG3007468|-76|-96|CG3007469|-81|-89|CG3007470|-70|-78|CG3007471|-44|-63|CG3007452|-35|-49|CG3007453|-31|-48|CG3007454|-33|-48|CG3007455|-38|-50|CG3007456|-45|-51|CG3007457|-49|-52|CG3007458|-51|-53|CG3007459|-50|-53|CG3007460|-47|-52|CG3007461|-44|-51|CG3007463|-41|-50|CG3007464|-39|-50
2|7|0|1000|9|CG3007559|-30|-79|CG3007560|-30|-79|CG3007561|-31|-78|CG3007562|-31|-78|CG3007563|-32|-77|CG3007564|-31|-77|CG3007565|-31|-78|CG3007566|-30|-79|CG3007567|-30|-79
2|7|1|1000|8|CG3007568|-32|-75|CG3007569|-30|-83|CG3007570|-28|-89|CG3007571|-30|-84|CG3007572|-32|-78|CG3007573|-30|-84|CG3007574|-28|-89|CG3007575|-30|-83
2|7|2|
2|7|3|1000|8|CG3007514|-30|-80|CG3007515|-10|-84|CG3007516|11|-93|CG3007517|-19|-97|CG3007518|-50|-97|CG3007519|-52|-94|CG3007520|-52|-97|CG3007521|-44|-84
2|7|4|
2|7|5|1000|9|CG3007505|-30|-79|CG3007506|-29|-92|CG3007507|-21|-96|CG3007508|4|-103|CG3007509|-93|-105|CG3007510|-77|-98|CG3007511|-50|-92|CG3007512|-31|-79|CG3007513|-30|-79
2|7|6|1000|13|CG3007546|-30|-79|CG3007551|-30|-85|CG3007552|-30|-97|CG3007553|-30|-111|CG3007554|-50|-124|CG3007555|-32|-159|CG3007556|-29|-180|CG3007557|-28|-187|CG3007558|-27|-191|CG3007547|-33|-114|CG3007548|-33|-96|CG3007549|-31|-82|CG3007550|-30|-79
2|7|7|
2|7|8|1000|2|CG3007543|-31|-81|CG3007544|10|-78
2|7|9|1000|1|CG3007545|-24|-63
2|7|10|1000|21|CG3007522|-30|-79|CG3007533|-25|-78|CG3007536|-27|-82|CG3007537|-32|-94|CG3007538|-48|-106|CG3007539|-62|-103|CG3007540|-73|-97|CG3007541|-91|-93|CG3007542|-82|-67|CG3007523|-58|-53|CG3007524|-53|-51|CG3007525|-53|-52|CG3007526|-57|-55|CG3007527|-61|-58|CG3007528|-62|-60|CG3007529|-67|-61|CG3007530|-67|-61|CG3007531|-69|-59|CG3007532|-66|-57|CG3007534|-68|-56|CG3007535|-60|-55
